$f
 [1] 2523.533 1850.540 1471.719 1471.484 1454.238 1386.934 1380.689 1368.748 1305.080 1256.571 1232.115 1224.366 1224.269 1221.630 1220.455 1219.802 1216.753 1213.847 1209.365 1208.056 1208.009 1207.380 1206.700 1205.944 1205.944

$x
           [,1]     [,2]      [,3]     [,4]     [,5]     [,6]     [,7]     [,8]     [,9]    [,10]
xbest  7.922265 194.7625 0.2662477 20.33412 284.2536 35.75574 36.41550 6.336836 9.622911 4.148574
xbest 32.294648 119.0403 0.2697286 22.64494 286.2014 27.13548 24.00000 7.086348 7.797083 4.742011
xbest 28.794648 139.1959 0.4094238 21.13326 286.2109 27.13548 24.28406 7.286348 8.115536 4.490695
xbest 29.334305 123.6531 0.2604552 21.97265 286.2720 28.09119 24.29140 7.408363 7.519883 4.564978
xbest 29.334305 123.6531 0.1704552 21.99023 286.2720 28.11619 24.29140 7.405238 7.501133 4.564978
xbest 23.878965 119.9789 0.7829692 21.60319 286.3361 31.68827 24.54467 6.951846 8.659228 1.528686
xbest 23.878965 119.9789 0.7351512 21.60319 286.3361 31.68827 24.54467 6.951846 8.684228 1.528686
xbest 26.749151 126.6024 0.5884206 21.16386 286.3646 31.62815 24.39908 7.650930 7.441826 3.475907
xbest 26.749151 126.5926 0.5884206 21.87285 286.3647 31.62815 24.23658 7.650930 7.491826 3.475907
xbest 26.852562 149.0441 0.5468967 20.75447 286.3618 31.43856 24.35341 7.630252 7.063484 3.428141
xbest 26.853182 136.2029 0.5566748 21.05659 286.3647 31.43584 24.38882 7.629888 7.322158 3.444162
xbest 26.853182 136.2029 0.6016748 21.05659 286.3647 31.43584 24.38882 7.629888 7.322158 3.444162
xbest 27.664694 126.5793 0.6662309 21.24706 286.3308 28.73565 24.72398 6.751584 8.148031 1.630897
xbest 27.664694 126.5793 0.7730949 21.24706 286.3308 28.73565 24.72398 6.751584 8.198031 1.630897
xbest 27.623674 126.8388 0.7338549 21.25857 286.3354 28.73968 24.72220 6.751611 8.180891 1.630127
xbest 27.627092 126.8388 0.7338549 21.25857 286.3354 28.73968 24.72220 6.751611 8.180891 1.630127
xbest 27.623051 126.8242 0.7316357 21.26215 286.3394 28.74098 24.72544 6.751600 8.190764 1.630236
xbest 27.623236 126.7997 0.7679166 21.26580 286.3387 28.74039 24.72132 6.751604 8.201760 1.630577
xbest 27.623328 126.7999 0.8355203 21.26674 286.3385 28.74119 24.72127 6.751591 8.223165 1.630539
xbest 27.623205 126.7655 0.9078599 21.26944 286.3385 28.74230 24.72171 6.751539 8.232633 1.630240
xbest 27.626570 126.8999 0.8501011 21.26134 286.3394 28.74063 24.72007 6.751686 8.212816 1.630851
xbest 27.623824 126.8999 0.8570055 21.27139 286.3397 28.74089 24.72024 6.751637 8.203441 1.630535
xbest 27.623067 126.8856 0.8559282 21.26194 286.3397 28.74051 24.72130 6.751660 8.212252 1.630877
xbest 27.627564 126.7738 0.8572486 21.27371 286.3395 28.74069 24.71913 6.749995 8.213142 1.628353
xbest 27.627564 126.7738 0.8572486 21.27371 286.3395 28.74069 24.71913 6.749995 8.213142 1.628353

$time
elapsed elapsed elapsed elapsed elapsed elapsed elapsed elapsed elapsed elapsed elapsed elapsed elapsed elapsed elapsed elapsed elapsed elapsed elapsed elapsed elapsed elapsed elapsed elapsed elapsed 
   1.89    4.91    8.41   33.05   42.77   52.33   75.27  150.05  153.44  178.74  185.22  186.67  531.92  533.80  843.03  844.50  847.67  850.94  854.03  857.10  867.00  870.16  873.52 1064.30 1119.02 

$neval
 [1]   106   255   429  1543  1925  2324  3349  6567  6675  7762  8032  8105 23901 23996 37757 37830 37968 38110 38247 38388 38797 38938 39076 47836 50108

$fbest
[1] 1205.944

$xbest
 [1]  27.6275639 126.7737579   0.8572486  21.2737147 286.3395129  28.7406879  24.7191305   6.7499946   8.2131422   1.6283528

$numeval
[1] 50108

$end_crit
[1] 1

$cpu_time
elapsed 
1119.02 

$Refset
$Refset$x
           [,1]        [,2]        [,3]      [,4]       [,5]      [,6]       [,7]       [,8]      [,9]    [,10]
 [1,] 126.77376  21.2737147  28.7406879  6.749995   1.628353 126.77376 21.2737147  28.740688  6.749995 1.628353
 [2,]  27.62756   0.8572486 286.3395129 24.719130   8.213142  27.62756  0.8572486 286.339513 24.719130 8.213142
 [3,]  27.62756 126.7737579   0.8572486 21.273715 286.339513  28.74069 24.7191305   6.749995  8.213142 1.628353
 [4,]  27.62279 126.8740829   0.8573372 21.263592 286.339545  28.74151 24.7213923   6.751716  8.212476 1.631013
 [5,]  27.62535 126.8719851   0.8573424 21.261645 286.339752  28.73921 24.7268775   6.751619  8.213422 1.631019
 [6,]  27.62518 126.9670994   0.8573051 21.260601 286.339479  28.73942 24.7216405   6.751637  8.209818 1.630732
 [7,]  27.62358 126.8742017   0.8572265 21.263753 286.339547  28.74139 24.7214968   6.751714  8.212475 1.631015
 [8,]  27.62713 126.9303350   0.8581791 21.250876 286.339635  28.74775 24.7108385   6.751250  8.223066 1.628445
 [9,]  27.54136 127.7924090   0.8588931 21.267625 286.340384  28.74826 24.7431903   6.754581  8.207024 1.632796
[10,]  27.96188 117.9021362   0.8585755 21.028979 286.314182  28.62523 24.6565879   6.766429  8.271942 1.588646
[11,]  27.72891 127.8252087   0.9916456 20.995409 286.283376  27.85370 24.6619623   7.195625  7.980384 1.959955
[12,]  27.69249 124.9634862   0.8576944 21.235806 286.294011  29.21825 24.7136787   6.740843  8.279199 1.756544

$Refset$f
 [1] 1205.944 1205.944 1205.944 1206.700 1206.700 1206.700 1206.700 1209.705 1212.889 1344.448 1369.026 1337.153

$Refset$fpen
 [1] 1205.944 1205.944 1205.944 1206.700 1206.700 1206.700 1206.700 1209.705 1212.889 1344.448 1369.026 1337.153

$Refset$const
          [,1]      [,2]      [,3]      [,4]     [,5]
 [1,] 27.78686  1.519806 13.060573 14.726285 3.271876
 [2,] 13.06057 14.726285  3.271876 27.786858 1.519806
 [3,] 13.06057 27.786858 14.726285  1.519806 3.271876
 [4,] 13.05112 27.787524 14.736408  1.519790 3.272122
 [5,] 13.04822 27.786578 14.738355  1.519705 3.273326
 [6,] 13.05078 27.790182 14.739399  1.519783 3.272398
 [7,] 13.05128 27.787525 14.736247  1.519788 3.272154
 [8,] 13.02781 27.776934 14.749124  1.519900 3.269788
 [9,] 13.06060 27.792976 14.732375  1.519555 3.274874
[10,] 12.75704 27.728058 14.971021  1.522907 3.266430
[11,] 13.01503 28.019616 15.004591  1.521612 3.359060
[12,] 12.95661 27.720801 14.764194  1.528899 3.192737

$Refset$penalty
 [1] 0 0 0 0 0 0 0 0 0 0 0 0


