$f
 [1] 1036.2691  776.1146  732.7726  685.0312  588.9653  569.4826  497.9740  495.2569  486.5660  441.8854  412.8594  409.0712  372.0017  347.2726  344.2934  344.2795  344.2153  344.0590  343.9132  343.8646  343.6181  343.5347  343.4549
[24]  342.4392  342.3420  342.3160  342.3090  342.2795  341.9149  339.0035  338.9809  338.8958  338.7240  338.1892  338.1250  337.7656  337.3941  337.3854  337.0347  336.9653  336.6163  336.3559  335.9653  335.8837  335.8385  335.8385

$x
           [,1]     [,2]      [,3]     [,4]     [,5]     [,6]     [,7]     [,8]     [,9]    [,10]
xbest  7.986284 112.7685 0.6101990 28.89212 284.4946 40.36589 28.34473 6.639260 9.147590 2.825620
xbest 22.293565 100.0000 0.2188699 30.00000 286.1953 39.63251 30.27936 3.760830 7.907562 1.589839
xbest 22.184190 100.0000 0.2638699 30.00000 286.2703 39.63251 30.27936 3.758487 7.907562 1.601714
xbest 19.310996 181.8838 0.3802250 25.85852 286.3145 33.02025 29.23458 3.749785 7.978342 1.703293
xbest 15.647523 104.3527 0.1000000 30.00000 286.8426 48.00000 27.58775 7.628862 7.676913 2.386175
xbest 18.227430 122.1081 0.3747266 27.95325 286.4045 39.23901 25.86547 7.388823 7.840100 1.536918
xbest 18.392657 102.3672 0.1257176 30.00000 286.6757 42.09349 29.15088 6.581339 7.739306 2.087617
xbest 16.404509 117.1570 0.3287377 30.00000 286.5210 40.26760 26.39525 7.512654 7.801984 1.938635
xbest 16.571893 117.6573 0.3236681 28.54292 286.4361 38.97887 25.94570 8.092952 7.846722 1.493129
xbest 16.614105 117.5298 0.3241502 27.86046 286.4167 38.46448 25.67761 7.976774 7.847692 1.547032
xbest 16.586761 117.5298 0.3016502 27.86046 286.4165 38.46760 25.68268 7.979899 7.838317 1.547032
xbest 16.517221 100.8737 0.1681678 30.00000 286.7951 43.36998 28.41114 7.897594 7.526553 1.819932
xbest 16.954721 102.7896 0.1620754 30.00000 286.7957 43.36998 28.37052 7.897594 7.533977 1.796182
xbest 16.052837 126.5956 0.3343178 27.28927 286.4986 43.90184 26.95778 7.984061 7.703185 1.736674
xbest 16.052837 126.5956 0.3118178 27.29220 286.4986 43.90184 26.95778 7.984061 7.715685 1.736674
xbest 21.669752 180.7722 0.2765224 28.30231 286.3178 34.71480 26.36603 6.636678 5.154684 2.010337
xbest 21.669752 180.7722 0.2765224 28.30231 286.3178 34.71480 26.36603 6.636678 5.154684 2.009594
xbest 21.675350 181.8828 0.2513875 28.29582 286.3183 34.74130 26.23960 6.635265 5.058518 2.008756
xbest 21.675350 181.9023 0.2513875 28.29655 286.3186 34.74130 26.23960 6.635265 5.058518 2.008756
xbest 21.687570 182.2645 0.2507412 28.30291 286.3183 34.74298 26.24655 6.635383 5.050759 2.008808
xbest 21.687570 182.2841 0.2507412 28.30291 286.3183 34.74298 26.24655 6.635383 5.050759 2.008808
xbest 21.714687 182.1962 0.2549982 28.34403 286.3168 34.74256 26.23003 6.635645 5.017767 2.006031
xbest 21.723562 182.3445 0.2523859 28.31214 286.3166 34.74255 26.23487 6.636018 5.016809 2.005669
xbest 21.733507 182.4859 0.2490538 28.31415 286.3163 34.74424 26.21000 6.636018 4.992209 2.005419
xbest 21.729271 182.7752 0.2503774 28.30233 286.3160 34.74585 26.21000 6.636370 4.989116 2.005097
xbest 21.727456 182.7781 0.2505182 28.30248 286.3161 34.74659 26.20981 6.636306 4.989407 2.005053
xbest 21.715395 182.6713 0.2510643 28.33303 286.3165 34.74356 26.21373 6.635760 4.988704 2.005658
xbest 21.715287 182.6759 0.2508377 28.33230 286.3163 34.74399 26.21370 6.635762 4.988259 2.005550
xbest 22.126887 182.7626 0.2475356 28.45443 286.3163 34.74500 26.21201 6.636009 4.651838 2.005693
xbest 22.126887 182.6845 0.2471840 28.45443 286.3175 34.74500 26.21201 6.636009 4.639338 2.005600
xbest 22.157458 182.7881 0.2474974 28.56249 286.3163 34.74541 26.21611 6.636058 4.557783 2.004746
xbest 22.157458 182.7881 0.2474974 28.56249 286.3163 34.74541 26.21611 6.636058 4.557783 2.004003
xbest 22.159551 182.7895 0.2453221 28.61314 286.3163 34.74596 26.21613 6.636094 4.515995 2.004963
xbest 22.120270 182.7711 0.2460568 28.55079 286.3163 34.74602 26.21569 6.636086 4.575001 2.005149
xbest 22.158757 182.7921 0.2433670 28.64897 286.3163 34.74597 26.20848 6.636086 4.488665 2.005266
xbest 22.159052 182.7923 0.2403717 28.67364 286.3163 34.74608 26.20159 6.636099 4.444748 2.005581
xbest 22.185567 182.7983 0.2379311 28.72901 286.3163 34.74620 26.19226 6.636107 4.393873 2.005594
xbest 22.182150 182.7983 0.2379311 28.72901 286.3163 34.74620 26.19226 6.636107 4.393873 2.005594
xbest 22.118310 181.7435 0.2287540 28.79508 286.3163 34.74618 26.20575 6.636099 4.450270 2.005657
xbest 22.113830 182.0674 0.2337297 28.62739 286.3163 34.74471 26.23104 6.636121 4.515905 2.004846
xbest 22.123745 181.5076 0.2277065 28.90279 286.3163 34.74553 26.20532 6.636099 4.365230 2.006045
xbest 22.130356 181.6478 0.2312864 28.91959 286.3163 34.74684 26.20025 6.636082 4.330609 2.005860
xbest 22.127941 181.6321 0.2320926 28.86369 286.3163 34.74713 26.23857 6.636116 4.370683 2.005267
xbest 22.124590 182.4530 0.2316167 28.79751 286.3163 34.74951 26.17167 6.636260 4.371078 2.005230
xbest 22.129793 182.4969 0.2229507 28.86998 286.3163 34.74624 26.17605 6.636097 4.355495 2.005310
xbest 22.129793 182.4969 0.2229507 28.86998 286.3163 34.74624 26.17605 6.636097 4.355495 2.005310

$time
elapsed elapsed elapsed elapsed elapsed elapsed elapsed elapsed elapsed elapsed elapsed elapsed elapsed elapsed elapsed elapsed elapsed elapsed elapsed elapsed elapsed elapsed elapsed elapsed elapsed elapsed elapsed elapsed elapsed elapsed 
   1.89    5.09    7.16   11.03   14.30   17.28   20.98   23.77   26.73   35.23   40.98   58.55   72.98  165.86  167.64  409.81  412.08  599.55  601.42  624.61  636.89  682.03  691.36  693.97  700.11  741.95  770.67  787.42  980.28  982.36 
elapsed elapsed elapsed elapsed elapsed elapsed elapsed elapsed elapsed elapsed elapsed elapsed elapsed elapsed elapsed elapsed 
1015.86 1017.42 1020.41 1026.39 1035.17 1041.14 1044.05 1049.16 1062.05 1064.97 1067.86 1076.42 1093.63 1119.38 1136.20 1150.70 

$neval
 [1]   106   257   356   497   638   779   920  1057  1193  1602  1851  2666  3332  7121  7206 17946 18020 25358 25443 26377 26866 28757 29230 29365 29634 31612 32918 33665 42397 42495 43991 44065 44204 44481 44894 45170 45307 45515 46056
[40] 46193 46330 46734 47477 48635 49444 50052

$fbest
[1] 335.8385

$xbest
 [1]  22.1297929 182.4969189   0.2229507  28.8699767 286.3162706  34.7462412  26.1760480   6.6360970   4.3554950   2.0053102

$numeval
[1] 50052

$end_crit
[1] 1

$cpu_time
elapsed 
 1150.7 

$Refset
$Refset$x
          [,1]     [,2]      [,3]     [,4]     [,5]     [,6]     [,7]     [,8]     [,9]    [,10]
 [1,] 22.12979 182.4969 0.2229507 28.86998 286.3163 34.74624 26.17605 6.636097 4.355495 2.005310
 [2,] 22.12459 182.4530 0.2316167 28.79751 286.3163 34.74951 26.17167 6.636260 4.371078 2.005230
 [3,] 22.12532 182.4254 0.2320607 28.78367 286.3163 34.74673 26.18903 6.636188 4.380457 2.005272
 [4,] 22.12794 181.6321 0.2320926 28.86369 286.3163 34.74713 26.23857 6.636116 4.370683 2.005267
 [5,] 22.12344 182.6390 0.2323114 28.69591 286.3163 34.74645 26.17064 6.636100 4.428675 2.005498
 [6,] 22.13687 181.9575 0.2330559 28.82282 286.3163 34.74907 26.17773 6.636075 4.377758 2.005407
 [7,] 22.12891 182.0039 0.2343574 28.83059 286.3163 34.74620 26.17133 6.636128 4.379202 2.005432
 [8,] 22.12588 182.0831 0.2316721 28.86554 286.3163 34.74610 26.18609 6.636113 4.365331 2.005852
 [9,] 22.13568 181.0137 0.2331463 29.13519 286.3163 34.74711 26.20051 6.636071 4.263292 2.006211
[10,] 22.11960 182.3428 0.2340762 28.68260 286.3163 34.74948 26.18459 6.636213 4.454209 2.005083
[11,] 22.12435 182.2946 0.2337405 28.69800 286.3163 34.74620 26.19973 6.636094 4.444555 2.005114
[12,] 21.88557 185.7935 0.2290380 28.86014 286.3189 34.78586 26.24496 6.653392 4.248449 1.953981

$Refset$f
 [1] 335.8385 335.8837 335.8837 335.9653 336.0174 336.1042 335.9340 336.2622 336.2795 336.3437 336.4219 362.4201

$Refset$fpen
 [1] 335.8385 335.8837 335.8837 335.9653 336.0174 336.1042 335.9340 336.2622 336.2795 336.3437 336.4219 362.4201

$Refset$const
          [,1]     [,2]     [,3]     [,4]     [,5]
 [1,] 24.51448 31.64450 7.130023 1.542205 2.858085
 [2,] 24.42643 31.62892 7.202488 1.542235 2.857420
 [3,] 24.40321 31.61954 7.216334 1.542153 2.859306
 [4,] 24.49301 31.62932 7.136305 1.541942 2.864104
 [5,] 24.26724 31.57133 7.304088 1.542227 2.857550
 [6,] 24.44506 31.62224 7.177178 1.542201 2.858061
 [7,] 24.45139 31.62080 7.169408 1.542225 2.857631
 [8,] 24.50021 31.63467 7.134459 1.542161 2.859076
 [9,] 24.87189 31.73671 6.864813 1.542103 2.860404
[10,] 24.22839 31.54579 7.317404 1.542177 2.858686
[11,] 24.25344 31.55545 7.302004 1.542105 2.860390
[12,] 24.61169 31.75155 7.139859 1.541727 2.862826

$Refset$penalty
 [1] 0 0 0 0 0 0 0 0 0 0 0 0


