$f
 [1] 1674.4201 1281.7951 1123.7378 1070.1007 1007.4583  935.7674  920.6979  868.3715  853.6181  844.0781  839.4201  836.3854  835.7691  833.9792  810.0382  788.2622  768.5174  767.9549  766.9479  764.3924  760.4549  759.3733  756.0781
[24]  751.7292  751.5590  750.1059  747.3021  745.6354  745.3351  743.8698  743.1146  742.1545  741.7986  741.7917  741.5122  741.1389  741.0573  740.7187  740.7170  740.2257  739.0573  738.9687  738.9687

$x
          [,1]     [,2]      [,3]     [,4]     [,5]     [,6]     [,7]     [,8]     [,9]    [,10]
xbest 26.31745 129.4869 0.8937179 19.25956 286.6269 39.52404 26.66599 5.310291 7.779847 4.568654
xbest 16.07605 265.3712 0.3741639 17.07757 285.9694 41.35288 32.63945 4.690194 5.041310 3.119185
xbest 16.08972 265.3712 0.4588904 17.82757 285.9694 41.15288 32.96445 4.490194 5.141310 3.356685
xbest 18.68134 190.4169 0.8017713 19.51688 286.3491 43.52245 32.04657 3.393948 6.025529 4.208092
xbest 18.67555 197.5059 0.8167169 19.33339 286.3617 43.77123 31.76069 3.304223 6.082269 3.756767
xbest 19.57912 167.6725 0.9366959 19.22690 286.6034 45.94675 31.29662 2.502006 6.425984 4.172713
xbest 19.37415 157.3338 0.9060297 19.48881 286.5766 44.96750 31.29286 4.087059 6.243023 4.003005
xbest 19.34930 159.4546 0.9073998 19.42452 286.5630 44.80760 31.31906 4.454708 6.237556 4.026960
xbest 19.34930 159.4546 0.9523998 19.42452 286.5255 44.80760 31.31906 4.403146 6.237556 3.979460
xbest 19.96351 163.0597 0.9017954 19.17003 286.6816 44.38084 31.45421 4.308309 6.710666 4.143872
xbest 19.96351 163.0597 0.8792954 19.17588 286.6816 44.38084 31.45929 4.306746 6.710666 4.149810
xbest 19.97671 162.0084 0.9003831 19.15477 286.6816 44.35464 31.44390 4.313500 6.714306 4.098017
xbest 19.77774 166.2853 0.8963901 18.97363 286.6838 44.33070 31.63740 4.231394 6.668780 4.557183
xbest 19.83988 159.7023 0.8920753 19.12453 286.6842 44.31580 31.69419 4.270211 6.710495 4.430688
xbest 19.83988 158.4523 1.0000000 19.12453 286.6842 44.34080 31.69419 4.220211 6.810495 4.430688
xbest 19.94021 153.9811 0.9078859 19.44591 286.6655 43.88936 31.96593 4.462073 6.694430 3.906238
xbest 19.91287 153.9811 0.7496828 19.43905 286.6748 43.88936 32.04718 4.462073 6.744430 3.953738
xbest 19.82801 155.3329 0.9267219 19.14408 286.6806 44.12685 31.76094 4.405337 6.834105 4.878286
xbest 19.82801 155.3329 0.9267219 19.14408 286.6806 44.12685 31.76094 4.399087 6.846605 4.878286
xbest 19.71511 155.5992 0.8828885 19.28501 286.6808 44.10327 31.80331 4.387698 6.813968 4.682897
xbest 19.77899 154.7292 0.8965087 19.24236 286.6783 44.11846 31.72123 4.390867 6.828292 4.675508
xbest 19.80681 154.9216 0.8979924 19.23182 286.6779 44.12748 31.73805 4.392471 6.825735 4.672290
xbest 19.78914 154.9286 0.9081725 19.25334 286.6765 44.11385 31.73745 4.392357 6.824666 4.654721
xbest 19.79399 154.9697 0.8980336 19.24990 286.6767 44.11806 31.70220 4.392819 6.830577 4.654182
xbest 19.78904 154.9087 0.8895730 19.24449 286.6755 44.11926 31.68765 4.391330 6.835661 4.657314
xbest 19.78448 154.9229 0.8817975 19.25566 286.6719 44.12463 31.68077 4.391363 6.837852 4.661629
xbest 19.78448 155.0010 0.8817975 19.25566 286.6722 44.12463 31.64015 4.391363 6.837852 4.661629
xbest 19.74446 155.2775 0.8922847 19.22276 286.6662 44.11664 31.65444 4.391596 6.876479 4.685345
xbest 19.74788 155.2775 0.8922847 19.22240 286.6662 44.11664 31.65444 4.391596 6.876479 4.685345
xbest 19.80470 154.8763 0.9219801 19.27164 286.6686 44.11261 31.68089 4.390890 6.832611 4.698947
xbest 19.80470 154.8763 0.9219801 19.27164 286.6686 44.11261 31.68089 4.390890 6.829486 4.698947
xbest 19.80426 154.9081 0.9304348 19.27106 286.6674 44.11245 31.68140 4.390902 6.833347 4.703484
xbest 19.80376 154.8828 0.9372116 19.28018 286.6687 44.11256 31.67201 4.390677 6.833715 4.706799
xbest 19.80162 154.8842 0.9389726 19.28234 286.6689 44.11224 31.67505 4.390631 6.836560 4.702536
xbest 19.80414 154.8823 0.9375540 19.28065 286.6687 44.11246 31.67397 4.390674 6.833085 4.705269
xbest 19.80376 154.8273 0.9403197 19.27248 286.6649 44.11320 31.67891 4.391281 6.837257 4.698907
xbest 19.79937 154.7867 0.9381897 19.29000 286.6648 44.11555 31.67392 4.390562 6.832285 4.704538
xbest 19.79937 154.8062 0.9381897 19.29000 286.6648 44.11555 31.67392 4.390562 6.832285 4.704538
xbest 19.79867 152.9232 0.9348386 19.41269 286.6650 44.11227 31.68169 4.390780 6.833065 4.704787
xbest 19.79184 152.9232 0.9348386 19.41415 286.6650 44.11227 31.68169 4.390780 6.836190 4.704787
xbest 19.79868 151.6859 0.9350774 19.49580 286.6649 44.11200 31.68258 4.390832 6.832318 4.705733
xbest 19.79877 151.6987 0.9350688 19.49575 286.6650 44.11199 31.68244 4.390831 6.832432 4.705530
xbest 19.79877 151.6987 0.9350688 19.49575 286.6650 44.11199 31.68244 4.390831 6.832432 4.705530

$time
elapsed elapsed elapsed elapsed elapsed elapsed elapsed elapsed elapsed elapsed elapsed elapsed elapsed elapsed elapsed elapsed elapsed elapsed elapsed elapsed elapsed elapsed elapsed elapsed elapsed elapsed elapsed elapsed elapsed elapsed 
   2.67    7.55   11.22   25.75   29.30   32.72   40.60   47.74   50.24   90.00   93.44  103.89  125.45  128.91  131.38  159.53  170.77  263.24  265.31  269.72  276.66  280.17  283.81  291.64  295.17  302.20  304.30  330.13  343.22  414.00 
elapsed elapsed elapsed elapsed elapsed elapsed elapsed elapsed elapsed elapsed elapsed elapsed elapsed 
 415.89  423.86  427.45  434.47  438.00  441.38  668.19  670.05 1221.30 1223.44 1235.10 1295.83 1324.80 

$neval
 [1]   106   262   410   975  1118  1257  1536  1814  1914  3404  3504  3908  4713  4847  4946  6019  6414  9853  9932 10073 10350 10487 10627 10904 11042 11321 11406 12362 12847 15466 15540 15821 15961 16241 16383 16522 25114 25187 46205
[40] 46288 46699 48985 50022

$fbest
[1] 738.9687

$xbest
 [1]  19.7987654 151.6987268   0.9350688  19.4957493 286.6649676  44.1119936  31.6824372   4.3908310   6.8324317   4.7055304

$numeval
[1] 50022

$end_crit
[1] 1

$cpu_time
elapsed 
 1324.8 

$Refset
$Refset$x
          [,1]     [,2]      [,3]     [,4]     [,5]     [,6]     [,7]     [,8]     [,9]    [,10]
 [1,] 19.79877 151.6987 0.9350688 19.49575 286.6650 44.11199 31.68244 4.390831 6.832432 4.705530
 [2,] 19.79879 151.6940 0.9354554 19.49568 286.6649 44.11200 31.68310 4.390831 6.832295 4.705854
 [3,] 19.79865 151.7567 0.9351793 19.49575 286.6649 44.11203 31.68265 4.390836 6.828680 4.705785
 [4,] 19.79842 151.6607 0.9343667 19.49668 286.6649 44.11201 31.68122 4.390827 6.832245 4.705468
 [5,] 19.79853 151.6397 0.9349715 19.49332 286.6649 44.11626 31.67713 4.390829 6.836530 4.706251
 [6,] 19.79720 151.6978 0.9349821 19.49603 286.6650 44.11203 31.68225 4.390829 6.832227 4.705419
 [7,] 19.79855 151.7487 0.9350112 19.48920 286.6649 44.11382 31.68020 4.390809 6.833521 4.705789
 [8,] 19.79855 152.4698 0.9353136 19.44309 286.6648 44.11231 31.67869 4.390752 6.832401 4.704817
 [9,] 19.79926 154.8338 0.9367281 19.28686 286.6647 44.11260 31.67290 4.390671 6.832618 4.704227
[10,] 19.79858 151.7271 0.9353701 19.49170 286.6650 44.11145 31.68287 4.390537 6.831415 4.704848
[11,] 19.79881 151.7303 0.9447468 19.50045 286.6649 44.11125 31.68217 4.390895 6.754094 4.730487
[12,] 19.31142 151.7289 0.9732143 19.96725 286.4062 37.91839 32.15029 7.355904 7.509334 4.541307

$Refset$f
 [1] 738.9687 738.9687 738.9687 739.0573 739.0573 739.0573 739.0573 739.8524 741.0017 739.8247 758.7691 966.0799

$Refset$fpen
 [1] 738.9687 738.9687 738.9687 739.0573 739.0573 739.0573 739.0573 739.8524 741.0017 739.8247 758.7691 966.0799

$Refset$const
          [,1]     [,2]     [,3]     [,4]     [,5]
 [1,] 12.66332 29.16757 16.50425 1.505918 2.877768
 [2,] 12.66339 29.16770 16.50432 1.505920 2.877801
 [3,] 12.66707 29.17132 16.50425 1.505922 2.877764
 [4,] 12.66444 29.16775 16.50332 1.505929 2.877653
 [5,] 12.65679 29.16347 16.50668 1.505953 2.877121
 [6,] 12.66381 29.16777 16.50397 1.505917 2.877757
 [7,] 12.65568 29.16648 16.51080 1.505935 2.877485
 [8,] 12.61069 29.16760 16.55691 1.505947 2.877418
 [9,] 12.45424 29.16738 16.71314 1.505988 2.876897
[10,] 12.66028 29.16859 16.50830 1.505912 2.877839
[11,] 12.74635 29.24591 16.49955 1.505923 2.877768
[12,] 12.45792 28.49067 16.03275 1.513641 3.249375

$Refset$penalty
 [1] 0 0 0 0 0 0 0 0 0 0 0 0


