$f
 [1] 1690.8351 1229.0885 1004.4722  904.5729  886.8420  842.2170  799.1771  791.8698  777.1632  776.9583  776.9219  776.8333  776.7257  776.4826  776.4444  776.4375  776.4323  775.8038  775.4983  775.2795  775.1753  775.1719  774.9497
[24]  774.9497

$x
           [,1]     [,2]      [,3]     [,4]     [,5]     [,6]     [,7]      [,8]     [,9]    [,10]
xbest 12.204087 282.5070 0.9189464 24.12688 285.4826 27.75698 24.85080  2.751541 4.988160 3.941362
xbest  9.731103 180.6443 0.1266911 24.17608 284.0000 45.87543 25.41264  3.640422 4.809141 3.699902
xbest  9.731103 160.6443 0.1182536 24.16436 284.0000 48.00000 25.53451  3.641985 4.832579 3.735527
xbest  7.580823 306.1201 0.7466082 22.56221 285.9891 39.66997 31.21110 10.000000 3.306476 4.190793
xbest  7.569775 301.9344 0.7464902 22.62140 285.9702 39.19488 31.26420  9.982473 3.722095 4.195118
xbest  6.523453 280.5231 0.8059655 24.38999 285.3859 43.86253 33.41707  6.964535 4.540894 4.856035
xbest  6.523453 280.5231 0.9859655 24.38999 285.3859 43.86253 33.41707  6.964535 4.540894 4.856035
xbest  6.510158 240.5496 0.6155176 25.94667 285.5368 45.27365 34.18723  6.727270 4.516574 4.460633
xbest  6.346096 240.6731 0.6112989 26.07694 285.5368 45.07365 34.10598  6.726962 4.521515 4.466571
xbest  6.487431 239.9919 0.6902605 25.66325 285.4562 45.53081 33.30818  6.755339 4.560175 4.178920
xbest  6.487431 239.9919 0.6902825 25.66325 285.4562 45.53081 33.30818  6.755339 4.560175 4.178920
xbest  6.448522 240.1896 0.6008603 25.12011 285.4492 45.34039 33.41340  6.760109 4.757582 4.440769
xbest  6.434071 240.2707 0.6024603 25.12786 285.4492 45.33384 33.41197  6.760092 4.758888 4.438764
xbest  6.434071 240.2707 0.6024603 25.12786 285.4492 45.33423 33.41197  6.760092 4.758888 4.438022
xbest  6.460673 239.3751 0.5958899 25.08024 285.4556 45.44773 33.41640  6.760400 4.770025 4.411479
xbest  6.462067 239.1843 0.5961886 25.07490 285.4537 45.43644 33.42259  6.761070 4.777779 4.393859
xbest  6.462176 239.1846 0.5962127 25.07501 285.4536 45.43605 33.42276  6.761084 4.777814 4.392547
xbest  6.297541 247.8677 0.5942963 25.08378 285.4623 45.46982 33.41779  6.753676 4.782763 4.264388
xbest  6.297541 247.8677 0.5942963 25.08378 285.4811 45.46982 33.41779  6.753676 4.782763 4.264388
xbest  6.294727 247.7406 0.5938907 25.08209 285.4604 45.48953 33.41555  6.755042 4.785344 4.228132
xbest  6.295308 247.9279 0.5937997 25.07932 285.4604 45.48310 33.41467  6.755002 4.778061 4.229184
xbest  6.297536 247.7915 0.5929818 25.09538 285.4604 45.49726 33.40424  6.755292 4.784218 4.201608
xbest  6.297536 247.7915 0.5929818 25.09538 285.4604 45.49726 33.36362  6.755292 4.784218 4.201608
xbest  6.297536 247.7915 0.5929818 25.09538 285.4604 45.49726 33.36362  6.755292 4.784218 4.201608

$time
elapsed elapsed elapsed elapsed elapsed elapsed elapsed elapsed elapsed elapsed elapsed elapsed elapsed elapsed elapsed elapsed elapsed elapsed elapsed elapsed elapsed elapsed elapsed elapsed 
   2.03    5.37    8.06   20.15   30.26   33.23   42.04  126.26  128.93  396.48  397.97  534.86  556.79  568.15  820.84  830.81  867.84  963.14  965.53  978.67  993.07 1076.40 1078.00 1100.87 

$neval
 [1]   106   260   394   960  1373  1509  1860  5522  5646 18126 18199 24653 25666 26149 37623 38105 39826 44033 44106 44661 45351 48990 49064 50008

$fbest
[1] 774.9497

$xbest
 [1]   6.2975365 247.7914946   0.5929818  25.0953756 285.4604061  45.4972587  33.3636156   6.7552918   4.7842175   4.2016078

$numeval
[1] 50008

$end_crit
[1] 1

$cpu_time
elapsed 
1100.87 

$Refset
$Refset$x
            [,1]        [,2]        [,3]      [,4]       [,5]       [,6]       [,7]       [,8]      [,9]    [,10]
 [1,] 247.791495  25.0953756  45.4972587  6.755292   4.201608 247.791495 25.0953756  45.497259  6.755292 4.201608
 [2,]   6.297536   0.5929818 285.4604061 33.363616   4.784218   6.297536  0.5929818 285.460406 33.363616 4.784218
 [3,]   6.297536 247.7914946   0.5929818 25.095376 285.460406  45.497259 33.4042406   6.755292  4.784218 4.201608
 [4,]   6.297256 247.6276296   0.5940651 25.085106 285.462272  45.477106 33.4362516   6.755136  4.783563 4.229270
 [5,]   6.294633 247.7346401   0.5940877 25.084826 285.459500  45.499173 33.3821450   6.755555  4.780104 4.226945
 [6,]   6.297454 247.6728306   0.5934334 25.066470 285.461885  45.478246 33.4326096   6.755139  4.791891 4.225485
 [7,]   6.298627 247.8830289   0.5938126 25.077132 285.457769  45.525352 33.4089699   6.755430  4.779029 4.241850
 [8,]   6.462011 239.1920414   0.5961867 25.074744 285.453634  45.434821 33.4239077   6.760924  4.777763 4.392273
 [9,]   6.298240 247.9993275   0.5932860 25.079270 285.461873  45.347000 33.4231427   6.752607  4.786663 4.211229
[10,]   6.469255 239.7003044   0.5967629 25.022001 285.458635  45.426009 33.4705939   6.761371  4.775906 3.937879
[11,]   6.259664 247.3585879   0.5991998 25.051213 285.483994  45.445542 33.4379136   6.763639  4.866268 4.115455
[12,]   5.000000 300.9584042   0.7062116 20.341383 284.328107  47.445027 24.1527071   7.115806  4.638574 2.473622

$Refset$f
 [1]  774.9497  774.9497  775.1719  775.1753  775.1753  775.1753  775.0035  776.4375  776.1181  778.7986  782.0295 1350.1094

$Refset$fpen
 [1]  774.9497  774.9497  775.1719  775.1753  775.1753  775.1753  775.0035  776.4375  776.1181  778.7986  782.0295 1350.1094

$Refset$const
          [,1]      [,2]      [,3]      [,4]     [,5]
 [1,] 31.21578  1.646059 20.311158 10.904624 2.549561
 [2,] 20.31116 10.904624  2.549561 31.215782 1.646059
 [3,] 20.31116 31.215782 10.904624  1.646084 2.552144
 [4,] 20.30154 31.216437 10.914894  1.645891 2.555536
 [5,] 20.30472 31.219896 10.915174  1.646177 2.550451
 [6,] 20.27458 31.208109 10.933530  1.645934 2.555165
 [7,] 20.29810 31.220971 10.922868  1.646387 2.550557
 [8,] 20.29698 31.222237 10.925256  1.646928 2.554844
 [9,] 20.29261 31.213337 10.920730  1.645985 2.560740
[10,] 20.24610 31.224094 10.977999  1.646364 2.559338
[11,] 20.18495 31.133732 10.948787  1.643324 2.561923
[12,] 15.70281 31.361426 15.658617  1.671295 1.882674

$Refset$penalty
 [1] 0 0 0 0 0 0 0 0 0 0 0 0


