$f
 [1] 2676.4427 1336.3438  883.9740  871.8247  810.3594  805.6580  692.0035  597.0972  519.3993  519.3351  474.8559  375.7969  355.7708  351.3316  348.6927  348.2760  342.4462  341.4080  340.7760  339.8507  339.4201  339.3767  332.5625
[24]  330.9236  330.2812  326.9410  326.2153  323.2552  305.5434  275.1823  273.1128  267.8889  267.6979  264.0069  263.9583  263.7066  263.4219  263.2986  262.7188  262.6649  258.8247  256.0764  255.3767  253.8316  253.8316

$x
           [,1]     [,2]      [,3]     [,4]     [,5]     [,6]     [,7]     [,8]     [,9]    [,10]
xbest  8.790662 326.7532 0.6064689 15.32800 285.3105 42.77036 31.88760 9.207015 5.643994 2.436952
xbest 26.869848 123.0919 0.8140901 26.92042 286.4050 28.52639 24.00000 3.483328 3.695071 1.404191
xbest 26.869848 122.9402 0.1000000 26.18914 286.4027 28.52639 24.00000 5.083328 3.737547 1.200000
xbest 13.699110 157.5592 0.3444764 26.47552 286.7587 44.61171 29.21517 5.950704 4.862062 3.296519
xbest 15.897785 245.3229 0.5031515 21.89021 286.0341 31.92699 25.69589 6.440904 4.486625 1.592634
xbest 15.905624 276.9891 0.5339365 20.75628 286.0489 31.84005 25.69627 6.430172 4.444756 1.541996
xbest 15.905624 271.3592 1.0000000 20.55825 286.0489 31.84005 25.33033 6.412569 4.832549 1.541996
xbest 12.715252 152.4850 0.4196033 26.81456 286.4475 47.65947 25.14082 6.581220 5.042759 2.530438
xbest 12.715252 152.4850 0.4071750 26.81456 286.3912 47.25947 25.14082 6.581220 4.905757 2.530438
xbest 14.054983 112.4116 0.3458691 25.54153 286.5304 47.48964 25.83922 5.958713 7.148829 2.348902
xbest 10.911973 122.3484 0.4145803 29.15377 286.5098 48.00000 25.17969 6.827777 5.482433 2.010046
xbest 10.911973 118.7040 0.3460553 29.15377 286.4962 48.00000 25.66719 6.828916 5.885633 2.001391
xbest 11.264120 185.8206 0.4058739 29.54428 286.5241 47.50559 25.80709 6.195118 2.427802 1.525267
xbest 11.291464 185.8206 0.4052401 29.54428 286.5241 47.52548 25.80709 6.198433 2.411935 1.519915
xbest 11.534051 135.0875 0.4246063 29.40267 286.4384 47.89991 25.25898 6.321157 4.791006 1.930534
xbest 11.534051 135.0875 0.4246063 29.40267 286.4384 47.89991 25.25898 6.321157 4.791006 1.931277
xbest 11.540013 135.0146 0.4323603 29.42671 286.4263 47.90485 25.21821 6.320525 4.789655 1.931310
xbest 11.558880 135.0750 0.4183930 29.39574 286.4431 47.89945 25.25594 6.317826 4.780812 1.939684
xbest 11.559944 135.0653 0.4344040 29.44949 286.4434 47.91201 25.23431 6.318071 4.779373 1.941813
xbest 11.559617 135.0448 0.4284113 29.43635 286.4434 47.89919 25.27178 6.317595 4.799524 1.935941
xbest 11.548467 135.0318 0.4240515 29.46040 286.4435 47.89964 25.24895 6.316883 4.794212 1.934650
xbest 11.548467 135.0318 0.4240515 29.46040 286.4435 47.89964 25.24895 6.316883 4.794212 1.933907
xbest 11.558556 136.6293 0.4244932 29.57873 286.4629 47.80558 25.40256 6.305330 4.297051 1.406987
xbest 11.570381 135.4311 0.4159987 29.37964 286.4530 47.87454 25.45147 6.310335 4.713690 1.548426
xbest 11.572221 135.6342 0.4177138 29.36392 286.4579 47.86268 25.46394 6.305003 4.703717 1.563894
xbest 11.572221 135.6342 0.3959170 29.36392 286.4579 47.87518 25.46394 6.305003 4.667779 1.563894
xbest 11.569129 135.4571 0.3800753 29.35021 286.4690 47.86086 25.44634 6.297466 4.663490 1.561508
xbest 11.562293 135.4571 0.3800753 29.35021 286.4690 47.86086 25.44634 6.297466 4.657240 1.561508
xbest 11.616855 135.2419 0.4116025 29.34593 286.4469 47.93906 25.40110 6.305199 4.744373 1.563254
xbest 11.616428 135.4141 0.4106865 29.26174 286.4451 47.99491 25.27130 6.306310 4.745034 1.550452
xbest 11.602756 135.4141 0.4106865 29.26174 286.4451 47.99491 25.27130 6.306407 4.745034 1.549710
xbest 11.570407 135.3533 0.4273405 28.80213 286.4403 47.99527 25.26385 6.307460 4.776243 1.538355
xbest 11.570407 135.3533 0.4273405 28.80213 286.4403 47.99527 25.26385 6.307460 4.779368 1.538355
xbest 11.569903 135.4129 0.4309794 28.84325 286.4387 47.99362 25.27038 6.307382 4.780923 1.546223
xbest 11.567470 135.3690 0.4372064 28.83774 286.4372 47.99372 25.28156 6.307494 4.776382 1.546222
xbest 11.567470 135.3885 0.4372064 28.83774 286.4372 47.99372 25.28156 6.307494 4.776382 1.546222
xbest 11.583963 135.2951 0.3608090 29.03899 286.4424 47.98347 25.30793 6.302618 4.762781 1.543495
xbest 11.583781 135.2964 0.3602451 29.06377 286.4432 47.98179 25.31527 6.302707 4.748533 1.542593
xbest 11.581786 135.2542 0.3628034 29.01613 286.4385 47.98838 25.30443 6.303712 4.773922 1.546226
xbest 11.585204 135.2542 0.3628034 29.01613 286.4385 47.98838 25.30443 6.303712 4.773922 1.546226
xbest 11.574781 133.5058 0.3622970 29.04166 286.4250 47.99059 25.15398 6.292062 4.803210 1.569152
xbest 11.574781 133.5058 0.3621212 29.22330 286.4250 48.00000 25.15398 6.292062 4.803210 1.569152
xbest 11.611516 133.9051 0.3638631 29.02819 286.4199 47.96537 25.17555 6.289260 4.850004 1.591445
xbest 11.611516 133.9051 0.3867146 29.02819 286.4199 47.96537 25.17555 6.289260 4.862504 1.591445
xbest 11.611516 133.9051 0.3867146 29.02819 286.4199 47.96537 25.17555 6.289260 4.862504 1.591445

$time
elapsed elapsed elapsed elapsed elapsed elapsed elapsed elapsed elapsed elapsed elapsed elapsed elapsed elapsed elapsed elapsed elapsed elapsed elapsed elapsed elapsed elapsed elapsed elapsed elapsed elapsed elapsed elapsed elapsed elapsed 
   1.90    5.72    9.48   32.89   36.03   42.03   46.08  111.40  114.31  137.81  143.40  146.12  221.51  224.23  278.75  280.47  283.64  296.86  300.12  303.30  306.37  314.70  317.61  336.39  345.22  347.47  407.89  409.67  428.59  438.28 
elapsed elapsed elapsed elapsed elapsed elapsed elapsed elapsed elapsed elapsed elapsed elapsed elapsed elapsed elapsed 
 443.36  478.01  479.72  483.42  504.76  512.90  568.72  576.56  595.56  603.37  693.48  695.39  732.06  734.00 1165.84 

$neval
 [1]   106   263   433  1409  1547  1815  1996  4825  4950  6031  6301  6424  9846  9966 12281 12354 12493 13038 13179 13316 13450 13794 13928 14736 15143 15243 17823 17902 18712 19123 19345 20854 20927 21069 22031 22379 24819 25161 25969
[40] 26312 30165 30255 31898 31983 50065

$fbest
[1] 253.8316

$xbest
 [1]  11.6115160 133.9050625   0.3867146  29.0281940 286.4198760  47.9653690  25.1755501   6.2892603   4.8625039   1.5914453

$numeval
[1] 50065

$end_crit
[1] 1

$cpu_time
elapsed 
1165.84 

$Refset
$Refset$x
          [,1]     [,2]      [,3]     [,4]     [,5]     [,6]     [,7]     [,8]     [,9]    [,10]
 [1,] 11.61106 133.4124 0.3616881 29.03548 286.4180 47.96675 25.17589 6.290226 4.863815 1.590852
 [2,] 11.61053 133.4060 0.3615476 29.03549 286.4177 47.96649 25.16570 6.290365 4.864155 1.590856
 [3,] 11.61201 133.4093 0.3616560 29.03579 286.4186 47.97085 25.17623 6.289866 4.864128 1.591478
 [4,] 11.61466 133.4163 0.3616119 29.03064 286.4181 47.96686 25.17189 6.290097 4.863999 1.591574
 [5,] 11.61280 133.3932 0.3610360 29.03112 286.4168 47.96758 25.17455 6.290217 4.864472 1.591077
 [6,] 11.61343 133.3689 0.3612123 29.03542 286.4183 47.96700 25.17377 6.289846 4.864712 1.590869
 [7,] 11.61121 133.4039 0.3616753 29.03488 286.4178 47.96666 25.16982 6.290280 4.865094 1.591037
 [8,] 11.61295 133.4396 0.3617602 29.03130 286.4181 47.96718 25.17403 6.290225 4.863675 1.591472
 [9,] 11.61127 133.4104 0.3616841 29.03548 286.4178 47.96677 25.17584 6.290190 4.863829 1.590858
[10,] 11.61165 133.0580 0.3616417 29.04057 286.4188 47.97108 25.17366 6.289513 4.862889 1.591494
[11,] 11.61217 133.4473 0.3616934 29.03492 286.4180 47.96916 25.17649 6.289951 4.863028 1.590791
[12,] 12.12308 135.5543 0.4268717 28.45606 286.4132 47.94209 25.06925 6.266854 5.022759 1.632211

$Refset$f
 [1] 254.3507 254.3507 254.3507 254.3507 254.3507 254.3507 254.3507 254.3507 254.3507 255.3142 254.3872 378.1615

$Refset$fpen
 [1] 254.3507 254.3507 254.3507 254.3507 254.3507 254.3507 254.3507 254.3507 254.3507 255.3142 254.3872 378.1615

$Refset$const
          [,1]     [,2]     [,3]     [,4]     [,5]
 [1,] 24.17167 31.13618 6.964517 1.545629 2.256193
 [2,] 24.17134 31.13584 6.964508 1.545648 2.255618
 [3,] 24.17166 31.13587 6.964208 1.545583 2.256261
 [4,] 24.16664 31.13600 6.969361 1.545621 2.256016
 [5,] 24.16665 31.13553 6.968881 1.545734 2.255740
 [6,] 24.17071 31.13529 6.964580 1.545604 2.256166
 [7,] 24.16978 31.13491 6.965124 1.545649 2.255818
 [8,] 24.16762 31.13632 6.968704 1.545622 2.256113
 [9,] 24.17165 31.13617 6.964524 1.545647 2.256128
[10,] 24.17768 31.13711 6.959426 1.545563 2.256193
[11,] 24.17190 31.13697 6.965075 1.545633 2.256147
[12,] 23.43330 30.97724 7.543939 1.545967 2.250278

$Refset$penalty
 [1] 0 0 0 0 0 0 0 0 0 0 0 0


