$f
 [1] 1506.7135 1334.2726  932.8455  928.2830  922.5087  908.4375  893.5260  893.5122  892.5816  891.8767  882.3924  880.1910  878.0590  876.0156  875.4913  874.8976  874.8611  874.5868  874.5226  874.4097  874.1806  874.0712  873.9722
[24]  873.6441  870.1163  858.7830  854.7274

$x
          [,1]     [,2]      [,3]     [,4]     [,5]     [,6]     [,7]     [,8]     [,9]    [,10]
xbest 13.54949 245.7618 0.3285215 27.56543 286.1987 37.23992 31.02634 3.007514 3.908863 3.094395
xbest 21.39105 269.2773 0.4359560 19.90700 286.4646 35.23691 24.95003 4.075442 4.464220 3.115173
xbest 24.89105 229.2773 0.1084393 19.90700 286.4927 35.23691 24.95003 4.075442 4.764285 2.976128
xbest 20.74774 236.9926 0.1895810 22.35970 286.5900 36.79973 24.99190 4.224179 4.619525 2.975938
xbest 20.66676 206.5368 0.4487532 18.22535 286.4593 36.63760 24.81421 4.299307 9.390269 3.753850
xbest 20.51626 236.8365 0.1880002 22.75482 286.6394 36.79321 24.93606 4.237710 4.515109 2.970478
xbest 20.51626 236.8365 0.2133127 22.75482 286.6394 36.79321 24.93606 4.262710 4.490109 2.994228
xbest 20.76138 234.2826 0.1957191 22.13477 286.5330 36.65338 25.00067 4.329403 4.687820 3.005986
xbest 20.76138 234.3607 0.1957191 22.13330 286.5330 36.65338 25.04129 4.329403 4.687820 3.005986
xbest 21.14215 238.0094 0.1847869 21.88954 286.5424 36.40195 24.88429 4.200096 4.697662 2.975944
xbest 20.73495 235.4280 0.1865861 22.16317 286.5500 36.77392 24.84725 4.261088 4.628912 3.032272
xbest 20.36482 236.2710 0.1968721 22.40363 286.5489 36.77053 24.85409 4.262089 4.645179 3.046583
xbest 20.17918 236.6771 0.2002379 22.52058 286.5489 36.77099 24.85254 4.258939 4.645892 3.030615
xbest 20.17918 236.5208 0.1988316 22.52058 286.5442 36.77099 24.85254 4.265189 4.645892 3.029131
xbest 20.65439 235.9166 0.1910176 22.16183 286.5501 36.78618 24.86686 4.253934 4.637432 3.061845
xbest 20.57021 237.4445 0.1901711 22.17006 286.5512 36.78844 24.87381 4.256738 4.610094 3.054892
xbest 20.52017 234.2045 0.2018693 22.33740 286.5413 36.58742 24.82403 4.362892 4.653885 3.059006
xbest 20.52898 234.1936 0.2019921 22.33478 286.5411 36.58531 24.82658 4.362170 4.650436 3.054547
xbest 20.53302 234.0769 0.2015447 22.33555 286.5401 36.57862 24.83306 4.363411 4.652001 3.066052
xbest 20.52747 234.1345 0.2015044 22.35014 286.5399 36.58570 24.82332 4.363790 4.640576 3.063751
xbest 20.53567 234.0780 0.2015080 22.33593 286.5401 36.57764 24.83081 4.363383 4.650095 3.065992
xbest 20.53317 234.0663 0.2013954 22.33669 286.5397 36.58101 24.82704 4.365331 4.649147 3.066051
xbest 20.52276 234.0700 0.2014959 22.33985 286.5400 36.58190 24.82554 4.363913 4.650411 3.023548
xbest 20.51974 234.0772 0.2015784 22.34101 286.5401 36.58189 24.82349 4.363892 4.650627 3.008811
xbest 20.56588 234.2084 0.2063587 22.36581 286.5437 36.43833 24.81143 4.498620 4.649440 1.820286
xbest 20.56588 232.9584 0.1838587 22.36581 286.5437 36.46333 24.64893 4.504870 4.599440 1.815833
xbest 20.56588 232.9584 0.1838587 22.36581 286.5249 36.46958 24.65909 4.504870 4.599440 1.824739

$time
elapsed elapsed elapsed elapsed elapsed elapsed elapsed elapsed elapsed elapsed elapsed elapsed elapsed elapsed elapsed elapsed elapsed elapsed elapsed elapsed elapsed elapsed elapsed elapsed elapsed elapsed elapsed 
   2.00    6.09    9.48   35.82   39.67   42.79   44.97   71.76   76.20   82.56   85.50   93.73  103.36  109.06  181.22  276.87  520.36  558.20  657.34  684.42  691.42  734.42  830.34  873.17  978.45  980.56 1063.01 

$neval
 [1]   106   260   410  1542  1680  1820  1915  3138  3358  3628  3761  4164  4566  4802  7795 12067 23679 25493 30514 31930 32273 34388 39006 41002 46150 46261 50048

$fbest
[1] 854.7274

$xbest
 [1]  20.5658834 232.9584337   0.1838587  22.3658095 286.5249398  36.4695838  24.6590894   4.5048697   4.5994400   1.8247390

$numeval
[1] 50048

$end_crit
[1] 1

$cpu_time
elapsed 
1063.01 

$Refset
$Refset$x
          [,1]     [,2]      [,3]     [,4]     [,5]     [,6]     [,7]     [,8]     [,9]    [,10]
 [1,] 20.62540 234.2838 0.2072720 22.37273 286.5490 36.32029 24.80030 4.507372 4.667573 1.793592
 [2,] 20.82103 233.1735 0.2011090 21.68456 286.5591 36.41502 24.73645 4.501341 4.667884 1.670903
 [3,] 20.85584 232.5640 0.2005196 21.72542 286.5572 36.45770 24.72836 4.503069 4.691169 1.748490
 [4,] 20.53821 233.6421 0.2026045 22.36069 286.5388 36.58278 24.80379 4.368168 4.648394 3.025593
 [5,] 20.50166 233.9390 0.2026791 22.37926 286.5387 36.58285 24.82425 4.367721 4.642051 3.025010
 [6,] 20.52509 233.3343 0.2021707 22.36373 286.5395 36.58480 24.79480 4.368633 4.663538 3.026652
 [7,] 20.50778 234.0150 0.2025303 22.36184 286.5399 36.58182 24.82512 4.364899 4.646657 3.007451
 [8,] 20.50387 233.7214 0.2027718 22.36776 286.5411 36.58137 24.82966 4.366937 4.659345 3.022262
 [9,] 20.84246 226.8430 0.2135559 22.07651 286.5616 36.50755 24.73297 4.505068 4.710603 1.738940
[10,] 20.66470 233.7638 0.2030291 22.36451 286.5392 36.58405 24.77089 4.362175 4.599804 3.015019
[11,] 20.78068 232.4544 0.2005804 22.08687 286.5578 36.46987 24.73160 4.495718 4.672887 1.755375
[12,] 21.57874 222.8814 0.1904389 22.21695 286.5302 36.40687 24.36269 4.419718 4.724186 2.284833

$Refset$f
 [1] 863.6858 866.4132 872.0694 873.5556 873.6372 873.6372 873.6372 873.9722 872.0677 878.8194 879.4965 883.2135

$Refset$fpen
 [1] 863.6858 866.4132 872.0694 873.5556 873.6372 873.6372 873.6372 873.9722 872.0677 878.8194 879.4965 883.2135

$Refset$const
          [,1]     [,2]     [,3]     [,4]     [,5]
 [1,] 17.70516 31.33243 13.62727 1.524386 2.718922
 [2,] 17.01668 31.33212 14.31544 1.523692 2.711966
 [3,] 17.03425 31.30883 14.27458 1.524027 2.708178
 [4,] 17.71230 31.35161 13.63931 1.526115 2.700540
 [5,] 17.73721 31.35795 13.62074 1.526063 2.702176
 [6,] 17.70019 31.33646 13.63627 1.526073 2.699936
 [7,] 17.71518 31.35334 13.63816 1.525926 2.702743
 [8,] 17.70842 31.34065 13.63224 1.525769 2.703612
 [9,] 17.36591 31.28940 13.92349 1.523630 2.707416
[10,] 17.76470 31.40020 13.63549 1.526187 2.697883
[11,] 17.41399 31.32711 13.91313 1.523978 2.707983
[12,] 17.49276 31.27581 13.78305 1.528099 2.670899

$Refset$penalty
 [1] 0 0 0 0 0 0 0 0 0 0 0 0


