$f
 [1] 2010.071 1653.806 1206.391 1206.123 1201.613 1168.901 1157.490 1147.349 1142.705 1135.481 1127.137 1111.047 1105.075 1105.056 1102.280 1102.031 1097.474 1097.446 1095.910 1095.670 1094.587 1094.436 1093.906 1093.852 1093.465 1093.142
[27] 1092.781 1092.609 1092.490 1092.292 1091.785 1091.674 1090.675 1090.161 1088.061 1087.524 1087.486 1085.153 1084.503 1083.821 1082.852 1081.594 1081.052

$x
          [,1]     [,2]      [,3]     [,4]     [,5]     [,6]     [,7]     [,8]     [,9]    [,10]
xbest 32.07189 252.5338 0.3940142 22.51193 286.7354 39.26834 25.01878 2.934909 5.480403 4.774059
xbest 36.01365 169.4746 0.1275195 27.99880 285.2597 30.97385 26.50978 4.786603 4.144453 2.624044
xbest 36.01365 149.4746 0.1000000 28.18630 285.0300 30.97385 26.50978 4.386603 4.194453 2.362794
xbest 35.43240 160.0054 0.1000811 28.62596 285.1181 32.23758 26.13284 4.550894 3.376375 2.305787
xbest 35.38773 160.3854 0.1000882 28.62423 285.1182 32.28296 26.19958 4.560064 3.392056 2.262273
xbest 35.14316 160.3854 0.1000882 28.43673 285.1126 32.28296 26.19958 4.560064 3.429556 2.297898
xbest 33.92656 177.2306 0.1007998 27.87013 285.0802 31.87097 26.11275 4.521462 3.335960 2.135909
xbest 34.19389 177.9576 0.1020966 27.83943 285.0924 31.99398 25.89424 4.501381 3.325496 2.148580
xbest 34.19389 177.9576 0.1000879 27.83943 285.0924 31.99398 25.89424 4.501381 3.325496 2.148580
xbest 34.02331 179.1311 0.1013679 27.89269 285.0926 31.92570 26.15846 4.476433 3.308431 2.127612
xbest 34.02331 179.1311 0.1000000 27.89269 285.0926 31.92570 26.14830 4.470183 3.295931 2.114252
xbest 34.13705 175.1253 0.1012901 27.98026 285.0671 31.93471 25.85503 4.499933 3.406370 2.165886
xbest 34.23151 175.9501 0.1012589 27.85790 285.0703 31.93839 25.84378 4.496176 3.373358 2.160188
xbest 34.22823 177.9317 0.1013415 27.83660 285.0706 31.93777 25.85150 4.496139 3.358256 2.157272
xbest 34.24858 174.6210 0.1012415 28.17898 285.0661 31.93390 25.84819 4.502771 3.335899 2.189071
xbest 34.24480 174.4080 0.1014319 28.21024 285.0654 31.92968 25.85489 4.504083 3.333581 2.188711
xbest 34.24480 174.4080 0.1000000 28.21024 285.0654 31.92968 25.85489 4.504083 3.321081 2.200586
xbest 34.08978 176.1733 0.1016639 27.87329 285.0610 31.94302 25.78972 4.498449 3.395030 2.178041
xbest 34.08095 177.3531 0.1023440 27.93842 285.0657 31.94728 25.80250 4.498380 3.284640 2.174961
xbest 34.09884 177.0206 0.1011676 27.92662 285.0648 31.94648 25.80174 4.498695 3.314289 2.177733
xbest 34.10110 177.0956 0.1015615 27.87331 285.0651 31.94236 25.80194 4.498452 3.347350 2.177720
xbest 34.11475 175.1490 0.1019264 28.05754 285.0642 31.94599 25.80006 4.498633 3.336018 2.177179
xbest 34.11475 175.1490 0.1019264 28.05754 285.0642 31.94599 25.80006 4.498657 3.332893 2.177179
xbest 34.12139 175.8588 0.1019578 28.06410 285.0633 31.94642 25.79265 4.498837 3.338035 2.178625
xbest 34.10745 176.0672 0.1016767 28.04915 285.0638 31.94571 25.79869 4.498775 3.343237 2.178311
xbest 34.10745 176.0672 0.1015009 28.06123 285.0638 31.94571 25.79869 4.498775 3.336987 2.178311
xbest 33.92698 178.7767 0.1011696 27.95749 285.0642 31.94972 25.79048 4.505532 3.357757 2.201547
xbest 33.92069 178.5774 0.1011175 27.99598 285.0646 31.94959 25.79830 4.506978 3.350904 2.198329
xbest 33.92200 178.5984 0.1010678 27.98927 285.0652 31.94942 25.79844 4.506736 3.352415 2.195771
xbest 33.91769 178.8527 0.1011231 27.99836 285.0646 31.94690 25.79858 4.506526 3.332784 2.195596
xbest 33.91864 178.8581 0.1010950 27.99589 285.0650 31.94842 25.79867 4.506851 3.333847 2.195675
xbest 33.93064 178.9331 0.1007350 27.98516 285.0646 31.94872 25.79958 4.507198 3.332382 2.196785
xbest 34.17456 178.0375 0.1010659 28.51026 285.0681 31.94776 25.81162 4.447741 3.019118 2.181630
xbest 34.17798 178.0375 0.1010659 28.51026 285.0681 31.94776 25.81162 4.447741 3.019118 2.181630
xbest 34.11933 178.4617 0.1010933 28.49512 285.0679 31.94744 25.80996 4.447997 3.027643 2.182329
xbest 34.11933 178.4617 0.1000879 28.49512 285.0682 31.94744 25.80996 4.447802 3.027643 2.182329
xbest 34.17196 177.9682 0.1010992 28.57786 285.0680 31.94681 25.80980 4.447827 2.977789 2.182528
xbest 34.21297 177.9682 0.1000000 28.57786 285.0680 31.94681 25.80980 4.447827 2.974663 2.182528
xbest 34.15433 178.4285 0.1010149 28.68771 285.0669 31.93470 25.80425 4.447523 2.906489 2.183175
xbest 34.15300 178.3486 0.1009686 28.73541 285.0671 31.93427 25.80030 4.447027 2.880727 2.183353
xbest 34.15254 178.3601 0.1009367 28.81944 285.0670 31.93415 25.79977 4.446482 2.834442 2.183776
xbest 34.15254 178.6726 0.1000000 28.81944 285.0670 31.93102 25.79977 4.446482 2.821942 2.183776
xbest 34.15254 178.6922 0.1000000 28.81944 285.0670 31.93102 25.79977 4.446482 2.821942 2.183776

$time
elapsed elapsed elapsed elapsed elapsed elapsed elapsed elapsed elapsed elapsed elapsed elapsed elapsed elapsed elapsed elapsed elapsed elapsed elapsed elapsed elapsed elapsed elapsed elapsed elapsed elapsed elapsed elapsed elapsed elapsed 
   3.45   10.20   16.84   63.47   75.17   79.97  109.98  139.58  143.04  226.40  231.54  250.36  268.29  280.73  286.42  291.81  295.15  312.59  403.33  409.78  415.50  492.22  495.95  532.36  543.72  559.95  669.26  685.40  909.89  982.62 
elapsed elapsed elapsed elapsed elapsed elapsed elapsed elapsed elapsed elapsed elapsed elapsed elapsed 
1073.86 1429.83 1594.31 1597.59 1670.31 1674.25 1704.86 1740.70 1759.36 1771.28 1777.53 1807.12 1810.76 

$neval
 [1]   106   256   385  1493  1766  1864  2538  3208  3287  5178  5284  5702  6112  6389  6529  6667  6752  7156  9262  9397  9537 11247 11326 12133 12404 12762 15090 15436 20495 22053 24043 31970 35506 35579 37374 37464 38137 38913 39312
[40] 39580 39716 40344 40345

$fbest
[1] 1081.052

$xbest
 [1]  34.152541 178.692173   0.100000  28.819442 285.067010  31.931025  25.799773   4.446482   2.821942   2.183776

$numeval
[1] 40345

$end_crit
[1] 2

$cpu_time
elapsed 
1810.76 

$Refset
$Refset$x
           [,1]      [,2]        [,3]      [,4]       [,5]      [,6]     [,7]       [,8]      [,9]    [,10]
 [1,]  34.15254   0.10000 285.0670097 25.799773   2.821942  34.15254  0.10000 285.067010 25.799773 2.821942
 [2,] 178.67264  28.81944  31.9310245  4.446482   2.183776 178.67264 28.81944  31.931025  4.446482 2.183776
 [3,] 177.96819  28.57786  31.9468130  4.447827   2.182528 177.96819 28.57786  31.946813  4.447827 2.182528
 [4,]  34.16311 178.24656   0.1010854 28.602468 285.067395  31.94171 25.80908   4.447790  2.965692 2.182638
 [5,]  34.18251 178.23794   0.1009432 28.896748 285.067680  31.93777 25.80927   4.447555  2.810315 2.182965
 [6,]  19.82560 436.30366   0.9442670 26.548915 286.804609  22.93510 35.38485   6.049902  8.321271 2.866514
 [7,]  34.11161 178.77099   0.1009460 28.708981 285.066108  31.93656 25.79970   4.443432  2.895576 2.181233
 [8,]  33.91588 178.78881   0.1006896 28.098374 285.064860  31.94688 25.79913   4.506366  3.268346 2.196715
 [9,]  33.91189 178.66598   0.1000746 28.050995 285.065326  31.94786 25.79835   4.506332  3.315315 2.196906
[10,]  33.91404 178.88296   0.1004054 28.000862 285.064726  31.94722 25.79869   4.506427  3.332017 2.196909
[11,]  33.91222 178.67136   0.1002601 28.031545 285.065235  31.94738 25.79836   4.506409  3.325869 2.196917
[12,]  29.65955 195.56752   0.1433114 30.000000 284.989169  31.95964 25.01972   4.658136  2.597683 2.301478

$Refset$f
 [1]    1081.594    1081.594    1085.153    1086.665    1086.882 1000000.000    1090.898    1091.755    1091.884    1092.314    1092.389    1416.399

$Refset$fpen
 [1] 1.081594e+03 1.081594e+03 1.085153e+03 1.086665e+03 1.086882e+03 9.999975e+11 1.090898e+03 1.091755e+03 1.091884e+03 1.092314e+03 1.092389e+03 1.416399e+03

$Refset$const
              [,1]         [,2]         [,3]         [,4]         [,5]
 [1,] 2.599750e+01 7.180558e+00 2.699339e+00 3.317806e+01 1.698818e+00
 [2,] 3.317806e+01 1.698818e+00 2.599750e+01 7.180558e+00 2.699339e+00
 [3,] 3.302534e+01 1.698683e+00 2.560320e+01 7.422136e+00 2.699236e+00
 [4,] 2.563678e+01 3.303431e+01 7.397532e+00 1.698766e+00 2.699480e+00
 [5,] 2.608643e+01 3.318968e+01 7.103252e+00 1.698730e+00 2.699878e+00
 [6,] 1.000000e+06 1.000000e+06 1.000000e+06 1.000000e+06 1.000000e+06
 [7,] 2.581340e+01 3.310442e+01 7.291019e+00 1.698939e+00 2.698707e+00
 [8,] 2.483003e+01 3.273165e+01 7.901626e+00 1.699102e+00 2.697564e+00
 [9,] 2.473568e+01 3.268468e+01 7.949005e+00 1.699036e+00 2.697489e+00
[10,] 2.466885e+01 3.266798e+01 7.999138e+00 1.699120e+00 2.697466e+00
[11,] 2.470568e+01 3.267413e+01 7.968455e+00 1.699049e+00 2.697513e+00
[12,] 2.740232e+01 3.340232e+01 6.000000e+00 1.707954e+00 2.605773e+00

$Refset$penalty
 [1]      0.0      0.0      0.0      0.0      0.0 999996.5      0.0      0.0      0.0      0.0      0.0      0.0


