$f
 [1] 1715.2205 1101.8385  901.5243  672.5538  628.1719  563.4861  516.1580  488.2274  481.1753  402.7882  387.5035  367.8559  365.7604  347.4878  345.5833  344.7118  336.8385  335.0000  333.1771  333.0399  332.6562  331.4132  328.4878
[24]  323.3802  322.4983  322.2691  321.4514  320.5312  320.1892  319.3698  318.7187  318.7101  318.4115  317.9149  317.8385  317.5677  317.3247  317.0868  316.5226  316.5208  315.7535  315.5712  315.5712

$x
           [,1]     [,2]      [,3]     [,4]     [,5]     [,6]     [,7]     [,8]     [,9]    [,10]
xbest  8.621036 267.7906 0.1713020 21.98237 285.6744 44.19263 36.09053 9.914063 3.438679 4.352987
xbest  8.631565 424.8797 0.1530747 16.91166 286.2480 43.42881 33.02784 7.248900 2.497715 3.042194
xbest  8.631565 444.8797 0.1586997 16.91166 286.2292 43.42881 33.27159 7.248900 2.422715 2.994694
xbest  6.102706 170.7965 0.2744357 27.39191 285.9059 47.15657 37.92681 9.579927 5.543837 2.775513
xbest 11.086425 236.9013 0.2461368 24.35047 286.2913 41.36311 29.23329 7.538349 2.501488 2.040898
xbest  7.025235 186.9006 0.2710101 27.91175 286.0847 46.39265 35.69643 9.464178 3.971485 2.429558
xbest 11.937710 270.8547 0.2110696 23.53986 286.6535 40.20255 27.56536 7.144717 3.118861 1.910844
xbest 11.992397 270.2297 0.2125637 23.16486 286.6535 40.05255 27.72786 7.144717 3.103236 1.913813
xbest 10.765179 339.8417 0.3344844 21.12545 286.5473 40.68984 28.36199 7.202983 3.416668 1.816887
xbest 11.433405 336.6234 0.3591089 21.28095 286.5957 41.04959 27.78557 7.180421 3.250735 1.832732
xbest 10.809971 348.5272 0.3274448 21.03688 286.5484 40.90045 28.23477 7.187415 3.133526 1.839810
xbest 10.809971 347.2014 0.3049448 21.03688 286.5484 40.90045 28.24196 7.187415 3.157421 1.827935
xbest 10.602865 346.8079 0.3542369 21.04371 286.5596 40.91601 28.27683 7.199426 3.578496 1.838655
xbest 10.602865 346.6517 0.3561705 21.23121 286.5525 40.91288 28.19558 7.199426 3.575371 1.838655
xbest 10.606973 353.0768 0.3929939 20.95840 286.5633 40.88312 28.34655 7.201704 3.636383 1.826418
xbest 10.606973 353.1159 0.3929939 20.95840 286.5633 40.88312 28.34655 7.201704 3.636383 1.826418
xbest 10.607684 351.3298 0.3942765 21.08287 286.5635 40.89750 28.27799 7.198601 3.635977 1.816309
xbest 10.607684 351.3298 0.3942765 21.08287 286.5635 40.89750 28.27799 7.198601 3.642227 1.816309
xbest 10.608614 352.8114 0.3912781 20.96429 286.5625 40.88400 28.29770 7.203466 3.635392 1.826130
xbest 10.675252 346.1769 0.4104583 21.31164 286.5623 40.90598 28.25072 7.199478 3.578218 1.815498
xbest 10.675252 346.1769 0.4104583 21.31164 286.5623 40.90598 28.25072 7.199478 3.581343 1.818467
xbest 10.663636 352.7800 0.4149951 20.94373 286.5625 40.89811 28.27127 7.202119 3.578573 1.816163
xbest 10.662277 352.7991 0.4149159 20.94482 286.5625 40.89733 28.26651 7.202158 3.571645 1.816215
xbest 10.662277 353.0921 0.4149159 21.13232 286.5620 40.89733 28.25128 7.202158 3.571645 1.819183
xbest 10.659047 345.7305 0.3922955 21.28364 286.5663 40.90562 28.24230 7.199435 3.659791 1.824875
xbest 10.655629 345.7305 0.3922955 21.28364 286.5663 40.90562 28.24230 7.199435 3.659791 1.824875
xbest 10.689899 345.8597 0.3933451 21.28063 286.5656 40.90326 28.24395 7.199462 3.659015 1.823896
xbest 10.680468 346.0274 0.3937943 21.28223 286.5650 40.90477 28.24453 7.199417 3.657991 1.823893
xbest 10.685852 345.9573 0.3931214 21.25570 286.5630 40.90252 28.23710 7.199482 3.670964 1.823328
xbest 10.686455 345.9427 0.3930180 21.24791 286.5630 40.90138 28.23772 7.199519 3.668456 1.823065
xbest 10.683160 346.4683 0.3940369 21.25831 286.5637 40.90158 28.24548 7.199452 3.654132 1.822751
xbest 10.683160 346.4488 0.3940369 21.25831 286.5637 40.90158 28.24548 7.199452 3.654132 1.822751
xbest 10.679812 346.3345 0.3947261 21.26330 286.5651 40.90373 28.24494 7.199182 3.656372 1.822901
xbest 10.680712 346.3548 0.3945199 21.26204 286.5637 40.90219 28.24509 7.199306 3.655302 1.822824
xbest 10.676880 346.3736 0.3942966 21.28229 286.5644 40.90262 28.24534 7.199311 3.641214 1.822665
xbest 10.680461 346.1134 0.3941327 21.28032 286.5635 40.90301 28.24681 7.199297 3.648927 1.822818
xbest 10.676396 346.1906 0.3951158 21.28091 286.5628 40.90568 28.24328 7.200635 3.650933 1.827246
xbest 10.666520 344.4714 0.3963542 21.28320 286.5635 40.90492 28.24297 7.200331 3.723690 1.826986
xbest 10.659684 344.4714 0.3965300 21.28320 286.5635 40.90492 28.24297 7.200331 3.723690 1.827728
xbest 10.665884 342.8834 0.3966689 21.27956 286.5635 40.90487 28.24459 7.200356 3.766920 1.826948
xbest 10.704200 340.0748 0.3953379 21.24502 286.5631 40.90219 28.24311 7.200538 3.860829 1.826137
xbest 10.705827 340.0752 0.3954350 21.24002 286.5630 40.90214 28.24331 7.200593 3.864199 1.826133
xbest 10.705827 340.0752 0.3954350 21.24002 286.5630 40.90214 28.24331 7.200593 3.864199 1.826133

$time
elapsed elapsed elapsed elapsed elapsed elapsed elapsed elapsed elapsed elapsed elapsed elapsed elapsed elapsed elapsed elapsed elapsed elapsed elapsed elapsed elapsed elapsed elapsed elapsed elapsed elapsed elapsed elapsed elapsed elapsed 
   1.99    5.19    7.55   14.46   20.80   30.10   35.55   41.49   44.10   49.49   66.69   71.36  152.14  154.60  188.71  190.14  240.08  241.71  247.44  270.39  272.72  290.69  296.55  301.32  336.07  337.52  343.07  354.85  357.78  360.63 
elapsed elapsed elapsed elapsed elapsed elapsed elapsed elapsed elapsed elapsed elapsed elapsed elapsed 
 367.02  368.58  376.69  383.03  407.72  455.30  780.83  909.55  911.41  936.41  943.85  960.53 1075.03 

$neval
 [1]   106   256   372   658   937  1356  1631  1890  2025  2295  3116  3354  7182  7304  8942  9015 11460 11533 11804 12899 12978 13939 14212 14453 16213 16287 16560 17101 17239 17379 17652 17726 18144 18417 19582 21845 36975 42290 42373
[40] 43586 43923 44732 50019

$fbest
[1] 315.5712

$xbest
 [1]  10.705827 340.075167   0.395435  21.240018 286.563020  40.902143  28.243314   7.200593   3.864199   1.826133

$numeval
[1] 50019

$end_crit
[1] 1

$cpu_time
elapsed 
1075.03 

$Refset
$Refset$x
          [,1]     [,2]      [,3]     [,4]     [,5]     [,6]     [,7]     [,8]     [,9]    [,10]
 [1,] 10.70791 340.0475 0.3957275 21.24154 286.5630 40.90497 28.24262 7.200834 3.862440 1.826398
 [2,] 10.70595 340.1704 0.3962378 21.23909 286.5630 40.90351 28.24351 7.200823 3.863372 1.826105
 [3,] 10.70559 340.2579 0.3963769 21.24259 286.5630 40.90484 28.24336 7.200725 3.859282 1.826297
 [4,] 10.70676 340.0505 0.3955504 21.24917 286.5629 40.90581 28.24302 7.200667 3.857401 1.826353
 [5,] 10.70660 340.1730 0.3962473 21.23905 286.5630 40.90352 28.24351 7.200817 3.863147 1.826096
 [6,] 10.70675 340.1585 0.3961167 21.23923 286.5630 40.90411 28.24322 7.200798 3.863236 1.826110
 [7,] 10.70792 340.0475 0.3956799 21.24047 286.5630 40.90498 28.24262 7.200831 3.862310 1.826391
 [8,] 10.70689 339.9989 0.3949339 21.23525 286.5631 40.90347 28.24924 7.200877 3.865678 1.826091
 [9,] 10.43616 341.5348 0.3953691 21.21228 286.6167 40.89977 28.55353 7.153485 4.035018 2.019492
[10,] 10.74660 317.2885 0.3995933 21.09680 286.5091 39.67011 28.89174 6.919218 3.997962 1.825033
[11,] 10.71226 339.4072 0.2645203 17.52420 286.3032 42.58163 30.59172 9.159795 4.878998 3.164036
[12,]  5.00000 296.1149 0.4384044 24.57183 286.5510 44.74885 28.46088 7.784915 4.666995 2.191549

$Refset$f
 [1]  315.5712  315.5712  315.5712  315.5712  315.5712  315.5712  315.9062  315.9062  375.7656  667.1632 1549.1024 1953.8299

$Refset$fpen
 [1]  315.5712  315.5712  315.5712  315.5712  315.5712  315.5712  315.9062  315.9062  375.7656  667.1632 1549.1024 1953.8299

$Refset$const
          [,1]     [,2]     [,3]     [,4]     [,5]
 [1,] 17.37910 32.13756 14.75846 1.521827 2.747667
 [2,] 17.37572 32.13663 14.76091 1.521814 2.747838
 [3,] 17.38330 32.14072 14.75741 1.521816 2.747759
 [4,] 17.39177 32.14260 14.75083 1.521832 2.747642
 [5,] 17.37591 32.13685 14.76095 1.521814 2.747837
 [6,] 17.37600 32.13676 14.76077 1.521818 2.747777
 [7,] 17.37816 32.13769 14.75953 1.521826 2.747673
 [8,] 17.36957 32.13432 14.76475 1.521782 2.748317
 [9,] 17.17726 31.96498 14.78772 1.514613 2.792789
[10,] 17.09884 32.00204 14.90320 1.522742 2.847861
[11,] 12.64520 31.12100 18.47580 1.548257 2.740152
[12,] 19.90483 31.33301 11.42817 1.529240 2.582501

$Refset$penalty
 [1] 0 0 0 0 0 0 0 0 0 0 0 0


