$f
 [1] 1375.1927 1055.4323  930.9253  889.4774  878.3733  865.8576  855.3958  848.9184  847.0451  846.4028  816.7812  805.3021  769.5122  732.5590  732.1597  720.8993  716.3819  715.7813  713.9549  713.2847  713.0000  712.6094  711.7187
[24]  711.4722  711.3872  711.1354  706.9236  691.9392  690.0920  687.9549  669.8698  622.0868  622.0868

$x
           [,1]     [,2]      [,3]     [,4]     [,5]     [,6]     [,7]     [,8]     [,9]    [,10]
xbest  9.212274 348.4945 0.9075315 17.91846 285.2944 26.85985 26.15175 8.002662 9.495249 2.435303
xbest 12.893969 245.8837 0.4185478 26.19363 286.0730 41.52224 26.32964 5.409164 3.446517 2.294903
xbest 12.893969 265.5712 0.3728446 26.20535 286.2230 41.54724 26.37027 5.409164 3.427767 2.306778
xbest 14.571628 197.5323 0.3556417 25.61254 286.4039 45.22236 26.75458 4.744301 5.247525 2.355094
xbest 12.097716 268.5808 0.3841159 25.77780 286.3652 42.67802 26.33190 5.322696 4.023985 2.304571
xbest 14.527206 198.8520 0.3297887 25.90454 286.3828 45.19767 26.28696 4.735137 4.787298 2.379962
xbest 14.472519 198.8957 0.3270373 25.90454 286.3880 45.19767 26.28696 4.735137 4.785551 2.376993
xbest 12.180203 257.8668 0.3338460 26.44740 286.4355 45.22740 26.26548 4.630212 3.784859 2.320286
xbest 12.001381 279.8887 0.3496281 26.50693 286.7044 43.88277 26.39513 4.792472 3.715424 2.336468
xbest 12.001381 279.8887 0.3496281 26.50693 286.6856 43.88277 26.39513 4.792472 3.715424 2.339437
xbest 15.448360 195.5061 0.1720790 30.00000 286.8234 44.30693 27.38852 5.030937 2.001950 1.914295
xbest 11.876308 297.1611 0.4655201 26.15666 286.7021 43.85408 26.27518 4.876099 3.501999 2.424597
xbest 13.998696 210.6541 0.2267593 27.91364 286.8054 45.31969 27.18389 5.259065 2.780198 1.671837
xbest 13.998696 210.6541 0.1859781 27.91071 286.8054 45.31969 27.20421 5.284456 2.836448 1.677774
xbest 13.796003 224.2463 0.2436491 27.67001 286.8054 45.20013 27.40261 5.240433 2.789065 1.716555
xbest 13.796003 227.0307 0.2109115 27.67001 286.8054 45.20013 27.32867 5.240433 2.614065 1.716555
xbest 14.262776 218.8687 0.2139146 27.22141 286.8052 45.39836 27.11869 5.260919 2.859233 1.695811
xbest 14.262776 218.8687 0.2139146 27.22141 286.8052 45.39836 27.11869 5.260919 2.856108 1.695811
xbest 14.236008 219.4289 0.2167565 27.22644 286.7975 45.34471 27.10114 5.263009 2.854449 1.701436
xbest 14.250507 218.8239 0.2176672 27.22179 286.8002 45.36678 27.11848 5.262424 2.858356 1.697809
xbest 14.242267 219.2585 0.2172791 27.24058 286.7993 45.35998 27.10347 5.262717 2.856601 1.699659
xbest 14.239839 219.1106 0.2183055 27.24992 286.8002 45.36312 27.10035 5.262662 2.856412 1.698678
xbest 14.227996 218.9940 0.2193044 27.25412 286.7974 45.36065 27.09650 5.262740 2.855805 1.698705
xbest 14.227996 218.9940 0.2193044 27.25412 286.7974 45.36065 27.05588 5.262740 2.855805 1.701674
xbest 14.235311 219.0974 0.2188490 27.23250 286.8010 45.36240 27.09745 5.262204 2.859410 1.698541
xbest 14.247876 218.9511 0.2200671 27.23015 286.8002 45.36404 27.09985 5.262808 2.856409 1.698068
xbest 13.562165 247.1989 0.2429545 25.60796 286.7816 45.83511 27.70828 5.760277 3.239224 1.707461
xbest 13.507477 247.1989 0.2208060 25.42046 286.7816 45.83511 27.70828 5.760277 3.264224 1.704493
xbest 12.975936 262.4698 0.2445638 24.85778 286.7773 45.85029 28.21064 5.770706 3.446411 1.705927
xbest 12.962264 262.4698 0.2220638 24.86071 286.7773 45.85029 28.21064 5.770706 3.446411 1.705927
xbest 13.868909 218.4985 0.2042805 27.24766 286.7646 47.86478 24.00000 5.715375 2.800842 1.267999
xbest 13.868909 218.4985 0.2492805 27.23008 286.7317 47.86478 24.04062 5.715375 2.775842 1.267999
xbest 13.868909 218.4985 0.2492805 27.23008 286.7317 47.86478 24.04062 5.715375 2.775842 1.267999

$time
elapsed elapsed elapsed elapsed elapsed elapsed elapsed elapsed elapsed elapsed elapsed elapsed elapsed elapsed elapsed elapsed elapsed elapsed elapsed elapsed elapsed elapsed elapsed elapsed elapsed elapsed elapsed elapsed elapsed elapsed 
   2.08    5.27    7.97   18.43   34.66   40.71   43.16   57.49   71.19   72.77   80.82   89.66  100.38  102.91  166.58  168.88  254.21  255.75  264.49  276.03  278.86  281.47  290.88  315.78  415.68  439.53  520.00  522.39  530.80  551.94 
elapsed elapsed elapsed 
1018.77 1020.75 1032.97 

$neval
 [1]   106   258   381   818  1509  1787  1896  2565  3231  3310  3712  4113  4655  4778  7902  8017 12205 12279 12687 13240 13377 13515 13983 15157 19971 21135 25052 25168 25584 26627 49382 49486 50037

$fbest
[1] 622.0868

$xbest
 [1]  13.8689093 218.4984600   0.2492805  27.2300819 286.7317490  47.8647815  24.0406250   5.7153750   2.7758416   1.2679987

$numeval
[1] 50037

$end_crit
[1] 1

$cpu_time
elapsed 
1032.97 

$Refset
$Refset$x
           [,1]        [,2]        [,3]      [,4]       [,5]      [,6]       [,7]       [,8]      [,9]    [,10]
 [1,]  13.86891   0.2492805 286.7317490 24.040625   2.775842  13.86891  0.2492805 286.731749 24.040625 2.775842
 [2,] 218.49846  27.2300819  47.8647815  5.715375   1.267999 218.49846 27.2300819  47.864781  5.715375 1.267999
 [3,]  14.16672 219.6608682   0.2227263 27.284406 286.799269  45.36241 27.0941594   5.262698  2.859203 1.700061
 [4,]  14.16651 219.6470033   0.2227670 27.287756 286.799469  45.36117 27.0943066   5.262695  2.858118 1.699946
 [5,]  14.16700 219.6577925   0.2227393 27.286869 286.799409  45.36065 27.0949544   5.262448  2.858087 1.700003
 [6,]  14.16697 219.7116233   0.2227574 27.285010 286.800684  45.36268 27.0993560   5.262732  2.856636 1.699254
 [7,]  14.16615 219.6656263   0.2227451 27.285988 286.799484  45.36219 27.0951753   5.262548  2.858631 1.699552
 [8,]  14.16664 219.6615210   0.2227605 27.284411 286.799272  45.36122 27.0948959   5.262675  2.859335 1.699500
 [9,]  14.16156 219.6915162   0.2224380 27.284345 286.799416  45.35864 27.0913494   5.262732  2.858538 1.698809
[10,]  14.16644 219.8648496   0.2203945 27.286355 286.799450  45.36059 27.0799385   5.262121  2.854489 1.699630
[11,]  14.16487 219.7111906   0.2194749 27.283514 286.796708  45.34886 27.0917740   5.262641  2.859031 1.699388
[12,]  14.01365 216.5984731   0.2226248 26.523798 286.494839  44.58262 26.8147225   5.224800  3.353382 1.694395

$Refset$f
 [1] 622.0868 622.0868 710.9774 710.9774 710.9774 710.9774 710.9774 710.9774 711.0677 711.3264 711.1302 890.8507

$Refset$fpen
 [1] 622.0868 622.0868 710.9774 710.9774 710.9774 710.9774 710.9774 710.9774 711.0677 711.3264 711.1302 890.8507

$Refset$const
          [,1]      [,2]      [,3]      [,4]     [,5]
 [1,] 24.45424  8.769918  2.298173 33.224158 1.519477
 [2,] 33.22416  1.519477 24.454240  8.769918 2.298173
 [3,] 24.42520 33.140797  8.715594  1.507188 2.565701
 [4,] 24.42964 33.141882  8.712244  1.507166 2.565831
 [5,] 24.42878 33.141913  8.713131  1.507170 2.565867
 [6,] 24.42837 33.143364  8.714990  1.507032 2.566548
 [7,] 24.42736 33.141369  8.714012  1.507164 2.565853
 [8,] 24.42508 33.140665  8.715589  1.507185 2.565790
 [9,] 24.42581 33.141462  8.715655  1.507175 2.565722
[10,] 24.43187 33.145511  8.713645  1.507200 2.564969
[11,] 24.42448 33.140969  8.716486  1.507438 2.565070
[12,] 23.17042 32.646618  9.476202  1.537531 2.469286

$Refset$penalty
 [1] 0 0 0 0 0 0 0 0 0 0 0 0


