$f
 [1] 1402.6111  910.9740  581.1997  526.5903  472.8264  448.3003  438.4740  327.3108  306.1181  293.2066  290.2378  275.3958  275.2760  274.8646  274.7552  274.4323  274.0660  263.8212  240.7014  231.5399  231.5399

$x
           [,1]     [,2]      [,3]     [,4]     [,5]     [,6]     [,7]      [,8]     [,9]    [,10]
xbest 15.243594 273.3173 0.2135791 21.09998 285.9392 43.34505 29.13757  5.804310 2.260062 1.946489
xbest 14.314645 270.2754 0.2142016 21.86206 286.1339 43.29308 27.17564  5.479935 4.015658 2.429024
xbest 14.314645 290.2656 0.1000000 21.86206 286.1339 43.31808 27.17564  5.479935 3.965658 2.476524
xbest  9.170589 299.8968 0.2183562 23.26904 285.5040 35.68228 27.14740 10.000000 3.300419 2.211588
xbest  9.106663 302.0750 0.2157755 23.33632 286.1709 36.90780 29.72213  8.437342 4.536364 2.271537
xbest 10.197648 298.3417 0.2142360 23.04756 286.1606 36.95485 29.05369  7.858211 4.518242 2.308447
xbest  9.688038 308.4384 0.1904070 23.20932 285.8175 36.70825 26.42663  9.314353 4.244062 2.432439
xbest  9.688038 288.3603 0.2072820 23.20932 285.8175 36.70825 26.34538  9.314353 4.544062 2.432439
xbest 10.406481 303.2897 0.1824537 22.50106 286.1665 38.49024 28.70878  8.420434 4.728599 2.372575
xbest 10.406481 303.2897 0.2047779 22.50106 286.1647 38.49024 28.70878  8.420434 4.741880 2.372575
xbest 10.453116 299.1406 0.1822693 22.44575 286.1450 38.17292 28.44849  8.416242 4.799805 2.363905
xbest 10.391974 299.4027 0.1806971 22.44247 286.1450 38.17292 28.52974  8.415805 4.795438 2.372331
xbest 10.545852 303.8439 0.1775829 22.22931 286.1509 38.29319 28.76959  8.416078 4.639843 2.381272
xbest 10.552688 303.8439 0.1775829 22.22931 286.1509 38.29319 28.76959  8.416078 4.639843 2.381272
xbest 10.523078 304.5414 0.1838725 22.28515 286.1597 38.31197 28.74670  8.415559 4.635981 2.376276
xbest 10.523078 304.5414 0.1837846 22.28515 286.1597 38.31197 28.74670  8.415559 4.632856 2.376276
xbest 10.766639 326.0521 0.1888269 22.19909 286.1449 39.05947 28.58825  8.486189 3.823286 2.334092
xbest 10.766639 326.0521 0.1670300 22.19983 286.1436 39.03447 28.58825  8.486189 3.785786 2.334834
xbest 10.778925 334.7786 0.1962021 21.93479 286.1910 39.28657 28.78997  8.486441 3.803780 2.332237
xbest 10.560175 334.7786 0.2092686 21.93479 286.1910 39.28657 28.95247  8.486441 3.907274 2.332237
xbest 10.560175 334.7786 0.2092686 21.93479 286.1910 39.28657 28.95247  8.486441 3.907274 2.332237

$time
elapsed elapsed elapsed elapsed elapsed elapsed elapsed elapsed elapsed elapsed elapsed elapsed elapsed elapsed elapsed elapsed elapsed elapsed elapsed elapsed elapsed 
   1.92    5.51    7.84   14.47   21.81   28.17   37.48   43.82  158.82  161.67  277.43  280.39  501.26  502.90  680.67  682.64  866.95  869.42  884.59  902.00 1135.37 

$neval
 [1]   106   261   364   654   933  1207  1614  1859  6588  6686 11838 11982 21489 21567 29614 29694 38121 38236 38932 39716 50133

$fbest
[1] 231.5399

$xbest
 [1]  10.5601752 334.7785948   0.2092686  21.9347892 286.1910006  39.2865734  28.9524651   8.4864408   3.9072736   2.3322370

$numeval
[1] 50133

$end_crit
[1] 1

$cpu_time
elapsed 
1135.37 

$Refset
$Refset$x
          [,1]     [,2]      [,3]     [,4]     [,5]     [,6]     [,7]     [,8]     [,9]    [,10]
 [1,] 10.54161 309.3492 0.2087009 22.36014 286.1521 38.88105 28.72326 8.473350 4.549245 2.361075
 [2,] 10.54081 309.3442 0.2086388 22.36145 286.1521 38.88103 28.72290 8.473300 4.549077 2.361268
 [3,] 10.54190 309.3029 0.2085548 22.36106 286.1521 38.87933 28.72303 8.473290 4.549907 2.361160
 [4,] 10.54177 309.3496 0.2086806 22.36075 286.1521 38.88137 28.72263 8.473332 4.548418 2.360823
 [5,] 10.54195 309.3518 0.2086320 22.36066 286.1521 38.88122 28.72275 8.473246 4.548696 2.360933
 [6,] 10.54117 309.3439 0.2086602 22.35975 286.1521 38.88162 28.72084 8.473338 4.549036 2.360854
 [7,] 10.54113 309.3491 0.2087001 22.36015 286.1521 38.88105 28.72324 8.473348 4.549228 2.361079
 [8,] 10.54202 309.3558 0.2085823 22.36103 286.1521 38.87944 28.72290 8.473155 4.548714 2.361025
 [9,] 10.56169 309.7936 0.2033522 22.37809 286.1500 38.83124 28.68849 8.465390 4.498920 2.384239
[10,] 10.54652 309.5164 0.2070167 22.36414 286.1534 38.89514 28.72103 8.468151 4.543634 2.371085
[11,] 10.54103 309.2364 0.2080802 22.37334 286.1521 38.88069 28.72454 8.473278 4.557194 2.361056
[12,] 11.59585 314.0176 0.2150867 21.98852 286.1511 38.85233 30.77184 8.458751 3.490890 2.336619

$Refset$f
 [1]  253.8681  253.8681  253.8681  253.8681  253.8681  253.8681  253.8681  254.0642  254.5573  254.6441  254.7778 1103.7726

$Refset$fpen
 [1]  253.8681  253.8681  253.8681  253.8681  253.8681  253.8681  253.8681  254.0642  254.5573  254.6441  254.7778 1103.7726

$Refset$const
          [,1]     [,2]     [,3]     [,4]     [,5]
 [1,] 17.81090 31.45076 13.63986 1.563799 2.753328
 [2,] 17.81238 31.45092 13.63855 1.563802 2.753295
 [3,] 17.81116 31.45009 13.63894 1.563792 2.753425
 [4,] 17.81233 31.45158 13.63925 1.563798 2.753265
 [5,] 17.81197 31.45130 13.63934 1.563799 2.753281
 [6,] 17.81072 31.45096 13.64025 1.563807 2.753095
 [7,] 17.81092 31.45077 13.63985 1.563799 2.753327
 [8,] 17.81231 31.45129 13.63897 1.563794 2.753404
 [9,] 17.87917 31.50108 13.62191 1.564049 2.752789
[10,] 17.82051 31.45637 13.63586 1.563681 2.752715
[11,] 17.81614 31.44281 13.62666 1.563798 2.753445
[12,] 18.49763 32.50911 14.01148 1.557073 2.932183

$Refset$penalty
 [1] 0 0 0 0 0 0 0 0 0 0 0 0


