$f
 [1] 9162.903 2564.859 2063.201 2061.811 2016.290 1911.750 1835.517 1643.028 1628.413 1627.233 1563.715 1492.436 1465.991 1376.226 1356.332 1343.411 1320.335 1266.250 1241.054 1240.594 1239.748 1239.441 1239.330 1238.627 1237.969 1237.915
[27] 1237.398 1237.071 1236.566 1236.337 1236.307 1236.137 1235.965 1235.368 1234.757 1234.611 1234.247 1233.983 1233.356 1233.045 1232.457 1231.753 1231.693 1231.554 1231.312 1230.549 1229.536 1228.788 1228.712 1228.396 1226.884 1224.802
[53] 1224.326 1223.095 1222.830 1213.835 1210.736 1209.311 1208.023 1207.686 1204.429 1203.372 1202.351 1202.250 1202.024 1201.252 1200.757 1200.750 1200.276 1199.875 1198.892 1198.382 1197.896 1197.514 1196.875 1195.955 1195.526 1195.526

$x
           [,1]     [,2]      [,3]     [,4]     [,5]     [,6]     [,7]     [,8]     [,9]    [,10]
xbest  9.547667 179.3096 0.4533071 15.79233 286.0982 44.82473 29.30810 9.547410 2.895274 4.289503
xbest 12.527144 349.3961 0.4916412 16.59939 285.8505 40.94538 30.58203 6.149869 2.718446 3.941437
xbest 12.527144 327.9986 0.1000983 16.65016 285.8099 40.88948 30.94539 6.149869 3.125434 3.923138
xbest 13.814412 353.2193 0.1275799 15.11300 286.0878 39.65646 26.09366 6.195406 2.468222 2.904002
xbest 12.360538 280.5613 0.4366600 15.14180 285.6018 45.63554 25.08347 7.153516 2.792297 3.635138
xbest 14.686954 332.2824 0.1345692 15.37582 286.2301 32.37432 28.77080 6.052598 4.904432 3.268994
xbest 14.754376 347.8206 0.1191780 15.02800 286.0939 39.89673 25.62669 6.186029 2.124980 2.083071
xbest 14.300365 324.8647 0.2128935 15.00487 286.7388 44.19854 25.24621 6.668338 2.889032 3.642949
xbest 14.278231 364.0256 0.2158257 15.00239 286.7362 42.50561 25.74726 6.636583 2.461801 3.661472
xbest 14.404022 322.0354 0.2447199 15.70943 286.7418 44.18915 25.27094 6.650924 2.577500 3.675139
xbest 14.246395 373.0253 0.2185285 15.19595 286.7362 43.24284 25.86838 6.637853 2.500481 3.657730
xbest 14.246395 373.0253 0.1688118 15.30076 286.7197 43.13103 26.05006 6.687853 2.214457 3.264453
xbest 12.527428 326.4148 0.1518446 16.56709 286.4035 44.79600 25.96761 6.204268 3.026807 1.436845
xbest 12.527428 323.0346 0.2969852 15.07502 286.4035 44.79600 25.38170 6.204268 3.026807 1.432162
xbest 12.056173 313.1367 0.2275806 17.84798 286.3733 44.81961 25.58974 6.216399 3.076190 1.470590
xbest 12.402742 320.2449 0.1809968 16.65749 286.3791 44.97207 25.64369 6.210904 3.075850 1.459089
xbest 12.267522 317.6251 0.2240661 16.70518 286.3759 44.95049 25.61606 6.213201 3.075528 1.458976
xbest 12.218543 308.9981 0.2689946 17.51216 286.3613 44.72558 25.57153 6.227809 3.082426 1.486067
xbest 12.163855 308.9981 0.4263174 17.51216 286.3613 44.72558 25.57153 6.227809 3.082426 1.486067
xbest 12.076040 284.9609 0.3973142 18.72871 286.3865 44.96297 25.58820 6.216249 3.032108 1.502056
xbest 12.072480 282.2533 0.4018174 18.88518 286.3866 44.96235 25.58736 6.216322 3.033990 1.502277
xbest 12.072480 282.2533 0.4018174 18.88518 286.3866 44.96235 25.62798 6.216322 3.033990 1.502277
xbest 12.068747 284.2038 0.3972047 18.71825 286.3851 44.96362 25.58901 6.216903 3.057733 1.503044
xbest 12.072467 282.2415 0.4003225 18.80436 286.3862 44.98216 25.58605 6.216263 3.099675 1.503356
xbest 12.070303 282.0629 0.3970902 18.78417 286.3867 44.97651 25.58699 6.216713 3.129016 1.501333
xbest 12.071482 282.1830 0.3934794 18.77868 286.3862 44.97606 25.58931 6.216851 3.121544 1.502567
xbest 12.070479 282.1133 0.3972042 18.78459 286.3865 44.97479 25.58732 6.216738 3.126528 1.501544
xbest 12.071579 281.9272 0.3897973 18.79621 286.3861 44.97144 25.58877 6.216883 3.106457 1.502742
xbest 12.071085 280.2394 0.3784911 18.89429 286.3861 44.97055 25.58578 6.217448 3.104412 1.502267
xbest 12.070858 280.3744 0.3823721 18.88250 286.3862 44.97216 25.58605 6.217312 3.110517 1.502034
xbest 12.070877 280.4531 0.3824070 18.87744 286.3863 44.97227 25.58608 6.217314 3.112908 1.502071
xbest 12.071779 280.9829 0.3854761 18.83966 286.3863 44.97235 25.58641 6.217283 3.116189 1.501907
xbest 12.070934 280.3989 0.3824059 18.86264 286.3863 44.95191 25.58608 6.219507 3.113536 1.497079
xbest 12.070970 280.4029 0.3824058 18.85581 286.3863 44.94546 25.58608 6.219406 3.113525 1.497675
xbest 12.074388 280.4029 0.3824058 18.85581 286.3863 44.94546 25.58608 6.219406 3.113525 1.497675
xbest 12.071291 279.3142 0.3882090 18.92100 286.3863 44.97342 25.58597 6.217098 3.150583 1.501988
xbest 12.071343 279.0197 0.3850952 18.92134 286.3863 44.97216 25.58598 6.216850 3.167141 1.502093
xbest 12.070821 278.2267 0.3943751 18.98340 286.3863 44.97716 25.58553 6.216989 3.174171 1.502506
xbest 12.070821 278.3049 0.3943751 18.98340 286.3863 44.97716 25.54491 6.216989 3.174171 1.502506
xbest 12.069614 278.2785 0.3901681 18.92674 286.3864 44.97757 25.58595 6.216698 3.217726 1.503553
xbest 12.068548 277.5925 0.3862867 18.97464 286.3863 44.97462 25.58669 6.219473 3.188379 1.499225
xbest 12.068602 277.4299 0.3855773 18.97381 286.3863 44.97428 25.58727 6.221004 3.186649 1.497234
xbest 12.072020 277.4299 0.3855773 18.97381 286.3863 44.97428 25.58727 6.221004 3.186649 1.497234
xbest 12.064143 276.5525 0.3899446 18.92010 286.3863 45.00789 25.53215 6.216657 3.293974 1.503679
xbest 12.066650 276.3195 0.3917362 18.93640 286.3873 45.00265 25.55191 6.216649 3.303460 1.504014
xbest 12.065373 275.6980 0.3931563 18.93532 286.3873 45.00742 25.55272 6.216579 3.352426 1.504076
xbest 12.065982 275.1679 0.3932026 18.93467 286.3873 44.99981 25.55992 6.216601 3.363250 1.504070
xbest 12.065998 274.3301 0.3925483 18.94623 286.3870 44.99875 25.57041 6.216562 3.406723 1.504046
xbest 12.064704 273.0482 0.3947223 18.95440 286.3874 45.01349 25.53503 6.216598 3.447694 1.504089
xbest 12.065218 273.7370 0.3912971 18.93589 286.3862 44.97044 25.55045 6.216647 3.455330 1.502440
xbest 12.065338 270.8217 0.3912930 18.94380 286.3865 44.98435 25.54552 6.216895 3.573590 1.502886
xbest 12.075592 270.8217 0.3912930 18.94527 286.3865 44.98435 25.54552 6.216895 3.573590 1.502886
xbest 12.075410 269.6769 0.3881372 18.93218 286.3820 44.99790 25.51017 6.218258 3.632843 1.503091
xbest 12.084199 267.5620 0.3871211 18.92537 286.3803 44.99696 25.50099 6.219623 3.734807 1.502901
xbest 12.088982 262.3424 0.3856418 18.89169 286.3722 44.99009 25.45223 6.223277 4.015234 1.502049
xbest 12.109436 258.9249 0.3773487 18.85190 286.3630 44.99075 25.41767 6.227854 4.115805 1.501588
xbest 12.101015 261.3693 0.3857778 18.79081 286.3639 44.99983 25.39247 6.229065 4.036894 1.501752
xbest 12.099827 261.4210 0.3857392 18.75980 286.3620 45.00333 25.38971 6.229442 4.103403 1.501766
xbest 12.099827 261.4210 0.3857392 18.75980 286.3620 45.00333 25.38971 6.229442 4.103403 1.502508
xbest 12.116937 256.1155 0.3829821 18.93348 286.3602 44.98445 25.41219 6.228847 4.153383 1.501154
xbest 12.123275 255.1323 0.3819815 18.85608 286.3602 44.99116 25.40589 6.229088 4.284554 1.501081
xbest 12.123275 255.1323 0.3819815 18.85608 286.3602 44.99116 25.40589 6.229088 4.284554 1.502565
xbest 12.139224 253.0513 0.3841656 18.85474 286.3587 44.99451 25.39103 6.229906 4.366187 1.500881
xbest 12.148364 252.8109 0.3828881 18.83975 286.3581 44.99498 25.38855 6.230087 4.369333 1.500861
xbest 12.140766 249.4523 0.3831090 18.81348 286.3580 44.99537 25.38808 6.230683 4.585056 1.500963
xbest 12.140766 249.4523 0.3831969 18.81348 286.3580 44.99537 25.38808 6.230683 4.581931 1.500963
xbest 12.139537 249.5377 0.3831365 18.81283 286.3584 44.99539 25.38752 6.230648 4.581915 1.500850
xbest 12.147909 246.7529 0.3830723 18.78843 286.3580 44.99668 25.38745 6.230639 4.712307 1.500254
xbest 12.147909 246.8115 0.3830723 18.78843 286.3580 44.99668 25.38745 6.230639 4.712307 1.500254
xbest 12.136831 246.6389 0.3831087 18.81973 286.3584 44.99715 25.38943 6.230676 4.710699 1.501266
xbest 12.134790 247.0937 0.3832370 18.81252 286.3586 44.99747 25.39230 6.230609 4.708857 1.501471
xbest 12.132058 247.0530 0.3829895 18.80913 286.3586 44.99964 25.39414 6.230650 4.711901 1.501534
xbest 12.144635 246.7353 0.3831795 18.82050 286.3582 44.99631 25.39210 6.230665 4.695813 1.501351
xbest 12.140508 246.9560 0.3831063 18.80035 286.3585 44.99983 25.39449 6.230620 4.718206 1.501665
xbest 12.144600 246.8916 0.3836335 18.82060 286.3587 44.99478 25.39239 6.230118 4.693128 1.501936
xbest 12.144600 246.8916 0.3835456 18.82060 286.3587 44.99478 25.39239 6.230118 4.690003 1.501936
xbest 12.143653 246.7577 0.3836046 18.82262 286.3593 45.00067 25.39340 6.230333 4.695426 1.501731
xbest 12.143653 246.7577 0.3836046 18.82262 286.3593 45.00067 25.39340 6.230333 4.695426 1.501731

$time
elapsed elapsed elapsed elapsed elapsed elapsed elapsed elapsed elapsed elapsed elapsed elapsed elapsed elapsed elapsed elapsed elapsed elapsed elapsed elapsed elapsed elapsed elapsed elapsed elapsed elapsed elapsed elapsed elapsed elapsed 
   2.21    6.08    9.88   13.99   17.43   20.82   24.21   27.43   38.19   41.46   44.74   48.32   91.83   94.69  200.27  205.86  222.77  226.13  239.13  431.78  470.63  472.43  491.66  512.35  524.99  529.03  535.36  538.61  547.50  550.71 
elapsed elapsed elapsed elapsed elapsed elapsed elapsed elapsed elapsed elapsed elapsed elapsed elapsed elapsed elapsed elapsed elapsed elapsed elapsed elapsed elapsed elapsed elapsed elapsed elapsed elapsed elapsed elapsed elapsed elapsed 
 553.82  561.07  567.69  571.02  576.00  593.57  607.32  610.47  612.32  626.14  632.66  639.60  647.85  660.96  674.24  680.43  691.52  695.36  698.46  701.75  708.86  717.14  741.55  747.97  751.11  763.30  781.16  784.46  789.43  796.05 
elapsed elapsed elapsed elapsed elapsed elapsed elapsed elapsed elapsed elapsed elapsed elapsed elapsed elapsed elapsed elapsed elapsed elapsed 
 806.19  825.07  864.16  872.89  934.52  936.38  966.14 1029.47 1031.28 1048.53 1056.22 1059.58 1066.61 1085.88 1103.53 1105.46 1134.14 1244.71 

$neval
 [1]   106   264   419   566   706   847   987  1125  1533  1670  1805  1955  3698  3819  8030  8233  8910  9049  9565 17288 18859 18932 19742 20621 21167 21306 21579 21720 22065 22199 22335 22604 22873 23008 23216 23900 24447 24584 24663
[40] 25216 25489 25761 26108 26655 27196 27469 27952 28093 28231 28368 28641 28995 29965 30235 30370 30842 31527 31664 31875 32154 32561 33317 34938 35278 37774 37853 39068 41613 41689 42362 42635 42769 43040 43794 44486 44566 45674 50013

$fbest
[1] 1195.526

$xbest
 [1]  12.1436534 246.7577387   0.3836046  18.8226180 286.3593306  45.0006738  25.3933969   6.2303328   4.6954260   1.5017312

$numeval
[1] 50013

$end_crit
[1] 1

$cpu_time
elapsed 
1244.71 

$Refset
$Refset$x
          [,1]     [,2]      [,3]     [,4]     [,5]     [,6]     [,7]     [,8]     [,9]    [,10]
 [1,] 12.14365 246.7577 0.3836046 18.82262 286.3593 45.00067 25.39340 6.230333 4.695426 1.501731
 [2,] 12.14401 246.7862 0.3835123 18.82540 286.3593 44.99927 25.39307 6.230256 4.693166 1.501865
 [3,] 12.14399 246.7745 0.3837105 18.82306 286.3595 45.00099 25.39055 6.230244 4.694923 1.501800
 [4,] 12.14500 246.8355 0.3832174 18.82264 286.3598 45.00149 25.36399 6.230140 4.696036 1.501875
 [5,] 12.14426 246.5915 0.3866486 18.82774 286.3619 45.00719 25.41137 6.230252 4.692792 1.501521
 [6,] 11.23335 248.7851 0.3111899 18.71629 286.2942 45.13065 25.28878 7.036279 4.632269 1.505045
 [7,] 12.14105 247.3561 0.4099736 18.84954 286.3664 45.01483 25.46055 6.228382 4.789062 1.539750
 [8,] 12.13286 268.6213 0.4451445 18.01194 286.2750 44.88008 25.37241 6.234972 4.659029 1.537563
 [9,] 12.37360 246.8916 0.3792316 18.84298 286.3651 44.79386 25.42283 6.219002 4.680163 1.603457
[10,] 13.06540 177.6754 0.3741462 15.00000 285.5220 42.61471 24.00000 7.034143 4.625908 1.475177
[11,] 13.00096 249.1555 0.7035787 21.04370 286.2079 34.33681 24.91926 6.568305 5.989071 2.240783
[12,]  9.67305 348.3243 0.2359450 21.66559 286.6503 48.00000 24.00000 6.977459 2.050770 1.206643

$Refset$f
 [1] 1195.526 1195.526 1195.526 1199.273 1198.222 1239.903 1249.608 1344.854 1293.333 1353.104 2272.955 2067.688

$Refset$fpen
 [1] 1195.526 1195.526 1195.526 1199.273 1198.222 1239.903 1249.608 1344.854 1293.333 1353.104 2272.955 2067.688

$Refset$const
          [,1]     [,2]     [,3]     [,4]     [,5]
 [1,] 14.12719 31.30457 17.17738 1.551292 2.333342
 [2,] 14.13223 31.30683 17.17460 1.551298 2.333347
 [3,] 14.12814 31.30508 17.17694 1.551276 2.333230
 [4,] 14.12660 31.30396 17.17736 1.551246 2.331864
 [5,] 14.13495 31.30721 17.17226 1.551063 2.334862
 [6,] 14.08402 31.36773 17.28371 1.557000 2.305345
 [7,] 14.06048 31.21094 17.15046 1.550663 2.338597
 [8,] 13.35292 31.34097 17.98806 1.558783 2.312054
 [9,] 14.16281 31.31984 17.15702 1.550779 2.342994
[10,] 10.37409 31.37409 21.00000 1.620042 2.136979
[11,] 15.05462 30.01093 14.95630 1.558588 2.730681
[12,] 19.61482 33.94923 14.33441 1.526263 2.266958

$Refset$penalty
 [1] 0 0 0 0 0 0 0 0 0 0 0 0


