$f
 [1] 2349.5608 1521.0365 1417.7917 1364.0712 1320.2847 1312.7708 1300.8316 1273.0938 1249.1649 1179.1580 1046.1858  881.8542  877.1806  873.2031  868.3125  860.9410  837.3559  804.0885  772.6997  740.3594  730.5885  721.3507  717.1823
[24]  703.6319  687.2917  681.9566  664.7031  660.6059  658.7847  657.2899  656.8507  655.3715  654.6233  654.4392  653.6858  648.0642  647.7569  646.6788  646.6302  644.9010  643.5608  643.3142  642.8524  642.7604  642.7552  642.6910
[47]  642.4792  630.7361  629.3576  621.4115  619.6892  619.1181  612.7257  601.8264  600.1042  599.5451  599.4097  599.2378  598.9462  598.3802  598.1562  598.1562

$x
           [,1]     [,2]      [,3]     [,4]     [,5]     [,6]     [,7]     [,8]      [,9]    [,10]
xbest 23.403115 268.6205 0.2128705 15.34694 285.8313 34.76688 24.46626 3.691694  3.146672 3.081712
xbest  7.363027 297.8895 0.8152418 24.56144 284.2809 41.83489 24.20582 6.254275  2.014453 3.039236
xbest  7.363027 297.8895 0.8743043 24.93644 284.3559 41.43489 24.00000 6.254275  2.050000 2.920486
xbest  8.644828 269.1752 0.5486631 23.72461 285.8713 38.11035 25.95302 7.260239  4.943330 3.430226
xbest 20.387555 283.3515 0.4799813 16.91495 286.6227 33.70097 25.93849 4.751228  3.190474 2.912183
xbest 19.032994 336.6944 0.5956933 15.63404 286.5940 33.92901 25.68965 5.715698  3.539401 2.185609
xbest 12.392393 286.6803 0.6931245 23.90036 286.0774 42.27329 24.72011 5.855075  2.845672 2.495982
xbest 18.562276 296.9497 0.3050627 15.02300 286.5465 35.20533 26.25377 4.518312  5.274848 3.115835
xbest 14.313587 295.4191 0.5713511 19.49955 286.5458 41.11008 25.01870 5.582839  4.208737 2.523291
xbest 12.337188 276.9491 0.7398120 22.35292 286.5258 44.78282 25.11827 6.160797  3.050218 2.148434
xbest 14.535277 229.4312 0.7151884 22.41972 286.8052 48.00000 24.04385 6.761585  2.549790 2.163663
xbest 14.535277 210.0562 0.8051884 22.43144 286.8099 48.00000 24.69131 6.767835  2.543540 2.169601
xbest 17.349982 235.3443 0.6088676 19.08913 286.5706 36.68363 24.75721 5.181038  6.240421 2.490742
xbest 17.349982 235.3443 0.5863676 19.08913 286.5706 36.68363 24.75721 5.181038  6.252921 2.490742
xbest 17.773625 236.2532 0.6013048 18.84652 286.5810 36.68297 24.77484 5.172517  6.342776 2.517737
xbest 17.738679 222.7843 0.6097462 18.66574 286.5823 36.68235 24.77378 5.174047  6.845355 2.555224
xbest 17.963705 210.7763 0.6127905 18.41897 286.5827 36.68720 24.76337 5.175547  7.303915 2.609522
xbest 18.202395 164.6870 0.6526211 17.60616 286.5851 36.69320 24.84136 5.181759 10.000000 2.802831
xbest 18.192000 164.6870 0.6526211 17.62960 286.5851 36.69320 24.81047 5.175509 10.000000 2.767206
xbest 20.419422 107.3257 0.5864530 18.94989 286.5839 36.66208 24.80701 5.170147 10.000000 2.458629
xbest 21.067887 102.7463 0.5863662 19.06780 286.5839 36.66194 24.81872 5.169992  9.764444 2.451140
xbest 20.422758 106.7202 0.5862389 19.16411 286.5990 36.68199 24.83088 5.170438  9.896725 2.514918
xbest 20.691627 107.1397 0.5858633 19.21029 286.5908 36.65972 24.78625 5.170880  9.884877 2.527005
xbest 20.697808 108.0704 0.5857344 19.24537 286.5932 36.66011 24.77423 5.170837  9.929121 2.575122
xbest 20.200841 110.4222 0.5861050 19.27025 286.5938 36.68146 24.83426 5.170445  9.901324 2.530796
xbest 21.264261 100.3245 0.5862971 19.16775 286.5847 36.66633 24.82881 5.171986  9.896013 2.485758
xbest 21.264261 100.3245 0.5783421 18.98025 286.5847 36.66633 24.82881 5.121986  9.896013 2.407696
xbest 21.097391 101.2798 0.5862194 19.06194 286.5841 36.66192 24.87329 5.139059  9.923213 2.515589
xbest 21.134811 100.0202 0.5863031 19.17042 286.5841 36.66331 24.84183 5.143920  9.900726 2.509056
xbest 21.069550 100.4175 0.5869392 19.14665 286.5948 36.63083 24.91817 5.117241  9.957045 2.516535
xbest 21.072968 100.4175 0.5869392 19.14665 286.5948 36.63083 24.91817 5.117241  9.957045 2.516535
xbest 21.173834 100.4307 0.5847032 19.11175 286.5859 36.66186 24.88198 5.109053  9.957723 2.497072
xbest 21.131729 100.5026 0.5851175 19.13830 286.5843 36.66104 24.81686 5.112417  9.962003 2.500456
xbest 21.188318 100.4990 0.5860971 19.11145 286.5916 36.66155 24.89433 5.117774  9.950190 2.502983
xbest 21.234653 100.4508 0.5841006 19.07423 286.5936 36.66141 24.89346 5.114153  9.963649 2.495615
xbest 21.207457 100.4060 0.5852223 19.09638 286.5904 36.66264 24.88713 5.117213  9.962994 2.493094
xbest 21.225261 100.4069 0.5855924 19.08953 286.5884 36.64837 24.88790 5.118376  9.961494 2.504017
xbest 21.141958 100.5539 0.5895857 19.11493 286.5941 36.67143 24.89429 5.105490  9.954160 2.355576
xbest 21.131656 100.4413 0.5882713 19.13077 286.5917 36.67028 24.89751 5.108947  9.957510 2.344011
xbest 21.093389 100.4378 0.5897592 19.15287 286.5918 36.68816 24.90077 5.102255  9.954390 2.228658
xbest 21.099313 100.3707 0.5897369 19.14742 286.5922 36.68783 24.89999 5.102566  9.954574 2.243239
xbest 21.139872 100.0441 0.6021856 19.13954 286.5924 36.68128 24.90171 5.105309  9.957341 2.251169
xbest 21.138992 100.0797 0.6082610 19.13807 286.5924 36.68166 24.90251 5.106633  9.959029 2.250781
xbest 21.132211 100.0081 0.5870551 19.13638 286.5902 36.67485 24.88536 5.106884  9.964895 2.255093
xbest 21.130481 100.0000 0.5865219 19.13424 286.5900 36.67006 24.88178 5.107138  9.967083 2.249677
xbest 21.134055 100.1447 0.6066868 19.13860 286.5916 36.68156 24.90432 5.106584  9.960494 2.248830
xbest 21.046846 102.3386 0.6068032 19.13345 286.5865 36.68918 24.88989 5.053056  9.959018 2.262885
xbest 21.046846 102.3386 0.6743032 19.13345 286.5865 36.68918 24.88989 5.053056  9.959018 2.209448
xbest 21.110656 100.3948 0.6032114 19.16029 286.5909 36.65311 24.84353 5.065536  9.961176 2.152823
xbest 21.110656 100.3948 0.6032114 19.16029 286.5909 36.65311 24.92478 5.065536  9.961176 2.152823
xbest 21.121894 100.3509 0.6038274 19.15220 286.5916 36.68011 24.84430 5.066905  9.960094 2.156255
xbest 21.121894 100.3509 0.6038274 19.15220 286.5916 36.68011 24.84430 5.066905  9.963219 2.156255
xbest 21.138245 100.3954 0.6396802 19.17014 286.5904 36.70018 24.82628 5.062898  9.962212 2.119489
xbest 21.002314 100.4073 0.6343748 19.25440 286.5791 36.69867 24.68908 5.072809  9.960615 2.132779
xbest 20.987391 100.4024 0.6333794 19.25854 286.5750 36.70115 24.71136 5.073420  9.960782 2.142836
xbest 20.974676 100.4059 0.6337073 19.27672 286.5752 36.70284 24.70200 5.075391  9.961761 2.141207
xbest 20.948424 100.4058 0.6355660 19.29432 286.5730 36.70387 24.68852 5.076368  9.961678 2.138467
xbest 20.947492 100.4056 0.6355676 19.29032 286.5740 36.70474 24.68418 5.076608  9.960931 2.125221
xbest 20.933507 100.4161 0.6444312 19.30876 286.5715 36.70562 24.67332 5.078871  9.960759 2.119467
xbest 20.933507 100.4161 0.6444312 19.30876 286.5715 36.70562 24.67332 5.078871  9.963884 2.119467
xbest 20.977732 100.2349 0.6315094 19.26400 286.5760 36.70403 24.70007 5.077608  9.977352 2.122257
xbest 20.977732 100.2349 0.6315094 19.26400 286.5760 36.70403 24.70007 5.077608  9.977352 2.122257

$time
elapsed elapsed elapsed elapsed elapsed elapsed elapsed elapsed elapsed elapsed elapsed elapsed elapsed elapsed elapsed elapsed elapsed elapsed elapsed elapsed elapsed elapsed elapsed elapsed elapsed elapsed elapsed elapsed elapsed elapsed 
   1.97    5.75    8.39   11.38   14.27   20.78   23.53   26.36   31.94   34.78   38.21   40.78  151.16  152.85  155.74  158.60  161.58  164.38  185.07  193.85  199.72  203.39  206.25  209.16  212.13  215.00  217.10  238.99  245.47  248.39 
elapsed elapsed elapsed elapsed elapsed elapsed elapsed elapsed elapsed elapsed elapsed elapsed elapsed elapsed elapsed elapsed elapsed elapsed elapsed elapsed elapsed elapsed elapsed elapsed elapsed elapsed elapsed elapsed elapsed elapsed 
 249.77  258.78  271.25  284.66  287.55  298.72  304.97  307.69  318.32  321.08  326.58  332.22  334.99  338.47  348.69  356.77  452.41  454.22  531.36  532.83  559.74  563.97  576.17  583.05  592.10  600.03  608.69  618.13  624.07  629.14 
elapsed elapsed 
 676.19 1076.49 

$neval
 [1]   106   258   385   528   667   944  1079  1215  1487  1622  1756  1880  7031  7110  7249  7385  7524  7660  8576  8988  9260  9397  9536  9674  9814  9956 10061 11031 11308 11450 11523 11942 12491 13109 13246 13791 14065 14200 14693
[40] 14832 15111 15394 15531 15668 16149 16556 21144 21237 24826 24899 26116 26326 26875 27151 27561 27905 28317 28733 29010 29222 31397 50037

$fbest
[1] 598.1562

$xbest
 [1]  20.9777322 100.2349233   0.6315094  19.2639990 286.5760352  36.7040313  24.7000717   5.0776075   9.9773518   2.1222566

$numeval
[1] 50037

$end_crit
[1] 1

$cpu_time
elapsed 
1076.49 

$Refset
$Refset$x
          [,1]     [,2]      [,3]     [,4]     [,5]     [,6]     [,7]     [,8]     [,9]    [,10]
 [1,] 20.97580 100.2108 0.6302793 19.26289 286.5751 36.70345 24.70529 5.078020 9.979018 2.121847
 [2,] 20.97437 100.2158 0.6300056 19.26400 286.5752 36.70364 24.70558 5.077770 9.978567 2.119686
 [3,] 20.97737 100.2114 0.6311316 19.26348 286.5752 36.70355 24.70523 5.077711 9.978547 2.120751
 [4,] 20.97110 100.1960 0.6302828 19.25679 286.5752 36.70307 24.70536 5.078288 9.987092 2.119568
 [5,] 20.97843 100.2068 0.6302673 19.26181 286.5750 36.70394 24.70555 5.077893 9.978202 2.119613
 [6,] 20.97581 100.0815 0.6303131 19.26298 286.5753 36.70314 24.70448 5.078077 9.987866 2.119036
 [7,] 20.97580 100.2086 0.6307499 19.26320 286.5751 36.70273 24.70526 5.077973 9.978993 2.121699
 [8,] 20.97529 100.2122 0.6302660 19.26304 286.5751 36.70347 24.70533 5.077919 9.978955 2.121171
 [9,] 20.97218 100.2087 0.6303088 19.25550 286.5751 36.70330 24.70527 5.077556 9.978790 2.089832
[10,] 20.97561 100.0733 0.6235257 19.26346 286.5752 36.70068 24.73219 5.075112 9.983637 2.128477
[11,] 20.94625 100.2686 0.6300208 19.26400 286.5756 36.70759 24.70218 5.078204 9.984573 2.112198
[12,] 20.97494 100.1886 0.6304198 19.26385 286.5751 36.71418 24.70341 5.078506 9.981351 2.120281

$Refset$f
 [1] 598.1562 598.1562 598.1562 598.1562 598.1562 598.1562 598.1562 598.1562 598.7639 599.1146 617.9340 617.9323

$Refset$fpen
 [1] 598.1562 598.1562 598.1562 598.1562 598.1562 598.1562 598.1562 598.1562 598.7639 599.1146 617.9340 617.9323

$Refset$const
          [,1]     [,2]     [,3]     [,4]     [,5]
 [1,] 9.283871 26.02098 16.73711 1.522654 2.699299
 [2,] 9.285435 26.02143 16.73600 1.522643 2.699350
 [3,] 9.284933 26.02145 16.73652 1.522649 2.699307
 [4,] 9.269696 26.01291 16.74321 1.522647 2.699345
 [5,] 9.283604 26.02180 16.73819 1.522670 2.699241
 [6,] 9.275114 26.01213 16.73702 1.522633 2.699329
 [7,] 9.284205 26.02101 16.73680 1.522656 2.699327
 [8,] 9.284080 26.02104 16.73696 1.522655 2.699299
 [9,] 9.276707 26.02121 16.74450 1.522661 2.699283
[10,] 9.279822 26.01636 16.73654 1.522550 2.701690
[11,] 9.279431 26.01543 16.73600 1.522626 2.698978
[12,] 9.282496 26.01865 16.73615 1.522693 2.698525

$Refset$penalty
 [1] 0 0 0 0 0 0 0 0 0 0 0 0


