$f
 [1] 3679.141 1862.681 1122.995 1117.255 1101.712 1100.736 1100.052 1087.530 1083.267 1083.267

$x
          [,1]     [,2]      [,3]     [,4]     [,5]     [,6]     [,7]     [,8]     [,9]    [,10]
xbest 21.25224 465.1394 0.9373675 18.32587 285.9124 30.94269 27.64055 3.280668 8.201204 4.576810
xbest 19.00473 500.0000 0.3129138 19.57764 285.7900 48.00000 30.69447 3.604489 2.000000 2.808194
xbest 21.20926 473.2591 0.1000000 19.02752 286.3900 47.91035 31.29065 3.445145 2.002088 2.339184
xbest 21.15866 477.1451 0.1041819 18.83464 286.3625 47.71767 31.11310 3.374242 2.153044 2.233928
xbest 21.15866 477.1451 0.1034787 18.83464 286.3625 47.71767 31.10537 3.380492 2.113167 2.233928
xbest 21.09639 477.0691 0.1053941 18.84632 286.3628 47.71428 31.11492 3.381750 2.158090 2.240828
xbest 21.09639 477.0496 0.1053941 18.84632 286.3628 47.71428 31.11492 3.381750 2.158090 2.240828
xbest 21.19497 474.4498 0.1013766 18.93279 286.3968 47.58687 31.97135 3.444284 2.050631 2.231059
xbest 21.19497 474.4498 0.1017282 18.93279 286.3968 47.58043 32.05260 3.444284 2.040547 2.231059
xbest 21.19497 474.4498 0.1017282 18.93279 286.3968 47.58043 32.05260 3.444284 2.040547 2.231059

$time
elapsed elapsed elapsed elapsed elapsed elapsed elapsed elapsed elapsed elapsed 
   9.45   16.19   25.97  158.42  165.55  256.64  261.77  341.55  353.80 1804.89 

$neval
 [1]   106   263   460  2979  3081  4567  4641  5854  6088 36087

$fbest
[1] 1083.267

$xbest
 [1]  21.1949749 474.4498480   0.1017282  18.9327863 286.3967886  47.5804268  32.0526044   3.4442838   2.0405471   2.2310586

$numeval
[1] 36087

$end_crit
[1] 2

$cpu_time
elapsed 
1804.89 

$Refset
$Refset$x
          [,1]     [,2]      [,3]     [,4]     [,5]     [,6]     [,7]     [,8]     [,9]    [,10]
 [1,] 21.05847 477.0902 0.1034414 18.85448 286.3637 47.71414 31.11291 3.380711 2.157570 2.242838
 [2,] 21.06167 477.1422 0.1034484 18.85496 286.3640 47.71368 31.12058 3.380449 2.154825 2.242789
 [3,] 21.06041 477.0831 0.1036556 18.85461 286.3639 47.71394 31.12172 3.380578 2.158774 2.242770
 [4,] 20.31638 488.0205 0.1016910 19.94283 286.4397 43.21993 33.31267 4.556555 2.235034 2.336407
 [5,] 20.50953 483.3011 0.1030080 19.66151 286.4252 43.08567 33.01581 4.490282 2.201230 2.316643
 [6,] 21.95904 483.3770 0.1014314 19.36242 286.1512 42.13802 29.79420 4.331664 2.040496 2.208238
 [7,] 21.08549 477.2309 0.1067780 19.62241 286.3379 43.11496 32.50938 4.335204 2.213801 2.285653
 [8,] 20.99892 489.1359 0.1007437 18.75034 286.3473 45.59762 31.11056 4.562224 2.151470 2.245183
 [9,] 20.83313 475.6790 0.1045426 19.47695 286.3366 43.97655 28.24428 4.200556 2.665692 2.304437
[10,] 21.46479 472.8773 0.1181025 20.06498 286.3249 43.27665 31.08279 3.658894 2.182453 2.298710
[11,] 20.20658 482.5281 0.1000000 19.86939 286.3626 42.87460 32.72742 4.189570 2.155648 2.160990
[12,] 20.78772 471.1242 0.3037246 24.73342 286.2752 40.12975 35.70304 8.405953 5.324083 3.404329

$Refset$f
 [1]  1095.701  1096.045  1096.474  1130.755  1143.389  1147.172  1161.451  1163.149  1179.028  1187.901  1223.736 20987.045

$Refset$fpen
 [1]  1095.701  1096.045  1096.474  1130.755  1143.389  1147.172  1161.451  1163.149  1179.028  1187.901  1223.736 20987.045

$Refset$const
          [,1]     [,2]     [,3]     [,4]     [,5]
 [1,] 16.69691 33.84243 17.14552 1.547738 2.564026
 [2,] 16.70014 33.84518 17.14504 1.547691 2.564600
 [3,] 16.69584 33.84123 17.14539 1.547705 2.564609
 [4,] 17.70779 33.76497 16.05717 1.524344 2.965683
 [5,] 17.46028 33.79877 16.33849 1.526885 2.944047
 [6,] 17.32192 33.95950 16.63758 1.566893 2.655232
 [7,] 17.40861 33.78620 16.37759 1.539482 2.868310
 [8,] 16.59887 33.84853 17.24966 1.546996 2.645470
 [9,] 16.81126 33.33431 16.52305 1.551246 2.528068
[10,] 17.88252 33.81755 15.93502 1.545750 2.747118
[11,] 17.71374 33.84435 16.13061 1.535057 2.909423
[12,] 19.40934 30.67592 11.26658 1.521719 3.374978

$Refset$penalty
 [1] 0 0 0 0 0 0 0 0 0 0 0 0


