$f
 [1] 1972.5417 1354.3299 1038.4861  951.8924  917.3924  883.3073  883.0087  847.9618  827.3299  628.0156  611.9705  532.1007  510.9410

$x
           [,1]     [,2]      [,3]     [,4]     [,5]     [,6]     [,7]     [,8]     [,9]    [,10]
xbest 12.988591 255.0848 0.6854565 17.44943 284.4487 32.47696 27.43546 9.914593 4.895668 2.773028
xbest  9.378013 180.0756 0.6720966 15.63120 284.7650 46.54558 28.78309 7.502895 8.450237 1.829616
xbest  9.378013 200.0756 1.0000000 15.65667 284.8963 45.74558 30.08309 7.502895 8.512904 1.829616
xbest  9.378013 211.8313 0.8979640 15.66161 284.9412 45.83899 30.55255 7.502895 8.512264 1.829616
xbest 16.474995 219.0911 0.7036963 17.52609 285.9914 40.49986 29.42168 7.714644 5.092929 1.793050
xbest 16.422070 208.7493 0.7003031 19.10484 284.4055 31.81233 30.79884 3.856763 5.386561 1.845196
xbest 16.372046 207.7432 0.7077011 19.10417 284.4015 31.80770 30.79878 3.868821 5.385541 1.838630
xbest 18.890964 118.6307 0.7560903 16.71649 285.7567 47.30689 26.83618 5.396037 9.196834 2.359541
xbest 17.153497 222.1759 0.6944190 18.50926 286.0179 38.05335 29.53118 7.780503 4.089305 1.802376
xbest 17.101857 220.7784 0.5669618 17.78315 286.0179 38.33286 29.31738 7.780503 4.303029 1.826126
xbest 18.130961 170.3087 0.6952930 18.90888 285.9942 38.73730 29.21516 8.207276 3.924155 1.900311
xbest 18.103724 170.9337 0.7881055 18.90888 285.9942 38.78730 29.21516 8.207276 3.914780 1.906249
xbest 18.431849 150.9337 0.5349805 18.90888 285.9942 38.78730 29.21516 8.207276 3.933530 1.906249

$time
elapsed elapsed elapsed elapsed elapsed elapsed elapsed elapsed elapsed elapsed elapsed elapsed elapsed 
   2.42    5.07    7.80   10.44   18.66   23.58   25.94   28.32   33.63   37.50  737.42  739.82  956.94 

$neval
 [1]   106   260   408   552   974  1249  1388  1526  1800  1979 38891 39010 50124

$fbest
[1] 510.941

$xbest
 [1]  18.4318486 150.9336989   0.5349805  18.9088784 285.9942239  38.7873042  29.2151574   8.2072764   3.9335296   1.9062488

$numeval
[1] 50124

$end_crit
[1] 1

$cpu_time
elapsed 
 956.94 

$Refset
$Refset$x
          [,1]     [,2]      [,3]     [,4]     [,5]     [,6]     [,7]     [,8]     [,9]    [,10]
 [1,] 20.22783 173.1533 0.9994758 19.72462 286.0139 38.11136 29.04736 6.682421 3.842354 1.883086
 [2,] 20.22813 173.1179 0.9997971 19.72460 286.0139 38.11200 29.04739 6.682435 3.844297 1.883152
 [3,] 20.22687 173.1370 1.0000000 19.72443 286.0139 38.10643 29.04732 6.682466 3.843276 1.882680
 [4,] 20.22256 173.1314 0.9993047 19.72339 286.0139 38.11290 29.04741 6.682762 3.846564 1.883032
 [5,] 20.22343 173.2304 0.9989890 19.72429 286.0140 38.11426 29.04740 6.682722 3.839872 1.883047
 [6,] 20.22607 173.1614 0.9996805 19.72445 286.0139 38.11118 29.04728 6.682512 3.842976 1.883046
 [7,] 20.22154 173.1443 0.9971658 19.72221 286.0139 38.11377 29.04734 6.683161 3.841553 1.882460
 [8,] 20.23048 173.1701 0.9915106 19.72428 286.0139 38.10625 29.04720 6.682257 3.830716 1.883019
 [9,] 20.22825 173.1516 0.9993488 19.72484 286.0139 38.11143 29.04744 6.682460 3.840348 1.883089
[10,] 20.22829 173.1546 0.9981339 19.72455 286.0139 38.11034 29.04741 6.682782 3.843701 1.882993
[11,] 20.22419 173.1399 1.0000000 19.72442 286.0139 38.10762 29.04735 6.682564 3.845084 1.882779
[12,] 20.23097 173.1083 0.9994985 19.72464 286.0139 38.11126 29.04747 6.682822 3.835902 1.883054

$Refset$f
 [1] 620.7569 620.7569 620.9757 620.9757 620.7569 621.0191 621.0417 621.0417 620.7569 621.1545 621.2413 621.3663

$Refset$fpen
 [1] 620.7569 620.7569 620.9757 620.9757 620.7569 621.0191 621.0417 621.0417 620.7569 621.1545 621.2413 621.3663

$Refset$const
          [,1]     [,2]     [,3]     [,4]     [,5]
 [1,] 15.88226 32.15765 16.27538 1.578039 2.784503
 [2,] 15.88030 32.15570 16.27540 1.578042 2.784460
 [3,] 15.88115 32.15672 16.27557 1.578029 2.784823
 [4,] 15.87682 32.15344 16.27661 1.578043 2.784403
 [5,] 15.88442 32.16013 16.27571 1.578032 2.784349
 [6,] 15.88147 32.15702 16.27555 1.578038 2.784509
 [7,] 15.88066 32.15845 16.27779 1.578040 2.784355
 [8,] 15.89356 32.16928 16.27572 1.578030 2.784820
 [9,] 15.88449 32.15965 16.27516 1.578039 2.784505
[10,] 15.88085 32.15630 16.27545 1.578037 2.784574
[11,] 15.87934 32.15492 16.27558 1.578033 2.784744
[12,] 15.88874 32.16410 16.27536 1.578038 2.784520

$Refset$penalty
 [1] 0 0 0 0 0 0 0 0 0 0 0 0


