$f
 [1] 2511.8368 1123.3646  960.7500  864.7396  811.7587  801.3333  772.1806  744.4688  730.7292  726.1701  724.5191  679.5382  673.3264  651.7170  651.2240  643.7917  637.2726  636.1875  636.1302  635.4826  633.2691  631.4462  630.7760
[24]  628.6753  623.8854  618.2205  617.0972  616.7170  616.5972  616.3958  615.7778  615.6858  615.2969  615.2309  615.1215  615.0017  614.8472  614.8177  614.6424  614.4080  592.6528  589.9062  587.4097  586.3333  586.0747  585.9323
[47]  585.8594  585.5347  585.4462  585.2743  585.1823  584.4861  584.4722  584.2240  584.2240

$x
          [,1]     [,2]      [,3]     [,4]     [,5]     [,6]     [,7]     [,8]     [,9]    [,10]
xbest 11.72070 275.7734 0.6804264 19.05601 285.3939 38.95194 33.72223 2.242947 9.971296 4.750058
xbest 23.98007 149.9020 0.1216563 30.00000 285.7510 36.92097 24.24308 2.000000 2.000000 4.578887
xbest 23.98007 149.9020 0.1000000 30.00000 285.7135 35.72097 24.32500 2.837500 2.050000 4.757012
xbest 27.69248 123.7909 0.1046681 29.95610 286.3020 35.99371 24.19706 3.356126 2.033650 4.259059
xbest 25.04745 142.6157 0.1023727 30.00000 286.3395 36.10707 24.00200 3.595757 2.043346 5.000000
xbest 25.24047 151.5970 0.1013581 30.00000 286.3490 35.94698 24.22960 3.598203 2.141320 5.000000
xbest 24.65577 151.6252 0.1006891 30.00000 286.3709 35.95334 24.25398 3.695799 2.194941 4.891580
xbest 21.09166 214.9706 0.1000000 26.92325 286.2040 29.99169 24.00039 6.669972 2.000000 1.200000
xbest 21.08477 214.9706 0.1003516 26.73575 286.2040 29.99169 24.00039 6.670363 2.001575 1.200748
xbest 24.00653 156.4764 0.1132817 29.95585 286.3210 36.17051 24.14866 4.287227 2.168067 4.332666
xbest 24.37409 152.4693 0.1173817 29.72272 286.3212 36.10023 24.21889 4.212781 2.268796 3.905034
xbest 20.46517 221.9497 0.1135797 26.88608 286.2794 29.78726 24.00000 7.195764 2.030568 2.165614
xbest 24.40832 168.1829 0.1029915 29.70694 286.4087 29.09263 24.42487 4.479532 2.515644 1.200000
xbest 24.35363 168.1829 0.1010579 29.89444 286.4087 29.13638 24.46549 4.479532 2.521065 1.200000
xbest 24.27144 168.8908 0.1176969 29.97583 286.4017 28.92001 24.42371 4.453467 2.623528 1.200406
xbest 24.23300 170.0326 0.1179813 29.95831 286.4015 28.93396 24.42211 4.439344 2.590055 1.200437
xbest 24.23300 170.3451 0.1000000 30.00000 286.4015 28.93396 24.42211 4.439344 2.590055 1.200437
xbest 24.39731 168.3251 0.1158974 29.92724 286.4041 28.98093 24.43621 4.441002 2.631078 1.200081
xbest 24.37449 168.4186 0.1163568 29.95500 286.4038 28.98437 24.41767 4.440744 2.623101 1.200096
xbest 24.37449 168.4186 0.1163568 29.95500 286.4038 28.98437 24.37705 4.440744 2.623101 1.200096
xbest 24.20925 171.2803 0.1103337 29.85826 286.4179 28.87279 24.45906 4.054223 2.725679 1.200298
xbest 24.20925 171.2803 0.1105095 29.85826 286.4173 28.87279 24.49968 4.054223 2.725679 1.200000
xbest 24.19386 172.0682 0.1200063 29.87984 286.4171 28.96378 24.45216 4.058869 2.667265 1.201094
xbest 24.20849 171.4188 0.1143529 29.87218 286.4173 28.94267 24.45332 4.057524 2.723318 1.200196
xbest 24.21993 170.6359 0.1142622 29.90336 286.4224 28.95926 24.46344 4.063809 2.765396 1.200203
xbest 24.21993 170.6359 0.1142622 29.90336 286.4224 28.95926 24.46344 4.057559 2.727896 1.200203
xbest 24.19259 170.2214 0.1148696 29.89011 286.4222 28.96022 24.47794 4.070071 2.770810 1.200191
xbest 24.19404 169.9150 0.1162161 29.89766 286.4237 28.96847 24.51018 4.073375 2.784775 1.200000
xbest 24.19404 169.8759 0.1158438 29.89766 286.4237 28.96847 24.51018 4.073375 2.784775 1.200000
xbest 24.18182 170.3774 0.1132740 29.85417 286.4138 28.96762 24.41571 4.065324 2.785683 1.201728
xbest 24.18182 170.3774 0.1132740 29.85417 286.4138 28.96762 24.41571 4.071574 2.785683 1.200000
xbest 24.17841 170.3616 0.1147206 29.85411 286.4142 28.96561 24.42283 4.063698 2.790412 1.201891
xbest 24.17292 169.9245 0.1154331 29.82762 286.4140 28.96668 24.41759 4.073474 2.830726 1.202078
xbest 24.17117 169.9795 0.1163291 29.79723 286.4140 28.96613 24.42402 4.078498 2.847881 1.202257
xbest 24.17177 170.3052 0.1154487 29.82568 286.4136 28.96623 24.41799 4.070120 2.812997 1.201463
xbest 24.17177 170.3052 0.1154487 29.82495 286.4136 28.96623 24.41799 4.070120 2.809872 1.201463
xbest 24.17618 170.1784 0.1150324 29.84724 286.4137 28.97314 24.40839 4.069844 2.804213 1.201859
xbest 24.17653 170.1815 0.1149391 29.84736 286.4138 28.97334 24.40407 4.069406 2.803312 1.201860
xbest 24.17632 170.1814 0.1148665 29.84768 286.4138 28.97338 24.39998 4.069459 2.802156 1.201859
xbest 24.17700 170.3205 0.1149185 29.84970 286.4142 28.96993 24.40091 4.068781 2.793505 1.201725
xbest 24.14975 170.3628 0.1180225 29.83467 286.4159 29.01837 24.39648 4.080457 2.796760 1.201792
xbest 24.14975 170.3628 0.1183741 29.83467 286.4159 29.02462 24.39648 4.080457 2.821760 1.201792
xbest 24.13534 170.3613 0.1175891 29.83444 286.4163 29.03365 24.39440 4.088212 2.798239 1.201746
xbest 24.14128 170.4319 0.1152550 29.83375 286.4161 29.03120 24.39459 4.091346 2.798743 1.201709
xbest 24.14128 170.4319 0.1152550 29.83375 286.4161 29.03120 24.39459 4.091346 2.795618 1.201709
xbest 24.15971 170.3212 0.1170914 29.84467 286.4169 29.03299 24.40142 4.087737 2.795143 1.201713
xbest 24.12060 170.3392 0.1147927 29.83992 286.4168 29.03400 24.39983 4.095227 2.793189 1.201683
xbest 24.11967 170.3373 0.1141521 29.83637 286.4168 29.03374 24.39966 4.095507 2.793274 1.201720
xbest 24.12308 170.3373 0.1141521 29.83637 286.4168 29.03374 24.39966 4.095507 2.793274 1.201720
xbest 24.15480 169.4868 0.1100504 29.84768 286.4167 29.03739 24.39749 4.091849 2.806402 1.200609
xbest 24.15138 169.4868 0.1100504 29.84768 286.4167 29.03739 24.39749 4.091849 2.806402 1.200609
xbest 24.15394 169.6340 0.1117833 29.83309 286.4169 29.03638 24.39861 4.092152 2.808325 1.200000
xbest 24.13810 169.6863 0.1115365 29.83696 286.4168 29.03585 24.39804 4.091922 2.808230 1.200410
xbest 24.12566 169.5668 0.1119317 29.86097 286.4167 29.03526 24.39598 4.091400 2.807618 1.200234
xbest 24.12566 169.5668 0.1119317 29.86097 286.4167 29.03526 24.39598 4.091400 2.807618 1.200234

$time
elapsed elapsed elapsed elapsed elapsed elapsed elapsed elapsed elapsed elapsed elapsed elapsed elapsed elapsed elapsed elapsed elapsed elapsed elapsed elapsed elapsed elapsed elapsed elapsed elapsed elapsed elapsed elapsed elapsed elapsed 
   1.80    4.88    7.61   15.98   21.92   24.56   30.00   35.81   37.91   50.94   54.06   57.48   70.91   73.50  212.25  255.78  257.42  283.06  285.92  287.34  326.25  328.06  345.25  354.25  357.03  358.72  376.84  382.55  389.97  443.48 
elapsed elapsed elapsed elapsed elapsed elapsed elapsed elapsed elapsed elapsed elapsed elapsed elapsed elapsed elapsed elapsed elapsed elapsed elapsed elapsed elapsed elapsed elapsed elapsed elapsed 
 445.19  450.80  462.70  465.52  468.30  475.84  481.44  484.70  492.84  498.27  580.61  582.36  594.06  611.28  613.28  659.22  672.59  680.91  691.27  745.00  746.52  758.19  857.52 1027.28 1052.75 

$neval
 [1]   106   261   407   831  1108  1247  1525  1812  1917  2481  2623  2764  3310  3439  9806 11924 12009 13240 13376 13450 15216 15310 16131 16544 16682 16765 17573 17843 18200 20683 20767 21040 21587 21727 21864 22218 22487 22620 23022
[40] 23290 27341 27432 27984 28806 28880 31048 31665 32073 32555 35013 35087 35639 40524 48910 50090

$fbest
[1] 584.224

$xbest
 [1]  24.1256613 169.5668203   0.1119317  29.8609737 286.4167019  29.0352618  24.3959816   4.0914004   2.8076179   1.2002337

$numeval
[1] 50090

$end_crit
[1] 1

$cpu_time
elapsed 
1052.75 

$Refset
$Refset$x
          [,1]     [,2]      [,3]     [,4]     [,5]     [,6]     [,7]     [,8]     [,9]    [,10]
 [1,] 24.12566 169.5668 0.1119317 29.86097 286.4167 29.03526 24.39598 4.091400 2.807618 1.200234
 [2,] 24.12665 169.5798 0.1119029 29.85897 286.4167 29.03705 24.39655 4.091156 2.807671 1.200216
 [3,] 24.12720 169.5712 0.1118813 29.85895 286.4167 29.03583 24.39687 4.090351 2.808228 1.200169
 [4,] 24.15610 169.5839 0.1118245 29.83828 286.4167 29.03548 24.39669 4.090453 2.806956 1.200186
 [5,] 24.12371 169.5672 0.1119218 29.85923 286.4168 29.03641 24.39647 4.090711 2.809274 1.200190
 [6,] 24.12907 169.5780 0.1118926 29.85850 286.4167 29.03569 24.39670 4.090745 2.807644 1.200201
 [7,] 24.13352 169.6059 0.1119081 29.84833 286.4165 29.03608 24.39611 4.090907 2.808062 1.200165
 [8,] 24.13780 170.0039 0.1118381 29.86033 286.4009 29.02799 24.39895 4.090429 2.802910 1.200132
 [9,] 23.98425 169.6336 0.1119328 29.85493 286.4139 29.04920 24.43522 4.093150 2.820156 1.201803
[10,] 24.12460 169.8914 0.1130151 29.84072 286.4167 29.03569 24.39685 4.090922 2.827395 1.200066
[11,] 25.17414 176.8476 0.1104079 28.81208 286.4152 28.98739 24.40922 4.093794 2.825655 1.210542
[12,] 25.88439 187.9592 0.2981089 29.87950 285.9250 29.57123 25.00103 4.103679 2.895475 1.719758

$Refset$f
 [1]  584.2240  584.6424  584.7240  584.7378  584.7240  584.6424  584.9045  645.5608  649.2378  586.8889  658.4010 1965.9931

$Refset$fpen
 [1]  584.2240  584.6424  584.7240  584.7378  584.7240  584.6424  584.9045  645.5608  649.2378  586.8889  658.4010 1965.9931

$Refset$const
          [,1]     [,2]     [,3]     [,4]     [,5]
 [1,] 27.05336 33.19238 6.139026 1.513926 3.222032
 [2,] 27.05130 33.19233 6.141031 1.513928 3.221915
 [3,] 27.05072 33.19177 6.141052 1.513921 3.222100
 [4,] 27.03132 33.19304 6.161724 1.513920 3.222115
 [5,] 27.04996 33.19073 6.140765 1.513922 3.221991
 [6,] 27.05085 33.19236 6.141501 1.513920 3.222095
 [7,] 27.04027 33.19194 6.151668 1.513962 3.221848
 [8,] 27.05742 33.19709 6.139665 1.515928 3.216410
 [9,] 27.03478 33.17984 6.145068 1.514089 3.224726
[10,] 27.01333 33.17260 6.159276 1.513922 3.222109
[11,] 25.98643 33.17435 7.187919 1.513724 3.229026
[12,] 26.98403 33.10453 6.120499 1.578418 3.052694

$Refset$penalty
 [1] 0 0 0 0 0 0 0 0 0 0 0 0


