$f
 [1] 2203.6337 1578.0312 1133.7153 1094.4479 1046.2083 1019.5191  983.9792  981.7326  980.2153  959.6892  950.0556  934.7431  921.3767  906.7951  906.2604  903.8576  902.7326  899.5781  859.6250  858.0035  856.6128  855.8524  851.9479
[24]  849.9757  849.5608  849.4306  849.1545  848.5642  844.4132  843.7344  843.6094  843.4375  843.3090  843.1632  842.9167  842.8819  842.7344  842.4896  842.0035  841.8247  841.8247

$x
          [,1]     [,2]      [,3]     [,4]     [,5]     [,6]     [,7]     [,8]     [,9]    [,10]
xbest 13.76772 280.5482 0.5973226 26.02920 286.4057 34.75521 28.00638 7.817185 3.615361 2.622220
xbest 17.86561 165.6330 0.6904744 20.26853 286.0592 42.38752 30.62484 6.758889 6.595776 1.688977
xbest 14.09047 251.2232 1.0000000 19.73631 286.0592 42.49932 30.53400 6.814791 6.707580 1.745403
xbest 14.61532 242.6255 1.0000000 19.06257 286.1028 43.53272 30.53797 6.886250 7.009624 1.763683
xbest 15.24197 268.3951 0.7498315 20.47172 286.5860 43.90183 31.32028 6.535252 6.168495 2.106836
xbest 15.24197 268.3951 0.7048315 20.47172 286.5860 43.90183 31.32028 6.535252 6.168495 2.106836
xbest 18.87661 268.2057 0.5390926 17.27448 286.3080 42.99839 29.10178 5.655468 5.722651 1.539534
xbest 15.32232 242.1090 0.8717170 19.26259 286.1415 43.54667 30.83333 6.792010 7.018095 1.945902
xbest 15.38840 240.0973 0.8167212 19.27655 286.1559 43.55489 30.76616 6.789625 7.012586 1.945896
xbest 15.38840 239.7848 0.8392212 18.90155 286.1559 43.55489 30.76616 6.789625 7.037586 1.945896
xbest 14.75120 241.6228 0.9613871 19.08029 286.1025 43.55735 30.51885 6.801467 7.202586 1.906695
xbest 14.75120 241.6228 0.9985938 19.08029 286.1049 43.55735 30.68135 6.801467 7.179149 1.906695
xbest 16.41843 250.5381 0.6815438 19.83274 286.2442 42.05990 30.29087 6.249432 7.004249 2.412140
xbest 16.41473 242.2511 0.6827252 19.92593 286.2580 42.07979 30.19033 6.249189 7.119346 2.393581
xbest 16.41473 242.2511 0.6827252 19.92593 286.2580 42.07979 30.19033 6.249189 7.122471 2.392097
xbest 16.41476 242.2524 0.6841906 19.93900 286.2600 42.08005 30.20264 6.249126 7.130947 2.394617
xbest 16.41476 242.2524 0.6841906 19.93900 286.2600 42.08005 30.20264 6.249126 7.134072 2.394617
xbest 17.37792 242.9549 0.6978182 18.78867 286.2465 42.04036 30.23264 6.255844 7.179888 2.443996
xbest 17.37792 242.9549 0.9971875 18.78867 286.2465 42.06536 30.23264 6.255809 7.186138 2.429153
xbest 17.14365 244.0944 0.9444864 19.06113 286.2580 42.07415 30.18331 6.252913 7.148803 2.400638
xbest 17.14707 244.0554 0.9444864 19.06260 286.2580 42.07415 30.18331 6.252913 7.148803 2.400638
xbest 17.18178 242.7473 0.9111378 18.97094 286.2577 42.06940 30.19115 6.254206 7.203915 2.391404
xbest 17.26038 243.5487 1.0000000 18.98852 286.2604 42.07501 30.19294 6.255109 7.143663 2.443504
xbest 17.26038 243.5487 1.0000000 18.98852 286.2604 42.07501 30.19294 6.255109 7.137413 2.443504
xbest 17.24736 242.7691 0.9945543 18.91876 286.2577 42.06584 30.19004 6.254330 7.196676 2.395108
xbest 17.25461 244.9267 1.0000000 18.95473 286.2579 42.04590 30.18880 6.249797 7.118364 2.474315
xbest 17.25119 244.9267 1.0000000 18.95473 286.2579 42.04590 30.18880 6.249797 7.118364 2.474315
xbest 17.17139 213.0520 0.9671896 18.88118 286.2681 42.02217 30.43461 6.260133 8.559927 2.524365
xbest 17.18506 213.0520 1.0000000 18.88411 286.2681 42.02217 30.43461 6.260133 8.559927 2.524365
xbest 17.29775 240.1106 0.9832587 18.78523 286.2591 42.05381 30.24219 6.254074 7.367420 2.441720
xbest 17.29887 240.2481 0.9835717 18.81939 286.2592 42.05770 30.23422 6.255767 7.353849 2.439189
xbest 17.29887 240.2286 0.9835717 18.81939 286.2592 42.05770 30.23422 6.255767 7.353849 2.439189
xbest 17.30801 239.2567 0.9833436 18.80267 286.2594 42.05521 30.23215 6.254933 7.378759 2.438949
xbest 17.30801 239.2567 1.0000000 18.80267 286.2594 42.05521 30.23215 6.254933 7.378759 2.438949
xbest 17.30637 239.2061 0.9832998 18.79784 286.2594 42.05561 30.23109 6.254954 7.383383 2.438793
xbest 17.30675 239.5193 0.9924990 18.77604 286.2590 42.04662 30.22879 6.254168 7.397049 2.440636
xbest 17.30333 239.5193 0.9924990 18.77604 286.2590 42.04662 30.22879 6.254168 7.397049 2.440636
xbest 17.30651 239.6025 0.9976016 18.77505 286.2591 42.04153 30.23012 6.254295 7.394360 2.441256
xbest 17.30669 239.9034 0.9980184 18.75794 286.2590 42.04265 30.23106 6.253965 7.398434 2.441337
xbest 17.30660 239.9181 0.9980442 18.75809 286.2590 42.04273 30.22791 6.253972 7.398496 2.441535
xbest 17.30660 239.9181 0.9980442 18.75809 286.2590 42.04273 30.22791 6.253972 7.398496 2.441535

$time
elapsed elapsed elapsed elapsed elapsed elapsed elapsed elapsed elapsed elapsed elapsed elapsed elapsed elapsed elapsed elapsed elapsed elapsed elapsed elapsed elapsed elapsed elapsed elapsed elapsed elapsed elapsed elapsed elapsed elapsed 
   1.75    4.93    8.61   21.25   33.68   40.71   58.27   64.53   70.39   72.33  111.60  113.64  135.64  141.22  142.83  171.47  172.96  212.96  215.97  314.38  316.00  325.13  336.99  347.63  469.55  567.24  568.75  595.24  599.64  722.35 
elapsed elapsed elapsed elapsed elapsed elapsed elapsed elapsed elapsed elapsed elapsed 
 737.96  753.91  811.58  813.03  830.57 1012.14 1013.68 1016.60 1019.53 1044.58 1064.86 

$neval
 [1]   106   256   434   999  1551  1897  2707  2975  3245  3333  5229  5330  6410  6680  6758  8096  8169 10079 10193 14981 15064 15480 16041 16525 22537 27004 27078 28296 28515 34401 35143 35892 38611 38684 39494 47938 48012 48150 48289
[40] 49398 50009

$fbest
[1] 841.8247

$xbest
 [1]  17.3066021 239.9180919   0.9980442  18.7580871 286.2590032  42.0427283  30.2279053   6.2539721   7.3984964   2.4415354

$numeval
[1] 50009

$end_crit
[1] 1

$cpu_time
elapsed 
1064.86 

$Refset
$Refset$x
           [,1]       [,2]        [,3]      [,4]       [,5]      [,6]      [,7]       [,8]      [,9]    [,10]
 [1,]  17.30660 239.918092   0.9980442 18.758087 286.259003  42.04273 30.227905   6.253972  7.398496 2.441535
 [2,]  17.30518 239.872473   0.9976448 18.760823 286.259034  42.04561 30.229127   6.254216  7.398168 2.441295
 [3,]  17.30638 239.920705   0.9984155 18.753365 286.259127  42.04644 30.237016   6.254481  7.400102 2.442548
 [4,]  17.30735 239.876490   0.9983204 18.757572 286.259508  42.04246 30.240467   6.254208  7.398262 2.440904
 [5,]  17.30872 239.910050   0.9987929 18.751698 286.259192  42.03996 30.234841   6.253946  7.402533 2.442937
 [6,]  17.30659 239.908644   0.9980641 18.758323 286.259013  42.04282 30.228290   6.253988  7.398444 2.442123
 [7,]  17.30639 239.697473   0.9960024 18.776944 286.259086  42.05105 30.229419   6.254694  7.388643 2.440896
 [8,]  17.30677 239.608052   0.9930886 18.782727 286.259225  42.05705 30.229417   6.254916  7.385211 2.440933
 [9,]  17.30446 239.667168   1.0000000 18.779854 286.259220  42.04704 30.244315   6.254759  7.390699 2.443374
[10,] 239.51929  18.776036  42.0466182  6.254168   2.440636 239.51929 18.776036  42.046618  6.254168 2.440636
[11,]  17.30333   0.992499 286.2590400 30.228790   7.397049  17.30333  0.992499 286.259040 30.228790 7.397049
[12,]  17.30569 240.009173   0.9991393 18.756898 286.259033  42.04596 30.229237   6.254654  7.398050 2.440941

$Refset$f
 [1] 841.8247 841.8247 842.0035 842.0035 842.0035 842.0035 842.1580 842.1580 842.4896 842.7344 842.7344 843.3177

$Refset$fpen
 [1] 841.8247 841.8247 842.0035 842.0035 842.0035 842.0035 842.1580 842.1580 842.4896 842.7344 842.7344 843.3177

$Refset$const
          [,1]      [,2]      [,3]      [,4]     [,5]
 [1,] 11.35959 28.601504 17.241913  1.553339 2.726758
 [2,] 11.36266 28.601832 17.239177  1.553337 2.726705
 [3,] 11.35326 28.599898 17.246635  1.553308 2.727276
 [4,] 11.35931 28.601738 17.242428  1.553247 2.727873
 [5,] 11.34916 28.597467 17.248302  1.553294 2.727483
 [6,] 11.35988 28.601556 17.241677  1.553337 2.726784
 [7,] 11.38830 28.611357 17.223056  1.553341 2.726455
 [8,] 11.39752 28.614789 17.217273  1.553335 2.726183
 [9,] 11.38915 28.609301 17.220146  1.553279 2.727817
[10,] 28.60295  1.553339 11.378986 17.223964 2.726629
[11,] 11.37899 17.223964  2.726629 28.602951 1.553339
[12,] 11.35885 28.601950 17.243102  1.553338 2.726695

$Refset$penalty
 [1] 0 0 0 0 0 0 0 0 0 0 0 0


