$f
 [1] 1413.7552  989.5694  854.1597  756.7135  748.8785  743.9931  721.2170  568.7118  530.7951  515.4497  461.9184  450.0868  445.7743  443.1719  438.6684  432.9219  423.9983  418.2708  416.6927  415.5955  415.3906  415.3090  415.0972
[24]  413.8212  413.0399  412.3177  412.2830  410.5052  409.7101  406.8628  406.5833  403.6649  401.5608  401.4792  401.3559  401.2865  401.2465  401.1875  400.9705  400.8715  400.7517  400.6632  400.6632

$x
          [,1]     [,2]      [,3]     [,4]     [,5]     [,6]     [,7]      [,8]     [,9]    [,10]
xbest 18.08744 224.0879 0.8399477 28.82051 285.6292 35.71582 25.96338  9.860755 3.518413 3.738009
xbest 38.65748 143.7995 0.2253386 25.69273 286.1289 27.72781 24.00000  2.993101 4.877640 1.477709
xbest 38.65748 143.7995 0.1000000 25.69273 286.2602 27.73875 25.17323  3.014980 4.877640 1.430209
xbest 17.92577 500.0000 0.5553771 15.00000 286.4007 41.27139 25.06355  7.533696 5.398125 3.107793
xbest 14.43144 500.0000 0.7534657 15.00000 286.5062 47.46443 25.61922 10.000000 5.717312 3.870252
xbest 22.32488 473.3359 0.4369394 18.26051 286.6453 36.41275 24.46470  7.389917 2.592931 2.746651
xbest 14.42389 492.9590 0.7325468 15.00000 286.5022 48.00000 25.61695 10.000000 6.014206 4.176781
xbest 18.14415 478.1764 0.4791305 17.75533 286.4666 38.74384 24.82398  6.977927 4.529814 2.746730
xbest 18.14415 478.8751 0.5054977 17.75533 286.4561 38.54384 24.91482  6.977927 4.576863 2.699230
xbest 17.25067 482.2208 0.5000132 17.43467 286.5004 36.91718 27.08467  6.893016 5.624890 2.888741
xbest 17.25067 482.2208 0.5073404 17.43467 286.5004 37.71718 26.43467  6.893016 5.571857 2.821566
xbest 20.40800 428.3549 0.5583861 17.47280 286.5688 37.19523 25.86264  6.862523 5.598167 2.752600
xbest 20.35677 428.7347 0.5662102 17.47722 286.5690 37.17559 25.81577  6.861553 5.582555 2.760181
xbest 20.49964 427.5807 0.5588083 17.48371 286.5700 37.14533 25.83072  6.858269 5.595885 2.759026
xbest 20.50844 425.0399 0.5516640 17.53398 286.5789 37.10223 26.09705  6.858063 5.541653 2.770795
xbest 20.45202 427.5759 0.5581461 17.50278 286.5636 37.12950 26.01283  6.857971 5.543876 2.762397
xbest 19.98994 438.1689 0.6079364 17.39371 286.5629 36.96672 26.44278  6.861990 5.790675 2.881217
xbest 19.98940 438.2999 0.6082145 17.40290 286.5658 36.90981 26.46576  6.857996 5.764906 2.890039
xbest 19.98944 438.2611 0.6082849 17.40473 286.5670 36.87225 26.46837  6.856663 5.756821 2.893724
xbest 19.91978 439.6575 0.6076761 17.42995 286.5668 36.83935 26.41494  6.855387 5.758477 2.897775
xbest 19.93668 439.2663 0.6074791 17.42267 286.5672 36.83945 26.41107  6.856418 5.764550 2.902163
xbest 19.93668 439.2663 0.6074791 17.42267 286.5672 36.83945 26.41107  6.856418 5.764550 2.902906
xbest 20.22972 431.6755 0.6241748 17.62502 286.5687 37.07655 26.17783  6.856653 5.676747 2.791176
xbest 20.22972 431.6755 0.6466748 17.62502 286.5687 37.07655 26.17783  6.856653 5.689247 2.791176
xbest 20.19739 430.1812 0.6780729 17.61572 286.5648 37.07555 26.03440  6.857334 5.759160 2.782630
xbest 20.13327 430.0179 0.6820662 17.63640 286.5647 37.06549 26.03386  6.856794 5.799047 2.783839
xbest 20.27297 431.4716 0.7745827 17.60851 286.5647 37.08538 26.03569  6.857311 5.734646 2.777803
xbest 20.35337 431.4611 0.7747110 17.60906 286.5647 37.10688 26.02812  6.857422 5.719870 2.776105
xbest 19.94832 444.8397 1.0000000 17.40007 286.5635 37.09467 26.07141  6.857651 5.827640 2.776811
xbest 19.94832 444.8397 1.0000000 17.40007 286.5635 37.09467 26.11204  6.857651 5.827640 2.776811
xbest 19.92387 441.6829 1.0000000 17.43389 286.5660 37.11004 26.08934  6.857664 5.892095 2.770447
xbest 19.76342 444.3948 1.0000000 17.38966 286.5666 37.10928 26.12654  6.857429 5.954556 2.771501
xbest 19.76342 444.3948 1.0000000 17.38966 286.5666 37.10928 26.12654  6.857429 5.967056 2.768532
xbest 19.73669 450.5099 0.9478405 17.12726 286.5664 37.11513 26.03506  6.857472 6.022566 2.773022
xbest 19.73669 450.5099 0.9478405 17.12726 286.5664 37.11513 26.03506  6.857472 6.022566 2.773764
xbest 19.79144 450.5379 0.9945002 17.21985 286.5635 37.10036 26.04961  6.857544 5.939215 2.773650
xbest 19.76625 450.5249 0.9949216 17.21897 286.5624 37.10922 26.04233  6.857735 5.951886 2.771996
xbest 19.78881 450.1135 0.9947134 17.21931 286.5623 37.10802 26.04237  6.857679 5.950756 2.771941
xbest 19.77034 450.1391 0.9943706 17.22009 286.5632 37.10313 26.09269  6.857271 5.959575 2.769810
xbest 19.77333 450.2519 0.9938158 17.22230 286.5634 37.10260 26.08962  6.857765 5.950919 2.770764
xbest 19.77535 450.3021 0.9936608 17.22161 286.5626 37.10454 26.08072  6.857848 5.950555 2.772961
xbest 19.74244 450.2540 0.9938623 17.22198 286.5622 37.10142 26.07948  6.857822 5.958018 2.772815
xbest 19.74244 450.2540 0.9938623 17.22198 286.5622 37.10142 26.07948  6.857822 5.958018 2.772815

$time
elapsed elapsed elapsed elapsed elapsed elapsed elapsed elapsed elapsed elapsed elapsed elapsed elapsed elapsed elapsed elapsed elapsed elapsed elapsed elapsed elapsed elapsed elapsed elapsed elapsed elapsed elapsed elapsed elapsed elapsed 
   2.06    5.03    8.60   11.68   27.28   30.15   33.15   36.15   42.93  103.64  106.32  125.89  138.10  142.73  152.78  158.87  180.04  189.40  195.78  202.54  205.50  207.06  233.31  241.03  269.20  281.06  284.45  290.98  301.45  308.89 
elapsed elapsed elapsed elapsed elapsed elapsed elapsed elapsed elapsed elapsed elapsed elapsed elapsed 
 331.46  337.21  338.96  491.57  493.25  731.37  758.03  796.39  989.57 1012.00 1054.82 1124.50 1169.04 

$neval
 [1]   106   264   395   539  1229  1365  1500  1640  1902  4590  4713  5528  6070  6273  6681  6953  7840  8259  8536  8813  8950  9023 10122 10473 11680 12161 12299 12575 12985 13329 14429 14708 14789 21326 21399 31524 32677 34377 42329
[40] 43227 45056 48026 50013

$fbest
[1] 400.6632

$xbest
 [1]  19.7424359 450.2540482   0.9938623  17.2219800 286.5622378  37.1014239  26.0794778   6.8578220   5.9580179   2.7728152

$numeval
[1] 50013

$end_crit
[1] 1

$cpu_time
elapsed 
1169.04 

$Refset
$Refset$x
            [,1]      [,2]       [,3]       [,4]       [,5]       [,6]     [,7]       [,8]       [,9]     [,10]
 [1,] 450.254048  17.22198 37.1014239   6.857822   2.772815 450.254048 17.22198 37.1014239   6.857822  2.772815
 [2,]   5.958018  19.74244  0.9938623 286.562238  26.079478   5.958018 19.74244  0.9938623 286.562238 26.079478
 [3,]  19.742436 450.25405  0.9938623  17.221980 286.562238  37.101424 26.07948  6.8578220   5.958018  2.772815
 [4,]  19.748703 450.24756  0.9939073  17.221695 286.562238  37.101917 26.07950  6.8577914   5.955838  2.773014
 [5,]  28.459747 364.68850  0.4618714  19.151551 286.718455  36.223009 35.39409  6.3665359   9.438404  1.432982
 [6,]  19.774713 450.24395  0.9937776  17.221341 286.562344  37.102948 26.08054  6.8578271   5.951321  2.772919
 [7,]  19.772789 450.29068  0.9917297  17.221645 286.562297  37.104494 26.08008  6.8579719   5.950780  2.772941
 [8,]  19.740524 449.29860  0.9922425  17.226593 286.569361  37.115530 26.08606  6.8613588   5.956334  2.776170
 [9,]  19.705036 450.76624  0.9956291  17.216625 286.561472  37.083246 26.07425  6.8587935   5.956375  2.790789
[10,]  19.709279 431.82796  0.9904956  17.348317 286.566298  37.135003 26.10882  6.8597991   6.424475  2.773080
[11,]  20.682335 449.71839  0.9800484  17.258235 286.560227  36.937365 25.53922  5.6361377   5.941826  2.471848
[12,]  19.106344 451.38041  0.9997537  17.196923 286.318609  37.200491 26.20416  6.7293983   5.198940  1.647571

$Refset$f
 [1]   400.6632   400.6632   400.6632   400.6632 12569.8767   400.7517   400.7517   410.9010   409.2483   431.9583   569.1528   954.8941

$Refset$fpen
 [1]    400.6632    400.6632    400.6632    400.6632 596453.6382    400.7517    400.7517    410.9010    409.2483    431.9583    569.1528    954.8941

$Refset$const
           [,1]      [,2]     [,3]      [,4]      [,5]
 [1,] 30.041982  1.520213 11.26396 18.778020  2.786529
 [2,]  1.520213 11.263962 18.77802  2.786529 30.041982
 [3,] 11.263962 30.041982 18.77802  1.520213  2.786529
 [4,] 11.265857 30.044162 18.77830  1.520214  2.786501
 [5,]  9.713147 26.561596 16.84845  1.436807  4.083884
 [6,] 11.270020 30.048679 18.77866  1.520201  2.786570
 [7,] 11.270865 30.049220 18.77836  1.520212  2.786419
 [8,] 11.270259 30.043666 18.77341  1.519404  2.789023
 [9,] 11.260250 30.043625 18.78338  1.520273  2.786877
[10,] 10.923843 29.575525 18.65168  1.519723  2.788602
[11,] 11.316409 30.058174 18.74177  1.522009  2.749649
[12,] 11.997984 30.801060 18.80308  1.548024  2.702096

$Refset$penalty
 [1] 0.0000000 0.0000000 0.0000000 0.0000000 0.5838838 0.0000000 0.0000000 0.0000000 0.0000000 0.0000000 0.0000000 0.0000000


