$f
 [1] 983.0833 830.9653 783.0642 764.3194 666.7743 629.3663 627.3490 619.1146 605.6007 602.9809 593.2153 589.4427 584.3993 580.7517 573.8455 519.5035 518.4497 516.1545 516.0139 515.2622 515.0295 514.9271 514.8455 514.3438 513.3125 511.6979
[27] 510.4948 500.4948 500.2483 493.2483 492.5694 491.9601 476.1597 443.5573 443.5486

$x
          [,1]     [,2]      [,3]     [,4]     [,5]     [,6]     [,7]     [,8]     [,9]    [,10]
xbest 20.68611 332.8833 0.3264950 21.07166 286.6605 36.32693 25.20101 9.229763 3.449756 4.863557
xbest 19.75508 291.0061 0.3483157 19.89211 286.0512 36.18812 31.17590 7.386653 3.063170 4.940503
xbest 19.76875 291.1623 0.3595671 19.88332 286.0512 35.80062 31.17590 7.386653 3.119420 4.893003
xbest 17.66333 330.1058 0.3618147 19.66878 286.3239 42.50316 31.46725 7.575092 3.210498 4.994789
xbest 19.57389 379.7525 0.3080612 18.48692 286.4058 35.44261 31.67615 7.390450 2.989426 4.990426
xbest 18.83623 342.5098 0.3680651 19.36494 286.3133 35.72710 31.44015 7.458535 3.451483 4.903560
xbest 18.83623 342.5098 0.3455651 19.36494 286.3133 35.72710 31.44015 7.458535 3.451483 4.903560
xbest 19.78814 334.6330 0.3173955 19.66950 286.3144 35.44062 31.12103 7.386849 3.136666 4.963193
xbest 19.84318 335.8521 0.3205963 19.64490 286.3336 35.48424 31.29549 7.390620 3.137126 4.956525
xbest 19.84318 335.8521 0.3205963 19.65076 286.3336 35.48424 31.30596 7.390620 3.149626 4.950588
xbest 20.47503 335.4062 0.3172375 19.33347 286.3283 35.48045 31.25877 7.412085 3.127549 4.964383
xbest 20.02630 335.4870 0.3172349 19.52434 286.3312 35.48126 31.30610 7.410458 3.135086 4.961817
xbest 20.11673 335.4645 0.3172377 19.24913 286.3304 35.48130 31.28343 7.411558 3.130546 4.964102
xbest 20.11673 335.4645 0.3172377 19.24913 286.3304 35.38130 31.12093 7.411558 3.130546 4.975977
xbest 14.16067 254.6573 0.2917544 19.56898 285.1597 36.13508 30.47074 6.319101 6.553983 3.045946
xbest 14.16067 254.0323 0.2467544 19.56898 285.1597 36.13508 30.47074 6.306601 6.628983 3.045946
xbest 14.04011 277.0724 0.3205173 20.20726 285.1852 35.97634 30.67767 6.313682 5.723014 3.001232
xbest 14.00755 277.0167 0.3203919 20.20998 285.1852 35.97624 30.67534 6.314816 5.730783 3.003101
xbest 14.00770 276.7431 0.3213844 20.14100 285.1856 35.98794 30.67058 6.315121 5.788310 2.998568
xbest 14.00723 276.9788 0.3232183 20.22391 285.1837 35.97110 30.67103 6.315254 5.708704 3.002418
xbest 14.01065 276.9788 0.3232183 20.22391 285.1837 35.97110 30.67103 6.315254 5.708704 3.002418
xbest 14.00185 277.4058 0.3230258 20.24489 285.1833 35.97066 30.67075 6.314986 5.683274 3.013073
xbest 14.00175 277.4482 0.3232942 20.24478 285.1832 35.97087 30.67543 6.314993 5.682879 3.013044
xbest 14.00276 277.3162 0.3230192 20.24256 285.1823 35.97080 30.65868 6.315421 5.686188 3.012066
xbest 13.54585 280.8048 0.3456832 20.31087 285.1792 37.44003 30.68510 6.363135 5.585283 2.997331
xbest 13.54585 280.8048 0.3456832 20.31380 285.1979 37.44003 30.68510 6.363525 5.597783 2.997331
xbest 13.55501 275.0883 0.3405069 20.35364 285.1809 37.38055 30.68440 6.361929 5.577234 2.994203
xbest 13.55501 275.0883 0.3180069 20.35364 285.1809 37.38055 30.68440 6.361929 5.539734 2.994203
xbest 13.11933 286.0857 0.3470705 20.32742 285.1785 37.47448 30.67959 6.368385 5.589335 2.996967
xbest 13.11933 285.9294 0.3470705 20.32742 285.1785 37.47448 30.63769 6.368385 5.589335 2.999936
xbest 13.17246 281.5950 0.3485022 20.36370 285.1785 37.47513 30.66155 6.371972 5.625406 2.979432
xbest 13.17246 281.5755 0.3485022 20.36370 285.1785 37.47513 30.66155 6.371972 5.625406 2.979432
xbest 11.72809 281.5624 0.3369398 20.28363 285.1788 37.39771 30.59258 6.366777 5.609298 1.342189
xbest 11.72809 281.5624 0.3995180 20.28363 285.1694 37.39771 30.59258 6.366777 5.509298 1.342189
xbest 11.72467 281.5624 0.3995180 20.28363 285.1694 37.39771 30.59258 6.366777 5.509298 1.342189

$time
elapsed elapsed elapsed elapsed elapsed elapsed elapsed elapsed elapsed elapsed elapsed elapsed elapsed elapsed elapsed elapsed elapsed elapsed elapsed elapsed elapsed elapsed elapsed elapsed elapsed elapsed elapsed elapsed elapsed elapsed 
   2.00    9.72   13.25   30.39   33.65   36.98   48.48   58.04   81.58   83.84   94.39  107.28  113.83  119.25  186.79  188.94  211.25  221.72  256.45  264.65  292.17  298.76  313.78  328.36  470.40  472.58  531.70  534.47  566.86  568.90 
elapsed elapsed elapsed elapsed elapsed 
 624.94  626.75  633.08  661.29 1219.73 

$neval
 [1]   106   403   553  1243  1378  1517  2003  2411  3357  3453  3856  4391  4658  4880  7583  7675  8614  9027 10447 10795 11950 12218 12889 13498 19339 19430 21910 21993 23365 23455 25773 25847 26119 27305 50129

$fbest
[1] 443.5486

$xbest
 [1]  11.724669 281.562361   0.399518  20.283628 285.169396  37.397709  30.592578   6.366777   5.509298   1.342189

$numeval
[1] 50129

$end_crit
[1] 1

$cpu_time
elapsed 
1219.73 

$Refset
$Refset$x
           [,1]     [,2]      [,3]     [,4]     [,5]     [,6]     [,7]     [,8]     [,9]    [,10]
 [1,] 12.942895 277.6942 0.3481267 20.42863 285.1528 37.70362 30.49370 6.379186 5.880110 2.996575
 [2,] 12.940058 277.8551 0.3492889 20.44919 285.1522 37.68817 30.49174 6.378928 5.863531 2.990826
 [3,] 12.943610 277.7080 0.3484301 20.42815 285.1528 37.70173 30.49408 6.379386 5.880275 2.994728
 [4,] 12.942477 277.6716 0.3486020 20.44190 285.1522 37.69084 30.49199 6.378826 5.872188 2.994674
 [5,] 12.939241 277.6822 0.3485373 20.43243 285.1525 37.69458 30.49245 6.379085 5.880128 2.994025
 [6,] 12.936928 277.6694 0.3479712 20.43323 285.1525 37.69828 30.49249 6.379035 5.880424 2.995401
 [7,] 12.928729 277.6097 0.3475170 20.43466 285.1527 37.72429 30.48821 6.379186 5.889345 3.000130
 [8,] 12.941905 277.7254 0.3486294 20.43047 285.1527 37.69625 30.49377 6.379173 5.880010 2.996097
 [9,] 12.941178 277.6999 0.3485188 20.44246 285.1525 37.69501 30.49260 6.378948 5.879252 2.996107
[10,]  6.792729 411.1780 0.1221870 26.95870 284.9800 42.79120 36.60495 5.552585 4.245030 2.470275
[11,] 12.937646 276.8104 0.3371887 20.38342 285.1528 37.71541 30.48717 6.378964 5.869676 3.011856
[12,] 12.595398 264.6202 0.4833031 20.70814 285.1427 37.53185 30.57486 6.927967 6.055087 2.771371

$Refset$f
 [1]   469.9063   470.0833   469.9063   470.1337   470.1337   470.1337   470.1927   470.1337   470.4549 19310.1927   498.3646   587.2483

$Refset$fpen
 [1]   469.9063   470.0833   469.9063   470.1337   470.1337   470.1337   470.1927   470.1337   470.4549 19310.1927   498.3646   587.2483

$Refset$const
          [,1]     [,2]      [,3]     [,4]     [,5]
 [1,] 14.54853 30.11989 15.571365 1.686981 2.718289
 [2,] 14.58566 30.13647 15.550813 1.687056 2.719111
 [3,] 14.54788 30.11973 15.571848 1.686973 2.718470
 [4,] 14.56971 30.12781 15.558101 1.687057 2.718941
 [5,] 14.55230 30.11987 15.567575 1.687018 2.718772
 [6,] 14.55281 30.11958 15.566767 1.687022 2.718505
 [7,] 14.54531 30.11065 15.565341 1.686984 2.716330
 [8,] 14.55046 30.11999 15.569535 1.686988 2.718812
 [9,] 14.56321 30.12075 15.557537 1.687020 2.718750
[10,] 22.71367 31.75497  9.041301 1.712180 2.847317
[11,] 14.51374 30.13032 15.616580 1.686970 2.716891
[12,] 14.65305 29.94491 15.291859 1.688439 2.735798

$Refset$penalty
 [1] 0 0 0 0 0 0 0 0 0 0 0 0


