$f
 [1] 1447.6337  991.2031  946.9566  796.9010  617.6910  438.4410  374.7899  372.5035  344.3090  312.3490  298.4097  276.7222  273.6806  248.7708  244.6736  244.0000  243.9566  243.7569  243.4705  243.3559  243.2569  243.1580  243.1580

$x
          [,1]     [,2]      [,3]     [,4]     [,5]     [,6]     [,7]     [,8]     [,9]    [,10]
xbest 17.54483 427.5768 0.2191518 21.77989 285.0384 29.64494 26.10065 6.465659 2.472752 3.184228
xbest 15.10560 500.0000 0.1315896 20.13104 285.3508 32.83484 24.00000 5.197195 2.483224 4.337249
xbest 15.10560 500.0000 0.1000000 20.13104 285.3508 33.23484 24.00000 5.197195 2.531662 4.289749
xbest 12.71931 429.8437 0.3874284 23.02107 286.6484 38.50070 29.32374 7.347335 2.903975 1.342037
xbest 13.99935 486.0891 0.1779624 21.14150 286.4482 36.86021 27.08960 6.446971 2.770346 2.601601
xbest 13.91340 495.0332 0.2702267 22.20576 286.3172 37.04280 24.19995 6.636399 2.684357 1.911592
xbest 14.77591 492.6113 0.2839908 20.96123 286.6416 36.33356 27.79860 6.590496 3.865606 2.394449
xbest 12.58754 488.9488 0.2550777 21.34640 286.6203 37.83856 27.79946 6.617680 3.995813 2.787905
xbest 14.33581 489.8516 0.2693662 21.20008 286.6376 36.69040 27.86152 6.597311 3.364061 2.389441
xbest 14.04621 488.9959 0.2551099 21.02105 286.6383 36.61126 27.91907 6.581264 3.660552 2.389895
xbest 14.16647 482.5185 0.2600092 20.96658 286.5997 37.26243 27.66646 6.626403 3.734472 2.106285
xbest 14.16647 482.5185 0.3021912 20.96658 286.5997 37.26243 27.68681 6.626403 3.759472 2.106285
xbest 14.35325 484.3519 0.2603415 20.99362 286.6100 37.09197 27.61964 6.598042 3.595706 2.373239
xbest 14.35325 484.3519 0.2610446 21.18112 286.6100 37.07947 27.61456 6.626167 3.544143 2.367301
xbest 12.46643 451.8587 0.2714558 21.73965 286.6611 40.32090 27.99279 6.982245 3.511600 1.670376
xbest 12.47801 451.7262 0.2715262 21.73962 286.6610 40.32041 27.99153 6.981453 3.516486 1.670894
xbest 12.47700 451.6451 0.2715212 21.73961 286.6610 40.32038 27.99166 6.981594 3.517792 1.670778
xbest 12.48332 451.7321 0.2717748 21.73896 286.6614 40.32366 27.99491 6.981629 3.513901 1.670783
xbest 12.47165 451.7878 0.2714181 21.74003 286.6609 40.32140 27.99063 6.981563 3.511978 1.671212
xbest 12.47157 451.7800 0.2715212 21.73964 286.6612 40.32195 27.99214 6.981802 3.511777 1.670375
xbest 12.47169 451.7834 0.2715046 21.73953 286.6612 40.32214 27.99191 6.981764 3.511716 1.670424
xbest 12.48089 451.7292 0.2715042 21.74082 286.6617 40.32378 27.98797 6.981793 3.501929 1.670398
xbest 12.48089 451.7292 0.2715042 21.74082 286.6617 40.32378 27.98797 6.981793 3.501929 1.670398

$time
elapsed elapsed elapsed elapsed elapsed elapsed elapsed elapsed elapsed elapsed elapsed elapsed elapsed elapsed elapsed elapsed elapsed elapsed elapsed elapsed elapsed elapsed elapsed 
   5.23    8.93   11.70   15.28   18.92   23.39   26.70   29.93   33.10   36.39   46.82   49.20   72.32   86.65  376.85  394.53  401.48  446.45  464.81  498.21  505.21 1182.81 1197.90 

$neval
 [1]   106   263   366   511   654   803   944  1083  1224  1360  1771  1868  2815  3349 14911 15668 15945 17808 18573 20001 20271 49461 50075

$fbest
[1] 243.158

$xbest
 [1]  12.4808883 451.7291805   0.2715042  21.7408205 286.6616647  40.3237814  27.9879745   6.9817928   3.5019289   1.6703982

$numeval
[1] 50075

$end_crit
[1] 1

$cpu_time
elapsed 
 1197.9 

$Refset
$Refset$x
           [,1]        [,2]        [,3]      [,4]       [,5]      [,6]       [,7]       [,8]      [,9]    [,10]
 [1,] 451.72918  21.7408205  40.3237814  6.981793   1.670398 451.72918 21.7408205  40.323781  6.981793 1.670398
 [2,]  12.48089   0.2715042 286.6616647 27.987975   3.501929  12.48089  0.2715042 286.661665 27.987975 3.501929
 [3,]  12.48377 451.8690416   0.2712250 21.741285 286.661219  40.32248 27.9877853   6.981773  3.493466 1.670319
 [4,]  12.49082 451.6151848   0.2728253 21.737394 286.661773  40.32067 27.9920453   6.981736  3.510362 1.669593
 [5,]  12.48876 451.5728651   0.2726786 21.739023 286.661859  40.32377 27.9921697   6.981754  3.509860 1.670064
 [6,]  12.48781 452.0803925   0.2721535 21.735532 286.661852  40.32481 27.9873544   6.981799  3.496790 1.669759
 [7,]  12.48778 451.6687033   0.2718636 21.739146 286.661546  40.32310 27.9816271   6.981799  3.502952 1.670337
 [8,]  12.48946 451.8253018   0.2721157 21.737079 286.662026  40.32137 27.9886524   6.981785  3.502131 1.669789
 [9,]  12.48457 451.5942401   0.2722639 21.739174 286.661763  40.32850 27.9732240   6.981789  3.511017 1.670162
[10,]  12.48482 451.6513294   0.2714089 21.741077 286.661348  40.32266 27.9912332   6.981781  3.502302 1.670196
[11,]  12.41209 446.9464130   0.2694158 21.929323 286.661161  40.33493 28.0039433   6.981746  3.506763 1.674467
[12,]  12.32052 452.0316279   0.2721056 21.784970 286.658444  40.32356 27.7895526   6.937585  3.556894 1.763584

$Refset$f
 [1] 243.1580 243.1580 243.3628 243.4479 243.4479 243.4618 243.4618 243.4618 243.4670 243.4670 253.5573 288.6771

$Refset$fpen
 [1] 243.1580 243.1580 243.3628 243.4479 243.4479 243.4618 243.4618 243.4618 243.4670 243.4670 253.5573 288.6771

$Refset$const
          [,1]      [,2]      [,3]      [,4]     [,5]
 [1,] 32.49807  1.510041 18.238892 14.259180 2.797961
 [2,] 18.23889 14.259180  2.797961 32.498071 1.510041
 [3,] 18.24782 32.506534 14.258715  1.510090 2.797837
 [4,] 18.22703 32.489638 14.262606  1.510006 2.798495
 [5,] 18.22916 32.490140 14.260977  1.510004 2.798370
 [6,] 18.23874 32.503210 14.264468  1.510025 2.797932
 [7,] 18.23619 32.497048 14.260854  1.510076 2.797451
 [8,] 18.23495 32.497869 14.262921  1.509991 2.798293
 [9,] 18.22816 32.488983 14.260826  1.510096 2.796582
[10,] 18.23877 32.497698 14.258923  1.510063 2.798151
[11,] 18.42256 32.493237 14.070677  1.510069 2.798405
[12,] 18.22808 32.443106 14.215030  1.511125 2.781122

$Refset$penalty
 [1] 0 0 0 0 0 0 0 0 0 0 0 0


