$f
 [1] 1742.1684 1402.0087 1144.4601 1065.6545 1032.6927  987.1319  958.7292  948.5469  939.8924  927.1146  902.5451  889.0226  879.5417  847.3941  807.3872  755.2083  722.0538  698.6528  696.4583  695.4497  694.5399  693.5903  693.1354
[24]  692.3090  692.0851  691.4132  691.2066  691.1476  688.7847  683.5521  672.9757  669.8090  665.5538

$x
          [,1]     [,2]      [,3]     [,4]     [,5]     [,6]     [,7]     [,8]     [,9]    [,10]
xbest 12.57969 462.7178 0.6229744 20.15326 285.3154 40.83934 27.73106 4.972245 2.862437 3.506967
xbest 17.18206 376.2423 0.6958826 20.44571 286.3623 39.94231 26.83203 4.662657 4.273001 2.010727
xbest 17.18206 416.8057 0.6833650 20.44571 286.4373 40.71977 26.18203 4.668291 4.050467 2.010727
xbest 19.42775 408.7717 0.8949636 17.85534 286.5715 40.66089 24.98257 5.974347 4.435301 1.656272
xbest 18.12827 484.3126 1.0000000 15.04312 286.6498 41.10177 24.22045 5.277971 4.516501 1.259677
xbest 17.25925 330.3511 0.7817230 20.71525 286.7535 45.18305 24.58132 7.341922 4.710280 3.525650
xbest 19.83673 373.6218 0.4956491 20.30863 286.7534 40.35982 24.98968 4.963769 3.452961 1.243852
xbest 18.83351 442.3253 0.8950101 18.39366 286.6439 40.92663 24.59418 5.477031 3.590380 1.215124
xbest 16.46475 478.8321 0.9803694 15.61114 286.8235 41.44428 24.19075 5.784867 6.014352 1.200000
xbest 20.55080 326.1026 0.4315087 21.60457 286.7973 40.55939 24.91943 4.877402 3.504285 1.200000
xbest 18.02668 443.5689 0.9301907 18.27278 286.6426 40.93086 24.56585 5.448679 3.792152 1.213386
xbest 15.49030 478.2415 0.8933233 16.66964 286.6004 41.83763 24.03182 6.535884 4.348248 1.200000
xbest 18.40368 398.8440 0.6073234 19.43713 286.7545 40.94602 24.43659 5.802660 3.891352 1.222082
xbest 18.40368 400.0940 0.5904484 19.43713 286.7721 40.99602 24.51784 5.802660 3.891352 1.244348
xbest 16.94262 446.3136 0.8961256 18.21821 286.8100 40.63124 24.62264 6.384213 4.385532 1.248960
xbest 17.16137 442.5636 1.0000000 18.21821 286.8100 40.63124 24.62264 6.365463 4.360532 1.254898
xbest 16.17115 464.9742 0.9423526 17.81158 286.8045 41.61392 24.43833 6.555003 4.416990 1.219088
xbest 16.17115 462.4742 0.9648526 17.81158 286.8045 41.61392 24.45864 6.542503 4.248240 1.219088
xbest 16.94583 432.3776 0.9055890 18.39730 286.7919 40.92898 24.32145 6.443447 4.375602 1.200028
xbest 16.94583 432.3776 0.9055890 18.39730 286.7919 40.92898 24.32145 6.443447 4.372477 1.200028
xbest 16.89286 400.7014 0.8830650 18.30694 286.8060 41.04309 24.43607 6.480013 5.406914 1.250311
xbest 16.88602 400.7014 0.8830650 18.30694 286.8060 41.04309 24.43607 6.480013 5.410039 1.250311
xbest 16.87652 398.5239 0.8831073 18.23787 286.8067 41.04482 24.44009 6.481394 5.546633 1.249809
xbest 16.86188 394.5391 0.8809993 18.23725 286.8069 41.04469 24.44151 6.481288 5.626007 1.250288
xbest 16.86188 394.5391 0.8809993 18.23725 286.8069 41.04469 24.44151 6.481288 5.622882 1.250288
xbest 16.85414 392.8325 0.8803739 18.24191 286.8069 41.04473 24.44198 6.481263 5.677855 1.250284
xbest 16.85414 392.8325 0.8803739 18.24191 286.8069 41.04473 24.44198 6.481263 5.680980 1.250284
xbest 16.82403 388.7793 0.8807364 18.19614 286.8061 41.04662 24.43313 6.481137 5.870167 1.249916
xbest 16.79540 395.3349 0.8733194 17.97071 286.8062 41.53027 24.44189 6.530421 5.670031 1.248400
xbest 16.78806 395.9843 0.8774679 18.07619 286.8041 41.52810 24.46197 6.537975 5.563476 1.239513
xbest 16.73180 396.3415 0.8759265 17.98906 286.8037 41.51417 24.47859 6.537536 5.523542 1.230352
xbest 16.71813 396.3415 0.8084265 17.98906 286.8037 41.51417 24.47859 6.537536 5.523542 1.230352
xbest 16.71813 396.2634 0.8084265 17.98906 286.8037 41.51417 24.47859 6.531286 5.523542 1.230352

$time
elapsed elapsed elapsed elapsed elapsed elapsed elapsed elapsed elapsed elapsed elapsed elapsed elapsed elapsed elapsed elapsed elapsed elapsed elapsed elapsed elapsed elapsed elapsed elapsed elapsed elapsed elapsed elapsed elapsed elapsed 
   2.23    7.58   10.64   14.06   17.16   20.11   23.17   26.52   29.50   32.72   35.72   42.00   45.16   48.06   79.72   82.45  164.39  166.75  397.22  398.77  651.33  653.36  695.61  699.05  700.73  719.91  737.80  795.23  799.56  802.36 
elapsed elapsed elapsed 
 805.88  828.86 1232.38 

$neval
 [1]   106   255   391   544   689   827   966  1107  1245  1383  1522  1664  1802  1942  3292  3425  6795  6902 16531 16605 26565 26643 27869 28007 28081 28751 29503 31808 32013 32147 32283 33310 50085

$fbest
[1] 665.5538

$xbest
 [1]  16.7181259 396.2633857   0.8084265  17.9890573 286.8037473  41.5141661  24.4785926   6.5312855   5.5235418   1.2303525

$numeval
[1] 50085

$end_crit
[1] 1

$cpu_time
elapsed 
1232.38 

$Refset
$Refset$x
          [,1]     [,2]      [,3]     [,4]     [,5]     [,6]     [,7]     [,8]     [,9]    [,10]
 [1,] 16.80392 380.2400 0.8799674 17.98622 286.8065 41.05094 24.43156 6.480540 6.294000 1.249899
 [2,] 16.80659 380.1974 0.8796827 17.99165 286.8065 41.04846 24.42944 6.480620 6.289342 1.250154
 [3,] 16.80681 380.1307 0.8773404 17.98811 286.8063 41.05127 24.43085 6.480733 6.292286 1.250052
 [4,] 16.81698 380.2563 0.8586319 17.98820 286.8068 41.04797 24.43899 6.480406 6.293468 1.250010
 [5,] 16.77111 374.4956 0.8209387 18.05555 286.7979 40.94701 24.42823 6.479254 6.262749 1.266415
 [6,] 16.80967 380.6019 0.8788218 17.88896 286.7999 40.97413 24.42082 6.480562 6.339921 1.262530
 [7,] 17.39966 359.5763 0.8314235 17.99497 286.8017 40.97566 24.42899 6.480473 6.283896 1.271342
 [8,] 17.23759 365.1535 0.8471051 18.02931 286.8040 40.98804 24.43757 6.480616 6.290582 1.279808
 [9,] 16.80571 379.9703 0.8784656 17.99085 286.8087 41.07871 24.43054 6.483353 6.295226 1.250044
[10,] 17.44517 343.5963 0.6654776 18.77854 286.7581 40.74475 24.42789 6.479266 6.215951 1.256798
[11,] 17.77180 365.8785 0.7636744 17.92489 286.7891 40.34546 24.55175 6.580181 6.290875 1.251066
[12,] 16.76153 380.6592 0.8806589 17.99294 286.7462 41.02700 24.46662 6.499303 6.301518 1.264327

$Refset$f
 [1] 686.8837 686.8837 687.3958 688.9983 689.6441 691.0729 684.0556 703.3247 690.8906 719.5503 817.6771 821.9878

$Refset$fpen
 [1] 686.8837 686.8837 687.3958 688.9983 689.6441 691.0729 684.0556 703.3247 690.8906 719.5503 817.6771 821.9878

$Refset$const
          [,1]     [,2]     [,3]     [,4]     [,5]
 [1,] 11.69222 29.70600 18.01378 1.506662 2.562600
 [2,] 11.70231 29.71066 18.00835 1.506671 2.562529
 [3,] 11.69582 29.70771 18.01189 1.506684 2.562462
 [4,] 11.69473 29.70653 18.01180 1.506613 2.563314
 [5,] 11.79280 29.73725 17.94445 1.507402 2.563240
 [6,] 11.54904 29.66008 18.11104 1.507252 2.562428
 [7,] 11.71107 29.71610 18.00503 1.507056 2.563579
 [8,] 11.73873 29.70942 17.97069 1.506814 2.564548
 [9,] 11.69563 29.70477 18.00915 1.506482 2.562255
[10,] 12.56259 29.78405 17.22146 1.511184 2.556327
[11,] 11.63401 29.70912 18.07511 1.507039 2.593182
[12,] 11.69142 29.69848 18.00706 1.512704 2.543168

$Refset$penalty
 [1] 0 0 0 0 0 0 0 0 0 0 0 0


