$f
 [1] 2524.2431 1640.1545 1400.7726 1098.9844 1022.5087  979.7587  933.3715  840.6510  741.1667  688.2639  687.1545  658.8576  657.6198  637.6354  630.6337  610.3646  555.0938  549.4028  545.0938  542.5937  536.2153  534.3542  532.2031
[24]  532.1875  527.4861  527.0694  526.8316  526.5660  526.2153  526.2153  525.6753  524.1753  523.9444  521.9236  521.7361  521.0590  520.9045  520.8958  520.5156  520.3767  520.2240  520.1701  520.0139  519.9705  519.9271  519.9028
[47]  519.8819  519.8594  519.5920  519.5035  519.4809  519.1701  518.2691  518.1910  518.1806  517.9965  517.5399  517.5399

$x
           [,1]     [,2]      [,3]     [,4]     [,5]     [,6]     [,7]     [,8]     [,9]    [,10]
xbest  7.273924 161.2996 0.6507968 22.62973 284.5315 41.09587 31.54408 2.136871 9.902771 4.672506
xbest  7.639386 161.8976 0.6908387 22.06151 284.4611 46.36480 34.40819 2.000000 9.712856 4.729280
xbest  7.639386 161.8976 0.6820693 21.37206 284.4010 47.96480 35.13491 2.125000 9.837856 4.595852
xbest 22.665994 198.8351 0.4981649 23.14107 286.4663 37.11033 30.97149 4.516767 3.200999 2.312004
xbest 20.757111 213.7032 0.5294555 23.12582 286.4368 36.50325 28.31719 2.100058 4.641177 1.714139
xbest 14.535795 315.4531 0.3711422 24.56376 286.7254 43.83900 26.49689 4.767461 2.001775 1.587601
xbest 15.060860 273.2629 0.4867403 24.82695 286.5642 43.09887 26.47002 5.153465 2.130783 1.647741
xbest 12.494711 321.2669 0.4551960 24.62059 286.6019 45.11752 26.42415 6.129666 2.002975 1.280524
xbest 12.695505 309.9538 0.4224958 25.34709 286.6956 45.46855 26.87862 5.789810 2.001946 1.470851
xbest 13.023630 298.5145 0.4116097 25.34709 286.6904 45.46855 27.36612 5.800179 2.000000 1.470851
xbest 15.135973 222.0717 0.3305961 26.92906 286.6900 45.65311 27.34020 5.727099 2.019779 1.385785
xbest 15.135973 222.0717 0.3066899 26.92906 286.6947 45.65311 27.82770 5.727099 2.050000 1.409535
xbest 15.016578 209.3485 0.3393662 28.04095 286.7204 46.42819 26.66062 5.840423 2.000000 1.372623
xbest 15.055135 205.3704 0.3305421 27.98654 286.7203 46.55653 26.63656 5.851405 2.023044 1.369830
xbest 15.027791 205.3704 0.3305421 27.98654 286.7203 46.55653 26.63656 5.857655 2.023044 1.368346
xbest 12.504178 381.1052 0.2701600 17.41828 286.7235 48.00000 24.00000 5.743875 4.699660 1.248336
xbest 12.381893 418.3101 0.4627378 17.41828 286.7235 48.00000 24.00000 5.743875 4.699660 1.241698
xbest 14.109234 364.9632 0.2735974 17.19398 286.7281 48.00000 24.00000 5.726648 4.110183 1.262845
xbest 14.136578 364.9632 0.2510974 17.19398 286.7281 48.00000 24.00000 5.726648 4.110183 1.262845
xbest 13.950193 366.3893 0.2712416 17.54072 286.7282 47.98399 24.00701 5.732594 4.099441 1.261657
xbest 14.258316 363.0110 0.2695276 17.12054 286.7431 47.99967 24.00000 5.728390 4.172071 1.263810
xbest 14.000350 366.1119 0.2804035 17.40717 286.7255 47.89562 24.00730 5.724992 4.266073 1.266236
xbest 14.428990 366.7932 0.2733092 17.27232 286.7227 47.78208 24.03399 5.709428 3.728358 1.267219
xbest 14.151357 365.9328 0.2760918 17.19556 286.7239 47.80896 24.03401 5.716411 4.177310 1.267062
xbest 14.043711 366.1361 0.2772899 17.27454 286.7243 47.78520 24.02454 5.721250 4.166930 1.266985
xbest 14.053822 366.1173 0.2742726 17.25246 286.7244 47.78328 24.01617 5.724808 4.147235 1.255053
xbest 14.053822 366.1173 0.2742726 17.25246 286.7244 47.78328 24.00000 5.724808 4.147235 1.258022
xbest 14.114368 366.1463 0.2776790 17.19620 286.7287 47.79501 24.02962 5.721271 4.137569 1.262786
xbest 14.077110 366.1045 0.2757560 17.24031 286.7252 47.78645 24.02203 5.723348 4.137505 1.256568
xbest 14.009027 365.7736 0.2786350 17.49050 286.7252 47.78502 24.03823 5.723602 4.160392 1.259430
xbest 14.149240 364.4155 0.2861911 17.16951 286.7164 47.79707 24.01097 5.729090 4.173982 1.254868
xbest 13.951931 365.0112 0.2879542 17.66754 286.7233 47.78298 24.03888 5.722770 4.161140 1.257877
xbest 13.859450 365.3801 0.2881268 17.82346 286.7234 47.77970 24.03552 5.723487 4.136711 1.258139
xbest 13.886794 365.0676 0.3106268 17.82346 286.7234 47.77970 24.00000 5.723097 4.136711 1.258139
xbest 14.008403 364.4779 0.3199509 17.39456 286.6912 47.80211 24.00163 5.735931 4.284996 1.253407
xbest 14.008403 364.4779 0.3199509 17.39456 286.6912 47.80211 24.00163 5.735931 4.288121 1.253407
xbest 14.053063 362.8854 0.3218862 17.36229 286.6957 47.79001 24.00659 5.732872 4.326037 1.254673
xbest 14.058734 361.5754 0.3311122 17.44381 286.6939 47.79093 24.00466 5.734099 4.322762 1.254645
xbest 14.058734 361.5754 0.3311122 17.44381 286.6939 47.79093 24.00466 5.734099 4.319637 1.254645
xbest 14.015730 363.0015 0.3274018 17.43894 286.6902 47.79525 24.00308 5.734403 4.318257 1.254533
xbest 14.012312 363.0015 0.3274018 17.43894 286.6902 47.79525 24.00308 5.734403 4.318257 1.254533
xbest 14.011685 363.0500 0.3266213 17.43783 286.6931 47.79113 24.00315 5.733730 4.316212 1.254500
xbest 14.011064 362.7808 0.3276997 17.42203 286.6917 47.79592 24.00479 5.734421 4.319525 1.254655
xbest 14.010766 362.7840 0.3275133 17.41717 286.6915 47.79498 24.00582 5.734845 4.321465 1.254621
xbest 14.017648 362.9296 0.3283940 17.43704 286.6880 47.79705 24.00183 5.734796 4.318880 1.254561
xbest 14.006840 362.8764 0.3287926 17.41991 286.6934 47.79705 24.00784 5.734054 4.328009 1.255270
xbest 14.006841 362.9956 0.3278684 17.41409 286.6934 47.79643 24.00646 5.734090 4.323948 1.255119
xbest 14.007152 362.9802 0.3279487 17.41507 286.6938 47.79646 24.00714 5.734193 4.324387 1.255089
xbest 14.007611 363.1467 0.3284327 17.41081 286.6935 47.79749 24.00731 5.733859 4.324322 1.254874
xbest 14.007242 363.1054 0.3287352 17.41114 286.6936 47.79690 24.00719 5.733989 4.327163 1.255228
xbest 14.007272 363.0894 0.3287982 17.41122 286.6936 47.79692 24.00716 5.734029 4.327887 1.255231
xbest 14.366925 360.2654 0.3332831 17.41827 286.6927 47.78890 24.01044 5.733623 4.154754 1.254471
xbest 14.435036 360.3155 0.3342456 17.41380 286.6939 47.78008 24.01161 5.733341 4.091804 1.254641
xbest 14.435036 360.3155 0.3342456 17.41380 286.6939 47.78008 24.00000 5.733341 4.091804 1.254641
xbest 14.035818 363.6171 0.3330422 17.87113 286.6918 47.79332 24.00765 5.735067 4.057106 1.254553
xbest 14.035818 363.6171 0.3330422 17.87113 286.6918 47.79332 24.00765 5.735067 4.060231 1.254553
xbest 14.086165 364.6796 0.3291200 17.86807 286.6928 47.79575 24.00289 5.733637 3.958629 1.255568
xbest 14.086165 364.6796 0.3291200 17.86807 286.6928 47.79575 24.00289 5.733637 3.958629 1.255568

$time
elapsed elapsed elapsed elapsed elapsed elapsed elapsed elapsed elapsed elapsed elapsed elapsed elapsed elapsed elapsed elapsed elapsed elapsed elapsed elapsed elapsed elapsed elapsed elapsed elapsed elapsed elapsed elapsed elapsed elapsed 
   1.88    5.18    8.21   13.99   17.55   20.44   25.79   28.49   36.68   39.41   87.27   89.32   92.08  112.11  119.00  196.46  198.47  267.02  268.82  277.36  280.13  285.57  288.32  293.97  297.55  338.05  339.71  379.61  383.68  386.41 
elapsed elapsed elapsed elapsed elapsed elapsed elapsed elapsed elapsed elapsed elapsed elapsed elapsed elapsed elapsed elapsed elapsed elapsed elapsed elapsed elapsed elapsed elapsed elapsed elapsed elapsed elapsed elapsed 
 400.61  406.15  409.08  410.96  461.11  462.57  482.47  485.96  492.82  519.63  521.13  545.68  560.63  571.27  584.07  616.55  636.44  684.71  726.27  744.13  746.85  839.91  862.47  869.99  983.54  985.07  987.79 1019.02 

$neval
 [1]   106   273   431   714   854   996  1276  1415  1820  1960  4382  4480  4617  5567  5919  9843  9944 13323 13406 13823 13960 14230 14367 14644 14781 16743 16822 18720 18923 19059 19741 20019 20159 20253 22701 22774 23719 23855 24208
[40] 25561 25635 26862 27601 28136 28751 30323 31278 33803 35834 36723 36863 41505 42650 42994 48387 48460 48595 50004

$fbest
[1] 517.5399

$xbest
 [1]  14.086165 364.679579   0.329120  17.868068 286.692769  47.795748  24.002891   5.733637   3.958629   1.255568

$numeval
[1] 50004

$end_crit
[1] 1

$cpu_time
elapsed 
1019.02 

$Refset
$Refset$x
           [,1]        [,2]        [,3]      [,4]       [,5]      [,6]       [,7]       [,8]      [,9]    [,10]
 [1,]  14.08616 364.6795790   0.3291200 17.868068 286.692769  47.79575 24.0028912   5.733637  3.958629 1.255568
 [2,]  14.04235 363.0295775   0.3330317 17.883465 286.691818  47.79395 24.0077968   5.734915  4.058217 1.254516
 [3,]  14.07034 364.7745462   0.3352584 17.831924 286.690373  47.79452 24.0059711   5.735322  4.003413 1.254605
 [4,]  14.05526 363.8675651   0.3324470 18.003204 286.691116  47.79186 24.0060867   5.734231  3.910348 1.255183
 [5,]  14.08431 364.6698912   0.3325123 17.859720 286.692647  47.79559 24.0052347   5.734114  3.985409 1.255084
 [6,]  14.07830 364.6426918   0.3329918 17.831715 286.691463  47.79501 24.0058158   5.734987  3.982223 1.254868
 [7,]  14.03582   0.3330422 286.6917946 24.007649   4.060231  14.03582  0.3330422 286.691795 24.007649 4.060231
 [8,] 363.61711  17.8711321  47.7933187  5.735067   1.254553 363.61711 17.8711321  47.793319  5.735067 1.254553
 [9,]  14.10078 364.2905698   0.3362563 17.815961 286.691054  47.79033 24.0064267   5.734159  4.009162 1.255305
[10,]  14.15975 364.4799832   0.3290829 17.858218 286.691992  47.79559 24.0051994   5.733486  3.885414 1.255232
[11,]  14.08978 365.2687384   0.3377806 18.141612 286.690334  47.79740 24.0019004   5.735156  3.711828 1.254153
[12,]  14.06082 362.9591413   0.3328266 17.883861 286.691796  47.79133 24.0063754   5.734255  4.049336 1.254848

$Refset$f
 [1] 517.5399 517.6406 517.8333 517.9253 517.9531 517.9931 517.9965 517.9965 518.1163 518.1545 518.4774 517.6042

$Refset$fpen
 [1] 517.5399 517.6406 517.8333 517.9253 517.9531 517.9931 517.9965 517.9965 518.1163 518.1545 518.4774 517.6042

$Refset$const
          [,1]      [,2]     [,3]      [,4]     [,5]
 [1,] 13.90944 32.041371 18.13193  1.522745 2.285484
 [2,] 13.82525 31.941783 18.11653  1.522823 2.285469
 [3,] 13.82851 31.996587 18.16808  1.522944 2.284905
 [4,] 14.09286 32.089652 17.99680  1.522881 2.285213
 [5,] 13.87431 32.014591 18.14028  1.522754 2.285565
 [6,] 13.84949 32.017777 18.16829  1.522853 2.285232
 [7,] 13.81090 18.128868  2.28547 31.939769 1.522825
 [8,] 31.93977  1.522825 13.81090 18.128868 2.285470
 [9,] 13.80680 31.990838 18.18404  1.522886 2.285248
[10,] 13.97280 32.114586 18.14178  1.522809 2.285355
[11,] 14.42978 32.288172 17.85839  1.522948 2.284619
[12,] 13.83452 31.950664 18.11614  1.522825 2.285457

$Refset$penalty
 [1] 0 0 0 0 0 0 0 0 0 0 0 0


