$f
 [1] 2203.3767  921.2483  672.7934  668.6701  613.5191  574.2240  542.2465  505.4184  473.3229  454.2865  437.8872  426.7812  419.6267  405.9184  404.2674  403.4149  400.7760  399.9028  395.3524  393.5625  390.8472  389.8299  389.7587
[24]  388.4774  387.2847  385.5764  381.6059  379.9722  378.9132  376.8750  370.8316  370.6476  368.1979  367.7743  367.4271  367.0399  365.3351  365.2101  364.9965  363.3299  362.9045  362.7674  361.3872  361.0712  360.6806  360.6163
[47]  360.5799  359.7795  359.3368  358.8073  358.5243  358.4705  358.2535  358.2535

$x
           [,1]     [,2]      [,3]     [,4]     [,5]     [,6]     [,7]     [,8]     [,9]    [,10]
xbest  5.981244 403.9291 0.8136320 25.08879 284.8115 37.25729 29.40156 5.555187 4.403419 3.382507
xbest 18.937153 326.5519 0.7634942 15.00000 286.8349 47.07618 28.27182 5.825560 4.978300 2.931961
xbest 18.937153 326.5519 1.0000000 15.00000 286.8255 45.47618 25.67182 5.825560 5.778300 2.931961
xbest 18.965164 316.5551 0.7712473 15.00000 286.7522 48.00000 24.07561 2.088832 5.808894 3.547204
xbest 19.298523 321.8502 0.7675205 15.00000 286.7833 48.00000 24.00000 2.008967 6.034442 3.663010
xbest 18.825841 343.1559 1.0000000 15.40910 286.7899 46.74120 24.10734 6.054414 4.307040 2.275652
xbest 14.339561 344.4219 0.8943823 16.28288 286.7918 46.36912 28.56594 6.111027 7.248942 1.278537
xbest 17.538891 337.4836 0.8021456 15.45130 286.7717 43.85349 26.52768 6.463180 6.186096 2.462263
xbest 16.657445 342.2837 0.9084194 16.19641 286.8230 46.62656 27.74133 6.081739 5.493548 1.403080
xbest 17.492569 327.3337 0.7575385 16.74430 286.7415 43.94520 25.48094 6.454041 5.740824 2.649417
xbest 17.492569 327.3337 0.6900385 16.75016 286.7415 43.94520 25.48094 6.404822 5.740824 2.649417
xbest 18.648007 307.2859 0.9872712 18.14512 286.7250 44.41511 24.48949 6.406458 4.542173 2.717673
xbest 18.648007 307.2859 0.9872712 18.33262 286.7250 44.41511 24.40824 6.406458 4.542173 2.717673
xbest 18.457115 310.1843 0.8925126 17.43639 286.7272 44.82329 25.10282 6.420148 4.839849 2.724826
xbest 18.459191 311.0039 0.8533639 17.43437 286.7272 44.82194 25.10656 6.422234 4.807155 2.720097
xbest 18.463262 315.5460 0.9657267 17.28652 286.7301 44.70939 25.21383 6.418241 4.881832 2.708022
xbest 18.463474 317.7624 0.9737467 17.29551 286.7298 44.73584 25.19849 6.418409 4.860019 2.709994
xbest 18.463474 317.7624 0.9737467 17.30137 286.7298 44.72959 25.19849 6.418409 4.863144 2.718900
xbest 18.609514 298.8312 0.9471746 17.50643 286.7343 44.84689 24.95953 6.425029 5.350088 2.694657
xbest 18.609514 298.8312 0.9696746 17.50643 286.7343 44.84689 24.95953 6.425029 5.343838 2.694657
xbest 18.615161 293.9349 0.9402645 17.55330 286.7337 44.88301 24.88520 6.426446 5.383427 2.693721
xbest 18.685084 285.5879 0.9389231 17.57355 286.7335 44.89077 24.73902 6.427715 5.651387 2.694072
xbest 18.685084 285.5879 0.9164231 17.57355 286.7335 44.89077 24.73902 6.427715 5.651387 2.694072
xbest 18.225689 302.0845 0.9360338 17.37934 286.7400 45.05684 24.91195 6.433507 5.162379 2.702372
xbest 18.232525 302.1626 0.9360338 17.37934 286.7400 45.05684 24.91195 6.433507 5.162379 2.702372
xbest 18.216300 302.1698 0.9378874 17.35376 286.7401 45.11115 24.89405 6.445296 5.228297 2.664643
xbest 18.216300 302.1698 1.0000000 17.35376 286.7401 45.11115 24.89405 6.445296 5.203297 2.664643
xbest 18.526687 302.1089 0.9257784 17.50069 286.7382 45.14109 24.54058 6.438266 5.073329 2.693673
xbest 18.526687 302.1089 1.0000000 17.50069 286.7382 45.14109 24.54058 6.438266 5.073329 2.693673
xbest 18.502272 300.5683 0.9480241 17.46986 286.7330 45.17477 24.40065 6.442407 5.014604 2.689151
xbest 18.504038 300.8212 0.9966288 17.45682 286.7310 45.19009 24.39455 6.445943 4.973157 2.685307
xbest 18.504038 300.8212 0.9550000 17.45682 286.7310 45.19009 24.39455 6.445943 4.973157 2.685307
xbest 18.538599 301.1090 0.8892934 17.66686 286.7423 45.17456 24.44342 6.437945 5.039946 2.701703
xbest 18.537273 301.0853 0.8894385 17.68721 286.7423 45.17467 24.44403 6.438507 5.041940 2.702001
xbest 18.537273 301.0853 0.8894385 17.68721 286.7423 45.17467 24.44403 6.438507 5.038815 2.702001
xbest 18.511559 301.0735 0.9883434 17.45294 286.7358 45.17911 24.40940 6.440438 4.972144 2.696380
xbest 18.511559 300.4485 1.0000000 17.45294 286.7381 45.17911 24.40940 6.440438 4.928394 2.696380
xbest 18.494471 301.0769 0.9762273 17.35817 286.7316 45.18410 24.39110 6.440068 4.922706 2.702371
xbest 18.500291 301.0838 0.9804828 17.39093 286.7311 45.18216 24.40613 6.440001 4.920356 2.699737
xbest 18.533055 300.3709 0.9770931 17.41335 286.7305 45.18372 24.38810 6.440482 4.958880 2.703639
xbest 18.535773 300.3175 0.9757047 17.41393 286.7304 45.18352 24.38357 6.440765 4.952404 2.703126
xbest 18.620816 300.7082 0.9761808 17.34865 286.7326 45.18436 24.40032 6.440484 4.910572 2.705679
xbest 18.651572 300.6429 0.9761752 17.32925 286.7335 45.18432 24.40604 6.440427 4.912543 2.707401
xbest 18.655574 300.6733 0.9759766 17.32882 286.7341 45.18441 24.40529 6.440443 4.912721 2.706949
xbest 18.629289 299.9728 0.9898712 17.37012 286.7354 45.18676 24.39026 6.440509 4.956079 2.705154
xbest 18.644952 300.0806 0.9851653 17.37116 286.7342 45.18682 24.39012 6.440485 4.925390 2.705127
xbest 18.701661 299.8128 0.9766794 17.35166 286.7348 45.18462 24.40907 6.440447 4.893479 2.705575
xbest 18.715714 299.3305 0.9738070 17.34902 286.7356 45.18468 24.41693 6.440419 4.893939 2.705336
xbest 18.731637 298.7845 0.9704209 17.34368 286.7359 45.18483 24.41697 6.440351 4.894837 2.704799
xbest 18.731637 298.7845 0.9929209 17.34661 286.7359 45.18483 24.41697 6.440351 4.907337 2.704799
xbest 18.712515 300.6866 0.9981865 17.31003 286.7334 45.18051 24.40893 6.440567 4.866113 2.706222
xbest 18.712515 300.6866 0.9981865 17.31003 286.7334 45.18051 24.40893 6.440567 4.866113 2.705480
xbest 18.732708 300.8898 0.9983513 17.30775 286.7334 45.18036 24.40573 6.440562 4.837992 2.706415
xbest 18.732708 300.8898 0.9983513 17.30775 286.7334 45.18036 24.40573 6.440562 4.837992 2.706415

$time
elapsed elapsed elapsed elapsed elapsed elapsed elapsed elapsed elapsed elapsed elapsed elapsed elapsed elapsed elapsed elapsed elapsed elapsed elapsed elapsed elapsed elapsed elapsed elapsed elapsed elapsed elapsed elapsed elapsed elapsed 
   2.28    7.14    9.58   20.63   24.17   27.86   31.50   35.14   39.32   45.55   47.75   64.00   90.86   98.97  111.38  120.39  128.38  134.25  182.85  184.64  201.02  211.00  218.97  352.61  354.28  380.80  389.03  557.57  559.35  578.41 
elapsed elapsed elapsed elapsed elapsed elapsed elapsed elapsed elapsed elapsed elapsed elapsed elapsed elapsed elapsed elapsed elapsed elapsed elapsed elapsed elapsed elapsed elapsed elapsed 
 581.33  592.38  598.00  624.67  626.33  673.82  676.10  688.47  691.49  695.66  699.00  702.41  706.60  714.94  718.72  732.46  738.69  741.47  744.47  746.53  924.60  926.30  946.13 1230.63 

$neval
 [1]   106   257   360   791   932  1072  1210  1350  1487  1762  1856  2394  3285  3558  3960  4230  4499  4729  6645  6723  7410  7820  8163 13600 13679 14750 15112 22011 22087 22930 23071 23561 23832 24923 24997 26921 27016 27562 27701
[40] 27842 27982 28123 28264 28615 28754 29306 29572 29710 29848 29933 37350 37424 38246 50058

$fbest
[1] 358.2535

$xbest
 [1]  18.7327078 300.8898211   0.9983513  17.3077473 286.7334351  45.1803575  24.4057253   6.4405622   4.8379921   2.7064154

$numeval
[1] 50058

$end_crit
[1] 1

$cpu_time
elapsed 
1230.63 

$Refset
$Refset$x
          [,1]     [,2]      [,3]     [,4]     [,5]     [,6]     [,7]     [,8]     [,9]    [,10]
 [1,] 18.72016 300.0739 0.9979016 17.32336 286.7338 45.19205 24.38680 6.440642 4.872644 2.705567
 [2,] 18.71988 300.0725 0.9993172 17.32894 286.7335 45.18971 24.38850 6.440845 4.868554 2.704613
 [3,] 18.71828 300.1383 0.9977539 17.32351 286.7338 45.19241 24.38769 6.440693 4.870954 2.705691
 [4,] 18.72315 300.0062 0.9982943 17.32979 286.7338 45.19117 24.38503 6.440678 4.866796 2.705527
 [5,] 18.72069 300.0732 0.9980327 17.32203 286.7339 45.19181 24.38614 6.440682 4.872061 2.705540
 [6,] 18.71930 300.0837 0.9983190 17.32269 286.7331 45.18551 24.39233 6.440829 4.870453 2.703915
 [7,] 18.72394 299.9712 0.9983859 17.32587 286.7337 45.18575 24.38665 6.440774 4.868552 2.704860
 [8,] 18.71772 300.0983 0.9975322 17.31444 286.7338 45.19138 24.38886 6.440947 4.877780 2.705877
 [9,] 18.72004 299.9464 0.9992594 17.33380 286.7332 45.19161 24.38867 6.440945 4.870419 2.706578
[10,] 18.76691 299.8156 0.9935760 17.75299 286.7335 45.16603 24.46213 6.484762 4.727144 2.482711
[11,] 20.03370 361.0892 0.7717062 18.36761 286.7051 37.73833 24.51053 6.190247 3.450178 2.357697
[12,] 18.35520 305.1066 0.9995854 18.58858 286.6877 45.06406 24.30491 6.317099 4.650249 2.750981

$Refset$f
 [1] 358.2899 358.2899 358.2899 358.2899 358.2899 358.3490 358.3490 358.3490 358.4236 379.0069 493.5868 502.6215

$Refset$fpen
 [1] 358.2899 358.2899 358.2899 358.2899 358.2899 358.3490 358.3490 358.3490 358.4236 379.0069 493.5868 502.6215

$Refset$const
          [,1]     [,2]     [,3]     [,4]     [,5]
 [1,] 12.45072 31.12736 18.67664 1.518018 2.390232
 [2,] 12.46038 31.13145 18.67106 1.518042 2.390294
 [3,] 12.45256 31.12905 18.67649 1.518018 2.390267
 [4,] 12.46300 31.13320 18.67021 1.518026 2.390137
 [5,] 12.44997 31.12794 18.67797 1.518008 2.390242
 [6,] 12.45223 31.12955 18.67731 1.518073 2.390492
 [7,] 12.45732 31.13145 18.67413 1.518022 2.390383
 [8,] 12.43666 31.12222 18.68556 1.518015 2.390368
 [9,] 12.46338 31.12958 18.66620 1.518078 2.390119
[10,] 13.02584 31.27286 18.24701 1.517946 2.395102
[11,] 14.91743 32.54982 17.63239 1.511231 2.678574
[12,] 13.93833 31.34975 17.41142 1.522238 2.373947

$Refset$penalty
 [1] 0 0 0 0 0 0 0 0 0 0 0 0


