$f
 [1] 1328.7274 1185.0868  984.4028  932.2240  916.4583  850.5712  804.3194  803.8889  795.7986  784.8681  754.1892  736.4653  733.7934  726.3837  725.4167  680.2465  668.8872  665.5278  665.1701  664.2622  660.6302  655.4306  653.1823
[24]  652.5382  652.2135  651.8802  651.4323  650.8264  650.5885  650.3507  649.8872  649.7326  649.2587  648.3403  647.7743  647.5920  647.5851  647.0347  646.7708  646.4497  646.4097  646.3889  646.1701  646.1354  645.9427  645.9236
[47]  645.8455  645.7708  645.7344  645.7344

$x
           [,1]     [,2]      [,3]     [,4]     [,5]     [,6]     [,7]     [,8]     [,9]    [,10]
xbest 10.983621 420.6847 0.2062110 23.54762 285.1572 33.84647 24.27677 7.319315 3.306756 4.138113
xbest 10.506420 421.1693 0.2243560 24.23530 285.1595 34.89483 24.00000 7.209712 3.078157 4.049039
xbest 10.506420 401.1693 0.2243560 24.25874 285.1595 34.89483 24.00000 7.209712 3.040657 4.072789
xbest 13.355361 396.3579 0.1035969 22.39009 286.8201 46.70831 26.83945 7.976820 2.000000 2.659720
xbest 17.481147 351.8801 0.1122589 22.48198 286.6369 36.38747 25.34296 5.572176 4.328456 4.613357
xbest 14.455891 372.3078 0.1077820 22.40571 286.8223 47.79086 26.83471 7.604095 2.409901 3.911142
xbest 14.455891 371.0193 0.1000000 22.40571 286.8223 48.00000 26.83471 7.605706 2.358290 3.911142
xbest  9.715139 399.6462 0.2185031 23.94752 285.9878 42.71706 26.20893 7.290257 3.302074 3.607057
xbest  9.715139 399.6462 0.2184591 23.94752 285.9878 42.71706 26.29018 7.290257 3.302074 3.607057
xbest 11.495802 379.4462 0.2141328 23.87869 286.1414 42.60525 27.22129 7.254331 3.508839 3.533897
xbest 11.283214 383.9807 0.2203081 23.54685 286.1477 42.60511 27.23978 7.235766 3.548754 3.448901
xbest 11.480415 378.4305 0.2215847 23.65407 286.1427 42.60521 27.22986 7.258949 3.503410 3.524512
xbest 11.480415 378.1180 0.2229909 23.65407 286.1427 42.60521 27.18924 7.258949 3.490910 3.524512
xbest 11.602132 347.6986 0.2069287 24.35213 286.4219 40.25743 24.50097 7.956639 4.060355 2.760143
xbest 11.542782 347.1523 0.2394285 24.38697 286.4796 40.25756 24.43059 7.953648 4.053875 2.761093
xbest 11.980887 342.1523 0.2169285 24.38697 286.4796 40.25756 24.59309 7.954062 4.056085 2.770868
xbest 11.091235 335.9068 0.2005399 24.53405 286.4349 39.99686 24.39319 8.075424 3.988546 1.995249
xbest 11.091235 335.9068 0.2005399 24.72741 286.4337 39.99686 24.38303 8.075424 3.944796 1.995249
xbest 11.060303 341.9881 0.2093451 24.53531 286.4290 40.01881 24.32938 8.078851 3.916338 1.999433
xbest 11.166430 337.9901 0.2115615 24.53477 286.4298 40.01466 24.34651 8.078778 3.990339 1.999596
xbest 11.312420 332.1836 0.2132035 24.53356 286.4333 40.00204 24.35706 8.074899 4.151803 1.999667
xbest 11.312420 331.5586 0.2132035 24.53356 286.4520 40.00204 24.27581 8.074899 4.226412 1.999667
xbest 11.475875 333.7135 0.2069131 24.48901 286.4371 39.96338 24.28341 8.070634 4.044251 1.993761
xbest 11.489547 333.7135 0.2069131 24.48901 286.4371 39.96338 24.28341 8.070634 4.044251 1.994503
xbest 11.662866 333.2453 0.2095117 24.48261 286.4383 39.96190 24.28328 8.070393 4.033910 1.993784
xbest 11.659448 333.2453 0.2095117 24.48261 286.4383 39.96190 24.28328 8.070393 4.033910 1.993784
xbest 11.422660 342.0636 0.2350302 24.47004 286.4399 39.93269 24.23869 8.072862 4.022446 1.993383
xbest 11.422660 342.0636 0.2350302 24.47004 286.4399 39.93269 24.23869 8.072862 4.025571 1.993383
xbest 11.365913 336.7242 0.2438934 24.57400 286.4334 39.93934 24.16726 8.071547 4.217366 1.995250
xbest 11.365913 336.7242 0.2438934 24.57400 286.4334 39.93934 24.16726 8.071547 4.217366 1.994508
xbest 11.352155 337.2969 0.2456010 24.58576 286.4345 39.94318 24.16463 8.073448 4.201838 1.994743
xbest 11.363384 336.6503 0.2452992 24.56417 286.4380 39.93949 24.16741 8.072123 4.211258 1.995597
xbest 11.351701 336.6025 0.2454364 24.59020 286.4346 39.94314 24.16470 8.073412 4.199011 1.994923
xbest 11.384209 330.7445 0.2449963 24.54735 286.4383 39.93110 24.16855 8.072303 4.377005 1.995661
xbest 11.390748 328.3640 0.2432443 24.52460 286.4393 39.93189 24.16855 8.072330 4.452362 1.995323
xbest 11.394165 328.3640 0.2432443 24.52460 286.4393 39.93189 24.16855 8.072330 4.452362 1.995323
xbest 11.345155 338.0346 0.2474533 24.78013 286.4188 39.86821 24.15334 8.072190 4.070560 1.995164
xbest 11.345155 338.0346 0.2474533 24.78013 286.4188 39.86821 24.15334 8.072190 4.070560 1.993679
xbest 11.339978 337.5002 0.2478352 24.68641 286.4242 39.85875 24.21776 8.066550 4.164307 2.001405
xbest 11.336120 336.5230 0.2471335 24.66798 286.4267 39.88193 24.23412 8.072560 4.190909 1.991375
xbest 11.336120 336.5230 0.2471335 24.66798 286.4267 39.88193 24.23412 8.072554 4.190909 1.991375
xbest 11.338970 337.7320 0.2483351 24.63495 286.4258 39.87704 24.22621 8.071049 4.183866 1.996927
xbest 11.336519 337.5656 0.2476276 24.63754 286.4259 39.87851 24.22681 8.072439 4.182993 1.996130
xbest 11.336819 337.4691 0.2476929 24.63873 286.4259 39.87879 24.22709 8.073128 4.182746 1.995779
xbest 11.336858 337.4621 0.2472427 24.63353 286.4259 39.87836 24.22535 8.072478 4.183119 1.996335
xbest 11.337620 337.3797 0.2474775 24.63885 286.4260 39.87785 24.22580 8.073027 4.183115 1.996404
xbest 11.335933 337.4769 0.2476592 24.63874 286.4259 39.87778 24.22331 8.072601 4.183335 1.996933
xbest 11.330555 337.3778 0.2475282 24.63869 286.4259 39.87912 24.22317 8.072678 4.185794 1.996897
xbest 11.327726 337.3781 0.2474577 24.63883 286.4259 39.87933 24.22323 8.072689 4.186230 1.996908
xbest 11.327726 337.3781 0.2474577 24.63883 286.4259 39.87933 24.22323 8.072689 4.186230 1.996908

$time
elapsed elapsed elapsed elapsed elapsed elapsed elapsed elapsed elapsed elapsed elapsed elapsed elapsed elapsed elapsed elapsed elapsed elapsed elapsed elapsed elapsed elapsed elapsed elapsed elapsed elapsed elapsed elapsed elapsed elapsed 
   1.94    5.64    7.89   24.75   27.99   31.16   43.61   56.58   77.28   92.88   98.94  105.05  110.27  125.46  139.74  143.33  196.75  199.03  214.52  221.16  230.08  232.30  330.66  332.50  338.43  364.89  437.33  439.05  569.46  571.19 
elapsed elapsed elapsed elapsed elapsed elapsed elapsed elapsed elapsed elapsed elapsed elapsed elapsed elapsed elapsed elapsed elapsed elapsed elapsed elapsed 
 583.38  614.07  620.25  623.38  633.21  638.16  688.18  689.82  816.38  824.47  852.46  871.46  877.38  880.43  883.57  897.11  909.72  988.28 1002.49 1167.97 

$neval
 [1]   106   258   352  1056  1194  1330  1846  2386  3265  3935  4202  4473  4701  5382  6054  6181  8489  8589  9258  9526  9928 10025 14227 14306 14576 15741 18853 18926 24520 24594 25137 26418 26688 26823 27227 27438 29628 29702 35164
[40] 35508 36677 37487 37759 37896 38033 38646 39195 42565 43176 50132

$fbest
[1] 645.7344

$xbest
 [1]  11.3277260 337.3780701   0.2474577  24.6388261 286.4258776  39.8793301  24.2232269   8.0726894   4.1862303   1.9969083

$numeval
[1] 50132

$end_crit
[1] 1

$cpu_time
elapsed 
1167.97 

$Refset
$Refset$x
          [,1]     [,2]      [,3]     [,4]     [,5]     [,6]     [,7]     [,8]     [,9]    [,10]
 [1,] 11.32584 337.4380 0.2474483 24.63907 286.4258 39.87920 24.22233 8.072657 4.185545 1.997093
 [2,] 11.32741 337.4105 0.2473790 24.63897 286.4259 39.87945 24.22361 8.072660 4.185890 1.996956
 [3,] 11.32708 337.4134 0.2474455 24.63906 286.4259 39.87936 24.22385 8.072605 4.185945 1.997075
 [4,] 11.32662 337.4561 0.2475430 24.63901 286.4259 39.87689 24.22259 8.072498 4.185966 1.997071
 [5,] 11.32717 337.4050 0.2474802 24.63901 286.4259 39.87927 24.22367 8.072678 4.185972 1.996984
 [6,] 11.32747 337.4256 0.2474233 24.63952 286.4260 39.87657 24.22200 8.072450 4.185704 1.997049
 [7,] 11.32828 337.4021 0.2474185 24.63856 286.4261 39.87940 24.22411 8.072080 4.188241 1.996921
 [8,] 11.32221 337.4066 0.2473851 24.64023 286.4259 39.87826 24.22301 8.072669 4.185855 1.996847
 [9,] 11.32687 337.4438 0.2475345 24.63945 286.4259 39.87735 24.22246 8.072553 4.185564 1.997094
[10,] 11.32659 337.4186 0.2474719 24.63799 286.4260 39.87940 24.22360 8.073032 4.191207 1.996496
[11,] 11.32688 337.4331 0.2474385 24.64026 286.4259 39.87231 24.22293 8.072165 4.185859 1.997384
[12,] 11.40088 314.7480 0.2461343 25.32431 286.4263 40.02184 25.00327 7.886305 4.666165 2.312314

$Refset$f
 [1] 645.7344 645.7344 645.7344 645.7344 645.7344 645.7344 645.9427 646.3889 645.7344 646.1684 645.7344 806.5191

$Refset$fpen
 [1] 645.7344 645.7344 645.7344 645.7344 645.7344 645.7344 645.9427 646.3889 645.7344 646.1684 645.7344 806.5191

$Refset$const
          [,1]     [,2]     [,3]     [,4]     [,5]
 [1,] 20.45352 31.81446 11.36093 1.544055 2.462679
 [2,] 20.45308 31.81411 11.36103 1.544046 2.462779
 [3,] 20.45311 31.81406 11.36094 1.544048 2.462791
 [4,] 20.45304 31.81403 11.36099 1.544047 2.462808
 [5,] 20.45303 31.81403 11.36099 1.544046 2.462788
 [6,] 20.45382 31.81430 11.36048 1.544039 2.462808
 [7,] 20.45032 31.81176 11.36144 1.544026 2.462877
 [8,] 20.45437 31.81415 11.35977 1.544042 2.462800
 [9,] 20.45388 31.81444 11.36055 1.544049 2.462778
[10,] 20.44678 31.80879 11.36201 1.544030 2.462831
[11,] 20.45440 31.81414 11.35974 1.544036 2.463039
[12,] 20.65814 31.33383 10.67569 1.543054 2.509147

$Refset$penalty
 [1] 0 0 0 0 0 0 0 0 0 0 0 0


