$f
 [1] 502.7760 378.8681 346.2326 290.2222 274.6198 273.4757 243.2986 241.9618 235.0469 229.2378 228.4774 216.8611 211.9132 207.9705 201.1667 201.1528 200.5521 198.3038 194.6944 189.9201 189.6753 183.5660 183.5660

$x
          [,1]     [,2]      [,3]     [,4]     [,5]     [,6]     [,7]     [,8]     [,9]    [,10]
xbest 31.84209 497.0990 0.8906368 15.69279 286.2371 27.96785 25.22936 2.839297 6.412799 4.132060
xbest 32.82957 499.5717 0.7527730 15.06824 286.4971 28.74500 24.36538 3.157517 5.485543 4.027067
xbest 32.77488 500.0000 0.6643454 15.06824 286.4971 28.77296 24.45976 3.161011 5.313781 3.934119
xbest 24.13580 437.2580 0.4711252 17.81075 286.3757 33.31139 25.55817 4.647977 7.579985 3.756793
xbest 30.40523 490.2553 0.6517235 17.43170 286.4838 28.85963 24.35980 3.265121 5.408809 3.976735
xbest 24.38511 486.2159 0.5977671 19.51934 286.4151 34.60268 25.66754 5.859431 3.499984 3.962093
xbest 24.38511 500.0000 0.7809116 19.51934 286.4151 34.65859 25.66754 5.859431 3.488266 3.975370
xbest 29.17413 490.2944 0.6509964 18.34261 286.4124 28.15784 24.01780 2.290405 5.498136 4.112437
xbest 29.17413 490.2944 0.6284964 18.34261 286.4124 28.16409 24.01780 2.366968 5.448136 4.112437
xbest 28.61708 480.3239 0.5342940 17.82482 286.4240 28.41037 24.53131 3.487659 5.921179 1.957004
xbest 28.95169 480.7150 0.5084018 17.95030 286.4254 28.38404 24.03958 3.617678 5.580206 2.056968
xbest 28.95169 480.7150 0.4898324 17.95030 286.4149 28.38404 24.00000 3.615931 5.573218 1.973473
xbest 28.09107 471.1701 0.8690443 18.94507 286.4680 28.21546 24.56975 5.010148 5.697554 3.231972
xbest 28.09107 471.1701 0.8690443 18.94507 286.4493 28.21546 24.56975 5.010148 5.735054 3.231972
xbest 28.35566 458.2680 0.6309224 18.94489 286.4405 28.36137 24.39509 4.776884 5.582783 1.837774
xbest 28.35224 457.3846 0.6323570 18.94511 286.4409 28.35972 24.39577 4.779100 5.584205 1.836814
xbest 28.36592 457.3846 0.6323570 18.94365 286.4409 28.36284 24.35515 4.779100 5.584205 1.836814
xbest 27.81235 480.0265 0.9083939 18.87093 286.4140 28.56204 24.41855 5.036313 5.322120 2.300052
xbest 27.75766 480.0265 0.9083939 18.68343 286.4140 28.56204 24.41855 5.036313 5.322120 2.297083
xbest 27.72962 470.7212 0.8857181 18.93609 286.4114 28.61375 24.41847 5.049937 5.425978 2.239148
xbest 27.74268 471.2952 0.8685084 18.97446 286.4114 28.60861 24.41824 5.047104 5.443715 2.235248
xbest 27.57862 471.2952 0.8235084 18.97446 286.4156 28.60861 24.41824 5.047104 5.404886 2.246282
xbest 27.57862 471.2952 0.8235084 18.97446 286.4156 28.60861 24.41824 5.047104 5.404886 2.246282

$time
elapsed elapsed elapsed elapsed elapsed elapsed elapsed elapsed elapsed elapsed elapsed elapsed elapsed elapsed elapsed elapsed elapsed elapsed elapsed elapsed elapsed elapsed elapsed 
   2.69    6.10    9.80   23.36   33.80   40.05   45.85  146.43  148.63  171.44  177.80  184.60  253.19  255.05  274.88  287.63  289.63  452.04  454.00  477.16  487.15  489.97 1190.41 

$neval
 [1]   106   264   427   989  1401  1675  1919  6103  6201  7150  7420  7688 10423 10505 11323 11869 11958 18761 18847 19798 20207 20322 50051

$fbest
[1] 183.566

$xbest
 [1]  27.5786207 471.2951880   0.8235084  18.9744579 286.4156450  28.6086098  24.4182422   5.0471036   5.4048859   2.2462816

$numeval
[1] 50051

$end_crit
[1] 1

$cpu_time
elapsed 
1190.41 

$Refset
$Refset$x
          [,1]     [,2]      [,3]     [,4]     [,5]     [,6]     [,7]     [,8]     [,9]    [,10]
 [1,] 27.28325 496.0649 0.9987022 18.02666 286.4469 28.52235 24.27937 5.018588 5.885125 2.269583
 [2,] 27.28459 496.1528 0.9979843 18.02763 286.4466 28.52177 24.27551 5.018568 5.881774 2.268792
 [3,] 27.28164 496.1842 0.9979712 18.03228 286.4468 28.52641 24.27645 5.018665 5.877646 2.266974
 [4,] 27.29476 496.0467 0.9977877 18.02626 286.4468 28.52592 24.26503 5.018929 5.881609 2.270759
 [5,] 27.28548 496.1288 0.9980092 18.02718 286.4466 28.52224 24.27759 5.018515 5.882760 2.270563
 [6,] 27.28915 495.8932 0.9980015 18.02338 286.4468 28.52449 24.27654 5.018321 5.890688 2.266878
 [7,] 27.28471 495.9181 0.9980326 18.02639 286.4478 28.55903 24.27860 5.020599 5.883449 2.269229
 [8,] 27.29571 495.9074 0.9939568 18.04767 286.4649 28.53285 24.26415 5.018434 5.883893 2.267988
 [9,] 27.29903 496.1486 0.9914299 18.07341 286.4459 28.56497 24.22740 5.023652 5.848142 2.275600
[10,] 27.20757 498.3665 0.9932304 18.04858 286.4456 28.10089 24.18677 5.011979 5.881650 2.280207
[11,] 27.30339 497.3575 0.9995725 18.03498 286.4486 28.49921 24.24663 5.065772 5.876634 2.276850
[12,] 20.19431 461.4767 0.9217646 19.95352 286.3597 31.39557 27.90435 5.578172 7.573683 2.290128

$Refset$f
 [1] 183.7101 183.7101 183.7101 183.7101 183.7101 183.7101 184.0208 184.1927 184.2431 196.3594 210.4809 584.7031

$Refset$fpen
 [1] 183.7101 183.7101 183.7101 183.7101 183.7101 183.7101 184.0208 184.1927 184.2431 196.3594 210.4809 584.7031

$Refset$const
          [,1]     [,2]     [,3]     [,4]     [,5]
 [1,] 12.14153 30.11488 17.97334 1.507550 3.281815
 [2,] 12.14586 30.11823 17.97237 1.507614 3.281185
 [3,] 12.15464 30.12235 17.96772 1.507613 3.280818
 [4,] 12.14465 30.11839 17.97374 1.507688 3.279214
 [5,] 12.14442 30.11724 17.97282 1.507597 3.281449
 [6,] 12.13270 30.10931 17.97662 1.507598 3.281080
 [7,] 12.14294 30.11655 17.97361 1.507678 3.277464
 [8,] 12.16377 30.11611 17.95233 1.505369 3.286429
 [9,] 12.22527 30.15186 17.92659 1.508364 3.268253
[10,] 12.16693 30.11835 17.95142 1.505566 3.322122
[11,] 12.15835 30.12337 17.96502 1.507419 3.280670
[12,] 12.37984 28.42632 16.04648 1.510428 3.408874

$Refset$penalty
 [1] 0 0 0 0 0 0 0 0 0 0 0 0


