$f
 [1] 2806.1406 1676.4983 1289.4948 1278.7899 1130.0399 1043.0069 1017.6285  981.8889  968.0434  933.4062  927.0573  926.8194  922.9844  905.6319  879.1354  848.2101  845.1372  833.3628  819.5729  817.2257  815.9618  814.7986  814.4410
[24]  813.8490  813.7917  813.5434  812.9497  812.5747  812.2934  811.3090  808.3958  795.6944  795.6858  791.1024  789.6684  789.4896  789.4896

$x
          [,1]     [,2]      [,3]     [,4]     [,5]     [,6]     [,7]      [,8]     [,9]    [,10]
xbest 11.60069 261.0499 0.4506703 22.32580 285.7065 39.91072 33.90400  9.559422 3.111368 4.468322
xbest 13.39012 219.2101 0.6414791 24.76911 286.3169 43.92372 27.02519 10.000000 2.002665 4.511440
xbest 13.39376 217.8797 0.7819385 24.76911 286.4619 43.92372 26.79538 10.000000 2.497640 4.377090
xbest 13.37214 220.7791 0.8052530 25.14398 286.4489 43.56556 26.37799  9.999739 2.479547 4.224711
xbest 12.24771 346.8826 0.4762411 21.32762 286.4529 40.71904 28.43161  9.988085 2.016413 4.327950
xbest 12.24771 327.6454 0.3328250 21.32762 286.4499 40.71904 28.32929  9.988085 2.000000 4.327950
xbest 15.06748 207.8135 1.0000000 24.41630 286.4422 43.43063 24.01224  9.980015 2.033124 4.193264
xbest 15.06748 207.8135 1.0000000 25.10185 286.4234 43.43063 24.01224  9.980138 2.003906 4.198831
xbest 11.70495 374.8087 0.3508172 19.34653 286.6137 42.36223 27.86801  9.924690 2.908014 4.592239
xbest 11.70495 374.8087 0.3733172 19.34653 286.6137 42.36223 27.86801  9.924690 2.901764 4.592239
xbest 11.67757 370.5877 0.3620925 20.10606 286.6257 42.28392 28.01997  9.932897 2.324009 4.632269
xbest 11.75733 363.1042 0.4256094 20.72715 286.6257 42.32229 28.00985  9.942268 2.231004 4.523258
xbest 11.76605 361.8535 0.4097730 20.66818 286.6257 42.31319 28.00939  9.945424 2.234750 4.554788
xbest 11.76605 361.8535 0.4097730 20.66818 286.6257 42.31319 28.00939  9.951674 2.228500 4.548851
xbest 11.33059 365.7183 0.3643963 19.69844 286.7442 42.92184 29.00787  9.997543 2.172755 3.065617
xbest 11.28188 365.7183 0.3636932 19.72188 286.7629 42.92184 29.00787  9.997543 2.172755 3.065617
xbest 11.15341 383.7433 0.3748154 19.26505 286.6954 42.72268 28.24019  9.990872 2.186666 3.156372
xbest 11.15341 383.7335 0.3748154 19.26797 286.6966 42.72268 28.32144  9.992435 2.199166 3.156372
xbest 11.15527 373.2674 0.3832928 19.02337 286.6880 42.98204 27.77905  9.998012 2.450109 3.139683
xbest 11.15527 373.2674 0.4057928 19.02337 286.6880 42.98204 27.77905  9.998012 2.450109 3.139683
xbest 11.03503 373.8775 0.3745027 19.03248 286.6782 42.81371 27.68014  9.999889 2.541792 3.138300
xbest 11.03503 373.8775 0.3745027 19.03248 286.6782 42.81371 27.68014  9.999889 2.538667 3.138300
xbest 11.02021 373.8493 0.3739356 19.07190 286.6782 42.80780 27.70243  9.999122 2.510244 3.141515
xbest 11.01293 373.8494 0.3750151 19.12617 286.6776 42.80797 27.70306  9.998721 2.483466 3.146335
xbest 11.02227 373.8569 0.3754055 19.03016 286.6796 42.80706 27.74256  9.999316 2.552322 3.136054
xbest 11.02513 373.3625 0.3787175 19.14482 286.6779 42.82162 27.63812  9.999391 2.496182 3.143065
xbest 11.02400 373.7182 0.3805714 19.05783 286.6788 42.80867 27.72183  9.999140 2.560903 3.138221
xbest 11.01612 373.5540 0.3813807 19.03699 286.6790 42.81018 27.72199  9.999256 2.595788 3.136324
xbest 11.01424 373.6509 0.3839391 19.04394 286.6789 42.80794 27.73079  9.999255 2.599423 3.141267
xbest 11.02232 373.6313 0.3881559 19.02417 286.6791 42.80498 27.72330  9.999353 2.631895 3.135457
xbest 10.98672 375.5969 0.3904877 19.03615 286.6580 42.87916 27.82606 10.000000 2.533319 3.137599
xbest 11.04312 374.9719 0.3904877 19.03615 286.6604 42.87916 27.82606 10.000000 2.536444 3.140568
xbest 11.00012 375.4819 0.3935267 19.03300 286.6608 42.86353 27.83735  9.999951 2.534061 3.140104
xbest 11.00012 375.4819 0.3935267 19.02972 286.6608 42.86353 27.83735 10.000000 2.584061 3.140104
xbest 10.98578 376.7441 0.3926981 19.03749 286.6604 42.86622 27.83446  9.999963 2.544303 3.139742
xbest 10.97861 377.9016 0.3879906 18.97278 286.6598 42.86786 27.83779  9.999959 2.543584 3.142661
xbest 10.97861 377.9016 0.3879906 18.97278 286.6598 42.86786 27.83779  9.999959 2.543584 3.142661

$time
elapsed elapsed elapsed elapsed elapsed elapsed elapsed elapsed elapsed elapsed elapsed elapsed elapsed elapsed elapsed elapsed elapsed elapsed elapsed elapsed elapsed elapsed elapsed elapsed elapsed elapsed elapsed elapsed elapsed elapsed 
   3.19    8.47   13.31   52.24   57.89   76.05  119.78  134.45  170.41  188.20  207.83  221.92  226.49  239.03  345.94  349.49  432.83  436.44  450.74  487.56  628.42  630.97  640.33  655.10  659.85  670.10  691.28  705.80  715.81  729.94 
elapsed elapsed elapsed elapsed elapsed elapsed elapsed 
1024.10 1027.66 1111.67 1114.77 1188.41 1316.85 1803.50 

$neval
 [1]   106   256   389  1360  1497  1922  3009  3399  4333  4816  5361  5761  5894  6251  9231  9331 11664 11766 12179 13192 17156 17230 17504 17915 18050 18323 18931 19335 19606 20017 28162 28263 30725 30812 32860 36498 49851

$fbest
[1] 789.4896

$xbest
 [1]  10.9786051 377.9015896   0.3879906  18.9727775 286.6597957  42.8678579  27.8377874   9.9999592   2.5435837   3.1426613

$numeval
[1] 49851

$end_crit
[1] 2

$cpu_time
elapsed 
 1803.5 

$Refset
$Refset$x
          [,1]     [,2]      [,3]     [,4]     [,5]     [,6]     [,7]     [,8]     [,9]    [,10]
 [1,] 10.91234 376.2992 0.3914457 18.94192 286.6446 42.77841 27.52098 9.999393 2.721620 3.153010
 [2,] 10.90904 376.6443 0.3914622 18.92948 286.6405 42.77986 27.45026 9.999465 2.721164 3.152794
 [3,] 10.91671 376.1862 0.3914651 18.94711 286.6414 42.77842 27.47027 9.999388 2.712285 3.153506
 [4,] 10.90932 377.0064 0.3914263 18.93332 286.6429 42.78349 27.49242 9.999360 2.705110 3.153504
 [5,] 10.92003 377.3787 0.3895351 18.92745 286.6527 42.87119 27.80128 9.999374 2.675548 3.154919
 [6,] 10.93587 376.2056 0.3918991 18.94197 286.6433 42.77809 27.54559 9.999387 2.703657 3.152145
 [7,] 10.92686 376.3245 0.3919231 18.93552 286.6431 42.77230 27.70150 9.999403 2.709804 3.151610
 [8,] 10.92705 375.7169 0.3920907 18.93636 286.6444 42.77870 27.68345 9.999404 2.716463 3.151107
 [9,] 10.93050 376.3200 0.3919487 18.93339 286.6441 42.77705 27.71438 9.999407 2.706807 3.151448
[10,] 10.93815 376.2870 0.3915384 18.94317 286.6442 42.77839 27.53863 9.999392 2.695665 3.152547
[11,] 10.93513 375.9002 0.3918146 18.93977 286.6429 42.77379 27.70349 9.999347 2.711672 3.150948
[12,] 13.83041 275.9990 0.6582881 22.64855 285.8611 30.00942 27.75778 8.819611 2.686614 2.184944

$Refset$f
 [1]  795.6406  795.8385  796.0052  796.2326  796.4236  796.5677  796.7344  796.7396  796.7448  796.9149  796.9688 2479.3802

$Refset$fpen
 [1]  795.6406  795.8385  796.0052  796.2326  796.4236  796.5677  796.7344  796.7396  796.7448  796.9149  796.9688 2479.3802

$Refset$const
          [,1]     [,2]     [,3]     [,4]     [,5]
 [1,] 16.22029 33.27838 17.05808 1.518517 2.637446
 [2,] 16.20832 33.27884 17.07052 1.519136 2.631096
 [3,] 16.23482 33.28771 17.05289 1.518991 2.632827
 [4,] 16.22821 33.29489 17.06668 1.518782 2.634659
 [5,] 16.25191 33.32445 17.07255 1.517053 2.655489
 [6,] 16.23831 33.29634 17.05803 1.518583 2.638674
 [7,] 16.22572 33.29020 17.06448 1.518190 2.649429
 [8,] 16.21990 33.28354 17.06364 1.518108 2.648406
 [9,] 16.22659 33.29319 17.06661 1.518051 2.650490
[10,] 16.24751 33.30433 17.05683 1.518513 2.638497
[11,] 16.22809 33.28833 17.06023 1.518210 2.649420
[12,] 19.96194 33.31339 13.35145 1.572016 3.372673

$Refset$penalty
 [1] 0 0 0 0 0 0 0 0 0 0 0 0


