$f
 [1] 535.21875 486.98264 279.89931 238.61458 205.54514 181.94792 173.94444 169.38368 148.04514 138.21875 121.06424 112.23958 108.65625 102.87847 101.79167 101.24479  94.80208  90.68576  90.06250  89.38889  88.75521  88.60764  88.51215
[24]  88.44097  88.37153  88.29340  88.05556  88.02778  87.94097  87.93576  87.81771  87.76910  87.74826  87.74826

$x
          [,1]     [,2]      [,3]     [,4]     [,5]     [,6]     [,7]     [,8]     [,9]    [,10]
xbest 20.96112 147.7560 0.4852828 29.95624 284.6827 37.44790 26.86496 2.680380 6.257307 2.856958
xbest 16.90155 115.9644 0.3421464 29.98620 284.5455 35.21750 26.58047 2.341750 8.829769 4.117037
xbest 22.71590 115.9644 0.1000000 29.90787 284.4753 35.21750 26.37897 2.214879 6.420920 4.110234
xbest 20.39305 310.6586 0.5261523 25.02078 285.7690 29.94330 26.12284 8.037988 4.615955 3.634592
xbest 15.28028 380.9488 0.3889036 23.76713 285.7902 32.33568 29.29525 7.691316 4.508997 3.703511
xbest 16.68792 354.1821 0.3981634 23.99117 285.7332 33.56699 28.89038 7.601758 4.633523 3.608654
xbest 16.79729 354.1821 0.4901521 23.99117 285.7332 33.56699 28.89038 7.601758 4.607418 3.608654
xbest 16.47233 258.8911 0.5689200 26.68384 285.4745 34.70799 27.59891 7.930883 5.339760 3.556415
xbest 16.58170 258.8911 0.6139200 26.30884 285.4733 34.70799 27.27391 7.930883 5.339760 3.556415
xbest 16.17336 306.7546 0.2653100 26.66541 285.5589 34.64571 27.18943 7.868003 3.451187 3.894506
xbest 16.17336 307.6385 0.2653100 26.69855 285.5589 34.71035 27.02693 7.868003 3.505606 3.894506
xbest 15.20980 258.7675 0.2471868 27.14909 285.5548 35.35240 28.04845 7.931312 4.307153 3.552999
xbest 15.20980 258.7675 0.2471868 27.33659 285.5548 35.35240 28.04845 7.931117 4.263403 3.552999
xbest 16.14599 292.8457 0.2597197 24.76645 285.5777 35.21300 27.52834 7.908675 4.938935 3.717880
xbest 16.14599 292.8457 0.2600712 24.76645 285.5777 35.21300 27.52834 7.908675 4.923310 3.717880
xbest 16.04049 271.2992 0.2513624 25.76438 285.6121 35.10336 27.60374 7.888011 4.927069 3.746182
xbest 16.17913 280.2925 0.2584608 25.50311 285.5830 35.19745 27.47676 7.910457 4.843027 3.737078
xbest 16.18443 278.6304 0.2644328 25.90611 285.6102 35.20622 27.59050 7.905798 4.664762 3.742243
xbest 16.19811 278.6304 0.2647843 25.90611 285.6113 35.20622 27.59050 7.905798 4.658121 3.742243
xbest 15.96468 281.1915 0.2689101 25.85637 285.6094 35.18504 27.58622 7.904301 4.664074 3.722519
xbest 15.96468 281.1915 0.2689101 25.85637 285.6094 35.18504 27.58622 7.904301 4.657824 3.722519
xbest 16.02836 279.4248 0.2594430 25.86877 285.6112 35.16472 27.59142 7.902816 4.635777 3.721542
xbest 16.02836 279.4248 0.2594430 25.86877 285.6112 35.16472 27.59142 7.902816 4.635777 3.720800
xbest 16.04995 279.6905 0.2618904 25.84626 285.6110 35.18186 27.58638 7.903437 4.631896 3.719373
xbest 16.01053 280.0755 0.2619545 25.87301 285.6111 35.18881 27.59112 7.904360 4.623979 3.721893
xbest 16.01737 279.5231 0.2614302 25.89651 285.6113 35.18446 27.59478 7.903952 4.624497 3.721502
xbest 15.98756 279.5664 0.2617566 25.90646 285.6116 35.19855 27.60194 7.906350 4.624241 3.733867
xbest 15.98212 279.0884 0.2605762 25.88776 285.6097 35.22112 27.57937 7.907314 4.623792 3.727474
xbest 15.97870 279.0884 0.2605762 25.88776 285.6097 35.22112 27.57937 7.907314 4.623792 3.727474
xbest 15.98084 279.0936 0.2606069 25.88775 285.6098 35.21918 27.57925 7.907095 4.624174 3.727215
xbest 15.96866 279.0814 0.2606059 25.88524 285.6099 35.22044 27.57923 7.907129 4.629581 3.727234
xbest 15.97020 279.0861 0.2605858 25.88814 285.6102 35.21983 27.57972 7.907134 4.624817 3.736171
xbest 15.97020 279.0861 0.2605858 25.88814 285.6102 35.21983 27.57972 7.907134 4.624817 3.735429
xbest 15.97020 279.0861 0.2605858 25.88814 285.6102 35.21983 27.57972 7.907134 4.624817 3.735429

$time
elapsed elapsed elapsed elapsed elapsed elapsed elapsed elapsed elapsed elapsed elapsed elapsed elapsed elapsed elapsed elapsed elapsed elapsed elapsed elapsed elapsed elapsed elapsed elapsed elapsed elapsed elapsed elapsed elapsed elapsed 
   1.91    4.85    9.94   25.24   28.38   36.82   42.49  105.91  108.00  154.24  156.47  195.50  197.30  279.63  281.49  287.61  294.49  306.88  314.69  342.02  343.50  375.00  376.57  392.88  433.21  548.30  581.05  924.52  926.08  948.27 
elapsed elapsed elapsed elapsed 
 981.25 1044.47 1045.92 1056.46 

$neval
 [1]   106   257   502  1206  1348  1763  2001  5089  5183  7324  7429  9308  9398 13185 13271 13549 13829 14379 14755 16111 16185 17684 17758 18573 20652 26225 27790 43859 43933 45025 46597 49567 49641 50053

$fbest
[1] 87.74826

$xbest
 [1]  15.9701983 279.0860649   0.2605858  25.8881445 285.6102094  35.2198253  27.5797246   7.9071335   4.6248170   3.7354289

$numeval
[1] 50053

$end_crit
[1] 1

$cpu_time
elapsed 
1056.46 

$Refset
$Refset$x
           [,1]        [,2]        [,3]      [,4]       [,5]      [,6]       [,7]       [,8]      [,9]    [,10]
 [1,] 279.08606  25.8881445  35.2198253  7.907134   3.735429 279.08606 25.8881445  35.219825  7.907134 3.735429
 [2,]  15.97020   0.2605858 285.6102094 27.579725   4.624817  15.97020  0.2605858 285.610209 27.579725 4.624817
 [3,]  15.97020 279.0860649   0.2605858 25.888144 285.610209  35.21983 27.5797246   7.907134  4.624817 3.736171
 [4,]  15.97115 279.0942398   0.2606134 25.887174 285.609843  35.21950 27.5792706   7.907108  4.625920 3.727921
 [5,]  15.97599 279.3239878   0.2606147 25.887565 285.609847  35.21924 27.5790933   7.907119  4.617879 3.727850
 [6,]  15.97038 279.1052864   0.2605755 25.888838 285.609800  35.21971 27.5795184   7.907107  4.625118 3.725593
 [7,]  15.97897 278.7147329   0.2606832 25.908398 285.609844  35.21932 27.5779154   7.907107  4.624374 3.727236
 [8,]  15.96973 279.6573964   0.2605774 25.886994 285.610742  35.21972 27.5889105   7.907159  4.634448 3.731179
 [9,]  15.96934 279.8513488   0.2607277 25.854987 285.609844  35.21286 27.5786157   7.906141  4.627139 3.727762
[10,]  15.96008 281.8432669   0.2781405 25.556554 285.540924  35.00753 27.5916246   7.953961  4.722333 3.526930
[11,]  15.44858 279.8375174   0.2653509 25.719043 285.621484  35.42480 27.9076731   7.907376  4.850869 3.757840
[12,]  15.98917 280.1840853   0.2373297 25.710857 285.621272  34.77571 27.5043661   7.880483  4.635042 3.738630

$Refset$f
 [1]  87.74826  87.74826  87.76910  87.81771  87.93576  87.94097  87.94097  87.99306  88.19792 125.14583 126.32292 144.66146

$Refset$fpen
 [1]  87.74826  87.74826  87.76910  87.81771  87.93576  87.94097  87.94097  87.99306  88.19792 125.14583 126.32292 144.66146

$Refset$const
          [,1]      [,2]      [,3]      [,4]     [,5]
 [1,] 31.37518  1.626926 21.263327 10.111856 2.737644
 [2,] 21.26333 10.111856  2.737644 31.375183 1.626926
 [3,] 21.26333 31.375183 10.111856  1.626926 2.737644
 [4,] 21.26125 31.374080 10.112826  1.626973 2.737532
 [5,] 21.26969 31.382121 10.112435  1.626972 2.737536
 [6,] 21.26372 31.374882 10.111162  1.626978 2.737528
 [7,] 21.28402 31.375626 10.091602  1.626975 2.737420
 [8,] 21.25255 31.365552 10.113006  1.626843 2.738638
 [9,] 21.22785 31.372861 10.145013  1.626966 2.737952
[10,] 20.83422 31.277667 10.443446  1.635589 2.736786
[11,] 20.86817 31.149131 10.280957  1.625208 2.756028
[12,] 21.07581 31.364958 10.289143  1.625042 2.766239

$Refset$penalty
 [1] 0 0 0 0 0 0 0 0 0 0 0 0


