$f
 [1] 2590.4097 1419.1198 1360.4323 1179.7292  999.4097  896.3073  884.3455  867.9167  832.5799  825.9427  676.3924  660.3941  633.6215  632.1250  621.4479  613.7986  578.7535  567.7812  554.7031  536.1024  529.0399  522.9028  502.5642
[24]  500.7934  500.1719  495.5781  495.0122  494.5191  494.2118  493.9965  493.3472  493.1441  492.8507  488.2604  487.3003  485.7257  484.9045  484.4635  482.1667  481.9340  481.6597  481.2274  480.2083  479.4531  478.7083  478.2587
[47]  477.8108  477.2292  476.7170  476.2899  476.1163  475.7101  475.6111  475.5833  475.4878  475.3993  475.3993

$x
          [,1]     [,2]      [,3]     [,4]     [,5]     [,6]     [,7]     [,8]     [,9]    [,10]
xbest 6.998943 116.3875 0.2364181 24.64009 284.0370 39.19140 35.89346 3.908446 6.731562 4.715219
xbest 7.358111 441.1159 0.1000000 15.06263 285.7580 47.16619 34.60889 2.493801 2.408903 2.097578
xbest 7.358325 421.4284 0.1000000 15.81263 285.7533 47.16619 35.21826 2.493801 2.296403 2.192578
xbest 5.000000 421.4303 0.4575414 19.71451 285.1688 36.04470 29.82254 9.768184 2.105591 2.717276
xbest 5.003326 415.0565 0.3609049 19.70870 285.3526 31.28683 30.23871 9.826656 2.141810 2.484038
xbest 5.000000 432.4205 0.5136179 18.66689 285.1450 35.79565 29.87473 9.821175 2.000000 2.666369
xbest 5.000000 430.4780 0.5075702 18.75672 285.1360 35.81986 29.89283 9.849577 2.000000 2.665634
xbest 5.000000 429.7386 0.5122799 18.78661 285.0430 35.50889 29.82908 9.856175 2.000000 2.906786
xbest 5.000000 399.1741 0.4802592 19.57414 285.0408 35.54864 29.64718 9.813709 2.000000 2.906612
xbest 5.000256 398.8681 0.4827111 20.30870 285.0402 35.62857 29.44662 9.766874 2.000000 2.922504
xbest 5.000256 376.3681 0.4830735 20.30870 285.0396 35.57703 29.93412 9.767679 2.219327 2.922504
xbest 5.100655 383.8486 0.4613163 20.52332 285.0751 34.78492 30.59499 9.715575 2.163531 3.338473
xbest 5.001709 383.8486 0.4570976 20.52332 285.0751 34.78492 30.43249 9.715587 2.113531 3.338473
xbest 5.168571 359.0205 0.4647251 21.16113 285.0268 34.98848 30.05356 9.759450 2.072782 3.238070
xbest 5.171294 345.8935 0.4644858 21.81571 285.0222 34.91266 30.13013 9.758517 2.064432 3.241780
xbest 5.187477 309.2325 0.4747351 24.00593 285.0122 34.89560 29.95279 9.756666 2.066114 3.261556
xbest 5.183419 302.5302 0.4735203 23.74684 285.0140 34.93487 29.82020 9.756573 2.062310 3.274126
xbest 5.183419 302.5302 0.4735203 23.74684 285.0140 34.93487 29.82020 9.756573 2.112310 3.274126
xbest 5.149498 275.0929 0.5394461 24.90049 285.0265 36.39147 29.81059 9.744734 2.446875 3.492128
xbest 5.149498 275.0148 0.5366336 25.08799 285.0265 36.09147 29.81059 9.744538 2.521875 3.468378
xbest 5.032513 234.1647 0.5437951 27.66185 285.0214 36.73278 29.86901 9.762331 2.436727 3.493967
xbest 5.057928 205.3410 0.5449888 30.00000 285.0223 36.74960 29.86744 9.764654 2.395012 3.466598
xbest 5.000000 205.3410 0.5492076 30.00000 285.0223 36.74960 29.86744 9.764654 2.307512 3.466598
xbest 5.016238 248.0083 0.5532927 25.97717 285.0022 36.67138 29.66342 9.741071 3.001327 3.558845
xbest 5.016238 248.0083 0.5532927 25.97717 285.0022 36.67138 29.66342 9.741071 3.004452 3.558845
xbest 5.183393 249.0304 0.5446675 25.58857 284.9931 36.69100 29.63603 9.741566 3.097678 3.553394
xbest 5.206478 248.5987 0.5406692 25.55086 284.9935 36.67762 29.63115 9.741352 3.123470 3.554806
xbest 5.208940 245.5045 0.5388732 25.52737 284.9926 36.67302 29.62941 9.740961 3.236297 3.556525
xbest 5.196894 246.9291 0.5404871 25.52729 284.9926 36.65647 29.63453 9.740927 3.194611 3.550027
xbest 5.196894 246.9486 0.5404871 25.52729 284.9926 36.65647 29.63453 9.740927 3.194611 3.550027
xbest 5.047435 252.4007 0.5560649 25.54446 284.9942 36.69157 29.61635 9.741760 3.072598 3.552607
xbest 5.047356 249.5731 0.5556248 25.70306 284.9945 36.68623 29.60933 9.741738 3.074444 3.554427
xbest 5.047356 249.5926 0.5556248 25.70306 284.9945 36.68623 29.60933 9.741738 3.074444 3.554427
xbest 5.217848 234.6884 0.5431330 25.58107 284.9956 36.53476 29.66027 9.739456 3.605371 3.537762
xbest 5.064983 242.1385 0.5551407 25.55501 284.9942 36.68993 29.63070 9.741535 3.497580 3.550863
xbest 5.054438 238.4687 0.5647851 25.45097 284.9932 36.67908 29.64102 9.741368 3.778444 3.548834
xbest 5.252299 226.8454 0.5342840 25.69473 284.9956 36.64485 29.66074 9.739659 3.867640 3.548675
xbest 5.228552 225.8010 0.5379864 25.64391 284.9950 36.57962 29.65412 9.740238 3.933515 3.541331
xbest 5.237053 225.2595 0.5372168 25.68295 284.9946 36.58286 29.65241 9.740464 3.941725 3.543353
xbest 5.311276 216.4223 0.5242255 25.86538 284.9950 36.58201 29.66006 9.740057 4.086129 3.543328
xbest 5.274049 217.6235 0.5291964 25.82170 284.9954 36.60060 29.65468 9.740130 4.109516 3.547819
xbest 5.280349 219.6232 0.5440799 25.79160 284.9947 36.59629 29.65788 9.740546 4.089431 3.546192
xbest 5.298336 219.0206 0.5526500 25.75553 284.9941 36.62803 29.65132 9.740938 4.084591 3.546356
xbest 5.314259 219.3994 0.5559641 25.76159 284.9932 36.63664 29.64996 9.741295 4.067472 3.545884
xbest 5.314259 219.4775 0.5559641 25.76013 284.9932 36.63664 29.64996 9.741295 4.073722 3.545884
xbest 5.396257 213.8073 0.5336519 25.67158 284.9939 36.59753 29.64166 9.740323 4.255216 3.546332
xbest 5.396257 213.7878 0.5336519 25.67158 284.9939 36.59753 29.64166 9.740323 4.255216 3.546332
xbest 5.405310 208.2599 0.5451954 26.03427 284.9960 36.59405 29.64453 9.740431 4.279808 3.541880
xbest 5.416389 208.5022 0.5414506 25.98146 284.9939 36.67658 29.64242 9.742130 4.282833 3.543602
xbest 5.412339 208.5776 0.5408679 25.98195 284.9945 36.63736 29.64282 9.741499 4.282170 3.543348
xbest 5.413999 206.9559 0.5405550 26.07708 284.9953 36.65495 29.64937 9.741686 4.286781 3.543954
xbest 5.423257 208.3512 0.5416127 25.98534 284.9939 36.68808 29.64218 9.742732 4.282453 3.543584
xbest 5.422838 208.2791 0.5414915 25.98513 284.9942 36.69884 29.64256 9.743330 4.283351 3.543343
xbest 5.424428 208.2339 0.5407643 25.98672 284.9940 36.68709 29.63623 9.742837 4.282931 3.543242
xbest 5.421876 208.0892 0.5412964 25.99761 284.9942 36.71912 29.64185 9.743106 4.283465 3.544831
xbest 5.421876 208.0892 0.5412964 25.99743 284.9942 36.71912 29.64185 9.743106 4.283465 3.544831
xbest 5.421876 208.0892 0.5412964 25.99743 284.9942 36.71912 29.64185 9.743106 4.283465 3.544831

$time
elapsed elapsed elapsed elapsed elapsed elapsed elapsed elapsed elapsed elapsed elapsed elapsed elapsed elapsed elapsed elapsed elapsed elapsed elapsed elapsed elapsed elapsed elapsed elapsed elapsed elapsed elapsed elapsed elapsed elapsed 
   2.13    6.11    9.05   12.61   19.43   26.57   29.82   33.00   39.49   42.80   45.77  122.80  125.27  131.91  135.77  145.10  158.30  160.15  193.11  195.99  220.40  224.02  229.05  357.11  358.79  364.77  377.00  380.82  387.00  391.69 
elapsed elapsed elapsed elapsed elapsed elapsed elapsed elapsed elapsed elapsed elapsed elapsed elapsed elapsed elapsed elapsed elapsed elapsed elapsed elapsed elapsed elapsed elapsed elapsed elapsed elapsed elapsed 
 406.61  409.46  422.49  426.18  446.83  453.57  461.41  470.57  477.50  483.58  498.02  511.63  514.83  521.21  523.18  563.49  565.88  633.82  741.94  753.57  766.32  788.04  894.97  915.66  954.30  965.52 1185.05 

$neval
 [1]   106   266   389   538   823  1098  1234  1373  1647  1784  1910  5169  5275  5555  5696  6098  6638  6720  8200  8323  9413  9548  9776 15259 15332 15600 16144 16280 16550 16757 17432 17567 18177 18318 19263 19535 19878 20287 20563
[40] 20836 21461 22006 22141 22412 22496 24235 24309 27275 31711 32195 32752 33639 38121 39001 40565 41047 50094

$fbest
[1] 475.3993

$xbest
 [1]   5.4218757 208.0892264   0.5412964  25.9974305 284.9942333  36.7191162  29.6418494   9.7431056   4.2834648   3.5448314

$numeval
[1] 50094

$end_crit
[1] 1

$cpu_time
elapsed 
1185.05 

$Refset
$Refset$x
          [,1]     [,2]      [,3]     [,4]     [,5]     [,6]     [,7]     [,8]     [,9]    [,10]
 [1,] 5.422119 207.9303 0.5407758 26.00972 284.9947 36.72559 29.64387 9.743150 4.280820 3.545234
 [2,] 5.422810 207.9304 0.5407575 26.00917 284.9961 36.73073 29.64427 9.743126 4.280217 3.547027
 [3,] 5.422543 207.9351 0.5407429 26.00710 284.9947 36.71232 29.63988 9.743161 4.282023 3.546101
 [4,] 5.423998 208.0239 0.5405569 25.99715 284.9948 36.70933 29.63641 9.742956 4.284215 3.545253
 [5,] 5.422811 208.0694 0.5412858 26.00173 284.9945 36.69386 29.63386 9.742957 4.282308 3.545167
 [6,] 5.423867 207.9408 0.5407851 26.00460 284.9943 36.69200 29.64051 9.742730 4.284001 3.545813
 [7,] 5.424022 208.1303 0.5412204 25.99401 284.9942 36.70086 29.62727 9.742839 4.283460 3.546139
 [8,] 5.425754 207.9178 0.5368618 26.01130 284.9947 36.71389 29.64311 9.743217 4.268886 3.545371
 [9,] 5.423949 207.5420 0.5406858 26.05504 284.9948 36.68317 29.63527 9.742096 4.274938 3.545384
[10,] 5.422257 207.9351 0.5407541 26.00477 284.9959 36.71051 29.64192 9.743098 4.283618 3.544753
[11,] 5.365055 207.8032 0.5407834 26.01004 284.9972 36.63202 29.64841 9.739850 4.298477 3.550054
[12,] 5.540078 214.0966 0.5252325 26.04465 284.9890 37.08416 29.55494 7.150839 4.653216 3.920535

$Refset$f
 [1] 475.3993 475.3993 475.3993 475.5226 475.5226 475.6059 475.5226 475.7031 477.0538 475.6059 484.1163 805.4444

$Refset$fpen
 [1] 475.3993 475.3993 475.3993 475.5226 475.5226 475.6059 475.5226 475.7031 477.0538 475.6059 484.1163 805.4444

$Refset$const
          [,1]     [,2]      [,3]     [,4]     [,5]
 [1,] 21.72890 31.71918  9.990279 1.708850 2.683701
 [2,] 21.72895 31.71978  9.990833 1.708654 2.683608
 [3,] 21.72508 31.71798  9.992900 1.708869 2.684286
 [4,] 21.71293 31.71578 10.002854 1.708844 2.684221
 [5,] 21.71943 31.71769  9.998266 1.708908 2.685041
 [6,] 21.72060 31.71600  9.995396 1.708944 2.685733
 [7,] 21.71055 31.71654 10.005990 1.708928 2.683908
 [8,] 21.74241 31.73111  9.988701 1.708870 2.684461
 [9,] 21.78010 31.72506  9.944957 1.708878 2.685988
[10,] 21.72116 31.71638  9.995227 1.708695 2.684820
[11,] 21.71156 31.70152  9.989962 1.708608 2.691272
[12,] 21.39144 31.34678  9.955348 1.709031 2.649910

$Refset$penalty
 [1] 0 0 0 0 0 0 0 0 0 0 0 0


