$f
 [1] 1510.5990  721.8715  721.5503  717.1580  716.3490  653.6510  644.3368  641.6649  637.9774  631.5521  631.4948  596.1944  569.4115  565.0382  529.6146  524.1476  519.8733  515.8316  515.4514  513.6753  511.4531  511.3733  502.8507
[24]  499.5122  498.3472  497.8056  497.7187  497.6858  497.5660  497.3924  496.9253  496.2240  496.1979  496.0747  495.6059  495.4531  494.9670  494.9219  494.8646  494.8108  494.7031  494.0938  493.8108  493.6441  493.6441

$x
          [,1]     [,2]      [,3]     [,4]     [,5]     [,6]     [,7]     [,8]     [,9]    [,10]
xbest 18.48446 162.2201 0.6517818 28.61073 285.7663 46.22568 32.71400 3.690607 2.934254 1.286776
xbest 22.38598 141.7929 0.8750751 28.22369 286.5721 46.52268 24.00000 4.647368 3.198672 1.241830
xbest 22.38598 141.7929 0.8750751 28.22369 286.5721 46.52268 24.04062 4.647368 3.198672 1.241830
xbest 22.30574 141.5513 0.8741179 28.27111 286.5723 46.43547 24.04157 4.627651 3.443683 1.247673
xbest 22.30574 141.5513 0.8966179 28.27111 286.5723 46.43547 24.04157 4.627651 3.443683 1.247673
xbest 12.96703 161.0175 0.1061821 29.32642 286.0202 40.59303 30.99072 7.875743 4.251121 1.517490
xbest 12.96703 161.0175 0.1061821 29.32202 286.0214 40.59303 31.02627 7.875743 4.244871 1.517490
xbest 14.00594 481.6399 0.2213046 19.23099 286.5930 46.89011 24.24410 6.354703 2.148993 3.885038
xbest 14.45365 477.9675 0.2176150 19.27981 286.6226 47.01762 24.13669 6.367246 2.000000 3.860386
xbest 14.45365 477.3425 0.2176150 19.27981 286.6226 47.01762 24.25856 6.367246 2.075000 3.860386
xbest 13.44348 496.0685 0.2268225 18.88868 286.5059 46.87881 24.29040 6.330510 2.761734 4.141046
xbest 13.54518 494.6121 0.2083632 17.40470 286.6496 46.90134 24.23309 7.033048 2.797784 2.808797
xbest 13.54518 494.6121 0.2083632 17.40470 286.6496 47.20134 24.23309 7.033048 2.797784 2.826610
xbest 13.85423 489.2630 0.1397022 16.34731 286.6944 46.96329 24.12330 7.035705 2.872849 2.062262
xbest 13.85805 488.2361 0.1156269 16.34731 286.6996 46.96329 24.12330 7.035705 2.898724 2.086012
xbest 13.61377 494.3271 0.1244580 16.37266 286.7759 46.96340 24.16851 7.054708 3.111611 2.027416
xbest 13.61377 494.3271 0.1240957 16.36058 286.7759 46.96340 24.24976 7.054708 3.111611 2.024448
xbest 13.26787 496.7535 0.1284223 16.66051 286.6918 46.71387 24.13118 7.071204 2.765453 2.012015
xbest 13.26787 496.7145 0.1284223 16.66051 286.6918 46.71387 24.13118 7.071204 2.768578 2.012015
xbest 13.47269 490.2779 0.1302607 16.75993 286.7071 46.71334 24.24468 7.065820 2.830944 2.021691
xbest 13.47269 490.2779 0.1302607 16.75993 286.7071 46.71334 24.24468 7.065820 2.830944 2.020948
xbest 13.47868 489.6846 0.1319383 16.76310 286.7554 46.71958 24.29503 7.041531 2.847804 1.988064
xbest 13.47868 488.4346 0.1319383 16.76310 286.7554 46.71958 24.17315 7.041531 2.872804 1.976189
xbest 13.46675 489.3710 0.1324111 16.77221 286.7965 46.75864 24.31144 7.034387 2.854694 1.976627
xbest 13.46675 489.3710 0.1324111 16.77075 286.7965 46.75864 24.31144 7.034387 2.860944 1.979596
xbest 13.48546 489.4523 0.1312988 16.78814 286.7958 46.75755 24.30846 7.033767 2.845859 1.981861
xbest 13.48596 489.4555 0.1313505 16.77808 286.7983 46.75702 24.31007 7.034697 2.851611 1.977537
xbest 13.48658 489.4030 0.1313461 16.77890 286.7965 46.75652 24.31156 7.034595 2.851992 1.978967
xbest 13.48716 489.5947 0.1307272 16.77281 286.7844 46.75107 24.19773 7.035675 2.842787 1.981851
xbest 13.48731 489.6071 0.1306704 16.77370 286.7825 46.74886 24.17815 7.035862 2.840212 1.982366
xbest 13.46514 489.5947 0.1234385 16.78604 286.7927 46.77467 24.21623 7.035610 2.840072 1.978857
xbest 13.46855 489.5947 0.1234385 16.78567 286.7927 46.77467 24.21623 7.035610 2.840072 1.978857
xbest 13.47521 489.5383 0.1269367 16.77169 286.7912 46.76435 24.21771 7.034924 2.855068 1.980521
xbest 13.46801 489.5091 0.1273990 16.77093 286.7876 46.73542 24.22487 7.034914 2.865527 1.980543
xbest 13.47001 489.0269 0.1242203 16.80825 286.7933 46.75626 24.28414 7.034891 2.845456 1.979925
xbest 13.47001 489.0465 0.1242203 16.80825 286.7933 46.75626 24.28414 7.034891 2.845456 1.979925
xbest 13.46820 489.5020 0.1285597 16.76821 286.7837 46.70557 24.22321 7.034555 2.874301 1.981652
xbest 13.47073 489.8645 0.1264976 16.74154 286.7847 46.70095 24.22310 7.034290 2.870555 1.980691
xbest 13.46933 489.5218 0.1269700 16.76704 286.7866 46.70811 24.22441 7.034564 2.865310 1.980718
xbest 13.46536 489.4728 0.1270525 16.77077 286.7875 46.71793 24.22351 7.034634 2.867107 1.981086
xbest 13.46928 489.5246 0.1271498 16.76701 286.7863 46.70809 24.22511 7.034564 2.865721 1.980731
xbest 13.72550 489.5060 0.1334017 16.64288 286.7851 46.70686 24.23297 7.034626 2.873305 1.979802
xbest 13.76167 489.5070 0.1377254 16.63064 286.7851 46.70387 24.23238 7.034491 2.874298 1.979754
xbest 13.76167 489.5460 0.1379012 16.63064 286.7851 46.70387 24.23238 7.034491 2.874298 1.979754
xbest 13.76167 489.5460 0.1379012 16.63064 286.7851 46.70387 24.23238 7.034491 2.874298 1.979754

$time
elapsed elapsed elapsed elapsed elapsed elapsed elapsed elapsed elapsed elapsed elapsed elapsed elapsed elapsed elapsed elapsed elapsed elapsed elapsed elapsed elapsed elapsed elapsed elapsed elapsed elapsed elapsed elapsed elapsed elapsed 
   2.07    5.47    7.15   37.41   42.22   55.54   76.80  104.10  107.79  109.74  193.22  198.04  229.19  289.99  293.02  382.41  384.55  446.35  448.19  478.90  480.61  515.74  517.75  544.30  552.27  602.15  622.91  633.61  653.94  660.66 
elapsed elapsed elapsed elapsed elapsed elapsed elapsed elapsed elapsed elapsed elapsed elapsed elapsed elapsed elapsed 
 728.18  730.00  754.27  760.08  775.65  792.19  827.15  846.57  859.19  863.38  872.13 1001.13 1026.05 1037.21 1163.27 

$neval
 [1]   106   256   329  1595  1803  2345  3243  4463  4600  4690  8370  8578  9896 12467 12598 16387 16480 19071 19149 20495 20569 22049 22142 23239 23592 25744 26645 27059 27952 28223 31040 31118 32226 32500 33242 33983 35476 36369 36932
[40] 37136 37547 43151 44181 44666 50043

$fbest
[1] 493.6441

$xbest
 [1]  13.7616735 489.5460172   0.1379012  16.6306429 286.7851131  46.7038731  24.2323796   7.0344911   2.8742979   1.9797538

$numeval
[1] 50043

$end_crit
[1] 1

$cpu_time
elapsed 
1163.27 

$Refset
$Refset$x
          [,1]     [,2]      [,3]     [,4]     [,5]     [,6]     [,7]     [,8]     [,9]    [,10]
 [1,] 13.70307 489.5141 0.1341821 16.63432 286.7844 46.70633 24.23206 7.034266 2.886009 1.980203
 [2,] 13.69152 489.5335 0.1346699 16.65542 286.7856 46.70709 24.23287 7.034520 2.879945 1.980075
 [3,] 13.67692 489.5050 0.1308560 16.64879 286.7843 46.70774 24.22883 7.034410 2.882092 1.980446
 [4,] 13.67833 489.4890 0.1308986 16.64240 286.7844 46.70753 24.22671 7.034489 2.886907 1.981109
 [5,] 13.69172 489.5441 0.1341621 16.65053 286.7855 46.72244 24.22855 7.035250 2.873839 1.979553
 [6,] 13.69131 489.5374 0.1340935 16.65040 286.7855 46.72106 24.22745 7.034879 2.877834 1.979832
 [7,] 13.69222 489.5297 0.1344725 16.65724 286.7853 46.71606 24.22961 7.034983 2.872389 1.980600
 [8,] 13.67704 489.5304 0.1306337 16.64514 286.7843 46.70444 24.22289 7.034315 2.883462 1.980262
 [9,] 13.66445 489.5677 0.1314779 16.64663 286.7856 46.70611 24.23374 7.034513 2.880209 1.980476
[10,] 13.68906 489.5339 0.1350202 16.65554 286.7854 46.70691 24.23362 7.034577 2.882418 1.980449
[11,] 13.67525 489.4914 0.1308939 16.64388 286.7844 46.70743 24.22673 7.034490 2.886778 1.981028
[12,] 14.58511 489.6362 0.2015439 16.58546 286.7375 46.69888 24.61151 6.600045 2.893539 1.979865

$Refset$f
 [1] 493.9462 493.9462 494.1528 494.1528 494.2118 494.2118 494.2118 494.2448 494.2691 494.2882 494.4132 539.8993

$Refset$fpen
 [1] 493.9462 493.9462 494.1528 494.1528 494.2118 494.2118 494.2118 494.2448 494.2691 494.2882 494.4132 539.8993

$Refset$const
          [,1]     [,2]     [,3]     [,4]     [,5]
 [1,] 13.74831 33.11399 19.36568 1.514415 2.355814
 [2,] 13.77548 33.12006 19.34458 1.514306 2.356256
 [3,] 13.76670 33.11791 19.35121 1.514429 2.355564
 [4,] 13.75549 33.11309 19.35760 1.514418 2.355509
 [5,] 13.77669 33.12616 19.34947 1.514325 2.355578
 [6,] 13.77257 33.12217 19.34960 1.514332 2.355533
 [7,] 13.78485 33.12761 19.34276 1.514346 2.355713
 [8,] 13.76168 33.11654 19.35486 1.514430 2.355356
 [9,] 13.76642 33.11979 19.35337 1.514307 2.356316
[10,] 13.77312 33.11758 19.34446 1.514322 2.356236
[11,] 13.75710 33.11322 19.35612 1.514417 2.355515
[12,] 13.69193 33.10646 19.41454 1.518250 2.360143

$Refset$penalty
 [1] 0 0 0 0 0 0 0 0 0 0 0 0


