$f
 [1] 1721.4271 1246.2500  949.1667  822.2847  778.3177  732.2604  724.5816  673.7778  636.6007  578.0920  575.8038  566.3941  502.3472  456.1441  436.3420  395.0851  395.0347  394.9965  394.9653  394.5660  394.5642  394.5347  394.5312
[24]  394.2014  394.0868  394.0521  391.9392  391.7066  391.6267  391.2274  391.0521  390.8993  390.8212  390.6337  390.6319  390.6319

$x
           [,1]     [,2]      [,3]     [,4]     [,5]     [,6]     [,7]     [,8]     [,9]    [,10]
xbest 16.275183 457.4933 0.8840029 22.39304 286.4422 31.57019 26.51706 2.092333 4.070440 1.646115
xbest 13.486420 177.4431 0.8758077 28.55147 285.3536 41.12932 33.78534 7.055446 5.970465 4.894162
xbest 13.486420 177.6006 0.9163702 28.55147 285.5973 39.52932 33.78534 7.055446 6.511297 4.551635
xbest 13.610771 378.9124 0.7808446 24.35726 285.2171 34.39773 30.72386 5.617432 3.193322 3.231390
xbest 13.345577 401.9824 0.7788707 24.49570 285.0964 33.11681 30.14538 5.677383 2.911789 3.559111
xbest 10.038617 371.1661 0.8395779 24.34388 285.8169 38.26957 33.60452 6.433491 4.716566 1.760034
xbest 10.524941 332.7377 0.8385734 24.35673 285.3766 35.60238 32.41617 6.351473 4.745613 1.853605
xbest 12.183871 310.2160 0.7464614 24.83939 285.2567 35.89200 30.85144 6.169575 4.750939 2.476171
xbest 11.746371 310.2160 0.9271254 24.83939 285.2567 35.89200 30.85144 6.169575 4.850939 2.458358
xbest 10.221124 366.1801 0.8281379 23.08508 285.4198 38.72915 32.78560 6.544045 4.704458 1.313026
xbest 11.094605 364.1571 0.8046810 23.06850 285.4080 36.52208 32.78048 6.383865 4.725128 1.876089
xbest 11.094605 364.1571 0.7385873 23.06850 285.4080 36.52208 32.78048 6.383865 4.725909 1.857905
xbest  7.687828 409.3516 0.8311559 22.71053 285.7664 43.29287 34.78051 7.237130 4.496244 1.274251
xbest  7.687828 411.4854 0.9988220 22.71053 285.7476 43.29287 34.75518 7.237130 4.510889 1.273077
xbest  7.651568 408.5375 0.8543175 22.71146 285.5617 42.31072 34.43446 7.229611 4.426968 1.363049
xbest  7.639603 408.5375 1.0000000 22.71146 285.5617 42.31072 34.43446 7.229611 4.374234 1.363049
xbest  7.764381 396.0810 1.0000000 22.73589 285.5535 41.80902 34.59966 7.206998 4.675636 1.348758
xbest  7.760963 396.1591 1.0000000 22.73589 285.5535 41.80902 34.59966 7.206998 4.675636 1.348758
xbest  7.759687 396.2431 1.0000000 22.73347 285.5553 41.81399 34.60079 7.207614 4.672897 1.347729
xbest  7.752851 396.2431 1.0000000 22.73347 285.5553 41.81399 34.60079 7.207614 4.676022 1.347729
xbest  7.747730 396.7897 0.9999141 22.72843 285.5567 41.82215 34.60020 7.207596 4.671441 1.347474
xbest  7.737535 397.0257 0.9999401 22.72661 285.5575 41.83072 34.59945 7.208345 4.666822 1.346870
xbest  7.737535 397.0257 0.9999401 22.72661 285.5575 41.83072 34.59945 7.208345 4.669947 1.346870
xbest  7.739954 397.2826 0.9999908 22.71870 285.5563 41.82128 34.59842 7.208156 4.670661 1.347596
xbest  7.731101 397.3723 0.9992641 22.72094 285.5562 41.81724 34.59885 7.207494 4.670165 1.347306
xbest  7.721959 397.5626 0.9991635 22.72000 285.5569 41.82196 34.59882 7.207513 4.669614 1.347014
xbest  7.613806 397.4505 0.9955410 22.80062 285.5563 41.82125 34.60099 7.208235 4.663510 1.346485
xbest  7.589042 397.4336 0.9969656 22.81229 285.5561 41.82051 34.59857 7.208276 4.668816 1.346511
xbest  7.581756 397.4225 0.9972011 22.81485 285.5561 41.82035 34.59980 7.208264 4.669962 1.346511
xbest  7.583290 397.3548 0.9972505 22.81640 285.5561 41.82020 34.59521 7.208335 4.670325 1.346511
xbest  7.585293 397.4414 0.9985539 22.81482 285.5551 41.83508 34.60858 7.208362 4.667775 1.347917
xbest  7.601181 397.5612 0.9996569 22.80475 285.5547 41.82679 34.60748 7.209013 4.668202 1.346925
xbest  7.598700 397.6012 1.0000000 22.80475 285.5544 41.82804 34.60919 7.209339 4.667952 1.347224
xbest  7.589841 397.5217 0.9996789 22.81045 285.5555 41.81370 34.63384 7.208260 4.686559 1.346991
xbest  7.590099 397.5066 1.0000000 22.81019 285.5554 41.81354 34.63143 7.208229 4.687632 1.347008
xbest  7.590099 397.5066 1.0000000 22.81019 285.5554 41.81354 34.63143 7.208229 4.687632 1.347008

$time
elapsed elapsed elapsed elapsed elapsed elapsed elapsed elapsed elapsed elapsed elapsed elapsed elapsed elapsed elapsed elapsed elapsed elapsed elapsed elapsed elapsed elapsed elapsed elapsed elapsed elapsed elapsed elapsed elapsed elapsed 
   2.35    5.58    8.13   12.16   18.71   21.96   29.05   35.36   44.44   59.21   64.77   76.16  125.66  128.99  176.50  179.13  618.41  620.16  650.32  652.08  673.53  682.38  684.11  713.02  744.97  753.67  909.44  914.82  928.07  934.25 
elapsed elapsed elapsed elapsed elapsed elapsed 
 940.53 1000.22 1005.44 1011.42 1023.75 1170.36 

$neval
 [1]   106   249   362   510   792   932  1211  1487  1889  2560  2831  3332  5621  5758  7788  7895 26440 26519 27892 27970 28924 29330 29403 30621 32062 32409 38954 39165 39735 40017 40296 42956 43161 43435 43979 50111

$fbest
[1] 390.6319

$xbest
 [1]   7.590099 397.506605   1.000000  22.810187 285.555395  41.813536  34.631433   7.208229   4.687632   1.347008

$numeval
[1] 50111

$end_crit
[1] 1

$cpu_time
elapsed 
1170.36 

$Refset
$Refset$x
          [,1]     [,2]      [,3]     [,4]     [,5]     [,6]     [,7]     [,8]     [,9]    [,10]
 [1,] 7.590054 397.5390 0.9997777 22.81072 285.5554 41.81408 34.62787 7.208277 4.686153 1.347002
 [2,] 7.590798 397.5494 0.9997596 22.80736 285.5549 41.81854 34.58223 7.208272 4.688258 1.347061
 [3,] 7.589637 397.4700 0.9997339 22.81183 285.5536 41.81327 34.62951 7.208066 4.686574 1.346948
 [4,] 7.589025 397.5119 0.9996107 22.82599 285.5556 41.81778 34.59945 7.208581 4.674676 1.346874
 [5,] 7.588555 397.4832 0.9986196 22.79038 285.5552 41.81044 34.60221 7.208075 4.702986 1.346862
 [6,] 7.587144 398.0222 0.9998492 22.79306 285.5549 41.81654 34.64452 7.207257 4.690060 1.347755
 [7,] 7.590621 397.7491 0.9990371 22.72653 285.5475 41.81532 34.59810 7.206892 4.722177 1.345564
 [8,] 7.614877 397.1704 0.9997681 22.75806 285.5503 41.81353 34.61339 7.212812 4.684545 1.342951
 [9,] 7.532085 398.1970 0.9992690 22.79222 285.6876 42.39316 34.32022 7.202805 4.869976 1.350896
[10,] 7.551624 399.8798 0.9994335 22.79190 285.5578 41.82575 34.54818 7.174650 4.691866 1.384284
[11,] 8.058752 367.4377 0.9441170 22.36170 285.4048 38.92960 33.32513 7.946241 5.222962 1.374298
[12,] 7.555936 409.5123 0.9940510 22.82534 285.6135 42.45635 34.50648 7.208903 4.701685 1.200154

$Refset$f
 [1] 390.6319 390.6389 391.0035 390.8819 391.0312 391.1424 395.1007 393.1024 417.6285 436.1667 512.5903 618.7951

$Refset$fpen
 [1] 390.6319 390.6389 391.0035 390.8819 391.0312 391.1424 395.1007 393.1024 417.6285 436.1667 512.5903 618.7951

$Refset$const
          [,1]     [,2]     [,3]     [,4]     [,5]
 [1,] 18.12457 31.31385 13.18928 1.630970 2.877228
 [2,] 18.11910 31.31174 13.19264 1.631136 2.872886
 [3,] 18.12526 31.31343 13.18817 1.631216 2.876941
 [4,] 18.15131 31.32532 13.17401 1.631014 2.874577
 [5,] 18.08740 31.29701 13.20962 1.631040 2.875245
 [6,] 18.10300 31.30994 13.20694 1.631003 2.878355
 [7,] 18.00435 31.27782 13.27347 1.632114 2.872513
 [8,] 18.07352 31.31546 13.24194 1.631696 2.874683
 [9,] 17.92225 31.13002 13.20778 1.614888 2.847547
[10,] 18.10004 31.30813 13.20810 1.630831 2.870224
[11,] 17.13874 30.77704 13.63830 1.649568 2.941148
[12,] 18.12366 31.29832 13.17466 1.624449 2.838367

$Refset$penalty
 [1] 0 0 0 0 0 0 0 0 0 0 0 0


