$f
 [1] 1734.7951 1553.3333 1488.7969 1326.5573 1290.8750 1108.1875 1100.2344  774.0052  728.6458  697.7986  681.9740  673.2465  661.5712  633.2622  632.2622  630.6771  629.9774  627.1163  625.5434  625.0538  623.8194  622.1788  620.7691
[24]  619.8056  617.0920  614.5017  614.4271  614.3524  613.2951  613.1302  612.9826  612.9531  612.7188  612.7188

$x
           [,1]     [,2]      [,3]     [,4]     [,5]     [,6]     [,7]     [,8]     [,9]    [,10]
xbest 14.697112 202.0362 0.5599769 24.04202 286.1041 34.09792 30.19142 9.656896 8.270028 2.141082
xbest 13.461801 409.6507 0.4539542 22.69214 284.8871 26.99104 25.13728 4.210641 5.768342 3.219867
xbest 13.461801 409.7380 0.4895208 22.69214 284.8871 27.79104 25.13728 4.210641 5.597143 3.219867
xbest 12.572142 474.2322 0.5172863 20.56156 285.5871 31.25684 26.48999 6.199681 5.942005 3.249524
xbest  9.430654 258.5282 0.6127545 25.95622 285.8842 40.85951 31.00313 7.042142 6.669828 1.913043
xbest  9.452975 240.3162 0.7133701 25.77152 286.3763 42.32424 30.59217 7.240155 7.585873 1.811436
xbest 10.474819 200.6409 0.1489987 28.56352 285.8757 47.41873 31.13128 7.507380 4.057224 1.723790
xbest 10.165460 200.7644 0.1454907 29.64925 285.8227 48.00000 31.13128 7.436670 4.052282 1.744549
xbest 13.081700 367.7152 0.4491650 19.41056 286.8881 47.96219 26.13015 7.413626 6.617934 1.235478
xbest 12.890294 372.0902 0.4941650 19.52424 286.8881 47.96219 26.25171 7.413626 6.592740 1.235478
xbest 11.678132 389.2995 0.4572383 20.76001 286.8276 47.99390 26.00763 7.400048 5.783845 1.202752
xbest 11.678132 389.2995 0.4572383 20.76001 286.8276 48.00000 26.00763 7.400048 5.528495 1.202752
xbest 11.299144 376.7352 0.4398791 19.50209 286.8042 47.64085 26.05823 7.404548 6.983727 1.262159
xbest 11.299144 376.7352 0.4398791 19.88588 286.8042 47.64085 26.05569 7.404548 6.996227 1.262159
xbest 11.498216 379.4428 0.4419783 19.60782 286.8056 47.66176 26.00599 7.407251 6.997958 1.263669
xbest 11.498216 379.4428 0.4419783 19.60856 286.8056 47.66176 26.00599 7.407251 7.001083 1.263669
xbest 11.390264 378.4019 0.4404077 19.59516 286.8122 47.65135 26.02284 7.402871 7.092121 1.264287
xbest 11.424076 378.1529 0.4402869 19.58851 286.8116 47.65300 26.02231 7.402594 7.134044 1.264971
xbest 11.390029 378.4416 0.4394973 19.59445 286.8110 47.64839 26.03888 7.403916 7.133360 1.266095
xbest 11.393447 378.4416 0.4394973 19.59518 286.8113 47.65464 26.03888 7.403916 7.133360 1.266095
xbest 11.498840 371.0309 0.4514111 19.73915 286.8102 47.67682 26.01410 7.406044 7.138944 1.265313
xbest 11.498840 371.0309 0.4513671 19.73915 286.8102 47.67682 26.01410 7.406044 7.145194 1.265313
xbest 11.525236 381.7740 0.4575653 19.25053 286.7915 47.74181 25.98595 7.422202 7.020118 1.253278
xbest 11.511565 382.3990 0.4575653 19.25053 286.7915 47.74181 25.98595 7.422202 7.020118 1.254020
xbest 11.668982 414.8940 0.4393366 23.73222 286.8002 46.04810 26.62676 7.294888 3.086287 1.218079
xbest 11.614294 414.8940 0.4393366 23.73222 286.8002 46.04810 26.58613 7.294888 3.111287 1.218079
xbest 11.663350 414.8456 0.4394378 23.74551 286.8002 46.04478 26.62644 7.294946 3.102658 1.216772
xbest 11.663350 414.8456 0.4394378 23.74551 286.8002 46.04478 26.58581 7.294946 3.102658 1.216772
xbest 11.641552 414.7559 0.4394281 23.72098 286.8000 46.04396 26.62753 7.294367 3.115783 1.217701
xbest 11.641552 414.7559 0.4393403 23.72098 286.8000 46.04396 26.58691 7.294367 3.115783 1.217701
xbest 11.630867 414.5703 0.4394686 23.73037 286.8014 46.04845 26.62814 7.294626 3.121911 1.217408
xbest 11.630008 413.8195 0.4389428 23.76969 286.8019 46.03841 26.62920 7.294314 3.117161 1.217462
xbest 11.630008 413.8195 0.4389428 23.76969 286.8019 46.03841 26.58857 7.294314 3.117161 1.217462
xbest 11.630008 413.8195 0.4389428 23.76969 286.8019 46.03841 26.58857 7.294314 3.117161 1.217462

$time
elapsed elapsed elapsed elapsed elapsed elapsed elapsed elapsed elapsed elapsed elapsed elapsed elapsed elapsed elapsed elapsed elapsed elapsed elapsed elapsed elapsed elapsed elapsed elapsed elapsed elapsed elapsed elapsed elapsed elapsed 
   2.35    5.87    9.81   13.89   17.68   21.59   49.15   53.29  211.17  214.56  277.09  279.89  416.71  419.25  482.34  484.48  491.95  495.62  500.17  524.50  629.18  631.32  744.17  746.57  909.04  911.43  974.76  976.92  993.00 1018.42 
elapsed elapsed elapsed elapsed 
1128.15 1191.71 1193.81 1419.79 

$neval
 [1]   106   264   373   520   658   801  1752  1893  7566  7688  9846  9944 14806 14899 17192 17271 17549 17688 17826 18731 22536 22614 26661 26750 32442 32528 34723 34797 35349 36255 40100 42347 42421 50078

$fbest
[1] 612.7188

$xbest
 [1]  11.6300076 413.8194913   0.4389428  23.7696914 286.8019383  46.0384059  26.5885706   7.2943139   3.1171611   1.2174623

$numeval
[1] 50078

$end_crit
[1] 1

$cpu_time
elapsed 
1419.79 

$Refset
$Refset$x
          [,1]     [,2]      [,3]     [,4]     [,5]     [,6]     [,7]     [,8]     [,9]    [,10]
 [1,] 11.62487 413.8188 0.4390461 23.77340 286.8019 46.03987 26.62618 7.294222 3.118329 1.217403
 [2,] 11.62723 413.5840 0.4394052 23.77588 286.8017 46.04021 26.62574 7.294227 3.122457 1.217424
 [3,] 11.62869 413.6472 0.4393330 23.77550 286.8018 46.04036 26.62597 7.294235 3.120416 1.217434
 [4,] 24.10037 308.8675 0.5921012 24.47814 284.8746 26.38209 41.03405 9.111151 8.802129 2.220116
 [5,] 11.63046 413.6865 0.4389797 23.77339 286.8019 46.04012 26.62647 7.294217 3.117837 1.217414
 [6,] 11.63431 413.5478 0.4390098 23.76997 286.8019 46.04013 26.62649 7.294237 3.122007 1.217434
 [7,] 11.63497 413.3109 0.4389927 23.79715 286.8019 46.03967 26.62681 7.294239 3.108600 1.217499
 [8,] 11.63488 413.5640 0.4389962 23.77478 286.8019 46.04046 26.62653 7.294255 3.118580 1.217454
 [9,] 11.62521 413.7591 0.4393161 23.77378 286.8019 46.04008 26.62591 7.294233 3.120239 1.217425
[10,] 11.73264 413.6707 0.4392217 23.77699 286.7971 46.03967 26.61547 7.293084 3.121778 1.217326
[11,] 11.63678 413.9208 0.4360822 23.77337 286.7771 46.01363 26.63202 7.294155 3.075328 1.217412
[12,] 11.77093 397.3600 0.4397418 23.72623 286.8020 46.43031 26.82768 7.300845 3.169566 1.242121

$Refset$f
 [1]     612.7813     612.7813     612.7813 1000000.0000     612.7865     612.7865     612.7865     612.7865     612.7813     640.7604     652.8594     685.7778

$Refset$fpen
 [1] 6.127813e+02 6.127813e+02 6.127813e+02 9.999975e+11 6.127865e+02 6.127865e+02 6.127865e+02 6.127865e+02 6.127813e+02 6.407604e+02 6.528594e+02 6.857778e+02

$Refset$const
              [,1]         [,2]         [,3]         [,4]         [,5]
 [1,] 2.065507e+01 3.288167e+01 1.222660e+01 1.508758e+00 2.515043e+00
 [2,] 2.065343e+01 3.287754e+01 1.222412e+01 1.508779e+00 2.514933e+00
 [3,] 2.065508e+01 3.287958e+01 1.222450e+01 1.508771e+00 2.514967e+00
 [4,] 1.000000e+06 1.000000e+06 1.000000e+06 1.000000e+06 1.000000e+06
 [5,] 2.065555e+01 3.288216e+01 1.222661e+01 1.508758e+00 2.515049e+00
 [6,] 2.064796e+01 3.287799e+01 1.223003e+01 1.508759e+00 2.515046e+00
 [7,] 2.068855e+01 3.289140e+01 1.220285e+01 1.508760e+00 2.515074e+00
 [8,] 2.065620e+01 3.288142e+01 1.222522e+01 1.508760e+00 2.515035e+00
 [9,] 2.065354e+01 3.287976e+01 1.222622e+01 1.508760e+00 2.515016e+00
[10,] 2.065521e+01 3.287822e+01 1.222301e+01 1.509256e+00 2.512642e+00
[11,] 2.069804e+01 3.292467e+01 1.222663e+01 1.511187e+00 2.507070e+00
[12,] 2.055667e+01 3.283043e+01 1.227377e+01 1.508798e+00 2.513665e+00

$Refset$penalty
 [1]      0.0      0.0      0.0 999996.5      0.0      0.0      0.0      0.0      0.0      0.0      0.0      0.0


