$f
 [1] 1875.0781  517.3455  425.1181  411.2344  353.0903  304.8576  288.9896  286.8385  283.5035  222.4167  221.2014  217.7500  213.3819  203.6493  118.1597  118.0903  117.2847  116.2378  114.7899  113.1076  111.4288  111.0694  110.5122
[24]  110.5017  110.3698  110.2031  110.1840  109.8872  109.1806  109.0052  108.9167  108.6736  108.6615  108.6597  108.4757  108.4392  108.4392

$x
          [,1]     [,2]      [,3]     [,4]     [,5]     [,6]     [,7]     [,8]     [,9]    [,10]
xbest 23.73908 352.2813 0.8237779 17.34293 285.5674 35.61932 30.67909 5.749966 4.801024 4.554524
xbest 25.25767 159.8249 0.5017826 28.20679 286.4756 35.16162 28.91990 5.015600 7.699113 3.350301
xbest 25.19250 159.8249 0.1987728 28.20679 286.4812 34.36162 28.91990 5.190816 7.352238 4.223073
xbest 24.05225 199.0764 0.4303357 27.53331 286.2198 34.36568 29.67167 6.278306 6.045084 4.195504
xbest 23.92087 205.3254 0.4577009 27.31413 286.1384 34.42519 30.46220 7.908362 5.991356 4.242706
xbest 22.76436 382.8738 0.4794779 17.43181 286.3584 37.81907 29.21958 7.816218 7.041742 3.867019
xbest 19.30056 399.0676 0.4731536 17.18906 286.1325 43.36279 27.17650 7.516994 6.680845 4.337035
xbest 20.70422 375.7812 0.4800158 20.97487 286.4841 42.59037 29.96137 5.779669 5.048699 4.249210
xbest 21.75454 370.3917 0.5129535 20.53505 286.3503 39.23814 29.97133 5.812454 5.577106 4.415369
xbest 20.25215 369.9874 0.5809653 21.70833 286.3584 40.31689 29.79558 7.254717 5.043749 3.946904
xbest 20.30684 369.9874 0.6048716 21.70833 286.3584 40.31689 29.79558 7.254717 5.056249 3.946904
xbest 19.93201 401.3124 0.4382012 18.13757 286.2347 42.15515 27.75219 7.335657 6.582948 4.462445
xbest 20.47016 373.4227 0.5548883 20.17381 286.3142 42.60315 28.42377 7.605977 5.009208 4.130960
xbest 20.80632 369.9559 0.6000279 21.58648 286.3069 42.59030 28.45257 7.652517 4.070987 3.847771
xbest 20.80632 369.4076 0.9547984 21.58648 286.3069 42.59030 27.94512 7.649776 4.131296 3.681098
xbest 20.96168 336.2593 0.4617078 21.34949 286.2496 38.12724 31.02957 7.700382 5.721378 3.928926
xbest 20.96168 336.1031 0.4842078 21.34949 286.2496 38.12724 31.02957 7.700578 5.733878 3.928926
xbest 20.95755 335.9684 0.4579416 21.74733 286.2485 38.12479 31.03046 7.701272 5.369481 3.919179
xbest 20.95401 336.6243 0.4594802 22.82852 286.2503 38.12448 31.03749 7.699860 4.548297 3.924756
xbest 20.92666 336.6243 0.4587771 22.82852 286.2503 38.12448 31.03749 7.699860 4.555718 3.927725
xbest 20.88742 334.8940 0.4455464 23.32250 286.2497 38.11500 31.04290 7.700087 4.251857 3.925854
xbest 20.88742 334.8940 0.4455464 23.32323 286.2497 38.11500 31.04290 7.700087 4.248732 3.925854
xbest 20.84878 335.6234 0.4268172 23.07266 286.2490 38.12032 31.03059 7.700202 4.390492 3.926023
xbest 20.85111 335.7512 0.4252745 23.25305 286.2492 38.12121 31.02968 7.700193 4.247862 3.926133
xbest 20.86117 336.0341 0.4284091 23.23719 286.2490 38.12214 31.02980 7.700230 4.251560 3.926224
xbest 20.83172 335.4288 0.4223249 23.29042 286.2487 38.11788 31.02947 7.700109 4.231154 3.926651
xbest 20.76229 334.6510 0.4189429 23.17841 286.2490 38.11976 31.02733 7.700224 4.423703 3.925710
xbest 20.75824 335.4531 0.4236032 23.30023 286.2487 38.11841 31.02597 7.700230 4.323054 3.926725
xbest 20.69347 334.9710 0.4189327 23.37842 286.2484 38.11604 31.02576 7.700238 4.296970 3.927313
xbest 20.69490 335.1051 0.4185100 23.34387 286.2488 38.11919 31.02561 7.700233 4.318048 3.926897
xbest 20.68057 335.5356 0.4232359 23.37086 286.2488 38.13342 31.02557 7.700733 4.300661 3.927900
xbest 20.69342 336.2337 0.4185561 23.52591 286.2485 38.12302 31.03355 7.700496 4.136460 3.926027
xbest 20.68241 336.4453 0.4201804 23.38308 286.2486 38.12501 31.02591 7.700347 4.254214 3.929449
xbest 20.68241 336.4258 0.4201804 23.38308 286.2486 38.12501 31.02591 7.700347 4.254214 3.929449
xbest 20.67582 336.6647 0.4135585 23.48353 286.2483 38.12211 31.02732 7.700337 4.154459 3.925601
xbest 20.68682 337.9720 0.4170505 23.67379 286.2489 38.12888 31.02579 7.700755 3.976049 3.928041
xbest 20.68682 337.9720 0.4170505 23.67379 286.2489 38.12888 31.02579 7.700755 3.976049 3.928041

$time
elapsed elapsed elapsed elapsed elapsed elapsed elapsed elapsed elapsed elapsed elapsed elapsed elapsed elapsed elapsed elapsed elapsed elapsed elapsed elapsed elapsed elapsed elapsed elapsed elapsed elapsed elapsed elapsed elapsed elapsed 
   2.18    5.78    9.62   14.47   18.20   21.76   34.48   38.12   42.84   47.42   58.22   70.22   77.29   80.86   99.39  421.81  423.87  446.20  452.34  458.26  747.20  748.84  765.50  796.18  802.78  805.59  808.42  843.50  865.72  871.56 
elapsed elapsed elapsed elapsed elapsed elapsed elapsed 
 875.15  895.40  910.83  912.78  944.09 1010.01 1237.18 

$neval
 [1]   106   259   419   561   702   847  1266  1405  1540  1678  1910  2321  2589  2724  3399 16198 16287 17242 17520 17757 28567 28646 29332 30629 30902 31036 31172 32736 33742 34018 34156 35046 35722 35796 37133 40028 50059

$fbest
[1] 108.4392

$xbest
 [1]  20.6868225 337.9719754   0.4170505  23.6737916 286.2488767  38.1288845  31.0257949   7.7007552   3.9760493   3.9280411

$numeval
[1] 50059

$end_crit
[1] 1

$cpu_time
elapsed 
1237.18 

$Refset
$Refset$x
          [,1]     [,2]      [,3]     [,4]     [,5]     [,6]     [,7]     [,8]     [,9]    [,10]
 [1,] 14.55479 182.4378 0.8588405 28.78214 284.7526 24.02528 38.30059 3.216145 8.843619 4.899212
 [2,] 20.68215 336.2359 0.4201065 23.37873 286.2489 38.12114 31.02386 7.700467 4.263370 3.927988
 [3,] 20.68053 336.2044 0.4201675 23.37933 286.2494 38.12061 31.01588 7.700561 4.265229 3.928638
 [4,] 20.68248 336.2210 0.4202304 23.37784 286.2488 38.12100 31.02570 7.700511 4.264620 3.928432
 [5,] 20.68128 336.2349 0.4202118 23.37825 286.2487 38.12092 31.01620 7.700465 4.264345 3.926818
 [6,] 20.68263 336.2391 0.4201694 23.37677 286.2487 38.12105 31.02519 7.700507 4.264615 3.928728
 [7,] 20.68228 336.2118 0.4199421 23.37870 286.2489 38.12156 31.02434 7.700453 4.264171 3.929057
 [8,] 20.68178 336.3001 0.4200056 23.37868 286.2488 38.12118 31.02593 7.700442 4.261697 3.928592
 [9,] 20.68226 336.0834 0.4184129 23.43566 286.2501 38.12893 31.02465 7.698333 4.239794 3.928739
[10,] 20.69808 317.5931 0.4243363 24.30525 286.1951 37.00412 30.78014 7.692484 4.514040 4.003787
[11,] 20.81698 354.1253 0.4186426 23.84898 286.3527 38.94986 31.48637 7.688780 4.290044 3.964410
[12,] 14.92482 351.1938 0.8689844 23.25765 285.8360 40.45414 33.27187 7.566757 3.609448 3.961201

$Refset$f
 [1] 1000000.0000     108.6580     108.6580     108.6580     108.6580     108.6580     108.6580     108.6580     110.8281     273.2483     323.9583     960.3958

$Refset$fpen
 [1] 9.999975e+11 1.086580e+02 1.086580e+02 1.086580e+02 1.086580e+02 1.086580e+02 1.086580e+02 1.086580e+02 1.108281e+02 2.732483e+02 3.239583e+02 9.603958e+02

$Refset$const
              [,1]         [,2]         [,3]         [,4]         [,5]
 [1,] 1.000000e+06 1.000000e+06 1.000000e+06 1.000000e+06 1.000000e+06
 [2,] 1.911536e+01 3.173663e+01 1.262127e+01 1.540968e+00 3.048366e+00
 [3,] 1.911410e+01 3.173477e+01 1.262067e+01 1.540932e+00 3.047828e+00
 [4,] 1.911322e+01 3.173538e+01 1.262216e+01 1.540973e+00 3.048517e+00
 [5,] 1.911390e+01 3.173566e+01 1.262175e+01 1.541023e+00 3.047563e+00
 [6,] 1.911216e+01 3.173538e+01 1.262323e+01 1.540985e+00 3.048435e+00
 [7,] 1.911453e+01 3.173583e+01 1.262130e+01 1.540963e+00 3.048393e+00
 [8,] 1.911698e+01 3.173830e+01 1.262132e+01 1.540966e+00 3.048546e+00
 [9,] 1.919586e+01 3.176021e+01 1.256434e+01 1.540836e+00 3.048287e+00
[10,] 1.979121e+01 3.148596e+01 1.169475e+01 1.544711e+00 3.096904e+00
[11,] 1.955893e+01 3.170996e+01 1.215102e+01 1.528597e+00 3.068788e+00
[12,] 1.964820e+01 3.239055e+01 1.274235e+01 1.593752e+00 2.937152e+00

$Refset$penalty
 [1] 999996.5      0.0      0.0      0.0      0.0      0.0      0.0      0.0      0.0      0.0      0.0      0.0


