$f
 [1] 1369.2083 1248.5660 1154.4931  903.9410  744.9653  723.6458  663.0521  625.3628  552.8628  547.8229  529.3003  529.2396  527.9705  527.7969  527.2882  526.6927  525.8785  525.7014  525.0486  524.7465  523.2917  523.1042  523.0330
[24]  523.0000  522.4757  521.9149  520.7465  520.0816  519.3941  519.2552  519.2292  514.9149  513.9757  513.9757

$x
           [,1]     [,2]      [,3]     [,4]     [,5]     [,6]     [,7]     [,8]     [,9]    [,10]
xbest 13.153212 341.0634 0.7844979 20.59018 285.8786 26.91728 24.25509 9.246121 8.509222 3.340212
xbest  9.228248 268.4755 0.3235954 25.10806 285.1066 30.31984 28.56972 6.219673 6.879923 1.293426
xbest  9.228248 268.4755 0.3460954 25.10806 285.0316 30.31984 28.56972 6.238423 6.679923 1.205937
xbest  7.744690 261.9492 0.4885094 25.91362 285.3255 48.00000 30.87376 3.800858 7.018956 3.615298
xbest  7.746761 261.9094 0.3690657 25.17359 285.2451 47.82290 30.47465 4.451656 6.963937 2.172910
xbest  7.746599 261.3789 0.3672089 24.95034 285.2401 47.85394 30.68609 4.453392 6.903539 2.103763
xbest  8.235739 262.1602 0.3932245 24.95034 285.2401 47.79144 30.34077 4.453392 6.938696 2.121576
xbest  8.114302 322.3453 0.3675693 24.44184 285.2461 47.80361 31.08695 3.823076 5.376230 2.039488
xbest  8.114302 322.3453 0.3506943 24.44184 285.2461 48.00000 31.08695 3.830063 5.426230 1.990328
xbest  7.696261 279.9405 0.4767652 26.90366 285.3496 46.62865 32.76968 3.744323 5.772291 1.462630
xbest  7.703096 280.5655 0.5022534 26.90366 285.3496 46.67865 32.76968 3.769323 5.747291 1.462630
xbest  7.816201 279.4811 0.4840558 26.88162 285.3514 46.51619 32.77012 3.716597 5.740787 1.505345
xbest  7.816201 279.4811 0.4840558 26.88162 285.3514 46.51619 32.77012 3.716597 5.737662 1.505345
xbest  7.808874 278.6604 0.4838542 26.89149 285.3538 46.66206 32.77996 3.724981 5.745745 1.509552
xbest  7.812292 278.6604 0.4839421 26.89149 285.3538 46.66206 32.77996 3.724981 5.745745 1.509552
xbest  7.798269 278.3398 0.4868728 26.92507 285.3553 46.68283 32.79129 3.726333 5.746673 1.508642
xbest  7.798269 278.3398 0.4868728 26.92507 285.3553 46.68283 32.79129 3.726333 5.746673 1.507158
xbest  7.840246 279.5473 0.4809813 26.88733 285.3515 46.63352 32.76219 3.722763 5.717236 1.500013
xbest  7.833410 279.5082 0.4808055 26.88733 285.3515 46.63352 32.76219 3.722763 5.717334 1.500013
xbest  7.826461 279.2374 0.4841258 26.94621 285.3514 46.57845 32.76825 3.721353 5.705086 1.498364
xbest  7.825406 279.9372 0.4842939 26.93056 285.3440 46.75220 32.74528 3.720640 5.676038 1.500367
xbest  7.825025 279.6661 0.4828478 26.89249 285.3450 46.70883 32.75571 3.721987 5.701837 1.504452
xbest  7.823006 279.8524 0.4841110 26.96981 285.3438 46.74483 32.74003 3.720755 5.655427 1.499070
xbest  7.822606 279.8968 0.4841885 26.98086 285.3438 46.74782 32.74000 3.720673 5.653917 1.499051
xbest  7.825867 279.7223 0.4839764 27.07032 285.3444 46.74995 32.74173 3.720861 5.605933 1.499012
xbest  7.827851 279.6470 0.4839321 27.12752 285.3449 46.75188 32.74210 3.720998 5.561512 1.498650
xbest  7.838105 279.6470 0.4841079 27.12752 285.3449 46.75188 32.74210 3.720998 5.561512 1.498650
xbest  7.815246 281.2124 0.4877126 27.25000 285.3430 46.74474 32.72748 3.721743 5.460928 1.501184
xbest  7.815246 281.2906 0.4877126 27.25000 285.3430 46.74474 32.72748 3.721743 5.460928 1.500441
xbest  7.838805 280.8715 0.4856362 27.26364 285.3440 46.75232 32.73335 3.719538 5.454683 1.504961
xbest  7.839070 280.9348 0.4864872 27.27952 285.3439 46.75729 32.73429 3.720343 5.446179 1.503508
xbest  7.840436 281.0380 0.4964101 27.28730 285.3532 46.75051 32.85140 3.720539 5.449588 1.500738
xbest  7.840436 281.0380 0.4964101 27.28877 285.3532 46.75051 32.85140 3.720539 5.449588 1.502222
xbest  7.840436 281.0380 0.4964101 27.28877 285.3532 46.75051 32.85140 3.720539 5.449588 1.502222

$time
elapsed elapsed elapsed elapsed elapsed elapsed elapsed elapsed elapsed elapsed elapsed elapsed elapsed elapsed elapsed elapsed elapsed elapsed elapsed elapsed elapsed elapsed elapsed elapsed elapsed elapsed elapsed elapsed elapsed elapsed 
   2.58    6.25    9.36   13.30   25.86   42.34   53.72   80.55   93.91  201.91  205.02  314.84  316.81  467.75  469.95  502.64  508.34  627.13  629.56  672.03  688.75  707.02  728.36  731.86  743.13  746.64  752.61  925.13  927.30 1099.09 
elapsed elapsed elapsed elapsed 
1220.50 1341.13 1343.53 1411.22 

$neval
 [1]   106   254   367   511   932  1483  1896  2846  3354  7171  7284 11243 11317 16623 16702 17916 18125 22485 22575 24069 24683 25356 26096 26229 26637 26772 26988 33007 33086 39127 43438 47670 47753 50069

$fbest
[1] 513.9757

$xbest
 [1]   7.8404363 281.0379734   0.4964101  27.2887658 285.3532448  46.7505115  32.8513969   3.7205393   5.4495878   1.5022222

$numeval
[1] 50069

$end_crit
[1] 1

$cpu_time
elapsed 
1411.22 

$Refset
$Refset$x
            [,1]        [,2]        [,3]      [,4]       [,5]       [,6]       [,7]       [,8]      [,9]    [,10]
 [1,]   7.840436   0.4964101 285.3532448 32.851397   5.449588   7.840436  0.4964101 285.353245 32.851397 5.449588
 [2,] 281.037973  27.2887658  46.7505115  3.720539   1.502222 281.037973 27.2887658  46.750512  3.720539 1.502222
 [3,]   7.840067 281.0004814   0.4923542 27.284565 285.352713  46.750471 32.8499652   3.720542  5.450126 1.501012
 [4,]   7.840391 281.0992487   0.4941754 27.288073 285.352943  46.748430 32.8560523   3.720556  5.449546 1.500684
 [5,]   7.839905 281.0242842   0.4900335 27.281617 285.352685  46.752655 32.8598454   3.720517  5.449197 1.501851
 [6,]   7.839433 280.9378717   0.4863187 27.277977 285.344050  46.757701 32.7344308   3.720443  5.446493 1.503683
 [7,]   7.840144 280.9294662   0.4861991 27.278968 285.344015  46.754517 32.7347137   3.720154  5.445634 1.503656
 [8,]   7.838247 280.9271772   0.4865786 27.278990 285.343921  46.759873 32.7346960   3.720463  5.447206 1.503765
 [9,]   7.838965 280.9318625   0.4863149 27.279388 285.343954  46.757550 32.7354011   3.720469  5.446127 1.503643
[10,]   7.839253 280.9385036   0.4863526 27.279011 285.344033  46.757829 32.7347452   3.720631  5.445895 1.503563
[11,]   7.839325 280.9371072   0.4863297 27.277506 285.344039  46.757771 32.7344274   3.720455  5.446814 1.503641
[12,]   7.863040 282.7612701   0.4907736 27.151108 285.350617  46.661767 32.8534681   3.723510  5.442453 1.511557

$Refset$f
 [1] 513.9757 513.9757 514.1858 514.6354 514.6701 519.2292 519.2292 519.2292 519.2292 519.2292 519.2292 534.3628

$Refset$fpen
 [1] 513.9757 513.9757 514.1858 514.6354 514.6701 519.2292 519.2292 519.2292 519.2292 519.2292 519.2292 534.3628

$Refset$const
          [,1]      [,2]      [,3]      [,4]     [,5]
 [1,] 21.83918  8.711234  2.441924 30.550412 1.656593
 [2,] 30.55041  1.656593 21.839178  8.711234 2.441924
 [3,] 21.83444 30.549874  8.715435  1.656650 2.441738
 [4,] 21.83853 30.550454  8.711927  1.656638 2.442217
 [5,] 21.83242 30.550803  8.718383  1.656668 2.442214
 [6,] 21.83148 30.553507  8.722023  1.657377 2.433114
 [7,] 21.83333 30.554366  8.721032  1.657386 2.433251
 [8,] 21.83178 30.552794  8.721010  1.657389 2.433017
 [9,] 21.83326 30.553873  8.720612  1.657390 2.433157
[10,] 21.83312 30.554105  8.720989  1.657380 2.433124
[11,] 21.83069 30.553186  8.722494  1.657379 2.433109
[12,] 21.70866 30.557547  8.848892  1.657007 2.445135

$Refset$penalty
 [1] 0 0 0 0 0 0 0 0 0 0 0 0


