$f
 [1] 1960.0851 1629.4201 1428.3663 1066.7049  868.7500  819.3472  715.3802  662.2274  622.0608  618.5035  614.1562  613.8490  612.6424  612.5781  611.6059  611.0035  610.6111  610.2205  610.0764  610.0104  609.8889  609.4323  609.1910
[24]  609.0920  603.5590  603.2865  603.2865

$x
           [,1]     [,2]      [,3]     [,4]     [,5]     [,6]     [,7]     [,8]     [,9]    [,10]
xbest 20.839432 105.5190 0.3771270 25.04278 286.4841 34.26044 27.75082 7.673321 6.695977 3.322523
xbest 20.897459 100.0000 0.3487677 26.92189 286.5435 34.54439 28.00474 8.896550 6.356190 3.941798
xbest 20.359129 100.0000 0.3347052 27.67189 286.5435 34.54439 28.00474 8.896550 6.506190 4.036798
xbest  6.961203 389.6497 0.5622728 21.39213 285.8545 36.98967 32.75190 6.359232 5.072560 1.234016
xbest  5.413618 385.5262 0.5719621 22.29248 285.8629 36.46694 33.13921 6.415884 4.980964 1.234143
xbest  5.692386 386.4290 0.5702893 22.04063 285.8604 36.58321 33.12142 6.320562 5.098694 1.233198
xbest  5.692386 386.2543 0.5590393 22.04063 285.8769 36.98321 33.12142 6.320781 5.037669 1.200000
xbest 10.639621 347.5472 0.3995065 17.23074 286.6174 47.74398 25.86477 6.344644 7.207592 1.382040
xbest 10.640477 345.0423 0.3671874 17.23074 286.6174 47.64379 25.86477 6.344644 7.182592 1.361218
xbest 10.999508 337.1342 0.3486287 17.34678 286.6311 47.22496 26.19808 6.298099 7.083186 1.399513
xbest 10.999508 337.1342 0.3486287 17.34532 286.6311 47.22496 26.23871 6.298099 7.076936 1.399513
xbest 11.041512 335.4937 0.3351901 17.30802 286.6276 47.24887 26.21813 6.301501 7.064434 1.397457
xbest 11.055397 335.4937 0.3355416 17.30802 286.6276 47.24887 26.21813 6.301501 7.061309 1.397457
xbest 11.063149 335.5792 0.3348623 17.30707 286.6285 47.26049 26.19694 6.302084 7.053134 1.398284
xbest 11.270975 333.1678 0.3306673 17.35210 286.6422 47.21591 26.46140 6.302863 7.010855 1.403516
xbest 11.252992 333.5016 0.3342213 17.35120 286.6409 47.22440 26.44364 6.302942 7.013247 1.403755
xbest 11.256196 333.6704 0.3331465 17.35076 286.6410 47.22492 26.44016 6.302942 7.014747 1.403786
xbest 11.272970 332.4682 0.3272380 17.35358 286.6419 47.21689 26.45647 6.302196 7.007946 1.403523
xbest 11.276668 332.4024 0.3261300 17.35391 286.6423 47.21728 26.44959 6.301925 7.004248 1.403534
xbest 11.267564 332.3387 0.3254803 17.35282 286.6417 47.22390 26.45235 6.303109 7.006805 1.403544
xbest 11.310265 332.8703 0.3201002 17.33976 286.6429 47.21943 26.46519 6.302284 6.933095 1.403611
xbest 11.286041 332.4866 0.3238779 17.34965 286.6426 47.22025 26.45147 6.302245 6.973540 1.403601
xbest 11.341288 333.4474 0.3133294 17.33776 286.6441 47.22021 26.46845 6.302163 6.848071 1.403552
xbest 11.377014 333.2238 0.3101941 17.32706 286.6449 47.22062 26.46925 6.302044 6.824697 1.403642
xbest 11.475461 333.4104 0.2989020 17.31881 286.6458 47.22054 26.47221 6.301615 6.704586 1.403675
xbest 11.475461 333.4104 0.2989020 17.31881 286.6458 47.22054 26.47221 6.301615 6.707711 1.403675
xbest 11.475461 333.4104 0.2989020 17.31881 286.6458 47.22054 26.47221 6.301615 6.707711 1.403675

$time
elapsed elapsed elapsed elapsed elapsed elapsed elapsed elapsed elapsed elapsed elapsed elapsed elapsed elapsed elapsed elapsed elapsed elapsed elapsed elapsed elapsed elapsed elapsed elapsed elapsed elapsed elapsed 
   1.93    5.18    7.50   17.97   30.22   36.14   41.68  109.54  112.25  189.63  191.60  254.11  256.13  336.54  348.11  360.57  366.77  377.32  416.41  475.82  480.35  483.27  495.75  498.69  501.57  509.27 1151.69 

$neval
 [1]   106   255   362   794  1353  1627  1883  5000  5126  8517  8601 11344 11435 14935 15427 15980 16255 16736 18438 20984 21189 21326 21876 22015 22153 22503 50090

$fbest
[1] 603.2865

$xbest
 [1]  11.475461 333.410394   0.298902  17.318809 286.645837  47.220536  26.472213   6.301615   6.707711   1.403675

$numeval
[1] 50090

$end_crit
[1] 1

$cpu_time
elapsed 
1151.69 

$Refset
$Refset$x
          [,1]     [,2]      [,3]     [,4]     [,5]     [,6]     [,7]     [,8]     [,9]    [,10]
 [1,] 34.29803 475.0767 0.3066880 24.51345 286.8904 38.09494 34.62706 5.345958 6.640935 4.962020
 [2,] 11.28775 332.4403 0.3244051 17.35392 286.6376 47.23799 26.44765 6.304577 6.967278 1.403832
 [3,] 11.28784 332.4986 0.3244024 17.34999 286.6393 47.23553 26.44573 6.304248 6.969074 1.403669
 [4,] 11.28524 332.4537 0.3244239 17.35289 286.6380 47.24323 26.44572 6.304711 6.968236 1.403235
 [5,] 11.28626 332.5003 0.3245502 17.35250 286.6381 47.24079 26.44550 6.304546 6.968367 1.403857
 [6,] 11.28738 332.6503 0.3244516 17.34073 286.6386 47.23935 26.44729 6.304340 6.971087 1.403798
 [7,] 11.28831 332.4867 0.3243251 17.34976 286.6374 47.24083 26.44593 6.304401 6.969047 1.403874
 [8,] 11.28766 332.4773 0.3244676 17.35132 286.6383 47.24031 26.44569 6.304334 6.968939 1.403875
 [9,] 11.28724 332.4732 0.3244863 17.35143 286.6378 47.23712 26.44686 6.304409 6.969588 1.403873
[10,] 11.29381 332.3844 0.3199172 17.35131 286.6379 47.24330 26.44804 6.304398 6.969954 1.404036
[11,] 11.37170 331.3953 0.3080419 17.18111 286.6511 47.24096 26.14785 6.310128 7.510038 1.436733
[12,] 30.61587 327.4234 0.3691834 19.69180 286.7430 45.95504 30.29482 4.607517 7.342828 2.968959

$Refset$f
 [1] 72484.9722   609.0174   609.0174   609.0174   609.0174   609.0174   609.0174   609.0174   609.0174   611.6215   797.1424 38482.1372

$Refset$fpen
 [1] 368620.7328    609.0174    609.0174    609.0174    609.0174    609.0174    609.0174    609.0174    609.0174    611.6215    797.1424  38482.1372

$Refset$const
           [,1]     [,2]     [,3]     [,4]     [,5]
 [1,] 17.872511 29.35907 11.48655 1.434531 3.796136
 [2,] 10.386643 29.03272 18.64608 1.525946 2.408841
 [3,] 10.380918 29.03093 18.65001 1.525788 2.409377
 [4,] 10.384656 29.03176 18.64711 1.525910 2.408725
 [5,] 10.384137 29.03163 18.64750 1.525896 2.408835
 [6,] 10.369642 29.02891 18.65927 1.525854 2.409113
 [7,] 10.380715 29.03095 18.65024 1.525964 2.408610
 [8,] 10.382377 29.03106 18.64868 1.525877 2.408923
 [9,] 10.381846 29.03041 18.64857 1.525928 2.408890
[10,] 10.381357 29.03005 18.64869 1.525918 2.408811
[11,]  9.671068 28.48996 18.81889 1.524982 2.397213
[12,] 12.348969 28.65717 16.30820 1.505795 2.722761

$Refset$penalty
 [1] 0.2961358 0.0000000 0.0000000 0.0000000 0.0000000 0.0000000 0.0000000 0.0000000 0.0000000 0.0000000 0.0000000 0.0000000


