$f
 [1] 1508.9583 1173.5833  907.5747  834.3455  819.6840  796.9271  727.4514  726.1354  723.8559  713.0833  702.2344  702.0208  700.1319  699.8837  699.7118  699.6615  699.2986  699.2830  699.1632  698.5087  698.0347  697.0747  696.8472
[24]  688.4427  687.8351  687.7986  687.7031  687.6285  687.5226  686.5052  684.8003  679.9740  676.6701  673.2726  667.5503  667.0312  666.8299  666.7951  666.5660  665.6476  664.8264  664.4705  663.1927  662.5990  662.2483  661.8333
[47]  661.3958

$x
          [,1]     [,2]      [,3]     [,4]     [,5]     [,6]     [,7]      [,8]     [,9]    [,10]
xbest 20.12054 240.4175 0.9645090 17.41174 286.5751 44.01532 31.99892  6.300433 2.587744 1.373392
xbest 15.65398 314.7930 0.1000000 15.40442 285.9802 40.15301 24.91066  9.815080 7.809899 4.050702
xbest 15.65398 314.7930 0.1225000 15.59192 285.9802 39.75301 24.91066 10.000000 7.609899 3.860702
xbest 15.20796 419.3499 0.9903194 19.64651 286.7319 39.04134 24.00000  2.169323 6.796942 1.401347
xbest 14.27025 450.2628 1.0000000 18.47887 286.7798 39.11823 24.00000  2.000000 7.353607 1.200000
xbest 14.65096 470.3608 0.8235955 19.41044 286.4888 36.98606 24.90184  4.558857 5.772215 1.344356
xbest 14.78110 500.0000 1.0000000 20.18883 286.5723 36.44512 24.90045  2.000000 4.669568 1.341712
xbest 14.77242 500.0000 0.9952876 20.51381 286.5385 36.41580 24.88394  2.003760 4.350649 1.345972
xbest 14.77242 500.0000 1.0000000 20.51381 286.5385 36.42840 24.88394  2.053760 4.352224 1.345972
xbest 14.69081 468.7582 0.7538100 19.25522 286.6495 36.43819 25.44651  5.311977 5.712133 2.088816
xbest 14.73191 468.7582 0.7791279 19.25522 286.6448 36.45069 25.60901  5.311977 5.710383 2.110903
xbest 15.23329 488.3465 0.8528540 19.33977 286.5552 36.80100 24.42582  2.838466 5.321012 1.896067
xbest 15.23329 488.3465 0.8753540 19.33977 286.5552 36.80100 24.42582  2.863466 5.321012 1.907942
xbest 15.20588 489.6666 0.9198514 19.43499 286.5552 36.79218 24.46826  2.858508 5.238882 1.890118
xbest 15.20536 489.5996 0.9176337 19.43636 286.5562 36.79297 24.46948  2.857931 5.238918 1.891149
xbest 15.21397 489.4776 0.9112005 19.38168 286.5571 36.79603 24.48207  2.859454 5.278588 1.802760
xbest 15.21680 489.4514 0.9115509 19.34155 286.5575 36.79874 24.48590  2.859767 5.309853 1.773427
xbest 15.21887 489.3696 0.9061685 19.33236 286.5575 36.79924 24.48430  2.861094 5.314451 1.721329
xbest 15.22299 493.6657 0.8920808 19.37823 286.5563 36.80510 24.46181  2.859085 5.177351 1.898576
xbest 15.21679 493.2092 0.8930744 19.38027 286.5563 36.79885 24.46320  2.859351 5.194894 1.869845
xbest 15.21501 496.3307 0.8793665 19.32533 286.5553 36.80083 24.46131  2.859311 5.156416 1.851396
xbest 15.21727 498.2741 0.9085508 19.36968 286.5573 36.80365 24.45531  2.858783 5.088766 1.879161
xbest 15.21484 498.5074 0.9096291 19.36269 286.5570 36.80354 24.44898  2.858981 5.092004 1.886808
xbest 15.25324 497.9455 0.8704773 19.13963 286.5595 36.80857 24.46853  2.864085 5.109782 1.766109
xbest 15.25324 498.1018 0.8704773 19.13963 286.5595 36.80857 24.46853  2.864085 5.106657 1.766109
xbest 15.21806 499.7263 0.8775963 19.19182 286.5553 36.79874 24.46637  2.852381 5.048338 1.744416
xbest 15.21845 499.7811 0.8776044 19.19041 286.5553 36.79855 24.46633  2.852416 5.048614 1.743168
xbest 15.21848 499.7772 0.8897563 19.19035 286.5547 36.80009 24.46626  2.852851 5.050663 1.728170
xbest 15.21861 499.8281 0.8885208 19.19098 286.5547 36.80024 24.46628  2.852479 5.049741 1.728254
xbest 15.58412 493.8526 0.5543898 19.10410 286.5562 36.79900 24.46571  2.854747 5.037287 1.758560
xbest 15.58412 493.7745 0.5547414 19.10410 286.5562 36.79900 24.46571  2.848497 5.037287 1.758560
xbest 15.13689 495.4343 0.8909151 19.06348 286.5283 36.67893 24.33260  5.060503 5.088988 1.516233
xbest 15.13689 495.4343 0.8909151 19.06348 286.5096 36.67893 24.33260  5.060503 5.088988 1.516233
xbest 15.10096 495.5644 0.8955542 19.09364 286.5241 36.65600 24.40996  5.088685 5.097403 1.571031
xbest 15.10096 495.5644 0.8965485 19.09364 286.5241 36.65600 24.41715  5.101185 5.084903 1.558435
xbest 15.11065 495.1423 0.9113852 19.06985 286.4953 36.67870 24.41387  5.111595 5.103971 1.550260
xbest 15.10693 495.1405 0.9125173 19.07350 286.4948 36.67887 24.41267  5.121527 5.101141 1.556911
xbest 15.10496 495.1803 0.9131973 19.07218 286.4950 36.67740 24.41253  5.120891 5.099119 1.556841
xbest 15.10727 495.1935 0.9125266 18.93713 286.4953 36.68176 24.40368  5.117944 5.197971 1.562128
xbest 15.10632 495.3978 0.9123281 18.91760 286.4954 36.68770 24.39666  5.122322 5.226704 1.565600
xbest 15.10714 495.4818 0.9119151 18.81921 286.4954 36.69028 24.39404  5.122525 5.303786 1.565048
xbest 15.10552 495.4642 0.9134458 18.71430 286.4957 36.69076 24.39325  5.124271 5.378036 1.571524
xbest 15.10587 495.1809 0.9149888 18.66797 286.4959 36.68240 24.39928  5.113170 5.451020 1.562678
xbest 15.07852 495.1809 0.9149888 18.66797 286.4959 36.68240 24.43991  5.113170 5.451020 1.561193
xbest 15.08651 495.3979 0.9047810 18.58080 286.4959 36.68973 24.39071  5.125548 5.522285 1.571711
xbest 15.09588 495.4192 0.9039902 18.66007 286.4958 36.69530 24.39576  5.123319 5.459031 1.571333
xbest 15.09588 495.3996 0.9039902 18.66007 286.4958 36.69530 24.39576  5.123319 5.459031 1.571333

$time
elapsed elapsed elapsed elapsed elapsed elapsed elapsed elapsed elapsed elapsed elapsed elapsed elapsed elapsed elapsed elapsed elapsed elapsed elapsed elapsed elapsed elapsed elapsed elapsed elapsed elapsed elapsed elapsed elapsed elapsed 
   2.01    5.48    7.93   11.86   19.04   22.21   25.40   41.81   44.04   50.40   77.17  176.78  178.73  203.95  231.42  260.17  266.29  275.51  287.06  290.14  296.37  299.51  302.68  309.50  314.48  393.65  402.07  405.17  411.34  420.53 
elapsed elapsed elapsed elapsed elapsed elapsed elapsed elapsed elapsed elapsed elapsed elapsed elapsed elapsed elapsed elapsed elapsed 
 429.20  921.20  922.95  982.45  984.64 1073.56 1090.87 1115.17 1121.11 1124.00 1133.67 1136.84 1140.03 1142.57 1151.59 1158.54 1160.39 

$neval
 [1]   106   260   365   508   792   933  1075  1773  1870  2143  3351  7730  7815  8899 10049 11212 11484 11890 12367 12506 12779 12919 13062 13333 13553 16971 17313 17451 17728 18137 18491 39916 39994 42580 42677 46481 47234 48262 48532
[40] 48670 49080 49219 49358 49442 49860 50137 50138

$fbest
[1] 661.3958

$xbest
 [1]  15.0958815 495.3996358   0.9039902  18.6600691 286.4957557  36.6952968  24.3957630   5.1233192   5.4590311   1.5713334

$numeval
[1] 50138

$end_crit
[1] 1

$cpu_time
elapsed 
1160.39 

$Refset
$Refset$x
           [,1]        [,2]        [,3]     [,4]       [,5]      [,6]       [,7]       [,8]      [,9]    [,10]
 [1,]  15.08651 495.3979408   0.9047810 18.58080 286.495908  36.68973 24.3907127   5.125548  5.522285 1.571711
 [2,]  15.07852   0.9149888 286.4959088 24.43991   5.451020  15.07852  0.9149888 286.495909 24.439905 5.451020
 [3,] 495.18093  18.6679688  36.6823955  5.11317   1.561193 495.18093 18.6679688  36.682396  5.113170 1.561193
 [4,]  15.09588 495.4191671   0.9039902 18.66007 286.495756  36.69530 24.3957630   5.123319  5.459031 1.571333
 [5,]  15.10062 495.4167976   0.9045270 18.71208 286.497079  36.69019 24.3924888   5.120053  5.411335 1.567876
 [6,]  15.10647 495.2253775   0.9102552 18.83336 286.495188  36.68665 24.4011684   5.120543  5.294778 1.557138
 [7,]  15.10124 495.4424803   0.9079847 18.82053 286.495226  36.68279 24.4008836   5.115213  5.326910 1.562682
 [8,]  15.11828 495.5911841   0.9133845 18.92590 286.495225  36.68392 24.3990490   5.114123  5.228227 1.564254
 [9,]  15.11069 495.3725396   0.9097567 18.71550 286.494800  36.68877 24.3940611   5.118686  5.388888 1.564362
[10,]  15.63134 489.8869719   0.8792504 18.08700 286.393194  37.29833 24.3809062   5.265331  5.775814 1.882428
[11,]  14.84000 495.3995357   0.8941681 18.50173 286.544057  36.80143 24.4141450   5.121635  5.803490 1.532911
[12,]  18.66175 496.2396442   0.9171014 18.02276 286.517620  36.78130 24.4400996   4.968619  4.332928 1.615290

$Refset$f
 [1] 662.2483 662.5990 662.5990 661.8333 662.7622 664.7396 665.9340 666.0851 663.4167 753.4583 701.2951 932.8611

$Refset$fpen
 [1] 662.2483 662.5990 662.5990 661.8333 662.7622 664.7396 665.9340 666.0851 663.4167 753.4583 701.2951 932.8611

$Refset$const
          [,1]      [,2]      [,3]      [,4]     [,5]
 [1,] 13.05852 30.477715 17.419197  1.532345 2.645570
 [2,] 13.21695 17.332031  2.649893 30.548980 1.532191
 [3,] 30.54898  1.532191 13.216949 17.332031 2.649893
 [4,] 13.20104 30.540969 17.339931  1.532358 2.645624
 [5,] 13.30075 30.588665 17.287916  1.532213 2.646105
 [6,] 13.53858 30.705222 17.166639  1.532389 2.646312
 [7,] 13.49362 30.673090 17.179472  1.532378 2.646508
 [8,] 13.69768 30.771773 17.074097  1.532386 2.646301
 [9,] 13.32661 30.611112 17.284502  1.532455 2.645494
[10,] 12.31119 30.224186 17.913000  1.544475 2.578253
[11,] 12.69823 30.196510 17.498275  1.527216 2.658883
[12,] 13.68983 31.667072 17.977237  1.529999 2.652437

$Refset$penalty
 [1] 0 0 0 0 0 0 0 0 0 0 0 0


