$f
 [1] 1379.1545 1064.0625  835.8108  782.1493  707.6076  690.7083  650.0417  635.9809  603.3299  577.6441  575.2205  561.1372  559.6198  540.9826  538.8351  536.4896  532.9253  519.0260  518.1441  516.7674  515.2118  514.2934  512.0156
[24]  511.9809  511.3576  510.1910  510.0295  509.8924  509.1684  509.0312  508.8194  508.5764  508.4080  508.3507  508.1858  508.1858

$x
          [,1]     [,2]      [,3]     [,4]     [,5]     [,6]     [,7]     [,8]     [,9]    [,10]
xbest 27.28471 102.1851 0.4610203 24.57073 286.4129 47.27699 25.92778 4.278668 3.030788 2.119223
xbest 12.23667 472.2204 0.6730256 15.13378 285.8608 41.24400 33.34141 4.960596 7.420840 2.253002
xbest 12.23667 497.8106 0.6981814 15.13378 285.8608 40.44400 33.34141 4.960596 7.534816 2.328087
xbest 14.68615 226.4984 0.3544808 29.58770 286.1242 47.91381 34.42153 4.544335 2.702464 2.045373
xbest 19.74083 334.6646 0.7239966 22.82741 286.2056 36.48882 33.21015 3.224775 3.731634 1.853955
xbest 19.74083 334.6646 0.7155591 22.82741 286.2244 36.48882 33.21015 3.256025 3.781634 1.901455
xbest 13.88765 485.7919 0.5736651 18.67184 286.1796 41.69849 32.79725 6.780068 2.284278 1.691101
xbest 14.27682 486.6217 0.5358911 19.40768 286.1824 42.73211 32.34771 6.663840 2.345668 1.725299
xbest 13.90666 486.3385 0.5738626 18.97743 286.1802 42.33066 32.56700 6.726595 2.290806 1.699252
xbest 13.90666 486.3385 0.5738626 19.00087 286.1802 42.33066 32.52637 6.726595 2.295559 1.734877
xbest 14.89360 387.2084 0.3465344 22.24440 286.3116 41.39128 32.68081 6.132504 3.139341 2.286178
xbest 14.89360 387.2084 0.3465344 21.86940 286.3113 41.38503 32.69097 6.132504 3.175278 2.286178
xbest 15.22220 396.0187 0.4764163 22.09067 286.2753 42.26427 32.66813 6.153458 2.320470 2.394644
xbest 15.12570 398.8508 0.4745085 22.26286 286.2740 42.25649 32.61876 6.150170 2.349958 2.383475
xbest 15.12570 398.8508 0.4970085 22.26286 286.2740 42.25649 32.61876 6.150170 2.362458 2.383475
xbest 14.90963 412.7226 0.4862930 22.08833 286.2519 42.24765 32.52980 6.152398 2.472662 2.398396
xbest 14.90963 412.9569 0.4862930 22.08833 286.2496 42.24765 32.36730 6.152398 2.471039 2.398396
xbest 14.81106 417.6231 0.5250508 21.54284 286.2451 42.23998 32.38300 6.153721 2.674815 2.395940
xbest 14.81178 416.2109 0.6519783 21.95203 286.2460 42.23975 32.38683 6.153412 2.626886 2.395604
xbest 14.81178 416.2109 0.6744783 21.95056 286.2460 42.23975 32.38683 6.153412 2.639386 2.395604
xbest 14.55592 411.0240 0.5959227 22.21258 286.2473 42.24284 32.37907 6.153450 2.638640 2.391730
xbest 14.55592 411.0240 0.5509227 22.21258 286.2473 42.24284 32.37907 6.153450 2.638640 2.391730
xbest 14.56379 411.9078 0.6084160 22.26230 286.2475 42.24565 32.37505 6.153367 2.644970 2.392440
xbest 14.51343 412.2910 0.5584387 22.21941 286.2475 42.24294 32.37554 6.153543 2.625784 2.392620
xbest 14.50259 412.1529 0.5658656 22.25885 286.2475 42.24840 32.37443 6.153533 2.618399 2.392317
xbest 14.47434 412.0937 0.6018582 22.32076 286.2475 42.24456 32.38425 6.153072 2.623222 2.392505
xbest 14.47434 412.0937 0.6018582 22.32076 286.2475 42.24456 32.38425 6.153072 2.623222 2.391763
xbest 14.51111 412.9536 0.5744632 22.03244 286.2442 42.24825 32.35431 6.154432 2.780091 2.391167
xbest 14.46494 412.4728 0.5977898 22.23705 286.2350 42.24075 32.38728 6.154759 2.685937 2.398167
xbest 14.47943 412.3367 0.5912769 22.19892 286.2355 42.24138 32.38343 6.154774 2.695109 2.396579
xbest 14.46914 411.6642 0.5942874 22.20678 286.2335 42.23868 32.38674 6.155419 2.718634 2.396640
xbest 14.47011 411.5498 0.5925700 22.20717 286.2332 42.23832 32.38646 6.155448 2.718758 2.397747
xbest 14.47196 411.4073 0.5924023 22.21048 286.2331 42.23873 32.38692 6.155527 2.719034 2.397832
xbest 14.47530 411.5030 0.5930962 22.20052 286.2331 42.23862 32.38785 6.155717 2.720652 2.392064
xbest 14.46969 411.5392 0.5930912 22.19461 286.2331 42.23879 32.38884 6.155747 2.727622 2.390106
xbest 14.46969 411.5392 0.5930912 22.19461 286.2331 42.23879 32.38884 6.155747 2.727622 2.390106

$time
elapsed elapsed elapsed elapsed elapsed elapsed elapsed elapsed elapsed elapsed elapsed elapsed elapsed elapsed elapsed elapsed elapsed elapsed elapsed elapsed elapsed elapsed elapsed elapsed elapsed elapsed elapsed elapsed elapsed elapsed 
   2.08    8.24   11.00   15.16   27.83   47.06   49.99   61.70   65.31   79.24  167.34  169.70  183.03  186.13  203.94  237.83  240.20  291.50  334.41  336.45  378.02  380.02  383.33  402.11  405.44  408.72  418.78  441.22  529.95  589.61 
elapsed elapsed elapsed elapsed elapsed elapsed 
 755.25  775.86  838.67 1156.70 1177.09 1194.00 

$neval
 [1]   106   259   379   527  1082  1868  2002  2540  2673  3307  7112  7216  7761  7899  8650 10134 10236 12543 14106 14190 15821 15895 16031 16710 16847 16983 17329 18271 21627 24132 31291 32164 34956 48680 49581 50194

$fbest
[1] 508.1858

$xbest
 [1]  14.4696916 411.5391886   0.5930912  22.1946059 286.2331213  42.2387880  32.3888351   6.1557473   2.7276221   2.3901062

$numeval
[1] 50194

$end_crit
[1] 1

$cpu_time
elapsed 
   1194 

$Refset
$Refset$x
           [,1]        [,2]        [,3]      [,4]       [,5]      [,6]       [,7]       [,8]      [,9]    [,10]
 [1,]  14.46969 411.5391886   0.5930912 22.194606 286.233121  42.23879 32.3888351   6.155747  2.727622 2.390106
 [2,] 411.50300  22.2005241  42.2386159  6.155717   2.392064 411.50300 22.2005241  42.238616  6.155717 2.392064
 [3,]  14.47530   0.5930962 286.2331081 32.387855   2.720652  14.47530  0.5930962 286.233108 32.387855 2.720652
 [4,]  14.47725 411.4233576   0.5930196 22.208775 286.232889  42.23828 32.3890494   6.155565  2.716605 2.396546
 [5,]  14.47409 411.3777982   0.5926655 22.206267 286.232483  42.23841 32.3947136   6.155768  2.718987 2.390326
 [6,]  14.47117 411.3055330   0.5931001 22.210485 286.233178  42.23913 32.3834556   6.155907  2.722034 2.397242
 [7,]  14.47253 411.4460043   0.5930022 22.209966 286.233069  42.23788 32.3864472   6.155560  2.718232 2.397272
 [8,]  14.47175 411.3910355   0.5929557 22.205735 286.233256  42.23797 32.3862297   6.155871  2.722424 2.395347
 [9,]  14.47135 411.3107961   0.5931101 22.210354 286.233132  42.23894 32.3853427   6.155861  2.721947 2.397474
[10,]  14.51120 411.3653658   0.6073776 22.211003 286.232304  42.23739 32.3884994   6.155737  2.712137 2.398613
[11,]  14.47418 411.3973201   0.5938320 22.209682 286.232984  42.23838 32.3855569   6.155633  2.718408 2.395868
[12,]  14.47380 411.4931794   0.5932464 22.208499 286.233396  42.23871 32.3851027   6.155806  2.715261 2.396831

$Refset$f
 [1] 508.1858 508.3507 508.3507 508.3507 508.3524 508.4080 508.4080 508.4080 508.4080 508.5174 508.6493 508.7413

$Refset$fpen
 [1] 508.1858 508.3507 508.3507 508.3507 508.3524 508.4080 508.4080 508.4080 508.4080 508.5174 508.6493 508.7413

$Refset$const
          [,1]      [,2]      [,3]      [,4]     [,5]
 [1,] 19.46698 33.272378 13.805394  1.550474 2.873540
 [2,] 33.27935  1.550479 19.479873 13.799476 2.873466
 [3,] 19.47987 13.799476  2.873466 33.279348 1.550479
 [4,] 19.49217 33.283395 13.791225  1.550501 2.873505
 [5,] 19.48728 33.281013 13.793733  1.550532 2.873810
 [6,] 19.48845 33.277966 13.789515  1.550486 2.873105
 [7,] 19.49173 33.281768 13.790034  1.550486 2.873384
 [8,] 19.48331 33.277576 13.794265  1.550464 2.873428
 [9,] 19.48841 33.278053 13.789646  1.550485 2.873252
[10,] 19.49887 33.287863 13.788997  1.550573 2.873307
[11,] 19.49127 33.281592 13.790318  1.550501 2.873251
[12,] 19.49324 33.284739 13.791501  1.550453 2.873341

$Refset$penalty
 [1] 0 0 0 0 0 0 0 0 0 0 0 0


