$f
 [1] 2533.0833 1297.3368 1155.3420 1149.6181 1144.2066 1100.1840 1069.8403 1043.3715  916.1111  687.1667  646.2431  643.9688  616.1250  592.7587  592.7587

$x
           [,1]     [,2]      [,3]     [,4]     [,5]     [,6]     [,7]     [,8]     [,9]    [,10]
xbest  9.348091 353.0367 0.5050893 15.55620 285.6751 36.57899 32.75274 8.774024 3.329996 2.689713
xbest  9.666635 182.5259 0.5256026 20.11290 285.5527 44.09396 24.00000 5.991469 8.191433 5.000000
xbest  9.666635 182.5259 0.5256026 20.11290 285.4777 44.09396 24.00000 5.991469 8.178933 4.976250
xbest  9.666635 182.5259 0.5256026 20.11290 285.4651 44.09396 24.00000 5.991469 8.177244 4.968454
xbest  9.675010 182.4409 0.5229848 20.07732 285.4650 44.05992 24.00000 5.996906 8.176834 4.930274
xbest 11.168268 169.0157 0.5174625 17.93574 285.4663 43.95784 24.58439 7.060177 8.922150 3.939117
xbest  9.724682 185.1319 0.4772147 18.89704 285.4790 45.49741 25.33669 6.360749 8.271319 4.746224
xbest  9.724682 185.1319 0.4322147 18.89411 285.4790 45.29741 25.33669 6.360749 8.271319 4.752161
xbest  7.118315 144.7288 0.5019620 18.96502 285.5201 43.05815 26.76794 8.569554 8.729336 1.695670
xbest  7.118315 144.7288 0.5568057 18.91815 285.5014 43.05926 26.93044 8.644554 8.610586 1.645202
xbest  7.878946 148.8552 0.5310817 19.00785 285.5317 42.78609 26.88756 8.532814 8.866223 2.297925
xbest  7.851602 148.8552 0.5085817 19.00785 285.5317 42.78609 26.88756 8.532814 8.878723 2.297925
xbest  6.249008 158.3285 0.4692105 19.54324 284.4708 45.38852 30.25033 6.824900 7.535012 2.663462
xbest  6.249008 158.3285 0.4463589 19.54324 284.4708 45.38227 30.26049 6.824900 7.525637 2.663462
xbest  6.249008 158.3285 0.4463589 19.54324 284.4708 45.38227 30.26049 6.824900 7.525637 2.663462

$time
elapsed elapsed elapsed elapsed elapsed elapsed elapsed elapsed elapsed elapsed elapsed elapsed elapsed elapsed elapsed 
   3.08    6.67    8.78   15.55   26.11   30.09   42.72   44.80   99.31  103.45  199.33  201.31  920.42  922.84 1227.44 

$neval
 [1]   106   262   350   644  1067  1206  1747  1836  4108  4254  8293  8377 37886 37989 50126

$fbest
[1] 592.7587

$xbest
 [1]   6.2490076 158.3285173   0.4463589  19.5432352 284.4707534  45.3822726  30.2604900   6.8249000   7.5256371   2.6634618

$numeval
[1] 50126

$end_crit
[1] 1

$cpu_time
elapsed 
1227.44 

$Refset
$Refset$x
          [,1]     [,2]      [,3]     [,4]     [,5]     [,6]     [,7]     [,8]     [,9]    [,10]
 [1,] 7.281408 157.3464 0.4712699 20.39945 284.5266 47.99682 24.73954 6.802210 7.491081 2.987451
 [2,] 7.284520 157.1925 0.4708457 20.44007 284.5303 47.98934 24.73864 6.801682 7.470950 2.985429
 [3,] 7.282814 157.2768 0.4712022 20.40322 284.5280 47.98456 24.74198 6.802503 7.487957 2.984015
 [4,] 7.273540 157.3706 0.4700555 20.40307 284.5256 47.99175 24.72629 6.801234 7.488042 2.991226
 [5,] 7.274357 157.3370 0.4707036 20.39722 284.5258 47.99085 24.72961 6.801111 7.493912 2.991159
 [6,] 7.273839 157.3567 0.4705755 20.39927 284.5262 47.99362 24.73066 6.801595 7.491460 2.989618
 [7,] 7.282181 157.3010 0.4709266 20.40032 284.5268 47.99476 24.74001 6.802012 7.490445 2.986677
 [8,] 7.282224 157.3101 0.4710407 20.39916 284.5275 47.99611 24.73980 6.801911 7.492909 2.987087
 [9,] 7.283501 157.2509 0.4709169 20.40545 284.5279 47.98651 24.74111 6.802358 7.486885 2.985145
[10,] 7.282314 157.3443 0.4709168 20.40191 284.5273 47.99579 24.73944 6.801988 7.490381 2.987333
[11,] 7.290399 157.3271 0.4703808 20.40332 284.5282 47.99142 24.73706 6.800676 7.482666 2.990245
[12,] 7.281954 157.3447 0.4722367 20.39627 284.5273 47.99794 24.73877 6.802237 7.492696 2.987462

$Refset$f
 [1] 704.7135 705.1823 705.3420 705.4601 705.4601 704.6250 704.7014 705.0313 705.3420 705.0208 704.8594 704.8455

$Refset$fpen
 [1] 704.7135 705.1823 705.3420 705.4601 705.4601 704.6250 704.7014 705.0313 705.3420 705.0208 704.8594 704.8455

$Refset$const
          [,1]     [,2]     [,3]     [,4]     [,5]
 [1,] 12.90837 28.50892 15.60055 1.664900 1.910610
 [2,] 12.96912 28.52905 15.55993 1.664739 1.911051
 [3,] 12.91526 28.51204 15.59678 1.664935 1.911074
 [4,] 12.91503 28.51196 15.59693 1.664825 1.910101
 [5,] 12.90331 28.50609 15.60278 1.664858 1.910271
 [6,] 12.90781 28.50854 15.60073 1.664832 1.910292
 [7,] 12.90988 28.50956 15.59968 1.664910 1.910685
 [8,] 12.90626 28.50709 15.60084 1.664860 1.910712
 [9,] 12.91857 28.51311 15.59455 1.664914 1.910998
[10,] 12.91153 28.50962 15.59809 1.664869 1.910686
[11,] 12.92065 28.51733 15.59668 1.664820 1.910760
[12,] 12.90357 28.50730 15.60373 1.664845 1.910619

$Refset$penalty
 [1] 0 0 0 0 0 0 0 0 0 0 0 0


