$f
 [1] 2619.3351 1462.1771 1382.4774 1370.1319 1282.9306 1251.2014 1249.0729 1209.9392 1153.0677 1040.8455  983.0538  976.1684  969.7326  964.2517  951.7344  950.2240  928.4271  928.1649  927.1389  926.4618  925.6597  920.4427  874.2170
[24]  838.5729  828.0573  822.0885  819.3073  817.3351  816.8472  814.3889  813.9913  810.4774  810.0434  809.6215  809.1406  808.0486  807.1892  806.5017  805.8542  805.7951  805.7674  805.5156  804.6406  804.5417  803.8715  803.5417
[47]  803.2517  803.2257  803.1753  803.1753

$x
          [,1]     [,2]      [,3]     [,4]     [,5]     [,6]     [,7]     [,8]     [,9]    [,10]
xbest 12.48829 224.9055 0.5787082 25.02737 285.7439 38.79032 28.13120 4.029445 6.532349 4.204858
xbest 32.92380 100.0000 0.6140101 21.03464 286.4054 37.45145 26.81572 2.760839 4.026710 4.135494
xbest 32.48202 100.0977 0.4452601 20.88230 286.4148 37.45145 26.81572 2.760839 3.939210 4.182994
xbest 33.14723 100.0862 0.3396533 20.67492 286.4176 37.45145 26.81572 2.760839 4.000063 4.167290
xbest 11.99769 224.2661 0.6533885 27.17046 284.9989 33.46348 29.49839 4.618129 5.341684 3.192067
xbest 31.75677 110.0012 0.6796704 21.73086 286.5557 37.68532 24.00000 2.293149 3.988993 3.191678
xbest 32.01052 117.7221 0.9204997 22.00820 286.6103 37.76059 24.13732 2.123357 3.984945 2.442597
xbest 12.88281 237.8357 0.3314216 24.30384 285.2164 39.44843 30.59072 4.766631 4.851356 2.540889
xbest 12.56860 237.0344 0.3395656 24.13775 285.2239 39.50031 30.59175 4.753396 4.803094 2.160429
xbest 12.72824 247.2734 0.1013567 23.68944 285.0963 33.98376 30.42451 4.932058 4.630038 1.597919
xbest 12.72824 247.3909 0.1000000 23.50157 285.1016 34.13418 30.42451 4.932058 4.379826 1.597919
xbest 11.58547 244.2722 0.1586612 24.94767 285.2105 34.46856 30.26609 4.823350 4.513127 1.208230
xbest 11.56043 244.3302 0.1606142 24.99638 285.2108 34.43293 30.06616 4.820612 4.504505 1.200000
xbest 11.57938 244.5056 0.1608275 24.99040 285.2109 34.41446 30.04086 4.820944 4.498818 1.200000
xbest 11.72504 242.7808 0.1596324 24.91244 285.2106 34.23312 30.37004 4.820346 4.506714 1.200000
xbest 11.66295 242.1315 0.1609541 24.86195 285.2112 34.23573 30.39219 4.814227 4.491085 1.200000
xbest 11.66295 242.1315 0.1609541 24.86195 285.2113 34.33573 30.31094 4.814227 4.491085 1.200000
xbest 11.54933 246.7028 0.1592882 24.60175 285.2153 34.70115 30.34667 4.806856 4.547128 1.297015
xbest 11.54933 246.7028 0.1592882 24.60175 285.2153 34.70115 30.38730 4.806856 4.547128 1.297015
xbest 24.95330 234.2384 0.1159727 21.04222 286.6556 37.82099 24.34016 2.664046 4.570301 2.413370
xbest 24.56243 238.7018 0.1215545 21.05487 286.6500 37.82265 24.30488 2.630681 4.560726 2.350523
xbest 21.06322 267.8141 0.1492379 21.10356 286.5675 37.19194 24.67465 4.856389 4.719231 2.190446
xbest 20.05224 279.5476 0.1662720 21.11093 286.5295 36.73837 24.79901 5.450638 4.821492 2.103661
xbest 20.05224 279.5476 0.1437720 21.11093 286.5295 36.73837 24.47401 5.472513 4.783992 2.246161
xbest 23.71302 231.2046 0.1000000 21.83060 286.6559 37.65836 24.33827 5.169786 4.555434 2.300748
xbest 23.72670 231.2046 0.1003516 21.83060 286.6594 37.65836 24.37890 5.169786 4.555434 2.300748
xbest 23.82049 257.0677 0.1167550 20.37647 286.6331 37.61471 24.40473 5.197845 4.564129 2.299432
xbest 23.80477 256.9313 0.1166952 20.36532 286.6329 37.59200 24.40475 5.199409 4.576601 2.299408
xbest 23.80172 256.9812 0.1165449 20.34547 286.6326 37.59364 24.40616 5.200297 4.578136 2.299437
xbest 23.80172 256.9812 0.1165449 20.34621 286.6326 37.59364 24.44679 5.200297 4.578136 2.299437
xbest 23.49741 238.0963 0.1265018 21.43632 286.6195 37.93750 24.46346 5.194443 4.519039 2.284523
xbest 23.49741 238.0963 0.1265018 21.43632 286.6007 37.93750 24.46346 5.194443 4.506539 2.284523
xbest 22.76520 258.7535 0.1182397 20.81804 286.6168 37.51856 24.50127 5.173609 4.620291 2.302459
xbest 22.76520 258.7535 0.1182397 20.81804 286.6168 37.51856 24.50127 5.173609 4.617166 2.302459
xbest 22.76298 258.6154 0.1182780 20.81804 286.6167 37.53167 24.50147 5.174215 4.620212 2.302479
xbest 23.17105 253.8532 0.1181646 20.76964 286.6164 37.53709 24.49715 5.176351 4.661416 2.303498
xbest 23.17105 253.8141 0.1181646 20.76964 286.6164 37.53709 24.49715 5.176351 4.664541 2.303498
xbest 23.65261 234.3005 0.1144834 21.25484 286.6192 38.20187 24.51532 5.213003 4.391044 2.168400
xbest 23.65261 234.3005 0.1144834 21.25484 286.6192 38.20187 24.51532 5.213003 4.394169 2.171369
xbest 23.98822 241.1653 0.1244951 21.07969 286.6190 37.93344 24.46816 5.199182 4.389936 2.217096
xbest 24.05822 240.6177 0.1239130 21.02059 286.6187 37.93221 24.46918 5.198996 4.390531 2.211579
xbest 24.07791 240.3529 0.1239346 21.02218 286.6186 37.93250 24.46948 5.198956 4.390465 2.212820
xbest 23.98080 241.1447 0.1242762 21.05412 286.6187 37.93352 24.46887 5.199211 4.390313 2.215781
xbest 23.97877 240.4896 0.1242067 21.05861 286.6190 37.93044 24.47124 5.198872 4.428399 2.222771
xbest 23.98056 240.6398 0.1240747 21.08792 286.6190 37.93334 24.46978 5.199160 4.393512 2.216091
xbest 24.00125 241.0269 0.1236604 21.03269 286.6184 37.93328 24.46306 5.199148 4.407417 2.215993
xbest 23.98055 241.1103 0.1241781 21.07752 286.6189 37.93477 24.46740 5.199278 4.379415 2.210542
xbest 24.00755 241.5456 0.1238161 21.01767 286.6187 37.93322 24.46589 5.199209 4.394562 2.216821
xbest 24.00044 241.4402 0.1239432 21.01101 286.6193 37.93168 24.47465 5.199399 4.404657 2.212745
xbest 24.00044 241.4402 0.1239432 21.01101 286.6193 37.93168 24.47465 5.199399 4.404657 2.212745

$time
elapsed elapsed elapsed elapsed elapsed elapsed elapsed elapsed elapsed elapsed elapsed elapsed elapsed elapsed elapsed elapsed elapsed elapsed elapsed elapsed elapsed elapsed elapsed elapsed elapsed elapsed elapsed elapsed elapsed elapsed 
   2.16    5.26    8.25   11.44   14.48   18.20   22.76   27.03   30.44   33.42   46.72   59.64   65.83   72.16   99.08  108.56  113.37  197.83  199.36  418.67  442.17  448.00  450.92  453.44  508.50  510.42  522.05  536.86  540.39  542.05 
elapsed elapsed elapsed elapsed elapsed elapsed elapsed elapsed elapsed elapsed elapsed elapsed elapsed elapsed elapsed elapsed elapsed elapsed elapsed elapsed 
 574.26  576.01  657.53  659.03  691.59  725.87  728.12  836.12  837.76  843.91  857.45  862.75  870.11  877.98  881.33  889.61  905.64  914.91 1082.97 1108.17 

$neval
 [1]   106   251   389   537   678   817   956  1095  1239  1378  1941  2496  2773  3052  4210  4615  4834  8781  8854 18748 19770 20043 20179 20295 22750 22844 23397 24089 24225 24304 25769 25853 29796 29870 31342 32898 32976 37719 37798
[40] 38076 38764 39033 39370 39779 39914 40320 41069 41478 49092 50112

$fbest
[1] 803.1753

$xbest
 [1]  24.0004380 241.4402260   0.1239432  21.0110097 286.6193331  37.9316846  24.4746536   5.1993994   4.4046567   2.2127454

$numeval
[1] 50112

$end_crit
[1] 1

$cpu_time
elapsed 
1108.17 

$Refset
$Refset$x
           [,1]        [,2]        [,3]      [,4]       [,5]      [,6]       [,7]       [,8]      [,9]    [,10]
 [1,]  24.00044   0.1239432 286.6193331 24.474654   4.404657  24.00044  0.1239432 286.619333 24.474654 4.404657
 [2,] 241.44023  21.0110097  37.9316846  5.199399   2.212745 241.44023 21.0110097  37.931685  5.199399 2.212745
 [3,]  24.00044 241.4402260   0.1239432 21.011010 286.619333  37.93168 24.4746536   5.199399  4.404657 2.212745
 [4,]  24.00292 241.3026137   0.1239488 21.017675 286.618780  37.93115 24.4770293   5.199183  4.407339 2.216026
 [5,]  23.99787 241.3508584   0.1240031 21.025395 286.618795  37.93072 24.4729087   5.199071  4.402922 2.217062
 [6,]  24.00355 241.2956356   0.1240119 21.016225 286.618757  37.93149 24.4730102   5.199224  4.407776 2.215731
 [7,]  24.00278 241.3022120   0.1239507 21.017611 286.618786  37.93122 24.4752371   5.199185  4.407391 2.216021
 [8,]  24.00283 241.3225804   0.1239412 21.015905 286.619127  37.93014 24.4760975   5.199213  4.407294 2.215784
 [9,]  24.00339 241.4812560   0.1239153 21.013982 286.618842  37.98714 24.4780825   5.198441  4.404974 2.213188
[10,]  24.00232 240.4783803   0.1239132 21.042763 286.619268  37.93153 24.4757786   5.199148  4.419373 2.209350
[11,]  23.39397 241.1130565   0.1261316 21.015857 286.618525  38.13686 24.4699927   5.210704  4.409045 2.215422
[12,]  23.70654 241.8335170   0.1253410 20.844065 286.623147  38.36474 24.6218256   5.312069  4.139565 2.112410

$Refset$f
 [1] 803.1753 803.1753 803.1753 803.2257 803.2257 803.2257 803.2257 803.2257 804.5885 804.1545 810.7431 812.5625

$Refset$fpen
 [1] 803.1753 803.1753 803.1753 803.2257 803.2257 803.2257 803.2257 803.2257 804.5885 804.1545 810.7431 812.5625

$Refset$const
          [,1]      [,2]      [,3]      [,4]     [,5]
 [1,] 16.60635 14.988990  2.633525 31.595343 1.521025
 [2,] 31.59534  1.521025 16.606353 14.988990 2.633525
 [3,] 16.60635 31.595343 14.988990  1.521025 2.633525
 [4,] 16.61034 31.592661 14.982325  1.521077 2.633528
 [5,] 16.62247 31.597078 14.974605  1.521086 2.633240
 [6,] 16.60845 31.592224 14.983775  1.521091 2.633196
 [7,] 16.61022 31.592609 14.982389  1.521081 2.633390
 [8,] 16.60861 31.592706 14.984095  1.521040 2.633634
 [9,] 16.60901 31.595026 14.986018  1.521170 2.630881
[10,] 16.62339 31.580627 14.957237  1.521029 2.633594
[11,] 16.60681 31.590955 14.984143  1.521498 2.622863
[12,] 16.70450 31.860435 15.155935  1.520987 2.624990

$Refset$penalty
 [1] 0 0 0 0 0 0 0 0 0 0 0 0


