$f
 [1] 1667.4878 1321.1476  704.6545  686.6823  675.3802  672.3976  672.3021  672.0312  670.6510  644.2361  633.4132  623.9149  623.8490  621.5625  615.7882  615.1424  614.6493  614.6198  614.4444  614.2465  614.1476  614.0972  613.8698
[24]  613.8698

$x
          [,1]     [,2]      [,3]     [,4]     [,5]     [,6]     [,7]     [,8]     [,9]    [,10]
xbest 23.21765 206.3068 0.9207852 17.99380 286.5030 36.35737 26.34898 7.229280 2.141608 4.481623
xbest 17.81146 359.5896 0.9262552 15.00000 286.5446 43.97872 24.17431 7.217395 2.000000 4.400165
xbest 16.56439 308.0383 1.0000000 17.24791 286.5438 43.97872 24.00000 7.502439 3.140175 5.000000
xbest 16.34648 312.4138 0.9720221 17.54353 286.5438 43.97872 24.01904 7.504876 3.234346 5.000000
xbest 16.34648 293.0388 0.8185938 17.54353 286.5438 44.00372 24.01904 7.504876 3.232783 5.000000
xbest 16.20649 314.9196 0.9305311 17.52675 286.5436 44.00596 24.02174 7.500816 3.290274 4.994852
xbest 16.20649 314.9001 0.9305311 17.52675 286.5436 44.00596 24.02174 7.500816 3.290274 4.994852
xbest 16.19133 314.9809 0.9406121 17.54250 286.5458 44.00542 24.02903 7.501031 3.300238 4.986991
xbest 16.16654 314.9745 0.9399017 17.54247 286.5464 44.00509 24.04565 7.500997 3.299671 4.989973
xbest 16.08591 282.6697 1.0000000 19.57031 286.3065 41.90789 24.25518 7.634119 2.874290 3.632600
xbest 16.12154 283.7418 1.0000000 19.44559 286.3047 41.90641 24.25554 7.633546 2.917392 3.662800
xbest 16.12154 283.7418 1.0000000 19.44559 286.2672 41.90641 24.25554 7.633546 2.917392 3.661315
xbest 16.09550 303.1765 0.8930077 16.96736 286.5379 43.92861 24.08981 7.510578 4.037316 4.816922
xbest 16.09550 303.1765 0.9380077 16.96736 286.5379 43.92861 24.08981 7.510578 4.031066 4.816922
xbest 16.04688 296.8313 0.9437457 17.43086 286.5395 43.96727 24.03174 7.511505 4.008925 4.803464
xbest 16.04688 296.8313 0.9437457 17.43086 286.5395 43.96727 24.07237 7.511505 4.008925 4.801979
xbest 16.05781 295.9554 0.9581490 17.46113 286.5384 43.97059 24.04549 7.512138 4.008805 4.805981
xbest 16.05773 295.9069 0.9592310 17.45942 286.5383 43.97203 24.04659 7.512155 4.011591 4.806073
xbest 16.06065 295.9968 0.9572928 17.45198 286.5407 43.96882 24.05648 7.512007 4.012697 4.805239
xbest 16.06189 296.0888 0.9546074 17.44588 286.5420 43.96636 24.07797 7.511725 4.012129 4.797902
xbest 16.05649 296.1248 0.9548075 17.44263 286.5416 43.96902 24.08359 7.511757 4.020395 4.796391
xbest 16.05495 296.6262 0.9557668 17.41526 286.5417 43.96909 24.07470 7.511629 4.024799 4.798178
xbest 16.05449 295.9698 0.9581756 17.45163 286.5417 43.96868 24.07411 7.511649 4.028757 4.797053
xbest 16.05449 295.9698 0.9581756 17.45163 286.5417 43.96868 24.07411 7.511649 4.028757 4.797053

$time
elapsed elapsed elapsed elapsed elapsed elapsed elapsed elapsed elapsed elapsed elapsed elapsed elapsed elapsed elapsed elapsed elapsed elapsed elapsed elapsed elapsed elapsed elapsed elapsed 
   2.73    5.79    9.23   28.23   42.29   96.28   97.70  104.12  109.92  113.01  128.72  130.53  154.70  162.98  215.36  216.86  288.97  316.29  356.93  440.14  466.42  838.70  874.39 1102.17 

$neval
 [1]   106   258   415  1258  1912  4349  4423  4696  4967  5103  5785  5864  6961  7309  9644  9722 12964 14246 16075 19835 21002 38011 39736 50127

$fbest
[1] 613.8698

$xbest
 [1]  16.0544901 295.9697673   0.9581756  17.4516272 286.5417133  43.9686850  24.0741145   7.5116492   4.0287568   4.7970526

$numeval
[1] 50127

$end_crit
[1] 1

$cpu_time
elapsed 
1102.17 

$Refset
$Refset$x
          [,1]     [,2]      [,3]     [,4]     [,5]     [,6]     [,7]     [,8]     [,9]    [,10]
 [1,] 16.05402 296.6015 0.9570258 17.41498 286.5419 43.97097 24.07453 7.511522 4.030585 4.800936
 [2,] 16.05163 296.6898 0.9562869 17.41369 286.5418 43.97199 24.07453 7.511426 4.031007 4.806310
 [3,] 16.05677 296.5181 0.9581263 17.41951 286.5416 43.96933 24.07379 7.511581 4.025600 4.800478
 [4,] 16.05402 296.6016 0.9570267 17.41498 286.5419 43.97091 24.07453 7.511522 4.030590 4.800956
 [5,] 16.04451 296.9337 0.9577709 17.41767 286.5418 43.97014 24.07518 7.511426 4.032397 4.799400
 [6,] 16.05689 296.0864 0.9582279 17.42087 286.5436 43.97257 24.07433 7.511628 4.049975 4.800740
 [7,] 16.08935 295.0863 0.9573923 17.41634 286.5418 43.97040 24.07449 7.511456 4.031435 4.800399
 [8,] 16.72684 295.1986 0.8468568 18.32237 286.6055 41.26873 24.05511 7.350301 4.249286 4.537673
 [9,] 13.56302 281.6031 0.9542451 17.61918 286.5776 45.56642 24.02915 9.589425 5.996189 4.742352
[10,] 16.90894 294.9897 0.8515521 18.39802 286.5923 41.27206 24.05455 7.350020 4.226185 4.564088
[11,] 14.02085 327.6935 0.9960691 16.75093 286.6613 48.00000 24.01750 9.142517 3.284215 4.789059
[12,] 16.04036 296.6813 0.9572820 17.41837 286.5437 43.96438 24.12035 7.509502 4.132694 4.809422

$Refset$f
 [1] 614.0972 614.0972 614.0972 614.0972 614.1267 614.3021 613.9948 636.9132 648.8733 640.5590 742.0104 669.0434

$Refset$fpen
 [1] 614.0972 614.0972 614.0972 614.0972 614.1267 614.3021 613.9948 636.9132 648.8733 640.5590 742.0104 669.0434

$Refset$const
          [,1]     [,2]     [,3]     [,4]     [,5]
 [1,] 13.38439 31.96941 18.58502 1.535111 2.347131
 [2,] 13.38269 31.96899 18.58631 1.535124 2.347055
 [3,] 13.39391 31.97440 18.58049 1.535144 2.347026
 [4,] 13.38439 31.96941 18.58502 1.535111 2.347133
 [5,] 13.38527 31.96760 18.58233 1.535127 2.347136
 [6,] 13.37089 31.95003 18.57913 1.534965 2.347584
 [7,] 13.38490 31.96856 18.58366 1.535122 2.347108
 [8,] 14.07308 31.75071 17.67763 1.527761 2.457312
 [9,] 11.62299 30.00381 18.38082 1.532266 2.309259
[10,] 14.17184 31.77382 17.60198 1.529041 2.452727
[11,] 13.46671 32.71579 19.24907 1.525361 2.271238
[12,] 13.28568 31.86731 18.58163 1.534932 2.350441

$Refset$penalty
 [1] 0 0 0 0 0 0 0 0 0 0 0 0


