$f
 [1] 1332.2118  688.2274  262.1059  239.4392  213.5642  207.1024  183.7604  175.2691  174.2691  173.3090  170.6840  169.3490  164.4601  163.9531  163.6285  160.6354  160.6354

$x
          [,1]     [,2]      [,3]     [,4]     [,5]     [,6]     [,7]     [,8]     [,9]    [,10]
xbest 11.68501 198.7661 0.7586404 28.96077 286.2806 44.65465 35.30402 4.803915 8.075591 4.993404
xbest 20.50882 402.3861 0.7250831 16.47885 285.8720 39.18667 24.65864 7.949808 2.799157 2.112053
xbest 20.23796 365.3340 0.9744620 19.68595 285.8575 39.31049 24.24833 7.915199 3.790682 2.079174
xbest 17.62069 375.0641 0.9759709 22.78365 285.7209 38.79559 25.79763 7.820465 3.686763 2.274906
xbest 16.69100 375.3111 0.9752678 22.67057 285.7256 38.84559 25.75701 7.814215 4.371645 2.274906
xbest 14.37963 378.2232 1.0000000 22.84654 285.9081 40.50871 27.66317 8.353854 4.345909 1.843924
xbest 14.37963 398.2232 1.0000000 22.47154 285.9081 40.50871 27.66317 8.353854 4.345909 1.843924
xbest 14.47642 376.2949 0.9935683 23.54010 285.9074 40.57244 27.66377 8.354522 4.260021 1.846292
xbest 14.47642 376.2949 1.0000000 23.54010 285.9077 40.57869 27.66377 8.354522 4.272521 1.846292
xbest 14.38923 374.8995 1.0000000 23.19772 285.9066 40.56436 27.60790 8.355881 4.330038 1.845794
xbest 14.43391 375.8513 0.9999986 23.41123 285.9068 40.55228 27.62561 8.355398 4.327079 1.845919
xbest 14.42387 375.8836 0.9999979 23.43185 285.9068 40.54454 27.62994 8.355522 4.326109 1.845917
xbest 14.43064 376.4311 0.9999976 23.46925 285.9068 40.54766 27.61247 8.355507 4.322069 1.845831
xbest 14.42624 376.2762 1.0000000 23.46145 285.9067 40.53406 27.61762 8.355551 4.349563 1.845493
xbest 14.42368 378.5327 0.9999934 23.43052 285.9072 40.54527 27.61667 8.355360 4.319302 1.845521
xbest 14.42368 378.3764 0.9999934 23.43052 285.9072 40.54527 27.61667 8.355360 4.322427 1.844037
xbest 14.42368 378.3764 0.9999934 23.43052 285.9072 40.54527 27.61667 8.355360 4.322427 1.844037

$time
elapsed elapsed elapsed elapsed elapsed elapsed elapsed elapsed elapsed elapsed elapsed elapsed elapsed elapsed elapsed elapsed elapsed 
   1.83    5.27   12.03   59.66   64.60  165.92  167.77  229.47  232.33  241.44  251.30  255.08  258.38  261.72  264.89  266.74 1222.66 

$neval
 [1]   106   258   519  2439  2615  6797  6875  9454  9545  9949 10354 10490 10624 10766 10901 10985 50042

$fbest
[1] 160.6354

$xbest
 [1]  14.4236830 378.3764247   0.9999934  23.4305176 285.9071587  40.5452741  27.6166700   8.3553599   4.3224266   1.8440365

$numeval
[1] 50042

$end_crit
[1] 1

$cpu_time
elapsed 
1222.66 

$Refset
$Refset$x
          [,1]     [,2]      [,3]     [,4]     [,5]     [,6]     [,7]     [,8]     [,9]    [,10]
 [1,] 13.73974 319.2606 0.4557274 26.23313 285.4457 37.23220 32.16069 7.830977 4.338586 3.266943
 [2,] 13.89291 319.2867 0.4557614 26.17298 285.4452 37.23028 32.15632 7.831162 4.334921 3.266899
 [3,] 13.89458 319.3764 0.4559381 26.17203 285.4445 37.22439 32.15535 7.831084 4.333149 3.266985
 [4,] 13.89417 319.3327 0.4560471 26.17255 285.4449 37.23052 32.15605 7.831144 4.333982 3.267014
 [5,] 13.89125 319.2933 0.4546393 26.17232 285.4448 37.23120 32.15580 7.831119 4.333418 3.266901
 [6,] 13.89430 319.3709 0.4560061 26.17217 285.4447 37.22772 32.15601 7.831115 4.333298 3.266926
 [7,] 13.90046 319.5263 0.4579348 26.17120 285.4452 37.22683 32.16074 7.830802 4.332153 3.267402
 [8,] 13.89790 319.4053 0.4578245 26.17266 285.4457 37.22892 32.15909 7.831030 4.334756 3.266637
 [9,] 13.89579 319.2991 0.4565465 26.16738 285.4466 37.26505 32.15744 7.831893 4.334574 3.266866
[10,] 13.77511 319.2938 0.4558832 26.20825 285.4457 37.23081 32.15881 7.830952 4.336383 3.266842
[11,] 13.73650 319.4036 0.4557000 26.22970 285.4460 37.24949 32.15636 7.831460 4.406821 3.266754
[12,] 14.19735 326.4990 0.4525958 26.25014 285.3566 37.22195 32.18009 7.047389 4.236824 3.215187

$Refset$f
 [1] 205.2986 205.4323 205.4323 205.4323 205.2986 205.4323 205.4340 205.4340 205.4670 205.3455 207.7934 359.9497

$Refset$fpen
 [1] 205.2986 205.4323 205.4323 205.4323 205.2986 205.4323 205.4340 205.4340 205.4670 205.3455 207.7934 359.9497

$Refset$const
          [,1]     [,2]     [,3]     [,4]     [,5]
 [1,] 21.89455 31.66141 9.766865 1.642901 2.981179
 [2,] 21.83805 31.66508 9.827024 1.642989 2.980754
 [3,] 21.83888 31.66685 9.827968 1.643078 2.981001
 [4,] 21.83857 31.66602 9.827448 1.643028 2.980636
 [5,] 21.83890 31.66658 9.827680 1.643047 2.980519
 [6,] 21.83887 31.66670 9.827832 1.643062 2.980811
 [7,] 21.83905 31.66785 9.828796 1.642970 2.981519
 [8,] 21.83791 31.66524 9.827338 1.642910 2.981285
 [9,] 21.83281 31.66543 9.832619 1.642876 2.978109
[10,] 21.87187 31.66362 9.791745 1.642912 2.981092
[11,] 21.82288 31.59318 9.770295 1.642918 2.979250
[12,] 22.01332 31.76318 9.749861 1.655773 2.961672

$Refset$penalty
 [1] 0 0 0 0 0 0 0 0 0 0 0 0


