$f
 [1] 947.7326 892.9688 830.1580 746.6962 610.5000 605.9705 527.7500 512.3993 450.4965 446.9444 445.2708 393.9427 390.8924 386.1233 385.8090 383.3611 381.7899 381.3542 381.3212 379.3125 373.8351 373.7326 372.7830 371.5139 370.4670 370.0000
[27] 369.5052 369.4184 369.3819 369.2517 369.1840 368.9497 368.9236 368.8056 368.5156 367.6719 366.6528 366.5781 366.4740 365.7517 365.7465 365.7396 365.6892 365.6562 365.6059 365.4948 365.2326 365.1962 365.1632 365.1337 365.0851 365.0382
[53] 364.0521 361.8403 361.8403

$x
           [,1]     [,2]      [,3]     [,4]     [,5]     [,6]     [,7]     [,8]     [,9]    [,10]
xbest  8.981852 204.4571 0.6870074 20.04776 284.2338 44.76949 25.04987 7.935075 8.805935 3.897221
xbest 19.032135 405.9290 0.8895016 15.00000 285.9324 33.19341 25.67484 6.567060 5.747422 4.430856
xbest 19.032135 405.9290 1.0000000 15.00000 285.9324 34.79341 24.00803 6.567060 5.747422 4.430856
xbest 21.150944 500.0000 1.0000000 15.07567 286.2985 31.60896 24.08908 6.260896 4.243831 3.981600
xbest 20.252552 270.8714 0.7451641 15.91246 286.8033 39.87838 25.25396 8.840619 6.284824 3.192481
xbest 19.668974 354.7393 0.7850074 15.79970 286.5907 37.40911 25.31352 6.921128 5.601137 3.899336
xbest 18.268383 353.1938 0.7458278 18.14520 286.4913 35.85762 25.19162 6.814028 5.600697 3.879544
xbest 19.311074 361.0708 0.7903132 16.39815 286.7180 38.51560 25.45477 7.327164 5.695589 4.476922
xbest 20.139674 359.4624 0.7874737 15.71214 286.7490 38.52766 25.48000 7.270072 5.570287 4.524966
xbest 19.724974 351.9435 0.7906463 16.42794 286.7186 38.44361 25.31157 7.267177 5.702314 4.197957
xbest 19.715377 351.1998 0.7927276 16.53153 286.7194 38.45938 25.25665 7.266490 5.674945 4.132682
xbest 19.715377 351.1998 0.8771026 16.53153 286.6444 38.45938 25.25665 7.266490 5.724945 4.061432
xbest 19.593310 346.0468 0.8959708 16.70050 286.6840 38.21514 25.36938 7.262404 5.448392 3.905134
xbest 19.601329 344.0113 0.8920487 16.84127 286.6791 38.20945 25.36187 7.262393 5.447622 3.909812
xbest 19.487095 352.1276 0.8223212 16.51900 286.6707 38.30198 25.40883 7.263935 5.442170 3.929545
xbest 19.600959 343.0930 0.9420191 16.87907 286.6809 38.17274 25.37592 7.261703 5.459463 3.908730
xbest 19.601001 342.7353 0.9449988 16.88468 286.6796 38.17866 25.37490 7.261763 5.463121 3.907345
xbest 19.538333 350.6423 0.9013080 16.58310 286.6707 38.31752 25.41021 7.263859 5.438702 3.927613
xbest 19.534915 350.6423 0.9013080 16.58310 286.6707 38.31752 25.41021 7.263859 5.438702 3.927613
xbest 19.526949 353.3770 0.9315871 16.47798 286.6704 38.35253 25.42941 7.263440 5.439958 3.934330
xbest 19.518761 356.0263 0.9397546 16.39721 286.6690 38.35677 25.42799 7.262585 5.440670 3.945503
xbest 19.538565 356.3713 0.9392286 16.48447 286.6668 38.34310 25.41416 7.262657 5.435896 3.948401
xbest 19.565228 357.1603 0.9274628 16.37084 286.6702 38.35159 25.40974 7.263262 5.399586 3.949017
xbest 19.527991 356.9101 0.9548741 16.49179 286.6705 38.34235 25.41418 7.262652 5.438199 3.957276
xbest 19.550721 352.5939 0.9005119 16.56254 286.6702 38.34977 25.40685 7.263749 5.420682 3.942124
xbest 19.524029 354.2112 0.9703366 16.49161 286.6704 38.34244 25.41334 7.263294 5.429783 3.947604
xbest 19.524029 354.2112 0.9703366 16.49161 286.6704 38.34244 25.45397 7.263294 5.429783 3.947604
xbest 19.497792 354.8466 0.9001787 16.46647 286.6707 38.34414 25.41894 7.263284 5.458941 3.954747
xbest 19.459372 354.2650 0.8946790 16.48191 286.6708 38.34343 25.42279 7.263214 5.491267 3.954609
xbest 19.456700 353.3180 0.8897996 16.48331 286.6708 38.34358 25.42376 7.263214 5.521412 3.955398
xbest 19.456700 353.2790 0.8897996 16.48331 286.6708 38.34358 25.42376 7.263214 5.524537 3.955398
xbest 19.530818 350.8025 0.9164646 16.60827 286.6703 38.35852 25.42750 7.263820 5.456153 3.941402
xbest 19.532187 350.2874 0.9167752 16.63713 286.6705 38.36160 25.42622 7.263832 5.456068 3.938564
xbest 19.517731 353.8034 0.9238786 16.50962 286.6701 38.34425 25.42227 7.263548 5.447830 3.951579
xbest 19.517731 353.8034 0.9238786 16.50962 286.6701 38.34425 25.42227 7.263548 5.450955 3.951579
xbest 19.539673 350.0675 0.9250057 16.61254 286.6707 38.34285 25.41653 7.263445 5.480135 3.954970
xbest 19.553345 350.2628 0.9812550 16.61254 286.6707 38.34285 25.41653 7.263445 5.480135 3.954970
xbest 19.613950 346.4849 0.9322070 16.76461 286.6700 38.34225 25.41742 7.263522 5.466716 3.955095
xbest 19.610532 346.4849 0.9322070 16.76461 286.6700 38.34225 25.41742 7.263522 5.466716 3.955095
xbest 19.530966 349.4793 0.9335577 16.65387 286.6707 38.34224 25.40469 7.263421 5.521213 3.952065
xbest 19.532644 349.4733 0.9343826 16.65394 286.6707 38.34225 25.40483 7.263422 5.521192 3.952006
xbest 19.538723 349.2190 0.9353774 16.66896 286.6708 38.34240 25.40512 7.263419 5.513921 3.951978
xbest 19.538389 349.2990 0.9340798 16.68800 286.6710 38.34239 25.40493 7.263392 5.499581 3.951539
xbest 19.535994 349.2771 0.9339880 16.67932 286.6709 38.34236 25.40468 7.263397 5.507329 3.951515
xbest 19.531855 348.8072 0.9344171 16.71759 286.6706 38.34225 25.40603 7.263397 5.501617 3.951902
xbest 19.531606 348.6433 0.9340178 16.72354 286.6706 38.34227 25.40596 7.263401 5.503216 3.951850
xbest 19.531483 348.5578 0.9340159 16.72690 286.6706 38.34227 25.40595 7.263403 5.503232 3.951835
xbest 19.533918 348.5736 0.9336243 16.72615 286.6706 38.34230 25.40630 7.263398 5.501926 3.951627
xbest 19.533790 348.3800 0.9265582 16.73118 286.6705 38.34220 25.40630 7.263418 5.502031 3.951497
xbest 19.533646 348.3797 0.9237553 16.73303 286.6705 38.34221 25.40626 7.263420 5.500249 3.951441
xbest 19.533832 348.3186 0.9219590 16.73387 286.6710 38.34221 25.40610 7.263446 5.501266 3.951866
xbest 19.532996 348.2696 0.9190612 16.73698 286.6709 38.34219 25.40600 7.263444 5.500565 3.951945
xbest 19.393031 348.4231 0.9203935 16.73879 286.6578 38.33781 25.39555 7.263559 5.632959 3.951591
xbest 19.393031 348.4231 0.9428935 16.74098 286.6578 38.34094 25.39555 7.263559 5.632959 3.951591
xbest 19.393031 348.4231 0.9428935 16.74098 286.6578 38.34094 25.39555 7.263559 5.632959 3.951591

$time
elapsed elapsed elapsed elapsed elapsed elapsed elapsed elapsed elapsed elapsed elapsed elapsed elapsed elapsed elapsed elapsed elapsed elapsed elapsed elapsed elapsed elapsed elapsed elapsed elapsed elapsed elapsed elapsed elapsed elapsed 
   2.09    5.78    7.84   11.36   15.51   18.68   21.78   28.20   31.64   34.62   41.48   43.70   67.53   86.45   93.00   99.61  110.26  113.45  115.22  124.50  127.89  131.75  134.89  141.18  144.58  147.83  149.34  152.31  158.36  168.50 
elapsed elapsed elapsed elapsed elapsed elapsed elapsed elapsed elapsed elapsed elapsed elapsed elapsed elapsed elapsed elapsed elapsed elapsed elapsed elapsed elapsed elapsed elapsed elapsed elapsed 
 183.62  201.14  214.67  218.20  219.93  273.61  276.53  290.11  310.56  314.72  335.23  370.23  380.37  395.04  401.39  426.51  432.90  556.04  584.33  595.00  600.98  607.22  886.12  888.20 1210.43 

$neval
 [1]   106   263   357   505   654   795   933  1212  1358  1496  1771  1871  2836  3585  3860  4133  4545  4683  4757  5166  5306  5443  5583  5857  5996  6137  6210  6347  6617  7019  7633  8307  8846  8985  9058 11254 11378 11927 12819
[40] 12953 13766 15201 15610 16228 16506 17525 17795 22976 24141 24618 24890 25167 36729 36817 50107

$fbest
[1] 361.8403

$xbest
 [1]  19.3930309 348.4230500   0.9428935  16.7409826 286.6578438  38.3409361  25.3955493   7.2635588   5.6329587   3.9515907

$numeval
[1] 50107

$end_crit
[1] 1

$cpu_time
elapsed 
1210.43 

$Refset
$Refset$x
          [,1]     [,2]      [,3]     [,4]     [,5]     [,6]     [,7]     [,8]     [,9]    [,10]
 [1,] 19.47539 348.4094 0.9287764 16.73758 286.6694 38.34053 25.40965 7.263491 5.511259 3.953824
 [2,] 19.45153 348.9998 0.9445347 16.73434 286.6720 38.34108 25.41134 7.263320 5.517578 3.947697
 [3,] 19.45807 348.6773 0.9361659 16.73411 286.6720 38.33976 25.41423 7.263341 5.513658 3.948854
 [4,] 19.49846 348.4814 0.9349101 16.73481 286.6704 38.34071 25.40965 7.263501 5.513188 3.951028
 [5,] 19.52245 348.3055 0.9275161 16.73221 286.6686 38.34078 25.40689 7.263693 5.512548 3.954948
 [6,] 19.52120 348.3112 0.9268530 16.73178 286.6690 38.33993 25.40917 7.263618 5.510624 3.953436
 [7,] 19.51899 348.3494 0.9280847 16.73325 286.6692 38.34064 25.40790 7.263523 5.511336 3.951901
 [8,] 19.52144 348.2932 0.9286853 16.73254 286.6689 38.34083 25.40825 7.263568 5.511893 3.954033
 [9,] 19.48228 348.3153 0.9285868 16.72379 286.6692 38.34026 25.40936 7.263457 5.512173 3.945807
[10,] 19.49576 347.9776 0.9814368 16.75101 286.6704 38.32558 25.41042 7.262834 5.531192 3.947937
[11,] 19.49813 348.5105 0.9313477 16.73420 286.6693 38.34034 25.40937 7.263400 5.517902 3.949123
[12,] 19.52278 347.5044 0.9284495 16.61317 286.6487 38.31485 25.40785 7.267468 5.501340 3.937729

$Refset$f
 [1] 365.0694 365.5278 365.2986 365.7917 365.8681 365.9080 365.9080 365.9080 366.0417 366.9809 366.1094 375.8385

$Refset$fpen
 [1] 365.0694 365.5278 365.2986 365.7917 365.8681 365.9080 365.9080 365.9080 366.0417 366.9809 366.1094 375.8385

$Refset$const
          [,1]     [,2]     [,3]     [,4]     [,5]
 [1,] 11.22632 30.48874 19.26242 1.513477 2.704203
 [2,] 11.21676 30.48242 19.26566 1.513194 2.705289
 [3,] 11.22045 30.48634 19.26589 1.513176 2.705600
 [4,] 11.22162 30.48681 19.26519 1.513377 2.704548
 [5,] 11.21966 30.48745 19.26779 1.513574 2.703664
 [6,] 11.22116 30.48938 19.26822 1.513531 2.704007
 [7,] 11.22191 30.48866 19.26675 1.513515 2.703946
 [8,] 11.22065 30.48811 19.26746 1.513545 2.703856
 [9,] 11.21162 30.48783 19.27621 1.513502 2.704107
[10,] 11.21982 30.46881 19.24899 1.513341 2.705395
[11,] 11.21630 30.48210 19.26580 1.513492 2.704139
[12,] 11.11183 30.49866 19.38683 1.515723 2.697346

$Refset$penalty
 [1] 0 0 0 0 0 0 0 0 0 0 0 0


