$f
 [1] 2252.2535 1182.0312  806.8108  796.9306  782.5851  730.5642  709.2014  682.9705  680.8003  660.0660  656.6389  639.2326  637.7188  632.4722  632.1788  632.0174  630.8611  628.4514  627.7517  614.0486  576.2986  564.2812  560.6424
[24]  558.6927  558.5174  557.9618  557.7118  555.9948  555.3385  555.0226  554.8785  553.0538  550.2639  550.1233  549.9583  549.7309  549.4410  549.2795  549.2014  549.1267  549.1267

$x
          [,1]     [,2]      [,3]     [,4]     [,5]     [,6]     [,7]     [,8]     [,9]    [,10]
xbest 16.05435 408.1130 0.7081869 19.47727 285.8225 36.25174 24.31469 3.901239 3.673168 4.989803
xbest 16.54786 233.1588 0.2577548 15.17068 286.6842 41.71966 25.45003 7.605433 5.954498 1.922456
xbest 16.30329 253.1588 0.1220956 15.35818 286.7480 41.71966 26.05361 7.605433 6.431578 1.829312
xbest 11.68026 300.7099 0.1828675 18.10766 286.7029 48.00000 25.56183 7.639838 5.495184 1.543018
xbest 11.09854 297.8711 0.2581836 18.01038 286.6459 44.09710 25.60607 7.346909 6.672263 1.976011
xbest 16.32989 249.2060 0.1320252 15.48290 286.7327 41.85541 24.73095 7.593368 6.335828 1.819802
xbest 16.27520 249.2060 0.1320252 15.49948 286.7327 41.89076 24.73095 7.593368 6.338953 1.826482
xbest 12.42670 291.7312 0.2184393 18.43844 286.6006 43.88151 25.42133 7.411829 5.745640 1.864519
xbest 12.41368 264.4299 0.1874991 18.63924 286.4262 44.75244 25.58092 7.466837 6.151922 1.819956
xbest 12.41368 264.4299 0.1424991 18.63924 286.4262 44.75244 25.58092 7.466837 6.151922 1.819956
xbest 11.81927 272.6968 0.1872840 20.25959 286.5535 45.25634 25.43564 7.465314 4.941435 1.771922
xbest 11.92864 272.6968 0.2308778 20.25959 286.5535 45.25634 25.43564 7.465314 4.941435 1.780828
xbest 12.39429 265.2691 0.1824966 18.61030 286.4896 44.83299 25.53552 7.465910 6.105406 1.812769
xbest 12.40839 265.2691 0.1828482 18.60444 286.4896 44.83299 25.53552 7.465910 6.111656 1.812769
xbest 12.38813 268.2529 0.1865951 18.83087 286.4876 44.87534 25.52302 7.470404 5.807290 1.808463
xbest 12.38813 268.2529 0.1865951 18.83087 286.4876 44.87534 25.52302 7.470404 5.804165 1.808463
xbest 12.38759 268.2933 0.1865549 18.83217 286.4877 44.87643 25.52334 7.470306 5.793439 1.809222
xbest 12.38685 269.0720 0.1866233 18.83942 286.4875 44.87842 25.52335 7.470508 5.753892 1.809207
xbest 12.38685 269.0524 0.1866233 18.83942 286.4875 44.87842 25.52335 7.470508 5.753892 1.809207
xbest 13.26312 275.3250 0.1574899 17.68387 286.4840 44.40839 24.61374 7.427847 5.793814 1.879781
xbest 13.45452 280.3250 0.1469430 17.68387 286.4840 44.40839 24.65436 7.427847 5.787564 1.902047
xbest 12.92820 269.2268 0.1762174 18.20508 286.4663 44.86836 24.32861 7.444779 6.215292 1.910800
xbest 12.92820 269.2268 0.1762174 18.20508 286.4663 44.86836 24.36924 7.444779 6.215292 1.909316
xbest 13.33059 269.1179 0.1789600 17.73692 286.4633 44.53877 24.50646 7.437782 6.197039 1.915642
xbest 13.33059 269.1179 0.1789600 17.73692 286.4633 44.53877 24.50646 7.437782 6.193914 1.915642
xbest 13.29626 270.8803 0.1791401 17.69529 286.4645 44.57370 24.48275 7.439172 6.183122 1.912829
xbest 13.29626 270.8803 0.1791401 17.69529 286.4645 44.57370 24.48275 7.439172 6.179997 1.912829
xbest 13.28803 270.9318 0.1791038 17.70672 286.4657 44.56646 24.50131 7.438820 6.185512 1.913663
xbest 13.29081 270.9268 0.1790868 17.70691 286.4659 44.56547 24.50158 7.438786 6.185177 1.913979
xbest 13.32383 271.3041 0.1724913 17.67983 286.4750 44.68801 24.48723 7.437951 6.185789 1.913906
xbest 13.28386 270.9637 0.1786943 17.71187 286.4653 44.56568 24.49599 7.438891 6.206485 1.913811
xbest 13.29551 271.2311 0.1771279 17.69816 286.4756 44.68628 24.49635 7.438860 6.193569 1.913308
xbest 13.29077 271.2351 0.1783337 17.70436 286.4756 44.68428 24.51059 7.439973 6.192141 1.912265
xbest 13.31800 271.2716 0.1772056 17.67278 286.4754 44.68665 24.49572 7.439728 6.189992 1.912375
xbest 13.31800 271.2911 0.1772056 17.67278 286.4754 44.68665 24.49572 7.439728 6.189992 1.912375
xbest 13.32323 271.2673 0.1759091 17.67675 286.4758 44.68833 24.49560 7.439797 6.187647 1.912068
xbest 13.33348 271.2686 0.1752144 17.67102 286.4754 44.68936 24.49321 7.439793 6.184546 1.912078
xbest 13.33027 271.2676 0.1751046 17.67483 286.4753 44.68850 24.49540 7.439827 6.184317 1.912023
xbest 13.33027 271.2676 0.1751046 17.67501 286.4753 44.68850 24.49540 7.439827 6.184317 1.912023
xbest 13.33021 271.2924 0.1751512 17.67388 286.4753 44.68868 24.49437 7.439838 6.184374 1.912177
xbest 13.33021 271.2924 0.1751512 17.67388 286.4753 44.68868 24.49437 7.439838 6.184374 1.912177

$time
elapsed elapsed elapsed elapsed elapsed elapsed elapsed elapsed elapsed elapsed elapsed elapsed elapsed elapsed elapsed elapsed elapsed elapsed elapsed elapsed elapsed elapsed elapsed elapsed elapsed elapsed elapsed elapsed elapsed elapsed 
   1.65    4.46    7.90   18.61   26.98   29.48   36.36   56.98   62.17   63.51   73.64   91.23  164.42  166.26  211.48  212.78  217.54  226.42  240.92  302.95  305.28  393.56  394.98  556.75  558.79  613.59  614.96  653.68  657.42  663.53 
elapsed elapsed elapsed elapsed elapsed elapsed elapsed elapsed elapsed elapsed elapsed 
 668.51  676.15  678.71  711.73  713.11  742.46  746.90  770.62  771.93  803.01  972.40 

$neval
 [1]   106   254   431  1002  1420  1556  1928  2997  3269  3345  3888  4791  8570  8665 10844 10918 11191 11602 12344 15609 15730 20352 20430 28872 28946 31545 31619 33666 33873 34152 34427 34835 34974 36672 36745 38260 38467 39702 39775
[40] 41537 50127

$fbest
[1] 549.1267

$xbest
 [1]  13.3302077 271.2924148   0.1751512  17.6738771 286.4752541  44.6886821  24.4943669   7.4398376   6.1843740   1.9121766

$numeval
[1] 50127

$end_crit
[1] 1

$cpu_time
elapsed 
  972.4 

$Refset
$Refset$x
          [,1]     [,2]      [,3]     [,4]     [,5]     [,6]     [,7]     [,8]     [,9]    [,10]
 [1,] 13.33079 271.2591 0.1752381 17.67352 286.4752 44.68847 24.49527 7.439799 6.185352 1.912228
 [2,] 13.32984 271.2977 0.1752858 17.67383 286.4753 44.68847 24.49513 7.439810 6.184498 1.912203
 [3,] 13.33115 271.2513 0.1752912 17.67380 286.4752 44.68887 24.49526 7.439798 6.185191 1.912254
 [4,] 13.33086 271.2913 0.1753152 17.67394 286.4752 44.68754 24.49566 7.439782 6.184159 1.912181
 [5,] 13.33091 271.2673 0.1753000 17.67474 286.4752 44.68807 24.49573 7.439804 6.184067 1.912212
 [6,] 13.33034 271.2918 0.1751878 17.67463 286.4752 44.68853 24.49547 7.439842 6.184044 1.912271
 [7,] 13.32840 271.3256 0.1752535 17.67484 286.4753 44.68847 24.49513 7.439837 6.183833 1.912216
 [8,] 13.33112 271.2758 0.1752182 17.67292 286.4752 44.68850 24.49523 7.439845 6.184674 1.912256
 [9,] 13.33060 271.2880 0.1751934 17.67362 286.4752 44.68849 24.49524 7.439845 6.184024 1.912260
[10,] 13.33094 271.2721 0.1751954 17.67368 286.4752 44.68845 24.49544 7.439792 6.184787 1.912259
[11,] 13.33084 271.2588 0.1752386 17.67353 286.4752 44.68845 24.49526 7.439799 6.185307 1.912223
[12,] 13.33033 271.2957 0.1755591 17.67073 286.4751 44.68862 24.49454 7.439803 6.184785 1.912127

$Refset$f
 [1] 549.1267 549.1267 549.1267 549.1267 549.1267 549.1267 549.1267 549.1267 549.1267 549.1267 549.1267 549.8837

$Refset$fpen
 [1] 549.1267 549.1267 549.1267 549.1267 549.1267 549.1267 549.1267 549.1267 549.1267 549.1267 549.1267 549.8837

$Refset$const
          [,1]     [,2]     [,3]     [,4]     [,5]
 [1,] 11.48817 29.81465 18.32648 1.541025 2.328218
 [2,] 11.48933 29.81550 18.32617 1.541023 2.328218
 [3,] 11.48861 29.81481 18.32620 1.541026 2.328202
 [4,] 11.48978 29.81584 18.32606 1.541026 2.328263
 [5,] 11.49067 29.81593 18.32526 1.541026 2.328251
 [6,] 11.49058 29.81596 18.32537 1.541029 2.328211
 [7,] 11.49101 29.81617 18.32516 1.541017 2.328237
 [8,] 11.48825 29.81533 18.32708 1.541025 2.328215
 [9,] 11.48959 29.81598 18.32638 1.541029 2.328200
[10,] 11.48889 29.81521 18.32632 1.541027 2.328222
[11,] 11.48823 29.81469 18.32647 1.541024 2.328220
[12,] 11.48595 29.81521 18.32927 1.541038 2.328129

$Refset$penalty
 [1] 0 0 0 0 0 0 0 0 0 0 0 0


