$f
 [1] 634.3212 486.7917 350.8750 349.8194 323.3941 292.7830 273.6146 239.2170 237.2587 232.0625 231.3854 216.2205 212.1944 207.2917 206.0642 200.8299 187.3872 179.8819 179.8819

$x
          [,1]     [,2]      [,3]     [,4]     [,5]     [,6]     [,7]     [,8]     [,9]    [,10]
xbest 24.33356 214.0727 0.3119381 25.06773 286.1205 42.49824 26.53628 6.569100 2.723591 4.341359
xbest 26.49254 246.9034 0.3099207 24.45382 286.6671 42.83863 25.99091 6.346560 2.000000 4.298631
xbest 26.45152 266.2784 0.1000000 24.40695 286.6483 42.83863 25.99091 6.146560 2.000391 4.298631
xbest 24.20967 269.4955 0.3899923 25.07549 286.7456 42.15206 25.22835 6.365810 3.899403 3.868342
xbest 24.26698 277.2466 0.4288581 24.91450 286.7482 42.31305 24.00000 6.371643 3.676195 3.728699
xbest 24.25088 276.6504 0.5213697 24.60983 286.7477 42.32280 24.00000 6.351636 3.809542 3.732277
xbest 23.16315 296.8501 0.3131918 22.73390 286.5905 42.15595 25.32318 6.422562 4.816348 3.729646
xbest 23.04087 296.9401 0.3343466 22.33546 286.5999 42.15595 25.35069 6.422343 4.766348 3.753396
xbest 22.64391 496.9266 0.5541106 21.19568 286.6803 37.31506 24.00000 6.247317 2.045285 3.053351
xbest 22.64391 500.0000 0.5541106 21.19568 286.6803 37.31506 24.00000 6.247122 2.057785 3.065226
xbest 22.95494 479.7953 1.0000000 19.51254 286.6859 39.03048 24.49918 6.557130 2.997029 3.029326
xbest 23.10942 488.1966 1.0000000 19.69492 286.6767 39.07049 24.48922 6.568169 2.954794 3.045831
xbest 22.97714 482.5773 1.0000000 20.16886 286.6798 39.09566 24.48860 6.563175 2.608777 3.062477
xbest 23.12933 485.1947 1.0000000 19.64808 286.6783 39.08324 24.48902 6.565097 2.767538 3.042451
xbest 23.11332 487.9248 0.9997916 19.42198 286.7229 39.09783 24.49016 6.563980 2.923698 3.037913
xbest 22.89457 487.9248 0.9982193 19.60948 286.7229 39.09783 24.49016 6.563980 2.917448 3.026038
xbest 22.55464 473.4499 0.9893906 20.85025 286.6152 38.88954 24.47089 6.854167 2.432933 3.207582
xbest 22.49995 473.1374 0.9893906 20.85025 286.6140 38.86233 24.47089 6.854719 2.419328 3.213519
xbest 22.49995 473.1374 0.9893906 20.85025 286.6140 38.86233 24.47089 6.854719 2.419328 3.213519

$time
elapsed elapsed elapsed elapsed elapsed elapsed elapsed elapsed elapsed elapsed elapsed elapsed elapsed elapsed elapsed elapsed elapsed elapsed elapsed 
   2.85    6.30    9.39   26.38   30.55   33.80   43.38   47.16  118.77  120.96  139.36  142.22  145.21  148.30  151.02  153.97  252.91  256.10 1201.38 

$neval
 [1]   106   257   383  1088  1227  1370  1783  1942  4900  4990  5808  5944  6078  6212  6346  6441 10652 10787 50116

$fbest
[1] 179.8819

$xbest
 [1]  22.4999508 473.1373931   0.9893906  20.8502461 286.6140481  38.8623305  24.4708896   6.8547193   2.4193280   3.2135191

$numeval
[1] 50116

$end_crit
[1] 1

$cpu_time
elapsed 
1201.38 

$Refset
$Refset$x
          [,1]     [,2]      [,3]     [,4]     [,5]     [,6]     [,7]     [,8]     [,9]    [,10]
 [1,] 39.64123 258.7720 0.4382050 27.19647 286.0222 38.62886 41.09087 6.110396 6.786982 4.521764
 [2,] 26.14209 259.3969 0.3967965 28.32319 286.0122 35.38947 36.99305 7.536500 3.871097 3.984205
 [3,] 22.74493 468.3548 0.9982896 20.77585 286.6026 38.89459 24.43145 6.898043 2.230952 2.920308
 [4,] 22.74498 468.4679 0.9978640 20.76812 286.6023 38.89552 24.42787 6.898107 2.233398 2.919785
 [5,] 22.74715 468.4475 1.0000000 20.77605 286.6021 38.89128 24.42901 6.898085 2.227512 2.920381
 [6,] 22.74860 468.3758 0.9975902 20.77425 286.6020 38.89095 24.43140 6.898197 2.228778 2.920511
 [7,] 22.73774 468.5846 0.9984889 20.77301 286.6016 38.89194 24.42991 6.898203 2.229923 2.919957
 [8,] 22.74319 468.3750 0.9987032 20.77479 286.6024 38.89374 24.43024 6.898106 2.232102 2.921088
 [9,] 22.73814 468.3676 0.9987699 20.77661 286.6021 38.89278 24.42948 6.898160 2.234104 2.921357
[10,] 22.49160 468.4953 0.9997542 20.77092 286.5933 38.89004 24.39612 6.900023 2.267459 2.924558
[11,] 22.35540 458.5822 0.9893670 20.78936 286.5921 38.84543 24.45725 6.904609 2.662633 2.905613
[12,] 22.76424 468.6167 0.9949462 20.76830 286.6025 38.89506 24.42864 6.898360 2.233064 2.920910

$Refset$f
 [1] 984798.7708  94209.9583    189.9809    189.9809    189.9809    189.9809    189.9809    189.9809    190.0417    191.5503    192.9878    190.9566

$Refset$fpen
 [1] 1770314.0099  736412.0316     189.9809     189.9809     189.9809     189.9809     189.9809     189.9809     190.0417     191.5503     192.9878     190.9566

$Refset$const
          [,1]     [,2]      [,3]     [,4]     [,5]
 [1,] 20.40949 29.21302  8.803533 1.506274 4.285515
 [2,] 24.45210 32.12890  7.676806 1.514516 4.142202
 [3,] 18.54490 33.76905 15.224148 1.524542 2.578759
 [4,] 18.53472 33.76660 15.231880 1.524577 2.578371
 [5,] 18.54854 33.77249 15.223952 1.524593 2.578559
 [6,] 18.54548 33.77122 15.225747 1.524601 2.578698
 [7,] 18.54309 33.77008 15.226988 1.524641 2.578426
 [8,] 18.54268 33.76790 15.225214 1.524566 2.578632
 [9,] 18.54250 33.76590 15.223394 1.524589 2.578544
[10,] 18.50346 33.73254 15.229077 1.525586 2.573119
[11,] 18.12673 33.33737 15.210637 1.525500 2.579112
[12,] 18.53523 33.76694 15.231705 1.524558 2.578504

$Refset$penalty
 [1] 0.7855152 0.6422021 0.0000000 0.0000000 0.0000000 0.0000000 0.0000000 0.0000000 0.0000000 0.0000000 0.0000000 0.0000000


