$f
 [1] 692.9115 619.0139 478.1406 457.0330 411.4583 402.8368 325.5035 308.6719 271.4688 255.8576 238.7222 201.2656 200.6875 199.1250 198.5937 198.5816 198.0712 197.4844 197.3767 197.3420 196.9479 196.8420 196.7240 196.7083 196.6545 196.6042
[27] 196.6042

$x
          [,1]     [,2]      [,3]     [,4]     [,5]     [,6]     [,7]     [,8]      [,9]    [,10]
xbest 34.53012 177.8213 0.3638065 26.21971 285.5682 27.10583 24.52071 5.653829  4.753466 3.379410
xbest 22.50888 218.2798 0.8266391 20.58132 285.5163 47.79908 25.42985 3.039355  8.184370 3.455275
xbest 22.50446 218.2798 1.0000000 20.55026 286.1163 47.79908 24.49129 4.651806  8.285148 3.390551
xbest 25.00858 227.6971 1.0000000 17.07474 286.5252 48.00000 24.08363 3.614474 10.000000 3.393869
xbest 20.44712 228.5775 0.8650165 19.47097 286.9200 48.00000 24.87843 4.048912 10.000000 2.622309
xbest 18.89172 407.3966 0.5459581 21.05656 286.3278 39.48871 28.34519 6.853644  3.271251 1.780528
xbest 20.39341 327.6259 0.8560427 19.58553 286.2802 44.73087 28.37260 7.453871  4.812066 2.921257
xbest 19.72926 296.8808 0.8914958 20.94291 286.0567 45.52492 28.41941 7.383269  4.858789 3.372207
xbest 19.99804 343.5999 0.8591182 19.56588 286.3590 44.28279 28.37643 7.426901  4.960144 3.017573
xbest 19.99804 344.2249 0.8169307 19.56752 286.3564 44.28279 28.53893 7.426901  4.958398 3.017573
xbest 19.76883 339.0074 0.8641973 20.13071 286.4608 45.60238 27.43556 7.311065  5.538227 3.557051
xbest 19.78251 338.8512 0.9803125 20.13071 286.4608 45.60238 27.51681 7.311260  5.512445 3.526621
xbest 19.81934 335.5531 0.8736503 20.13734 286.4434 45.72941 27.34344 7.328768  5.488457 3.475151
xbest 19.81934 335.5531 0.9411503 20.13734 286.4434 45.72941 27.34344 7.328963  5.513457 3.475151
xbest 19.81253 336.8182 0.8753291 20.14494 286.4499 45.66096 27.28195 7.327150  5.410800 3.546898
xbest 19.81253 336.8182 0.8753291 20.14494 286.4499 45.66096 27.28195 7.327150  5.413925 3.546898
xbest 19.81202 337.0850 0.8755098 20.15100 286.4503 45.66301 27.27703 7.327276  5.410419 3.564150
xbest 19.81202 337.1631 0.8980098 20.14953 286.4503 45.66301 27.27703 7.327276  5.410419 3.564150
xbest 19.73710 337.6060 0.8775140 20.17370 286.4421 45.66225 27.21009 7.329051  5.407316 3.566833
xbest 19.73710 337.6060 0.8775140 20.17407 286.4421 45.66225 27.21009 7.329051  5.407316 3.566833
xbest 19.73985 344.8201 0.8752487 19.83491 286.4407 45.66339 27.19274 7.330765  5.434658 3.551586
xbest 19.75414 337.8621 0.8819447 20.16463 286.4428 45.66125 27.21200 7.328933  5.405139 3.565927
xbest 19.75125 337.9839 0.8804885 20.17047 286.4428 45.67303 27.21193 7.329270  5.394194 3.562220
xbest 19.75399 337.9663 0.8800736 20.16871 286.4428 45.67843 27.21215 7.329662  5.393564 3.561427
xbest 19.75384 337.7733 0.8760913 20.16930 286.4441 45.67253 27.22269 7.329541  5.397510 3.556179
xbest 19.75470 337.8266 0.8764431 20.16845 286.4455 45.68716 27.20087 7.329880  5.392814 3.556725
xbest 19.75470 337.8266 0.8764431 20.16845 286.4455 45.68716 27.20087 7.329880  5.392814 3.556725

$time
elapsed elapsed elapsed elapsed elapsed elapsed elapsed elapsed elapsed elapsed elapsed elapsed elapsed elapsed elapsed elapsed elapsed elapsed elapsed elapsed elapsed elapsed elapsed elapsed elapsed elapsed elapsed 
   1.86    5.36    9.08   12.32   15.63   21.82   24.74   34.93   41.22   43.66   93.08   96.46  202.66  204.61  236.07  237.69  265.86  270.83  380.72  382.38  385.50  455.65  494.63  515.55  536.57  707.99 1191.32 

$neval
 [1]   106   254   395   537   677   952  1091  1502  1776  1891  4024  4176  8669  8757 10106 10179 11388 11609 16166 16239 16375 19279 20988 21861 22751 29994 50057

$fbest
[1] 196.6042

$xbest
 [1]  19.7547033 337.8265945   0.8764431  20.1684462 286.4454897  45.6871589  27.2008746   7.3298798   5.3928141   3.5567250

$numeval
[1] 50057

$end_crit
[1] 1

$cpu_time
elapsed 
1191.32 

$Refset
$Refset$x
          [,1]     [,2]      [,3]     [,4]     [,5]     [,6]     [,7]     [,8]     [,9]    [,10]
 [1,]  8.74618 272.2474 0.5773894 19.70238 285.3751 16.89577 38.29950 3.008297 4.816534 2.757809
 [2,] 19.75350 337.8243 0.8763750 20.16589 286.4443 45.69238 27.20636 7.330000 5.394687 3.555663
 [3,] 19.75378 337.8178 0.8760750 20.16518 286.4430 45.69218 27.20479 7.330025 5.394541 3.555520
 [4,] 19.75368 337.8220 0.8764084 20.16651 286.4442 45.69286 27.20136 7.330049 5.394231 3.555717
 [5,] 19.75506 337.7424 0.8785286 20.16780 286.4437 45.69470 27.20125 7.330149 5.394679 3.555716
 [6,] 19.75185 337.8883 0.8766364 20.16366 286.4442 45.69369 27.20356 7.330107 5.395158 3.555746
 [7,] 19.75175 337.9580 0.8760351 20.16352 286.4435 45.69203 27.20143 7.330091 5.392022 3.555490
 [8,] 19.75389 337.8236 0.8763794 20.16698 286.4439 45.69259 27.19931 7.330043 5.393216 3.555641
 [9,] 19.76419 337.7682 0.8748482 20.16117 286.4436 45.69250 27.20439 7.330241 5.389331 3.551719
[10,] 19.77438 337.7451 0.8763282 20.12401 286.4438 45.68976 27.20768 7.330196 5.415679 3.556607
[11,] 19.75302 337.8227 0.8764013 20.16675 286.4441 45.69398 27.20165 7.330005 5.394219 3.555301
[12,] 19.68189 338.6716 0.8417930 20.24475 286.3542 45.48324 28.31636 7.325575 5.357759 3.461372

$Refset$f
 [1] 1000000.0000     196.6042     196.6042     196.6042     196.6042     196.6042     196.6042     196.6042     196.6788     196.7187     196.6042     305.6354

$Refset$fpen
 [1] 9.999975e+11 1.966042e+02 1.966042e+02 1.966042e+02 1.966042e+02 1.966042e+02 1.966042e+02 1.966042e+02 1.966788e+02 1.967187e+02 1.966042e+02 3.056354e+02

$Refset$const
              [,1]         [,2]         [,3]         [,4]         [,5]
 [1,] 1.000000e+06 1.000000e+06 1.000000e+06 1.000000e+06 1.000000e+06
 [2,] 1.477120e+01 3.060531e+01 1.583411e+01 1.542772e+00 2.437276e+00
 [3,] 1.477064e+01 3.060546e+01 1.583482e+01 1.542900e+00 2.436783e+00
 [4,] 1.477228e+01 3.060577e+01 1.583349e+01 1.542783e+00 2.436957e+00
 [5,] 1.477312e+01 3.060532e+01 1.583220e+01 1.542835e+00 2.436722e+00
 [6,] 1.476851e+01 3.060484e+01 1.583634e+01 1.542790e+00 2.437027e+00
 [7,] 1.477150e+01 3.060798e+01 1.583648e+01 1.542850e+00 2.436769e+00
 [8,] 1.477377e+01 3.060678e+01 1.583302e+01 1.542817e+00 2.436745e+00
 [9,] 1.477184e+01 3.061067e+01 1.583883e+01 1.542843e+00 2.436936e+00
[10,] 1.470833e+01 3.058432e+01 1.587599e+01 1.542815e+00 2.437293e+00
[11,] 1.477253e+01 3.060578e+01 1.583325e+01 1.542796e+00 2.436895e+00
[12,] 1.488699e+01 3.064224e+01 1.575525e+01 1.550494e+00 2.480335e+00

$Refset$penalty
 [1] 999996.5      0.0      0.0      0.0      0.0      0.0      0.0      0.0      0.0      0.0      0.0      0.0


