$f
 [1] 1259.9288  728.1719  683.5747  669.9497  541.9097  503.9722  379.3177  355.5642  330.9097  319.6285  310.8264  302.7014  299.4358  284.2812  274.2517  272.7135  272.4063  271.7153  259.6528  249.2691  249.2118  248.7413  247.8333
[24]  245.5417  245.2899  245.1233  245.0868  245.0139  244.8194  243.9010  243.8299  243.6684  243.0903  242.5799  242.1788  242.1406  242.1372  242.0295  241.8681  241.4045  241.3333  241.3333

$x
          [,1]     [,2]      [,3]     [,4]     [,5]     [,6]     [,7]     [,8]     [,9]    [,10]
xbest 10.84531 246.9525 0.1148734 23.86488 284.8053 37.85205 31.21589 7.417327 3.411314 4.174949
xbest 10.69304 276.3454 0.3752182 25.05208 284.8306 38.29211 32.74149 6.339106 3.460252 4.473514
xbest 10.68620 276.3454 0.3527182 24.33724 284.8306 38.29211 32.74149 6.334418 3.460252 4.485389
xbest 14.24020 264.1079 0.5286040 24.44869 284.3187 29.66514 28.01818 6.352838 3.782940 3.690314
xbest 13.05951 335.6022 0.2220817 22.06401 284.9003 34.79729 29.33295 5.504820 2.647031 2.289627
xbest 11.46002 292.9265 0.2782081 23.16095 284.8646 36.41018 31.12356 6.361971 2.824001 3.115599
xbest 11.75369 301.7101 0.2779546 24.07481 284.8652 37.30596 30.74647 6.332829 2.797144 3.094170
xbest 12.65496 283.7286 0.1242042 22.77529 285.5660 48.00000 31.47215 5.547939 2.055831 1.200000
xbest 11.68594 379.8261 0.2573664 21.06128 284.8610 36.69710 30.33938 6.239639 2.575724 3.350835
xbest 11.72917 288.3508 0.2846356 24.68845 284.9471 36.73872 31.00863 6.223013 2.741489 3.361767
xbest 11.72917 288.3508 0.2621356 24.71189 284.9471 36.33872 31.00863 6.223013 2.741489 3.397392
xbest 11.91308 264.8589 0.1916899 25.03559 284.8584 39.24539 30.20587 6.243844 2.475109 3.190024
xbest 12.18140 280.0466 0.1559982 24.36152 284.8807 40.21689 30.45016 6.291623 2.214472 3.177074
xbest 12.09267 286.5547 0.1622235 24.04903 284.8949 40.29517 30.55508 6.290832 2.094369 3.170557
xbest 12.08583 286.5547 0.1615204 24.04903 284.9109 40.24517 30.55508 6.290832 2.106869 3.182432
xbest 11.96662 267.4469 0.2900600 24.78415 284.7971 31.86324 29.66874 6.307918 3.794350 3.123140
xbest 11.97004 267.4469 0.2900161 24.78415 284.7971 31.86324 29.66874 6.307918 3.794350 3.123140
xbest 13.34536 308.4215 0.1776434 22.07682 285.1257 39.24258 30.07884 5.192676 2.614435 1.951544
xbest 13.34536 308.4215 0.1790497 22.07682 285.1233 39.24258 30.16009 5.192676 2.614435 1.972325
xbest 13.27927 323.7977 0.1885355 21.70296 285.1279 39.16639 30.18834 5.159502 2.538972 1.932042
xbest 13.27927 323.7977 0.1885355 21.70296 285.1279 39.16639 30.18834 5.159502 2.538972 1.932784
xbest 13.27885 324.6707 0.1874963 21.62777 285.1275 39.16621 30.18745 5.159540 2.545197 1.931613
xbest 13.27885 324.6707 0.1874963 21.62777 285.1275 39.16621 30.18745 5.159540 2.538947 1.931613
xbest 13.27457 319.2639 0.1888674 21.91112 285.1306 39.14387 30.11858 5.158146 2.517367 1.920859
xbest 13.27457 319.2639 0.1888674 21.91112 285.1306 39.14387 30.11858 5.158146 2.520492 1.920859
xbest 13.29690 320.4775 0.1869702 21.84968 285.1315 39.18327 30.08156 5.159750 2.509285 1.919748
xbest 13.29698 320.5097 0.1866842 21.84689 285.1317 39.18174 30.08152 5.159703 2.509110 1.919793
xbest 13.29573 321.7179 0.1863118 21.78843 285.1317 39.18065 30.09359 5.159966 2.508597 1.919425
xbest 13.29145 320.5872 0.1884234 21.84946 285.1313 39.16894 30.09459 5.159613 2.508508 1.920406
xbest 13.29238 320.6116 0.1887726 21.84019 285.1323 39.20330 30.09254 5.159676 2.508173 1.919626
xbest 13.29444 320.5856 0.1889258 21.84113 285.1330 39.20559 30.09499 5.159631 2.508646 1.919865
xbest 13.29743 320.6001 0.1889182 21.83837 285.1323 39.20373 30.09628 5.160075 2.508207 1.919910
xbest 13.29464 320.2739 0.1889939 21.83602 285.1398 39.18170 30.24493 5.159891 2.522377 1.920962
xbest 13.28097 320.2739 0.1889939 21.83602 285.1398 39.18170 30.24493 5.159891 2.531752 1.920962
xbest 13.29516 320.5487 0.1899833 21.83719 285.1366 39.19460 30.20291 5.159979 2.517269 1.920237
xbest 13.29205 320.6157 0.1901029 21.83712 285.1410 39.18920 30.24506 5.159929 2.517984 1.920672
xbest 13.29254 320.2324 0.1897543 21.83671 285.1409 39.17142 30.27947 5.159886 2.522003 1.920847
xbest 13.29303 320.5640 0.1889354 21.83875 285.1377 39.20328 30.20795 5.159798 2.513177 1.920018
xbest 13.29354 320.6139 0.1892641 21.83974 285.1392 39.19929 30.21068 5.159707 2.511478 1.920113
xbest 13.29310 320.5582 0.1886359 21.84069 285.1381 39.20051 30.20908 5.159662 2.510683 1.919901
xbest 13.29403 320.5844 0.1887224 21.83644 285.1383 39.20040 30.21166 5.159647 2.512794 1.919947
xbest 13.29403 320.5844 0.1887224 21.83644 285.1383 39.20040 30.21166 5.159647 2.512794 1.919947

$time
elapsed elapsed elapsed elapsed elapsed elapsed elapsed elapsed elapsed elapsed elapsed elapsed elapsed elapsed elapsed elapsed elapsed elapsed elapsed elapsed elapsed elapsed elapsed elapsed elapsed elapsed elapsed elapsed elapsed elapsed 
   2.19    6.45    8.98   12.39   15.69   19.59   22.86   26.23   33.48   43.76   45.86   58.01   61.83   64.92   80.90  168.92  171.45  267.53  270.50  320.89  322.59  350.87  356.12  460.01  461.76  484.25  502.28  508.81  511.98  515.95 
elapsed elapsed elapsed elapsed elapsed elapsed elapsed elapsed elapsed elapsed elapsed elapsed 
 522.26  571.83  698.15  700.11  703.28  710.36  713.50  720.03  723.44  726.50  771.25 1221.95 

$neval
 [1]   106   258   366   511   653   796   938  1081  1357  1769  1863  2397  2531  2665  3316  7100  7178 11240 11336 13485 13558 14769 14976 19207 19280 20220 20964 21245 21381 21521 21792 23787 28959 29039 29176 29451 29587 29857 29997
[40] 30135 31971 50108

$fbest
[1] 241.3333

$xbest
 [1]  13.2940269 320.5843506   0.1887224  21.8364383 285.1383033  39.2004039  30.2116641   5.1596465   2.5127944   1.9199472

$numeval
[1] 50108

$end_crit
[1] 1

$cpu_time
elapsed 
1221.95 

$Refset
$Refset$x
          [,1]     [,2]      [,3]     [,4]     [,5]     [,6]     [,7]     [,8]     [,9]    [,10]
 [1,] 13.29555 320.5096 0.1886330 21.83992 285.1387 39.19471 30.22185 5.159604 2.511428 1.919702
 [2,] 13.29508 320.5791 0.1886370 21.83778 285.1387 39.19750 30.21891 5.159568 2.511291 1.920202
 [3,] 13.29573 320.5716 0.1886498 21.83634 285.1388 39.19815 30.21980 5.159484 2.512017 1.919953
 [4,] 13.29576 320.5704 0.1886319 21.83764 285.1390 39.19883 30.21958 5.159594 2.510948 1.920148
 [5,] 13.29425 320.5902 0.1886815 21.83777 285.1385 39.19652 30.21536 5.159461 2.511774 1.920302
 [6,] 13.29480 320.6272 0.1886597 21.83661 285.1385 39.19629 30.21627 5.159366 2.511034 1.920374
 [7,] 13.29843 320.4989 0.1885037 21.83694 285.1387 39.19704 30.22212 5.159877 2.511297 1.919744
 [8,] 13.29555 320.5096 0.1886298 21.83990 285.1387 39.19471 30.22184 5.159610 2.511428 1.919702
 [9,] 13.30190 320.5141 0.1883680 21.83821 285.1389 39.19710 30.22257 5.159760 2.506102 1.920004
[10,] 13.29561 319.4205 0.1892266 21.87539 285.1392 39.19257 30.21685 5.159334 2.520459 1.918750
[11,] 13.29476 320.5802 0.1899460 21.84353 285.1387 39.19795 30.21892 5.159583 2.512922 1.922523
[12,] 13.25654 317.4665 0.1987879 21.83236 285.3002 38.21640 32.09537 5.146996 2.519885 2.156651

$Refset$f
 [1] 241.3333 241.3333 241.3333 241.3333 241.3333 241.3333 241.4045 241.3333 241.4045 241.8941 242.1406 356.3854

$Refset$fpen
 [1] 241.3333 241.3333 241.3333 241.3333 241.3333 241.3333 241.4045 241.3333 241.4045 241.8941 242.1406 356.3854

$Refset$const
          [,1]     [,2]     [,3]     [,4]     [,5]
 [1,] 19.32849 33.48857 14.16008 1.687456 2.596263
 [2,] 19.32649 33.48871 14.16222 1.687457 2.595857
 [3,] 19.32432 33.48798 14.16366 1.687437 2.595916
 [4,] 19.32669 33.48905 14.16236 1.687416 2.595888
 [5,] 19.32600 33.48823 14.16223 1.687469 2.595617
 [6,] 19.32557 33.48897 14.16339 1.687477 2.595692
 [7,] 19.32564 33.48870 14.16306 1.687463 2.596132
 [8,] 19.32847 33.48857 14.16010 1.687456 2.596263
 [9,] 19.33211 33.49390 14.16179 1.687434 2.596206
[10,] 19.35493 33.47954 14.12461 1.687394 2.596085
[11,] 19.33061 33.48708 14.15647 1.687456 2.595832
[12,] 19.31247 33.48011 14.16764 1.665697 2.856517

$Refset$penalty
 [1] 0 0 0 0 0 0 0 0 0 0 0 0


