$f
 [1] 2368.1128 1426.7500 1290.0278 1214.2326 1161.5382 1073.0208  935.9688  828.6580  798.4896  766.6892  736.4288  729.9566  712.3056  701.6788  696.7188  683.2240  678.1632  676.3854  670.5920  667.4809  662.8490  662.0972  652.7083
[24]  645.6233  643.8524  637.9965  636.0937  636.0000  635.1215  634.9497  634.7240  634.5729  634.5573  634.2934  634.2795  634.2535  634.0451  633.8611  633.3576  633.0868  632.8906  632.3646  632.2882  632.1927  631.7604  631.5781
[47]  631.5781

$x
           [,1]     [,2]      [,3]     [,4]     [,5]     [,6]     [,7]     [,8]     [,9]    [,10]
xbest 11.658104 176.2258 0.1252866 25.72439 284.3269 31.87164 24.04758 2.656311 2.406801 1.927686
xbest  9.338890 245.5755 0.1668365 18.26253 286.5759 46.93642 26.66097 9.916850 4.497908 2.441829
xbest  9.441429 244.3255 0.2621099 18.26253 286.5759 46.91142 26.66097 9.904350 4.410408 2.399895
xbest  9.649110 252.1506 0.1321149 15.90545 286.7328 47.54078 26.71153 9.980892 3.677579 1.493585
xbest 10.496187 236.0600 0.4619741 20.19732 286.4574 44.01648 26.52097 7.387938 6.136964 3.487755
xbest 10.372868 234.0653 0.6078542 20.07311 286.4224 44.86332 26.78375 7.504282 5.419113 3.206259
xbest 10.274088 232.9421 0.5484840 21.78635 286.3835 44.23099 27.22367 7.512369 4.055968 3.020477
xbest 10.274088 232.9421 0.4605934 21.78635 286.3929 44.13099 27.54867 7.512369 4.168468 3.014540
xbest 10.337665 231.9336 0.5530150 20.74117 286.3816 44.54404 27.34446 7.431044 5.242698 3.101653
xbest 10.337665 231.9336 0.5755150 20.36617 286.3816 44.54404 27.34446 7.431044 5.319260 3.244153
xbest 11.535175 225.2000 0.5417123 19.45049 286.3906 44.40581 27.46505 7.434094 4.931649 3.138007
xbest 11.535175 225.2000 0.5192123 19.45049 286.3906 44.40581 27.46505 7.434094 4.944149 3.138007
xbest 10.782995 234.6494 0.5629752 19.97682 286.3893 44.47617 27.24280 7.446713 5.098136 3.127295
xbest 10.782995 234.6494 0.5851237 19.97682 286.3893 44.47617 27.24280 7.446713 5.091886 3.133233
xbest 11.297202 226.7640 0.5493372 19.61575 286.4288 44.54001 27.83501 7.434061 4.974154 3.121113
xbest 11.297202 226.7640 0.5493372 19.62161 286.4312 44.54001 27.83501 7.427811 4.986654 3.115176
xbest 11.234187 228.2729 0.5447235 20.08005 286.4105 44.13326 27.50704 7.427703 5.012982 3.188474
xbest 11.232984 227.3884 0.5520921 19.88623 286.4135 44.43008 27.52682 7.431446 4.962687 3.130203
xbest 11.233625 226.8624 0.5527773 19.89467 286.4123 44.44677 27.51394 7.430574 4.933432 3.127383
xbest 11.233625 226.8624 0.5295742 19.89467 286.4123 44.44677 27.51394 7.431356 4.920932 3.127383
xbest 11.238576 227.9362 0.5469454 20.11867 286.4078 44.04338 27.49030 7.426084 5.027093 3.154161
xbest 11.238576 227.7799 0.5244454 20.11867 286.4078 44.04338 27.49030 7.426084 5.039593 3.154161
xbest 11.762244 214.9795 0.5479395 19.88892 286.4028 44.09761 27.41807 7.425559 5.010756 3.171354
xbest 11.966621 212.9803 0.5478855 19.84093 286.4027 44.09718 27.40004 7.425278 5.027343 3.174309
xbest 11.966621 212.9803 0.5478855 19.84093 286.4027 44.09718 27.40004 7.425278 5.014843 3.174309
xbest 11.722588 214.2917 0.5409938 20.06904 286.4022 44.11590 27.39455 7.426579 5.037644 3.168272
xbest 11.713156 214.0294 0.5399740 20.10505 286.4020 44.12366 27.40158 7.426661 5.037367 3.168361
xbest 11.713258 214.0374 0.5436390 20.10555 286.4021 44.13572 27.40206 7.426506 5.038926 3.168332
xbest 11.713029 214.1295 0.5475506 20.10143 286.4043 44.11175 27.41635 7.426761 5.039110 3.166992
xbest 11.715122 214.0858 0.5474720 20.10125 286.4040 44.11280 27.41575 7.426943 5.039238 3.166466
xbest 11.710434 214.2926 0.5466427 20.10366 286.4027 44.11650 27.40996 7.426630 5.038751 3.169126
xbest 11.705320 214.0347 0.5473606 20.13504 286.4034 44.11318 27.41178 7.426829 5.034529 3.167905
xbest 11.761243 213.4695 0.5379826 20.10974 286.4021 44.01435 27.41045 7.425403 5.009975 3.167727
xbest 11.706465 213.9215 0.5473373 20.13370 286.4036 44.13643 27.41314 7.427061 5.038008 3.168038
xbest 11.707872 213.9501 0.5472269 20.13014 286.4033 44.12345 27.40967 7.426790 5.037907 3.168002
xbest 11.705757 213.8785 0.5542139 20.14522 286.4036 44.12512 27.41080 7.426691 5.046486 3.169385
xbest 11.699994 213.8776 0.5574786 20.15892 286.4037 44.12453 27.40899 7.426746 5.048218 3.168611
xbest 11.698351 213.8401 0.5625178 20.17311 286.4038 44.12454 27.40868 7.426640 5.045510 3.168625
xbest 11.695984 213.7164 0.5746933 20.20137 286.4041 44.12921 27.40717 7.426474 5.054538 3.168910
xbest 11.697779 213.6868 0.5629848 20.19706 286.4038 44.12807 27.40724 7.426742 5.036117 3.168237
xbest 11.696377 213.6454 0.5645574 20.21014 286.4041 44.12824 27.40779 7.426695 5.035586 3.168748
xbest 11.695284 213.3006 0.5659765 20.23718 286.4040 44.13254 27.40853 7.426692 5.036862 3.168495
xbest 11.695495 213.0444 0.5671516 20.23904 286.4038 44.13344 27.40934 7.426684 5.051623 3.168821
xbest 11.695283 213.2651 0.5667234 20.26081 286.4039 44.13344 27.40910 7.426703 5.023715 3.168294
xbest 11.694300 212.8920 0.5670789 20.33225 286.4041 44.13361 27.40890 7.426731 4.995564 3.168289
xbest 11.694300 212.8920 0.5670789 20.33225 286.4041 44.13361 27.40890 7.426731 4.995564 3.167547
xbest 11.694300 212.8920 0.5670789 20.33225 286.4041 44.13361 27.40890 7.426731 4.995564 3.167547

$time
elapsed elapsed elapsed elapsed elapsed elapsed elapsed elapsed elapsed elapsed elapsed elapsed elapsed elapsed elapsed elapsed elapsed elapsed elapsed elapsed elapsed elapsed elapsed elapsed elapsed elapsed elapsed elapsed elapsed elapsed 
   2.28    5.56    9.14   16.03   26.44   29.66   43.26   46.94   86.48   88.89  141.16  143.08  146.09  176.67  260.31  262.47  290.22  293.51  297.55  299.76  349.56  351.37  354.51  374.61  386.58  395.81  398.97  405.89  416.36  441.37 
elapsed elapsed elapsed elapsed elapsed elapsed elapsed elapsed elapsed elapsed elapsed elapsed elapsed elapsed elapsed elapsed elapsed 
 519.53  641.75  646.55  656.67  659.89  913.34  947.81  955.61  958.70  986.95  990.12  996.67 1009.75 1012.84 1016.08 1017.86 1216.66 

$neval
 [1]   106   264   415   707  1123  1259  1805  1929  3414  3515  5675  5754  5887  7187 10730 10825 11912 12048 12185 12280 14320 14404 14542 15369 15851 16255 16391 16667 17085 18122 21342 26398 26603 27009 27146 37556 38987 39325 39460
[40] 40617 40754 41037 41580 41716 41857 41931 50098

$fbest
[1] 631.5781

$xbest
 [1]  11.6943002 212.8920432   0.5670789  20.3322538 286.4041257  44.1336088  27.4088961   7.4267308   4.9955637   3.1675470

$numeval
[1] 50098

$end_crit
[1] 1

$cpu_time
elapsed 
1216.66 

$Refset
$Refset$x
          [,1]     [,2]      [,3]     [,4]     [,5]     [,6]     [,7]     [,8]     [,9]    [,10]
 [1,] 11.69411 213.2668 0.5665783 20.24491 286.4042 44.13401 27.40837 7.426722 5.037099 3.168451
 [2,] 11.69521 213.0268 0.5665546 20.25249 286.4042 44.13215 27.41066 7.426706 5.040558 3.167318
 [3,] 11.69459 213.1854 0.5666638 20.24682 286.4035 44.13258 27.40656 7.426682 5.038694 3.168470
 [4,] 11.69580 213.1494 0.5665835 20.24821 286.4043 44.13254 27.41123 7.426742 5.037778 3.167154
 [5,] 11.70591 212.8433 0.5656051 20.24541 286.4040 44.12520 27.41266 7.426695 5.029569 3.169096
 [6,] 11.69519 213.2364 0.5630537 20.24519 286.3964 44.07796 27.38525 7.426604 5.036964 3.169013
 [7,] 11.70657 212.9255 0.5671076 20.24615 286.4047 44.12509 27.41916 7.426474 5.034678 3.168706
 [8,] 11.69543 213.1556 0.5672018 20.24572 286.4042 44.13252 27.41455 7.426671 5.037785 3.167811
 [9,] 11.69551 213.2294 0.5669115 20.24539 286.4039 44.13151 27.40991 7.428881 5.041219 3.181336
[10,] 11.77829 212.6380 0.5632744 20.21224 286.3972 44.06824 27.38158 7.426587 5.038689 3.175449
[11,] 11.79949 213.0648 0.5598513 20.07881 286.3547 44.06588 27.58351 7.419439 5.035597 3.180294
[12,] 11.66537 221.0675 0.5669773 19.85217 286.4373 44.14637 27.51617 7.427614 5.046219 3.165710

$Refset$f
 [1] 631.9913 631.9913 631.9913 632.1562 632.5851 632.7083 633.3038 632.3646 646.8906 664.4635 709.0590 819.8385

$Refset$fpen
 [1] 631.9913 631.9913 631.9913 632.1562 632.5851 632.7083 633.3038 632.3646 646.8906 664.4635 709.0590 819.8385

$Refset$const
          [,1]     [,2]     [,3]     [,4]     [,5]
 [1,] 15.20781 30.96290 15.75509 1.545523 2.492000
 [2,] 15.21194 30.95944 15.74751 1.545515 2.492219
 [3,] 15.20812 30.96131 15.75318 1.545594 2.491722
 [4,] 15.21043 30.96222 15.75179 1.545503 2.492275
 [5,] 15.21584 30.97043 15.75459 1.545524 2.492550
 [6,] 15.20822 30.96304 15.75481 1.546298 2.490221
 [7,] 15.21147 30.96532 15.75385 1.545449 2.493163
 [8,] 15.20794 30.96221 15.75428 1.545514 2.492431
 [9,] 15.20417 30.95878 15.75461 1.545544 2.492109
[10,] 15.17355 30.96131 15.78776 1.546211 2.490631
[11,] 15.04321 30.96440 15.92119 1.550273 2.489584
[12,] 14.80595 30.95378 16.14783 1.542022 2.508814

$Refset$penalty
 [1] 0 0 0 0 0 0 0 0 0 0 0 0


