$f
 [1] 1062.55382  916.63021  654.82986  525.64236  520.41667  482.14757  441.68924  441.20139  372.85069  345.83507  244.24132  210.61632  124.36285  116.11285  115.93576  113.41146  109.30903  106.59896  102.69965  102.09549  100.16840
[22]   97.86285   96.38368   93.36458   93.03993   92.92882   92.67882   92.13194   81.17187   71.94618   69.28819

$x
          [,1]     [,2]      [,3]     [,4]     [,5]     [,6]     [,7]     [,8]     [,9]    [,10]
xbest 20.99829 404.4335 0.3720886 15.97858 286.4572 36.71108 31.95420 3.755464 8.981420 3.681581
xbest 11.72275 249.7485 0.3828834 27.81371 285.7946 45.35216 34.04928 4.185522 4.555876 2.752381
xbest 11.72275 267.1703 0.3266334 27.81371 285.9446 45.35216 34.13053 4.785522 4.555876 2.752381
xbest 25.30433 332.5911 0.1000000 23.09753 286.2274 33.59612 27.35160 2.479667 2.000000 2.239989
xbest 24.74582 403.4630 0.1000000 18.48637 286.3605 33.97595 28.46585 2.057072 3.578028 2.420184
xbest 14.37954 275.6179 0.1124501 24.18407 286.4260 41.72494 33.22894 7.183729 5.046068 2.944341
xbest 24.59238 418.7419 0.1000000 18.18699 286.4324 33.95998 29.07653 2.110483 3.292441 2.390319
xbest 25.36542 362.0106 0.1757460 22.37828 286.5586 36.20166 24.85893 2.684523 2.543054 3.279551
xbest 23.35050 362.9933 0.1742925 22.17438 286.5634 36.26957 24.80092 2.852691 2.763747 3.120796
xbest 14.11729 284.5735 0.1127319 24.13924 286.3761 41.87890 30.97376 7.582102 4.809339 2.952672
xbest 13.94435 284.5735 0.1802319 24.13794 286.3709 42.67890 31.03524 7.591812 5.134867 2.970136
xbest 19.10124 364.0647 0.1043324 20.86148 286.6131 38.34993 27.91724 7.092063 2.488712 1.260696
xbest 19.10124 364.0647 0.1000000 20.86148 286.6225 37.94993 27.91724 7.085520 2.876212 1.200000
xbest 18.49364 360.2154 0.1183571 22.02909 286.6119 36.63966 27.92417 7.012686 2.884390 1.399479
xbest 19.27402 359.5962 0.1073746 21.37849 286.6141 36.55384 27.88262 6.813832 3.122027 1.297648
xbest 18.57949 359.9127 0.1160704 22.18528 286.6132 36.63644 27.95774 7.015291 2.881344 1.403771
xbest 18.31902 360.0414 0.1213760 22.33510 286.6132 36.62331 27.96044 6.984175 2.880046 1.448998
xbest 18.24648 359.9059 0.1278328 22.93384 286.6152 36.62547 28.00767 6.984384 2.836984 1.455058
xbest 18.29231 360.0653 0.1367214 22.94705 286.6145 36.58687 28.06432 6.978198 2.695814 1.468605
xbest 18.61115 360.2352 0.1261555 22.02879 286.6143 36.60667 27.94748 6.972968 2.973013 1.424886
xbest 18.79718 360.2772 0.1280290 22.23642 286.6143 36.60738 27.93610 6.972788 3.053636 1.433137
xbest 18.79718 360.2772 0.1281169 22.04892 286.6143 36.60738 27.93610 6.972788 3.053636 1.433137
xbest 18.57601 359.7864 0.1254868 22.47300 286.6112 36.58915 28.02249 6.965542 2.837835 1.447038
xbest 18.57601 359.7864 0.1261899 22.47300 286.6112 36.58915 28.02249 6.966324 2.859710 1.441472
xbest 18.32509 359.9230 0.1317953 22.44642 286.6117 36.56875 28.00837 6.965747 2.889763 1.443818
xbest 18.31826 359.9230 0.1317953 22.44642 286.6117 36.56875 28.00837 6.965747 2.889763 1.443818
xbest 18.46280 359.7692 0.1286939 22.50699 286.6124 36.57344 27.99734 6.966249 2.866748 1.452318
xbest 18.45623 359.8134 0.1273058 22.49740 286.6122 36.56990 27.99948 6.965985 2.869942 1.452566
xbest 18.48298 360.0222 0.1284574 22.44395 286.6018 36.67668 27.77203 6.694888 3.153111 1.985321
xbest 18.26423 360.0222 0.1228324 22.63145 286.6018 36.67668 27.82948 6.694888 3.125522 1.997196
xbest 18.26423 360.0222 0.1228324 22.63145 286.6205 36.67668 27.82948 6.694888 3.125522 1.997196

$time
elapsed elapsed elapsed elapsed elapsed elapsed elapsed elapsed elapsed elapsed elapsed elapsed elapsed elapsed elapsed elapsed elapsed elapsed elapsed elapsed elapsed elapsed elapsed elapsed elapsed elapsed elapsed elapsed elapsed elapsed 
   1.97    5.40    8.05   11.34   14.50   21.81   25.19   28.30   31.48   38.12   44.72  542.17  544.80  590.19  628.90  633.53  637.40  640.44  649.39  652.59  655.86  663.65  708.37  710.55  740.80  742.37  745.22  756.89  766.47  774.47 
elapsed 
1175.65 

$neval
 [1]   106   251   364   509   648   928  1071  1206  1343  1630  1918 21828 21950 23998 25707 25911 26050 26187 26592 26726 26862 27210 29229 29330 30693 30767 30903 31442 31856 32242 50056

$fbest
[1] 69.28819

$xbest
 [1]  18.2642273 360.0222205   0.1228324  22.6314461 286.6205245  36.6766817  27.8294804   6.6948882   3.1255219   1.9971958

$numeval
[1] 50056

$end_crit
[1] 1

$cpu_time
elapsed 
1175.65 

$Refset
$Refset$x
          [,1]     [,2]      [,3]     [,4]     [,5]     [,6]     [,7]     [,8]     [,9]    [,10]
 [1,] 23.29558 443.7987 0.6870306 29.67790 285.7475 23.03582 45.74881 6.921146 3.186967 2.404576
 [2,] 18.31834 359.7542 0.1224659 22.42243 286.6141 36.59424 28.00422 6.966574 2.911574 1.439097
 [3,] 18.31860 359.7564 0.1224603 22.42223 286.6140 36.59414 28.00421 6.966585 2.911575 1.439103
 [4,] 18.31764 359.7081 0.1224645 22.42238 286.6140 36.59434 28.00598 6.966572 2.913749 1.439246
 [5,] 18.31814 359.7609 0.1224707 22.42235 286.6141 36.59438 28.00406 6.966542 2.911574 1.439043
 [6,] 18.31841 359.7568 0.1224454 22.42206 286.6141 36.59413 28.00414 6.966569 2.911574 1.439054
 [7,] 18.31803 359.7617 0.1224661 22.42234 286.6141 36.59433 28.00437 6.966568 2.911611 1.439107
 [8,] 18.31785 359.6052 0.1224512 22.43120 286.6140 36.59412 28.00446 6.966612 2.910108 1.439000
 [9,] 18.31799 359.7629 0.1224657 22.42225 286.6141 36.59363 28.00444 6.966589 2.911587 1.439141
[10,] 18.32326 361.0629 0.1227852 22.23134 286.6155 36.58843 27.98789 6.975516 2.997657 1.442953
[11,] 18.33352 359.6746 0.1246759 22.62836 286.6099 36.70068 27.99892 6.823717 2.912005 1.512765
[12,] 18.36373 339.8803 0.1212965 22.70696 286.5035 35.79273 28.01477 6.963989 3.309297 1.448324

$Refset$f
 [1] 1.000000e+06 8.459549e+01 8.459549e+01 8.459549e+01 8.459549e+01 8.459549e+01 8.459549e+01 8.459549e+01 8.459549e+01 1.016528e+02 1.235521e+02 3.029097e+02

$Refset$fpen
 [1] 9.999975e+11 8.459549e+01 8.459549e+01 8.459549e+01 8.459549e+01 8.459549e+01 8.459549e+01 8.459549e+01 8.459549e+01 1.016528e+02 1.235521e+02 3.029097e+02

$Refset$const
              [,1]         [,2]         [,3]         [,4]         [,5]
 [1,] 1.000000e+06 1.000000e+06 1.000000e+06 1.000000e+06 1.000000e+06
 [2,] 1.951086e+01 3.308843e+01 1.357757e+01 1.503848e+00 3.019029e+00
 [3,] 1.951065e+01 3.308842e+01 1.357777e+01 1.503854e+00 3.019011e+00
 [4,] 1.950863e+01 3.308625e+01 1.357762e+01 1.503849e+00 3.019163e+00
 [5,] 1.951078e+01 3.308843e+01 1.357765e+01 1.503852e+00 3.018993e+00
 [6,] 1.951049e+01 3.308843e+01 1.357794e+01 1.503848e+00 3.019029e+00
 [7,] 1.951073e+01 3.308839e+01 1.357766e+01 1.503849e+00 3.019030e+00
 [8,] 1.952110e+01 3.308989e+01 1.356880e+01 1.503855e+00 3.019031e+00
 [9,] 1.951066e+01 3.308841e+01 1.357775e+01 1.503844e+00 3.019097e+00
[10,] 1.923369e+01 3.300234e+01 1.376866e+01 1.503736e+00 3.018469e+00
[11,] 1.971635e+01 3.308799e+01 1.337164e+01 1.504796e+00 3.008682e+00
[12,] 1.939767e+01 3.269070e+01 1.329304e+01 1.514308e+00 3.035087e+00

$Refset$penalty
 [1] 999996.5      0.0      0.0      0.0      0.0      0.0      0.0      0.0      0.0      0.0      0.0      0.0


