$f
 [1] 1713.7170 1689.7361  897.1493  882.4774  861.4201  844.6250  807.1337  805.4878  764.2361  761.2465  758.2344  746.4757  736.6424  735.8507  733.6736  733.4132  733.2465  733.1389  732.8368  729.7812  729.7812

$x
           [,1]     [,2]      [,3]     [,4]     [,5]     [,6]     [,7]      [,8]     [,9]    [,10]
xbest 16.406741 385.5546 0.2072663 17.16216 286.0860 37.42636 28.22092  3.688289 6.337364 1.970848
xbest  5.000000 230.5638 0.8946219 27.48024 285.7403 42.72208 34.96399 10.000000 5.164221 1.200000
xbest  5.000000 235.5638 0.9192755 27.55272 285.6645 44.32208 34.79649  9.593558 5.009605 1.203060
xbest  5.092056 233.7349 0.7444032 27.77815 285.6924 44.23109 36.81450  8.685682 5.283689 1.509316
xbest  5.064712 233.7349 0.7444032 27.78401 285.6924 44.33109 36.81450  8.685682 5.277439 1.509316
xbest  5.235730 234.2390 0.7296345 27.68969 285.7408 44.75040 36.95564  8.719154 5.302933 1.482853
xbest  5.000000 234.3171 0.7296345 27.68969 285.7408 44.75040 36.95564  8.719154 5.302933 1.482853
xbest  5.463802 237.6830 0.6572396 26.85822 285.6838 44.83451 36.37409  8.567744 5.231134 1.548317
xbest  5.463802 237.6048 0.6298177 26.85529 285.6838 44.83451 36.31315  8.567353 5.231134 1.542194
xbest  5.579384 241.7922 0.6283378 26.92697 285.6868 44.79889 36.32781  8.572553 5.029273 1.536079
xbest  5.579384 241.7922 0.6283378 26.92697 285.6868 44.79889 36.28719  8.572553 5.029273 1.536079
xbest  5.531877 237.6824 0.5884546 26.74123 285.6777 45.04447 36.19308  8.564810 5.230918 1.552255
xbest  5.531877 237.3309 0.6095483 26.74123 285.6777 45.04447 36.20324  8.564810 5.210606 1.552255
xbest  5.638262 240.1408 0.3893023 26.37553 285.6884 44.74849 36.29300  8.565064 4.804704 1.538185
xbest  5.638262 240.2189 0.3896538 26.37553 285.6884 44.74849 36.29300  8.565064 4.810954 1.538185
xbest  5.624161 240.5954 0.4129261 26.37471 285.6891 44.74996 36.29550  8.564498 4.887143 1.538733
xbest  5.628379 240.8792 0.4085886 26.39673 285.6886 44.74300 36.29521  8.564751 4.847721 1.538321
xbest  5.619472 240.4001 0.4163377 26.35990 285.6884 44.75493 36.29499  8.565308 4.913117 1.538526
xbest  5.619781 240.3906 0.4152365 26.36271 285.6911 44.77486 36.29841  8.568388 4.914033 1.535189
xbest  5.619781 240.3906 0.4154122 26.36271 285.6911 44.77486 36.29841  8.568583 4.904658 1.535189
xbest  5.619781 240.3906 0.4154122 26.36271 285.6911 44.77486 36.29841  8.568583 4.904658 1.535189

$time
elapsed elapsed elapsed elapsed elapsed elapsed elapsed elapsed elapsed elapsed elapsed elapsed elapsed elapsed elapsed elapsed elapsed elapsed elapsed elapsed elapsed 
   1.94    5.27    8.81   43.11   45.25   65.20   79.17  173.86  176.91  201.66  209.33  225.73  244.06  417.00  419.03  459.83  546.84  631.02  684.03  686.08 1201.95 

$neval
 [1]   106   254   405  1790  1879  2690  3305  7393  7522  8605  8945  9624 10415 17493 17578 19337 23062 26655 28995 29083 50134

$fbest
[1] 729.7812

$xbest
 [1]   5.6197814 240.3906311   0.4154122  26.3627067 285.6911049  44.7748583  36.2984125   8.5685830   4.9046576   1.5351890

$numeval
[1] 50134

$end_crit
[1] 1

$cpu_time
elapsed 
1201.95 

$Refset
$Refset$x
          [,1]     [,2]      [,3]     [,4]     [,5]     [,6]     [,7]     [,8]     [,9]    [,10]
 [1,] 5.665201 239.5228 0.4020387 26.34264 285.6850 44.73372 36.31654 8.561823 4.889042 1.541853
 [2,] 5.664617 239.9419 0.4021156 26.31833 285.6850 44.73207 36.31827 8.561800 4.889162 1.541949
 [3,] 5.665185 239.4924 0.4020243 26.33806 285.6847 44.73267 36.31655 8.562033 4.893686 1.541855
 [4,] 5.655791 239.7703 0.4020029 26.33913 285.6851 44.73481 36.31784 8.561824 4.889095 1.541930
 [5,] 5.665079 239.6459 0.4020781 26.33655 285.6849 44.73348 36.31696 8.561733 4.889147 1.542093
 [6,] 5.671232 237.9985 0.4018883 26.33161 285.6865 44.69584 36.31652 8.560261 4.960555 1.541466
 [7,] 5.634449 239.6612 0.4020787 26.28438 285.6851 44.73512 36.31461 8.561761 4.888956 1.542090
 [8,] 5.664937 235.9934 0.4059645 26.43641 285.6809 44.64943 36.31092 8.569390 4.960847 1.535662
 [9,] 5.692651 240.1548 0.4022578 26.24130 285.6441 44.75746 36.29122 8.556161 4.878654 1.534316
[10,] 5.673203 246.2827 0.3962575 25.75868 285.6443 44.51249 36.31466 8.566904 4.891774 1.521265
[11,] 5.692340 248.7357 0.3982294 26.35160 285.6449 44.57986 36.38912 8.561901 4.402122 1.554868
[12,] 5.000000 249.5395 0.2393523 29.81237 285.8411 45.86803 33.67579 4.882904 4.475281 1.933543

$Refset$f
 [1]  731.5868  732.0052  732.3924  732.4340  731.5868  735.0556  738.0833  748.3559  749.6962  780.5295  847.3264 3319.3628

$Refset$fpen
 [1]  731.5868  732.0052  732.3924  732.4340  731.5868  735.0556  738.0833  748.3559  749.6962  780.5295  847.3264 3319.3628

$Refset$const
          [,1]     [,2]      [,3]     [,4]     [,5]
 [1,] 21.45360 31.11096  9.657361 1.615017 2.854741
 [2,] 21.42917 31.11084  9.681671 1.615011 2.854980
 [3,] 21.44438 31.10631  9.661936 1.615056 2.854724
 [4,] 21.45004 31.11090  9.660870 1.615003 2.854802
 [5,] 21.44741 31.11085  9.663446 1.615036 2.854747
 [6,] 21.37105 31.03944  9.668390 1.614761 2.857551
 [7,] 21.39542 31.11104  9.715621 1.615017 2.854516
 [8,] 21.47557 31.03915  9.563587 1.615437 2.858506
 [9,] 21.36264 31.12135  9.758701 1.620548 2.839970
[10,] 20.86690 31.10823 10.241325 1.620063 2.857480
[11,] 21.94947 31.59788  9.648404 1.619952 2.859165
[12,] 25.33709 31.52472  6.187628 1.601072 2.645671

$Refset$penalty
 [1] 0 0 0 0 0 0 0 0 0 0 0 0


