$f
 [1] 1008.8490  900.3507  482.5799  426.4097  387.4566  369.5035  366.9878  340.6528  334.8819  331.9878  329.8472  327.7795  318.3646  275.0660  267.5660  266.6979  238.7917  231.1146  213.5104  194.4028  194.4028

$x
          [,1]     [,2]      [,3]     [,4]     [,5]     [,6]     [,7]     [,8]     [,9]    [,10]
xbest 10.73990 218.2056 0.2714620 23.31749 285.5895 39.90411 33.67794 2.441267 9.116977 2.885695
xbest 10.45686 242.7286 0.7437158 28.30314 284.8465 34.76625 26.78062 2.695051 6.462507 1.472021
xbest 11.79286 242.7286 0.2487158 28.30314 285.6943 34.36294 26.78062 2.967705 5.857542 1.731043
xbest 15.17397 240.3532 0.2243405 28.30140 286.5200 34.35494 27.12383 3.796489 5.677414 1.747957
xbest 14.18280 240.8774 0.2010615 28.31858 286.5064 37.49936 27.47631 3.916806 5.383560 2.468258
xbest 13.89379 239.5802 0.1658094 28.35722 286.5578 38.67057 26.87264 4.023576 5.203679 2.769953
xbest 13.95142 241.6535 0.1981832 28.31042 286.5026 38.29465 26.74118 4.087659 5.378559 2.815267
xbest 14.31393 239.5196 0.1921755 28.64480 286.5572 38.18559 27.12341 3.563129 5.212458 1.748476
xbest 14.37937 243.4196 0.2091260 28.42046 286.5660 38.27124 27.19777 3.984597 5.215757 2.584995
xbest 14.50050 243.4508 0.2089488 28.42356 286.5827 38.28383 27.14236 3.985591 5.158618 2.407299
xbest 14.48105 242.4730 0.2088870 28.42401 286.5661 38.31555 27.02067 4.077536 5.174229 3.041062
xbest 14.47422 242.4730 0.2088870 28.42401 286.6036 38.31555 27.02067 4.077536 5.174229 3.041062
xbest 14.36043 262.1364 0.1952821 28.46286 286.6253 41.87887 26.90515 3.970443 4.229270 1.446347
xbest 14.36043 260.5370 0.2205946 28.46286 286.6159 41.86489 27.06765 4.241949 4.271196 1.470097
xbest 14.42678 269.7741 0.1843175 28.50301 286.6778 42.07004 27.00850 3.949122 3.633695 1.204257
xbest 14.51377 293.6372 0.1777738 28.49715 286.7253 42.63543 26.88311 4.299574 2.823414 1.200000
xbest 14.49540 287.2895 0.1691915 28.50795 286.7590 42.56313 26.73724 4.289638 2.994018 1.200000
xbest 14.49540 287.2895 0.1895821 28.50795 286.7590 42.56313 26.73724 4.314638 2.994018 1.211875
xbest 14.60054 283.5206 0.1856510 28.26226 286.7338 42.86746 26.76853 4.436748 3.091335 1.204853
xbest 14.51851 283.5206 0.1765104 28.26226 286.7338 42.87996 26.72791 4.461748 3.069460 1.207821
xbest 14.51851 283.5206 0.1765104 28.26226 286.7338 42.87996 26.72791 4.461748 3.069460 1.207821

$time
elapsed elapsed elapsed elapsed elapsed elapsed elapsed elapsed elapsed elapsed elapsed elapsed elapsed elapsed elapsed elapsed elapsed elapsed elapsed elapsed elapsed 
   2.03    8.64   12.67   26.53   36.42   40.31   51.47   54.77   65.11   75.00   81.41   83.24  126.85  130.28  155.31  158.36  162.05  164.19  231.96  234.80 1202.99 

$neval
 [1]   106   400   580  1146  1570  1712  2189  2331  2742  3170  3444  3522  5416  5569  6653  6787  6921  7014  9715  9841 50130

$fbest
[1] 194.4028

$xbest
 [1]  14.5185062 283.5206350   0.1765104  28.2622647 286.7338045  42.8799596  26.7279085   4.4617475   3.0694604   1.2078213

$numeval
[1] 50130

$end_crit
[1] 1

$cpu_time
elapsed 
1202.99 

$Refset
$Refset$x
          [,1]     [,2]      [,3]     [,4]     [,5]     [,6]     [,7]     [,8]     [,9]    [,10]
 [1,] 14.58193 273.1515 0.1532495 28.48549 286.6784 42.31968 26.68260 4.339001 3.200152 1.232491
 [2,] 14.58328 273.1562 0.1530739 28.48409 286.6782 42.31987 26.68231 4.339003 3.199249 1.232561
 [3,] 14.58155 273.2686 0.1530783 28.48298 286.6785 42.31880 26.68147 4.339103 3.196573 1.232658
 [4,] 14.58118 273.3257 0.1531148 28.47990 286.6787 42.31828 26.68165 4.339147 3.196907 1.233447
 [5,] 14.58145 273.1594 0.1532403 28.48516 286.6784 42.31940 26.68277 4.339068 3.200114 1.232478
 [6,] 14.59287 273.1529 0.1530425 28.46288 286.6803 42.31887 26.68194 4.338489 3.208763 1.232454
 [7,] 14.58168 273.1595 0.1531752 28.48469 286.6783 42.31979 26.68235 4.339007 3.199882 1.232539
 [8,] 14.58099 273.5025 0.1545291 28.48727 286.6754 42.32312 26.60770 4.347595 3.200206 1.229996
 [9,] 14.53883 273.2563 0.1562154 28.49518 286.6786 42.39603 26.62106 4.342252 3.249164 1.244949
[10,] 14.24354 307.4325 0.1000000 27.72181 286.7414 44.78981 25.00582 4.474594 2.090363 1.241983
[11,] 14.95927 279.1722 0.1324880 27.65035 286.6837 42.32751 26.69027 4.336855 3.175305 1.232466
[12,] 14.39828 259.9661 0.1683626 23.73702 286.1274 38.39733 28.52616 4.530127 6.982287 1.871446

$Refset$f
 [1] 204.1493 204.1493 204.1493 204.1493 204.1493 204.1493 204.1493 208.2778 214.7934 271.1719 224.0347 583.8837

$Refset$fpen
 [1] 204.1493 204.1493 204.1493 204.1493 204.1493 204.1493 204.1493 208.2778 214.7934 271.1719 224.0347 583.8837

$Refset$const
          [,1]     [,2]      [,3]     [,4]     [,5]
 [1,] 25.28533 32.79985  7.514514 1.516305 2.613226
 [2,] 25.28484 32.80075  7.515910 1.516328 2.613119
 [3,] 25.28640 32.80343  7.517025 1.516296 2.613224
 [4,] 25.28299 32.80309  7.520100 1.516277 2.613320
 [5,] 25.28504 32.79989  7.514845 1.516304 2.613250
 [6,] 25.25411 32.79124  7.537122 1.516104 2.613926
 [7,] 25.28481 32.80012  7.515313 1.516317 2.613163
 [8,] 25.28707 32.79979  7.512728 1.516821 2.606905
 [9,] 25.24602 32.75084  7.504816 1.516560 2.605935
[10,] 25.63145 33.90964  8.278191 1.516235 2.440338
[11,] 24.47505 32.82470  8.349650 1.515730 2.615419
[12,] 16.75473 29.01771 12.262981 1.566301 2.758572

$Refset$penalty
 [1] 0 0 0 0 0 0 0 0 0 0 0 0


