$f
 [1] 951.8785 656.1632 518.9149 514.8767 454.6042 422.8212 412.7396 382.9601 322.1684 314.4809 307.2083 304.4358 303.5920 303.4184 303.0920 303.0660 302.7101 302.5625 302.2101 302.0538 302.0104 301.9062 301.1267 297.1910 296.9219 296.8368
[27] 296.6875 296.5556 296.5556

$x
          [,1]     [,2]      [,3]     [,4]     [,5]     [,6]     [,7]     [,8]     [,9]    [,10]
xbest 21.01068 291.3107 0.9349203 23.68555 286.1347 32.75942 25.69501 6.768301 2.868119 1.246134
xbest 20.98959 284.8340 0.9661171 20.50234 286.2184 30.74653 24.13857 7.914811 5.933135 1.568964
xbest 21.20834 287.3340 0.9829921 20.31484 286.2184 30.44653 24.00000 7.914811 5.945635 1.557089
xbest 20.61783 301.4475 0.2898186 21.24153 286.3527 32.39516 25.11867 7.199148 5.556700 2.399560
xbest 20.62508 305.2404 0.1000000 21.70190 286.3537 32.60029 25.21541 7.140404 4.278614 3.092152
xbest 21.27234 304.6779 0.1061879 21.35808 286.3563 32.55747 25.19740 7.144307 4.447458 3.077569
xbest 20.87298 306.2910 0.1037737 21.70461 286.3543 32.49943 25.08444 7.151865 4.263240 3.102960
xbest 21.32362 305.5762 0.1603424 22.00027 286.3234 32.56713 24.89310 7.188474 3.574203 2.084317
xbest 19.03039 305.0088 0.1580548 21.15287 286.2867 32.72602 24.96750 7.208392 5.198593 2.084317
xbest 20.97943 301.7529 0.1308030 20.70057 286.4096 37.19305 25.14216 7.095674 3.613653 2.124381
xbest 20.97217 301.7529 0.1000000 20.70204 286.4096 37.19149 25.14216 7.096065 3.613653 2.124381
xbest 20.67329 307.6179 0.1034915 21.14982 286.2970 32.53503 25.14660 7.204607 4.147935 2.033503
xbest 20.68696 307.6179 0.1033157 21.14982 286.2970 32.53503 25.14660 7.204607 4.154185 2.033503
xbest 20.66507 307.6141 0.1038612 21.15030 286.2964 32.53784 25.11967 7.204891 4.141230 2.034035
xbest 20.66507 307.6141 0.1036855 21.15030 286.2964 32.53784 25.11967 7.204891 4.144355 2.037004
xbest 20.69642 307.7227 0.1037551 21.15376 286.2985 32.54304 25.13319 7.204293 4.132385 2.033715
xbest 20.69070 307.8875 0.1036841 21.15617 286.2997 32.54241 25.13253 7.204442 4.100196 2.033588
xbest 20.69075 307.7806 0.1036944 21.15709 286.2995 32.54418 25.13445 7.204443 4.103285 2.033292
xbest 20.71028 307.9198 0.1036745 21.15570 286.2982 32.54191 25.13947 7.204538 4.102176 2.033997
xbest 20.69539 307.8148 0.1037430 21.15640 286.3005 32.54213 25.13512 7.204323 4.102960 2.033557
xbest 20.70712 307.8771 0.1036435 21.15614 286.3005 32.54498 25.13843 7.204330 4.105232 2.033087
xbest 20.71018 307.9763 0.1036726 21.15614 286.2983 32.54368 25.13913 7.204496 4.096736 2.034135
xbest 20.68462 309.4213 0.1014675 21.15591 286.2996 32.53693 25.14723 7.204877 4.109079 2.036965
xbest 20.70171 309.4213 0.1003516 21.15005 286.2996 32.53773 25.13707 7.204877 4.109079 2.036965
xbest 20.66961 309.0952 0.1003752 21.15545 286.2992 32.54107 25.13964 7.205221 4.134295 2.035744
xbest 20.66961 309.0952 0.1003533 21.15545 286.2992 32.54107 25.13964 7.205221 4.134295 2.035744
xbest 20.67630 309.3000 0.1002020 21.14570 286.2992 32.54233 25.14056 7.207068 4.120122 2.037378
xbest 20.67733 309.1661 0.1003225 21.14684 286.2991 32.54230 25.14187 7.206624 4.125779 2.036526
xbest 20.67733 309.1661 0.1003225 21.14684 286.2991 32.54230 25.14187 7.206624 4.125779 2.036526

$time
elapsed elapsed elapsed elapsed elapsed elapsed elapsed elapsed elapsed elapsed elapsed elapsed elapsed elapsed elapsed elapsed elapsed elapsed elapsed elapsed elapsed elapsed elapsed elapsed elapsed elapsed elapsed elapsed elapsed 
   2.09    5.39    8.23   18.87   22.03   28.43   34.81   37.98   46.53  122.47  124.72  808.75  810.73  840.81  845.78  869.14  884.53  890.98  894.92  901.40  907.59  964.09 1009.37 1011.89 1045.12 1047.50 1112.20 1182.70 1185.98 

$neval
 [1]   106   253   384   820   962  1242  1524  1663  2002  5293  5392 34456 34540 35777 35998 36950 37573 37851 37990 38267 38543 40920 42808 42919 44286 44360 47080 50028 50097

$fbest
[1] 296.5556

$xbest
 [1]  20.6773347 309.1661382   0.1003225  21.1468404 286.2991274  32.5422952  25.1418685   7.2066235   4.1257795   2.0365265

$numeval
[1] 50097

$end_crit
[1] 1

$cpu_time
elapsed 
1185.98 

$Refset
$Refset$x
            [,1]      [,2]       [,3]       [,4]       [,5]       [,6]     [,7]       [,8]       [,9]     [,10]
 [1,] 309.166138  21.14684 32.5422952   7.206624   2.036526 309.166138 21.14684 32.5422952   7.206624  2.036526
 [2,]   4.125779  20.67733  0.1003225 286.299127  25.141868   4.125779 20.67733  0.1003225 286.299127 25.141868
 [3,]  20.669645 309.20203  0.1002937  21.156106 286.298901  32.541968 25.14052  7.2054047   4.128458  2.035872
 [4,]  20.670288 309.42209  0.1003440  21.143038 286.299010  32.542389 25.14150  7.2062102   4.124574  2.036169
 [5,]  20.677335 309.16614  0.1003225  21.146840 286.299127  32.542295 25.14187  7.2066235   4.125779  2.036526
 [6,]  20.665269 309.14948  0.1011011  21.152517 286.297760  32.544803 25.12757  7.2055685   4.131323  2.036031
 [7,]  20.677490 308.44139  0.1014332  21.158073 286.285609  32.035270 25.27089  7.2072738   4.124070  2.035864
 [8,]  20.700029 308.44868  0.1064828  21.182504 286.258795  35.031378 25.09260  6.8970341   4.135927  2.085155
 [9,]  20.649614 308.07399  0.2173435  21.157835 286.298021  32.509978 25.12326  7.2714013   4.860455  2.177682
[10,]  28.832854 266.37650  0.3391396  20.336634 286.511952  33.850385 25.24976  6.4170429   2.391256  2.847861
[11,]  23.153322 204.66355  0.2077281  16.104176 285.423687  36.980207 25.40972  5.6711315   3.802021  2.539946
[12,]  21.938083 316.64109  0.3289500  23.383366 286.392116  28.817599 24.00000  6.1538370   2.899189  1.927379

$Refset$f
 [1]  296.5556  296.5556  296.9219  297.0035  296.5556  297.6875  375.2153  467.0556  451.8837 1006.7708 2352.7951 1549.9514

$Refset$fpen
 [1]  296.5556  296.5556  296.9219  297.0035  296.5556  297.6875  375.2153  467.0556  451.8837 1006.7708 2352.7951 1549.9514

$Refset$const
           [,1]      [,2]     [,3]      [,4]      [,5]
 [1,] 31.874221  1.541455 17.02106 14.853160  2.917616
 [2,]  1.541455 17.021061 14.85316  2.917616 31.874221
 [3,] 17.027647 31.871542 14.84389  1.541488  2.917414
 [4,] 17.018465 31.875426 14.85696  1.541472  2.917525
 [5,] 17.021061 31.874221 14.85316  1.541455  2.917616
 [6,] 17.021195 31.868677 14.84748  1.541701  2.915366
 [7,] 17.034002 31.875930 14.84193  1.540556  2.970154
 [8,] 17.046577 31.864073 14.81750  1.553652  2.718332
 [9,] 16.297380 31.139545 14.84216  1.541562  2.917886
[10,] 17.945378 33.608744 15.66337  1.519653  2.908153
[11,] 12.302155 32.197979 19.89582  1.647509  2.414365
[12,] 20.484177 33.100811 12.61663  1.518697  3.181097

$Refset$penalty
 [1] 0 0 0 0 0 0 0 0 0 0 0 0


