$f
 [1] 2789.5156 1727.5486 1125.1024  660.2882  657.4010  618.4531  522.9878  512.9358  512.6962  511.2622  510.9792  510.3420  509.4323  508.0885  504.7500  500.9948  497.3507  496.0642  495.4740  479.8038  368.8212  368.8212

$x
           [,1]     [,2]      [,3]     [,4]     [,5]     [,6]     [,7]     [,8]     [,9]    [,10]
xbest  6.899033 133.3401 0.5939789 27.85323 284.9151 44.50791 29.94517 8.224144 4.442516 1.317718
xbest 17.898324 193.8847 0.2635731 23.45131 285.6172 37.37111 26.16446 5.806132 4.642599 3.605587
xbest 17.898324 193.8847 0.1000000 22.70131 285.4626 37.37111 26.16446 5.806132 5.083224 2.139024
xbest 20.027849 208.3045 0.1000000 23.56477 286.6446 38.57669 26.10542 5.742261 4.121231 1.200000
xbest 19.787407 204.8211 0.1000000 23.29504 286.7117 38.29121 26.18956 5.758605 4.120982 1.200000
xbest 19.496291 212.2234 0.1000000 23.36417 286.6195 35.97855 26.45704 6.050101 4.845168 1.845255
xbest 19.838915 215.1586 0.1000000 23.26247 286.6911 37.02842 26.30700 6.132127 4.179387 1.466164
xbest 19.838915 215.1586 0.1000000 23.26247 286.6911 36.91592 26.46950 6.132127 4.180949 1.454289
xbest 19.189626 219.5128 0.1068590 23.40975 286.6258 36.42569 26.25720 6.124597 4.307839 1.525546
xbest 19.189626 219.5128 0.1068590 23.40975 286.6258 36.42569 26.25720 6.124597 4.310964 1.525546
xbest 19.784424 208.8012 0.1056300 23.38300 286.6149 36.56202 26.27006 6.127081 4.296580 1.457809
xbest 19.784424 208.7621 0.1056300 23.38300 286.6149 36.56202 26.27006 6.127081 4.296580 1.458551
xbest 19.824122 208.6831 0.1049500 23.37868 286.6138 36.56156 26.26769 6.125786 4.293927 1.458242
xbest 19.581516 210.5634 0.1079777 23.44246 286.6271 36.44247 26.26400 6.121894 4.315346 1.525288
xbest 19.581516 210.7196 0.1079777 23.43953 286.6271 36.44247 26.26400 6.121894 4.324721 1.525288
xbest 19.725726 209.5127 0.1052701 23.43166 286.5988 36.67935 26.10487 6.166721 4.233236 1.436171
xbest 19.725726 209.5127 0.1052701 23.43166 286.5988 36.67935 26.10487 6.166819 4.208236 1.436171
xbest 19.701927 209.3979 0.1060400 23.43557 286.5993 36.71056 26.08362 6.171106 4.213690 1.436368
xbest 19.701927 209.3979 0.1060400 23.43557 286.5993 36.71056 26.12425 6.171106 4.213690 1.436368
xbest 17.105336 218.7370 0.1024335 21.83131 286.5458 46.72350 26.61903 6.314977 4.490808 1.532750
xbest 16.667836 198.7370 0.1000000 23.05006 286.5458 46.72350 26.53778 6.264977 4.390808 1.549733
xbest 16.667836 198.7370 0.1000000 23.05006 286.5458 46.72350 26.53778 6.264977 4.390808 1.549733

$time
elapsed elapsed elapsed elapsed elapsed elapsed elapsed elapsed elapsed elapsed elapsed elapsed elapsed elapsed elapsed elapsed elapsed elapsed elapsed elapsed elapsed elapsed 
   2.83    5.94    9.31   15.94   29.22   32.30   35.55   44.70  114.75  116.33  152.00  153.83  176.27  183.00  188.19  255.10  257.00  269.74  289.31  309.81  321.25 1160.42 

$neval
 [1]   106   257   403   694  1263  1401  1543  1921  4922  4995  6489  6567  7515  7784  8006 10847 10933 11493 12389 13350 13899 50023

$fbest
[1] 368.8212

$xbest
 [1]  16.667836 198.737044   0.100000  23.050064 286.545786  46.723498  26.537776   6.264977   4.390808   1.549733

$numeval
[1] 50023

$end_crit
[1] 1

$cpu_time
elapsed 
1160.42 

$Refset
$Refset$x
          [,1]     [,2]      [,3]     [,4]     [,5]     [,6]     [,7]     [,8]     [,9]    [,10]
 [1,] 19.81422 212.8683 0.1010012 23.55161 286.5712 36.75515 25.88291 6.183287 3.910699 1.416538
 [2,] 19.81295 212.9150 0.1010406 23.55211 286.5716 36.75562 25.87709 6.183421 3.908202 1.416727
 [3,] 19.81336 212.9050 0.1010110 23.55191 286.5713 36.75229 25.87819 6.183311 3.909564 1.416423
 [4,] 19.81345 212.8914 0.1010185 23.55159 286.5713 36.76848 25.87964 6.183337 3.909481 1.416252
 [5,] 19.82963 213.1178 0.1012921 23.55213 286.5711 36.75745 25.87914 6.183627 3.893392 1.416555
 [6,] 19.84816 212.9831 0.1011877 23.53990 286.5707 36.75446 25.87886 6.182838 3.873677 1.416790
 [7,] 19.82098 212.8323 0.1011009 23.60596 286.5711 36.76014 25.87899 6.183691 3.850890 1.414519
 [8,] 19.81818 212.8735 0.1011303 23.51413 286.5722 36.75939 25.89039 6.184410 3.930847 1.416078
 [9,] 19.83111 213.8978 0.1014138 23.41246 286.5709 36.76314 25.88352 6.182486 3.953085 1.415178
[10,] 19.74649 215.4240 0.1017544 23.41441 286.5638 36.75769 25.88674 6.179296 3.910432 1.418649
[11,] 19.66642 213.2345 0.1000000 23.50848 286.5353 39.10172 25.86898 5.882275 3.692574 2.941448
[12,] 21.49436 229.0330 0.1421970 24.48274 286.5037 37.18823 26.87522 5.736310 3.872712 1.884766

$Refset$f
 [1]  487.0208  487.0208  487.0208  487.0208  487.7986  487.8351  487.9028  488.1927  487.8403  496.4670 1037.9844 1986.1719

$Refset$fpen
 [1]  487.0208  487.0208  487.0208  487.0208  487.7986  487.8351  487.9028  488.1927  487.8403  496.4670 1037.9844 1986.1719

$Refset$const
          [,1]     [,2]     [,3]     [,4]     [,5]
 [1,] 19.64091 32.08930 12.44839 1.518994 2.794095
 [2,] 19.64391 32.09180 12.44789 1.518974 2.793710
 [3,] 19.64234 32.09044 12.44809 1.518999 2.793878
 [4,] 19.64211 32.09052 12.44841 1.519037 2.793018
 [5,] 19.65874 32.10661 12.44787 1.519032 2.793568
 [6,] 19.66622 32.12632 12.46010 1.519066 2.793586
 [7,] 19.75507 32.14911 12.39404 1.519039 2.793395
 [8,] 19.58328 32.06915 12.48587 1.518865 2.794862
 [9,] 19.45938 32.04692 12.58754 1.519055 2.793520
[10,] 19.50398 32.08957 12.58559 1.519843 2.791373
[11,] 19.81590 32.30743 12.49152 1.528373 2.650351
[12,] 20.61002 32.12729 11.51726 1.524219 2.827299

$Refset$penalty
 [1] 0 0 0 0 0 0 0 0 0 0 0 0


