$f
 [1] 1208.7917  947.0764  909.9705  808.9549  763.9149  719.7396  637.8628  626.2778  585.1910  572.3715  568.2465  565.5521  565.4844  563.6319  560.9809  548.8438  531.0625  528.2101  526.7378  526.5208  525.2674  515.1788  514.4965
[24]  511.1545  510.1441  507.8194  497.8038  495.9635  492.6615  492.2118  489.4792  483.7951  483.7240

$x
           [,1]     [,2]      [,3]     [,4]     [,5]     [,6]     [,7]     [,8]     [,9]    [,10]
xbest  9.469622 448.1024 0.8150499 16.75716 286.2513 35.09929 29.47382 6.979002 4.378458 2.266702
xbest  8.580993 466.1395 0.7062183 16.00367 286.2717 36.33215 30.64764 7.775974 4.892446 2.454239
xbest  8.580993 486.7645 0.7962183 16.00367 286.2717 35.53215 30.64764 7.775974 4.892446 2.454239
xbest  8.407340 337.7204 0.6715927 20.31381 286.3142 40.39541 30.64900 7.939757 5.423199 2.697884
xbest 10.989587 225.0076 0.4848055 24.12872 286.2959 38.65250 30.35069 4.707648 5.802195 2.550325
xbest 10.506355 148.4314 0.8141963 27.74062 286.4688 42.32073 29.62787 5.921283 6.619382 2.483271
xbest 11.208516 236.6467 0.3269343 20.46137 286.3504 41.18783 29.73083 5.530377 6.498694 1.306362
xbest 10.983816 244.2131 0.3931273 20.40490 286.3590 41.32484 29.66995 5.540596 6.661506 1.400089
xbest 11.208049 236.5898 0.3335364 20.44873 286.3594 41.13090 29.84240 5.516212 6.479513 1.395399
xbest 11.208049 234.0898 0.3335364 20.44873 286.3407 41.13090 30.00490 5.516212 6.529513 1.371649
xbest 11.266067 241.1490 0.4308749 20.52105 286.3013 41.28015 29.64341 5.682002 6.400538 1.735305
xbest 11.238723 241.1490 0.4315780 20.52105 286.3013 41.28015 29.64341 5.682002 6.397413 1.735305
xbest 11.110508 241.5262 0.5110739 20.93718 286.3053 41.14362 29.51472 5.670142 6.417132 1.739633
xbest 11.358686 230.4249 0.3207349 21.08863 286.3092 41.55793 29.93432 5.628960 6.082298 1.594633
xbest 11.380661 226.5551 0.3287711 21.06243 286.3141 41.78492 29.92831 5.624213 5.911113 1.473929
xbest 11.179488 227.8271 0.3229348 21.04731 286.3086 41.88869 29.88361 5.643511 6.131074 1.610518
xbest 11.179488 227.8271 0.3239292 21.04731 286.3121 41.86369 29.88361 5.631011 6.118574 1.596183
xbest 11.207348 238.6310 0.4331317 20.75188 286.3010 41.97104 29.83497 5.645909 6.287120 1.552235
xbest 11.207348 238.6310 0.4331317 20.75188 286.3010 41.97104 29.83497 5.639659 6.287120 1.552235
xbest 10.949898 249.2018 0.4834195 20.58839 286.2834 41.97453 29.72017 5.644834 6.289115 1.539174
xbest 10.949898 249.2018 0.4834195 20.58839 286.2834 41.97453 29.76079 5.644834 6.282865 1.539174
xbest 11.020021 244.2304 0.4254001 20.49403 286.3266 41.77160 29.82142 5.878761 6.261628 1.631311
xbest 11.031932 244.2355 0.4249436 20.49724 286.3262 41.76634 29.80289 5.877283 6.260333 1.635917
xbest 11.039317 244.2342 0.4250521 20.49874 286.3263 41.76368 29.79620 5.876560 6.260397 1.638368
xbest 11.045877 244.2332 0.4256204 20.49845 286.3256 41.76399 29.80961 5.881002 6.260460 1.626159
xbest 11.045877 244.1941 0.4256204 20.49845 286.3256 41.76399 29.80961 5.881002 6.263585 1.626159
xbest 10.693429 240.2812 0.4061022 20.62293 286.3005 41.94325 29.76472 5.948779 6.375710 1.558073
xbest 10.693429 240.2812 0.4057506 20.62293 286.2970 41.94325 29.72410 5.948779 6.363210 1.558073
xbest 11.173653 239.1857 0.4256927 20.55296 286.3340 41.95195 29.87374 5.979778 6.248741 1.624145
xbest 11.170235 239.1857 0.4256927 20.55296 286.3340 41.95195 29.87374 5.979778 6.248741 1.624145
xbest 11.182569 240.1398 0.4264315 20.51960 286.3336 41.95960 29.86948 5.981077 6.253347 1.623505
xbest 11.175733 240.1398 0.4259041 20.51960 286.3336 41.95960 29.78823 5.981077 6.253347 1.623505
xbest 11.172315 240.1398 0.4259041 20.51960 286.3336 41.95960 29.78823 5.981077 6.253347 1.623505

$time
elapsed elapsed elapsed elapsed elapsed elapsed elapsed elapsed elapsed elapsed elapsed elapsed elapsed elapsed elapsed elapsed elapsed elapsed elapsed elapsed elapsed elapsed elapsed elapsed elapsed elapsed elapsed elapsed elapsed elapsed 
   1.83    5.20    7.03   10.64   16.81   19.44   22.66   31.78   34.81   39.51   66.44   68.48   89.20  110.01  112.76  115.41  133.44  153.97  164.86  203.87  205.58  215.51  225.26  228.30  236.97  238.61  489.31  491.25  611.39  612.97 
elapsed elapsed elapsed 
 632.19  642.39 1078.64 

$neval
 [1]   106   256   345   489   770   907  1046  1462  1603  1839  3174  3263  4210  5089  5225  5359  6154  7131  7613  9359  9437  9843 10249 10384 10790 10868 22482 22577 28217 28291 29222 29716 50108

$fbest
[1] 483.724

$xbest
 [1]  11.1723154 240.1397809   0.4259041  20.5195975 286.3335906  41.9595951  29.7882300   5.9810767   6.2533472   1.6235050

$numeval
[1] 50108

$end_crit
[1] 1

$cpu_time
elapsed 
1078.64 

$Refset
$Refset$x
          [,1]     [,2]      [,3]     [,4]     [,5]     [,6]     [,7]     [,8]     [,9]    [,10]
 [1,] 10.60957 236.8312 0.4221889 21.11135 286.3288 41.95188 29.78168 5.959579 6.264645 1.560818
 [2,] 10.69632 236.8689 0.4188400 21.03408 286.3319 41.95977 29.77848 5.955362 6.254629 1.563100
 [3,] 11.17288 236.8188 0.4218250 20.58721 286.3291 41.90918 29.78309 5.958752 6.268595 1.556577
 [4,] 11.17219 236.8678 0.4218362 20.58651 286.3295 41.90965 29.78157 5.959169 6.267713 1.557094
 [5,] 11.17344 236.8622 0.4218289 20.58598 286.3297 41.90958 29.78181 5.958704 6.267709 1.556658
 [6,] 11.17204 236.8348 0.4218302 20.58809 286.3298 41.90936 29.78258 5.959173 6.267627 1.556950
 [7,] 11.17229 236.8545 0.4220069 20.58702 286.3294 41.90958 29.78134 5.959115 6.268164 1.556940
 [8,] 11.17259 236.8439 0.4217616 20.58713 286.3291 41.90916 29.78186 5.958677 6.268178 1.557292
 [9,] 11.17143 236.8089 0.4216966 20.58811 286.3296 41.90964 29.78241 5.959229 6.268267 1.556295
[10,] 11.17315 236.8203 0.4218893 20.58721 286.3294 41.90884 29.78406 5.959107 6.268309 1.556643
[11,] 10.75590 236.8495 0.4191555 20.97424 286.3316 41.91694 29.77990 5.955831 6.260052 1.560826
[12,] 11.24948 231.8514 0.3930109 20.52558 286.3338 41.91642 30.01013 5.980003 6.576800 1.610901

$Refset$f
 [1] 489.6406 492.4566 500.0955 500.0955 500.0955 500.0955 500.0955 500.0955 500.0955 500.0955 497.4635 509.4410

$Refset$fpen
 [1] 489.6406 492.4566 500.0955 500.0955 500.0955 500.0955 500.0955 500.0955 500.0955 500.0955 497.4635 509.4410

$Refset$const
          [,1]     [,2]     [,3]     [,4]     [,5]
 [1,] 14.84670 29.73536 14.88865 1.546257 2.722501
 [2,] 14.77945 29.74537 14.96592 1.545915 2.722952
 [3,] 14.31862 29.73141 15.41279 1.546139 2.724942
 [4,] 14.31880 29.73229 15.41349 1.546094 2.724955
 [5,] 14.31827 29.73229 15.41402 1.546071 2.725043
 [6,] 14.32046 29.73237 15.41191 1.546056 2.725148
 [7,] 14.31886 29.73184 15.41298 1.546109 2.724899
 [8,] 14.31896 29.73182 15.41287 1.546135 2.724874
 [9,] 14.31984 29.73173 15.41189 1.546078 2.725060
[10,] 14.31890 29.73169 15.41279 1.546094 2.725156
[11,] 14.71419 29.73995 15.02576 1.545870 2.725181
[12,] 13.94878 29.42320 15.47442 1.544984 2.743075

$Refset$penalty
 [1] 0 0 0 0 0 0 0 0 0 0 0 0


