$f
 [1] 1926.5312  897.2517  797.9462  749.6389  627.0260  581.5069  522.9826  522.8993  484.8299  479.3333  475.4931  468.5937  458.9497  387.4740  387.3160

$x
          [,1]     [,2]      [,3]     [,4]     [,5]     [,6]     [,7]     [,8]     [,9]    [,10]
xbest 11.23740 432.7148 0.2629261 22.29610 284.9034 40.18220 33.09009 2.814375 4.137440 3.146418
xbest 16.24348 500.0000 0.3359238 20.96825 285.7208 34.01729 32.15094 2.524738 2.455937 4.787978
xbest 16.24348 500.0000 0.4034238 20.96825 285.8708 34.01729 32.15094 2.528053 2.526647 4.754390
xbest 12.22625 244.5088 0.3631063 22.07562 284.7707 38.43254 26.98130 6.538304 7.978006 2.787691
xbest 10.23135 327.9167 0.3931525 22.14412 284.9296 38.87915 27.56084 5.357603 7.217297 2.615127
xbest 21.02866 390.4493 0.3367777 21.60127 286.3750 33.70739 28.20760 2.000000 4.561177 2.255679
xbest 21.66879 312.3621 0.5304376 20.92346 286.5384 35.88201 26.23270 7.493117 6.353621 5.000000
xbest 21.79232 312.9114 0.5424359 20.83356 286.5999 36.07711 26.31598 7.541387 6.339749 5.000000
xbest 21.73764 312.9114 0.4510297 20.83356 286.5999 36.10211 26.64098 7.547637 6.333499 4.988125
xbest 16.72586 330.5841 0.4945884 20.17847 286.6254 43.45337 27.11836 6.474967 6.784326 2.003954
xbest 16.72586 330.5841 0.4949399 20.17847 286.6254 43.45337 27.40274 6.475358 6.784326 2.003954
xbest 14.48789 354.7164 0.4819553 19.91180 286.7350 47.58823 27.40349 6.637647 6.749439 2.271743
xbest 13.50216 340.3847 0.4863059 19.84833 286.6877 48.00000 27.66263 6.477843 7.706876 1.774793
xbest 13.44747 340.5410 0.5763059 19.84833 286.6877 47.65000 27.62201 6.477843 7.763126 1.748075
xbest 13.44747 340.5019 0.5763059 19.84833 286.6877 47.65000 27.62201 6.477843 7.766251 1.748075

$time
elapsed elapsed elapsed elapsed elapsed elapsed elapsed elapsed elapsed elapsed elapsed elapsed elapsed elapsed elapsed 
   2.09    5.59    7.89   11.95   21.61   24.76   31.15   41.31   43.86   59.39   76.81   99.76  106.17  109.45 1212.09 

$neval
 [1]   106   255   353   502   916  1053  1329  1740  1856  2531  3294  4376  4645  4791 50087

$fbest
[1] 387.316

$xbest
 [1]  13.4474692 340.5019024   0.5763059  19.8483267 286.6876888  47.6500000  27.6220080   6.4778431   7.7662508   1.7480745

$numeval
[1] 50087

$end_crit
[1] 1

$cpu_time
elapsed 
1212.09 

$Refset
$Refset$x
          [,1]     [,2]      [,3]     [,4]     [,5]     [,6]     [,7]     [,8]     [,9]    [,10]
 [1,] 20.57947 380.0648 0.9970195 22.04037 286.3688 33.83668 26.71272 2.234632 5.336723 3.598523
 [2,] 20.73643 378.3123 0.9962555 22.03778 286.3685 33.83821 26.71502 2.231179 5.343240 3.600422
 [3,] 20.65111 379.2304 0.9965406 22.04068 286.3686 33.83790 26.70770 2.232999 5.334576 3.600067
 [4,] 20.62202 378.4835 0.9967625 22.14569 286.3644 33.83732 26.65421 2.230272 5.285963 3.599443
 [5,] 20.62462 378.4736 0.9965387 22.15937 286.3625 33.83721 26.60749 2.228126 5.280012 3.597650
 [6,] 20.62068 378.3512 0.9981028 22.04405 286.3683 33.83828 26.69657 2.229992 5.291131 3.591427
 [7,] 20.62807 378.4188 0.9982571 22.01677 286.3681 33.83842 26.70354 2.232401 5.306499 3.601052
 [8,] 20.62226 378.5078 0.9974042 22.02458 286.3683 33.83967 26.70181 2.230691 5.300843 3.599549
 [9,] 20.62461 378.3578 0.9815010 22.03157 286.3676 33.84024 26.70263 2.223882 5.314397 3.599182
[10,] 20.48220 374.3830 0.9953365 22.14389 286.3631 33.86371 26.74036 2.226541 5.277610 3.607525
[11,] 20.83742 378.6137 1.0000000 21.71425 286.3685 33.83181 26.71728 2.229978 5.302091 3.601081
[12,] 20.66467 378.4894 0.9886650 22.15557 286.3673 33.78966 26.60848 2.204988 5.285908 3.597315

$Refset$f
 [1] 426.1458 426.3958 426.8524 427.0712 426.4184 427.6910 427.6910 427.6910 428.8785 447.3733 436.8507 436.3698

$Refset$fpen
 [1] 426.1458 426.3958 426.8524 427.0712 426.4184 427.6910 427.6910 427.6910 428.8785 447.3733 436.8507 436.3698

$Refset$const
          [,1]     [,2]     [,3]     [,4]     [,5]
 [1,] 16.70364 30.66328 13.95963 1.529974 3.004684
 [2,] 16.69454 30.65676 13.96222 1.529996 3.004714
 [3,] 16.70610 30.66542 13.95932 1.530029 3.003960
 [4,] 16.85973 30.71404 13.85431 1.530826 2.996593
 [5,] 16.87935 30.71999 13.84063 1.531299 2.990846
 [6,] 16.75292 30.70887 13.95595 1.530126 3.002606
 [7,] 16.71027 30.69350 13.98323 1.530117 3.003264
 [8,] 16.72374 30.69916 13.97542 1.530106 3.003051
 [9,] 16.71718 30.68560 13.96843 1.530182 3.002844
[10,] 16.86628 30.72239 13.85611 1.530653 3.003120
[11,] 16.41216 30.69791 14.28575 1.529965 3.005482
[12,] 16.86966 30.71409 13.84443 1.530499 2.996870

$Refset$penalty
 [1] 0 0 0 0 0 0 0 0 0 0 0 0


