$f
 [1] 1695.2153 1338.0764 1154.7326 1133.9549 1127.4444 1075.3542 1072.9965 1020.1163 1007.5660  978.6649  970.5399  960.4618  959.9948  957.0573  956.3056  955.4062  955.2917  954.5000  953.6458  952.8854  952.8021  952.6667  952.2483
[24]  952.0503  951.6319  951.6319

$x
          [,1]     [,2]      [,3]     [,4]     [,5]     [,6]     [,7]     [,8]     [,9]    [,10]
xbest 19.97607 122.3353 0.9106377 25.19576 286.3521 35.70731 29.93376 2.591978 5.851768 2.745006
xbest 20.41529 120.3686 0.6250721 23.21685 286.5929 37.38043 25.66062 3.482961 5.501765 5.000000
xbest 20.41529 140.3686 0.6251600 23.26372 286.6679 37.38043 25.33562 2.882961 5.504890 5.000000
xbest 20.44913 153.3728 0.5620986 22.62903 286.6738 37.29895 26.06954 3.014888 5.048155 4.798062
xbest 20.43436 145.0545 0.6031262 22.40153 286.6800 37.44146 25.94620 3.109811 5.217337 4.036404
xbest 19.84505 136.1733 0.6193158 23.82925 286.6681 36.77294 25.47264 5.024510 5.461628 3.487585
xbest 19.84505 136.2514 0.6193158 23.83218 286.6681 36.77294 25.47264 5.030760 5.461628 3.487585
xbest 19.69619 134.0271 0.6708996 24.14507 286.5783 36.84344 24.36081 5.258727 5.431407 3.892038
xbest 19.68484 135.4945 0.6833077 24.30017 286.5771 36.84476 24.34716 5.014892 5.424622 3.976245
xbest 19.64240 134.2400 0.6260426 24.12393 286.5775 36.77961 24.04729 5.335250 5.467929 3.966669
xbest 19.65647 134.4127 0.6255318 24.04508 286.5742 36.70259 24.05221 5.285473 5.499804 3.999061
xbest 19.65647 134.4908 0.6255318 24.04361 286.5929 36.70259 24.05221 5.285473 5.499804 3.999061
xbest 19.91743 132.1698 0.6424473 24.15395 286.5873 36.77977 24.12638 5.300365 5.456643 4.820631
xbest 19.91743 132.1698 0.6649473 24.15248 286.5873 36.77977 24.04513 5.300365 5.456643 4.820631
xbest 19.88170 139.4325 0.6372326 23.43112 286.5930 36.77444 24.08749 5.300665 5.525707 4.843683
xbest 19.87487 139.4325 0.6597326 23.42965 286.5930 36.77444 24.08749 5.300665 5.525805 4.843683
xbest 19.88251 138.5097 0.6394554 23.48630 286.5893 36.78507 24.07373 5.302177 5.531626 4.835959
xbest 19.87576 138.5107 0.6394811 23.47863 286.5886 36.78766 24.07428 5.302939 5.535214 4.836408
xbest 19.87931 138.3158 0.6417020 23.49509 286.5882 36.78788 24.06687 5.305770 5.531723 4.836236
xbest 19.87136 140.2313 0.6427641 23.34512 286.5882 36.79195 24.06556 5.305799 5.529226 4.842518
xbest 19.86723 139.8655 0.6451309 23.36015 286.5875 36.78393 24.04299 5.305513 5.544511 4.834786
xbest 19.85465 139.4862 0.6437221 23.40647 286.5879 36.79901 24.05164 5.307631 5.540627 4.834061
xbest 19.85368 139.5707 0.6451461 23.39100 286.5882 36.80264 24.04883 5.308076 5.547267 4.808117
xbest 19.83836 140.4989 0.6458764 23.34364 286.5880 36.80761 24.04213 5.308354 5.537687 4.813146
xbest 19.83709 140.5067 0.6478952 23.34521 286.5880 36.81335 24.05484 5.309609 5.537051 4.797226
xbest 19.83709 140.5067 0.6478952 23.34521 286.5880 36.81335 24.05484 5.309609 5.537051 4.797226

$time
elapsed elapsed elapsed elapsed elapsed elapsed elapsed elapsed elapsed elapsed elapsed elapsed elapsed elapsed elapsed elapsed elapsed elapsed elapsed elapsed elapsed elapsed elapsed elapsed elapsed elapsed 
   2.08    5.47    7.92   27.22   34.14   37.19   42.00   48.03   67.59   70.69   73.80   75.62  144.28  146.11  181.06  183.01  265.36  270.61  279.19  297.98  352.70  470.28  629.51  876.25  921.39 1163.91 

$neval
 [1]   106   256   366  1212  1491  1628  1849  2122  2932  3073  3213  3297  6176  6260  7885  7974 11496 11705 12116 12930 15300 19885 26761 37563 39512 50044

$fbest
[1] 951.6319

$xbest
 [1]  19.8370914 140.5067372   0.6478952  23.3452097 286.5880458  36.8133513  24.0548391   5.3096091   5.5370510   4.7972265

$numeval
[1] 50044

$end_crit
[1] 1

$cpu_time
elapsed 
1163.91 

$Refset
$Refset$x
          [,1]     [,2]      [,3]     [,4]     [,5]     [,6]     [,7]     [,8]     [,9]    [,10]
 [1,] 19.83585 140.5561 0.6480165 23.33684 286.5873 36.81649 24.05368 5.309741 5.540308 4.799305
 [2,] 19.83748 140.5681 0.6479100 23.32864 286.5877 36.81438 24.05332 5.309360 5.544211 4.797397
 [3,] 19.83626 140.6226 0.6478779 23.33722 286.5903 36.81402 24.05435 5.309707 5.535681 4.798096
 [4,] 19.83633 140.5758 0.6477974 23.33651 286.5873 36.81438 24.05430 5.309423 5.539097 4.801470
 [5,] 19.83644 140.5735 0.6479623 23.33838 286.5875 36.81379 24.05518 5.309402 5.537129 4.799402
 [6,] 19.83519 140.5840 0.6482330 23.33599 286.5881 36.81788 24.05620 5.309621 5.539660 4.802136
 [7,] 19.83560 140.6031 0.6478418 23.33705 286.5885 36.81356 24.05473 5.309479 5.538640 4.800561
 [8,] 19.83335 140.5849 0.6475105 23.34040 286.5887 36.81537 24.06017 5.308840 5.536834 4.800973
 [9,] 19.82396 140.7823 0.6482470 23.33184 286.5867 36.81110 24.05712 5.309705 5.537089 4.785203
[10,] 19.83743 140.4710 0.6482275 23.33166 286.5877 36.81946 24.06281 5.309902 5.542655 4.764426
[11,] 19.83614 140.5589 0.6478652 23.33628 286.5873 36.81627 24.05440 5.309699 5.540086 4.799984
[12,] 19.83085 140.5983 0.6467699 23.33572 286.5902 36.72601 24.06438 5.309015 5.539406 4.794988

$Refset$f
 [1] 951.6319 951.6319 951.6319 951.6319 951.6319 951.6319 951.6319 952.0503 952.0503 952.2483 951.6319 961.4219

$Refset$fpen
 [1] 951.6319 951.6319 951.6319 951.6319 951.6319 951.6319 951.6319 952.0503 952.0503 952.2483 951.6319 961.4219

$Refset$const
          [,1]     [,2]     [,3]     [,4]     [,5]
 [1,] 17.79653 30.45969 12.66316 1.523605 2.645239
 [2,] 17.78443 30.45579 12.67136 1.523561 2.645461
 [3,] 17.80154 30.46432 12.66278 1.523268 2.646541
 [4,] 17.79742 30.46090 12.66349 1.523593 2.645421
 [5,] 17.80125 30.46287 12.66162 1.523574 2.645571
 [6,] 17.79633 30.46034 12.66401 1.523516 2.645653
 [7,] 17.79841 30.46136 12.66295 1.523461 2.645933
 [8,] 17.80357 30.46317 12.65960 1.523431 2.646329
 [9,] 17.79475 30.46291 12.66816 1.523644 2.645590
[10,] 17.78900 30.45734 12.66834 1.523534 2.645978
[11,] 17.79620 30.45991 12.66372 1.523601 2.645313
[12,] 17.79632 30.46059 12.66428 1.523075 2.651881

$Refset$penalty
 [1] 0 0 0 0 0 0 0 0 0 0 0 0


