$f
 [1] 2171.4792 1501.0990 1300.5278 1133.1337 1020.4861 1018.3611  995.6875  980.6753  978.8611  943.6458  923.0955  911.4566  893.0625  883.7344  883.7292  883.6562  883.6007  883.1528  880.3681  870.6545  862.4618  859.6649  856.7639
[24]  856.5920  856.5139  854.8767  847.7344  836.5573  835.0313  834.6163  831.3507  819.9896  819.7674  818.9010  818.7674  818.4132  815.5417  813.9219  813.2726  811.5139  797.0260  787.6198  778.0573  761.3125  761.3125

$x
           [,1]     [,2]      [,3]     [,4]     [,5]     [,6]     [,7]      [,8]     [,9]    [,10]
xbest 11.956088 414.3301 0.5959302 23.18343 285.8047 30.25146 24.87894  3.826375 3.575042 2.117499
xbest 12.007205 418.8823 0.4743193 23.27601 285.3106 26.15360 24.85013  2.367591 2.313894 1.545082
xbest 12.280642 398.8823 0.5924443 23.25257 285.3949 26.35360 24.36263  2.317591 2.413894 1.640082
xbest  9.948070 308.5466 0.7740415 20.56972 286.4321 45.63759 26.03559  7.059000 5.539961 4.784644
xbest 10.121679 320.7089 0.7601009 20.51436 286.4244 45.67006 26.03277  7.070491 5.081707 4.776117
xbest  9.539123 336.5078 0.7325579 20.07627 286.3939 45.79494 26.09712  7.043281 5.445671 5.000000
xbest  9.648498 339.0078 0.7550579 20.07627 286.3939 45.79494 26.58462  7.043281 5.444889 5.000000
xbest 16.564706 166.7899 0.3663753 20.48585 286.2141 45.91237 26.84315  6.411796 4.587883 2.858929
xbest 10.254361 265.4471 0.7944008 19.75094 286.8178 48.00000 27.04715 10.000000 6.961285 4.799124
xbest 10.254361 265.4471 0.7451820 19.75094 286.8835 48.00000 27.04715 10.000000 6.886285 4.799124
xbest 12.322506 284.8023 0.3125534 20.46496 286.1943 42.77589 27.77228  6.319793 4.044986 4.046790
xbest 12.322506 284.8023 0.2675534 20.46496 286.1943 42.77589 27.77228  6.319793 4.044986 4.046790
xbest 11.852677 282.6237 0.3820166 20.52791 286.1540 46.21903 26.16811  6.399083 3.782476 4.030716
xbest 11.852677 282.6237 0.3595166 20.52791 286.1540 46.21903 26.16811  6.399083 3.794976 4.030716
xbest 11.853156 282.6094 0.3618340 20.52877 286.1541 46.19941 26.17450  6.399233 3.799840 4.026966
xbest 11.853156 282.6094 0.3618340 20.52877 286.1541 46.19941 26.17450  6.399233 3.802965 4.026966
xbest 11.851383 282.6222 0.3532410 20.52588 286.1543 46.20833 26.17405  6.399177 3.798447 4.028032
xbest 11.852480 282.6188 0.3595010 20.52748 286.1542 46.20343 26.17460  6.399199 3.799254 4.027008
xbest 11.852480 282.6188 0.3595010 20.71498 286.1542 46.20343 26.17460  6.399199 3.799254 4.027008
xbest 11.790373 278.4123 0.3489745 20.55163 286.1523 46.29638 26.12789  6.413170 3.986543 3.517105
xbest 11.790373 278.4123 0.3489745 20.55090 286.1523 46.29013 26.09742  6.413170 3.944355 3.540855
xbest 11.917058 282.7304 0.3935462 20.52342 286.1436 46.29544 26.09794  6.411797 3.968433 3.661377
xbest 11.938605 281.8763 0.3935889 20.54344 286.1453 46.28879 26.11407  6.411501 3.962708 3.645906
xbest 11.938605 281.8958 0.3935889 20.54344 286.1453 46.28879 26.11407  6.411501 3.962708 3.645906
xbest 11.929613 281.2805 0.3898362 20.52277 286.1525 46.27876 26.18463  6.410117 3.976295 3.662698
xbest 11.932338 281.5684 0.3922827 20.53220 286.1498 46.28267 26.16890  6.410607 3.971945 3.659194
xbest 11.938166 281.2494 0.3902274 20.41073 286.1470 46.33404 26.20242  6.418859 3.938167 2.822184
xbest 11.979182 280.8978 0.4141337 20.41073 286.1470 46.33404 26.21257  6.418859 3.941292 2.822184
xbest 11.986276 281.0119 0.3956977 20.36789 286.1393 46.30619 26.19934  6.418189 3.947047 2.831773
xbest 11.986276 281.0314 0.3956977 20.36789 286.1393 46.30619 26.19934  6.418189 3.947047 2.831773
xbest 11.924032 252.9914 0.3878403 20.49688 286.0361 46.19596 25.90668  7.258885 3.983653 3.282103
xbest 11.922320 250.4865 0.3428403 20.49724 286.0361 46.19596 25.90668  7.258885 3.958653 3.282103
xbest 11.842638 281.2574 0.4647453 20.52300 286.2121 46.42281 26.19768  6.417862 4.122152 2.708249
xbest 11.846055 281.2574 0.4647453 20.52300 286.2121 46.42281 26.19768  6.417862 4.122152 2.708249
xbest 11.877417 281.1983 0.4610780 20.51946 286.2005 46.35747 26.19198  6.417283 4.094092 2.721051
xbest 11.872491 281.2467 0.4628119 20.54570 286.2093 46.37617 26.19652  6.417706 4.104388 2.690501
xbest 11.876599 281.2109 0.4582747 20.51840 286.2006 46.34169 26.18850  6.417197 4.081753 2.723068
xbest 11.874562 281.2603 0.4578840 20.52096 286.2020 46.36899 26.20193  6.418015 4.078484 2.720270
xbest 11.863668 281.2082 0.4362097 20.52497 286.2039 46.34242 26.19056  6.417239 4.066116 2.720667
xbest 11.863668 281.2082 0.4362097 20.52497 286.2039 46.34242 26.19056  6.417239 4.062991 2.717698
xbest 11.916606 281.4011 0.4467386 20.53500 286.2542 46.14202 26.51753  6.418803 3.996424 2.627855
xbest 11.916606 281.4011 0.4242386 20.53427 286.2542 46.14202 26.51753  6.418803 3.996424 2.627855
xbest 11.924394 281.5994 0.4453014 20.53468 286.2416 46.06034 26.41492  6.419047 3.969793 2.619733
xbest 11.876543 281.5994 0.4003014 20.54054 286.2416 46.07284 26.43523  6.419047 3.969793 2.619733
xbest 11.876543 281.5994 0.4003014 20.54054 286.2416 46.07284 26.43523  6.419047 3.969793 2.619733

$time
elapsed elapsed elapsed elapsed elapsed elapsed elapsed elapsed elapsed elapsed elapsed elapsed elapsed elapsed elapsed elapsed elapsed elapsed elapsed elapsed elapsed elapsed elapsed elapsed elapsed elapsed elapsed elapsed elapsed elapsed 
   2.53    6.61   10.34   14.66   21.23   39.64   48.08   71.45   74.55   82.98  126.86  128.59  223.73  226.72  264.47  267.00  290.39  296.72  301.76  379.61  382.36  392.33  416.17  418.81  426.01  446.92  453.70  457.20  556.51  558.36 
elapsed elapsed elapsed elapsed elapsed elapsed elapsed elapsed elapsed elapsed elapsed elapsed elapsed elapsed elapsed 
 575.64  595.45  631.30  633.12  637.48  641.03  644.36  655.78  662.76  673.06  734.14  736.39  767.91  773.72 1290.72 

$neval
 [1]   106   268   433   579   859  1541  1911  2849  2983  3355  5239  5313  9250  9329 10809 10882 11828 12095 12302 15442 15554 15972 16921 16994 17269 18084 18358 18467 22322 22395 23080 23857 25206 25279 25415 25553 25689 26103 26380
[40] 26738 29075 29155 30352 30586 50016

$fbest
[1] 761.3125

$xbest
 [1]  11.8765427 281.5994463   0.4003014  20.5405377 286.2415839  46.0728429  26.4352344   6.4190466   3.9697929   2.6197332

$numeval
[1] 50016

$end_crit
[1] 1

$cpu_time
elapsed 
1290.72 

$Refset
$Refset$x
          [,1]     [,2]      [,3]     [,4]     [,5]     [,6]     [,7]     [,8]     [,9]    [,10]
 [1,] 11.82073 284.8903 0.4354277 20.71677 286.2009 46.18722 26.20312 6.420853 3.759728 2.721345
 [2,] 11.81783 284.9938 0.4300160 20.73732 286.2012 46.17692 26.20955 6.420371 3.754909 2.718043
 [3,] 11.84100 285.0780 0.4343221 20.74301 286.2000 46.18141 26.20834 6.420436 3.731823 2.718424
 [4,] 11.81853 285.1968 0.4327920 20.74176 286.2016 46.17949 26.20822 6.420063 3.755550 2.716907
 [5,] 11.82095 285.1799 0.4335662 20.74265 286.2017 46.18155 26.20692 6.420250 3.756294 2.717449
 [6,] 11.82085 284.9215 0.4353587 20.71644 286.2011 46.18114 26.20460 6.420551 3.757744 2.718435
 [7,] 11.81797 285.0415 0.4349147 20.71163 286.1998 46.18647 26.20251 6.420668 3.758799 2.719729
 [8,] 11.81746 285.1488 0.4315378 20.73410 286.2013 46.18482 26.20184 6.420169 3.755673 2.718987
 [9,] 11.82380 285.5129 0.4350629 20.72417 286.1888 46.18617 26.20947 6.421221 3.750636 2.715629
[10,] 11.83893 285.1117 0.4342113 20.74028 286.2003 46.18152 26.20721 6.420315 3.739570 2.723787
[11,] 12.19420 285.0850 0.4480238 20.72542 286.2811 46.19883 25.08247 6.600671 3.654776 2.720082
[12,] 11.78555 292.1824 0.4354244 20.73925 286.2005 46.19602 26.17940 6.421408 3.527582 2.833201

$Refset$f
 [1] 790.0122 790.0451 790.2274 790.2535 790.2535 790.1806 790.0122 790.2101 786.6736 791.5122 993.6771 848.0469

$Refset$fpen
 [1] 790.0122 790.0451 790.2274 790.2535 790.2535 790.1806 790.0122 790.2101 786.6736 791.5122 993.6771 848.0469

$Refset$const
          [,1]     [,2]     [,3]     [,4]     [,5]
 [1,] 16.95704 32.24027 15.28323 1.565333 2.296711
 [2,] 16.98241 32.24509 15.26268 1.565321 2.297413
 [3,] 17.01118 32.26818 15.25699 1.565422 2.296900
 [4,] 16.98621 32.24445 15.25824 1.565284 2.297374
 [5,] 16.98635 32.24371 15.25735 1.565276 2.297265
 [6,] 16.95870 32.24226 15.28356 1.565325 2.297003
 [7,] 16.95284 32.24120 15.28837 1.565432 2.296401
 [8,] 16.97843 32.24433 15.26590 1.565305 2.296801
 [9,] 16.97354 32.24936 15.27583 1.566392 2.293861
[10,] 17.00071 32.26043 15.25972 1.565393 2.296925
[11,] 17.07064 32.34522 15.27458 1.557565 2.260525
[12,] 17.21166 32.47242 15.26075 1.565349 2.295111

$Refset$penalty
 [1] 0 0 0 0 0 0 0 0 0 0 0 0


