$f
 [1] 4267.132 2542.877 2345.094 2344.729 2313.064 2281.036 2248.076 2081.420 1873.783 1816.988 1816.802 1788.323 1761.819 1736.582 1729.941 1727.953 1695.090 1694.852 1694.773 1693.887 1693.523 1691.498 1690.557 1689.071 1688.543 1688.332
[27] 1686.835 1686.658 1678.576 1666.056 1665.288 1664.984 1664.238 1661.283 1660.889 1660.670 1659.724 1658.563 1658.089 1656.472 1656.351 1652.733 1649.194 1648.325 1647.729 1647.720 1645.531 1640.811

$x
          [,1]     [,2]      [,3]     [,4]     [,5]     [,6]     [,7]     [,8]     [,9]    [,10]
xbest 37.17819 269.3063 0.6806428 18.14636 285.7476 26.72776 24.40484 4.756347 9.893584 4.062063
xbest 11.41434 400.8895 0.3836544 26.84592 284.4042 47.54711 24.00000 3.010582 3.044481 3.253081
xbest 11.41626 402.1395 0.3386544 26.84592 284.3480 47.54711 24.00000 3.010582 3.044481 3.214487
xbest 11.92191 395.0849 0.3017937 26.72024 284.3548 47.85125 24.68536 3.019164 2.817410 3.194452
xbest 11.83737 393.2599 0.2708811 26.62188 284.3613 47.87667 25.10139 3.018415 2.745372 3.188534
xbest 11.88552 396.5106 0.2971415 26.56663 284.3568 47.67426 24.73584 3.016214 2.874059 3.304927
xbest 11.88552 396.5106 0.2746415 26.56663 284.3568 47.67426 24.73584 2.991214 2.874059 3.304927
xbest 16.29412 417.8484 0.2994925 24.17824 285.3417 33.62997 24.45245 7.280712 3.658292 3.343414
xbest 16.29412 447.8484 0.2994925 23.80738 285.3417 32.82997 24.37120 7.280712 3.733292 3.438414
xbest 20.21846 322.9859 0.1075928 20.36816 285.6980 34.75635 30.33919 7.159523 6.311392 3.422541
xbest 20.21846 322.9859 0.1075928 20.36816 285.6980 34.75635 30.33919 7.159523 6.311392 3.421798
xbest 18.50065 420.9478 0.1506786 20.33852 285.6964 34.64113 30.56081 7.155904 4.657882 3.405321
xbest 18.49381 420.9478 0.1506786 20.33852 285.7151 34.64113 30.56081 7.155855 4.657882 3.405321
xbest 18.46655 479.1678 0.1508959 20.32828 285.6954 34.60696 30.55623 7.155941 3.372175 3.406287
xbest 18.46680 484.0614 0.1515898 20.36048 285.6954 34.57828 30.52749 7.155997 3.258309 3.403341
xbest 18.39914 498.8034 0.1514790 20.29122 285.6948 34.56998 30.52539 7.155802 3.051271 3.395852
xbest 18.12570 500.0000 0.1421438 20.26778 285.6948 34.56998 30.52539 7.158927 3.063402 3.398821
xbest 18.60737 451.7001 0.1281384 20.49645 285.7000 34.68783 30.42874 7.157569 3.665525 3.402480
xbest 18.61139 451.7513 0.1286175 20.49481 285.7004 34.68802 30.42734 7.157519 3.665490 3.402772
xbest 18.61206 451.6738 0.1283999 20.49477 285.7004 34.68767 30.42858 7.157519 3.664661 3.402664
xbest 18.61370 472.5031 0.1286094 20.36066 285.6978 34.56061 30.61848 7.157725 3.275872 3.405633
xbest 18.53429 472.7882 0.1276070 20.36187 285.6977 34.55875 30.61864 7.157727 3.273191 3.405608
xbest 18.53771 472.7491 0.1276070 20.36187 285.6977 34.55875 30.61864 7.157776 3.273191 3.405608
xbest 18.75315 460.2897 0.1344308 20.48283 285.7005 34.69211 30.41180 7.157335 3.427886 3.408351
xbest 18.75315 460.3093 0.1343869 20.48283 285.7005 34.69211 30.41180 7.157335 3.427886 3.408351
xbest 18.65325 470.5399 0.1263038 20.36091 285.6977 34.57066 30.61769 7.158646 3.280339 3.406340
xbest 18.62292 471.0596 0.1263080 20.37128 285.6978 34.69136 30.60719 7.157426 3.278160 3.406306
xbest 18.68561 468.3057 0.1323720 20.41582 285.7096 34.77240 30.57374 7.157729 3.303691 3.405965
xbest 18.68561 468.3057 0.1323720 20.41582 285.7099 34.77240 30.57374 7.157534 3.328300 3.405965
xbest 18.80207 470.3608 0.1304734 21.31418 285.6976 34.55398 30.61615 7.160557 2.595205 3.456852
xbest 18.80207 470.3608 0.1304734 21.31418 285.6976 34.55398 30.61615 7.160557 2.592080 3.444977
xbest 18.79910 470.3834 0.1304523 21.32042 285.6976 34.55399 30.61544 7.160558 2.592292 3.456263
xbest 18.79869 470.3276 0.1302179 21.33529 285.6994 34.55468 30.65421 7.160713 2.592348 3.452319
xbest 18.80597 470.2689 0.1284930 21.35014 285.7043 34.55511 30.62622 7.160494 2.556253 3.458183
xbest 18.78202 470.1779 0.1302197 21.32961 285.7000 34.55470 30.66262 7.161026 2.592422 3.451831
xbest 18.78544 470.1779 0.1302197 21.32961 285.7000 34.55470 30.66262 7.161026 2.592422 3.451831
xbest 18.80622 470.2628 0.1299252 21.32827 285.6999 34.55349 30.60990 7.160585 2.581585 3.459511
xbest 18.80622 470.2628 0.1298373 21.32827 285.6999 34.55349 30.60990 7.160585 2.581585 3.458769
xbest 18.80351 470.2325 0.1296055 21.32759 285.6997 34.55493 30.61641 7.160764 2.580794 3.459051
xbest 18.78984 470.2325 0.1296055 21.33052 285.6997 34.55493 30.65703 7.160764 2.580794 3.459051
xbest 18.76206 471.8442 0.1239049 20.65617 285.7034 34.52406 30.64657 7.159460 2.995270 3.459530
xbest 18.76206 471.8051 0.1239049 20.65617 285.7034 34.52406 30.64657 7.159460 2.995270 3.460272
xbest 18.76770 472.9361 0.1176412 20.59048 285.7060 34.55966 30.64629 7.160532 2.950418 3.457734
xbest 18.75403 472.9361 0.1176412 20.59048 285.7060 34.55966 30.64629 7.160532 2.947293 3.457734
xbest 18.76785 472.9367 0.1176729 20.59048 285.7060 34.55911 30.64633 7.160602 2.949327 3.457800
xbest 18.76785 472.9367 0.1176729 20.59048 285.7060 34.55911 30.64633 7.160596 2.949327 3.457800
xbest 18.76786 476.0007 0.1151824 20.48035 285.7037 34.56033 30.64993 7.160317 2.951358 3.458618
xbest 18.76102 476.0007 0.1150066 20.48035 285.7037 34.56033 30.64993 7.160903 2.950576 3.459361

$time
elapsed elapsed elapsed elapsed elapsed elapsed elapsed elapsed elapsed elapsed elapsed elapsed elapsed elapsed elapsed elapsed elapsed elapsed elapsed elapsed elapsed elapsed elapsed elapsed elapsed elapsed elapsed elapsed elapsed elapsed 
   3.51   11.11   16.91   61.03   73.25   79.94   83.28  133.73  144.09  458.67  461.75  546.48  550.11  561.70  592.89  598.69  617.83  816.42  855.73  867.64  874.31  880.19  883.69  948.51  951.89 1091.76 1125.84 1156.34 1160.36 1225.73 
elapsed elapsed elapsed elapsed elapsed elapsed elapsed elapsed elapsed elapsed elapsed elapsed elapsed elapsed elapsed elapsed elapsed elapsed 
1229.41 1328.48 1348.80 1361.08 1390.22 1393.39 1458.66 1463.00 1517.86 1521.37 1545.53 1585.70 1719.05 1722.61 1785.69 1788.84 1794.75 1806.26 

$neval
 [1]   106   259   391  1383  1664  1802  1882  3087  3339 10362 10436 12457 12541 12815 13519 13657 14076 18579 19475 19751 19887 20025 20108 21579 21657 24821 25582 26271 26367 27729 27816 29993 30468 30739 31413 31486 32975 33055 34425
[40] 34510 35054 35950 38950 39030 40406 40480 40617 40753

$fbest
[1] 1640.811

$xbest
 [1]  18.7610197 476.0007029   0.1150066  20.4803527 285.7036705  34.5603300  30.6499285   7.1609028   2.9505763   3.4593606

$numeval
[1] 40753

$end_crit
[1] 2

$cpu_time
elapsed 
1806.26 

$Refset
$Refset$x
           [,1]        [,2]        [,3]      [,4]       [,5]      [,6]       [,7]       [,8]      [,9]    [,10]
 [1,]  18.76786 476.0007029   0.1151824 20.480353 285.703670  34.56033 30.6499285   7.160317  2.951358 3.458618
 [2,]  18.76785   0.1176729 285.7059908 30.646332   2.949327  18.76785  0.1176729 285.705991 30.646332 2.949327
 [3,] 472.93670  20.5904757  34.5591053  7.160596   3.457800 472.93670 20.5904757  34.559105  7.160596 3.457800
 [4,]  18.76785 472.9367030   0.1176729 20.590476 285.705991  34.55911 30.6463316   7.160602  2.949327 3.457800
 [5,]  18.76689 472.9341801   0.1178831 20.590480 285.705985  34.56034 30.6462122   7.160617  2.951632 3.457697
 [6,]  18.76835 473.8736235   0.1115652 20.380050 285.704081  34.56251 30.6557166   7.159280  3.027461 3.456594
 [7,]  18.80120 469.9921063   0.1239052 21.296977 285.698761  34.55654 30.6317060   7.160839  2.575235 3.459366
 [8,]  18.79567 471.1988284   0.1179523 20.805733 285.704542  34.55702 30.6471086   7.160740  2.824676 3.459163
 [9,]  18.77510 470.2395322   0.1168803 20.769936 285.697782  34.55579 30.6072848   7.160412  2.843844 3.459991
[10,]  18.80153 470.1657105   0.1287098 21.323749 285.698431  34.55597 30.6092851   7.160940  2.582089 3.459467
[11,]  18.79613 470.1593371   0.1218618 21.160871 285.698702  34.55605 30.6078959   7.160938  2.610491 3.459211
[12,]  18.96677 463.8497937   0.1311198 21.568623 285.674849  37.20109 28.0437453   7.206045  2.000000 3.767834

$Refset$f
 [1] 1645.531 1647.720 1647.720 1647.729 1647.965 1651.889 1653.168 1650.045 1653.523 1655.293 1655.644 1896.649

$Refset$fpen
 [1] 1645.531 1647.720 1647.720 1647.729 1647.965 1651.889 1653.168 1650.045 1653.523 1655.293 1655.644 1896.649

$Refset$const
          [,1]     [,2]      [,3]      [,4]     [,5]
 [1,] 17.52900 33.04864 15.519647  1.602462 3.148149
 [2,] 17.64115 15.40952  3.148574 33.050673 1.602140
 [3,] 33.05067  1.60214 17.641149 15.409524 3.148574
 [4,] 17.64115 33.05067 15.409524  1.602140 3.148574
 [5,] 17.63885 33.04837 15.409520  1.602147 3.148425
 [6,] 17.35259 32.97254 15.619950  1.602384 3.148749
 [7,] 18.72174 33.42477 14.703023  1.603243 3.144793
 [8,] 17.98106 33.17532 15.194267  1.602336 3.148438
 [9,] 17.92609 33.15616 15.230064  1.603500 3.141595
[10,] 18.74166 33.41791 14.676251  1.603397 3.142022
[11,] 18.55038 33.38951 14.839129  1.603365 3.141929
[12,] 19.56862 34.00000 14.431377  1.620173 2.661609

$Refset$penalty
 [1] 0 0 0 0 0 0 0 0 0 0 0 0


