$f
[1] 1225.2882 1073.2483  625.5903  592.8507  488.4097  474.9740

$x
          [,1]     [,2]      [,3]     [,4]     [,5]     [,6]     [,7]     [,8]     [,9]    [,10]
xbest 23.34849 334.6948 0.3751431 24.36697 286.3431 33.52471 24.92405 6.690343 3.387814 2.935296
xbest 23.04246 337.8286 0.4265761 24.42453 286.4375 33.33337 24.73311 6.800247 3.577530 2.770994
xbest 19.78703 297.8068 0.1471427 24.42453 286.4375 33.33337 24.08311 6.800247 3.977530 2.751079
xbest 14.82475 387.9980 0.3804323 20.81008 286.1956 43.03873 26.39400 7.546575 4.269557 2.849581
xbest 11.32475 468.3474 0.3820045 20.62258 286.1117 43.02476 26.55650 7.546575 4.269557 2.861456
xbest 11.32475 468.5818 0.3820045 20.62258 286.1117 43.12476 26.55650 7.546575 4.269557 2.861456

$time
elapsed elapsed elapsed elapsed elapsed elapsed 
   1.80    4.92    7.75   26.16   39.99 1055.89 

$neval
[1]   106   255   394  1242  1914 50083

$fbest
[1] 474.974

$xbest
 [1]  11.3247504 468.5817588   0.3820045  20.6225768 286.1116978  43.1247566  26.5565019   7.5465752   4.2695567   2.8614555

$numeval
[1] 50083

$end_crit
[1] 1

$cpu_time
elapsed 
1055.89 

$Refset
$Refset$x
          [,1]     [,2]      [,3]     [,4]     [,5]     [,6]     [,7]     [,8]     [,9]    [,10]
 [1,] 22.56821 381.7509 0.1095474 18.95551 286.4968 34.70758 24.70454 6.380592 4.086768 3.017286
 [2,] 22.56813 381.8668 0.1094080 18.95306 286.4973 34.70578 24.70783 6.380702 4.072378 3.017335
 [3,] 22.56819 381.8423 0.1095270 18.95238 286.4968 34.70637 24.70472 6.380848 4.087370 3.016849
 [4,] 22.56815 381.7827 0.1095379 18.95483 286.4967 34.70748 24.70373 6.380747 4.086932 3.017367
 [5,] 22.56837 381.8838 0.1095875 18.96348 286.4971 34.70653 24.70894 6.380742 4.074363 3.018977
 [6,] 22.56783 381.8180 0.1091690 18.96351 286.4967 34.70594 24.70359 6.380648 4.079022 3.018071
 [7,] 22.57103 381.9289 0.1095782 18.95466 286.4973 34.70603 24.70422 6.380690 4.080235 3.017086
 [8,] 22.56817 381.7732 0.1095574 18.95578 286.4976 34.70957 24.70450 6.380580 4.086770 3.018380
 [9,] 22.56717 381.8302 0.1093140 18.94638 286.4970 34.70610 24.70436 6.380812 4.094814 3.017498
[10,] 22.56699 381.7516 0.1092437 18.95603 286.4967 34.70740 24.69869 6.380675 4.088178 3.017286
[11,] 22.56697 381.7839 0.1088662 19.00116 286.4966 34.70623 24.69899 6.381006 4.043886 3.017403
[12,] 22.56381 381.6658 0.1088086 19.05245 286.4965 34.70341 24.69432 6.379783 4.005782 3.013358

$Refset$f
 [1] 524.1875 524.2118 524.2309 524.2309 524.1528 524.2309 524.2309 524.2309 523.9410 524.2726 524.6493 524.7708

$Refset$fpen
 [1] 524.1875 524.2118 524.2309 524.2309 524.1528 524.2309 524.2309 524.2309 523.9410 524.2726 524.6493 524.7708

$Refset$const
          [,1]     [,2]     [,3]     [,4]     [,5]
 [1,] 14.86874 31.91323 17.04449 1.526566 2.789532
 [2,] 14.88068 31.92762 17.04694 1.526488 2.790148
 [3,] 14.86501 31.91263 17.04762 1.526553 2.789656
 [4,] 14.86790 31.91307 17.04517 1.526573 2.789450
 [5,] 14.88911 31.92564 17.03652 1.526509 2.790125
 [6,] 14.88449 31.92098 17.03649 1.526578 2.789510
 [7,] 14.87443 31.91977 17.04534 1.526499 2.789813
 [8,] 14.86901 31.91323 17.04422 1.526476 2.789712
 [9,] 14.85156 31.90519 17.05362 1.526531 2.789716
[10,] 14.86785 31.91182 17.04397 1.526601 2.788966
[11,] 14.95727 31.95611 16.99884 1.526609 2.789028
[12,] 15.04666 31.99422 16.94755 1.526633 2.788742

$Refset$penalty
 [1] 0 0 0 0 0 0 0 0 0 0 0 0


