$f
 [1] 2491.649 2379.835 1958.608 1584.594 1438.530 1292.533 1206.906 1174.639 1161.146 1153.707 1128.045 1128.042 1126.543 1120.207 1114.089 1111.132 1110.738 1109.806 1109.542 1109.335 1109.247 1108.967 1108.359 1107.962 1107.962

$x
           [,1]     [,2]      [,3]     [,4]     [,5]     [,6]     [,7]      [,8]      [,9]    [,10]
xbest  7.131791 342.4658 0.2800128 15.52972 284.9214 32.52681 31.55598  6.947301  4.286604 3.576675
xbest 10.030832 191.2661 0.8687148 19.27705 286.8360 42.76126 26.62773 10.000000 10.000000 3.368692
xbest 10.030832 171.2661 0.8589143 19.25289 286.8360 42.76126 26.22148 10.000000  9.604832 3.380932
xbest  9.447064 176.0730 0.1100681 22.78936 285.6416 37.62863 34.81850  6.559609  5.683614 2.702449
xbest  9.275980 164.9799 0.1000000 23.34059 285.3679 37.58544 35.62369  6.532733  5.544002 2.066301
xbest  9.302019 164.0504 0.1000000 23.21516 285.3924 37.85023 35.64966  6.546195  5.277698 2.182563
xbest  8.917701 162.8098 0.1029496 24.74193 285.3115 37.73969 35.65394  6.662456  4.764427 2.059847
xbest  8.917701 162.8098 0.1027739 24.55883 285.3103 37.73344 35.65394  6.664018  4.753489 2.062815
xbest  9.709510 147.4534 0.1004280 24.45993 285.3891 38.30335 35.69978  6.523291  5.293666 2.447858
xbest  9.655640 147.4358 0.1004012 24.34142 285.3886 38.13497 35.40805  6.516450  5.285858 2.449471
xbest  9.655640 146.1858 0.1003106 24.71642 285.3983 38.13497 35.57055  6.516450  5.392301 2.449471
xbest  9.002203 151.0391 0.1088772 25.11781 285.4052 38.40707 35.92993  6.563507  5.137690 2.442357
xbest  9.005621 151.1172 0.1087015 25.11781 285.4052 38.40707 35.92993  6.563507  5.137690 2.442357
xbest  9.002244 154.3105 0.1096523 24.93254 285.4016 38.41964 35.88439  6.563860  5.103063 2.422494
xbest  9.004298 155.0295 0.1104945 24.88953 285.4004 38.44778 35.88187  6.564049  5.084956 2.412326
xbest  9.009276 154.9809 0.1098121 24.86880 285.4003 38.46429 35.87888  6.564320  5.093024 2.418310
xbest  9.011430 154.9680 0.1096504 24.86553 285.4003 38.46404 35.87767  6.564468  5.090805 2.422272
xbest  9.015052 155.0452 0.1099406 24.84794 285.4000 38.46252 35.88494  6.565107  5.093611 2.415159
xbest  9.012873 155.0065 0.1099381 24.86114 285.4005 38.60101 35.88160  6.569646  5.083942 2.419544
xbest  9.009455 155.0065 0.1099381 24.86114 285.4005 38.60101 35.88160  6.569646  5.083942 2.419544
xbest  9.013395 154.9933 0.1098143 24.86103 285.4005 38.59342 35.88339  6.569280  5.084270 2.420019
xbest  9.011568 155.0803 0.1098453 24.86072 285.4001 38.61630 35.88049  6.566984  5.085900 2.421358
xbest  9.008575 155.0415 0.1100941 24.86370 285.3999 38.61286 35.87082  6.566532  5.086962 2.426795
xbest  9.008578 155.0416 0.1101151 24.86370 285.3995 38.62288 35.86828  6.565479  5.087550 2.426952
xbest  9.008578 155.0416 0.1101151 24.86370 285.3995 38.62288 35.86828  6.565479  5.087550 2.426952

$time
elapsed elapsed elapsed elapsed elapsed elapsed elapsed elapsed elapsed elapsed elapsed elapsed elapsed elapsed elapsed elapsed elapsed elapsed elapsed elapsed elapsed elapsed elapsed elapsed elapsed 
   2.11    5.33    8.89   12.31   25.51   28.64   31.84   44.73   62.92   71.92   77.58  152.89  154.86  160.84  179.39  182.33  189.95  215.14  374.72  376.48  398.54  415.75  460.61  484.87 1178.47 

$neval
 [1]   106   248   380   527  1095  1233  1375  1907  2721  3132  3379  6643  6727  6998  7804  7938  8274  9353 16076 16150 17112 17863 19848 20873 50063

$fbest
[1] 1107.962

$xbest
 [1]   9.0085782 155.0415594   0.1101151  24.8636971 285.3994543  38.6228850  35.8682767   6.5654785   5.0875503   2.4269522

$numeval
[1] 50063

$end_crit
[1] 1

$cpu_time
elapsed 
1178.47 

$Refset
$Refset$x
          [,1]     [,2]      [,3]     [,4]     [,5]     [,6]     [,7]     [,8]     [,9]    [,10]
 [1,] 9.006906 155.0430 0.1101601 24.86440 285.3995 38.62211 35.86846 6.565729 5.087109 2.426137
 [2,] 9.007088 155.0358 0.1101287 24.86410 285.3994 38.62205 35.86930 6.565814 5.087721 2.425936
 [3,] 9.007088 155.0677 0.1101154 24.86395 285.3995 38.62258 35.86876 6.565701 5.086754 2.426322
 [4,] 9.006259 155.0393 0.1101526 24.86633 285.3995 38.62098 35.86818 6.565706 5.087060 2.426235
 [5,] 9.006653 155.0060 0.1101239 24.86860 285.3995 38.62118 35.86809 6.564982 5.087258 2.426202
 [6,] 8.984382 155.0268 0.1103769 24.87864 285.3995 38.62131 35.86953 6.572509 5.086988 2.430067
 [7,] 9.036573 155.0372 0.1095214 24.86544 285.3995 38.60405 35.86868 6.565398 5.091522 2.428166
 [8,] 9.010598 154.8941 0.1099284 24.86761 285.4021 38.65227 35.92226 6.565211 5.088502 2.426196
 [9,] 9.000914 152.8803 0.1040530 24.92853 285.3945 38.28899 35.82691 6.546813 5.111206 2.429049
[10,] 9.007895 155.0469 0.1102001 24.86530 285.4021 38.62275 35.88983 6.565185 5.086691 2.421486
[11,] 8.919062 158.5001 0.1144222 24.70718 285.4029 38.14748 35.96972 6.565639 5.012182 2.328290
[12,] 9.471769 144.1665 0.1000000 23.68736 285.5827 42.92966 36.24067 7.920863 6.196231 3.102515

$Refset$f
 [1] 1107.962 1107.962 1107.962 1107.962 1108.710 1109.259 1110.464 1117.389 1120.531 1118.108 1179.012 3018.802

$Refset$fpen
 [1] 1107.962 1107.962 1107.962 1107.962 1108.710 1109.259 1110.464 1117.389 1120.531 1118.108 1179.012 3018.802

$Refset$const
          [,1]     [,2]     [,3]     [,4]     [,5]
 [1,] 19.77729 30.91289 11.13560 1.640900 3.242143
 [2,] 19.77638 30.91228 11.13590 1.640909 3.242226
 [3,] 19.77720 30.91325 11.13605 1.640905 3.242119
 [4,] 19.77927 30.91294 11.13367 1.640903 3.242223
 [5,] 19.78134 30.91274 11.13140 1.640904 3.242191
 [6,] 19.79166 30.91301 11.12136 1.640897 3.242349
 [7,] 19.77392 30.90848 11.13456 1.640823 3.244170
 [8,] 19.77911 30.91150 11.13239 1.640379 3.245931
 [9,] 19.81732 30.88879 11.07147 1.640461 3.273218
[10,] 19.77861 30.91331 11.13470 1.640399 3.245340
[11,] 19.69499 30.98782 11.29282 1.637838 3.309725
[12,] 17.49113 29.80377 12.31264 1.625606 2.943281

$Refset$penalty
 [1] 0 0 0 0 0 0 0 0 0 0 0 0


