$f
 [1] 11976.8785  1845.5625  1172.0087  1126.4271  1086.7778   966.8698   950.0399   921.7465   806.1806   803.8941   799.7812   756.1545   754.2587   751.3733   751.0434   739.5226   738.2083
[18]   738.0260   737.3212   736.8177   728.4809   728.0538   725.9080   725.7743   725.5278   723.4601   723.3628   721.1962   721.0087   720.7326   720.6719   720.0000   719.9792   719.4757
[35]   719.4722   718.3524   718.0122   717.8194   717.8073   717.7396   717.6875   717.5729   717.5677   717.4913   717.4670   717.3993   717.3993

$x
          [,1]     [,2]      [,3]     [,4]     [,5]     [,6]     [,7]     [,8]     [,9]    [,10]
xbest 24.79000 337.0400 0.2529000 17.72000 285.5400 45.67000 29.49000 2.970000 2.000000 2.690000
xbest 25.82233 262.0331 0.1945472 16.71249 286.5556 41.24213 24.83090 3.602674 2.161136 1.514024
xbest 25.37764 322.0331 0.1000000 16.71249 286.5556 36.71665 24.00000 6.132496 2.019764 1.523412
xbest 20.96036 318.3309 0.1183115 18.91456 286.8091 40.90437 24.00000 5.825559 4.413645 3.803262
xbest 24.07038 229.0719 0.1000000 24.94424 286.7972 38.76462 24.00000 3.086663 2.000000 1.200000
xbest 20.53342 317.3880 0.1130094 18.91881 286.4795 39.59951 24.00000 5.902852 4.439421 3.198935
xbest 20.00000 288.6111 0.1595969 20.43531 286.6689 37.38980 25.38907 5.161195 5.071685 2.108430
xbest 22.23037 243.2741 0.1000000 23.54850 286.6493 37.96316 24.80850 5.248109 3.366482 2.039564
xbest 20.72774 244.3259 0.1000000 24.02133 286.6503 37.74909 24.29749 5.072181 3.711233 1.769536
xbest 20.99964 238.6523 0.1000200 24.00130 286.6535 37.47503 24.36500 5.035407 3.733613 1.746182
xbest 20.00000 213.1115 0.1144311 25.83471 286.5745 37.40278 24.38281 4.906597 4.255256 1.772878
xbest 20.00000 212.9368 0.1000000 25.84126 286.6542 37.50278 24.38281 4.899610 4.094231 1.772878
xbest 20.02467 232.1727 0.1006657 23.78699 286.6438 37.82669 24.31552 5.130398 4.553167 1.863230
xbest 20.02467 232.1727 0.1001758 23.79578 286.6438 37.82669 24.31552 5.130398 4.553167 1.866199
xbest 20.02600 232.8749 0.1005939 23.78392 286.6441 37.79940 24.27661 5.114328 4.585356 1.855888
xbest 20.01899 219.3969 0.1002750 23.99409 286.6454 37.13195 24.25327 4.978448 5.114070 1.970054
xbest 20.02344 219.3969 0.1000993 23.99409 286.6454 37.13195 24.25327 4.978448 5.114070 1.970054
xbest 20.00000 219.7367 0.1001153 23.98734 286.6464 37.12528 24.49363 4.982083 5.119667 1.967797
xbest 20.00000 219.7367 0.1000000 23.98734 286.6464 37.12528 24.49363 4.975833 5.132167 1.967797
xbest 20.02733 219.2886 0.1000096 24.15649 286.6430 35.49629 24.20661 5.100016 5.097358 1.958142
xbest 20.04688 219.6011 0.1000096 24.15649 286.6430 35.49629 24.16599 5.125016 5.097358 1.958142
xbest 20.06104 219.2840 0.1000187 24.16989 286.6632 35.55566 24.21269 5.112213 5.097039 1.943940
xbest 20.06104 219.2840 0.1000187 24.16696 286.6632 35.55566 24.13144 5.112213 5.097039 1.952846
xbest 20.04904 219.1849 0.1000041 24.15156 286.6596 35.55298 24.14021 5.135120 5.113069 1.954091
xbest 20.05771 219.2732 0.1000224 24.16104 286.6569 35.52761 24.10524 5.114925 5.104348 1.945763
xbest 20.05488 219.1382 0.1000211 24.15880 286.6083 35.55308 24.15075 5.121073 5.106138 1.949358
xbest 20.02903 219.2087 0.1000106 24.16052 286.5767 35.55627 24.06852 5.125410 5.097764 1.942463
xbest 20.02344 219.2087 0.1003621 24.16052 286.5767 35.55627 24.06852 5.125410 5.097764 1.942463
xbest 20.03271 219.3772 0.1000093 24.15222 286.5963 35.52608 24.01911 5.124963 5.089506 1.939314
xbest 20.03271 219.3772 0.1000093 24.15222 286.5963 35.52608 24.00000 5.124963 5.089506 1.939314
xbest 20.06269 209.0680 0.1000143 25.01419 286.5989 35.53297 24.01293 5.127351 4.924660 1.935426
xbest 20.06269 208.9898 0.1000143 25.01712 286.5802 35.53297 24.01293 5.127351 4.924660 1.935426
xbest 20.04738 214.8202 0.1000320 24.62698 286.5869 35.52300 24.05014 5.142895 4.952607 1.988425
xbest 20.04738 214.8202 0.1000320 24.62698 286.5869 35.52300 24.00951 5.142895 4.952607 1.988425
xbest 20.04725 214.1885 0.1000358 24.65782 286.5843 35.52307 24.02868 5.143268 4.959465 1.990986
xbest 20.04149 210.6077 0.1000241 24.87693 286.6042 35.51486 24.04304 5.147737 4.958764 1.967503
xbest 20.04149 210.7640 0.1000241 24.87400 286.6042 35.51486 24.04304 5.147737 4.955639 1.967503
xbest 20.03333 212.9876 0.1000180 24.64739 286.5780 35.51363 24.04298 5.146039 5.013921 1.965216
xbest 20.03899 213.4211 0.1000225 24.65716 286.5782 35.51727 24.02501 5.146576 4.988804 1.970802
xbest 20.03913 213.4262 0.1000173 24.65772 286.5775 35.51729 24.02463 5.146156 4.988550 1.970392
xbest 20.03910 213.4372 0.1000232 24.65754 286.5726 35.51448 24.02451 5.145658 4.988482 1.970993
xbest 20.03774 213.4164 0.1000996 24.65878 286.5736 35.51239 24.02432 5.148311 4.988452 1.970081
xbest 20.03865 213.3580 0.1000469 24.65558 286.5773 35.51752 24.02441 5.147603 4.992648 1.971057
xbest 20.05365 213.3526 0.1000447 24.65772 286.5682 35.51351 24.02724 5.147257 4.987105 1.976458
xbest 20.05024 213.3507 0.1000478 24.65517 286.5696 35.51785 24.02542 5.148270 4.988334 1.971396
xbest 20.05119 213.3403 0.1000000 24.65484 286.5701 35.51766 24.02579 5.148969 4.988390 1.970105
xbest 20.05119 213.3403 0.1000000 24.65484 286.5701 35.51766 24.02579 5.148969 4.988390 1.970105

$time
elapsed elapsed elapsed elapsed elapsed elapsed elapsed elapsed elapsed elapsed elapsed elapsed elapsed elapsed elapsed elapsed elapsed elapsed elapsed elapsed elapsed elapsed elapsed elapsed elapsed 
   1.89    4.50    6.17   10.19   12.06   13.90   15.86   17.76   19.64   21.47   25.59   27.17   52.23   53.34   68.15   71.84   73.05   91.20   94.62  127.31  128.45  159.55  160.73  197.65  215.33 
elapsed elapsed elapsed elapsed elapsed elapsed elapsed elapsed elapsed elapsed elapsed elapsed elapsed elapsed elapsed elapsed elapsed elapsed elapsed elapsed elapsed elapsed 
 229.00  230.72  237.06  282.39  283.33  312.90  314.01  362.87  363.83  375.89  379.59  384.44  390.64  435.34  438.00  445.70  454.53  470.03  487.44  492.98  525.69  603.00 

$neval
 [1]   106   274   399   701   845   986  1135  1277  1420  1560  1844  1965  3751  3839  4927  5198  5282  6495  6713  8881  8966 11126 11216 14062 15397 16423 16560 17051 20312 20386 22529 22614
[33] 26190 26264 27081 27347 27700 28100 31324 31529 32078 32767 33930 35235 35659 38065 43951

$fbest
[1] 717.3993

$xbest
 [1]  20.051193 213.340316   0.100000  24.654839 286.570096  35.517657  24.025790   5.148969   4.988390   1.970105

$numeval
[1] 43951

$end_crit
[1] 2

$cpu_time
elapsed 
    603 

$Refset
$Refset$x
          [,1]     [,2]      [,3]     [,4]     [,5]     [,6]     [,7]     [,8]     [,9]    [,10]
 [1,] 20.05028 213.3445 0.1000000 24.65515 286.5677 35.51762 24.02563 5.148790 4.987920 1.971034
 [2,] 20.04966 213.3403 0.1000345 24.65539 286.5679 35.51796 24.02281 5.148968 4.988159 1.970660
 [3,] 20.04273 213.3605 0.1001960 24.65484 286.5698 35.52162 24.02055 5.148622 4.991489 1.970567
 [4,] 20.03060 213.2298 0.1001800 24.65395 286.5650 35.51391 24.01402 5.148694 5.000011 1.971047
 [5,] 20.04466 213.3701 0.1001199 24.65945 286.5704 35.52027 24.02759 5.148865 4.988177 1.970918
 [6,] 20.01495 213.3325 0.1001645 24.66665 286.5691 35.51502 24.01480 5.149861 4.993476 1.990550
 [7,] 20.05028 213.3435 0.1000004 24.65513 286.5679 35.51762 24.03299 5.148790 4.988087 1.971808
 [8,] 20.09214 207.5259 0.1006048 24.67893 286.5683 35.53384 24.00000 5.148519 5.194834 1.970921
 [9,] 20.17642 213.2506 0.1000746 24.58923 286.5528 35.45320 24.04791 5.151381 5.000770 1.944564
[10,] 20.04972 213.2775 0.1000000 24.66316 286.5681 35.51613 24.12560 5.154188 4.978662 1.973368
[11,] 20.01613 199.3043 0.1004794 24.72979 286.5606 35.26004 24.06108 5.191460 5.559082 1.996415
[12,] 20.02968 200.5042 0.1002491 24.73909 286.5897 35.50247 24.05084 5.312373 5.415991 1.873369

$Refset$f
 [1] 717.3993 717.3993 717.4913 717.5521 717.6215 717.6285 717.8003 718.4601 723.6753 724.9184 736.1580 735.9184

$Refset$fpen
 [1] 717.3993 717.3993 717.4913 717.5521 717.6215 717.6285 717.8003 718.4601 723.6753 724.9184 736.1580 735.9184

$Refset$const
          [,1]     [,2]     [,3]     [,4]     [,5]
 [1,] 19.66723 31.01208 11.34485 1.523071 2.706594
 [2,] 19.66724 31.01184 11.34461 1.523061 2.706402
 [3,] 19.66335 31.00851 11.34516 1.522863 2.706724
 [4,] 19.65394 30.99999 11.34605 1.523408 2.704790
 [5,] 19.67127 31.01182 11.34055 1.522775 2.707602
 [6,] 19.67317 31.00652 11.33335 1.522945 2.706351
 [7,] 19.66705 31.01191 11.34487 1.523028 2.707280
 [8,] 19.48410 30.80517 11.32107 1.523140 2.703672
 [9,] 19.58846 30.99923 11.41077 1.524510 2.706628
[10,] 19.68450 31.02134 11.33684 1.522680 2.715349
[11,] 19.17071 30.44092 11.27021 1.523127 2.721997
[12,] 19.32310 30.58401 11.26091 1.520488 2.717941

$Refset$penalty
 [1] 0 0 0 0 0 0 0 0 0 0 0 0


