$f
 [1] 4295.582 3222.755 2734.554 2658.153 2633.648 2572.668 2524.568 2520.073 2395.984 2395.984

$x
          [,1]     [,2]      [,3]     [,4]     [,5]     [,6]     [,7]     [,8]     [,9]    [,10]
xbest 22.31780 194.6491 0.6564748 17.87805 286.4442 46.33096 32.24669 4.411437 8.459003 4.109744
xbest 20.00000 439.8926 0.1000000 18.14571 286.1830 47.90926 26.04832 2.098957 2.000000 3.090666
xbest 20.00000 419.8926 0.1900000 18.14571 285.8830 48.00000 26.04832 2.092707 2.000000 3.090666
xbest 20.79318 336.4729 0.6237581 24.67304 286.7189 44.09373 26.33463 2.967065 2.265215 1.833880
xbest 20.00000 335.2530 0.6349837 25.51273 286.7537 44.37476 26.23566 3.038503 2.131388 1.200000
xbest 20.00026 399.0185 0.9913918 23.12369 286.8957 45.51760 24.13601 3.321249 2.093772 1.919355
xbest 20.37526 399.0185 0.9971875 23.12369 286.8957 45.51760 24.13601 3.346249 2.143772 1.919355
xbest 22.86687 435.7871 0.2081382 17.37507 286.9282 45.54527 24.17423 3.899831 2.245141 3.746026
xbest 22.67937 456.4863 0.2063795 17.43369 286.9282 45.54527 24.06758 3.899050 2.282660 3.747882
xbest 22.67937 456.4863 0.2063795 17.43369 286.9282 45.54527 24.06758 3.899050 2.282660 3.747882

$time
elapsed elapsed elapsed elapsed elapsed elapsed elapsed elapsed elapsed elapsed 
   3.16    6.89    9.89   24.14   31.20   38.41   47.03  144.11  147.28  604.38 

$neval
 [1]   106   269   394   972  1248  1528  1893  5707  5841 24678

$fbest
[1] 2395.984

$xbest
 [1]  22.6793691 456.4862607   0.2063795  17.4336918 286.9281706  45.5452744  24.0675762   3.8990502   2.2826597   3.7478825

$numeval
[1] 24678

$end_crit
[1] 2

$cpu_time
elapsed 
 604.38 

$Refset
$Refset$x
          [,1]     [,2]      [,3]     [,4]     [,5]     [,6]     [,7]     [,8]     [,9]    [,10]
 [1,] 20.74911 498.7959 0.3014161 17.42542 286.6643 46.49668 24.15015 2.623446 2.238971 3.614218
 [2,] 20.74897 498.7160 0.3013992 17.42336 286.6638 46.49738 24.14238 2.623385 2.243091 3.617718
 [3,] 20.74687 498.8892 0.3018556 17.42181 286.6644 46.49703 24.15064 2.623268 2.243050 3.611801
 [4,] 20.74662 498.9073 0.3015669 17.42169 286.6643 46.49637 24.15117 2.623231 2.241630 3.615552
 [5,] 20.74681 498.8267 0.3015234 17.42240 286.6643 46.49722 24.15313 2.623306 2.242678 3.619590
 [6,] 20.74628 498.8752 0.3012993 17.42284 286.6648 46.49765 24.14986 2.623373 2.240489 3.616658
 [7,] 20.74818 498.7451 0.3014331 17.42437 286.6642 46.49726 24.14381 2.623470 2.242284 3.617228
 [8,] 20.74903 498.7425 0.3014170 17.42476 286.6640 46.49667 24.14519 2.622877 2.241363 3.617169
 [9,] 20.78925 498.0533 0.3013619 17.42066 286.6642 46.49354 24.15227 2.619778 2.240383 3.601257
[10,] 20.74074 498.4226 0.3015435 17.42196 286.6651 46.49429 24.15063 2.623811 2.238819 3.608045
[11,] 20.71142 444.5883 0.3594574 15.86800 285.1836 40.80513 25.02578 2.161989 4.084123 3.579927
[12,] 20.90217 499.1393 0.2871853 17.49225 286.6708 46.83171 24.03196 2.652146 2.426462 3.770339

$Refset$f
 [1] 2428.967 2429.099 2429.099 2429.099 2429.099 2429.099 2429.099 2429.264 2429.913 2433.252 2858.543 2670.502

$Refset$fpen
 [1] 2428.967 2429.099 2429.099 2429.099 2429.099 2429.099 2429.099 2429.264 2429.913 2433.252 2858.543 2670.502

$Refset$const
          [,1]     [,2]     [,3]     [,4]     [,5]
 [1,] 15.18645 33.76103 18.57458 1.524909 2.317463
 [2,] 15.18027 33.75691 18.57664 1.524958 2.316872
 [3,] 15.17876 33.75695 18.57819 1.524897 2.317521
 [4,] 15.18006 33.75837 18.57831 1.524905 2.317537
 [5,] 15.17972 33.75732 18.57760 1.524908 2.317602
 [6,] 15.18235 33.75951 18.57716 1.524865 2.317586
 [7,] 15.18209 33.75772 18.57563 1.524916 2.317101
 [8,] 15.18340 33.75864 18.57524 1.524940 2.317096
 [9,] 15.18028 33.75962 18.57934 1.524913 2.317638
[10,] 15.18314 33.76118 18.57804 1.524837 2.317815
[11,] 11.78387 31.91588 20.13200 1.658898 2.191076
[12,] 15.06578 33.57354 18.50775 1.524458 2.304562

$Refset$penalty
 [1] 0 0 0 0 0 0 0 0 0 0 0 0


