$f
 [1] 3467.1319 1281.0451 1167.3177 1132.8194 1007.5938  961.2691  855.2691  828.5052  790.6510  769.0573  766.9167  751.8594  716.8872  701.9740  690.2413  681.7483  681.5799  680.0625  678.1476
[20]  674.3160  673.7552  672.4896  669.2778  664.7500  663.5330  662.5868  660.4375  658.9965  658.7656  657.8281  657.1771  656.9705  656.0312  655.9080  653.9288  653.5399  652.7882  651.7552
[39]  651.6128  650.9271  650.2326  649.5122  649.1927  649.1806  648.2865  648.1597  647.9792  647.5486  647.2413  647.1997  647.1458  646.8872  646.1927  646.0347  640.9149  637.3889  636.4740
[58]  635.7743  634.4444  634.1753  633.8733  633.8368  633.6649  633.1753  633.0833  633.0833

$x
          [,1]     [,2]      [,3]     [,4]     [,5]     [,6]     [,7]     [,8]     [,9]    [,10]
xbest 22.73361 108.1565 0.1084786 15.07506 284.5771 39.83947 30.29441 3.305584 3.285688 1.705672
xbest 21.12769 233.0637 0.5280635 15.00000 286.4801 36.55563 31.56478 4.870555 6.338645 4.561689
xbest 21.18010 232.7144 0.5955635 16.50000 286.3124 36.55563 31.61020 4.870555 5.884444 4.243050
xbest 26.24550 196.2486 0.8299652 21.88732 286.1173 35.27446 24.00000 2.582279 2.872453 2.032643
xbest 21.81381 218.8847 0.2458379 16.46443 286.4143 44.22204 25.70066 5.003954 2.513109 2.381952
xbest 22.38553 211.4282 0.2081110 16.45290 286.4273 44.92983 24.00000 5.121398 2.407682 1.610541
xbest 22.60153 238.4676 0.1159944 15.16501 286.5772 45.60973 24.03235 5.142779 2.717136 1.730627
xbest 20.98110 235.1589 0.1425257 15.62873 286.5084 44.82541 26.97092 5.287055 3.537817 2.307892
xbest 20.98110 235.1589 0.1439319 16.05614 286.5084 44.93022 26.88967 5.287055 3.481915 2.316632
xbest 20.65929 198.5756 0.1703926 18.74714 286.2670 43.36153 25.67229 5.376203 3.834618 2.763615
xbest 20.35497 219.5034 0.3736446 17.68865 286.5932 44.95238 27.62153 5.239867 3.692653 2.099849
xbest 20.50457 191.7551 0.1706481 16.39875 286.6163 44.58525 28.26966 5.395323 4.910524 1.219371
xbest 20.75109 199.0949 0.1722555 18.14213 286.2649 43.43984 25.65780 5.423451 3.834438 2.675145
xbest 20.76171 199.0418 0.1727388 18.20578 286.2646 43.44820 25.65375 5.420194 3.834343 2.658873
xbest 20.71298 198.9381 0.1722192 18.85457 286.2645 43.43500 25.65434 5.429370 3.834294 2.697988
xbest 20.71298 198.9381 0.1897974 18.94832 286.2645 43.43500 25.65434 5.423120 3.871794 2.695019
xbest 20.46013 212.3058 0.2148702 17.60572 286.6054 44.90513 27.52484 5.124849 3.705149 2.355427
xbest 20.48356 212.3058 0.2146944 17.79322 286.6054 44.90513 27.52484 5.124849 3.705149 2.355427
xbest 20.25366 190.1711 0.1932699 16.09352 286.6165 44.73834 28.43874 5.469269 4.982393 1.742105
xbest 20.13660 218.6831 0.2538921 17.92946 286.6188 44.88713 27.57768 5.195713 3.427264 2.181001
xbest 20.01530 217.8208 0.2240929 17.88237 286.6049 44.89726 27.64393 5.167608 3.573365 2.268392
xbest 20.03944 218.9290 0.2455528 17.86781 286.6055 44.97301 27.57891 5.167798 3.567257 2.270243
xbest 20.05309 215.1690 0.2285356 17.93053 286.6049 44.85422 27.62367 5.168718 3.717283 2.259227
xbest 20.01925 216.3401 0.2333706 17.98173 286.6050 44.92235 27.66936 5.167835 3.636375 2.267065
xbest 20.00000 214.9526 0.2301035 18.06115 286.6050 44.92370 27.65986 5.167840 3.643940 2.267101
xbest 20.00315 214.8922 0.2317014 18.11194 286.6052 44.90685 27.66593 5.167973 3.607328 2.267074
xbest 20.00000 214.8922 0.2345139 18.11194 286.5864 44.90685 27.66593 5.167973 3.594828 2.267074
xbest 20.00000 215.6380 0.2098253 17.98338 286.6048 44.95511 27.64493 5.174551 3.721612 2.252445
xbest 20.00000 215.6380 0.2098253 17.98338 286.6048 44.95511 27.68555 5.174551 3.734112 2.252445
xbest 20.00000 215.4018 0.2133323 17.97153 286.6047 44.96311 27.64992 5.174905 3.727564 2.252148
xbest 20.01541 214.6702 0.2162937 17.96264 286.6048 44.94539 27.63868 5.173764 3.757793 2.254532
xbest 20.01541 214.6702 0.2162937 17.96264 286.6048 44.94539 27.63868 5.173764 3.760918 2.257501
xbest 20.02282 211.0842 0.2229123 18.09354 286.6027 44.92835 27.69212 5.179723 3.786386 2.241024
xbest 20.02444 210.9073 0.2232210 18.13544 286.6024 44.92111 27.69184 5.181117 3.782381 2.236991
xbest 20.00000 210.9073 0.2232210 18.13544 286.6024 44.92111 27.69184 5.181117 3.782381 2.236991
xbest 20.00010 211.2893 0.2232901 18.19355 286.6180 44.93802 27.68232 5.170125 3.757156 2.249520
xbest 20.00010 211.3089 0.2232461 18.19355 286.6180 44.93802 27.68232 5.170125 3.757156 2.249520
xbest 20.00247 207.9567 0.2251188 18.43305 286.6217 44.94017 27.69433 5.169970 3.756777 2.249728
xbest 20.01963 208.2524 0.2216982 18.43966 286.6224 44.94001 27.69349 5.170232 3.754737 2.249034
xbest 20.00074 207.9227 0.2245362 18.43323 286.6220 44.94010 27.69427 5.170009 3.757170 2.249495
xbest 20.00134 207.7769 0.2256297 18.43121 286.6220 44.94015 27.69456 5.170067 3.758332 2.249730
xbest 20.00762 207.8071 0.2250831 18.41673 286.6205 44.94145 27.68072 5.170168 3.757338 2.250773
xbest 20.01643 203.3674 0.2225098 18.77261 286.6257 44.93616 27.68793 5.167710 3.744821 2.254983
xbest 20.01409 206.2798 0.2232870 18.54652 286.6136 44.93193 27.68265 5.167867 3.740507 2.253856
xbest 20.03752 206.2798 0.2232870 18.54652 286.6136 44.93193 27.68265 5.167964 3.737577 2.253856
xbest 20.02757 202.0898 0.2225895 18.95338 286.6116 44.92999 27.67822 5.166910 3.706054 2.256203
xbest 20.02021 202.7571 0.2226931 18.86294 286.6114 44.93186 27.66846 5.167276 3.713393 2.256066
xbest 20.02840 201.9292 0.2226279 18.92364 286.6117 44.93104 27.67512 5.167106 3.706698 2.256113
xbest 20.02648 202.2204 0.2226636 18.86844 286.6113 44.92907 27.70806 5.171912 3.713939 2.256486
xbest 20.02656 202.2814 0.2226277 18.88465 286.6116 44.93161 27.66411 5.167397 3.712810 2.256025
xbest 20.01597 203.7169 0.2227568 18.75573 286.6107 44.93222 27.69586 5.167285 3.733468 2.256338
xbest 20.02687 202.0011 0.2227251 18.89053 286.6115 44.92983 27.69279 5.168484 3.720694 2.254004
xbest 20.03081 202.0366 0.2226818 18.90584 286.6116 44.93112 27.67471 5.167420 3.705782 2.256109
xbest 20.03081 202.0170 0.2226818 18.90584 286.6116 44.93112 27.67471 5.167420 3.705782 2.256109
xbest 20.03592 202.5125 0.2332780 18.87661 286.6160 44.89487 27.92113 5.167202 3.725727 2.254231
xbest 20.00000 202.5125 0.2332780 18.87661 286.6160 44.89487 27.92113 5.167202 3.738227 2.254231
xbest 20.04140 202.0907 0.2280339 18.91117 286.6139 44.89300 27.92879 5.167685 3.721068 2.252875
xbest 20.04386 201.6641 0.2240172 18.89427 286.6149 44.88497 27.93478 5.167602 3.721069 2.253316
xbest 20.03252 201.4122 0.2254887 18.92088 286.6121 44.89631 27.91024 5.169374 3.719590 2.254636
xbest 20.03545 201.3793 0.2232625 18.93886 286.6127 44.90031 27.90515 5.169540 3.714989 2.254292
xbest 20.03343 201.8997 0.2261294 18.88543 286.6125 44.89375 27.91026 5.169046 3.716000 2.253643
xbest 20.03781 201.6027 0.2255529 18.90106 286.6127 44.89244 27.92017 5.169088 3.716356 2.253332
xbest 20.03707 201.6068 0.2255627 18.90208 286.6126 44.89275 27.91907 5.169092 3.715655 2.253188
xbest 20.03439 200.8278 0.2244825 18.94976 286.6112 44.89625 27.89883 5.169417 3.713723 2.250440
xbest 20.03439 200.8278 0.2244825 18.94976 286.6112 44.89625 27.89883 5.169417 3.713723 2.251182
xbest 20.03439 200.8278 0.2244825 18.94976 286.6112 44.89625 27.89883 5.169417 3.713723 2.251182

$time
elapsed elapsed elapsed elapsed elapsed elapsed elapsed elapsed elapsed elapsed elapsed elapsed elapsed elapsed elapsed elapsed elapsed elapsed elapsed elapsed elapsed elapsed elapsed elapsed elapsed 
   1.29    3.52    5.10    7.32   11.05   12.89   14.77   22.10   25.52   29.54   31.27   34.86   36.69   38.47   43.75   45.24   78.74   79.82   85.04   94.36   97.94  100.64  102.43  104.29  111.55 
elapsed elapsed elapsed elapsed elapsed elapsed elapsed elapsed elapsed elapsed elapsed elapsed elapsed elapsed elapsed elapsed elapsed elapsed elapsed elapsed elapsed elapsed elapsed elapsed elapsed 
 115.24  118.82  139.00  140.02  153.32  157.04  160.47  172.71  176.57  182.08  215.85  216.86  220.64  222.57  225.16  227.07  230.89  232.77  236.50  237.71  286.46  293.55  297.18  310.44  314.61 
elapsed elapsed elapsed elapsed elapsed elapsed elapsed elapsed elapsed elapsed elapsed elapsed elapsed elapsed elapsed elapsed 
 316.41  319.88  323.38  326.64  347.83  348.86  354.52  356.46  358.43  364.52  376.25  399.22  404.68  495.66  496.60  602.25 

$neval
 [1]   106   267   390   546   829   968  1105  1665  1930  2203  2340  2613  2749  2885  3290  3404  5708  5792  6200  6880  7152  7357  7491  7627  8170  8446  8677 10050 10129 11088 11358 11571
[33] 12387 12656 13002 15467 15545 15819 15956 16094 16232 16508 16646 16921 17012 20400 20887 21161 22179 22450 22588 22854 23125 23334 24819 24898 25314 25455 25597 26015 26890 28570 28979 35684
[65] 35757 43258

$fbest
[1] 633.0833

$xbest
 [1]  20.0343907 200.8277698   0.2244825  18.9497588 286.6112382  44.8962470  27.8988271   5.1694166   3.7137229   2.2511821

$numeval
[1] 43258

$end_crit
[1] 2

$cpu_time
elapsed 
 602.25 

$Refset
$Refset$x
          [,1]     [,2]      [,3]     [,4]     [,5]     [,6]     [,7]     [,8]     [,9]    [,10]
 [1,] 71.15783 327.5607 0.7957752 27.89793 286.7289 31.08144 29.13745 9.186307 2.011045 1.881781
 [2,] 20.03371 201.4768 0.2241970 18.91740 286.6112 44.89354 27.91001 5.170157 3.719430 2.248948
 [3,] 20.03349 201.4358 0.2247983 18.91886 286.6113 44.90057 27.90701 5.170366 3.715980 2.249025
 [4,] 20.03361 201.4424 0.2245127 18.91725 286.6112 44.89927 27.90582 5.170358 3.719187 2.248919
 [5,] 20.03371 201.4328 0.2244866 18.92380 286.6112 44.90094 27.90231 5.170294 3.713559 2.249272
 [6,] 20.03363 201.4290 0.2245004 18.92383 286.6113 44.90056 27.90575 5.170497 3.714878 2.248836
 [7,] 20.03378 201.4326 0.2246224 18.92155 286.6113 44.89873 27.90766 5.170392 3.713762 2.249433
 [8,] 20.03341 201.4231 0.2246343 18.92355 286.6113 44.89892 27.90802 5.170386 3.714289 2.249005
 [9,] 20.03363 201.4931 0.2242899 18.91631 286.6114 44.89889 27.90678 5.170292 3.717382 2.249003
[10,] 20.03363 201.4334 0.2244607 18.92374 286.6113 44.90058 27.90548 5.170503 3.714950 2.248834
[11,] 20.03331 201.2915 0.2253591 18.92430 286.6116 44.89657 27.90942 5.170526 3.715061 2.255736
[12,] 20.03350 201.4848 0.2247932 18.92307 286.6114 44.90049 27.90782 5.170367 3.708023 2.249086

$Refset$f
 [1] 1650815.0000     633.2535     633.2535     633.2535     633.2535     633.2535     633.2535     633.2535     633.2535     633.2535     633.3090     633.2535

$Refset$fpen
 [1] 2003813.0446     633.2535     633.2535     633.2535     633.2535     633.2535     633.2535     633.2535     633.2535     633.2535     633.3090     633.2535

$Refset$const
          [,1]     [,2]      [,3]     [,4]     [,5]
 [1,] 25.88689 33.98895  8.102068 1.447552 3.852998
 [2,] 15.19797 32.28057 17.082599 1.524235 2.563849
 [3,] 15.20288 32.28402 17.081142 1.524241 2.563424
 [4,] 15.19806 32.28081 17.082751 1.524255 2.563355
 [5,] 15.21024 32.28644 17.076198 1.524267 2.563065
 [6,] 15.20896 32.28512 17.076167 1.524245 2.563342
 [7,] 15.20778 32.28624 17.078453 1.524244 2.563511
 [8,] 15.20927 32.28571 17.076445 1.524236 2.563552
 [9,] 15.19893 32.28262 17.083686 1.524228 2.563513
[10,] 15.20879 32.28505 17.076263 1.524246 2.563320
[11,] 15.20924 32.28494 17.075697 1.524202 2.563826
[12,] 15.21504 32.29198 17.076934 1.524235 2.563493

$Refset$penalty
 [1] 0.352998 0.000000 0.000000 0.000000 0.000000 0.000000 0.000000 0.000000 0.000000 0.000000 0.000000 0.000000


