$f
 [1] 4644.9358 1950.5677 1829.3958 1639.7535 1277.4792 1181.0000 1171.1667 1168.6267 1050.1233 1028.6545 1017.9236  919.8281  914.8264  883.3889  855.5972  815.8559  811.1806  783.7622  779.7396
[20]  752.4601  752.1840  744.9809  720.0035  701.5035  671.7778  671.4774  671.3507  670.9566  670.3750  667.8576  667.6597  664.8802  657.9757  656.4566  650.2899  647.7326  644.7604  644.3368
[39]  644.2969  644.2118  644.1146  643.9462  643.2483  642.5573  642.3854  642.3750  642.2587  641.3681  640.5747  639.4392  638.7587  638.6649  638.4288  637.8715  637.6198  637.3385  636.6858
[58]  636.3420  635.5122  635.4462  635.3212  635.2847  635.0538  633.9253  633.8490  633.8194  633.2378  633.1285  632.9896  632.8767  632.8507  632.5556  632.5538  632.2014  632.0503  631.8958
[77]  631.7344  631.5990  631.2031  630.8872  630.8872

$x
          [,1]     [,2]      [,3]     [,4]     [,5]     [,6]     [,7]     [,8]     [,9]    [,10]
xbest 23.28535 204.2402 0.2861151 16.96136 285.6970 35.47592 27.79289 6.909617 8.744894 4.118273
xbest 21.31623 151.6877 0.1820186 16.63989 285.6977 33.51549 24.00000 7.940752 9.151177 4.185519
xbest 21.31623 151.6877 0.2024092 16.63989 285.6977 33.51549 24.00000 7.928252 9.151958 4.179581
xbest 21.82612 415.8592 0.2343733 18.12549 285.7312 25.47319 24.00000 2.363112 2.153605 2.902052
xbest 21.76363 291.8024 0.6801746 17.23909 286.6551 36.15154 24.00000 7.693544 4.122113 4.354391
xbest 20.05747 280.3153 0.8544975 20.97678 286.4414 38.55374 24.57402 7.805586 2.187711 4.429422
xbest 21.84221 275.7203 0.6799662 17.48523 286.6425 36.44301 24.14313 7.775686 4.187077 3.522806
xbest 22.15719 271.5089 0.7700197 17.66071 286.6446 37.96813 24.26093 7.762141 3.961716 2.973079
xbest 21.47789 285.7571 0.2507739 21.46843 286.7354 35.28934 24.54633 7.976296 2.417324 4.214528
xbest 22.46271 272.9348 0.7270948 17.65886 286.7491 37.96794 24.26487 7.821240 3.939794 2.441341
xbest 21.81617 286.0156 0.2736578 20.69110 286.6554 35.35836 24.76690 7.906785 2.274570 4.423844
xbest 22.52996 265.1692 0.5648020 17.66207 286.7307 37.96054 24.25790 7.820408 3.929031 2.385226
xbest 22.52996 265.1692 0.5648020 17.66500 286.7307 37.96054 24.25790 7.820798 3.924734 2.388195
xbest 22.67082 289.8658 0.2692092 20.68430 286.6380 35.54158 24.20757 7.854168 2.116941 3.924661
xbest 21.67361 314.3089 0.2748546 20.03193 286.6543 35.35460 24.21333 7.747664 2.128451 3.950787
xbest 22.26123 296.2336 0.2046193 20.65964 286.5759 34.98051 24.34902 7.947248 2.000000 3.635728
xbest 22.27903 287.7239 0.2261252 20.83208 286.5840 34.85909 24.41168 7.930190 2.000000 3.687588
xbest 22.61305 273.4232 0.2132864 21.14838 286.5868 34.97325 24.50602 7.940552 2.000000 3.685375
xbest 22.02908 257.3910 0.2306863 20.17438 286.6537 36.17575 24.20306 7.910506 2.543843 2.950805
xbest 22.02615 257.3519 0.1856863 20.16266 286.6537 35.97575 24.20306 7.912020 2.568843 2.974555
xbest 21.67522 265.8580 0.2513842 20.17122 286.6723 36.15953 24.19975 7.917456 2.726473 2.960475
xbest 21.42748 265.3866 0.2388574 20.25133 286.6727 36.05267 24.13264 7.923836 2.854383 2.904107
xbest 21.42748 265.4647 0.2388574 20.25133 286.6727 36.05267 24.21389 7.923836 2.854383 2.904107
xbest 21.72232 280.1425 0.1847228 20.02850 286.6688 36.40438 24.12442 7.929417 2.477575 2.968410
xbest 21.72232 279.5175 0.2044103 20.02850 286.6688 36.39040 24.00000 7.929417 2.477575 2.968410
xbest 21.95490 276.5174 0.1818823 19.98270 286.6705 36.34478 24.12600 7.929042 2.430613 2.952670
xbest 21.95490 276.4979 0.1818823 19.98270 286.6705 36.34478 24.12600 7.929042 2.430613 2.952670
xbest 22.02527 276.4505 0.1785768 19.98934 286.6713 36.34324 24.12610 7.929036 2.403171 2.950308
xbest 22.03780 276.3830 0.1762001 19.98949 286.6717 36.34644 24.12590 7.928949 2.400774 2.947118
xbest 22.05722 276.4376 0.1747804 19.99015 286.6716 36.34768 24.12590 7.928960 2.400508 2.951620
xbest 22.20979 274.7355 0.1689954 19.98941 286.6728 36.34204 24.12592 7.928932 2.368945 2.941133
xbest 22.16309 274.9866 0.1653487 19.98954 286.6727 36.34303 24.12592 7.928932 2.372465 2.941188
xbest 22.16309 274.9085 0.1657003 19.98954 286.6727 36.34303 24.00000 7.928932 2.372465 2.941188
xbest 22.13703 279.4939 0.1686522 19.96297 286.6737 36.30422 24.11812 7.936399 2.186811 2.900978
xbest 22.13703 279.1814 0.1686522 19.95125 286.6737 36.32922 24.00000 7.936399 2.211811 2.900978
xbest 22.40128 275.7384 0.1591106 19.99898 286.6815 36.34972 24.11576 7.929679 2.194536 2.944908
xbest 22.40128 275.7384 0.1591106 19.99898 286.6815 36.34972 24.11576 7.929679 2.182036 2.944908
xbest 22.39793 275.7918 0.1603473 19.99903 286.6798 36.34619 24.11938 7.928622 2.180726 2.953185
xbest 22.41307 275.1127 0.1595477 19.96919 286.6797 36.34026 24.12284 7.929645 2.216500 2.945835
xbest 22.39615 275.7366 0.1592019 20.00210 286.6798 36.34567 24.12193 7.929153 2.179794 2.950886
xbest 22.44620 274.8405 0.1577596 19.95474 286.6797 36.33950 24.12220 7.929759 2.216563 2.943714
xbest 22.44620 274.8600 0.1577596 19.95474 286.6797 36.33950 24.12220 7.929759 2.216563 2.943714
xbest 22.39310 275.7098 0.1593321 19.99643 286.6798 36.34378 24.12195 7.929175 2.188379 2.950365
xbest 22.39462 275.7471 0.1595980 19.99699 286.6798 36.34520 24.12029 7.928936 2.183245 2.951057
xbest 22.39462 275.7471 0.1595760 19.99699 286.6798 36.34520 24.12029 7.928936 2.183245 2.951057
xbest 22.40957 275.7185 0.1595620 20.00059 286.6796 36.31891 24.12334 7.928235 2.179776 2.949609
xbest 22.40957 275.7185 0.1595400 20.00059 286.6796 36.31891 24.12334 7.928235 2.179776 2.949609
xbest 22.43894 270.5330 0.1594489 20.18878 286.6793 36.30486 24.11376 7.925816 2.191889 2.956034
xbest 22.42136 270.3768 0.1594489 20.18878 286.6793 36.30486 24.11376 7.925816 2.191889 2.956034
xbest 22.43781 271.4578 0.1572038 20.16579 286.6777 36.31026 24.11362 7.927629 2.169306 2.954195
xbest 22.43042 271.5329 0.1571770 20.15205 286.6778 36.31396 24.11353 7.927877 2.169462 2.954274
xbest 22.43221 270.9366 0.1597976 20.16706 286.6779 36.31409 24.10546 7.928097 2.165141 2.955045
xbest 22.44691 269.8262 0.1578880 20.22726 286.6770 36.31531 24.09874 7.927104 2.169316 2.955665
xbest 22.44691 269.8262 0.1578880 20.22726 286.6770 36.31531 24.09874 7.927104 2.166191 2.955665
xbest 22.44616 269.7992 0.1572604 20.25957 286.6772 36.31362 24.10083 7.927137 2.163645 2.955582
xbest 22.58459 256.8503 0.1596161 20.83173 286.6802 36.34381 24.10769 7.928360 2.166540 2.949453
xbest 22.57873 256.8503 0.1596161 20.83173 286.6802 36.34381 24.10769 7.928360 2.166540 2.949453
xbest 22.45094 261.9925 0.1613796 20.65154 286.6776 36.31135 24.10402 7.927262 2.168755 2.955005
xbest 22.45094 261.9339 0.1613796 20.65154 286.6776 36.31135 24.10402 7.927262 2.168755 2.955005
xbest 22.46593 266.7685 0.1573441 20.39382 286.6785 36.30628 24.09780 7.926747 2.167626 2.958304
xbest 22.46593 266.7685 0.1573441 20.39382 286.6785 36.30628 24.09780 7.926747 2.167626 2.957562
xbest 22.46591 266.7495 0.1573219 20.39885 286.6785 36.30509 24.09685 7.926702 2.165889 2.958813
xbest 22.50499 265.7078 0.1571643 20.41229 286.6791 36.30949 24.10073 7.926561 2.163366 2.959518
xbest 22.51405 261.6040 0.1583173 20.60888 286.6787 36.32387 24.10000 7.927793 2.165101 2.956082
xbest 22.48095 262.4930 0.1579789 20.61742 286.6785 36.31585 24.09970 7.927323 2.144950 2.959587
xbest 22.48253 262.3313 0.1581921 20.63875 286.6785 36.31501 24.10051 7.927585 2.139207 2.959582
xbest 22.49374 262.2681 0.1575875 20.62503 286.6785 36.31563 24.10066 7.927557 2.136071 2.959531
xbest 22.50036 262.2752 0.1577340 20.61915 286.6786 36.31597 24.10068 7.927357 2.139288 2.958570
xbest 22.49842 262.2657 0.1575645 20.62492 286.6785 36.31566 24.10068 7.927557 2.135258 2.959750
xbest 22.49652 262.3286 0.1577611 20.63547 286.6782 36.30993 24.09977 7.927345 2.133972 2.961521
xbest 22.49683 262.3065 0.1576393 20.62647 286.6784 36.31609 24.10100 7.927435 2.134179 2.958556
xbest 22.51112 261.5567 0.1572914 20.65150 286.6779 36.31690 24.09788 7.927497 2.133949 2.958481
xbest 22.56867 261.2997 0.1560190 20.62480 286.6781 36.30916 24.09952 7.927146 2.130208 2.962286
xbest 22.61748 260.8795 0.1531295 20.62688 286.6776 36.29917 24.10523 7.926783 2.123548 2.961381
xbest 22.69228 260.9065 0.1490996 20.62841 286.6782 36.31045 24.09328 7.926963 2.095619 2.955933
xbest 22.67270 260.8789 0.1512285 20.62699 286.6781 36.30503 24.10569 7.926882 2.101147 2.959954
xbest 22.64798 260.9001 0.1510299 20.62757 286.6782 36.31233 24.09458 7.927301 2.106357 2.957159
xbest 22.68084 260.7424 0.1509973 20.62688 286.6781 36.30499 24.10760 7.926968 2.087441 2.960108
xbest 22.66775 260.8144 0.1496255 20.62754 286.6782 36.31285 24.09448 7.927275 2.104376 2.956041
xbest 22.66314 260.8141 0.1503854 20.62622 286.6782 36.31035 24.09499 7.926865 2.105953 2.957826
xbest 22.66314 260.8141 0.1503854 20.62622 286.6782 36.31035 24.09499 7.926865 2.105953 2.957826

$time
elapsed elapsed elapsed elapsed elapsed elapsed elapsed elapsed elapsed elapsed elapsed elapsed elapsed elapsed elapsed elapsed elapsed elapsed elapsed elapsed elapsed elapsed elapsed elapsed elapsed 
   1.11    3.38    4.39    5.89    7.25    9.74   10.97   12.13   13.33   14.47   15.66   16.89   17.72   18.97   20.21   22.71   25.14   28.08   30.54   31.52   38.16   39.44   45.55   66.96   67.80 
elapsed elapsed elapsed elapsed elapsed elapsed elapsed elapsed elapsed elapsed elapsed elapsed elapsed elapsed elapsed elapsed elapsed elapsed elapsed elapsed elapsed elapsed elapsed elapsed elapsed 
 101.94  102.57  105.11  106.33  108.89  111.44  112.69  115.83  151.57  152.49  167.22  169.39  179.19  180.47  183.71  184.97  185.60  189.75  191.07  199.82  223.27  223.88  253.22  253.93  255.68 
elapsed elapsed elapsed elapsed elapsed elapsed elapsed elapsed elapsed elapsed elapsed elapsed elapsed elapsed elapsed elapsed elapsed elapsed elapsed elapsed elapsed elapsed elapsed elapsed elapsed 
 261.86  263.10  267.25  267.88  271.33  279.54  280.19  290.89  292.72  319.79  320.43  326.69  345.33  346.57  367.52  370.68  386.50  390.21  400.85  433.11  442.43  519.66  557.97  570.71  577.88 
elapsed elapsed elapsed elapsed elapsed elapsed 
 580.25  585.63  589.27  593.38  600.08  600.75 

$neval
 [1]   106   268   366   512   652   933  1078  1216  1358  1493  1633  1776  1875  2009  2146  2419  2689  2959  3233  3350  4018  4152  4771  6976  7074 10743 10817 11089 11227 11503 11779 11916
[33] 12270 15814 15912 17140 17355 18178 18313 18580 18718 18791 19199 19335 20224 22838 22912 26104 26187 26326 27015 27155 27565 27639 28040 28977 29051 30284 30498 33246 33320 34007 35964 36101
[65] 38365 38699 40395 40804 41984 45640 46659 55342 59752 61167 61910 62179 62780 63186 63592 64342 64343

$fbest
[1] 630.8872

$xbest
 [1]  22.6631402 260.8141291   0.1503854  20.6262186 286.6781761  36.3103520  24.0949868   7.9268655   2.1059530   2.9578265

$numeval
[1] 64343

$end_crit
[1] 2

$cpu_time
elapsed 
 600.75 

$Refset
$Refset$x
          [,1]     [,2]      [,3]     [,4]     [,5]     [,6]     [,7]     [,8]     [,9]    [,10]
 [1,] 22.66775 260.8144 0.1496255 20.62754 286.6782 36.31285 24.09448 7.927275 2.104376 2.956041
 [2,] 22.68741 260.8119 0.1488755 20.62802 286.6782 36.31037 24.09346 7.926912 2.091816 2.958609
 [3,] 22.66762 260.8191 0.1503900 20.62707 286.6782 36.31051 24.09506 7.927187 2.103142 2.956853
 [4,] 22.66314 260.8141 0.1503854 20.62622 286.6782 36.31035 24.09499 7.926865 2.105953 2.957826
 [5,] 22.67802 260.9709 0.1515382 20.62693 286.6781 36.30679 24.10441 7.927023 2.094940 2.960336
 [6,] 22.68084 260.7424 0.1509973 20.62688 286.6781 36.30499 24.10760 7.926968 2.087441 2.960108
 [7,] 22.59208 260.9479 0.1548171 20.62652 286.6781 36.30741 24.09640 7.927002 2.128195 2.962031
 [8,] 22.58807 261.2149 0.1553083 20.62724 286.6782 36.31102 24.09480 7.927188 2.123772 2.959176
 [9,] 22.58661 260.0655 0.1849273 20.61207 286.6780 36.35276 24.09881 7.851021 2.107625 2.958294
[10,] 23.13156 279.1924 0.2833724 20.75292 286.5729 36.19487 24.31364 7.620291 2.328150 3.262405
[11,] 26.24976 242.3509 0.1503774 19.03130 286.7062 36.00653 25.44753 8.348510 2.003498 3.086533
[12,] 20.00000 228.2649 0.3390539 17.19234 286.3023 37.14123 30.86267 7.671411 2.559424 2.797995

$Refset$f
 [1]  631.2031  631.4844  631.5521  630.8872  631.5868  631.5990  631.8385  632.0712  692.3802 1315.6528 1606.8733 2558.5087

$Refset$fpen
 [1]  631.2031  631.4844  631.5521  630.8872  631.5868  631.5990  631.8385  632.0712  692.3802 1315.6528 1606.8733 2558.5087

$Refset$const
          [,1]     [,2]     [,3]     [,4]     [,5]
 [1,] 18.52316 33.89562 15.37246 1.512408 2.709991
 [2,] 18.53621 33.90818 15.37198 1.512398 2.710069
 [3,] 18.52393 33.89686 15.37293 1.512400 2.710170
 [4,] 18.52027 33.89405 15.37378 1.512400 2.710171
 [5,] 18.53199 33.90506 15.37307 1.512366 2.711124
 [6,] 18.53944 33.91256 15.37312 1.512350 2.711488
 [7,] 18.49833 33.87181 15.37348 1.512397 2.710418
 [8,] 18.50347 33.87623 15.37276 1.512395 2.710145
 [9,] 18.50445 33.89237 15.38793 1.512502 2.708102
[10,] 18.42477 33.67185 15.24708 1.523070 2.694355
[11,] 17.02780 33.99650 16.96870 1.502937 2.857263
[12,] 14.63292 33.44058 18.80766 1.530801 3.136040

$Refset$penalty
 [1] 0 0 0 0 0 0 0 0 0 0 0 0


