$f
 [1] 46569.880  2797.705  2358.844  2290.997  1885.691  1879.641  1475.634  1367.642  1345.340
[10]  1301.616  1255.561  1253.608  1246.644  1245.203  1239.703  1236.134  1232.896  1229.123
[19]  1224.774  1212.342  1211.267  1209.274  1207.811  1207.700  1206.370  1205.024  1204.764
[28]  1193.085  1190.033  1188.804  1188.123  1188.049  1186.988  1186.405  1186.023  1185.741
[37]  1185.415  1184.186  1183.939  1183.601  1183.450  1183.075  1176.340  1173.642  1155.314

$x
          [,1]     [,2]      [,3]     [,4]     [,5]     [,6]     [,7]     [,8]     [,9]    [,10]
xbest 24.79000 337.0400 0.2529000 17.72000 285.5400 45.67000 29.49000 2.970000 2.000000 2.690000
xbest 20.00000 108.3886 0.1000000 15.71474 286.2172 48.00000 31.44234 3.510081 3.324207 2.219426
xbest 20.00000 128.3886 0.1000000 15.19911 286.2172 48.00000 31.76734 3.697581 3.749207 2.219426
xbest 20.54660 158.2247 0.1014631 15.86916 286.2405 40.75515 31.92539 3.629163 3.376285 1.604802
xbest 20.06520 100.0000 0.2443941 15.19953 286.1917 45.26626 24.30364 3.300601 7.089634 1.200000
xbest 20.06125 100.0000 0.3018774 15.11527 286.2020 44.13517 24.33660 3.625850 7.901084 1.200000
xbest 21.17137 113.2134 0.1200051 15.11199 286.1947 44.60995 24.00000 5.477676 4.143695 1.673525
xbest 20.00000 102.1579 0.1947170 15.04695 286.1860 44.73384 24.02420 5.389191 5.341588 1.577940
xbest 20.16321 112.8026 0.1645676 15.05569 286.1873 44.66221 24.02994 5.407647 4.349184 1.580711
xbest 20.27797 104.2457 0.1403843 15.54959 286.1984 44.65103 24.00009 5.635184 6.372076 1.493789
xbest 20.44836 105.0003 0.1119751 15.71707 286.2057 44.66216 24.00000 5.715435 6.792666 1.507702
xbest 20.44836 105.0003 0.1119751 15.71707 286.2057 44.66216 24.00000 5.709185 6.792666 1.507702
xbest 20.60514 111.7901 0.1316054 16.34851 286.1928 44.77932 24.11246 5.691695 4.377311 1.574137
xbest 20.51167 110.6192 0.1327400 16.38610 286.1871 44.72596 24.08552 5.685010 4.571395 1.582750
xbest 20.40263 109.9398 0.1314799 16.36176 286.1847 44.72359 24.06956 5.688851 4.759417 1.580530
xbest 20.37775 110.1292 0.1320346 16.36333 286.1844 44.73426 24.07586 5.684479 4.785346 1.579527
xbest 20.37936 109.9269 0.1315167 16.56422 286.1818 44.72799 24.07013 5.677398 4.768291 1.604039
xbest 20.38718 110.0666 0.1320069 16.48456 286.1816 44.73522 24.06271 5.678728 4.761100 1.590727
xbest 20.11253 115.5844 0.1568344 15.09530 286.1825 44.76217 24.02379 5.482231 4.659145 1.519565
xbest 20.11253 115.5844 0.1564828 15.09530 286.1825 44.76217 24.06441 5.482231 4.640395 1.519565
xbest 20.02452 120.6154 0.1360635 15.18778 286.2210 43.79937 24.23440 5.613322 4.975397 1.488029
xbest 20.02452 120.6154 0.1358877 15.37528 286.2210 43.79937 24.23440 5.613126 4.969147 1.488029
xbest 20.02115 120.4400 0.1341712 15.18237 286.2207 43.78044 24.21276 5.611397 5.212075 1.488989
xbest 20.02115 120.4400 0.1341712 15.18237 286.2207 43.78044 24.21276 5.611397 5.212075 1.488247
xbest 20.01508 119.7340 0.1219334 17.55114 286.2133 43.87306 24.19870 5.606550 4.773938 1.470354
xbest 20.01508 119.7340 0.1220213 17.55114 286.2133 43.87306 24.19870 5.606550 4.780188 1.470354
xbest 20.01447 119.5159 0.1374000 15.32487 286.2042 43.96450 24.13446 5.643832 4.846545 1.467898
xbest 20.00000 119.5159 0.1372242 15.32487 286.2042 43.96450 24.13446 5.643832 4.846545 1.470867
xbest 20.00000 119.6372 0.1385937 15.32552 286.2142 44.05139 24.18550 5.641220 4.883358 1.469229
xbest 20.00000 119.6372 0.1385937 15.32552 286.2142 44.05139 24.18550 5.641220 4.880233 1.469229
xbest 20.02789 119.7406 0.1374976 15.23147 286.2140 44.06138 24.18294 5.645470 4.834827 1.469589
xbest 20.02519 119.8749 0.1362438 15.32671 286.2137 44.06207 24.17244 5.645134 4.903061 1.465917
xbest 20.00000 119.8749 0.1362438 15.32671 286.2137 44.06207 24.17244 5.645134 4.903061 1.465917
xbest 20.02084 120.0826 0.1340543 15.29262 286.2167 44.06107 24.18363 5.644519 4.989737 1.470978
xbest 20.02071 120.0918 0.1339440 15.29364 286.2166 44.06075 24.18355 5.644519 4.990251 1.470995
xbest 20.02134 119.9990 0.1343497 15.38721 286.2149 44.06810 24.16678 5.645692 4.906534 1.466233
xbest 20.02060 120.0834 0.1339586 15.22341 286.2130 44.06083 24.18172 5.644767 4.993407 1.469812
xbest 20.02141 120.1778 0.1338845 15.21506 286.2119 44.06051 24.18131 5.645172 4.993039 1.471410
xbest 20.02507 120.2211 0.1339309 15.19326 286.2119 44.06086 24.17999 5.645265 5.018781 1.471479
xbest 20.01299 120.0294 0.1348041 15.26741 286.2140 44.05904 24.18172 5.644163 4.958370 1.471519
xbest 20.02044 120.0341 0.1342016 15.25716 286.2143 44.05979 24.18178 5.644752 4.998672 1.471266
xbest 20.02044 120.0341 0.1342016 15.25716 286.2143 44.05979 24.18178 5.644752 4.995547 1.471266
xbest 21.31747 117.2527 0.1779892 17.94033 286.4443 36.37790 24.12145 6.506181 5.587343 2.473257
xbest 21.31747 117.2527 0.1779892 17.94033 286.4443 36.37790 24.12145 6.512431 5.587343 2.473257
xbest 21.31161 117.2527 0.1773740 17.94033 286.4420 36.47790 24.04020 6.512431 5.662343 2.473257

$time
elapsed elapsed elapsed elapsed elapsed elapsed elapsed elapsed elapsed elapsed elapsed elapsed 
   1.37    4.11    5.69    8.17   10.17   14.11   16.12   18.19   22.59   24.59   26.50   27.50 
elapsed elapsed elapsed elapsed elapsed elapsed elapsed elapsed elapsed elapsed elapsed elapsed 
  59.19   62.73   66.94   68.98   75.11   79.27   81.28   82.47  371.00  372.64  387.30  391.87 
elapsed elapsed elapsed elapsed elapsed elapsed elapsed elapsed elapsed elapsed elapsed elapsed 
 410.73  413.77  480.55  481.61  498.62  503.81  522.41  524.30  525.22  527.25  533.11  534.97 
elapsed elapsed elapsed elapsed elapsed elapsed elapsed elapsed elapsed 
 537.20  539.06  542.80  544.72  576.17  577.12  596.03  596.91  602.05 

$neval
 [1]   106   276   390   552   698   985  1131  1280  1561  1708  1849  1923  3836  4041  4310
[16]  4446  4857  5133  5271  5358 25083 25173 26246 26592 27802 28016 32846 32930 34010 34361
[31] 35586 35725 35799 35937 36347 36481 36618 36759 37027 37164 39390 39464 40839 40912 41191

$fbest
[1] 1155.314

$xbest
 [1]  21.311606 117.252711   0.177374  17.940328 286.441975  36.477900  24.040203   6.512431
 [9]   5.662343   2.473257

$numeval
[1] 41191

$end_crit
[1] 2

$cpu_time
elapsed 
 602.05 

$Refset
$Refset$x
           [,1]        [,2]        [,3]      [,4]       [,5]      [,6]       [,7]       [,8]
 [1,]  21.31747   0.1779892 286.4443191 24.121453   5.587343  21.31747  0.1779892 286.444319
 [2,] 117.25271  17.9403279  36.3779002  6.512431   2.473257 117.25271 17.9403279  36.377900
 [3,]  21.31747 117.2527109   0.1779892 17.940328 286.444319  36.37790 24.1214531   6.506181
 [4,]  21.50283 117.5387079   0.1748649 18.009525 286.445703  36.46849 24.1390529   6.515447
 [5,]  20.02046 120.0340551   0.1341960 15.262605 286.214199  44.05901 24.1814373   5.644339
 [6,]  46.56864 473.4725126   0.6600195 24.507532 284.441291  16.35968 32.0996089   5.855099
 [7,]  20.01956 120.0168355   0.1340277 15.271198 286.214235  44.06035 24.1806983   5.644699
 [8,]  21.48665 119.8817128   0.1717936 17.944998 286.454553  36.49076 24.1396456   6.485851
 [9,]  21.40804 117.2875119   0.1767803 18.288764 286.431389  36.33010 24.1066923   6.506568
[10,]  21.62187 118.4862540   0.1729105 18.361555 286.484397  36.49348 24.0797911   6.533438
[11,]  20.02002 120.0674822   0.1339393 15.272290 286.214873  43.99579 24.1815994   5.642883
[12,]  20.01589 117.0031982   0.1347329 15.296015 286.209464  44.84858 24.1657109   5.744893
           [,9]    [,10]
 [1,] 24.121453 5.587343
 [2,]  6.512431 2.473257
 [3,]  5.587343 2.473257
 [4,]  5.327414 2.462623
 [5,]  4.998664 1.471640
 [6,]  9.467942 2.675629
 [7,]  5.004733 1.471413
 [8,]  5.861992 2.464612
 [9,]  5.444678 2.620709
[10,]  4.966145 2.326916
[11,]  4.999380 1.474831
[12,]  4.987970 1.472548

$Refset$f
 [1]    1173.642    1173.642    1176.340    1182.507    1183.219 1000000.000    1183.387
 [8]    1187.948    1205.740    1210.620    1226.252    1274.592

$Refset$fpen
 [1] 1.173642e+03 1.173642e+03 1.176340e+03 1.182507e+03 1.183219e+03 9.999975e+11 1.183387e+03
 [8] 1.187948e+03 1.205740e+03 1.210620e+03 1.226252e+03 1.274592e+03

$Refset$const
              [,1]         [,2]         [,3]         [,4]         [,5]
 [1,] 1.235299e+01 1.805967e+01 2.622493e+00 3.041266e+01 1.538146e+00
 [2,] 3.041266e+01 1.538146e+00 1.235299e+01 1.805967e+01 2.622493e+00
 [3,] 1.235299e+01 3.041266e+01 1.805967e+01 1.538146e+00 2.622493e+00
 [4,] 1.268211e+01 3.067259e+01 1.799048e+01 1.538105e+00 2.619603e+00
 [5,] 1.026394e+01 3.100134e+01 2.073740e+01 1.563407e+00 2.256579e+00
 [6,] 1.000000e+06 1.000000e+06 1.000000e+06 1.000000e+06 1.000000e+06
 [7,] 1.026646e+01 3.099527e+01 2.072880e+01 1.563403e+00 2.256510e+00
 [8,] 1.208301e+01 3.013801e+01 1.805500e+01 1.537181e+00 2.621547e+00
 [9,] 1.284409e+01 3.055532e+01 1.771124e+01 1.539508e+00 2.619382e+00
[10,] 1.339541e+01 3.103385e+01 1.763844e+01 1.534102e+00 2.627087e+00
[11,] 1.027291e+01 3.100062e+01 2.072771e+01 1.563391e+00 2.258604e+00
[12,] 1.030805e+01 3.101203e+01 2.070399e+01 1.563228e+00 2.232173e+00

$Refset$penalty
 [1]      0.0      0.0      0.0      0.0      0.0 999996.5      0.0      0.0      0.0      0.0
[11]      0.0      0.0


