$f
 [1] 13804.5903  1428.5122   857.6337   853.0556   847.7431   842.9965   838.1285   831.7726
 [9]   828.9115   817.7292   812.1059   811.8403   810.7708   801.5972   799.5851   789.1597
[17]   775.1736   773.7656   772.7969   766.0677   760.2639   747.7344   747.5278   746.6424
[25]   746.4931   746.0990   745.9323   745.7865   745.7778   745.7604   745.7205   743.8299
[33]   743.8299

$x
          [,1]     [,2]      [,3]     [,4]     [,5]     [,6]     [,7]     [,8]     [,9]    [,10]
xbest 27.70488 189.4390 0.2624875 19.01269 285.8234 30.30883 27.34360 6.957609 9.253802 1.600378
xbest 20.39265 115.1083 0.2425776 26.84523 285.7804 29.94953 25.30080 3.516546 6.367788 2.074044
xbest 20.00000 115.1083 0.1010109 26.84523 286.2029 29.94953 24.55303 4.621387 6.403160 1.720862
xbest 20.23349 120.5580 0.1183295 26.02299 286.2035 29.77491 24.74501 4.214918 6.437204 1.768710
xbest 20.00848 120.9506 0.1615702 25.42197 286.5201 35.24509 25.60283 2.419979 6.472087 2.170416
xbest 20.17402 114.2181 0.1198300 27.39214 286.2041 29.65921 24.59913 4.140854 6.507279 1.760588
xbest 20.26534 114.8263 0.1355868 26.98718 286.2078 29.76718 24.54632 4.285601 6.688233 1.785310
xbest 20.26534 114.8263 0.1355868 26.98718 286.2078 29.76718 24.54632 4.285601 6.713233 1.785310
xbest 20.13019 113.5867 0.1155674 27.43851 286.1970 29.69944 24.68850 4.196424 6.499856 1.750761
xbest 20.16056 106.3811 0.1277083 28.12714 286.2029 29.72749 24.75520 4.212147 6.604239 1.774970
xbest 20.16056 106.3811 0.1277083 27.93964 286.2029 29.72905 24.75520 4.212147 6.604239 1.772001
xbest 20.06877 111.2205 0.1311313 27.27909 286.1972 29.59063 24.19517 4.227654 6.829974 1.529754
xbest 20.06877 111.2205 0.1311313 27.27909 286.1972 29.59063 24.23579 4.227654 6.829974 1.529754
xbest 20.00359 110.7862 0.1377165 25.45819 286.1900 29.73327 24.52989 4.194185 7.872579 1.740857
xbest 20.00359 110.7862 0.1377165 25.45819 286.1900 29.73327 24.52989 4.194185 7.866329 1.749763
xbest 20.01208 110.9303 0.1345607 24.45527 286.1905 29.74080 24.52122 4.225547 8.056631 1.757422
xbest 20.00310 113.0621 0.1377776 22.85312 286.1908 29.81361 24.46330 4.261041 9.164102 1.753896
xbest 20.00424 110.0193 0.1362136 23.57577 286.1899 29.72473 24.54969 4.122405 8.728995 1.748412
xbest 20.00475 108.7576 0.1361954 23.46784 286.1893 29.71876 24.55900 4.116630 8.856087 1.737125
xbest 20.00475 108.7576 0.1361954 23.47370 286.2080 29.71876 24.55900 4.141630 8.856087 1.731188
xbest 20.01305 106.4924 0.1357639 23.31585 286.1897 29.72043 24.49921 4.389248 9.152694 1.772827
xbest 20.10680 106.4924 0.1582639 23.30999 286.1897 29.72043 24.49921 4.389248 9.165194 1.772827
xbest 20.00880 106.2956 0.1343121 22.82673 286.1910 29.74264 24.43437 4.395288 9.452360 1.793427
xbest 20.00880 106.3151 0.1343121 22.82673 286.1910 29.74264 24.43437 4.395288 9.452360 1.793427
xbest 20.00527 107.0986 0.1367804 22.47798 286.1896 29.81290 24.46235 4.397092 9.665845 1.764017
xbest 20.00527 107.0986 0.1367804 22.47798 286.1896 29.81290 24.46235 4.397092 9.662720 1.764017
xbest 20.01402 106.9529 0.1435432 22.66304 286.1930 29.78164 24.42066 4.397805 9.586219 1.785914
xbest 20.00714 106.8566 0.1427409 22.65879 286.1892 29.77728 24.43005 4.399425 9.593918 1.784246
xbest 20.01298 106.8492 0.1414737 22.64567 286.1808 29.77763 24.44541 4.399735 9.594998 1.785516
xbest 20.01274 106.8424 0.1413588 22.64574 286.1810 29.77755 24.43644 4.400047 9.596017 1.783137
xbest 20.01273 106.8469 0.1413807 22.64515 286.1811 29.77756 24.43717 4.399864 9.596017 1.783125
xbest 20.01335 106.1521 0.1304354 22.62595 286.1916 29.82551 24.41342 4.407139 9.609792 1.787535
xbest 20.01335 106.1521 0.1304354 22.62595 286.1916 29.82551 24.41342 4.407139 9.609792 1.787535

$time
elapsed elapsed elapsed elapsed elapsed elapsed elapsed elapsed elapsed elapsed elapsed elapsed 
   1.44    4.46    6.83   16.97   20.49   22.22   25.80   26.82   32.36   42.21   46.96  181.99 
elapsed elapsed elapsed elapsed elapsed elapsed elapsed elapsed elapsed elapsed elapsed elapsed 
 183.19  232.78  233.86  241.18  243.00  246.75  252.33  253.44  290.19  291.33  341.28  342.19 
elapsed elapsed elapsed elapsed elapsed elapsed elapsed elapsed elapsed 
 347.68  361.28  400.97  436.93  457.11  467.21  470.82  499.64  602.58 

$neval
 [1]   106   271   460  1197  1473  1612  1891  1970  2378  3053  3406 13438 13511 17072 17157
[16] 17694 17829 18104 18516 18605 21207 21297 24969 25042 25454 26469 29301 32083 33503 34256
[31] 34526 36659 44587

$fbest
[1] 743.8299

$xbest
 [1]  20.0133524 106.1521430   0.1304354  22.6259484 286.1915521  29.8255062  24.4134249
 [8]   4.4071392   9.6097916   1.7875346

$numeval
[1] 44587

$end_crit
[1] 2

$cpu_time
elapsed 
 602.58 

$Refset
$Refset$x
          [,1]     [,2]      [,3]     [,4]     [,5]     [,6]     [,7]     [,8]     [,9]    [,10]
 [1,] 20.02736 107.0941 0.1417972 22.66945 286.1817 29.82408 24.43469 4.400537 9.564155 1.780069
 [2,] 20.95757 190.0002 0.8040792 20.94330 284.1237 17.46151 44.29476 3.996670 4.145339 1.305644
 [3,] 20.01305 106.8354 0.1413508 22.64514 286.1813 29.77947 24.43703 4.399627 9.595697 1.779036
 [4,] 20.01338 106.8285 0.1413466 22.64395 286.1813 29.77707 24.43708 4.399782 9.597262 1.780754
 [5,] 20.01297 106.8346 0.1412993 22.64500 286.1813 29.77881 24.43774 4.399756 9.596148 1.780386
 [6,] 20.01283 106.8356 0.1413853 22.64558 286.1813 29.77710 24.43819 4.399828 9.595800 1.782874
 [7,] 20.01286 105.7642 0.1332493 22.63719 286.1833 29.79548 24.41518 4.400140 9.610857 1.789065
 [8,] 20.01286 106.9378 0.1440317 22.64653 286.1811 29.78283 24.43480 4.399711 9.595988 1.782956
 [9,] 20.02330 106.3605 0.1322558 22.61662 286.1826 29.78896 24.42381 4.400287 9.608305 1.786685
[10,] 20.02528 107.0255 0.1434474 22.81798 286.1815 29.79159 24.43536 4.400402 9.588755 1.779936
[11,] 20.01238 106.5906 0.1545740 22.61677 286.1856 29.77997 24.43815 4.352828 9.607389 1.869539
[12,] 20.01824 105.4519 0.1362005 22.67608 286.1904 29.82762 24.41031 4.403157 9.595375 1.749157

$Refset$f
 [1]     745.0503 1000000.0000     745.7205     745.7205     745.7205     745.7205     745.7760
 [8]     746.3472     746.0295     759.3576     767.7951     757.8472

$Refset$fpen
 [1] 7.450503e+02 9.999975e+11 7.457205e+02 7.457205e+02 7.457205e+02 7.457205e+02 7.457760e+02
 [8] 7.463472e+02 7.460295e+02 7.593576e+02 7.677951e+02 7.578472e+02

$Refset$const
              [,1]         [,2]         [,3]         [,4]         [,5]
 [1,] 1.310529e+01 2.643584e+01 1.333055e+01 1.548719e+00 3.043556e+00
 [2,] 1.000000e+06 1.000000e+06 1.000000e+06 1.000000e+06 1.000000e+06
 [3,] 1.304944e+01 2.640430e+01 1.335486e+01 1.548550e+00 3.048353e+00
 [4,] 1.304669e+01 2.640274e+01 1.335605e+01 1.548535e+00 3.048622e+00
 [5,] 1.304885e+01 2.640385e+01 1.335500e+01 1.548536e+00 3.048533e+00
 [6,] 1.304978e+01 2.640420e+01 1.335442e+01 1.548532e+00 3.048749e+00
 [7,] 1.302633e+01 2.638914e+01 1.336281e+01 1.548486e+00 3.044663e+00
 [8,] 1.305055e+01 2.640401e+01 1.335347e+01 1.548595e+00 3.047669e+00
 [9,] 1.300832e+01 2.639170e+01 1.338338e+01 1.548500e+00 3.046169e+00
[10,] 1.322923e+01 2.641125e+01 1.318202e+01 1.548593e+00 3.046942e+00
[11,] 1.300938e+01 2.639261e+01 1.338323e+01 1.547975e+00 3.050092e+00
[12,] 1.308071e+01 2.640463e+01 1.332392e+01 1.547748e+00 3.043349e+00

$Refset$penalty
 [1]      0.0 999996.5      0.0      0.0      0.0      0.0      0.0      0.0      0.0      0.0
[11]      0.0      0.0


