$f
 [1] 6401.9948  913.0486  628.9149  605.1128  602.3889  521.0833  433.6059  346.8889  331.4358
[10]  329.7569  321.3785  317.7674  316.9375  314.9601  312.1076  311.6927  308.1476  306.0069
[19]  304.8333  304.7691  304.5035  302.1424  300.5712  299.0191  298.9028  296.6372  296.2170
[28]  295.7517  295.4878  295.0712  294.8194  294.5260  294.4809  294.3681  293.9201  293.4653
[37]  293.4514  293.1858  293.0208  292.6719  292.6128  292.3611  292.0556  291.8212  291.8038
[46]  291.7917  291.7917

$x
          [,1]     [,2]      [,3]     [,4]     [,5]     [,6]     [,7]     [,8]     [,9]    [,10]
xbest 35.07999 282.2872 0.1285296 16.76206 285.7209 31.70823 26.52393 4.618889 3.391534 1.688557
xbest 24.11760 325.3729 0.1167039 15.01797 286.1575 31.82561 24.00000 7.085126 2.000000 1.200000
xbest 22.99260 355.3729 0.1014063 16.58829 286.1480 30.12873 24.00000 7.085126 2.206250 1.200000
xbest 20.00000 364.2757 0.3331499 19.13225 286.6645 43.10768 24.00000 5.662137 2.964519 4.756323
xbest 20.38897 340.3439 0.4247865 18.60588 286.5675 41.45524 27.97326 6.174306 3.782800 3.629152
xbest 20.00278 397.4990 0.2320206 19.70537 286.7333 38.64521 24.75452 5.600483 2.892803 4.358333
xbest 20.03785 374.0017 0.2548925 20.44137 286.7072 39.55109 24.00000 5.976886 2.604701 3.925471
xbest 20.08692 347.3786 0.1232290 19.10944 286.6936 37.90826 25.39113 4.936505 3.688711 1.200000
xbest 20.00000 344.8786 0.1000000 19.10944 286.6936 37.90826 24.74113 4.936505 3.888711 1.200000
xbest 20.07254 359.4971 0.1157130 19.18934 286.6260 38.16976 24.29824 4.811733 3.399990 1.233898
xbest 20.00000 359.4971 0.1072755 19.18934 286.6260 38.16976 24.17637 4.811733 3.349990 1.233898
xbest 20.06949 336.5403 0.1155363 19.31884 286.6188 38.10850 24.11516 4.823284 3.945281 1.228239
xbest 20.07218 335.8249 0.1155030 19.32664 286.6188 38.10982 24.12671 4.826689 3.929000 1.225237
xbest 20.07491 327.0035 0.1118362 19.44494 286.6088 38.23389 24.13646 4.840836 4.112748 1.214586
xbest 20.06890 326.9848 0.1116623 19.45716 286.6038 38.24083 24.13655 4.854940 4.110228 1.208152
xbest 20.06827 333.7723 0.1126888 19.30292 286.6216 38.13676 24.13077 4.826265 4.071663 1.224548
xbest 20.06921 329.8565 0.1130532 19.55307 286.6038 38.18497 24.16120 4.839089 4.032813 1.223736
xbest 20.00000 329.7003 0.1123501 19.55307 286.6014 38.18497 24.16120 4.839089 4.045313 1.223736
xbest 20.07926 294.6360 0.1140503 19.52590 286.6245 38.21671 24.08842 4.836939 5.318853 1.224831
xbest 20.00000 294.6360 0.1140503 19.52590 286.6245 38.21671 24.08842 4.836939 5.318853 1.224831
xbest 20.06649 284.3201 0.1172182 19.60402 286.6397 38.21998 24.11205 4.838990 5.590009 1.215517
xbest 20.06693 281.0375 0.1192135 19.67677 286.6328 38.19316 24.11028 4.839338 5.635760 1.213868
xbest 20.06693 281.0375 0.1188619 19.67677 286.6105 38.19316 24.11028 4.839338 5.623260 1.213868
xbest 20.04845 290.3244 0.1195415 19.72311 286.6318 38.22080 24.10235 4.834639 5.381574 1.221107
xbest 20.04767 288.8759 0.1195400 19.73668 286.6315 38.22152 24.09841 4.834861 5.426138 1.220987
xbest 20.02013 286.0095 0.1195549 19.81162 286.6412 38.22421 24.09050 4.835277 5.491653 1.220904
xbest 20.00707 285.2512 0.1194908 19.86345 286.6365 38.22408 24.07849 4.835264 5.476539 1.219925
xbest 20.00000 285.2512 0.1194908 19.86345 286.6365 38.22408 24.07849 4.835264 5.476539 1.219925
xbest 20.00000 284.6187 0.1191302 19.81810 286.6296 38.22471 24.06612 4.834029 5.535181 1.221302
xbest 20.02314 285.6826 0.1191136 19.81746 286.6262 38.22596 24.07335 4.833791 5.484002 1.221283
xbest 20.02314 285.6826 0.1191136 19.81746 286.6262 38.22596 24.03273 4.833791 5.484002 1.221283
xbest 20.01102 285.1694 0.1200551 19.82477 286.6371 38.22400 24.04901 4.830079 5.506992 1.219825
xbest 20.00516 285.1694 0.1200551 19.82477 286.6371 38.22400 24.04901 4.830079 5.506992 1.219825
xbest 20.01617 284.8011 0.1198535 19.80005 286.6397 38.21944 24.07209 4.829414 5.536769 1.219833
xbest 20.00000 285.3383 0.1216824 19.61508 286.6620 38.30423 24.09631 4.838876 5.570204 1.200000
xbest 20.00000 285.3383 0.1216824 19.61508 286.6620 38.30423 24.09631 4.838876 5.573329 1.200000
xbest 20.01534 283.9245 0.1269549 19.79201 286.5965 38.23020 24.04820 4.838770 5.526860 1.221605
xbest 20.01685 282.9983 0.1269519 19.82295 286.5837 38.22700 24.06102 4.841342 5.525678 1.217172
xbest 20.01781 283.3587 0.1269501 19.81283 286.5937 38.23310 24.04079 4.842680 5.527684 1.227128
xbest 20.02026 282.8102 0.1271281 19.83484 286.5924 38.22946 24.04645 4.842749 5.529052 1.227632
xbest 20.01783 282.9555 0.1269469 19.82510 286.5937 38.22646 24.06857 4.840690 5.531551 1.224176
xbest 20.01783 282.9555 0.1269469 19.82510 286.5937 38.22646 24.06857 4.840690 5.531551 1.223434
xbest 20.01778 282.9464 0.1269494 19.82476 286.5943 38.22078 24.08388 4.839316 5.533109 1.223724
xbest 20.01789 282.9511 0.1269539 19.82454 286.5944 38.22123 24.07891 4.838864 5.532873 1.223260
xbest 20.01785 282.9525 0.1269535 19.82452 286.5943 38.22152 24.07792 4.838952 5.532916 1.223300
xbest 20.01790 282.9517 0.1269530 19.82447 286.5944 38.22170 24.07792 4.838927 5.532910 1.223181
xbest 20.01790 282.9517 0.1269530 19.82447 286.5944 38.22170 24.07792 4.838927 5.532910 1.223181

$time
elapsed elapsed elapsed elapsed elapsed elapsed elapsed elapsed elapsed elapsed elapsed elapsed 
   1.47    4.00    6.10    8.75   10.75   12.72   14.69   24.24   28.02   53.52   54.94   58.89 
elapsed elapsed elapsed elapsed elapsed elapsed elapsed elapsed elapsed elapsed elapsed elapsed 
  65.39   67.39   71.36   73.35   75.39   76.79  118.08  119.11  123.55  125.44  140.27  146.29 
elapsed elapsed elapsed elapsed elapsed elapsed elapsed elapsed elapsed elapsed elapsed elapsed 
 154.94  156.93  158.91  161.91  168.08  203.10  204.13  283.85  285.43  329.60  378.46  379.43 
elapsed elapsed elapsed elapsed elapsed elapsed elapsed elapsed elapsed elapsed elapsed 
 496.08  504.58  510.07  534.29  558.18  559.19  563.07  581.97  587.72  591.66  601.93 

$neval
 [1]   106   275   428   576   721   863  1007  1701  1936  3713  3817  4096  4505  4643  4917
[16]  5053  5193  5293  7853  7927  8196  8329  9375  9780 10327 10463 10596 10807 11223 13594
[31] 13668 19258 19332 22354 25682 25755 33902 34516 34922 36613 38325 38399 38671 39960 40368
[46] 40640 41249

$fbest
[1] 291.7917

$xbest
 [1]  20.017903 282.951743   0.126953  19.824465 286.594357  38.221698  24.077922   4.838927
 [9]   5.532910   1.223181

$numeval
[1] 41249

$end_crit
[1] 2

$cpu_time
elapsed 
 601.93 

$Refset
$Refset$x
          [,1]     [,2]      [,3]     [,4]     [,5]     [,6]     [,7]     [,8]     [,9]    [,10]
 [1,] 20.01790 282.9517 0.1269530 19.82447 286.5944 38.22170 24.07792 4.838927 5.532910 1.223181
 [2,] 20.01778 282.9478 0.1269544 19.82465 286.5943 38.22123 24.07798 4.839232 5.532935 1.223588
 [3,] 20.01782 282.9467 0.1269484 19.82460 286.5943 38.22096 24.07982 4.839404 5.533059 1.223738
 [4,] 20.01780 282.9511 0.1269227 19.82460 286.5946 38.22145 24.07575 4.839576 5.533603 1.223660
 [5,] 20.01885 282.9237 0.1270984 19.82518 286.5941 38.23148 24.07538 4.842731 5.530869 1.224237
 [6,] 38.93210 491.8610 0.9956052 27.00825 285.7374 30.47433 48.80924 2.568844 2.467850 2.360597
 [7,] 67.53039 133.3039 0.2638547 27.32821 286.5821 42.38547 46.42667 4.661637 2.291225 4.625578
 [8,] 20.01864 282.9414 0.1269576 19.82465 286.5943 38.22277 24.07625 4.839829 5.532888 1.223369
 [9,] 20.01790 282.9509 0.1269535 19.82460 286.5943 38.22194 24.07789 4.839215 5.532926 1.223330
[10,] 20.01717 282.9787 0.1269752 19.82398 286.5942 38.22662 24.07301 4.839912 5.532864 1.224829
[11,] 20.01563 283.7438 0.1270093 19.79483 286.5933 38.23482 24.03779 4.841985 5.527503 1.225087
[12,] 20.01674 282.9814 0.1198177 19.80828 286.5913 38.23497 24.03542 4.848681 5.495211 1.225233

$Refset$f
 [1]     291.7917     291.8038     291.8038     291.8038     292.3056 1000000.0000 1576980.0000
 [8]     292.3611     292.3611     292.6128     293.0208     294.3594

$Refset$fpen
 [1] 2.917917e+02 2.918038e+02 2.918038e+02 2.918038e+02 2.923056e+02 9.999975e+11 2.988656e+06
 [8] 2.923611e+02 2.923611e+02 2.926128e+02 2.930208e+02 2.943594e+02

$Refset$const
              [,1]         [,2]         [,3]         [,4]         [,5]
 [1,] 1.429156e+01 3.046709e+01 1.617553e+01 1.525234e+00 2.580888e+00
 [2,] 1.429171e+01 3.046707e+01 1.617535e+01 1.525236e+00 2.580906e+00
 [3,] 1.429154e+01 3.046694e+01 1.617540e+01 1.525232e+00 2.581051e+00
 [4,] 1.429100e+01 3.046640e+01 1.617540e+01 1.525218e+00 2.580814e+00
 [5,] 1.429431e+01 3.046913e+01 1.617482e+01 1.525287e+00 2.580141e+00
 [6,] 1.000000e+06 1.000000e+06 1.000000e+06 1.000000e+06 1.000000e+06
 [7,] 2.503698e+01 3.370878e+01 8.671792e+00 1.412722e+00 4.911676e+00
 [8,] 1.429176e+01 3.046711e+01 1.617535e+01 1.525242e+00 2.580708e+00
 [9,] 1.429167e+01 3.046707e+01 1.617540e+01 1.525237e+00 2.580867e+00
[10,] 1.429111e+01 3.046714e+01 1.617602e+01 1.525271e+00 2.580243e+00
[11,] 1.426732e+01 3.047250e+01 1.620517e+01 1.525461e+00 2.576968e+00
[12,] 1.431307e+01 3.050479e+01 1.619172e+01 1.525679e+00 2.576066e+00

$Refset$penalty
 [1] 0.000000e+00 0.000000e+00 0.000000e+00 0.000000e+00 0.000000e+00 9.999965e+05 1.411676e+00
 [8] 0.000000e+00 0.000000e+00 0.000000e+00 0.000000e+00 0.000000e+00


