$f
 [1] 19159.0399  1107.1667   840.7378   839.5260   818.8003   812.2465   809.1476   808.7865
 [9]   808.6042   807.6042   805.8733   804.0191   803.8559   802.9062   802.4375   802.0226
[17]   801.9097   799.4896   798.2639   797.8056   797.7795   797.7587   797.6111   796.5747
[25]   796.4931   796.3247   796.3247

$x
          [,1]     [,2]      [,3]     [,4]     [,5]     [,6]     [,7]     [,8]      [,9]
xbest 25.97844 100.7031 0.5345643 18.92569 286.5703 44.64950 28.24320 7.860749  6.775814
xbest 20.00000 114.0802 0.8468825 19.03002 286.5864 41.55748 24.00000 7.853859  9.997815
xbest 20.00000 100.0000 0.7568825 19.04174 286.6394 41.55748 24.45962 7.753859 10.000000
xbest 22.36079 141.5430 0.2627752 22.61098 285.8183 35.86953 27.13952 4.085293  4.554527
xbest 22.36079 141.5430 0.2184783 22.63441 285.7808 35.86953 27.13952 4.135293  4.554527
xbest 23.05300 143.5086 0.1753504 22.15709 285.8164 36.81289 26.76913 4.142956  4.083113
xbest 23.05300 143.5086 0.1753504 22.15709 285.7976 36.81289 26.76913 4.142956  4.095613
xbest 22.97541 143.4331 0.1743698 22.21966 285.8158 36.79869 26.76985 4.141855  4.111539
xbest 22.97541 143.4331 0.1743698 22.22259 285.8158 36.79869 26.81047 4.141855  4.111539
xbest 22.52343 145.0129 0.1881888 22.46243 285.8165 36.90843 26.72252 4.163120  4.179916
xbest 22.81804 142.4272 0.1715711 22.55510 285.8178 36.95547 26.84639 4.177375  4.054108
xbest 22.83328 145.0779 0.1572601 22.28014 285.8146 36.99102 26.82527 4.182391  4.134746
xbest 22.94979 141.9715 0.1598413 22.53479 285.8192 36.97683 26.92005 4.175358  4.019549
xbest 22.62274 145.0268 0.1669808 22.38957 285.8163 36.90431 26.79327 4.166447  4.186543
xbest 22.74490 145.0443 0.1598535 22.34243 285.8158 36.95031 26.82191 4.178178  4.136508
xbest 22.74490 145.0443 0.1598535 22.34243 285.8158 36.95031 26.78129 4.178178  4.136508
xbest 22.57986 146.4766 0.1692735 22.32147 285.8183 36.91568 26.90216 4.169513  4.174593
xbest 22.57986 146.4766 0.1692735 22.32147 285.8371 36.91568 26.90216 4.169513  4.174593
xbest 22.69253 145.0571 0.1664215 22.32945 285.8163 36.92815 26.88006 4.176241  4.145011
xbest 22.59113 145.7432 0.1702026 22.33946 285.8180 36.93140 26.88606 4.175106  4.159051
xbest 22.59113 145.7432 0.1702026 22.33946 285.8180 36.93140 26.88606 4.175106  4.159051
xbest 22.58564 145.8796 0.1699087 22.31842 285.8180 36.96564 26.87973 4.185253  4.160685
xbest 22.58564 145.8796 0.1699087 22.31842 285.8180 36.96564 26.87973 4.185253  4.160685
xbest 22.62880 145.3659 0.1701026 22.36465 285.8337 36.85426 26.86009 4.179397  4.182387
xbest 22.63471 145.3340 0.1700719 22.36427 285.8337 36.85393 26.86011 4.179570  4.182169
xbest 22.63471 145.3340 0.1700719 22.36427 285.8337 36.85393 26.86011 4.179570  4.182169
xbest 22.63471 145.3340 0.1700719 22.36427 285.8337 36.85393 26.86011 4.179570  4.182169
         [,10]
xbest 3.719908
xbest 3.914248
xbest 3.522373
xbest 2.123977
xbest 2.123977
xbest 1.996518
xbest 1.996518
xbest 2.004354
xbest 2.007322
xbest 1.915324
xbest 1.869338
xbest 1.884970
xbest 1.856442
xbest 1.899553
xbest 1.883532
xbest 1.883532
xbest 1.888898
xbest 1.888898
xbest 1.885677
xbest 1.885680
xbest 1.886422
xbest 1.890847
xbest 1.890104
xbest 1.956005
xbest 1.958401
xbest 1.957658
xbest 1.957658

$time
elapsed elapsed elapsed elapsed elapsed elapsed elapsed elapsed elapsed elapsed elapsed elapsed 
   1.30    3.49    4.88   33.68   34.83   58.21   59.61   71.69   78.41   89.27  108.18  110.08 
elapsed elapsed elapsed elapsed elapsed elapsed elapsed elapsed elapsed elapsed elapsed elapsed 
 111.83  113.54  115.36  116.75  134.96  135.85  145.04  183.71  185.00  212.33  213.24  480.35 
elapsed elapsed elapsed 
 500.44  501.32  602.14 

$neval
 [1]   106   262   385  2746  2842  4602  4681  5631  6120  6924  8339  8485  8621  8759  8900
[16]  8978 10360 10433 11115 14180 14253 16270 16344 37324 38903 38977 46894

$fbest
[1] 796.3247

$xbest
 [1]  22.6347088 145.3340389   0.1700719  22.3642673 285.8337201  36.8539314  26.8601104
 [8]   4.1795702   4.1821687   1.9576584

$numeval
[1] 46894

$end_crit
[1] 2

$cpu_time
elapsed 
 602.14 

$Refset
$Refset$x
          [,1]     [,2]      [,3]     [,4]     [,5]     [,6]     [,7]     [,8]     [,9]    [,10]
 [1,] 22.63994 145.1849 0.1697290 22.39544 285.8224 36.83204 26.84268 4.179717 4.164723 1.961286
 [2,] 22.63474 145.3292 0.1696254 22.37516 285.8307 36.85802 26.83757 4.178562 4.176618 1.962678
 [3,] 22.63680 145.2428 0.1696642 22.37840 285.8263 36.84853 26.84072 4.179008 4.178089 1.963784
 [4,] 22.62898 145.3687 0.1698369 22.37946 285.8274 36.85237 26.83734 4.178820 4.173000 1.961866
 [5,] 22.63560 145.3114 0.1696424 22.37873 285.8282 36.85570 26.83612 4.178775 4.174625 1.964064
 [6,] 22.63401 145.2530 0.1696692 22.38248 285.8301 36.85886 26.83766 4.178353 4.176837 1.959607
 [7,] 22.63705 145.3398 0.1696317 22.37427 285.8302 36.85751 26.83850 4.178986 4.174142 1.961144
 [8,] 22.63646 145.2554 0.1697897 22.37853 285.8293 36.85032 26.84198 4.178316 4.177512 1.963232
 [9,] 22.63375 145.2551 0.1697348 22.38226 285.8301 36.85697 26.84058 4.178413 4.177762 1.962863
[10,] 22.63720 145.3006 0.1696613 22.38322 285.8277 36.84986 26.83481 4.178991 4.170574 1.964214
[11,] 64.05090 478.5058 0.8408490 29.84612 286.9610 24.86671 49.00897 5.414486 4.752595 2.191537
[12,] 22.63500 145.2516 0.1697598 22.37972 285.8271 36.84933 26.84054 4.178634 4.176635 1.961901

$Refset$f
 [1]     796.4392     796.4566     796.4566     796.4566     796.4566     796.4566     796.4566
 [8]     796.4566     796.4566     796.4566 1000000.0000     796.4566

$Refset$fpen
 [1] 7.964392e+02 7.964566e+02 7.964566e+02 7.964566e+02 7.964566e+02 7.964566e+02 7.964566e+02
 [8] 7.964566e+02 7.964566e+02 7.964566e+02 9.999975e+11 7.964566e+02

$Refset$const
              [,1]         [,2]         [,3]         [,4]         [,5]
 [1,] 1.823072e+01 3.183528e+01 1.360456e+01 1.603521e+00 2.624355e+00
 [2,] 1.819854e+01 3.182338e+01 1.362484e+01 1.602576e+00 2.624649e+00
 [3,] 1.820031e+01 3.182191e+01 1.362160e+01 1.603079e+00 2.624278e+00
 [4,] 1.820646e+01 3.182700e+01 1.362054e+01 1.602951e+00 2.624087e+00
 [5,] 1.820410e+01 3.182538e+01 1.362127e+01 1.602872e+00 2.623985e+00
 [6,] 1.820565e+01 3.182316e+01 1.361752e+01 1.602643e+00 2.624453e+00
 [7,] 1.820012e+01 3.182586e+01 1.362573e+01 1.602632e+00 2.624621e+00
 [8,] 1.820102e+01 3.182249e+01 1.362147e+01 1.602731e+00 2.625075e+00
 [9,] 1.820449e+01 3.182224e+01 1.361774e+01 1.602639e+00 2.624800e+00
[10,] 1.821265e+01 3.182943e+01 1.361678e+01 1.602921e+00 2.624103e+00
[11,] 1.000000e+06 1.000000e+06 1.000000e+06 1.000000e+06 1.000000e+06
[12,] 1.820309e+01 3.182337e+01 1.362028e+01 1.602980e+00 2.624445e+00

$Refset$penalty
 [1]      0.0      0.0      0.0      0.0      0.0      0.0      0.0      0.0      0.0      0.0
[11] 999996.5      0.0


