$f
 [1] 449.6076 328.4253 209.4983 197.9844 192.6198 189.7205 183.0174 181.3872 177.6858 168.3264 165.5434 163.5017 161.5747 147.1372 145.1302 145.0816 144.8750 144.8368 142.8889 142.3628 142.2743
[22] 142.1736 141.9497 141.9167 141.8628 141.7517 139.7431 139.7431

$x
          [,1]     [,2]      [,3]     [,4]     [,5]     [,6]     [,7]     [,8]     [,9]    [,10]
xbest 33.01288 279.4639 0.6174078 28.94437 286.6245 41.03173 24.51921 9.611770 3.354392 4.711711
xbest 35.66108 341.2668 0.4151848 20.40429 285.5826 47.89099 45.22425 3.364556 5.559269 4.708783
xbest 35.66108 361.2668 0.3701848 20.40429 285.5826 47.89099 45.87425 2.881748 5.565898 4.843133
xbest 35.66108 361.3977 0.3248772 20.40429 285.5826 47.89099 45.74493 2.449911 5.569180 4.791084
xbest 39.22664 365.1322 0.2560699 21.33092 285.6379 46.32080 39.38989 2.189767 4.189496 3.361671
xbest 38.13700 375.6797 0.3599234 21.39705 285.5829 46.10992 38.49346 2.198389 4.486772 3.433241
xbest 39.61207 365.5300 0.2646246 21.44912 285.6744 45.83095 39.34819 2.170322 4.154354 3.336314
xbest 39.50164 366.9651 0.3614409 21.39003 285.5949 45.93331 38.93464 2.196012 4.566386 3.341682
xbest 39.50164 366.9651 0.3614409 21.39003 285.6324 45.93331 39.09714 2.196012 4.566386 3.353557
xbest 37.46338 384.1408 0.2759118 19.17603 285.6848 47.35331 38.62682 3.030425 5.408480 4.683377
xbest 38.18349 347.4442 0.3223123 20.55433 285.6404 47.47281 39.15969 3.188146 5.394667 4.178126
xbest 38.26273 347.4074 0.3203070 20.54503 285.6405 47.47295 39.15068 3.188195 5.385322 4.175007
xbest 38.52056 377.0890 0.3111059 19.40928 285.7239 47.38825 39.74169 3.128997 5.380421 4.235881
xbest 38.52056 377.0890 0.3096997 19.40928 285.7239 47.51620 39.74169 3.153997 5.380421 4.224006
xbest 38.55288 372.7581 0.3013452 19.54111 285.6988 47.48572 39.48078 3.154502 5.376894 4.246829
xbest 38.55288 372.7581 0.3013452 19.54111 285.6988 47.48572 39.48078 3.154502 5.380019 4.249798
xbest 38.55398 372.7454 0.3021374 19.54179 285.6977 47.49042 39.48090 3.154511 5.376495 4.250261
xbest 38.60138 372.7579 0.3033746 19.54135 285.6972 47.48620 39.48492 3.154380 5.376664 4.255064
xbest 38.63144 370.7712 0.3141512 19.51560 285.6952 47.48181 39.42363 3.154992 5.385043 4.224802
xbest 38.66615 370.2583 0.3132836 19.51299 285.6930 47.48158 39.43318 3.155458 5.390754 4.224525
xbest 38.65824 369.9559 0.3120091 19.51547 285.6907 47.48492 39.42397 3.156277 5.392942 4.221859
xbest 38.66891 371.2628 0.3114299 19.50993 285.6895 47.47605 39.34237 3.155335 5.365616 4.233096
xbest 38.66990 371.3386 0.3117124 19.49468 285.6876 47.48717 39.34584 3.156109 5.368346 4.234960
xbest 38.67700 371.0929 0.3116426 19.50028 285.6879 47.48792 39.36574 3.156321 5.370672 4.226307
xbest 38.67727 371.0345 0.3115418 19.48263 285.6881 47.48073 39.36374 3.155398 5.385861 4.229571
xbest 38.69157 370.1561 0.3111040 19.52346 285.6837 47.50835 39.32183 3.155940 5.366459 4.201478
xbest 38.69157 370.1561 0.2889555 19.52346 285.6837 47.50835 39.32183 3.155940 5.366654 4.198510
xbest 38.69157 370.1561 0.2889555 19.52346 285.6837 47.50835 39.32183 3.155940 5.366654 4.198510

$time
elapsed elapsed elapsed elapsed elapsed elapsed elapsed elapsed elapsed elapsed elapsed elapsed elapsed elapsed elapsed elapsed elapsed elapsed elapsed elapsed elapsed elapsed elapsed elapsed elapsed 
   1.41    3.82    5.75   13.18   15.63   22.74   28.13   30.57   32.00   41.93   46.78   51.83   56.83   59.13  126.96  128.28  133.22  135.68  140.49  150.18  185.46  199.86  226.11  231.14  239.13 
elapsed elapsed elapsed 
 286.46  288.05  601.61 

$neval
 [1]   106   258   371   801   943  1357  1634  1774  1859  2400  2667  2938  3209  3307  6988  7067  7337  7472  7739  8280 10248 11010 12433 12710 13122 15656 15747 34570

$fbest
[1] 139.7431

$xbest
 [1]  38.6915725 370.1561036   0.2889555  19.5234621 285.6836892  47.5083489  39.3218318   3.1559403   5.3666539   4.1985095

$numeval
[1] 34570

$end_crit
[1] 2

$cpu_time
elapsed 
 601.61 

$Refset
$Refset$x
          [,1]     [,2]      [,3]     [,4]     [,5]     [,6]     [,7]     [,8]     [,9]    [,10]
 [1,] 38.72043 370.7701 0.3123794 19.51374 285.6832 47.48236 39.37203 3.155804 5.360586 4.225900
 [2,] 38.70246 370.7656 0.3138251 19.51478 285.6822 47.48268 39.35652 3.155804 5.367807 4.226010
 [3,] 38.69863 370.7609 0.3133443 19.51453 285.6820 47.48292 39.33983 3.155745 5.368030 4.224987
 [4,] 38.69813 370.6257 0.3135900 19.51490 285.6821 47.48311 39.34308 3.155726 5.370986 4.224597
 [5,] 38.69722 370.7168 0.3136281 19.51380 285.6821 47.48290 39.34587 3.155777 5.370891 4.226618
 [6,] 38.69242 370.8069 0.3136133 19.51460 285.6820 47.48304 39.34758 3.155692 5.368561 4.224596
 [7,] 38.69661 370.6503 0.3136017 19.51534 285.6820 47.48291 39.34039 3.155715 5.371502 4.224673
 [8,] 38.71023 370.7475 0.3128258 19.51376 285.6827 47.48251 39.36152 3.155804 5.364980 4.225839
 [9,] 38.69480 370.7883 0.3134818 19.51458 285.6822 47.48297 39.34825 3.155715 5.368155 4.224864
[10,] 38.70017 370.6828 0.3133756 19.51469 285.6820 47.48292 39.33820 3.155745 5.369718 4.224736
[11,] 38.70786 370.9351 0.3143300 19.51192 285.6824 47.48279 39.35907 3.156177 5.364969 4.225715
[12,] 50.50938 325.3193 0.3398316 21.14419 286.0143 42.30470 38.10967 5.741039 4.254752 4.027521

$Refset$f
 [1] 140.3490 140.4028 140.4028 140.4028 140.4028 140.4028 140.4028 140.4028 140.4028 140.4028 140.4080 585.2500

$Refset$fpen
 [1] 140.3490 140.4028 140.4028 140.4028 140.4028 140.4028 140.4028 140.4028 140.4028 140.4028 140.4080 585.2500

$Refset$const
          [,1]     [,2]     [,3]     [,4]     [,5]
 [1,] 14.15315 30.63941 16.48626 1.613471 2.916160
 [2,] 14.14698 30.63219 16.48522 1.613636 2.914681
 [3,] 14.14650 30.63197 16.48547 1.613700 2.913337
 [4,] 14.14392 30.62901 16.48510 1.613685 2.913589
 [5,] 14.14290 30.62911 16.48620 1.613683 2.913805
 [6,] 14.14604 30.63144 16.48540 1.613681 2.913924
 [7,] 14.14384 30.62850 16.48466 1.613702 2.913373
 [8,] 14.14878 30.63502 16.48624 1.613558 2.915213
 [9,] 14.14643 30.63185 16.48542 1.613661 2.914019
[10,] 14.14498 30.63028 16.48531 1.613703 2.913212
[11,] 14.14695 30.63503 16.48808 1.613599 2.914935
[12,] 16.88943 31.74525 14.85581 1.555396 3.318117

$Refset$penalty
 [1] 0 0 0 0 0 0 0 0 0 0 0 0


