$f
 [1] 177.13021 154.19965 103.75694  97.82639  94.91319  88.11111  86.59549  84.97743  83.02951  80.31944  73.77431  73.47396  72.89931  72.42708  69.61632  68.77083  65.93924  65.30208  64.97222
[20]  64.88889  64.56771  64.33854  62.98785  62.30903  61.90625  61.78125  61.59201  61.25694  61.22569  61.15278  61.10417  61.06597  61.03125  61.00521  60.85937  60.75347  60.62847  60.21181
[39]  60.20660  59.84375  59.76910  59.65625  59.63715  59.63368  59.61458  59.54514  59.54514

$x
          [,1]     [,2]      [,3]     [,4]     [,5]     [,6]     [,7]     [,8]     [,9]    [,10]
xbest 47.15622 165.4032 0.4777765 24.18358 285.5589 42.23770 33.72772 2.321716 9.403464 2.551797
xbest 48.64155 268.4441 0.2190382 24.96720 286.3504 42.17120 28.35337 3.076089 4.545989 2.435946
xbest 48.64155 288.4441 0.2190382 24.58634 286.3504 42.15870 28.35337 3.076089 4.617864 2.429658
xbest 49.34146 274.9138 0.3017324 24.25255 286.1980 39.66424 30.73011 3.216662 5.864229 2.472309
xbest 40.26422 333.3622 0.2871065 22.21631 284.9581 39.04886 30.65949 2.366468 6.419290 5.000000
xbest 44.26248 327.8098 0.2563156 21.66265 284.9572 38.97391 30.60758 2.371678 6.117660 5.000000
xbest 44.38362 330.4820 0.2603369 22.08688 284.9561 40.58766 30.67937 2.369139 5.689106 5.000000
xbest 44.28827 344.5820 0.2948745 22.20206 285.4062 39.03802 30.51708 3.100289 5.690914 4.933185
xbest 44.39456 326.3775 0.2546026 22.10858 284.8349 39.63755 30.71930 2.576131 5.689731 5.000000
xbest 42.81050 284.4859 0.2376346 22.10325 284.0000 38.22276 27.35377 2.643398 7.132172 4.261495
xbest 44.67130 287.6896 0.2366092 23.26294 284.0000 37.00766 26.38391 2.511254 6.156155 3.814344
xbest 44.31506 292.1655 0.2387024 22.67426 284.3705 37.79800 29.00992 2.752809 6.412315 4.610445
xbest 43.93563 297.2035 0.2280870 23.15251 284.4787 38.78386 30.28256 2.675207 5.992731 4.712529
xbest 44.26723 292.1373 0.2388346 22.57758 284.1930 37.55831 28.57736 2.706373 6.478631 4.751941
xbest 43.75771 293.8194 0.2502590 23.11896 284.3861 38.32256 29.98253 2.654211 6.130786 4.888512
xbest 44.41081 292.2840 0.2433529 22.58989 284.1735 37.63910 28.94539 2.815782 6.528786 4.310811
xbest 43.82487 292.2840 0.2377279 22.58842 284.2485 37.63910 28.94539 2.815782 6.525661 4.310811
xbest 43.82119 297.7931 0.2265616 23.24598 284.5638 38.68379 30.62861 2.628174 5.886041 4.742126
xbest 43.82119 297.6368 0.2265616 23.24598 284.5825 38.68379 30.62861 2.628174 5.898541 4.742126
xbest 43.85153 297.2394 0.2285966 23.21622 284.5623 38.69071 30.53800 2.628911 5.889176 4.732524
xbest 43.98683 298.2571 0.2359869 22.72830 284.2598 37.58009 29.32901 2.825083 6.342846 4.251862
xbest 44.02183 313.9934 0.2333569 23.01037 284.5171 37.94036 30.60031 2.622094 5.824597 4.764552
xbest 44.02183 313.9934 0.2333569 23.01037 284.5171 37.94036 30.60031 2.634594 5.837097 4.764552
xbest 43.75913 298.3914 0.2376566 22.73881 284.3042 37.67548 29.13605 2.824701 6.351648 4.291499
xbest 43.78256 298.3914 0.2380081 22.73881 284.3042 37.67548 29.13605 2.824701 6.345398 4.291499
xbest 43.75510 298.4031 0.2348899 22.74627 284.3044 37.67614 29.13636 2.824765 6.327987 4.291427
xbest 43.70793 298.5180 0.2343341 22.72538 284.3042 37.68526 29.11223 2.824614 6.337228 4.288213
xbest 44.04879 297.0620 0.2198642 23.17980 284.5871 38.61713 30.86536 2.081143 5.886014 4.872373
xbest 44.07103 297.1837 0.2194852 23.21586 284.5841 38.61518 30.82255 2.081442 5.879893 4.889207
xbest 44.04804 297.0851 0.2207917 23.18209 284.5847 38.58998 30.82329 2.081639 5.889925 4.871206
xbest 44.04804 297.0851 0.2207917 23.18209 284.5847 38.58998 30.82329 2.081639 5.886800 4.871206
xbest 44.01667 297.0676 0.2221466 23.19752 284.5852 38.58455 30.81067 2.081591 5.892363 4.871675
xbest 44.00606 297.0604 0.2221592 23.20430 284.5855 38.58696 30.80817 2.081591 5.891563 4.873325
xbest 44.02141 297.0833 0.2218590 23.19532 284.5847 38.58191 30.81625 2.081589 5.892464 4.868563
xbest 44.04559 295.3348 0.2035356 23.19069 284.5862 38.62534 30.81232 2.081890 5.888355 4.880967
xbest 44.04160 295.3068 0.1992292 23.16720 284.5860 38.62699 30.80871 2.081939 5.888349 4.881076
xbest 44.02177 295.4273 0.1981795 23.14619 284.5860 38.62573 30.80895 2.082669 5.888503 4.885958
xbest 44.01908 295.3000 0.1898505 23.07469 284.5860 38.65290 30.80704 2.083363 5.888860 4.886880
xbest 44.01908 295.3000 0.1898505 23.07469 284.5860 38.65290 30.80704 2.083363 5.891985 4.886880
xbest 44.04466 293.8726 0.1928619 23.14456 284.5835 38.59105 30.79659 2.081367 5.888420 4.882979
xbest 44.06393 293.4070 0.1910783 23.14409 284.5834 38.59272 30.79478 2.081354 5.888277 4.883104
xbest 44.05722 293.7773 0.1924758 23.14184 284.5836 38.59403 30.77094 2.081388 5.888329 4.884077
xbest 44.05722 293.7578 0.1924758 23.14184 284.5836 38.59403 30.77094 2.081388 5.888329 4.884077
xbest 44.03555 293.8276 0.1915122 23.13401 284.5830 38.57437 30.75995 2.081311 5.889280 4.884220
xbest 44.06748 293.2652 0.1918166 23.15477 284.5833 38.57120 30.77255 2.081455 5.888978 4.882387
xbest 44.23169 292.8564 0.1885263 23.13191 284.5833 38.57509 30.77804 2.080527 5.879419 4.873527
xbest 44.23169 292.8564 0.1885263 23.13191 284.5833 38.57509 30.77804 2.080527 5.879419 4.873527

$time
elapsed elapsed elapsed elapsed elapsed elapsed elapsed elapsed elapsed elapsed elapsed elapsed elapsed elapsed elapsed elapsed elapsed elapsed elapsed elapsed elapsed elapsed elapsed elapsed elapsed 
   1.00    3.15    4.50    7.81    9.45   12.73   14.31   15.90   17.51   19.12   20.78   32.31   33.98   35.68   37.37   39.04   40.37   65.54   66.50  112.57  127.32  129.07  131.67  149.29  150.28 
elapsed elapsed elapsed elapsed elapsed elapsed elapsed elapsed elapsed elapsed elapsed elapsed elapsed elapsed elapsed elapsed elapsed elapsed elapsed elapsed elapsed elapsed 
 192.15  211.17  230.43  282.64  302.20  303.06  316.54  320.06  327.76  331.14  332.89  334.60  336.34  339.56  341.40  349.71  379.57  380.43  403.04  418.06  520.17  601.37 

$neval
 [1]   106   253   367   650   789  1070  1206  1342  1480  1618  1758  2643  2780  2916  3053  3190  3305  5457  5541  9188 10335 10471 10685 12051 12137 15421 16997 18541 22734 24295 24369 25440
[33] 25724 26353 26629 26768 26909 27049 27263 27411 28094 30598 30672 32435 33599 42058 48656

$fbest
[1] 59.54514

$xbest
 [1]  44.2316944 292.8564166   0.1885263  23.1319103 284.5833199  38.5750894  30.7780363   2.0805270   5.8794192   4.8735270

$numeval
[1] 48656

$end_crit
[1] 2

$cpu_time
elapsed 
 601.37 

$Refset
$Refset$x
          [,1]     [,2]      [,3]     [,4]     [,5]     [,6]     [,7]     [,8]     [,9]    [,10]
 [1,] 44.11726 292.9073 0.1875324 23.14528 284.5830 38.57424 30.79146 2.081231 5.875030 4.879779
 [2,] 44.18405 292.6850 0.1906192 23.14596 284.5829 38.56908 30.77480 2.081255 5.892367 4.885008
 [3,] 44.19029 292.6863 0.1904275 23.14541 284.5829 38.57525 30.77435 2.080728 5.890812 4.884112
 [4,] 44.21851 293.0072 0.1887844 23.11521 284.5821 38.57732 30.74376 2.080937 5.882917 4.882463
 [5,] 44.15765 292.8025 0.1887205 23.14797 284.5826 38.57279 30.77221 2.081187 5.877507 4.881387
 [6,] 44.14643 292.9575 0.1896645 23.14808 284.5829 38.57276 30.77045 2.081214 5.882828 4.881405
 [7,] 44.17010 292.7611 0.1884026 23.13367 284.5827 38.57528 30.76978 2.080531 5.885840 4.880561
 [8,] 44.16176 292.8368 0.1898075 23.15461 284.5827 38.57495 30.74521 2.080595 5.879633 4.886841
 [9,] 44.18379 292.6816 0.1905131 23.14587 284.5832 38.57310 30.77713 2.081155 5.892191 4.884491
[10,] 44.08633 292.7177 0.1905834 23.15368 284.5787 38.57265 30.80888 2.080881 5.894977 4.883412
[11,] 43.87602 288.1970 0.1925807 23.16515 284.5724 38.59838 30.74494 2.110887 6.041752 4.769114
[12,] 44.10937 292.3468 0.1853812 23.14237 284.5827 38.57114 30.76808 2.081858 5.882032 4.890636

$Refset$f
 [1] 59.64757 59.70486 59.70486 59.72743 59.72743 59.72743 59.72743 59.72743 59.70486 59.90278 61.61979 60.17187

$Refset$fpen
 [1] 59.64757 59.70486 59.70486 59.72743 59.72743 59.72743 59.72743 59.72743 59.70486 59.90278 61.61979 60.17187

$Refset$const
          [,1]     [,2]     [,3]     [,4]     [,5]
 [1,] 17.27025 30.12497 12.85472 1.766473 2.594738
 [2,] 17.25359 30.10763 12.85404 1.766423 2.593717
 [3,] 17.25460 30.10919 12.85459 1.766399 2.593282
 [4,] 17.23230 30.11708 12.88479 1.766375 2.590576
 [5,] 17.27046 30.12249 12.85203 1.766447 2.593228
 [6,] 17.26525 30.11717 12.85192 1.766401 2.593119
 [7,] 17.24783 30.11416 12.86633 1.766411 2.592883
 [8,] 17.27498 30.12037 12.84539 1.766305 2.590916
 [9,] 17.25368 30.10781 12.85413 1.766376 2.593682
[10,] 17.25871 30.10502 12.84632 1.767187 2.595733
[11,] 17.12340 29.95825 12.83485 1.767704 2.588166
[12,] 17.26034 30.11797 12.85763 1.766426 2.593006

$Refset$penalty
 [1] 0 0 0 0 0 0 0 0 0 0 0 0


