$f
 [1] 259.8333 234.1684 199.6997 179.6372 170.4184 164.7899 154.3628 140.9410 122.9271 120.8698 119.4358 119.4045 118.7795 117.4826 116.5417 116.5052 116.4271 115.9983 115.9722 115.4340 115.3351
[22] 115.2812 115.2760 115.2326 115.1771 114.4688 113.9896 113.7795 113.6215 113.5573 113.1302 112.8576 112.7344 112.6944 112.5937 112.4271 112.3212 112.3090 112.2691 112.2118 112.0816 112.0104
[43] 112.0052 112.0000 111.8212 111.7448 111.6562 111.4514 111.4427 111.4427

$x
          [,1]     [,2]      [,3]     [,4]     [,5]     [,6]     [,7]     [,8]     [,9]    [,10]
xbest 33.86559 482.2503 0.7537405 17.00176 285.6981 43.63368 35.51071 6.817066 5.106917 2.714228
xbest 40.07696 418.2305 0.6867286 21.40657 286.6704 46.52801 29.64562 6.383161 2.899960 3.519116
xbest 40.07696 418.2923 0.5292286 21.40657 286.5204 46.52801 29.67773 6.383161 3.058074 3.669324
xbest 46.36049 401.4144 0.7521521 20.55694 286.2574 42.30950 30.00430 5.081460 3.686942 3.387377
xbest 39.70292 417.7670 0.5849548 21.25386 286.5805 45.84832 32.91229 6.171804 3.560585 3.034938
xbest 39.67952 422.7503 0.5773052 20.61727 286.5551 45.90825 33.21719 6.144942 3.809714 2.649099
xbest 42.84552 352.1313 0.2077143 21.48971 286.4586 41.99825 35.23872 6.105972 4.279662 3.526166
xbest 42.89126 402.5164 0.6051119 24.08644 286.4744 42.25258 31.48420 6.058354 2.000000 2.252763
xbest 42.89126 402.5554 1.0000000 24.18019 286.4744 42.25258 34.08420 6.058354 2.000000 2.157763
xbest 40.95935 396.0229 0.5771803 23.88377 286.4260 42.54624 32.93595 6.035985 2.495239 2.263300
xbest 40.98278 395.9838 0.5775318 23.88377 286.4459 42.54624 32.94610 6.035985 2.498364 2.263300
xbest 40.98900 397.7849 0.5849254 24.26629 286.3670 42.17217 32.95078 6.029439 2.375309 2.298869
xbest 40.95469 396.9084 0.5831539 23.91371 286.4159 42.40291 32.96290 6.031741 2.508189 2.279329
xbest 40.97898 397.5925 0.5865351 23.91683 286.4107 42.38088 32.95618 6.033537 2.501771 2.285104
xbest 40.97898 397.5925 0.6315351 23.91537 286.4101 42.38088 32.95618 6.033537 2.501771 2.283620
xbest 41.22815 395.0367 0.5374230 23.82221 286.3546 42.35440 32.91590 6.037212 2.415116 2.285158
xbest 41.22815 395.0367 0.5374230 23.82221 286.3546 42.35440 32.91590 6.037212 2.415116 2.285901
xbest 41.19515 396.6505 0.5563942 23.78476 286.3487 42.35288 32.90957 6.036415 2.529360 2.280143
xbest 41.21982 396.4064 0.5480617 23.74169 286.3581 42.36214 32.90455 6.036321 2.529990 2.278772
xbest 41.21982 396.2501 0.5255617 23.74169 286.3581 42.36370 32.90455 6.036321 2.529990 2.278772
xbest 41.18584 397.2611 0.5672667 23.76440 286.3543 42.35873 32.88731 6.036542 2.529753 2.279378
xbest 41.18805 397.5235 0.5705000 23.77723 286.3538 42.35638 32.88742 6.036450 2.516197 2.278959
xbest 41.18924 397.6541 0.5759280 23.77907 286.3532 42.35534 32.88957 6.036398 2.513507 2.279516
xbest 41.17311 397.6055 0.5799398 23.78638 286.3528 42.35252 32.88718 6.036312 2.512940 2.279665
xbest 41.17811 397.5394 0.5697497 23.78207 286.3537 42.35548 32.88728 6.036402 2.515132 2.279265
xbest 41.79684 395.4024 0.6050323 23.67023 286.3577 42.36549 32.93181 6.036529 2.425160 2.281769
xbest 42.19601 395.5873 0.6239988 23.67002 286.3577 42.36554 32.93452 6.036556 2.356688 2.283378
xbest 41.70866 395.8447 0.5823617 23.74863 286.3576 42.35807 32.93299 6.035885 2.393634 2.281845
xbest 41.88173 396.1026 0.5806399 23.72341 286.3590 42.36006 32.96154 6.035590 2.354749 2.283770
xbest 41.90848 395.9359 0.5610377 23.67522 286.3516 42.37111 32.93815 6.036457 2.380070 2.283244
xbest 41.87362 396.2095 0.5744615 23.71351 286.3593 42.35936 32.96504 6.035688 2.354077 2.283776
xbest 41.87395 396.1394 0.5745303 23.70862 286.3599 42.35786 32.97315 6.035827 2.358831 2.283671
xbest 41.63283 395.9121 0.5095722 23.75047 286.3551 42.36654 32.89433 6.036396 2.375407 2.282150
xbest 41.55591 395.4759 0.4640819 23.75201 286.3526 42.37094 32.87983 6.036772 2.369039 2.281994
xbest 41.84327 395.5120 0.5445495 23.77421 286.3529 42.34327 32.90243 6.035100 2.349506 2.289196
xbest 41.78227 395.0518 0.5628440 23.75066 286.3545 42.34160 32.92733 6.035880 2.377114 2.285403
xbest 41.81892 395.2788 0.5172362 23.72060 286.3530 42.33914 32.89690 6.035925 2.375546 2.285387
xbest 41.84224 395.2618 0.5215383 23.71967 286.3535 42.33959 32.90413 6.035941 2.375707 2.285377
xbest 41.83396 394.7465 0.5323238 23.74604 286.3533 42.33766 32.90988 6.035882 2.375227 2.285894
xbest 41.76173 395.8506 0.4984538 23.71420 286.3565 42.34748 32.90037 6.036465 2.368470 2.284669
xbest 41.81948 395.1130 0.5271040 23.73252 286.3553 42.34300 32.92160 6.035928 2.375138 2.285432
xbest 41.76139 395.6756 0.5030396 23.71758 286.3556 42.34814 32.92072 6.036190 2.371708 2.284810
xbest 41.76634 395.7571 0.5073956 23.78525 286.3555 42.34714 32.89766 6.036160 2.326968 2.285614
xbest 41.76780 395.7489 0.5091471 23.79399 286.3555 42.34652 32.89402 6.036168 2.329883 2.285758
xbest 41.76933 395.9509 0.5091030 23.83353 286.3554 42.34580 32.89209 6.036171 2.297677 2.285907
xbest 41.76924 395.2532 0.5057559 23.76165 286.3553 42.34668 32.91780 6.036159 2.363183 2.285498
xbest 41.82404 393.3842 0.5174018 23.84891 286.3557 42.34446 32.90864 6.036093 2.343552 2.285548
xbest 41.82404 393.4037 0.5174018 23.84854 286.3557 42.34446 32.90864 6.036093 2.343552 2.285548
xbest 41.80887 393.6069 0.5157181 23.84654 286.3545 42.34689 32.90778 6.036267 2.341254 2.285311
xbest 41.80887 393.6069 0.5157181 23.84654 286.3545 42.34689 32.90778 6.036267 2.341254 2.285311

$time
elapsed elapsed elapsed elapsed elapsed elapsed elapsed elapsed elapsed elapsed elapsed elapsed elapsed elapsed elapsed elapsed elapsed elapsed elapsed elapsed elapsed elapsed elapsed elapsed elapsed 
   1.80    4.24    5.96   10.53   12.75   17.22   19.41   22.08   30.44   70.89   72.60   84.21   91.61   93.86   97.55  151.55  152.72  168.92  173.42  177.02  210.91  239.63  249.88  254.99  257.27 
elapsed elapsed elapsed elapsed elapsed elapsed elapsed elapsed elapsed elapsed elapsed elapsed elapsed elapsed elapsed elapsed elapsed elapsed elapsed elapsed elapsed elapsed elapsed elapsed elapsed 
 267.33  272.42  276.92  279.13  281.27  283.42  287.96  291.38  293.66  296.52  298.72  305.35  307.57  315.78  318.02  325.10  331.58  356.86  369.32  371.49  394.85  487.72  488.97  588.08  602.30 

$neval
 [1]   106   260   368   653   793  1074  1212  1350  1873  4190  4298  4980  5391  5526  5751  8866  8939  9898 10166 10386 12275 13975 14586 14856 14994 15598 15872 16144 16282 16418 16556 16841
[33] 17056 17197 17345 17482 17894 18032 18513 18652 19064 19468 21014 21755 21891 23317 29007 29085 34979 35721

$fbest
[1] 111.4427

$xbest
 [1]  41.8088678 393.6069127   0.5157181  23.8465444 286.3545324  42.3468884  32.9077835   6.0362674   2.3412542   2.2853105

$numeval
[1] 35721

$end_crit
[1] 2

$cpu_time
elapsed 
  602.3 

$Refset
$Refset$x
           [,1]        [,2]        [,3]      [,4]       [,5]      [,6]       [,7]       [,8]      [,9]    [,10]
 [1,]  41.80887   0.5157181 286.3545324 32.907784   2.341254  41.80887  0.5157181 286.354532 32.907784 2.341254
 [2,] 393.60691  23.8465444  42.3468884  6.036267   2.285311 393.60691 23.8465444  42.346888  6.036267 2.285311
 [3,]  41.80887 393.6069127   0.5157181 23.846544 286.354532  42.34689 32.9077835   6.036267  2.341254 2.285311
 [4,]  41.81093 393.9837707   0.5154884 23.842679 286.356037  42.34820 32.9064236   6.036114  2.334247 2.285424
 [5,]  41.82734 393.7330131   0.5180789 23.832424 286.355538  42.34451 32.9106946   6.036148  2.345559 2.285121
 [6,]  41.81968 393.4927424   0.5175267 23.849845 286.355110  42.34432 32.9079825   6.036036  2.341536 2.285606
 [7,]  25.17915 307.9326216   0.6923760 20.339966 284.603850  24.19225 49.2268739   4.304833  5.824654 4.695945
 [8,]  41.79488 393.6114486   0.5165059 23.842892 286.355819  42.34620 32.9010849   6.036125  2.348267 2.285650
 [9,]  41.79899 393.5578971   0.5143336 23.838433 286.355562  42.34666 32.9072901   6.036106  2.350736 2.285773
[10,]  41.79310 393.5253109   0.5154575 23.850057 286.355609  42.34612 32.9073528   6.036104  2.345776 2.285501
[11,]  41.79745 393.5419334   0.5153566 23.846097 286.355558  42.34599 32.9097550   6.036110  2.346069 2.285615
[12,]  41.80266 394.7265604   0.5146224 23.815261 286.355459  42.34527 32.9074208   6.036108  2.336195 2.285590

$Refset$f
 [1]     111.4427     111.4427     111.4427     111.5035     111.5087     111.4722 1000000.0000     111.6597     111.6597     111.6597     111.6597     111.8437

$Refset$fpen
 [1] 1.114427e+02 1.114427e+02 1.114427e+02 1.115035e+02 1.115087e+02 1.114722e+02 9.999975e+11 1.116597e+02 1.116597e+02 1.116597e+02 1.116597e+02 1.118437e+02

$Refset$const
              [,1]         [,2]         [,3]         [,4]         [,5]
 [1,] 2.150529e+01 1.215346e+01 2.954562e+00 3.365875e+01 1.533852e+00
 [2,] 3.365875e+01 1.533852e+00 2.150529e+01 1.215346e+01 2.954562e+00
 [3,] 2.150529e+01 3.365875e+01 1.215346e+01 1.533852e+00 2.954562e+00
 [4,] 2.150843e+01 3.366575e+01 1.215732e+01 1.533674e+00 2.954945e+00
 [5,] 2.148687e+01 3.365444e+01 1.216758e+01 1.533708e+00 2.955351e+00
 [6,] 2.150831e+01 3.365846e+01 1.215016e+01 1.533771e+00 2.954970e+00
 [7,] 1.000000e+06 1.000000e+06 1.000000e+06 1.000000e+06 1.000000e+06
 [8,] 2.149463e+01 3.365173e+01 1.215711e+01 1.533716e+00 2.954544e+00
 [9,] 2.148770e+01 3.364926e+01 1.216157e+01 1.533725e+00 2.954935e+00
[10,] 2.150428e+01 3.365422e+01 1.214994e+01 1.533717e+00 2.954993e+00
[11,] 2.150003e+01 3.365393e+01 1.215390e+01 1.533714e+00 2.955184e+00
[12,] 2.147907e+01 3.366380e+01 1.218474e+01 1.533733e+00 2.954996e+00

$Refset$penalty
 [1]      0.0      0.0      0.0      0.0      0.0      0.0 999996.5      0.0      0.0      0.0      0.0      0.0


