$f
 [1] 847.4288 704.6580 634.0365 397.1979 388.4288 325.6563 294.8003 276.6146 267.6198 267.4028 259.2500 255.5955 244.4115 227.2986 223.5625 220.3889 219.9028 218.6753 218.1545 217.6337 217.5747
[22] 217.3247 217.1562 216.7639 216.4896 216.4757 216.3368 216.1806 216.1806

$x
          [,1]     [,2]      [,3]     [,4]     [,5]     [,6]     [,7]      [,8]     [,9]    [,10]
xbest 56.38262 361.3140 0.4483185 21.69258 284.1367 33.73741 26.35814  3.629667 3.400044 2.006569
xbest 50.88478 361.6872 0.4611276 24.14976 284.1618 34.62618 26.05155  3.379931 2.274681 2.082985
xbest 50.88478 361.6884 0.4386276 24.14976 284.3865 34.62618 26.05155  3.379931 2.274681 2.082985
xbest 29.03024 342.0618 0.6086881 17.45300 285.5048 39.33948 24.00000 10.000000 7.728757 4.337094
xbest 29.44624 339.2752 0.5264545 18.35454 285.7540 41.11548 24.00000 10.000000 7.140162 4.370284
xbest 59.48228 330.5030 0.6109321 19.73703 284.5155 32.67152 24.40075  4.776691 2.776951 2.751140
xbest 59.53504 350.4639 0.9709321 19.73996 284.5140 32.67778 24.40075  4.781381 2.783204 2.801610
xbest 60.53287 328.0823 0.6394893 20.94164 284.4996 31.96787 24.64751  4.741676 2.549341 2.779455
xbest 60.52079 327.4573 0.5494893 20.94013 284.5044 31.96787 24.64751  4.741676 2.599241 2.780220
xbest 54.14552 335.8514 0.4010016 18.87879 284.5568 35.80235 24.87054  4.112234 4.606636 2.270869
xbest 54.11036 335.8514 0.3793805 18.87293 284.5568 35.80547 24.87054  4.114578 4.566011 2.270869
xbest 54.46116 340.3082 0.3458121 18.68856 284.5743 35.80440 24.68366  4.109657 4.475213 2.283358
xbest 54.08616 340.3082 0.3458121 18.68856 284.5743 35.80440 24.69972  4.109657 4.628338 2.283358
xbest 54.29301 342.6261 0.3529396 18.69467 284.5657 35.80982 24.66812  4.110653 4.474783 2.310356
xbest 54.29301 342.6261 0.3082911 18.69467 284.5657 35.80982 24.66812  4.110653 4.456033 2.310356
xbest 54.28260 342.6658 0.3484385 18.69332 284.5655 35.81047 24.66984  4.110883 4.562690 2.308767
xbest 54.31096 342.6041 0.3476446 18.69351 284.5656 35.81058 24.66972  4.110878 4.554140 2.308705
xbest 54.17478 342.7665 0.3457959 18.69311 284.5654 35.80925 24.67393  4.110367 4.608379 2.307180
xbest 54.14344 342.7653 0.3460661 18.69283 284.5653 35.80887 24.67450  4.110246 4.632187 2.306912
xbest 54.19856 342.7529 0.3477788 18.69350 284.5654 35.80955 24.67031  4.110312 4.565928 2.307662
xbest 54.13978 342.6811 0.3489887 18.69316 284.5656 35.81040 24.67256  4.110594 4.622487 2.308188
xbest 54.13391 342.6791 0.3489590 18.69205 284.5658 35.81042 24.67285  4.110819 4.623153 2.308136
xbest 54.13307 342.6819 0.3493657 18.69205 284.5657 35.81066 24.67283  4.110966 4.627295 2.308228
xbest 54.10517 342.6764 0.3484950 18.69263 284.5656 35.81035 24.67489  4.110365 4.688616 2.307317
xbest 54.11140 342.6621 0.3483975 18.69282 284.5656 35.81031 24.67586  4.110413 4.668105 2.307333
xbest 54.11282 342.6245 0.3484810 18.69305 284.5658 35.81050 24.67537  4.110410 4.666871 2.307297
xbest 54.11881 342.4430 0.3490204 18.69408 284.5661 35.81047 24.67944  4.110584 4.664061 2.308303
xbest 54.11643 342.4329 0.3499349 18.69867 284.5661 35.81056 24.67986  4.110637 4.663314 2.308341
xbest 54.11643 342.4329 0.3499349 18.69867 284.5661 35.81056 24.67986  4.110637 4.663314 2.308341

$time
elapsed elapsed elapsed elapsed elapsed elapsed elapsed elapsed elapsed elapsed elapsed elapsed elapsed elapsed elapsed elapsed elapsed elapsed elapsed elapsed elapsed elapsed elapsed elapsed elapsed 
   1.45    3.80    5.25    7.55   16.78   18.94   30.16   56.34   58.30   62.87   83.81  164.58  166.14  304.47  305.86  352.81  360.95  367.87  372.48  374.73  387.12  391.33  393.48  395.69  421.70 
elapsed elapsed elapsed elapsed 
 530.56  547.92  591.67  602.64 

$neval
 [1]   106   256   348   493  1048  1185  1894  3390  3511  3779  4992  9772  9870 18190 18277 21019 21504 21919 22197 22336 23090 23364 23501 23640 25223 32006 33020 35705 36329

$fbest
[1] 216.1806

$xbest
 [1]  54.1164282 342.4328582   0.3499349  18.6986712 284.5661352  35.8105569  24.6798561   4.1106373   4.6633141   2.3083411

$numeval
[1] 36329

$end_crit
[1] 2

$cpu_time
elapsed 
 602.64 

$Refset
$Refset$x
            [,1]      [,2]       [,3]       [,4]       [,5]       [,6]     [,7]       [,8]       [,9]     [,10]
 [1,] 342.432858  18.69867 35.8105569   4.110637   2.308341 342.432858 18.69867 35.8105569   4.110637  2.308341
 [2,]   4.663314  54.11643  0.3499349 284.566135  24.679856   4.663314 54.11643  0.3499349 284.566135 24.679856
 [3,]  54.116428 342.43286  0.3499349  18.698671 284.566135  35.810557 24.67986  4.1106373   4.663314  2.308341
 [4,]  54.119257 342.44526  0.3483013  18.691810 284.566125  35.810179 24.68126  4.1105661   4.664028  2.308569
 [5,]  54.112641 342.63379  0.3484942  18.692737 284.565581  35.810501 24.67534  4.1104023   4.666933  2.307414
 [6,]  54.111921 342.69604  0.3486111  18.692679 284.565433  35.810521 24.67525  4.1103917   4.667072  2.307309
 [7,]  54.116419 342.43434  0.3499280  18.698675 284.566147  35.810555 24.67999  4.1106158   4.663744  2.308338
 [8,]  54.113499 342.54903  0.3519874  18.692154 284.567422  35.809881 24.67937  4.1107254   4.661395  2.308036
 [9,]  54.106889 342.90553  0.3483080  18.695485 284.563582  35.807406 24.67525  4.1103791   4.657819  2.309635
[10,]  54.126029 342.57274  0.3483870  18.693072 284.565701  35.809162 24.68487  4.1106029   4.665367  2.307982
[11,]  54.114794 387.21783  0.5261649  17.827721 284.810832  35.320100 24.94785  4.2318841   4.568121  1.827045
[12,]  54.358067 379.80344  0.5276035  18.234094 284.810248  35.317402 24.83121  4.2353641   4.599966  1.825610

$Refset$f
 [1] 216.1806 216.1806 216.1806 216.3368 216.4757 216.4896 216.1806 218.4514 221.0156 219.5625 274.8247 279.0694

$Refset$fpen
 [1] 216.1806 216.1806 216.1806 216.3368 216.4757 216.4896 216.1806 218.4514 221.0156 219.5625 274.8247 279.0694

$Refset$const
           [,1]      [,2]     [,3]      [,4]      [,5]
 [1,] 31.336686  1.741243 14.03536 17.301329  2.289124
 [2,]  1.741243 14.035357 17.30133  2.289124 31.336686
 [3,] 14.035357 31.336686 17.30133  1.741243  2.289124
 [4,] 14.027782 31.335972 17.30819  1.741259  2.289238
 [5,] 14.025804 31.333067 17.30726  1.741264  2.288752
 [6,] 14.025607 31.332928 17.30732  1.741279  2.288730
 [7,] 14.034931 31.336256 17.30132  1.741243  2.289134
 [8,] 14.030759 31.338605 17.30785  1.741099  2.289260
 [9,] 14.037666 31.342181 17.30452  1.741506  2.288681
[10,] 14.027705 31.334633 17.30693  1.741346  2.289493
[11,] 13.259600 31.431879 18.17228  1.718278  2.362304
[12,] 13.634128 31.400034 17.76591  1.717592  2.353793

$Refset$penalty
 [1] 0 0 0 0 0 0 0 0 0 0 0 0


