$f
 [1] 69543.33 69313.96 69294.41 69139.53 69058.80 68981.55 68888.02 68851.73 68850.23 68828.69 68827.39 68817.04 68808.98 68807.35 68804.19 68801.36 68786.28 68785.07 68782.02 68780.51 68779.98
[22] 68779.18 68778.80

$x
          [,1]     [,2]      [,3]     [,4]     [,5]     [,6]     [,7]     [,8]     [,9]    [,10]
xbest 53.15083 249.4270 0.4399873 15.63974 284.4745 35.88492 24.84595 3.284267 8.105953 1.691109
xbest 42.00816 300.0948 0.4393490 21.07918 285.0133 36.79214 25.61961 5.737278 4.590248 2.304088
xbest 42.00816 299.9386 0.4843490 21.07918 285.0139 36.77964 25.59930 5.737278 4.602748 2.304088
xbest 59.50816 353.2680 0.2873516 18.04081 285.5675 44.79682 27.78665 2.403577 4.455873 3.813989
xbest 51.24134 278.3446 0.5225939 20.99170 285.1339 43.77611 26.90985 4.316784 4.457937 2.519407
xbest 57.09790 265.5144 0.3364242 19.94025 285.5545 46.21047 28.41217 3.589824 4.859485 3.909891
xbest 76.29926 243.3712 0.6892688 17.03654 284.0000 33.65679 24.42285 2.109281 7.392795 2.798475
xbest 77.07270 243.3712 0.7455188 17.03654 284.0750 33.65679 24.05722 2.109281 7.292795 2.798475
xbest 68.00725 236.2552 0.3379701 20.42990 285.9412 42.72607 29.15468 2.042422 5.514178 2.214070
xbest 69.13225 231.1848 0.3379701 20.42990 285.8952 42.72607 29.15468 2.042422 5.501062 2.214070
xbest 62.63875 222.5239 0.4957217 23.10201 285.7281 45.39033 25.41750 2.369853 4.476873 2.187322
xbest 61.91017 205.4296 0.4881379 24.77461 285.7150 45.38141 25.36902 2.405167 4.213225 2.185816
xbest 61.91017 205.4296 0.5331379 24.77461 285.7150 45.38141 25.53152 2.405167 4.213225 2.185816
xbest 61.04125 224.3358 0.4532119 21.99032 285.3581 45.29511 24.07335 2.389447 4.969428 1.271024
xbest 61.04125 224.3358 0.4307119 21.99032 285.3581 45.29511 24.00000 2.389447 4.969428 1.271024
xbest 68.27487 197.1348 0.1698311 22.93127 286.7603 45.20265 26.88094 2.195853 4.875415 1.227121
xbest 68.01944 197.1348 0.1698311 22.90387 286.7982 45.20265 26.88508 2.183353 4.946814 1.227121
xbest 66.38914 203.3026 0.1713494 22.77851 286.7616 46.01823 27.39420 2.012068 4.824025 1.233933
xbest 66.37742 203.3026 0.1713494 22.77704 286.7610 46.01823 27.43483 2.012068 4.824025 1.233933
xbest 66.22779 202.6139 0.1708013 22.76819 286.8016 46.19351 27.46548 2.019724 4.872368 1.239648
xbest 66.21054 202.5154 0.1677658 22.76796 286.8002 46.20047 27.49793 2.020509 4.858218 1.239765
xbest 66.19882 202.4763 0.1677658 22.76796 286.8002 46.20047 27.49793 2.020509 4.858218 1.239765
xbest 66.19882 202.4763 0.1677438 22.76796 286.8002 46.20047 27.49793 2.020509 4.858218 1.239765

$time
elapsed elapsed elapsed elapsed elapsed elapsed elapsed elapsed elapsed elapsed elapsed elapsed elapsed elapsed elapsed elapsed elapsed elapsed elapsed elapsed elapsed elapsed elapsed 
   1.72    4.75    6.92   10.13   16.49   19.49   22.45   39.89   63.28   68.78  171.17  193.27  204.31  257.53  259.20  298.31  301.03  442.72  444.63  544.05  566.75  577.69  604.00 

$neval
 [1]   106   252   352   497   792   932  1072  1884  3102  3351  8221  9228  9709 12135 12215 13966 14096 20605 20695 25181 26210 26695 27783

$fbest
[1] 68778.8

$xbest
 [1]  66.1988182 202.4762902   0.1677438  22.7679617 286.8001946  46.2004690  27.4979279   2.0205086   4.8582184   1.2397652

$numeval
[1] 27783

$end_crit
[1] 2

$cpu_time
elapsed 
    604 

$Refset
$Refset$x
           [,1]        [,2]        [,3]      [,4]       [,5]      [,6]       [,7]       [,8]      [,9]    [,10]
 [1,]  66.19882   0.1677658 286.8001946 27.497928   4.858218  66.19882  0.1677658 286.800195 27.497928 4.858218
 [2,] 202.47629  22.7679617  46.2004690  2.020509   1.239765 202.47629 22.7679617  46.200469  2.020509 1.239765
 [3,]  66.21872 203.0772159   0.1708512 22.767869 286.799803  46.19586 27.4729505   2.020644  4.858233 1.239357
 [4,]  66.27621 203.0357614   0.1700505 22.767569 286.814338  46.17763 27.4342820   2.016639  4.854656 1.240524
 [5,]  66.22779   0.1708013 286.8015770 27.465482   4.872368  66.22779  0.1708013 286.801577 27.465482 4.872368
 [6,]  66.22756 202.5273425   0.1708561 22.768184 286.802680  46.19349 27.4647235   2.019726  4.874428 1.239670
 [7,]  66.23440 202.9703619   0.1705427 22.768270 286.807392  46.19394 27.4417248   2.019674  4.859293 1.239720
 [8,]  66.18896 202.9132538   0.1704113 22.772154 286.801554  46.19218 27.4618269   2.020236  4.859689 1.239530
 [9,]  66.23419 202.8306367   0.1697466 22.762152 286.802550  46.19332 27.4718142   2.020471  4.855262 1.238926
[10,]  66.56250 202.6781570   0.1703660 22.772569 286.801965  46.12836 27.4370214   2.017034  4.828652 1.220391
[11,]  67.13862 195.8353510   0.1708134 22.754456 286.805718  46.22578 27.4630189   2.016929  4.937488 1.969816
[12,]  65.49794 212.3683329   0.2062144 22.606131 286.789596  46.15725 27.4855715   2.017677  4.847574 1.248236

$Refset$f
 [1] 68779.18 68779.18 68780.37 68780.47 68780.51 68779.99 68780.62 68779.39 68782.28 68783.22 68802.06 68802.51

$Refset$fpen
 [1] 68779.18 68779.18 68780.37 68780.47 68780.51 68779.99 68780.62 68779.39 68782.28 68783.22 68802.06 68802.51

$Refset$const
          [,1]      [,2]      [,3]      [,4]     [,5]
 [1,] 17.90974 13.232038  2.560270 31.141782 1.507309
 [2,] 31.14178  1.507309 17.909743 13.232038 2.560270
 [3,] 17.90964 31.141767 13.232131  1.507398 2.558795
 [4,] 17.91291 31.145344 13.232431  1.505972 2.562689
 [5,] 17.89582 13.231812  2.559109 31.127632 1.507230
 [6,] 17.89376 31.125572 13.231816  1.507119 2.559485
 [7,] 17.90898 31.140707 13.231730  1.506688 2.559896
 [8,] 17.91247 31.140311 13.227846  1.507238 2.558929
 [9,] 17.90689 31.144738 13.237848  1.507116 2.559864
[10,] 17.94392 31.171348 13.227431  1.507167 2.559870
[11,] 17.81697 31.062512 13.245544  1.506854 2.559398
[12,] 17.75856 31.152426 13.393869  1.508364 2.557038

$Refset$penalty
 [1] 0 0 0 0 0 0 0 0 0 0 0 0


