$f
 [1] 217.36111 153.45660  97.71528  92.09201  91.54861  83.10590  81.35243  77.75868  77.17014  71.40278  71.30035  64.75347  63.56771  62.52951  60.00521  59.96701  58.68924  58.60590  58.50347
[20]  58.07812  57.96181  57.84896  57.57812  57.56597  57.20660  57.10243  56.93576  56.92708  56.73264  56.72569  56.72396  56.64062  56.63889  56.63889

$x
          [,1]     [,2]      [,3]     [,4]     [,5]     [,6]     [,7]     [,8]     [,9]    [,10]
xbest 37.58100 359.7453 0.2299317 16.50085 285.8227 47.95390 32.30149 6.020341 7.742884 4.581964
xbest 38.64071 436.5958 0.2592585 17.24596 285.8878 46.14953 27.23371 3.413980 6.052474 3.926251
xbest 38.65924 347.1531 0.2387040 20.60006 286.2100 48.00000 27.23371 2.966766 5.973417 3.926251
xbest 40.83850 342.5640 0.2137707 21.67236 286.3367 48.00000 27.95015 2.718695 4.737796 3.838512
xbest 40.60836 483.3143 1.0000000 19.05631 286.5990 47.40949 37.32066 2.000000 4.344942 3.771875
xbest 41.35172 427.8605 0.4944083 18.77446 286.3143 47.16169 27.88046 2.552791 5.497022 3.446553
xbest 41.05491 420.0149 0.4789568 18.62539 286.3400 47.11158 27.91445 2.407010 5.842178 3.446541
xbest 41.05491 420.6399 0.5689568 18.62539 286.3400 47.11158 27.91445 2.407010 5.817178 3.446541
xbest 40.82557 426.4073 0.5174154 18.86414 286.2927 46.85041 32.06835 2.273557 5.444983 3.529841
xbest 41.50294 429.2968 0.6102275 18.62883 286.4442 46.79617 32.49074 2.462072 5.520175 3.707049
xbest 41.53285 427.1807 0.6068149 18.59867 286.4450 46.80826 33.28811 2.455346 5.561948 3.709880
xbest 41.47613 422.8021 0.5439860 18.87214 286.4043 46.84820 32.00269 2.477050 5.449019 3.723829
xbest 41.55006 424.1543 0.5447614 18.88797 286.3653 46.84726 32.51361 2.475553 5.486237 3.719657
xbest 41.25200 428.5110 0.5555664 18.83253 286.4086 46.86474 32.00972 2.473279 5.461145 3.740490
xbest 41.67424 429.1409 0.5527321 18.83253 286.4086 46.86474 32.03019 2.473279 5.376819 3.740490
xbest 41.35116 427.1215 0.5254558 18.81936 286.4006 46.91287 31.94785 2.473960 5.455235 3.752062
xbest 41.35116 427.1215 0.4579558 18.81936 286.4006 46.91287 31.94785 2.473960 5.442735 3.752062
xbest 41.37038 440.9416 0.5340091 18.87910 286.3932 46.91551 31.87173 2.476076 5.132201 3.764366
xbest 41.37038 440.9416 0.5340091 18.87910 286.3932 46.91551 31.87173 2.476076 5.129076 3.764366
xbest 41.38502 447.8302 0.5345104 18.94863 286.3956 46.91319 31.80667 2.476071 4.920839 3.769138
xbest 41.38502 447.8302 0.5345104 18.94863 286.3956 46.91319 31.80667 2.476071 4.923964 3.769138
xbest 41.37218 446.2834 0.5410771 18.99832 286.3969 46.91644 31.92540 2.477890 4.936042 3.764512
xbest 41.36997 449.9340 0.5380384 19.10616 286.3971 46.91399 31.97832 2.477801 4.759125 3.772397
xbest 41.34838 450.8025 0.5370114 19.12244 286.3967 46.91357 31.97932 2.477901 4.732141 3.771463
xbest 41.34838 450.8025 0.5370114 19.12317 286.3967 46.91357 31.97932 2.477901 4.735266 3.771463
xbest 41.40580 437.3455 0.4857058 18.97956 286.3953 46.91503 31.76469 2.475187 5.108913 3.754926
xbest 41.41622 440.0017 0.4748895 19.05059 286.3958 46.91650 31.76456 2.475163 4.976767 3.755354
xbest 41.41622 440.0017 0.4748895 19.05059 286.3958 46.91650 31.72394 2.475163 4.976767 3.755354
xbest 41.41263 439.6746 0.4711983 19.02780 286.3968 46.91604 31.92751 2.474859 4.997139 3.755252
xbest 41.41849 439.6746 0.4711983 19.02780 286.3968 46.91604 31.92751 2.474859 4.997139 3.755252
xbest 41.41284 439.9544 0.4721170 19.00857 286.3965 46.91581 31.92376 2.474981 5.003542 3.755556
xbest 41.41684 440.0563 0.4722631 19.01541 286.3969 46.91631 31.90388 2.474463 4.998533 3.755485
xbest 41.41554 439.9559 0.4716932 19.01158 286.3961 46.91624 31.90971 2.474510 5.000936 3.755588
xbest 41.41554 439.9559 0.4716932 19.01158 286.3961 46.91624 31.90971 2.474510 5.000936 3.755588

$time
elapsed elapsed elapsed elapsed elapsed elapsed elapsed elapsed elapsed elapsed elapsed elapsed elapsed elapsed elapsed elapsed elapsed elapsed elapsed elapsed elapsed elapsed elapsed elapsed elapsed 
   1.41    3.92    6.50   14.59   19.42   21.83   28.94   33.45   38.52   44.06   51.47   53.86   56.98   59.50   61.55  124.28  125.80  156.47  157.72  167.81  184.31  189.55  195.27  209.94  211.30 
elapsed elapsed elapsed elapsed elapsed elapsed elapsed elapsed elapsed 
 326.03  353.61  354.97  383.37  384.66  437.86  511.47  524.44  603.61 

$neval
 [1]   106   255   404   840  1121  1260  1673  1900  2174  2447  2862  2999  3138  3279  3398  6812  6901  8539  8613  9161 10040 10315 10591 11400 11479 17765 19321 19399 20886 20959 23785 28080
[33] 28835 33182

$fbest
[1] 56.63889

$xbest
 [1]  41.4155392 439.9558594   0.4716932  19.0115814 286.3961168  46.9162390  31.9097139   2.4745095   5.0009359   3.7555884

$numeval
[1] 33182

$end_crit
[1] 2

$cpu_time
elapsed 
 603.61 

$Refset
$Refset$x
          [,1]     [,2]      [,3]     [,4]     [,5]     [,6]     [,7]     [,8]     [,9]    [,10]
 [1,] 41.41554 439.9559 0.4716932 19.01159 286.3961 46.91624 31.90971 2.474510 5.000936 3.755588
 [2,] 41.41591 439.9642 0.4717418 19.01201 286.3962 46.91622 31.91056 2.474549 5.000575 3.755338
 [3,] 41.41555 439.9612 0.4716850 19.01089 286.3956 46.91559 31.90878 2.474390 5.000870 3.755417
 [4,] 41.39656 436.8546 0.4730058 19.10865 286.3962 46.91716 31.92602 2.477409 5.004731 3.763759
 [5,] 41.48096 439.9042 0.4390955 19.00951 286.3867 46.86423 31.88239 2.475594 4.992671 3.761335
 [6,] 41.36093 440.8178 0.4579869 18.97587 286.4063 46.83804 31.90728 2.478160 5.000224 3.728461
 [7,] 41.33015 439.9554 0.4720006 19.01192 286.3957 46.91641 31.91810 2.479388 4.998150 3.692952
 [8,] 41.71620 435.2523 0.4574768 18.91028 286.3682 46.86626 31.64616 2.461101 5.064555 3.739854
 [9,] 40.96563 442.3228 0.4083273 19.07387 286.4022 46.84883 32.60022 2.427119 4.988059 3.786089
[10,] 41.46152 424.5861 0.4798049 19.01260 286.3849 46.84674 31.93303 2.469784 5.258310 3.733970
[11,] 41.39591 441.2292 0.4720698 18.99761 286.3745 46.75462 31.91290 2.473608 4.988865 3.753106
[12,] 41.22506 438.2264 0.4540648 19.07762 286.3937 46.74336 31.79299 2.488543 5.008078 3.401805

$Refset$f
 [1] 56.63889 56.63889 56.94618 57.45833 61.39583 59.32292 58.40278 67.37500 66.75347 72.67708 72.61458 70.04514

$Refset$fpen
 [1] 56.63889 56.63889 56.94618 57.45833 61.39583 59.32292 58.40278 67.37500 66.75347 72.67708 72.61458 70.04514

$Refset$const
          [,1]     [,2]     [,3]     [,4]     [,5]
 [1,] 14.01065 30.99906 16.98841 1.541785 2.655782
 [2,] 14.01144 30.99943 16.98799 1.541775 2.655862
 [3,] 14.01002 30.99913 16.98911 1.541849 2.655558
 [4,] 14.10392 30.99527 16.89135 1.541740 2.656809
 [5,] 14.01684 31.00733 16.99049 1.542819 2.653034
 [6,] 13.97565 30.99978 17.02413 1.540546 2.662514
 [7,] 14.01377 31.00185 16.98808 1.541814 2.656160
 [8,] 13.84572 30.93545 17.08972 1.545339 2.631856
 [9,] 14.08581 31.01194 16.92613 1.539432 2.705123
[10,] 13.75429 30.74169 16.98740 1.542878 2.656392
[11,] 14.00874 31.01113 17.00239 1.543953 2.655503
[12,] 14.06955 30.99192 16.92238 1.542048 2.655013

$Refset$penalty
 [1] 0 0 0 0 0 0 0 0 0 0 0 0


