$f
 [1] 68399.48 68398.65 68397.60 68397.40 68395.74 68395.62 68394.70 68394.50 68394.24 68394.01 68393.98 68393.94 68393.85 68393.81 68393.73 68393.72 68393.55 68393.55

$x
          [,1]     [,2]      [,3]     [,4]     [,5]     [,6]     [,7]     [,8]     [,9]    [,10]
xbest 58.05822 309.7341 0.1057157 21.38521 286.6288 45.37985 26.05913 2.900203 2.013288 2.756852
xbest 58.05377 307.1131 0.1053646 21.48989 286.6313 45.37327 26.03981 2.897884 2.014855 2.762672
xbest 58.05377 307.1131 0.1053646 21.49282 286.6313 45.37327 26.03981 2.897884 2.011730 2.759703
xbest 58.05975 306.9715 0.1050510 21.48052 286.6312 45.37373 26.05297 2.897940 2.015291 2.760468
xbest 58.05109 308.1075 0.1054367 21.45871 286.6296 45.37449 26.05096 2.898774 2.013729 2.757932
xbest 58.05136 308.1763 0.1054316 21.44383 286.6296 45.37532 26.04918 2.898794 2.014274 2.756962
xbest 58.04227 307.2575 0.1048991 21.50025 286.6293 45.37602 26.05358 2.898770 2.008357 2.757533
xbest 58.03332 307.1946 0.1051659 21.48711 286.6304 45.37506 26.05127 2.898738 2.012809 2.757917
xbest 58.02695 307.1524 0.1053299 21.48479 286.6303 45.37525 26.05106 2.898729 2.015672 2.757886
xbest 58.03156 307.2440 0.1050312 21.49688 286.6297 45.37526 26.05048 2.898773 2.007016 2.757846
xbest 58.03142 307.1375 0.1052302 21.48690 286.6300 45.37578 26.05245 2.898683 2.013513 2.757339
xbest 58.03142 307.1375 0.1052302 21.48690 286.6300 45.37578 26.05245 2.898683 2.016638 2.757339
xbest 58.02998 307.1314 0.1052045 21.48793 286.6299 45.37561 26.05136 2.898749 2.013850 2.757898
xbest 58.03430 307.1569 0.1051595 21.48609 286.6297 45.37529 26.05136 2.898755 2.011976 2.757821
xbest 58.02162 307.2361 0.1052242 21.48859 286.6300 45.37549 26.05294 2.898706 2.014258 2.757730
xbest 58.02293 307.1849 0.1052301 21.48924 286.6300 45.37550 26.04855 2.898706 2.014693 2.757647
xbest 58.02331 307.1929 0.1052333 21.48920 286.6300 45.37550 26.04894 2.898707 2.014691 2.757652
xbest 58.02331 307.1929 0.1052333 21.48920 286.6300 45.37550 26.04894 2.898707 2.014691 2.757652

$time
elapsed elapsed elapsed elapsed elapsed elapsed elapsed elapsed elapsed elapsed elapsed elapsed elapsed elapsed elapsed elapsed elapsed elapsed 
   2.35   65.66   68.38   93.99   99.10  103.44  112.02  126.91  149.46  153.99  158.41  160.57  174.99  206.14  216.85  272.02  281.50  603.91 

$neval
 [1]   106  2130  2215  3038  3177  3313  3586  4059  4753  4894  5033  5106  5516  6473  6815  8527  8797 18866

$fbest
[1] 68393.55

$xbest
 [1]  58.0233130 307.1929307   0.1052333  21.4891950 286.6299790  45.3755040  26.0489397   2.8987068   2.0146907   2.7576515

$numeval
[1] 18866

$end_crit
[1] 2

$cpu_time
elapsed 
 603.91 

$Refset
$Refset$x
          [,1]     [,2]      [,3]     [,4]     [,5]     [,6]     [,7]     [,8]     [,9]    [,10]
 [1,] 58.02308 307.1939 0.1052257 21.48908 286.6300 45.37558 26.05040 2.898710 2.014759 2.757617
 [2,] 58.02251 307.1989 0.1052273 21.48817 286.6298 45.37655 26.05135 2.898763 2.015067 2.757366
 [3,] 58.02380 307.1863 0.1052285 21.48877 286.6299 45.37554 26.05102 2.898708 2.014749 2.757623
 [4,] 58.02394 307.1952 0.1052309 21.48815 286.6298 45.37567 26.04818 2.898733 2.014797 2.757593
 [5,] 58.02537 307.1898 0.1052310 21.48802 286.6297 45.37531 26.05864 2.898662 2.014870 2.757646
 [6,] 58.02286 307.1951 0.1052308 21.48923 286.6301 45.37572 26.05215 2.898730 2.014373 2.757562
 [7,] 58.02320 307.2023 0.1052394 21.48820 286.6301 45.37651 26.05221 2.898733 2.014881 2.757399
 [8,] 58.02300 307.2002 0.1052254 21.48811 286.6299 45.37627 26.05073 2.898713 2.014874 2.757420
 [9,] 58.02397 307.2207 0.1052310 21.48604 286.6298 45.37584 26.04887 2.898720 2.014901 2.757519
[10,] 58.02250 307.1851 0.1052411 21.48873 286.6299 45.37644 26.05108 2.898740 2.014981 2.757326
[11,] 58.01399 307.2809 0.1055896 21.49769 286.6268 45.37237 26.05540 2.899086 2.013327 2.755705
[12,] 58.02687 307.2073 0.1052242 21.48879 286.6299 45.37556 26.05051 2.898869 2.016011 2.757571

$Refset$f
 [1] 68393.55 68393.55 68393.55 68393.55 68393.73 68393.73 68393.55 68393.55 68393.73 68393.72 68394.24 68397.53

$Refset$fpen
 [1] 68393.55 68393.55 68393.55 68393.55 68393.73 68393.73 68393.55 68393.55 68393.73 68393.72 68394.24 68397.53

$Refset$const
          [,1]     [,2]     [,3]     [,4]     [,5]
 [1,] 19.47432 33.98524 14.51092 1.525911 2.442764
 [2,] 19.47311 33.98493 14.51183 1.525923 2.442741
 [3,] 19.47402 33.98525 14.51123 1.525921 2.442764
 [4,] 19.47335 33.98520 14.51185 1.525929 2.442582
 [5,] 19.47315 33.98513 14.51198 1.525927 2.443148
 [6,] 19.47486 33.98563 14.51077 1.525893 2.442914
 [7,] 19.47332 33.98512 14.51180 1.525894 2.442893
 [8,] 19.47324 33.98513 14.51189 1.525919 2.442734
 [9,] 19.47114 33.98510 14.51396 1.525926 2.442624
[10,] 19.47375 33.98502 14.51127 1.525922 2.442735
[11,] 19.48436 33.98667 14.50231 1.526210 2.442071
[12,] 19.47278 33.98399 14.51121 1.525919 2.442743

$Refset$penalty
 [1] 0 0 0 0 0 0 0 0 0 0 0 0


