$f
 [1] 270.0486 269.6146 267.9705 267.6076 266.9566 266.9392 266.8594 266.7604 266.4479 263.2031 260.3056 255.3177 253.9514 251.7049 251.0521 250.0868 249.8507 247.3264 246.9531 246.8854 246.8420
[22] 246.7396 246.6892 246.6771 246.6424 246.4844

$x
          [,1]     [,2]      [,3]     [,4]     [,5]     [,6]     [,7]     [,8]     [,9]    [,10]
xbest 42.30115 446.5396 0.2664225 18.65834 284.9265 34.96219 24.94378 6.421019 4.869960 3.270006
xbest 43.66809 419.4026 0.2898135 18.86991 284.8834 34.97618 25.08266 6.417306 5.090086 3.234545
xbest 43.71497 419.4026 0.2898135 18.87577 284.9021 34.97618 25.07983 6.417306 5.090086 3.234545
xbest 43.71623 429.0910 0.3165947 18.87012 284.8810 34.97268 24.99273 6.419979 4.951327 3.233905
xbest 43.71623 429.0910 0.3165947 18.87012 284.8810 34.97268 24.99273 6.419979 4.957577 3.233905
xbest 43.71648 429.1231 0.3134842 18.83930 284.8810 34.97359 24.98888 6.419996 4.951595 3.234115
xbest 43.71718 429.2336 0.3137668 18.83977 284.8810 34.97664 24.99313 6.420138 4.952859 3.233020
xbest 43.71659 428.8592 0.3092370 18.81179 284.8808 34.96971 24.98331 6.419658 4.948094 3.236967
xbest 43.71659 428.8592 0.3092370 18.81179 284.8808 34.96971 24.98331 6.419658 4.954344 3.236967
xbest 43.70807 419.9844 0.2516969 18.61061 284.8680 34.93833 24.46838 6.424457 5.072023 3.256985
xbest 43.70807 418.7344 0.2291969 18.65748 284.8680 34.93833 24.46838 6.424457 5.047023 3.256985
xbest 43.74983 414.8151 0.2070372 18.51850 284.8414 34.93651 24.36395 6.425722 5.083502 3.273369
xbest 43.70589 414.1901 0.2070372 18.51850 284.8414 34.93651 24.36395 6.425722 5.087017 3.271885
xbest 43.88011 411.3138 0.2330202 18.49646 284.8204 34.93686 24.40630 6.428519 5.031308 3.276253
xbest 43.90355 411.3138 0.2333717 18.50817 284.8204 34.93686 24.40630 6.428519 5.031308 3.276995
xbest 43.86499 411.6385 0.2381893 18.68427 284.8213 34.84647 24.48916 6.411594 4.953097 3.029381
xbest 43.77477 411.6393 0.2383137 18.70157 284.8233 34.84444 24.48743 6.411372 4.961817 3.031174
xbest 43.77477 411.6393 0.2381379 18.70157 284.8204 34.84444 24.44681 6.411372 4.961817 3.034143
xbest 43.67951 413.3678 0.2272703 18.48189 284.8514 34.91443 24.40850 6.422687 5.071263 3.275553
xbest 43.67951 413.3483 0.2272703 18.48189 284.8514 34.91443 24.40850 6.422687 5.071263 3.275553
xbest 43.72833 413.3709 0.2271258 18.48214 284.8513 34.91350 24.41123 6.422694 5.069425 3.275669
xbest 43.74864 413.3188 0.2269114 18.47911 284.8514 34.91485 24.40994 6.422694 5.069208 3.276126
xbest 43.74262 413.3219 0.2269244 18.48048 284.8514 34.91563 24.40990 6.422726 5.069209 3.276103
xbest 43.73462 413.2665 0.2273479 18.48350 284.8510 34.91341 24.40635 6.422470 5.073047 3.277365
xbest 43.71834 413.2690 0.2274582 18.47501 284.8512 34.91587 24.40226 6.422414 5.062886 3.277527
xbest 43.72420 413.2299 0.2274582 18.47501 284.8512 34.91587 24.40226 6.422414 5.062886 3.277527

$time
elapsed elapsed elapsed elapsed elapsed elapsed elapsed elapsed elapsed elapsed elapsed elapsed elapsed elapsed elapsed elapsed elapsed elapsed elapsed elapsed elapsed elapsed elapsed elapsed elapsed 
   1.61   82.47   84.25  121.71  123.06  139.16  141.81  144.44  150.96  242.02  243.78  261.03  273.72  322.33  324.11  326.88  349.58  354.50  507.46  508.83  519.31  532.89  560.77  589.39  602.19 
elapsed 
 603.88 

$neval
 [1]   106  4234  4326  6255  6328  7136  7271  7405  7747 12228 12323 13138 13777 16093 16184 16319 17394 17623 25237 25311 25845 26517 27816 29260 29882 29883

$fbest
[1] 246.4844

$xbest
 [1]  43.7241965 413.2299379   0.2274582  18.4750051 284.8511646  34.9158720  24.4022555   6.4224139   5.0628862   3.2775275

$numeval
[1] 29883

$end_crit
[1] 2

$cpu_time
elapsed 
 603.88 

$Refset
$Refset$x
          [,1]     [,2]      [,3]     [,4]     [,5]     [,6]     [,7]     [,8]     [,9]    [,10]
 [1,] 43.73462 413.2665 0.2273479 18.48350 284.8510 34.91341 24.40635 6.422470 5.073047 3.277365
 [2,] 43.74262 413.3219 0.2269244 18.48048 284.8514 34.91563 24.40990 6.422726 5.069209 3.276103
 [3,] 43.70623 413.3199 0.2269850 18.45685 284.8521 34.91499 24.41184 6.422653 5.073904 3.276257
 [4,] 43.67628 413.2756 0.2268732 18.51042 284.8511 34.91550 24.39644 6.422841 5.051960 3.277024
 [5,] 43.71834 413.2690 0.2274582 18.47501 284.8512 34.91587 24.40226 6.422414 5.062886 3.277527
 [6,] 43.73693 413.3137 0.2278027 18.47846 284.8516 34.91519 24.40737 6.422686 5.076483 3.275762
 [7,] 43.74416 413.2701 0.2272378 18.48288 284.8511 34.91526 24.40681 6.422547 5.068459 3.276347
 [8,] 43.66996 413.1621 0.2319580 18.46649 284.8301 34.92588 24.27749 6.408767 5.004657 3.050334
 [9,] 43.69307 413.3506 0.2268915 18.46505 284.8508 34.91493 24.40274 6.422461 5.070353 3.277912
[10,] 43.71042 412.8694 0.2270357 18.46379 284.8494 34.93611 24.41910 6.423912 5.046053 3.277397
[11,] 65.98378 436.5962 0.9978529 24.40068 286.4616 46.04812 28.53468 8.410691 4.251692 3.439536
[12,] 44.36516 422.9763 0.2394190 18.72972 284.8435 34.90425 24.36194 6.422947 4.995216 3.277992

$Refset$f
 [1]     246.6771     246.6892     246.7170     246.7830     246.6424     246.8420     246.8420     249.2986     246.7778     249.8490 1140959.6684     280.8993

$Refset$fpen
 [1]     246.6771     246.6892     246.7170     246.7830     246.6424     246.8420     246.8420     249.2986     246.7778     249.8490 1140959.6684     280.8993

$Refset$const
          [,1]     [,2]     [,3]     [,4]     [,5]
 [1,] 13.41045 30.92695 17.51650 1.712054 2.348916
 [2,] 13.41127 30.93079 17.51952 1.712018 2.349122
 [3,] 13.38295 30.92610 17.54315 1.711958 2.349391
 [4,] 13.45846 30.94804 17.48958 1.711964 2.348097
 [5,] 13.41212 30.93711 17.52499 1.711998 2.348509
 [6,] 13.40198 30.92352 17.52154 1.711981 2.348987
 [7,] 13.41442 30.93154 17.51712 1.712043 2.348861
 [8,] 13.46184 30.99534 17.53351 1.713476 2.335968
 [9,] 13.39470 30.92965 17.53495 1.712048 2.348540
[10,] 13.41774 30.95395 17.53621 1.712217 2.348462
[11,] 20.14898 31.74831 11.59932 1.539777 2.506984
[12,] 13.73450 31.00478 17.27028 1.712644 2.345090

$Refset$penalty
 [1] 0 0 0 0 0 0 0 0 0 0 0 0


