$f
[1] 68778.80 68778.11 68777.95 68777.88 68776.65 68776.65

$x
          [,1]     [,2]      [,3]     [,4]     [,5]     [,6]     [,7]     [,8]     [,9]    [,10]
xbest 66.19882 202.4763 0.1677438 22.76796 286.8002 46.20047 27.49793 2.020509 4.858218 1.239765
xbest 66.16428 197.6136 0.1673279 22.94473 286.8036 46.27987 27.05578 2.032471 4.879186 1.235285
xbest 66.16428 197.6136 0.1673279 22.94473 286.8035 46.27987 27.05578 2.032471 4.879186 1.234543
xbest 66.15538 197.3396 0.1628375 22.87160 286.8064 46.32398 27.05979 2.036110 4.898690 1.234365
xbest 66.15538 197.3396 0.1629254 22.87160 286.8063 46.32398 27.01917 2.036110 4.898690 1.234365
xbest 66.15538 197.3396 0.1629254 22.87160 286.8063 46.32398 27.01917 2.036110 4.898690 1.234365

$time
elapsed elapsed elapsed elapsed elapsed elapsed 
   2.66  224.83  228.22  258.22  274.50  604.86 

$neval
[1]   106  7207  7287  8240  8734 19438

$fbest
[1] 68776.65

$xbest
 [1]  66.1553808 197.3395820   0.1629254  22.8716018 286.8062956  46.3239840  27.0191682   2.0361098   4.8986897   1.2343647

$numeval
[1] 19438

$end_crit
[1] 2

$cpu_time
elapsed 
 604.86 

$Refset
$Refset$x
          [,1]     [,2]      [,3]     [,4]     [,5]     [,6]     [,7]     [,8]     [,9]    [,10]
 [1,] 66.12778 196.1925 0.1581503 22.91206 286.8022 46.32701 27.20701 2.032966 4.887591 1.235218
 [2,] 66.13287 196.5903 0.1598457 22.91078 286.8039 46.32233 27.21325 2.033027 4.887653 1.234872
 [3,] 66.13967 197.6067 0.1649169 22.91055 286.8068 46.32263 27.22088 2.033949 4.887242 1.234057
 [4,] 66.14079 197.5945 0.1649321 22.91058 286.8054 46.32270 27.21971 2.034346 4.887211 1.234070
 [5,] 66.11955 196.3171 0.1584969 22.91178 286.8026 46.32230 27.20877 2.032687 4.887385 1.235066
 [6,] 66.14087 197.5917 0.1649313 22.91056 286.8049 46.32267 27.21994 2.034360 4.887209 1.234070
 [7,] 66.13897 197.0537 0.1620812 22.90320 286.8064 46.32011 27.22496 2.034056 4.889306 1.234344
 [8,] 66.14296 196.9674 0.1606694 22.90466 286.8042 46.32057 27.22553 2.033791 4.889224 1.234242
 [9,] 66.16966 197.3470 0.1657204 22.92392 286.8023 46.30415 26.98745 2.034314 4.887068 1.234723
[10,] 66.12723 196.2108 0.1567053 22.91113 286.8294 46.33769 27.21254 2.031642 4.889241 1.235321
[11,] 66.54223 196.3685 0.1649427 22.91784 286.7895 46.31503 27.36601 2.030012 4.889049 1.239309
[12,] 66.14418 197.6457 0.1626556 22.88913 286.8059 46.21319 27.22275 2.054042 4.904657 1.234299

$Refset$f
 [1] 68776.82 68777.09 68777.40 68777.40 68777.41 68777.41 68777.41 68778.15 68779.81 68781.63 68785.47 68790.12

$Refset$fpen
 [1] 68776.82 68777.09 68777.40 68777.40 68777.41 68777.41 68777.41 68778.15 68779.81 68781.63 68785.47 68790.12

$Refset$const
          [,1]     [,2]     [,3]     [,4]     [,5]
 [1,] 18.02447 31.11241 13.08794 1.507889 2.539377
 [2,] 18.02313 31.11235 13.08922 1.507700 2.540539
 [3,] 18.02331 31.11276 13.08945 1.507394 2.542063
 [4,] 18.02337 31.11279 13.08942 1.507537 2.541468
 [5,] 18.02440 31.11262 13.08822 1.507846 2.539767
 [6,] 18.02335 31.11279 13.08944 1.507580 2.541318
 [7,] 18.01389 31.11069 13.09680 1.507420 2.542249
 [8,] 18.01544 31.11078 13.09534 1.507646 2.541422
 [9,] 18.03685 31.11293 13.07608 1.508306 2.527317
[10,] 18.02189 31.11076 13.08887 1.505134 2.549675
[11,] 18.02879 31.11095 13.08216 1.508833 2.544347
[12,] 17.98447 31.09534 13.11087 1.507340 2.545650

$Refset$penalty
 [1] 0 0 0 0 0 0 0 0 0 0 0 0


