$f
 [1] 10226.6997  3999.5017  1041.4635   920.0365   795.2830   762.6597   712.2483   708.0816   707.5347   655.6094   654.0226   652.3472   650.6094   631.0521   623.3906   620.0226   618.8003
[18]   618.7014   618.0677   617.8698   617.7778   617.5712   617.5712

$x
          [,1]     [,2]      [,3]     [,4]     [,5]     [,6]     [,7]     [,8]      [,9]    [,10]
xbest 35.03917 420.7843 0.4458361 18.74198 285.9586 32.14089 25.23587 3.930642  9.283524 2.484017
xbest 31.03016 417.8581 0.3993339 19.28266 285.8723 36.50414 24.00000 2.000000 10.000000 2.203765
xbest 31.12464 500.0000 0.1014172 19.28266 285.9479 36.49155 24.00000 2.204706  9.596887 1.205984
xbest 24.30855 433.0188 0.1091127 20.40704 286.1558 43.54944 28.57040 6.051887  9.772258 2.026288
xbest 28.49083 490.6845 0.1025120 18.59679 285.4241 38.71669 24.13353 2.178241  9.924806 1.228623
xbest 25.19459 489.2997 0.1009008 18.39424 284.8579 39.58967 24.13049 2.238793 10.000000 1.312188
xbest 25.50895 486.6415 0.1000660 18.48136 284.6910 39.73128 24.12996 2.381434 10.000000 1.348941
xbest 25.12492 469.1796 0.1126503 20.35398 284.8830 38.92414 24.42632 3.014245  9.805948 1.652805
xbest 25.06291 471.7709 0.1155316 20.41166 284.7190 38.33817 24.02156 3.003019  9.949576 1.641134
xbest 25.62744 478.0518 0.1031789 19.56620 284.9720 39.85426 24.61258 3.027873  9.569222 1.505162
xbest 25.62744 478.0518 0.1000000 19.56547 284.9720 39.85426 24.61258 3.027873  9.569222 1.505162
xbest 25.62862 472.8721 0.1035228 19.94252 285.0666 39.89052 24.67496 3.000739  9.665613 1.559725
xbest 25.67467 472.5227 0.1035228 19.94252 285.0679 39.89052 24.67496 2.988239  9.665613 1.559725
xbest 25.62761 476.8921 0.1026022 19.58914 284.8693 39.83608 24.60412 3.023013  9.606399 1.536674
xbest 25.62761 477.2827 0.1061178 19.40164 284.8649 39.83608 24.60412 3.046450  9.665774 1.584174
xbest 25.54457 476.6003 0.1049812 19.41995 284.8307 39.91636 24.27922 3.088958  9.647257 1.489534
xbest 25.54457 476.5612 0.1049812 19.41995 284.8307 39.91636 24.27922 3.095208  9.647257 1.489534
xbest 25.51708 476.6844 0.1047595 19.42450 284.8301 39.90714 24.29361 3.084948  9.645838 1.485572
xbest 25.51708 476.6844 0.1048473 19.42450 284.8301 39.90714 24.29361 3.084948  9.645838 1.486314
xbest 25.51201 476.7226 0.1046027 19.42375 284.8339 39.90583 24.30576 3.083056  9.648746 1.488891
xbest 25.51201 476.7226 0.1045807 19.42375 284.8339 39.90583 24.30576 3.083056  9.648746 1.488891
xbest 25.51127 476.7369 0.1045713 19.42426 284.8317 39.90702 24.30549 3.083079  9.647732 1.488257
xbest 25.51127 476.7369 0.1045713 19.42426 284.8317 39.90702 24.30549 3.083079  9.647732 1.488257

$time
elapsed elapsed elapsed elapsed elapsed elapsed elapsed elapsed elapsed elapsed elapsed elapsed elapsed elapsed elapsed elapsed elapsed elapsed elapsed elapsed elapsed elapsed elapsed 
   2.08    4.77    9.50   15.96   18.64   25.21   28.60   33.66   36.14   39.63   41.22   55.66   71.47   97.66  111.19  277.03  278.97  371.03  372.63  412.58  414.25  451.75  771.83 

$neval
 [1]   106   265   401   713   858  1144  1286  1561  1698  1832  1912  2594  3366  4440  4834 10593 10671 13799 13878 15515 15589 17210 30046

$fbest
[1] 617.5712

$xbest
 [1]  25.5112710 476.7369009   0.1045713  19.4242615 284.8317385  39.9070160  24.3054940   3.0830792   9.6477319   1.4882574

$numeval
[1] 30046

$end_crit
[1] 1

$cpu_time
elapsed 
 771.83 

$Refset
$Refset$x
          [,1]     [,2]      [,3]     [,4]     [,5]     [,6]     [,7]     [,8]     [,9]    [,10]
 [1,] 25.51193 476.7387 0.1045852 19.42549 284.8317 39.90365 24.30563 3.083358 9.647663 1.490892
 [2,] 25.50891 476.7528 0.1046045 19.43327 284.8320 39.89684 24.30761 3.083420 9.642998 1.489350
 [3,] 25.51043 476.7238 0.1046035 19.43129 284.8316 39.90234 24.30614 3.084389 9.644641 1.490133
 [4,] 25.50989 476.7159 0.1046068 19.43199 284.8319 39.90500 24.30404 3.084671 9.644580 1.490686
 [5,] 25.51018 476.7239 0.1046074 19.43192 284.8317 39.89826 24.30628 3.084280 9.644359 1.490202
 [6,] 25.51298 476.7558 0.1045876 19.42987 284.8317 39.90360 24.30561 3.083402 9.644086 1.489929
 [7,] 25.51539 476.7105 0.1045818 19.55726 284.8316 39.90340 24.30308 3.083847 9.565009 1.489673
 [8,] 25.50886 476.9194 0.1045576 19.43334 284.8323 39.90414 24.29763 3.083289 9.643172 1.496662
 [9,] 25.52965 476.7739 0.1045858 19.41764 284.8317 39.88837 24.30468 3.083144 9.647992 1.493571
[10,] 25.50041 476.6847 0.1045243 19.43705 284.8325 39.90364 24.30667 3.083372 9.646894 1.490340
[11,] 25.50924 476.7362 0.1044158 19.42401 284.8382 39.90523 24.39861 3.089919 9.645041 1.490979
[12,] 26.04595 481.6295 0.1060931 19.40504 284.9928 39.01487 26.17247 2.845309 8.932767 1.623992

$Refset$f
 [1] 617.5712 617.5712 617.5712 617.5712 617.5712 617.8698 618.0747 618.8490 619.0313 618.4965 625.1354 866.2899

$Refset$fpen
 [1] 617.5712 617.5712 617.5712 617.5712 617.5712 617.8698 618.0747 618.8490 619.0313 618.4965 625.1354 866.2899

$Refset$const
           [,1]     [,2]     [,3]     [,4]     [,5]
 [1,]  9.777825 26.35234 16.57451 1.687879 2.132684
 [2,]  9.790269 26.35700 16.56673 1.687907 2.133060
 [3,]  9.786650 26.35536 16.56871 1.687904 2.132738
 [4,]  9.787410 26.35542 16.56801 1.687842 2.132574
 [5,]  9.787563 26.35564 16.56808 1.687919 2.132894
 [6,]  9.785785 26.35591 16.57013 1.687881 2.132683
 [7,]  9.992250 26.43499 16.44274 1.687871 2.132534
 [8,]  9.790164 26.35683 16.56666 1.687762 2.132291
 [9,]  9.769646 26.35201 16.58236 1.687956 2.133141
[10,]  9.790159 26.35311 16.56295 1.687826 2.132832
[11,]  9.778971 26.35496 16.57599 1.688138 2.138558
[12,] 10.472270 27.06723 16.59496 1.690420 2.298075

$Refset$penalty
 [1] 0 0 0 0 0 0 0 0 0 0 0 0


