$f
 [1] 6333.4861 4173.6476 1246.8403 1242.2413 1099.6840  985.5712  963.1024  789.8299  656.3576  651.3681  637.6094  617.8385  606.2222  585.4132  585.2101  539.0139  522.0781  509.0590  472.7535
[20]  471.9948  460.1944  456.8385  455.8403  454.8785  452.3958  450.1267  449.9826  448.1597  446.4028  445.7222  442.4375  440.2986  439.9167  438.7240  434.8212  434.6094  434.2656  433.7934
[39]  433.5747  433.2188  432.7292  432.7118  432.5295  432.5295

$x
          [,1]     [,2]      [,3]     [,4]     [,5]     [,6]     [,7]     [,8]      [,9]    [,10]
xbest 35.57606 249.6988 0.6385859 28.84096 286.4326 30.10295 26.16115 3.983913  7.497263 2.956317
xbest 34.42592 257.5708 0.6769926 27.14910 286.3013 29.66432 26.11116 2.257523 10.000000 2.386992
xbest 34.42801 418.0161 0.9398736 26.09689 286.3013 29.66432 25.85279 2.570088  9.964370 5.000000
xbest 26.20041 432.5123 0.1249230 19.61978 285.9722 45.02404 28.39491 3.433890  8.948196 2.638468
xbest 23.08950 364.4789 0.1534253 26.64521 286.2025 44.48704 28.13696 4.139903  8.659802 4.133594
xbest 22.92283 381.9071 0.1544449 26.66465 286.2325 41.02190 31.99242 4.221095  8.902704 4.005225
xbest 27.39264 383.3945 0.1000000 22.30545 285.8979 43.41196 29.01270 4.039539  9.057817 2.560146
xbest 22.60428 430.7918 0.1125043 23.99734 285.9077 41.22414 30.12534 6.380939  8.171270 3.474424
xbest 22.60428 410.7918 0.1350043 23.99570 285.9827 41.22414 30.12534 6.380939  8.535245 3.284424
xbest 25.24369 390.9861 0.1036443 21.20439 285.6536 40.70410 28.76352 7.317033  9.103270 4.344720
xbest 25.24369 390.9861 0.1000000 21.20439 285.6536 40.70410 28.78387 7.317033  9.153270 4.344720
xbest 24.99168 390.0198 0.1035616 22.33663 285.8012 40.52011 29.33910 6.900695  9.081491 4.167642
xbest 24.99340 389.6788 0.1039908 22.35443 285.8408 40.16504 29.71349 6.934448  9.097303 4.178549
xbest 24.96964 389.4940 0.1039334 22.29625 285.8275 40.03327 29.55549 6.934782  9.100498 4.187848
xbest 25.14259 386.0631 0.1025743 22.23729 285.8003 40.08595 29.29857 6.929585  9.135054 4.180794
xbest 25.86322 383.5390 0.1000000 21.93173 285.7808 40.43684 29.09992 6.949858  9.190991 4.202307
xbest 25.86322 383.5390 0.1000000 21.55380 285.7808 40.45559 29.12023 6.949858  9.228491 4.201565
xbest 24.72520 472.5012 0.1042397 20.64374 285.7596 40.12524 29.12520 6.953509  8.580136 4.075310
xbest 24.87754 455.0012 0.1145043 20.64374 285.7596 40.12524 29.12520 6.953509  8.592284 4.069372
xbest 25.19299 439.7858 0.1082847 20.65336 285.7584 40.16479 29.13015 6.942904  8.704641 4.184634
xbest 25.19501 447.6015 0.1092101 20.65245 285.7571 40.16481 29.13212 6.944542  8.547883 4.191521
xbest 25.07291 454.7804 0.1078437 20.62753 285.7588 40.16497 29.14913 6.943441  8.471284 4.194724
xbest 25.08887 455.6858 0.1071375 20.71194 285.7598 40.16477 29.15657 6.943456  8.364652 4.191491
xbest 25.08887 455.6858 0.1071375 20.71194 285.7598 40.16477 29.07532 6.943456  8.364652 4.197429
xbest 25.05214 473.4719 0.1042227 20.80531 285.7692 40.19967 29.15338 6.943345  7.829371 4.181253
xbest 25.04488 479.1760 0.1040732 20.86478 285.7677 40.20183 29.15424 6.943338  7.653241 4.180611
xbest 25.03909 499.9214 0.1029035 20.85762 285.7709 40.21698 29.15892 6.942764  7.088487 4.180026
xbest 25.09085 483.8315 0.1028064 20.85850 285.7674 40.18690 29.16139 6.942293  7.572928 4.192428
xbest 25.11428 483.8315 0.1028064 20.85703 285.7674 40.18690 29.16139 6.942293  7.579178 4.192428
xbest 25.09597 488.5112 0.1024028 20.82736 285.7674 40.18831 29.16350 6.942382  7.491356 4.197667
xbest 25.04184 491.7015 0.1022155 20.92433 285.7694 40.19018 29.18726 6.942068  7.255363 4.197927
xbest 25.03359 495.9871 0.1004583 21.01649 285.7695 40.19054 29.20427 6.941901  7.116288 4.199690
xbest 25.06114 494.5790 0.1006030 20.84644 285.7673 40.17796 29.16772 6.942215  7.231296 4.192415
xbest 25.06114 494.5790 0.1006908 20.84644 285.7673 40.17796 29.20834 6.942215  7.231296 4.192415
xbest 25.02117 480.6406 0.1019869 20.73816 285.7660 40.17298 29.04083 6.942670  7.754009 4.198114
xbest 25.01461 480.8730 0.1019545 20.73529 285.7659 40.17685 29.03637 6.942782  7.755563 4.196393
xbest 25.00518 481.1146 0.1019246 20.73284 285.7659 40.17945 29.03624 6.942410  7.763321 4.196415
xbest 25.00518 481.1146 0.1019246 20.73284 285.7659 40.17945 29.03624 6.942410  7.760196 4.196415
xbest 25.02835 480.6323 0.1020126 20.73421 285.7668 40.17180 29.04801 6.942895  7.750093 4.197078
xbest 25.01979 480.5511 0.1018930 20.72989 285.7649 40.17075 29.03523 6.943644  7.757083 4.194354
xbest 25.01693 480.5301 0.1018667 20.72815 285.7649 40.17019 29.03518 6.944025  7.756368 4.193518
xbest 25.01641 480.5281 0.1018591 20.72167 285.7649 40.16998 29.03486 6.944050  7.761737 4.193366
xbest 25.01641 480.5085 0.1018591 20.72167 285.7649 40.16998 29.03486 6.944050  7.761737 4.193366
xbest 25.01641 480.5085 0.1018591 20.72167 285.7649 40.16998 29.03486 6.944050  7.761737 4.193366

$time
elapsed elapsed elapsed elapsed elapsed elapsed elapsed elapsed elapsed elapsed elapsed elapsed elapsed elapsed elapsed elapsed elapsed elapsed elapsed elapsed elapsed elapsed elapsed elapsed elapsed 
   2.66    6.72   10.99   25.49   29.38   38.53   42.55   46.60   62.42  206.13  208.88  212.52  235.97  243.67  247.85  254.39  257.63  336.14  339.80  360.47  364.61  381.80  385.55  387.92  415.53 
elapsed elapsed elapsed elapsed elapsed elapsed elapsed elapsed elapsed elapsed elapsed elapsed elapsed elapsed elapsed elapsed elapsed elapsed elapsed 
 419.19  422.97  427.45  429.77  433.63  463.14  467.52  513.30  515.49  523.81  542.25  546.72  556.03  592.78  609.94  670.28  717.42  719.41  875.99 

$neval
 [1]   106   256   415   870  1010  1297  1433  1572  1958  6581  6677  6810  7487  7753  7887  8023  8130 10576 10704 11274 11413 11979 12118 12199 13162 13300 13438 13574 13658 13803 14901 15041
[33] 16764 16843 17122 17806 17944 18297 19655 20285 22528 24247 24321 30039

$fbest
[1] 432.5295

$xbest
 [1]  25.0164058 480.5085329   0.1018591  20.7216688 285.7648790  40.1699762  29.0348585   6.9440504   7.7617368   4.1933660

$numeval
[1] 30039

$end_crit
[1] 1

$cpu_time
elapsed 
 875.99 

$Refset
$Refset$x
          [,1]     [,2]      [,3]     [,4]     [,5]     [,6]     [,7]     [,8]     [,9]    [,10]
 [1,] 25.02813 480.6732 0.1016147 20.73349 285.7659 40.17313 29.03865 6.943728 7.744672 4.194602
 [2,] 25.03219 480.2634 0.1015796 20.73615 285.7660 40.17601 29.03824 6.943907 7.750211 4.191195
 [3,] 25.02867 481.0850 0.1016987 20.73813 285.7660 40.17310 29.03853 6.943881 7.713725 4.194678
 [4,] 25.02878 480.5439 0.1018383 20.73871 285.7655 40.17644 29.03745 6.943704 7.743654 4.193805
 [5,] 25.02642 480.9148 0.1016361 20.73377 285.7659 40.17351 29.03831 6.943796 7.738071 4.194619
 [6,] 25.02168 480.8251 0.1017327 20.73402 285.7657 40.17263 29.03684 6.943687 7.743422 4.193244
 [7,] 25.02679 480.9497 0.1016040 20.73884 285.7659 40.17333 29.03865 6.943810 7.732914 4.194899
 [8,] 25.02044 480.8199 0.1017227 20.73568 285.7657 40.17562 29.03709 6.943673 7.743691 4.194677
 [9,] 25.02882 481.0423 0.1016511 20.73812 285.7661 40.17305 29.03864 6.943875 7.714067 4.194675
[10,] 25.02397 480.9744 0.1019848 20.73472 285.7657 40.17337 29.03699 6.943867 7.736565 4.195921
[11,] 25.02397 480.8134 0.1018262 20.72216 285.7649 40.17544 29.03576 6.943805 7.750276 4.194800
[12,] 25.02844 480.1667 0.1022270 20.67935 285.7631 40.17599 29.02561 6.943707 7.748480 4.191411

$Refset$f
 [1] 433.1389 433.1389 433.1892 433.2361 433.2656 433.2656 433.2656 433.1389 433.5677 433.4392 433.2361 438.1163

$Refset$fpen
 [1] 433.1389 433.1389 433.1892 433.2361 433.2656 433.2656 433.2656 433.1389 433.5677 433.4392 433.2361 438.1163

$Refset$const
          [,1]     [,2]     [,3]     [,4]     [,5]
 [1,] 12.98882 28.25533 15.26651 1.610302 2.591854
 [2,] 12.98594 28.24979 15.26385 1.610286 2.591712
 [3,] 13.02441 28.28628 15.26187 1.610291 2.591873
 [4,] 12.99506 28.25635 15.26129 1.610347 2.591496
 [5,] 12.99570 28.26193 15.26623 1.610301 2.591813
 [6,] 12.99060 28.25658 15.26598 1.610326 2.591697
 [7,] 13.00593 28.26709 15.26116 1.610300 2.591849
 [8,] 12.99199 28.25631 15.26432 1.610322 2.591570
 [9,] 13.02406 28.28593 15.26188 1.610282 2.591903
[10,] 12.99815 28.26344 15.26528 1.610321 2.591682
[11,] 12.97188 28.24972 15.27784 1.610415 2.591276
[12,] 12.93087 28.25152 15.32065 1.610629 2.590045

$Refset$penalty
 [1] 0 0 0 0 0 0 0 0 0 0 0 0


