$f
 [1] 18960.0017  2727.6840   770.0382   687.8281   585.5260   553.6806   520.0938   491.4931   478.3264   467.4549   461.0764   455.3542   448.7118   445.4514   443.5660   437.8316   437.2170
[18]   432.9323   429.5226   428.2743   426.1302   424.5035   424.2257   424.0625   423.7292   421.3021   420.6163   419.9392   419.7760   419.7326   419.4635   419.3941   419.3507   419.2500
[35]   419.2500

$x
          [,1]     [,2]      [,3]     [,4]     [,5]     [,6]     [,7]     [,8]      [,9]    [,10]
xbest 29.14760 492.0658 0.9609551 26.37148 286.3068 29.09164 25.75651 4.094952  3.367372 2.540342
xbest 33.67770 373.7286 0.1000000 22.90890 285.5779 30.40805 25.71413 4.630820  9.383153 3.969583
xbest 33.58395 495.1747 0.1000000 22.90890 285.8791 30.33305 25.71413 5.851133  9.286278 4.024680
xbest 29.80120 495.9540 0.1000000 21.17912 285.6476 33.30554 25.68681 6.052285 10.000000 4.078842
xbest 36.19677 500.0000 0.1000000 22.56310 286.3603 29.59899 24.20554 7.851056  9.847837 4.953026
xbest 29.58578 494.9864 0.1067626 24.40031 286.4259 37.37370 28.38304 5.927013  8.578413 3.344921
xbest 34.24864 491.5483 0.1062414 22.93675 286.3274 36.47768 26.07125 5.915486  8.772329 4.804624
xbest 34.24864 491.8608 0.1000000 22.18675 286.3274 36.47768 26.07125 5.915486  8.772329 4.804624
xbest 24.12132 491.4815 0.1397692 23.76156 286.5146 45.62705 28.23726 7.351838  9.083654 4.417330
xbest 24.21774 491.4523 0.1426948 23.76176 286.5232 45.35703 28.08104 7.354289  9.124176 4.361493
xbest 24.21774 491.5304 0.1426948 23.94926 286.5232 45.35703 28.08104 7.354289  9.124176 4.361493
xbest 32.04971 494.3531 0.1012918 22.03766 285.9119 33.27240 25.63114 6.011387  9.853727 3.581290
xbest 32.26064 484.7514 0.1013211 22.27805 285.9122 33.59631 25.63062 6.050000  9.675860 3.431392
xbest 32.32937 494.3213 0.1012694 22.03572 285.9111 33.27323 25.65555 6.014102  9.809552 3.589416
xbest 32.32937 494.3213 0.1009178 22.03572 285.9123 33.27323 25.61493 6.014102  9.809552 3.586448
xbest 31.81017 491.1615 0.1012619 22.12683 285.9119 33.46685 25.65662 6.038571  9.831192 3.574958
xbest 31.83088 489.9302 0.1013381 22.14302 285.9120 33.51790 25.65032 6.047313  9.720915 3.519184
xbest 31.73713 489.9302 0.1000000 22.14302 285.9133 33.51790 25.65032 6.046439  9.747662 3.519184
xbest 31.70397 490.9216 0.1020288 22.20026 285.9255 33.57205 25.69200 6.035305  9.726487 3.513274
xbest 31.77082 491.0000 0.1017455 22.16822 285.9199 33.52772 25.70795 6.033618  9.727095 3.519494
xbest 31.77082 491.0266 0.1017206 22.17295 285.9207 33.50600 25.71810 6.033939  9.726899 3.519080
xbest 31.77082 491.0266 0.1000000 22.17149 285.9207 33.50600 25.71810 6.033939  9.739399 3.519080
xbest 31.76928 490.3021 0.1022820 22.12260 285.9186 33.50068 25.69758 6.029681  9.820939 3.525831
xbest 31.80298 490.1615 0.1021744 22.08113 285.9215 33.47312 25.73062 6.031194  9.840144 3.520616
xbest 31.79379 490.0031 0.1021713 22.05992 285.9159 33.47975 25.68611 6.030417  9.876576 3.522725
xbest 31.75907 489.7441 0.1020885 22.08019 285.9376 33.54661 25.81788 6.030227  9.856660 3.529353
xbest 31.70634 488.8376 0.1019613 22.09634 285.9512 33.56093 25.87589 6.029799  9.888053 3.530446
xbest 31.69858 488.4106 0.1019594 22.09846 285.9536 33.56444 25.88779 6.029521  9.901964 3.531680
xbest 31.69931 488.4148 0.1020986 22.10403 285.9532 33.56436 25.88719 6.029587  9.899092 3.531768
xbest 31.69939 488.4149 0.1020730 22.10264 285.9531 33.56431 25.88725 6.029615  9.898562 3.531771
xbest 31.70571 488.4279 0.1019957 22.10756 285.9529 33.55978 25.88620 6.029601  9.892678 3.539292
xbest 31.70297 488.8217 0.1020722 22.10381 285.9478 33.54554 25.86400 6.029439  9.888854 3.531068
xbest 31.70288 488.5949 0.1020103 22.10603 285.9486 33.55451 25.86196 6.029603  9.889836 3.531501
xbest 31.70312 488.6633 0.1019680 22.10516 285.9501 33.55456 25.86524 6.029361  9.890252 3.537263
xbest 31.70312 488.6633 0.1019680 22.10516 285.9501 33.55456 25.86524 6.029361  9.890252 3.537263

$time
elapsed elapsed elapsed elapsed elapsed elapsed elapsed elapsed elapsed elapsed elapsed elapsed elapsed elapsed elapsed elapsed elapsed elapsed elapsed elapsed elapsed elapsed elapsed elapsed elapsed 
   2.41    6.22   10.85   19.07   30.36   38.41   45.67   51.66   59.05   67.07   91.57  106.57  116.82  124.66  130.57  152.42  159.38  169.96  188.82  196.32  200.72  210.27  316.36  478.63  483.71 
elapsed elapsed elapsed elapsed elapsed elapsed elapsed elapsed elapsed elapsed 
 489.99  528.25  535.47  559.66  563.38  609.99  613.47  631.49  768.86  820.88 

$neval
 [1]   106   262   442   741  1166  1443  1720  1941  2213  2480  3354  3891  4292  4564  4793  5617  5887  6259  6947  7223  7359  7714 11536 17465 17667 17932 19352 19625 20514 20655 22386 22522
[33] 23210 28238 30088

$fbest
[1] 419.25

$xbest
 [1]  31.703124 488.663328   0.101968  22.105162 285.950081  33.554561  25.865236   6.029361   9.890252   3.537263

$numeval
[1] 30088

$end_crit
[1] 1

$cpu_time
elapsed 
 820.88 

$Refset
$Refset$x
          [,1]     [,2]      [,3]     [,4]     [,5]     [,6]     [,7]     [,8]     [,9]    [,10]
 [1,] 31.70312 488.6633 0.1019680 22.10516 285.9501 33.55456 25.86524 6.029361 9.890252 3.537263
 [2,] 31.70353 488.5020 0.1019440 22.09859 285.9465 33.55180 25.86467 6.029551 9.895611 3.529704
 [3,] 31.70288 488.5592 0.1020050 22.10444 285.9491 33.55448 25.87608 6.029798 9.890692 3.530985
 [4,] 31.69514 488.4798 0.1021079 22.10015 285.9456 33.55054 25.86484 6.029582 9.898356 3.521725
 [5,] 31.70400 488.5803 0.1019913 22.10451 285.9495 33.55468 25.86887 6.029610 9.890729 3.530417
 [6,] 31.70419 488.5190 0.1019955 22.10143 285.9482 33.55359 25.86449 6.029428 9.894693 3.530376
 [7,] 31.70181 488.5534 0.1020209 22.10394 285.9497 33.55403 25.86475 6.029584 9.892701 3.526469
 [8,] 31.70439 488.5536 0.1019787 22.10477 285.9485 33.55368 25.86777 6.029673 9.890478 3.530467
 [9,] 31.70403 488.5585 0.1019897 22.10438 285.9491 33.55537 25.86876 6.029660 9.890720 3.530377
[10,] 31.70355 488.5020 0.1019441 22.09869 285.9466 33.55184 25.86449 6.029551 9.895608 3.529732
[11,] 30.37442 493.3950 0.1012228 22.20151 286.0013 33.24010 26.59098 6.045334 9.893056 3.740697
[12,] 32.87350 488.6914 0.1000000 22.17949 286.2397 34.04873 24.52394 6.182228 9.609944 3.018582

$Refset$f
 [1] 419.2500 419.3507 419.3507 419.3281 419.3507 419.3507 419.3507 419.3507 419.3507 419.3507 615.8177 843.0000

$Refset$fpen
 [1] 419.2500 419.3507 419.3507 419.3281 419.3507 419.3507 419.3507 419.3507 419.3507 419.3507 615.8177 843.0000

$Refset$const
          [,1]     [,2]     [,3]     [,4]     [,5]
 [1,] 12.21491 26.10975 13.89484 1.585035 2.793177
 [2,] 12.20298 26.10439 13.90141 1.585473 2.792239
 [3,] 12.21374 26.10931 13.89556 1.585126 2.793947
 [4,] 12.20179 26.10164 13.89985 1.585580 2.792080
 [5,] 12.21378 26.10927 13.89549 1.585099 2.793342
 [6,] 12.20674 26.10531 13.89857 1.585274 2.792588
 [7,] 12.21124 26.10730 13.89606 1.585084 2.793050
 [8,] 12.21430 26.10952 13.89523 1.585218 2.793020
 [9,] 12.21366 26.10928 13.89562 1.585145 2.793171
[10,] 12.20308 26.10439 13.90131 1.585468 2.792232
[11,] 12.30845 26.10694 13.79849 1.575091 2.909158
[12,] 12.56954 26.39006 13.82051 1.555446 2.724243

$Refset$penalty
 [1] 0 0 0 0 0 0 0 0 0 0 0 0


