$f
 [1] 14084.976  4756.668  4581.674  4463.927  3814.854  3715.365  3513.439  3449.293  3284.911  3256.510  3221.523  3190.203  3135.937  3134.240  3118.689  3112.115  3111.660  3108.545  3107.382  3107.382

$x
          [,1]     [,2]      [,3]     [,4]     [,5]     [,6]     [,7]     [,8]      [,9]    [,10]
 [1,] 24.79000 337.0400 0.2529000 17.72000 285.5400 45.67000 29.49000 2.970000  2.000000 2.690000
 [2,] 20.05700 331.7059 0.9197401 16.55231 285.6652 38.93448 24.00000 3.546715 10.000000 1.200000
 [3,] 20.00000 331.7059 0.9985529 16.55231 285.6734 39.13448 24.01795 3.402240 10.000000 1.228601
 [4,] 20.00000 433.4331 1.0000000 15.19495 286.5063 40.79830 24.00000 2.000000 10.000000 1.200000
 [5,] 20.04243 432.1965 0.9323717 15.00000 286.8000 40.13141 24.00000 2.000000 10.000000 1.200000
 [6,] 20.01267 427.9181 1.0000000 15.34581 286.8329 40.79706 24.04628 3.615539  9.303017 1.504790
 [7,] 20.00000 441.9047 0.9992979 15.11445 286.8208 43.47420 24.02629 2.000000  9.343986 1.229620
 [8,] 20.00000 439.3268 1.0000000 15.10586 286.8895 44.43808 24.02035 2.098088  9.310344 1.243203
 [9,] 20.22415 426.7425 0.9576345 15.37418 286.5834 44.07315 24.19116 2.000000  8.847665 2.013324
[10,] 20.00039 448.0154 0.9970274 15.00935 286.9071 44.65515 24.03129 2.133350  8.747208 1.239770
[11,] 20.00039 448.0154 0.9970274 15.00000 286.9071 44.25515 24.03129 2.133350  8.747208 1.227895
[12,] 20.12320 436.5139 0.8576159 15.17181 286.6231 44.87559 24.22594 2.467658  8.583939 1.722371
[13,] 20.00000 436.5139 0.7760534 15.17235 286.6231 44.88184 24.26657 2.469220  8.596439 1.668933
[14,] 20.25363 466.5276 0.9488650 15.07169 286.8655 44.43994 24.58144 2.126820  8.355807 1.677100
[15,] 20.25216 466.5276 0.9938650 15.07169 286.8655 44.43364 24.58144 2.176820  8.355807 1.677100
[16,] 20.00000 469.2214 0.9275108 15.10281 286.8712 44.43956 24.62749 2.173231  8.371312 1.677682
[17,] 20.00000 469.2410 0.9275108 15.10281 286.8712 44.43956 24.62749 2.173231  8.371312 1.677682
[18,] 20.00000 470.6847 0.9426436 15.09850 286.8679 44.44834 24.61272 2.167953  8.343495 1.651657
[19,] 20.00000 470.6456 0.9426436 15.09850 286.8679 44.44834 24.61272 2.167953  8.343495 1.651657
[20,] 20.00000 470.6456 0.9426436 15.09850 286.8679 44.44834 24.61272 2.167953  8.343495 1.651657

$time
elapsed elapsed elapsed elapsed elapsed elapsed elapsed elapsed elapsed elapsed elapsed elapsed elapsed elapsed elapsed elapsed elapsed elapsed elapsed elapsed 
   9.20   25.30   40.92   56.44   71.36  101.45  115.67  130.45  158.25  172.70  195.64  309.45  351.08 1276.03 1284.34 1674.03 1680.91 1790.66 1809.20 1816.20 

$neval
 [1]   106   265   412   556   704   991  1134  1277  1558  1698  1926  3021  3429 13479 13575 17955 18028 19256 19465 19466

$fbest
[1] 3107.382

$xbest
 [1]  20.0000000 470.6456459   0.9426436  15.0985029 286.8678976  44.4483420  24.6127178   2.1679535   8.3434947   1.6516571

$numeval
[1] 19466

$end_crit
[1] 2

$cpu_time
elapsed 
 1816.2 

$Refset
$Refset$x
             [,1]        [,2]       [,3]        [,4]       [,5]       [,6]        [,7]        [,8]        [,9]       [,10]
 [1,]   1.0000000 470.6456500  15.098503  44.4483420   2.167953   1.651657 470.6456500  15.0985029  44.4483420   2.1679530
 [2,]   1.6516570   2.0000000  20.000000   0.9426436 286.867898  24.612718   8.3434950  20.0000000   0.9426436 286.8678980
 [3,]  24.6127180   8.3434950   3.000000 469.2409600  15.102812  44.439559   2.1732310   1.6776820 469.2409600  15.1028117
 [4,]  44.4395590   2.1732310   1.677682   4.0000000  20.008520 469.347801   0.9433737  15.0959870 286.8681550  44.4546300
 [5,]  24.6129441   2.1680000   8.343507   1.6281800   5.000000  20.336170 466.1358640   0.9547808  15.1018920 286.8675610
 [6,]  44.4379500  24.5830735   2.161919   8.3303170   1.688338   6.000000  20.3590000 465.3071201   0.9759616  15.1067860
 [7,] 286.8727270  44.4105100  24.573341   2.1516820   8.350162   1.728898   7.0000000  20.3907800 464.8738067   0.9508972
 [8,]  15.1085140 286.8624420  44.453230  24.5830072   2.162626   8.324767   1.6512680   8.0000000  20.3802700 447.5161752
 [9,]   0.9810057  15.1076010 286.699745  44.1644200  24.373750   2.077995   8.5342580   1.7362860   9.0000000  20.3813100
[10,] 447.5285950   0.9818918  15.107457 286.6998150  44.164470  24.373347   2.0777910   8.5339030   1.7350250  20.3807100
[11,] 447.5073746   0.9810624  15.107480 286.6997690  44.164430  24.373637   2.0778800   8.5340450   1.7361680  20.0000000
[12,] 472.8643746   0.9856260  15.205680 286.8710110  44.506990  25.498856   2.1362530   8.0217700   1.7797800  21.7307300

$Refset$f
 [1] 3107.382 3107.382 3111.660 3116.658 3129.014 3131.231 3131.929 3156.024 3156.075 3156.424 3172.276 3278.913

$Refset$fpen
 [1] 3107.382 3107.382 3111.660 3116.658 3129.014 3131.231 3131.929 3156.024 3156.075 3156.424 3172.276 3278.913

$Refset$const
 [1] 27.656505  1.504424  6.755008 20.901497  2.474395  6.755008 20.901497  2.474395 27.656505  1.504424 27.628688  1.504070  6.731500 20.897188  2.476781  6.752480 27.656493 20.904013  1.504406  2.474299  6.771576 27.669683 20.898108
[24]  1.504502  2.472859  6.756624 27.649838 20.893214  1.503992  2.475114  6.783747 27.675233 20.891486  1.505013  2.470447  6.573344 27.465742 20.892399  1.520540  2.409527  6.573555 27.466097 20.892543  1.520534  2.409527  6.573435
[47] 27.465955 20.892520  1.520538  2.409529  7.183910 27.978230 20.794320  1.502370  2.526626  7.813892 27.616151 19.802259  1.507370  2.734350

$Refset$penalty
 [1] 0 0 0 0 0 0 0 0 0 0 0 0


