$f
 [1] 8240.3177 1014.8837  384.1580  377.0990  357.7500  357.0816  356.5625  355.7587  351.7448  351.2170  350.5590  350.0903  348.3490  345.2413  344.8281  343.9392  343.7483  343.7465  343.7118  343.6684  343.5174  343.4288  343.4236
[24]  343.3993  343.3993

$x
          [,1]     [,2]      [,3]     [,4]     [,5]     [,6]     [,7]     [,8]     [,9]    [,10]
 [1,] 24.79000 337.0400 0.2529000 17.72000 285.5400 45.67000 29.49000 2.970000 2.000000 2.690000
 [2,] 34.01512 181.0773 0.8366002 30.00000 286.4695 30.64953 24.10359 2.417227 3.207247 4.421955
 [3,] 27.42108 269.8203 1.0000000 29.32944 286.4695 28.41346 24.00000 3.854792 3.607247 4.925781
 [4,] 27.31166 252.6492 0.9906852 29.51893 286.4658 28.31208 24.06598 3.747721 4.287822 3.217675
 [5,] 28.72285 243.8155 0.9588194 29.39957 286.4357 27.48401 24.00174 3.951956 4.116703 4.966119
 [6,] 28.72285 243.8155 0.9813194 29.39920 286.4357 27.48401 24.00174 3.951956 4.116703 4.966119
 [7,] 28.90978 251.7329 0.9259706 29.22797 286.4488 27.65814 24.01571 3.883381 3.930562 4.698858
 [8,] 29.01521 253.6534 0.9165545 29.12501 286.4471 27.65424 24.01611 3.851001 3.929662 4.823480
 [9,] 29.00461 251.4744 0.9570972 29.26048 286.4513 27.66004 24.00520 3.849181 3.915380 4.621040
[10,] 28.98954 253.5235 0.9055044 29.12089 286.4471 27.64527 24.01612 3.849222 3.929793 4.830767
[11,] 28.99455 253.7482 0.9028270 29.10710 286.4443 27.63961 24.01248 3.849241 3.927985 4.850308
[12,] 29.16895 249.9913 0.9518783 29.21150 286.4486 27.54909 24.06084 3.870109 3.928344 5.000000
[13,] 29.18167 250.1396 0.9523258 29.21142 286.4445 27.54776 24.06291 3.867917 3.925971 5.000000
[14,] 29.17386 252.9773 0.8813910 28.99406 286.4334 27.54140 24.01585 3.851885 3.956879 4.979598
[15,] 29.10637 254.6799 0.8800055 28.95426 286.4395 27.53830 24.03680 3.847893 3.959148 4.990247
[16,] 29.10637 254.6799 0.8575055 28.95353 286.4395 27.53830 24.03680 3.847893 3.959148 4.990247
[17,] 29.18141 253.4360 0.9206899 29.14704 286.4427 27.55114 24.01976 3.859614 3.874622 4.975518
[18,] 29.19123 253.0608 0.9137951 29.17516 286.4432 27.55039 24.02339 3.858080 3.869126 4.961553
[19,] 29.17551 252.9524 0.9170335 29.18670 286.4437 27.55107 24.02072 3.858706 3.872234 4.969220
[20,] 29.15940 252.8848 0.9138847 29.19052 286.4454 27.54980 24.02077 3.851800 3.879266 4.986338
[21,] 29.15940 252.8848 0.8913847 29.19052 286.4454 27.54980 24.02077 3.851800 3.879266 4.986338
[22,] 29.15296 252.7195 0.9122286 29.20202 286.4451 27.54755 24.02011 3.852331 3.881024 4.996749
[23,] 29.15726 252.9723 0.9116694 29.18352 286.4445 27.54765 24.01070 3.851869 3.881467 4.969840
[24,] 29.14663 252.6338 0.9139540 29.21626 286.4446 27.54636 24.01521 3.852829 3.878610 5.000000
[25,] 29.14663 252.6338 0.9139540 29.21626 286.4446 27.54636 24.01521 3.852829 3.878610 5.000000

$time
elapsed elapsed elapsed elapsed elapsed elapsed elapsed elapsed elapsed elapsed elapsed elapsed elapsed elapsed elapsed elapsed elapsed elapsed elapsed elapsed elapsed elapsed elapsed elapsed elapsed 
   2.26    6.62   12.08   30.95   34.26   49.81   53.45   57.65   64.72   68.34   71.76   75.22   78.69   81.98   86.12   88.05  213.12  224.67  376.76  589.28  591.78  695.39  743.56  882.94 1265.53 

$neval
 [1]   106   274   472  1206  1343  1987  2130  2268  2545  2685  2823  2968  3108  3246  3385  3465  8365  8835 14912 23301 23375 27498 29617 35055 50130

$fbest
[1] 343.3993

$xbest
 [1]  29.146628 252.633754   0.913954  29.216256 286.444631  27.546358  24.015207   3.852829   3.878610   5.000000

$numeval
[1] 50130

$end_crit
[1] 1

$cpu_time
elapsed 
1265.53 

$Refset
$Refset$x
             [,1]        [,2]       [,3]       [,4]        [,5]        [,6]        [,7]        [,8]        [,9]       [,10]
 [1,]   1.0000000  29.1563300 252.860800   0.911183  29.1913100 286.4480000  27.5497200  24.0129400   3.8525100   3.8811020
 [2,]   4.9894970   2.0000000  29.158860 252.681400   0.9148509  29.2099400 286.4482000  27.5491400  24.0131900   3.8523590
 [3,]   3.8767820   4.9937840   3.000000  29.155790 252.8158000   0.9112267  29.1962200 286.4489000  27.5490500  24.0131300
 [4,]   3.8529460   3.8800780   4.992733   4.000000  29.1531600 252.9302000   0.9095162  29.1889700 286.4485000  27.5492000
 [5,]  24.0132700   3.8527730   3.880409   4.989718   5.0000000  29.1578100 252.7759000   0.9109682  29.1985100 286.4479000
 [6,]  27.5486700  24.0128900   3.852545   3.880176   4.9943120   6.0000000  29.1571300 252.8172000   0.9111615  29.1968200
 [7,] 286.4480000  27.5489400  24.013080   3.852313   3.8801020   4.9940510   7.0000000  29.1572000 252.8283000   0.9111904
 [8,]  29.1949600 286.4479000  27.548860  24.012970   3.8524370   3.8808530   4.9931210   8.0000000  29.1561600 252.8607000
 [9,]   0.9111335  29.1917600 286.448000  27.549670  24.0129400   3.8525020   3.8810810   4.9896310   9.0000000  29.1375600
[10,] 251.5143000   0.8660494  29.196820 286.448300  27.5527600  24.0152900   3.8564610   3.9257430   4.9963680  29.5054800
[11,] 252.6480000   0.8918249  28.877030 286.435000  27.5659100  24.0213800   3.9530000   3.9754300   4.9918490  29.1336600
[12,] 252.8260000   0.9112287  29.159250 286.421700  27.5384400  24.0837900   3.8482550   3.9176440   4.9917870  29.1519000

$Refset$f
 [1] 343.4219 343.4219 343.4219 343.4219 343.4219 343.4219 343.4219 343.4219 344.7274 366.1094 385.7882 357.1632

$Refset$fpen
 [1] 343.4219 343.4219 343.4219 343.4219 343.4219 343.4219 343.4219 343.4219 344.7274 366.1094 385.7882 357.1632

$Refset$const
 [1] 25.310210 32.118900  6.808689  1.502691  3.371566 25.333160 32.123220  6.790062  1.502659  3.371779 25.316140 32.119920  6.803780  1.502567  3.372106 25.308560 32.119590  6.811034  1.502613  3.371943 25.318330 32.119820  6.801493
[24]  1.502696  3.371660 25.316720 32.119900  6.803182  1.502684  3.371696 25.314110 32.119150  6.805037  1.502696  3.371652 25.310680 32.118920  6.808236  1.502691  3.371571 25.271070 32.074260  6.803183  1.502657  3.371644 24.901600
[47] 32.024570  7.122974  1.504474  3.364558 25.241600 32.082360  6.840752  1.505497  3.372491 24.942560 32.020010  7.077451  1.503113  3.365927

$Refset$penalty
 [1] 0 0 0 0 0 0 0 0 0 0 0 0


