$f
 [1] 2468.910 1456.783 1352.684 1278.538 1234.205 1192.226 1191.759 1133.939 1124.134 1123.024 1123.024

$x
          [,1]     [,2]      [,3]     [,4]     [,5]     [,6]     [,7]     [,8]     [,9]    [,10]
 [1,] 22.52349 237.8161 0.2711937 17.75508 286.3829 44.18602 24.26069 6.363986 5.494501 4.741642
 [2,] 20.58869 215.4926 0.4080111 30.00000 286.6727 45.70916 34.15819 2.698176 2.445533 5.000000
 [3,] 20.00000 219.0281 0.8266596 30.00000 286.6727 45.70916 33.69857 2.698176 2.445533 4.924428
 [4,] 24.61965 245.5469 0.6920999 25.96845 286.6038 36.93075 24.00000 5.905462 4.241397 4.362341
 [5,] 24.70231 235.5724 0.6447013 26.03080 286.4566 38.52166 25.90118 5.619049 4.261791 4.322477
 [6,] 24.70231 235.5724 0.8734199 26.03080 286.4566 38.52166 25.90118 5.619049 4.161791 4.277939
 [7,] 24.60212 225.2970 0.7049306 28.28479 286.3441 38.45542 30.81976 2.410393 3.020203 3.143551
 [8,] 24.60212 223.6808 0.6973168 28.28479 286.4500 37.69536 31.22601 2.410393 3.008936 3.219392
 [9,] 22.71036 222.5472 0.5736938 25.41987 286.5876 43.98748 24.26786 6.293965 4.266092 4.041316
[10,] 22.71036 222.5472 0.5963696 25.41987 286.5876 43.98748 24.26786 6.293965 4.266092 4.039832
[11,] 22.71036 222.5472 0.5963696 25.41987 286.5876 43.98748 24.26786 6.293965 4.266092 4.039832

$time
elapsed elapsed elapsed elapsed elapsed elapsed elapsed elapsed elapsed elapsed elapsed 
   2.28    6.32    9.05   12.78   33.82   47.13   64.53   86.69  155.61  157.66 1288.27 

$neval
 [1]   106   264   379   531  1362  1881  2556  3408  5984  6067 50039

$fbest
[1] 1123.024

$xbest
 [1]  22.7103629 222.5472191   0.5963696  25.4198720 286.5876357  43.9874803  24.2678568   6.2939645   4.2660920   4.0398319

$numeval
[1] 50039

$end_crit
[1] 1

$cpu_time
elapsed 
1288.27 

$Refset
$Refset$x
             [,1]        [,2]       [,3]        [,4]        [,5]        [,6]       [,7]        [,8]       [,9]      [,10]
 [1,]   1.0000000  21.3096200 209.555300   0.6077444  27.1668700 286.5932000  43.016240  32.8747000   3.430648   4.459514
 [2,]   4.7771980   2.0000000  21.312070 209.5051000   0.6076763  27.1719600 286.594300  43.0137800  32.870150   3.430589
 [3,]   4.4569320   4.7780990   3.000000  21.3144700 209.4789000   0.6076076  27.175760 286.5949000  43.015080  32.868510
 [4,]   3.4303560   4.4560810   4.773333   4.0000000  21.3112400 209.5296000   0.607531  27.1689600 286.594400  43.016920
 [5,]  32.8729200   3.4305770   4.458983   4.7725010   5.0000000  21.3144100 209.441600   0.6076229  27.177440 286.594900
 [6,]  43.0135500  32.8658500   3.430493   4.4565730   4.7763290   6.0000000  21.314760 209.4885000   0.606950  27.171090
 [7,] 286.5948000  43.0153000  32.877120   3.4303510   4.4575490   4.7762670   7.000000  21.3142400 209.487800   0.609290
 [8,]  27.1751700 286.5950000  43.008220  32.8703400   3.4308710   4.4569540   4.763035   8.0000000  21.315390 209.465800
 [9,]   0.6076874  27.1665200 286.594600  43.0132600  32.8692600   3.4304370   4.462076   4.7738540   9.000000  21.313790
[10,] 209.4364000   0.6077595  27.179530 286.5946000  43.0140700  32.8686400   3.430221   4.4564260   4.774187  21.310300
[11,] 209.5562000   0.6077423  27.167760 286.5934000  43.0162800  32.8743200   3.430641   4.4588700   4.776931  21.316180
[12,] 209.4373000   0.6082539  27.135970 286.5915000  43.0147600  32.8732100   3.430470   4.4821290   4.772582  21.308390

$Refset$f
 [1] 1128.035 1128.040 1128.075 1128.035 1128.075 1128.075 1128.075 1128.075 1128.075 1128.035 1128.075 1128.276

$Refset$fpen
 [1] 1128.035 1128.040 1128.075 1128.035 1128.075 1128.075 1128.075 1128.075 1128.075 1128.035 1128.075 1128.276

$Refset$const
 [1] 22.707350 31.540490  8.833131  1.506607  3.006240 22.715030 31.543070  8.828039  1.506480  3.006503 22.719680 31.543920  8.824237  1.506420  3.006533 22.709980 31.541020  8.831037  1.506458  3.006605 22.720870 31.543430  8.822561
[24]  1.506424  3.006415 22.713540 31.542450  8.828913  1.506387  3.007230 22.718220 31.543050  8.824829  1.506376  3.007172 22.704450 31.537920  8.833478  1.506440  3.006608 22.723100 31.543570  8.820470  1.506451  3.006486 22.708890
[47] 31.541130  8.832242  1.506579  3.006308 22.653840 31.517870  8.864031  1.506809  3.005505 22.763660 31.555830  8.792169  1.506506  3.006416

$Refset$penalty
 [1] 0 0 0 0 0 0 0 0 0 0 0 0


