$f
 [1] 8702.946 1572.868 1209.417 1171.205 1170.726 1163.526 1161.852 1158.995 1132.845 1106.151 1094.653 1071.493 1060.670 1036.090 1035.837 1035.474 1032.495 1032.229 1032.177 1031.915 1031.689 1007.745 1006.714 1004.306 1004.306

$x
          [,1]     [,2]      [,3]     [,4]     [,5]     [,6]     [,7]     [,8]     [,9]    [,10]
 [1,] 26.08162 442.9368 0.6453773 18.15125 286.3431 41.12144 26.94885 3.024266 8.645229 1.898922
 [2,] 21.33076 273.6079 0.6459193 18.20217 286.4867 43.92953 25.23418 3.253840 9.044061 1.379352
 [3,] 21.33076 253.6079 0.6346693 18.20217 286.1844 43.92953 25.86417 3.253840 9.044061 1.517420
 [4,] 21.86034 255.5996 0.6426866 17.24906 286.7817 45.11132 25.44390 3.433052 9.750535 1.705893
 [5,] 21.99849 255.5691 0.6325747 17.24961 286.8245 45.17574 25.44177 3.433202 9.749555 1.703624
 [6,] 22.05413 255.6178 0.6372808 17.24935 286.7885 45.10496 25.44216 3.433077 9.750382 1.707271
 [7,] 22.06380 255.6499 0.6400746 17.24937 286.7698 45.08816 25.44225 3.433079 9.750913 1.708939
 [8,] 22.08724 255.6499 0.6625746 17.24937 286.7698 45.08816 25.44225 3.433079 9.750913 1.708939
 [9,] 21.17186 253.6718 0.8955161 19.27503 286.7909 45.56484 26.75823 3.854405 8.341740 1.813575
[10,] 21.54686 253.6718 0.8955161 19.31587 286.7628 45.56484 26.79886 3.841905 8.360490 1.795762
[11,] 21.78468 259.4376 0.7491250 18.95520 285.8224 37.77628 26.17952 5.799936 8.660194 2.715978
[12,] 21.78468 259.4376 0.7491250 18.95667 285.8786 37.77628 26.17952 5.799838 8.660194 2.715978
[13,] 21.36208 263.4016 0.6313248 17.89847 286.4164 38.20561 30.35366 5.824553 9.474423 2.532028
[14,] 21.36208 262.7766 0.6313248 17.92190 286.3789 38.20561 30.50898 5.824553 9.474423 2.532028
[15,] 21.37538 257.6058 0.6362819 17.94752 286.3797 38.49754 29.92338 5.826736 9.356658 2.637958
[16,] 21.38263 257.6178 0.6365688 17.94984 286.3792 38.50433 29.89521 5.826775 9.351734 2.637996
[17,] 21.40297 257.2104 0.6373981 17.94898 286.3802 38.50422 29.91302 5.827998 9.350931 2.637252
[18,] 21.41738 257.0062 0.6377434 17.94923 286.3797 38.50556 29.89047 5.828027 9.351514 2.637875
[19,] 21.41152 257.0062 0.6377434 17.94923 286.3797 38.50556 29.89047 5.828027 9.351514 2.637875
[20,] 21.39617 257.5818 0.6369771 17.94959 286.3809 38.51085 29.89438 5.828087 9.339904 2.645607
[21,] 21.42002 257.9518 0.6326320 17.93999 286.3817 38.50039 29.92317 5.721021 9.318519 2.646956
[22,] 21.61167 256.7018 0.5426320 17.93999 286.3817 38.50039 29.92317 5.722126 9.318519 2.646956
[23,] 21.58110 265.3459 0.6357962 17.91856 286.3690 38.64215 30.51571 5.853083 9.136819 3.232711
[24,] 21.58110 265.3459 0.6807962 17.91856 286.3690 38.64215 30.51571 5.853083 9.130569 3.238648
[25,] 21.58110 265.3459 0.6807962 17.91856 286.3690 38.64215 30.51571 5.853083 9.130569 3.238648

$time
elapsed elapsed elapsed elapsed elapsed elapsed elapsed elapsed elapsed elapsed elapsed elapsed elapsed elapsed elapsed elapsed elapsed elapsed elapsed elapsed elapsed elapsed elapsed elapsed elapsed 
   2.31    6.83    9.86   24.98   35.06   39.20   42.48   47.61   68.41   85.62  207.37  209.48  326.84  329.16  503.37  508.61  515.98  526.23  542.11  595.20  617.64  634.19 1203.47 1205.47 1265.91 

$neval
 [1]   106   266   388   971  1382  1520  1654  1867  2673  3329  8073  8160 12777 12875 19810 20019 20290 20699 21316 23377 24273 24928 47721 47804 50110

$fbest
[1] 1004.306

$xbest
 [1]  21.5811008 265.3458964   0.6807962  17.9185578 286.3690252  38.6421474  30.5157086   5.8530834   9.1305688   3.2386481

$numeval
[1] 50110

$end_crit
[1] 1

$cpu_time
elapsed 
1265.91 

$Refset
$Refset$x
             [,1]        [,2]        [,3]       [,4]       [,5]        [,6]       [,7]        [,8]       [,9]       [,10]
 [1,]   1.0000000  21.5811000   0.6807962 286.369025  30.515709   9.1305690  21.581100   0.6807962 286.369025  30.5157090
 [2,]   9.1305690   2.0000000 265.3459000  17.918558  38.642147   5.8530830   3.238648 265.3459000  17.918558  38.6421470
 [3,]   5.8530830   3.2386480   3.0000000  21.611090 266.586821   0.6487145  17.956653 286.3703900  38.512320  30.4293018
 [4,]   5.8307480   9.1346930   3.4731280   4.000000  21.578610 265.2899190   0.635716  17.9178250 286.368963  38.6601400
 [5,]  30.5276138   5.8553580   9.1200760   3.218776   5.000000  21.5786100 265.286905   0.6356854  17.918144 286.3689180
 [6,]  38.6595200  30.5283978   5.8553380   9.120314   3.218736   6.0000000  21.571440 267.6155139   0.637724  17.9010380
 [7,] 286.3705680  38.5223600  30.4519189   5.835797   9.139119   3.4275880   7.000000  21.6081200 266.614595   0.6515798
 [8,]  17.8569320 286.3711070  38.4947200  30.606956   5.853269   9.1793490   3.622538   8.0000000  21.558470 265.7152575
 [9,]   0.6328611  17.9217680 286.3691460  38.493670  30.588226   5.8452070   9.192836   3.2482450   9.000000  21.6126200
[10,] 268.1848144   0.6228164  17.8593010 286.370094  38.512830  30.6030120   5.852116   9.1475090   3.577992  21.2632000
[11,] 264.5478758   0.6484046  17.9303800 286.368058  38.522080  29.8487758   5.840991   9.1858540   2.651137  22.8220700
[12,] 259.8454494   0.7464084  18.8762970 286.169933  33.403310  27.4054686   5.964242   9.5788300   4.229868  22.4646800

$Refset$f
 [1] 1004.306 1004.306 1004.767 1005.017 1005.017 1006.095 1007.661 1008.352 1009.207 1024.521 1467.932 3790.188

$Refset$fpen
 [1] 1004.306 1004.306 1004.767 1005.017 1005.017 1006.095 1007.661 1008.352 1009.207 1024.521 1467.932 3790.188

$Refset$const
 [1]  8.787989 18.081442  3.005665 26.869431  1.529899 26.869431  1.529899  8.787989 18.081442  3.005665  8.821960 26.865307 18.043347  1.529653  3.007739  8.797749 26.879924 18.082175  1.529917  3.005422  8.797830 26.879686 18.081856
[24]  1.529917  3.005525  8.761919 26.860881 18.098962  1.529564  3.009207  8.677583 26.820651 18.143068  1.528681  3.026349  8.728932 26.807164 18.078232  1.529012  3.023843  8.711792 26.852491 18.140699  1.528894  3.024181  8.744527
[47] 26.814146 18.069620  1.532540  2.951823  9.297466 26.421170 17.123703  1.550055  3.043511  6.819346 27.368665 20.549319  1.531457  2.361748

$Refset$penalty
 [1] 0 0 0 0 0 0 0 0 0 0 0 0


