$f
 [1] 1572.1007  850.1285  717.1875  695.8351  695.1181  694.7934  655.9358  654.3403  654.1719  646.4688  628.1476  618.0521  612.8906  612.8299  612.6806  612.2934  612.1615  612.1389  612.0538  611.8767  610.7396  609.3472  609.3472

$x
          [,1]     [,2]      [,3]     [,4]     [,5]     [,6]     [,7]     [,8]     [,9]    [,10]
 [1,] 22.97511 276.8779 0.2728837 19.50655 286.1846 36.13521 31.19238 5.440011 9.157700 3.069916
 [2,] 23.11749 228.2570 1.0000000 19.80922 285.9077 38.99948 31.82970 3.218549 8.398365 4.529793
 [3,] 23.11749 228.2570 0.7975000 19.87490 285.9077 38.33960 33.12970 3.200872 8.398365 4.525099
 [4,] 23.60502 350.5521 1.0000000 19.13125 286.3240 43.78905 29.95829 3.371748 4.667707 2.404349
 [5,] 24.41138 274.5533 0.8033067 18.06464 286.3489 42.50401 30.14852 3.439275 7.209576 3.323499
 [6,] 24.41138 274.6314 0.8033067 18.06464 286.3489 42.50401 30.10790 3.439275 7.209576 3.323499
 [7,] 24.15037 287.1731 0.8292452 17.75268 286.3782 43.60218 30.79419 3.465872 6.880266 3.296622
 [8,] 24.15037 287.3294 0.8967452 17.75268 286.3782 43.60218 30.79419 3.465872 6.880266 3.296622
 [9,] 24.23029 274.9300 0.7200235 17.91601 286.3558 43.73182 30.50737 3.456850 6.848918 3.533998
[10,] 24.23029 274.9300 0.6975235 17.91601 286.3558 43.73182 30.34487 3.456850 6.848918 3.533998
[11,] 24.83714 269.1124 0.7537983 17.73431 286.3633 43.81924 30.25642 3.428150 6.827989 3.252176
[12,] 24.83714 269.1124 0.7087983 17.73431 286.3586 43.81924 30.25642 3.428150 6.796727 3.246227
[13,] 24.78858 268.8956 0.7673935 17.73851 286.3635 43.85205 30.27704 3.436274 6.689386 3.412566
[14,] 24.78858 268.8956 0.7673935 17.73851 286.3635 43.85205 30.27704 3.436274 6.692511 3.412566
[15,] 24.67502 268.3804 0.7182784 17.66367 286.3459 43.82402 30.17236 3.432073 7.016652 3.413317
[16,] 24.67502 268.3804 0.7182784 17.66367 286.3459 43.82402 30.21298 3.432073 7.016652 3.413317
[17,] 24.64680 269.1406 0.7102813 17.67016 286.3506 43.76449 30.23960 3.432857 7.015856 3.414352
[18,] 24.66538 268.4229 0.7090964 17.67349 286.3459 43.79720 30.24134 3.432801 7.010255 3.415401
[19,] 24.64215 268.9138 0.7108652 17.67375 286.3506 43.76295 30.23967 3.432631 7.026946 3.414582
[20,] 24.61049 269.5962 0.7084661 17.67042 286.3507 43.77043 30.24185 3.432898 7.017651 3.412772
[21,] 24.58262 270.1602 0.7001436 17.66438 286.3503 43.73911 30.26690 3.433330 7.036472 3.413534
[22,] 24.58262 270.1602 0.7001436 17.66438 286.3503 43.73911 30.26690 3.433330 7.033347 3.413534
[23,] 24.58262 270.1602 0.7001436 17.66438 286.3503 43.73911 30.26690 3.433330 7.033347 3.413534

$time
elapsed elapsed elapsed elapsed elapsed elapsed elapsed elapsed elapsed elapsed elapsed elapsed elapsed elapsed elapsed elapsed elapsed elapsed elapsed elapsed elapsed elapsed elapsed 
   3.06    7.00    9.89   33.25   39.55   44.42   60.55   79.91  136.02  137.83  228.70  231.92  311.27  312.92 1082.63 1084.34 1094.05 1100.06 1102.95 1109.64 1115.55 1117.30 1195.02 

$neval
 [1]   106   260   386  1366  1639  1853  2524  3276  5739  5819  9617  9728 12982 13055 45459 45532 45944 46214 46349 46623 46892 46966 50086

$fbest
[1] 609.3472

$xbest
 [1]  24.5826164 270.1601573   0.7001436  17.6643767 286.3502657  43.7391090  30.2668957   3.4333301   7.0333475   3.4135337

$numeval
[1] 50086

$end_crit
[1] 1

$cpu_time
elapsed 
1195.02 

$Refset
$Refset$x
             [,1]        [,2]       [,3]        [,4]        [,5]        [,6]        [,7]        [,8]        [,9]       [,10]
 [1,]   1.0000000  24.5819600 269.952800   0.7009034  17.6672700 286.3501000  43.7411200  30.2647300   3.4332460   7.0374410
 [2,]   3.4141820   2.0000000  24.589680 269.6916000   0.7031632  17.6690800 286.3517000  43.7444900  30.2633300   3.4338160
 [3,]   7.0380020   3.4144290   3.000000  24.6576200 268.6454000   0.7124464  17.6657700 286.3473000  43.8022200  30.2489000
 [4,]   3.4321150   7.0172680   3.414520   4.0000000  24.6867400 267.5378000   0.7103419  17.6791700 286.3508000  43.7531600
 [5,]  30.2606600   3.4334030   7.036230   3.4117950   5.0000000  24.5890200 269.8858000   0.7023393  17.6662200 286.3461000
 [6,]  43.7480000  30.2548700   3.433196   7.0363620   3.4164000   6.0000000  24.6573000 268.6888000   0.7122991  17.6636700
 [7,] 286.3461000  43.7026000  30.239730   3.4704610   7.0176610   3.4155970   7.0000000  24.5927800 268.5683000   0.7064161
 [8,]  17.6605300 286.3479000  43.804890  30.2554300   3.4337990   7.0164070   3.4202700   8.0000000  24.2083000 268.3657000
 [9,]   0.7455261  17.4144900 286.305300  41.9649000  30.7608500   3.5326880   7.7366630   3.4757460   9.0000000  24.6885700
[10,] 267.3919000   0.7091571  17.708130 286.3568000  43.7719500  30.3163500   3.4329420   6.9885860   3.3789540  24.7159600
[11,] 216.5445000   0.2380112  20.994540 286.2020000  40.3906000  30.4336900   5.7572880   6.2005970   3.7473900  24.8152100
[12,] 284.9081000   0.7200309  18.460960 286.3115000  40.9504500  30.9111600   3.2046560   7.0466340   3.4203960  26.0142700

$Refset$f
 [1] 609.3958 609.3958 612.1389 612.2448 612.1736 648.6128 623.8750 776.3090 641.3819 912.5799 758.5990 750.1788

$Refset$fpen
 [1] 609.3958 609.3958 612.1389 612.2448 612.1736 648.6128 623.8750 776.3090 641.3819 912.5799 758.5990 750.1788

$Refset$const
 [1] 10.629825 28.962560 18.332730  1.545742  2.675043 10.631075 28.962000 18.330920  1.545577  2.675317 10.648506 28.982730 18.334230  1.546194  2.670103 10.642939 28.963770 18.320830  1.545697  2.674417 10.629861 28.963640 18.333780
[24]  1.546234  2.672650 10.646008 28.982340 18.336330  1.546189  2.673788 10.644123 28.983590 18.339470  1.546122  2.670609  9.677823 28.263340 18.585510  1.546251  2.787228 10.719544 29.011410 18.291870  1.544918  2.679416 14.793944
[47] 29.799400 15.005460  1.556069  2.817906 11.414322 28.953370 17.539040  1.542576  2.861352 11.235681 28.961590 17.725910  1.544735  2.740836

$Refset$penalty
 [1] 0 0 0 0 0 0 0 0 0 0 0 0


