$f
 [1] 24948.4618  1007.2205   750.4271   729.6493   724.4670   714.4792   713.2257   705.1441   701.3455   692.4462   685.5469   673.1927   667.3542   663.9896   662.5729   661.8003   656.4184   655.5451   655.2778   654.7622   653.9618
[22]   653.9080   653.6024   651.6719   649.1580   648.8056   648.7587   648.5903   645.6962   645.2396   644.5625   644.4201   644.2604   643.9965   642.9132   642.8108   642.3628   642.0035   641.9931   641.6719   641.6719

$x
          [,1]     [,2]      [,3]     [,4]     [,5]     [,6]     [,7]     [,8]      [,9]    [,10]
 [1,] 24.79000 337.0400 0.2529000 17.72000 285.5400 45.67000 29.49000 2.970000  2.000000 2.690000
 [2,] 20.14609 144.0022 0.1156433 17.94791 286.4656 34.65675 24.00000 8.932388 10.000000 5.000000
 [3,] 20.84448 144.0022 0.1467674 17.94791 286.4656 31.48194 24.00000 8.907193 10.000000 5.000000
 [4,] 20.68260 143.9139 0.1263749 17.79897 286.5002 31.72186 24.00236 8.909903  9.969350 4.999419
 [5,] 20.59587 143.9249 0.1244657 17.77229 286.4895 31.83059 24.00340 8.910645  9.966869 4.999419
 [6,] 20.69389 143.9187 0.1329979 17.73569 286.4584 31.78308 24.00069 8.905194  9.996767 4.999619
 [7,] 20.71996 143.9185 0.1348567 17.82070 286.4631 31.72639 24.00322 8.890946  9.983753 4.999922
 [8,] 20.69490 143.9186 0.1339899 17.76091 286.4584 31.77994 24.00236 8.895912  9.992529 4.999708
 [9,] 20.68839 143.9187 0.1342739 17.73394 286.4574 31.78289 24.00196 8.899154  9.991538 4.999656
[10,] 20.68839 143.9187 0.1342739 17.73394 286.4761 31.78289 24.00196 8.899154  9.975000 4.999656
[11,] 20.43889 189.4681 0.1286211 19.79934 286.5943 37.98133 24.05671 5.589778  4.991014 3.407761
[12,] 20.43889 189.4681 0.1286211 19.98684 286.5943 37.98133 24.05671 5.589778  4.991014 3.407761
[13,] 20.33337 199.1483 0.1027967 22.54691 286.6360 38.37510 24.00040 5.448500  2.000000 1.200000
[14,] 20.33337 198.9921 0.1000000 22.55277 286.6360 38.37510 24.16290 5.448500  2.000000 1.200000
[15,] 20.11910 161.0459 0.1217880 20.57209 286.5216 36.41777 24.02730 6.066358  6.629158 3.509314
[16,] 20.11910 161.0459 0.1217880 20.57209 286.5216 36.41777 24.06793 6.066358  6.629158 3.506346
[17,] 20.11869 161.8223 0.1239423 20.54668 286.5217 36.41795 24.02528 6.066739  6.640698 3.517987
[18,] 20.11449 161.7666 0.1248503 20.54555 286.5216 36.41787 24.02786 6.066612  6.638491 3.518626
[19,] 20.10536 162.1481 0.1252361 20.54043 286.5216 36.41703 24.02725 6.066079  6.631874 3.517528
[20,] 20.10139 162.2479 0.1254631 20.54205 286.5216 36.41666 24.02719 6.065905  6.632148 3.516886
[21,] 20.11666 161.9191 0.1254676 20.54566 286.5215 36.41740 24.02116 6.066195  6.635418 3.517659
[22,] 20.11914 161.8934 0.1256102 20.54558 286.5214 36.41735 24.01735 6.066474  6.635121 3.518867
[23,] 20.12124 161.7629 0.1252716 20.55766 286.5208 36.41507 24.00907 6.066335  6.633605 3.521635
[24,] 20.13218 154.2864 0.1252420 20.46324 286.5220 36.41125 24.01839 6.062303  7.107123 3.525445
[25,] 20.13266 149.4019 0.1252914 20.39116 286.5222 36.40398 24.01637 6.060565  7.468559 3.527360
[26,] 20.13266 149.4019 0.1252695 20.39116 286.5222 36.40398 24.01637 6.060565  7.468559 3.527360
[27,] 20.13492 147.6830 0.1255746 20.55537 286.5216 36.41194 24.00691 6.063945  7.418070 3.525714
[28,] 20.13492 147.6830 0.1255746 20.55537 286.5216 36.41194 24.00691 6.063945  7.421195 3.525714
[29,] 20.13425 142.8106 0.1254884 20.55377 286.5214 36.41453 24.00137 6.062701  7.710451 3.520847
[30,] 20.13250 143.7543 0.1256730 20.54854 286.5214 36.41102 24.00920 6.065381  7.667371 3.526934
[31,] 20.14047 141.5774 0.1255973 20.55410 286.5212 36.41485 24.04096 6.065968  7.771396 3.522475
[32,] 20.13976 142.1761 0.1255653 20.55418 286.5211 36.41538 24.06323 6.066572  7.728703 3.523212
[33,] 20.13800 142.2348 0.1255227 20.55380 286.5211 36.41512 24.01198 6.065619  7.730064 3.522026
[34,] 20.13748 142.2390 0.1255309 20.55361 286.5212 36.41517 24.00661 6.065107  7.729855 3.522338
[35,] 20.13856 141.4563 0.1275186 20.55808 286.5213 36.41413 24.01704 6.066426  7.773433 3.521161
[36,] 20.13791 141.4469 0.1281055 20.55870 286.5213 36.41414 24.01238 6.066450  7.774829 3.520457
[37,] 20.13799 141.4490 0.1282971 20.55826 286.5213 36.41411 24.01072 6.066648  7.776590 3.520942
[38,] 20.13782 141.4292 0.1280473 20.55418 286.5214 36.41424 24.01273 6.065607  7.782892 3.524725
[39,] 20.13860 141.5750 0.1284101 20.55457 286.5215 36.41807 24.01697 6.065268  7.773181 3.524160
[40,] 20.14153 140.7537 0.1281833 20.56703 286.5209 36.40896 24.01346 6.065237  7.815773 3.539730
[41,] 20.14153 140.7537 0.1281833 20.56703 286.5209 36.40896 24.01346 6.065237  7.815773 3.539730

$time
elapsed elapsed elapsed elapsed elapsed elapsed elapsed elapsed elapsed elapsed elapsed elapsed elapsed elapsed elapsed elapsed elapsed elapsed elapsed elapsed elapsed elapsed elapsed elapsed elapsed elapsed elapsed elapsed elapsed elapsed 
   2.85    6.69    9.18   21.96   28.27   30.99   33.79   36.43   39.16   40.80   60.74   71.27  142.85  145.36  250.38  252.22  266.96  294.11  300.32  303.11  336.27  360.71  366.71  446.00  473.44  477.74  511.11  512.57  520.77  560.04 
elapsed elapsed elapsed elapsed elapsed elapsed elapsed elapsed elapsed elapsed elapsed 
 565.57  578.86  584.36  587.05  593.11  596.50  605.99  609.43  617.88  952.75 1061.68 

$neval
 [1]   106   273   398   994  1278  1418  1559  1694  1831  1915  2851  3326  6574  6663 11565 11649 12323 13607 13875 14009 15587 16757 17029 20810 22110 22320 23820 23893 24298 26140 26408 27031 27305 27441 27713 27850 28334 28474 28895
[40] 44964 50101

$fbest
[1] 641.6719

$xbest
 [1]  20.1415269 140.7537354   0.1281833  20.5670318 286.5208941  36.4089622  24.0134602   6.0652367   7.8157733   3.5397302

$numeval
[1] 50101

$end_crit
[1] 1

$cpu_time
elapsed 
1061.68 

$Refset
$Refset$x
             [,1]        [,2]       [,3]        [,4]        [,5]        [,6]        [,7]        [,8]        [,9]       [,10]
 [1,]   1.0000000  20.1295100 141.470400   0.1283911  20.5548100 286.5227000  36.4036600  24.0167600   6.0651960   7.7853010
 [2,]   3.5306970   2.0000000  20.136640 141.1037000   0.1281771  20.6050700 286.5234000  36.4078300  24.0208100   6.0652640
 [3,]   7.7657990   3.5244390   3.000000  20.1350900 141.4378000   0.1280995  20.5548600 286.5220000  36.4090200  24.0195500
 [4,]   6.0649580   7.7846430   3.531835   4.0000000  20.1313000 141.4480000   0.1284545  20.5548900 286.5232000  36.4037500
 [5,]  24.0198100   6.0651320   7.785116   3.5302880   5.0000000  20.1544400 141.8879000   0.1280194  20.5159800 286.5208000
 [6,]  36.3801400  24.0136700   6.063598   7.7800390   3.5247830   6.0000000  20.1331800 141.3736000   0.1283126  20.5588800
 [7,] 286.5226000  36.3990200  24.015360   6.0633470   7.7891810   3.5279550   7.0000000  20.1291000 141.5723000   0.1280015
 [8,]  20.5457200 286.5233000  36.407690  24.0227700   6.0720980   7.7636100   3.5355080   8.0000000  20.1919900 140.4643000
 [9,]   0.1267395  20.5944000 286.518000  36.4069700  24.0189100   6.0679250   7.7740350   3.5497670   9.0000000  20.1617400
[10,] 141.8369000   0.1321507  20.553150 286.5220000  36.4007600  24.0181900   6.0641880   7.7835300   3.5277710  20.1337000
[11,] 141.3630000   0.1286953  20.542550 286.5227000  36.4162000  24.0182200   6.0653270   7.7836100   3.5185380  20.2053400
[12,] 140.7161000   0.1249141  20.657090 286.5213000  36.5280400  24.0098800   5.6399590   7.6326600   3.5530720  20.5622200

$Refset$f
 [1] 642.0035 642.0035 642.0035 642.0035 642.3924 642.0035 644.7552 645.8872 646.4861 643.9861 704.5521 702.8160

$Refset$fpen
 [1] 642.0035 642.0035 642.0035 642.0035 642.3924 642.0035 644.7552 645.8872 646.4861 643.9861 704.5521 702.8160

$Refset$const
 [1] 12.769510 28.214700 15.445190  1.529948  2.640392 12.839270 28.234200 15.394930  1.529864  2.640761 12.770220 28.215360 15.445140  1.530025  2.640087 12.769780 28.214880 15.445110  1.529887  2.640805 12.735940 28.219960 15.484020
[24]  1.530115  2.640721 12.769700 28.210820 15.441120  1.529953  2.640494 12.782110 28.236390 15.454280  1.529872  2.640879 12.820360 28.225970 15.405600  1.530453  2.638727 12.769630 28.216470 15.446850  1.530013  2.640414 12.758940
[47] 28.216390 15.457450  1.529968  2.639844 13.024430 28.367340 15.342910  1.530348  2.632820 11.969030 28.036050 16.067020  1.527054  2.644315

$Refset$penalty
 [1] 0 0 0 0 0 0 0 0 0 0 0 0


