$f
 [1] 41311.389  5908.870  1544.278  1517.198  1395.863  1387.052  1352.967  1236.622  1208.854  1207.748  1204.036  1203.972  1203.675  1203.109  1202.944  1202.771  1202.628  1202.049  1200.578  1198.312  1180.319  1178.648  1178.375
[24]  1177.729  1176.755  1176.460  1176.224  1176.165  1175.719  1175.536  1175.375  1175.217  1174.243  1173.344  1170.160  1170.047  1169.012  1168.882  1168.507  1168.460  1168.403  1168.319  1168.302  1168.200  1168.200

$x
          [,1]     [,2]      [,3]     [,4]     [,5]     [,6]     [,7]     [,8]     [,9]    [,10]
 [1,] 24.79000 337.0400 0.2529000 17.72000 285.5400 45.67000 29.49000 2.970000 2.000000 2.690000
 [2,] 20.00000 247.4992 0.1971951 15.00000 284.9872 45.87174 24.51592 2.143983 2.000000 1.486748
 [3,] 20.00000 100.6442 0.2821743 21.00000 286.4097 48.00000 24.51592 2.225318 3.699051 4.969399
 [4,] 20.00000 100.0000 0.9683517 25.44293 286.6788 37.13047 24.33848 6.162563 5.892154 3.449314
 [5,] 20.16237 100.0000 0.7855157 20.99008 286.5746 35.10404 24.28944 6.371498 7.941401 3.210916
 [6,] 20.16237 100.0000 0.8080157 21.74008 286.5733 35.10404 24.28944 6.371498 7.891401 3.258416
 [7,] 20.03472 107.2811 0.5713521 22.34193 286.5796 36.77940 24.25393 6.310199 5.769034 2.665567
 [8,] 20.00600 107.6671 0.5449962 22.35756 286.5694 36.81273 24.25351 6.327328 5.765760 2.692437
 [9,] 20.00000 107.6671 0.6349962 22.35756 286.5694 36.81273 24.25351 6.327328 5.765760 2.692437
[10,] 20.08929 107.9713 0.5100445 22.38435 286.5792 36.80024 24.23346 6.348102 5.895521 2.603089
[11,] 20.08929 107.9713 0.5325445 22.38435 286.5792 36.80024 24.23346 6.348102 5.895521 2.603089
[12,] 20.08339 108.1659 0.5154702 22.36970 286.5797 36.80491 24.21058 6.347091 5.894039 2.607841
[13,] 20.06784 108.0522 0.5328427 22.36520 286.5708 36.84540 24.23267 6.347951 5.945619 2.604409
[14,] 20.05807 108.1984 0.5331321 22.35457 286.5689 36.84599 24.22250 6.348033 5.953117 2.605453
[15,] 20.05739 108.2027 0.5331193 22.35411 286.5689 36.84662 24.22250 6.348184 5.955590 2.605421
[16,] 20.01519 108.2060 0.5656435 22.33038 286.5696 36.85904 24.21201 6.348758 6.023626 2.604686
[17,] 20.01618 108.2303 0.5415882 22.32669 286.5670 36.85638 24.21493 6.349730 5.982560 2.604292
[18,] 20.00816 108.2608 0.5808265 22.28873 286.5679 36.85818 24.21158 6.349167 6.065380 2.604282
[19,] 20.00000 108.2664 0.6358819 22.25933 286.5652 36.86562 24.20660 6.349861 6.072890 2.604904
[20,] 20.00000 108.2500 0.6636029 22.24663 286.5650 36.94381 24.20986 6.351450 6.108801 2.600619
[21,] 20.00000 108.1725 0.8059943 22.21591 286.5563 36.98354 24.22044 6.355260 6.174641 2.591524
[22,] 20.00000 108.1725 0.8059943 22.21591 286.5563 36.98354 24.26106 6.355260 6.174641 2.600430
[23,] 20.00562 108.2435 0.8038762 22.17659 286.5441 36.96871 24.22342 6.352473 6.202494 2.613241
[24,] 20.00074 108.2267 0.8205433 22.18104 286.5538 36.98821 24.22305 6.352288 6.212627 2.617493
[25,] 20.00513 108.2481 0.8215127 22.14590 286.5620 37.00636 24.22110 6.352563 6.205904 2.613946
[26,] 20.00152 108.2076 0.7907500 22.11193 286.5572 36.99953 24.22231 6.352389 6.236104 2.616700
[27,] 20.00323 108.2332 0.8714629 22.18789 286.5586 37.00647 24.20931 6.352112 6.214415 2.608339
[28,] 20.00217 108.2307 0.8464584 22.17337 286.5591 37.00632 24.21077 6.352544 6.213897 2.616382
[29,] 20.00227 108.2303 0.8302511 22.16013 286.5517 36.99416 24.21911 6.352156 6.211861 2.616295
[30,] 20.00280 108.2239 0.8426193 22.15541 286.5604 37.00521 24.21151 6.352352 6.214880 2.616760
[31,] 20.00293 108.2248 0.8417294 22.15623 286.5606 37.00677 24.21370 6.352447 6.214274 2.617062
[32,] 20.00286 108.2263 0.8477209 22.15779 286.5600 37.00629 24.21041 6.352483 6.214217 2.616779
[33,] 20.00296 108.3933 0.9094593 22.09899 286.5428 36.92235 24.23502 6.349097 6.283863 2.623667
[34,] 20.00296 108.3933 0.9094593 22.09899 286.5428 36.92235 24.23502 6.349097 6.286988 2.623667
[35,] 20.00307 108.4206 0.9120396 21.91980 286.5426 36.88811 24.22468 6.347987 6.398902 2.622071
[36,] 20.00028 108.4208 0.9252037 21.79877 286.5425 36.88813 24.23221 6.348228 6.491685 2.625408
[37,] 20.00000 108.4182 0.9356927 21.70859 286.5419 36.87691 24.23253 6.348337 6.587456 2.625528
[38,] 20.00000 108.4182 0.9581927 21.70859 286.5419 36.87691 24.23253 6.348337 6.587456 2.625528
[39,] 20.00685 108.4571 0.9765548 21.94267 286.5425 36.88025 24.23158 6.347841 6.392266 2.627307
[40,] 20.00685 108.4376 0.9765548 21.94267 286.5425 36.88025 24.23158 6.347841 6.392266 2.627307
[41,] 20.01023 108.4868 0.9829786 21.93599 286.5394 36.86236 24.22857 6.347209 6.394076 2.625931
[42,] 20.00751 108.4257 0.9755678 21.94135 286.5431 36.88260 24.23410 6.347795 6.393457 2.627343
[43,] 20.00753 108.4307 0.9761249 21.94139 286.5427 36.88263 24.23411 6.347797 6.392741 2.627101
[44,] 20.00753 108.4307 0.9761249 21.94139 286.5427 36.88263 24.23411 6.347797 6.392741 2.626359
[45,] 20.00753 108.4307 0.9761249 21.94139 286.5427 36.88263 24.23411 6.347797 6.392741 2.626359

$time
elapsed elapsed elapsed elapsed elapsed elapsed elapsed elapsed elapsed elapsed elapsed elapsed elapsed elapsed elapsed elapsed elapsed elapsed elapsed elapsed elapsed elapsed elapsed elapsed elapsed elapsed elapsed elapsed elapsed elapsed 
   2.25    7.19   12.19   38.55   44.70   52.81   70.22   80.31   88.05  146.66  149.09  212.89  244.16  265.20  281.78  298.80  301.75  304.70  307.55  310.39  313.36  321.94  341.28  347.48  350.67  356.98  366.97  370.56  383.33  391.09 
elapsed elapsed elapsed elapsed elapsed elapsed elapsed elapsed elapsed elapsed elapsed elapsed elapsed elapsed elapsed 
 399.72  406.59  499.44  500.97  507.16  523.42  526.59  535.23  603.63  605.23  658.20  675.45  694.27  696.23 1203.88 

$neval
 [1]   106   275   441  1311  1588  1956  2631  3040  3392  5445  5518  7830  8973  9845 10393 11150 11287 11425 11565 11701 11841 12212 13046 13328 13467 13607 13948 14082 14623 14892 15237 15512 19417 19490 19769 20448 20585 20934 23790
[40] 23864 26323 27068 27744 27818 50077

$fbest
[1] 1168.2

$xbest
 [1]  20.0075327 108.4307281   0.9761249  21.9413878 286.5427432  36.8826329  24.2341060   6.3477972   6.3927411   2.6263593

$numeval
[1] 50077

$end_crit
[1] 1

$cpu_time
elapsed 
1203.88 

$Refset
$Refset$x
             [,1]        [,2]       [,3]        [,4]        [,5]        [,6]        [,7]        [,8]        [,9]       [,10]
 [1,]   1.0000000  20.0074100 108.431000   0.9758802  21.9391200 286.5422000  36.8826100  24.2328400   6.3476560   6.3939090
 [2,]   2.6247440   2.0000000  20.007460 108.3990000   0.9747847  21.9370400 286.5411000  36.8814400  24.2334000   6.3476580
 [3,]   6.3961400   2.6247010   3.000000  20.0074600 108.2715000   0.9760584  21.9409400 286.5424000  36.8830600  24.2336500
 [4,]   6.3478000   6.4070850   2.628240   4.0000000  20.0076500 108.4165000   0.9758515  21.9379100 286.5414000  36.8774300
 [5,]  24.2344000   6.3476380   6.395379   2.6225170   5.0000000  20.0073200 108.4298000   0.9775613  21.9388400 286.5418000
 [6,]  36.8812400  24.2327900   6.347696   6.3940110   2.6211500   6.0000000  20.0073900 108.4086000   0.9765181  21.9400000
 [7,] 286.5421000  36.8803900  24.233270   6.3476930   6.3953770   2.6253370   7.0000000  20.0073600 108.3321000   0.9751261
 [8,]  21.9404000 286.5422000  36.883950  24.2339800   6.3477580   6.4289430   2.6271590   8.0000000  20.0076500 108.4754000
 [9,]   0.9753711  21.9388900 286.542200  36.8830900  24.2324400   6.3481210   6.4194090   2.6275120   9.0000000  20.0072300
[10,] 108.2932000   0.9759283  21.938940 286.5421000  36.8858500  24.2338300   6.3518520   6.4096390   2.6152720  20.0073300
[11,] 108.4362000   0.9760676  21.939630 286.5421000  36.8833800  24.2328400   6.3479620   6.3928720   2.6249000  20.0111400
[12,] 108.2841000   0.9762266  21.916220 286.5416000  36.8830900  24.2353900   6.3479660   6.4110140   2.6210890  20.0051400

$Refset$f
 [1] 1168.200 1168.302 1168.349 1168.387 1168.387 1168.387 1169.658 1169.658 1169.806 1168.349 1169.010 1575.156

$Refset$fpen
 [1] 1168.200 1168.302 1168.349 1168.387 1168.387 1168.387 1169.658 1169.658 1169.806 1168.349 1169.010 1575.156

$Refset$const
 [1] 15.545210 29.606090 14.060880  1.528111  2.639521 15.540900 29.603860 14.062960  1.528222  2.639242 15.533850 29.592910 14.059060  1.528079  2.639663 15.542530 29.604620 14.062090  1.528185  2.639620 15.544830 29.605990 14.061160
[24]  1.528143  2.639472 15.544620 29.604620 14.060000  1.528114  2.639641 15.511460 29.571060 14.059600  1.528106  2.639554 15.519490 29.580590 14.061110  1.528111  2.639471 15.529300 29.590360 14.061060  1.528119  2.639414 15.546760
[47] 29.607130 14.060370  1.528124  2.639441 15.505210 29.588990 14.083780  1.528170  2.639479 13.702120 28.466550 14.764420  1.524737  2.770059

$Refset$penalty
 [1] 0 0 0 0 0 0 0 0 0 0 0 0


