$f
 [1] 9296.8663 2101.7309 1033.7257  893.9323  891.7413  878.9913  870.9028  849.8767  836.5503  824.3646  796.5990  780.6927  767.1545  712.9149  596.3472  595.0382  496.0972  472.3212

$x
          [,1]     [,2]      [,3]     [,4]     [,5]     [,6]     [,7]     [,8]     [,9]    [,10]
 [1,] 24.79000 337.0400 0.2529000 17.72000 285.5400 45.67000 29.49000 2.970000 2.000000 2.690000
 [2,] 20.00746 109.2587 0.4356685 30.00000 285.8526 44.51118 26.32740 6.946777 2.000000 3.446233
 [3,] 20.00000 143.7937 0.4399004 29.00345 285.8373 44.31118 25.97623 7.190061 2.104688 3.243502
 [4,] 20.69766 369.4809 0.1000000 18.54904 286.8307 48.00000 24.00000 2.000000 2.000000 1.200000
 [5,] 20.75285 368.3912 0.1007756 18.37917 286.8267 48.00000 24.00000 2.035326 2.025218 1.200000
 [6,] 20.78329 365.6956 0.1000000 18.08720 286.8086 48.00000 24.00000 2.033726 2.060888 1.200000
 [7,] 20.00000 300.5560 0.2088360 20.43473 286.5124 42.82854 24.41846 4.079093 4.810082 1.504311
 [8,] 20.00000 300.5560 0.3002423 20.43473 286.5124 42.82854 24.41846 4.129093 4.760082 1.504311
 [9,] 20.66192 340.4091 0.1061120 20.10582 286.8193 44.63489 24.00000 3.259945 2.358285 1.419463
[10,] 20.05312 276.1245 0.1892314 21.22344 286.5699 43.17553 24.22592 4.612437 4.427593 1.332782
[11,] 20.00046 287.5064 0.1951760 20.64992 286.5210 42.81562 24.31712 4.245128 4.528594 1.430376
[12,] 20.02571 274.8222 0.1903304 21.30167 286.5200 42.88674 24.26819 4.351709 4.480790 1.278679
[13,] 20.00000 274.8222 0.1854085 21.29874 286.5200 42.88674 24.12601 4.351709 4.474540 1.290554
[14,] 20.01452 203.9900 0.2295367 21.59186 286.4774 44.77604 24.09828 7.648094 3.252843 1.948095
[15,] 20.00000 203.9900 0.1367242 21.59186 286.4868 44.77604 24.74828 7.648094 3.443468 1.942157
[16,] 20.30992 226.3317 0.1238200 21.40607 286.6572 45.05544 24.00000 7.824480 2.870442 1.773164
[17,] 20.00000 226.3317 0.1000000 21.40900 286.6572 45.05544 24.00064 7.824872 3.061048 1.773164
[18,] 20.00000 226.3317 0.1000000 21.40900 286.7126 45.05544 24.00064 7.824872 3.061048 1.779008

$time
elapsed elapsed elapsed elapsed elapsed elapsed elapsed elapsed elapsed elapsed elapsed elapsed elapsed elapsed elapsed elapsed elapsed elapsed 
   2.10    5.78   11.53   25.27   34.44   37.61   44.50   46.39   49.33   62.53   65.61   71.75   80.74  115.19  117.68  193.77  196.39 1207.68 

$neval
 [1]   106   261   532  1110  1524  1661  1938  2030  2169  2709  2846  3119  3506  4979  5094  8627  8746 50037

$fbest
[1] 472.3212

$xbest
 [1]  20.000000 226.331673   0.100000  21.409000 286.712601  45.055437  24.000636   7.824872   3.061048   1.779008

$numeval
[1] 50037

$end_crit
[1] 1

$cpu_time
elapsed 
1207.68 

$Refset
$Refset$x
            [,1]        [,2]       [,3]        [,4]        [,5]        [,6]        [,7]       [,8]        [,9]       [,10]
 [1,]   1.000000  20.3127500 217.682700   0.1237595  19.7409300 286.5174000  44.9460800  24.402960   7.6770930   3.9749100
 [2,]   1.899322   2.0000000  25.849930 488.7115000   0.4363487  22.5528200 285.2754000  25.559250  33.9875000   5.4891870
 [3,]   2.497042   2.6048250   3.000000  20.3143700 217.6419000   0.1238253  19.7415900 286.516400  44.9460700  24.3856800
 [4,]   7.677121   3.9670890   1.899556   4.0000000  20.3128500 217.6530000   0.1238722  19.735770 286.5163000  44.9462400
 [5,]  24.384650   7.6771290   3.971884   1.8995800   5.0000000  20.3119900 217.6361000   0.123861  19.7359300 286.5162000
 [6,]  44.947180  24.3843600   7.677246   3.9726580   1.8995970   6.0000000  20.3130500 217.644100   0.1238305  19.7357900
 [7,] 286.516000  44.9460900  24.384320   7.6772310   3.9718420   1.8995020   7.0000000  20.311700 217.6895000   0.1238723
 [8,]  19.741210 286.5161000  44.946900  24.3896900   7.6771420   3.9662820   1.8995650   8.000000  20.3123100 217.6565000
 [9,]   0.123848  19.7388600 286.516200  44.9457500  24.3944600   7.6771150   3.9707130   1.899659   9.0000000  20.3116500
[10,] 217.676400   0.1238706  19.738480 286.5160000  44.9472900  24.3833400   7.6772420   3.968423   1.8996180  20.3050500
[11,] 215.554600   0.1240054  19.865020 286.5161000  44.9452800  24.3901100   7.6770720   3.978260   1.8995640  20.5287200
[12,] 220.257400   0.1239413  19.713700 286.5170000  44.9455600  24.3934400   7.6765630   4.037748   1.8998670  21.6702300

$Refset$f
 [1]    509.5868 121709.0573    511.6181    511.6181    511.6181    511.6181    511.6181    511.6181    511.6181    512.5590    517.3611    704.1302

$Refset$fpen
 [1]     509.5868 5118465.2806     511.6181     511.6181     511.6181     511.6181     511.6181     511.6181     511.6181     512.5590     517.3611     704.1302

$Refset$const
 [1] 15.766020 32.025090 16.259070  1.537349  2.328410 20.055780 33.502960 13.447180  1.465718  8.496756 15.774500 32.032910 16.258410  1.537448  2.327150 15.763890 32.028120 16.264230  1.537455  2.327064 15.763270 32.027340 16.264070
[24]  1.537466  2.326984 15.763950 32.028160 16.264210  1.537481  2.326960 15.774930 32.033720 16.258790  1.537468  2.327268 15.768150 32.029290 16.261140  1.537457  2.327592 15.770050 32.031580 16.261520  1.537478  2.326882 15.886760
[47] 32.021740 16.134980  1.537467  2.327339 15.675950 31.962250 16.286300  1.537389  2.327781 17.082660 32.508580 15.425920  1.530406  2.387373

$Refset$penalty
 [1] 0.000000 4.996756 0.000000 0.000000 0.000000 0.000000 0.000000 0.000000 0.000000 0.000000 0.000000 0.000000


