$f
 [1] 21201.82292  2672.74653   257.24826   216.28646   135.52604   124.15104   118.67014   118.50347   110.82639   104.02604    80.62674    78.89410    67.60937    64.94618    64.44965    57.60937    56.29514    55.50347    49.42014
[20]    49.42014

$x
          [,1]     [,2]      [,3]     [,4]     [,5]     [,6]     [,7]     [,8]      [,9]    [,10]
 [1,] 24.79000 337.0400 0.2529000 17.72000 285.5400 45.67000 29.49000 2.970000  2.000000 2.690000
 [2,] 20.27600 261.0099 0.3395659 21.02582 286.6604 45.37076 26.90691 3.288323  2.150241 1.791557
 [3,] 20.00000 181.0301 0.1000000 21.03754 286.9206 47.97423 24.00000 3.282073  3.850241 1.779682
 [4,] 20.08830 148.0272 0.1158192 15.00000 286.8714 45.40107 25.00919 3.007375 10.000000 1.942240
 [5,] 20.11014 135.0932 0.1145413 16.17106 286.8511 45.49116 24.96326 2.894678 10.000000 2.164111
 [6,] 20.13921 148.1985 0.1015518 18.64768 286.7512 46.23268 26.65153 3.005357  7.422298 2.333960
 [7,] 20.50583 114.1461 0.1062543 18.51237 286.7942 45.85038 25.18528 2.968995  9.900088 2.646540
 [8,] 20.62566 111.7970 0.1051169 18.51109 286.7918 45.84486 24.71771 2.968940  9.971380 2.718457
 [9,] 20.07490 142.4471 0.1037729 19.35344 286.7583 46.21616 26.22652 2.960508  7.419829 2.281795
[10,] 20.00000 142.4471 0.1000000 19.34172 286.7583 46.19116 26.22652 2.960508  7.422954 2.268436
[11,] 20.09154 158.3025 0.1014892 18.86207 286.7541 45.42504 26.28053 3.032606  6.940668 2.729999
[12,] 20.09137 157.3400 0.1000000 18.89619 286.7556 45.43851 26.42391 3.016503  7.042050 2.802361
[13,] 20.09137 157.3400 0.1000000 18.89619 286.7290 45.43851 26.42391 3.016503  7.017050 2.743106
[14,] 20.07176 141.8694 0.1034019 18.73534 286.7527 45.55716 26.53088 3.077855  8.052677 2.394459
[15,] 20.07176 141.8694 0.1034019 18.73534 286.7527 45.55716 26.53088 3.077855  8.046427 2.394459
[16,] 20.01075 138.2052 0.1011532 18.62775 286.7557 45.76309 26.48816 2.321390  8.212019 1.784472
[17,] 20.01643 137.9876 0.1010825 18.68910 286.7557 45.76503 26.48548 2.319666  8.207374 1.776973
[18,] 20.00973 138.3517 0.1019474 18.61638 286.7558 45.71668 26.47345 2.332809  8.213137 1.757837
[19,] 20.01659 135.9606 0.1006536 18.69409 286.7560 45.86231 26.40232 2.362333  8.243569 1.464554
[20,] 20.01659 135.9606 0.1006536 18.69409 286.7560 45.86231 26.40232 2.362333  8.243569 1.464554

$time
elapsed elapsed elapsed elapsed elapsed elapsed elapsed elapsed elapsed elapsed elapsed elapsed elapsed elapsed elapsed elapsed elapsed elapsed elapsed elapsed 
   1.96    5.83    9.16   18.74   21.46   24.22   26.97   32.36   38.60   40.72   51.61   62.49   70.94  144.86  146.99  152.49  157.97  160.66  169.49  169.49 

$neval
 [1]  106  271  435  870 1011 1153 1297 1573 1854 1962 2508 3050 3435 6996 7070 7344 7618 7754 8160 8160

$fbest
[1] 49.42014

$xbest
 [1]  20.0165855 135.9606414   0.1006536  18.6940900 286.7559864  45.8623088  26.4023233   2.3623331   8.2435691   1.4645538

$numeval
[1] 8160

$end_crit
[1] 3

$cpu_time
elapsed 
 169.49 

$Refset
$Refset$x
             [,1]       [,2]        [,3]        [,4]        [,5]        [,6]        [,7]        [,8]       [,9]      [,10]
 [1,]   1.0000000 20.0097300 138.3516523   0.1019474  18.6163810 286.7557820  45.7166800  26.4734519   2.332809   8.213137
 [2,]   1.7578370  2.0000000  20.0164300 137.9875982   0.1010825  18.6891030 286.7556750  45.7650300  26.485483   2.319666
 [3,]   8.2073740  1.7769730   3.0000000  20.0729500 144.2671901   0.1019465  18.9430060 286.7545230  44.448890  26.387288
 [4,]   2.3337960  8.0952250   1.7625120   4.0000000  20.0635900 141.2137668   0.1038239  18.7795160 286.746621  45.564290
 [5,]  26.5235070  3.0787080   8.0582710   2.4026150   5.0000000  20.0695700 141.6947780   0.1037221  18.751380 286.749498
 [6,]  45.5589900 26.5317132   3.0779610   8.0554960   2.3981750   6.0000000  20.0717600   0.1034019 286.752683  26.530879
 [7,]   8.0464270 20.0717600   0.1034019 286.7526830  26.5308790   8.0464270   7.0000000 141.8693800  18.735338  45.557164
 [8,]   3.0778550  2.3944590 141.8693800  18.7353378  45.5571640   3.0778550   2.3944590   8.0000000  20.061840 138.650891
 [9,]   0.1041296 18.8429680 286.7247110  45.5561200  26.3331263   3.0754390   8.1017840   2.4025590   9.000000  20.014270
[10,] 138.4387715  0.1011325  18.6198340 286.7581980  45.7190400  26.4687717   2.3042240   8.2869990   1.761732  20.075580
[11,] 139.9738096  0.1057972  18.7323580 286.7823850  45.5478200  26.4897136   3.0760660   8.1324290   2.404456  20.016590
[12,] 135.9606414  0.1006536  18.6940900 286.7559860  45.8623100  26.4023233   2.3623330   8.2435690   1.464554  20.071130

$Refset$f
 [1] 55.50347 56.29514 63.29167 63.96528 64.30556 64.44965 64.44965 66.89757 64.53299 71.06424 49.42014 63.96528

$Refset$fpen
 [1] 55.50347 56.29514 63.29167 63.96528 64.30556 64.44965 64.44965 66.89757 64.53299 71.06424 49.42014 63.96528

$Refset$const
 [1] 10.403240 27.786860 17.383619  1.513280  2.500028 10.481730 27.792630 17.310897  1.513320  2.499058 10.847780 27.904780 17.056994  1.512113  2.538884 10.721250 27.941730 17.220484  1.513934  2.504800 10.695880 27.944500 17.248620
[24]  1.513627  2.506512 10.688910 17.264660  2.507688 27.953573  1.513310 27.953570  1.513310 10.688910 17.264662  2.507688 10.741180 27.898220 17.157032  1.516432  2.486043 10.332830 27.713000 17.380166  1.513052  2.500556 10.599930
[47] 27.867570 17.267642  1.510416  2.516516 10.450520 27.756430 17.305910  1.513539  2.491082 10.725610 27.945540 17.219925  1.513670  2.505582

$Refset$penalty
 [1] 0 0 0 0 0 0 0 0 0 0 0 0


