$f
 [1] 33508.9253  2303.9948  1271.2361  1128.7674  1054.4653   985.0156   930.8160   840.9236   826.5295   813.9201   743.9948   743.8160   740.3090   724.9965   672.7049   670.9688   668.7795   666.0347   632.6198   625.3681   621.9497
[22]   615.2899   609.1250   607.4045   585.7726   582.5226   579.1545   579.0000   577.3594   561.0660   556.5503   555.9826   555.9826

$x
          [,1]     [,2]      [,3]     [,4]     [,5]     [,6]     [,7]     [,8]      [,9]    [,10]
 [1,] 24.79000 337.0400 0.2529000 17.72000 285.5400 45.67000 29.49000 2.970000  2.000000 2.690000
 [2,] 28.03105 180.1055 0.5364554 19.18680 285.8322 27.48427 26.07142 3.315472  6.161082 1.200000
 [3,] 22.03105 260.1055 1.0000000 18.99930 285.8322 27.48427 24.00000 2.000000  6.186082 1.200000
 [4,] 21.29076 235.0549 0.3979793 15.00000 286.3453 29.27688 24.00000 2.045271 10.000000 1.200000
 [5,] 25.89090 228.9621 0.9765770 18.92754 286.0711 27.23464 24.02443 2.887700  6.053104 1.200000
 [6,] 26.40488 226.8230 1.0000000 20.39210 286.1173 26.63208 24.03671 2.656238  4.597957 1.200000
 [7,] 21.61555 234.4936 0.8196704 19.39729 286.0294 26.21452 24.01200 6.678600  5.724529 1.212618
 [8,] 21.75098 233.0723 0.8188985 19.45038 286.0356 26.12507 24.01195 6.731583  5.642965 1.216181
 [9,] 21.74951 233.0527 0.7738985 19.45111 286.0356 26.12507 24.01195 6.731583  5.642965 1.222118
[10,] 20.00000 202.9245 0.8192315 21.08167 286.0353 28.05412 24.00816 7.379215  5.474209 1.622937
[11,] 20.18750 182.9245 0.6364190 21.17706 286.0249 28.05412 24.00000 7.379215  5.467221 1.622937
[12,] 21.19379 220.5706 0.9456306 19.66409 286.0429 26.19914 24.01909 7.009458  5.991604 1.302363
[13,] 21.19379 220.5706 0.9906306 19.66409 286.0429 26.19914 24.00000 7.009458  5.991604 1.302363
[14,] 21.04811 233.2040 0.9561129 19.31644 286.0820 27.31419 24.02574 7.068073  5.556227 2.154140
[15,] 21.05397 231.9149 0.9504879 19.50394 286.0820 27.11419 24.00000 7.068073  5.656227 2.154140
[16,] 21.04631 250.9678 0.9618577 18.99128 286.0872 27.30127 24.03270 7.097441  5.476512 2.125879
[17,] 20.99943 251.5928 0.9550000 18.99128 286.0872 27.30127 24.03270 7.097441  5.476512 2.125879
[18,] 20.13803 187.6309 0.6799272 19.52152 286.2382 34.23408 24.01086 6.981134  5.652395 2.330507
[19,] 20.13803 187.6309 0.5941460 19.52152 286.2382 34.23408 24.00000 6.981134  5.651613 2.342382
[20,] 20.07183 188.6257 0.6505854 19.54486 286.2469 34.48437 24.04373 6.983167  5.791511 2.462928
[21,] 20.07183 188.6257 0.7180854 19.54779 286.2469 34.48437 24.04373 6.983167  5.791511 2.459959
[22,] 20.09576 187.5986 0.6264332 19.65774 286.2646 34.48951 24.04657 6.982509  5.780687 2.469339
[23,] 20.07461 187.6227 0.6389450 19.60821 286.2617 34.48853 24.04526 6.982741  5.784297 2.462593
[24,] 20.08137 187.8267 0.6435615 19.60721 286.2623 34.48912 24.04419 6.982998  5.789543 2.464400
[25,] 20.08741 187.8267 0.6442646 19.60721 286.2623 34.51489 24.04419 6.976748  5.814543 2.464400
[26,] 20.25052 178.0273 0.4982514 19.22197 286.4075 36.36167 24.03549 6.700989  5.829595 2.394459
[27,] 20.25052 178.0273 0.5432514 19.22050 286.4075 36.36167 24.00000 6.700989  5.829595 2.394459
[28,] 20.12580 180.9272 0.5235004 19.23418 286.4067 36.36193 24.03801 6.700973  5.788907 2.394240
[29,] 20.12580 180.9272 0.5235004 19.23418 286.4067 36.36193 24.00000 6.700973  5.801407 2.394240
[30,] 20.05164 184.9928 0.5550100 19.69915 286.2666 34.59709 24.05800 7.003099  5.936304 2.441752
[31,] 20.05164 184.9928 0.6000100 19.69476 286.2666 34.59709 24.05800 7.003099  5.936499 2.440267
[32,] 20.04884 184.4225 0.5554693 19.69360 286.2674 34.60600 24.04660 7.002674  5.959256 2.442692
[33,] 20.04884 184.4225 0.5554693 19.69360 286.2674 34.60600 24.04660 7.002674  5.959256 2.442692

$time
elapsed elapsed elapsed elapsed elapsed elapsed elapsed elapsed elapsed elapsed elapsed elapsed elapsed elapsed elapsed elapsed elapsed elapsed elapsed elapsed elapsed elapsed elapsed elapsed elapsed elapsed elapsed elapsed elapsed elapsed 
   2.64    6.25    8.26   14.31   20.40   23.06   29.03   37.20   39.56   60.12   71.29  263.07  264.78  387.76  390.03  409.11  423.09  470.17  472.31  512.37  514.22  520.04  532.56  545.43  547.53  676.29  678.14  705.79  710.51  753.48 
elapsed elapsed elapsed 
 756.22 1018.17 1029.40 

$neval
 [1]   106   266   380   682   969  1111  1391  1805  1910  2861  3383 12396 12474 18088 18198 19001 19628 21655 21756 23804 23890 24158 24693 25230 25331 31357 31441 32657 32868 34752 34844 49405 50023

$fbest
[1] 555.9826

$xbest
 [1]  20.0488428 184.4225104   0.5554693  19.6936016 286.2674063  34.6060004  24.0466021   7.0026742   5.9592560   2.4426925

$numeval
[1] 50023

$end_crit
[1] 1

$cpu_time
elapsed 
 1029.4 

$Refset
$Refset$x
             [,1]        [,2]        [,3]       [,4]       [,5]        [,6]       [,7]        [,8]        [,9]       [,10]
 [1,]   1.0000000  20.0488400   0.5554693 286.267406  24.046602   5.9592560  20.048840   0.5554693 286.2674060  24.0466020
 [2,]   5.9592560   2.0000000 184.4225100  19.693602  34.606000   7.0026740   2.442692 184.4225100  19.6936016  34.6060000
 [3,]   7.0026740   2.4426920   3.0000000  20.048840 184.422510   0.5554693  19.693602 286.2674060  34.6060000  24.0466021
 [4,]   7.0026740   5.9592560   2.4426920   4.000000  20.049420 183.4761396   0.551808  19.7056150 286.2671910  34.6074400
 [5,]  24.0425282   7.0028270   5.9774160   2.442002   5.000000  20.0472000 184.713538   0.5550339  19.6940940 286.2677240
 [6,]  34.6053400  24.0464332   7.0025710   5.959960   2.441921   6.0000000  20.047780 184.6562569   0.5530316  19.6998830
 [7,] 286.2672290  34.6058800  24.0392410   7.002714   5.959213   2.4418070   7.000000  21.6573400 422.7142467   0.4495874
 [8,]  18.1968860 285.4198420  32.2476500  25.270918   7.521660   4.5912400   1.218823   8.0000000  20.0472300 184.2112374
 [9,]   0.5565296  19.6946450 286.2673390  34.607570  24.058541   7.0041490   5.958871   2.4421290   9.0000000  20.0472100
[10,] 184.2277084   0.5561113  19.6938000 286.267419  34.607650  24.0578961   7.003922   5.9594890   2.4421480  20.0473900
[11,] 184.2662012   0.5568889  19.6934660 286.267367  34.606830  24.0579363   7.003782   5.9590940   2.4428420  20.0472200
[12,] 184.7809302   0.5557071  19.6516500 286.267286  34.604110  24.0480192   7.002673   5.9652670   2.4418280  20.0489000

$Refset$f
 [1]    555.9826    555.9826    555.9826    556.1719    556.5573    557.1667 130120.9861    558.0625    558.0625    558.0625    556.9948    615.1302

$Refset$fpen
 [1]    555.9826    555.9826    555.9826    556.1719    556.5573    557.1667 130120.9861    558.0625    558.0625    558.0625    556.9948    615.1302

$Refset$const
 [1] 13.734350 16.306398  2.656139 30.040744  1.554777 30.040740  1.554777 13.734346 16.306398  2.656139 13.734350 30.040744 16.306398  1.554777  2.656139 13.728200 30.022584 16.294385  1.554815  2.655631 13.734130 30.040040 16.305906
[24]  1.554740  2.656268 13.740670 30.040787 16.300117  1.554816  2.655454 13.605650 31.408760 17.803114  1.651398  2.693443 13.735770 30.041129 16.305355  1.554756  2.657051 13.734310 30.040511 16.306200  1.554749  2.657017 13.734370
[47] 30.040906 16.306534  1.554753  2.657052 13.686380 30.034733 16.348350  1.554783  2.656335 13.598260 29.955256 16.356996  1.554953  2.666839

$Refset$penalty
 [1] 0 0 0 0 0 0 0 0 0 0 0 0


