$f
 [1] 5161.2899 1491.1580 1335.7361 1300.3455 1164.9062 1086.6198 1062.5087  954.2882  926.5278  793.5069  792.9913  779.2951  778.3194  771.3542  760.3038  759.3056  758.9219  754.4705  745.2604  742.6441  729.3958  727.3056  724.2986
[24]  724.2934  724.2118  724.1372  722.7917  722.6389  722.4427  722.0660  721.9427  721.5312  721.4410  719.8663  718.2083  717.9497  717.1354  716.5122  715.9479  715.9427  715.9427

$x
          [,1]     [,2]      [,3]     [,4]     [,5]     [,6]     [,7]     [,8]     [,9]    [,10]
 [1,] 21.66656 363.1208 0.8450004 15.48560 286.6881 38.86220 24.83273 2.397443 8.601689 2.205378
 [2,] 21.80817 227.5674 0.6867156 19.09074 286.7498 43.97451 24.09138 2.319083 2.833423 2.663525
 [3,] 21.80817 247.5674 0.9535937 19.09074 286.6982 43.97451 24.00000 3.119083 2.236548 4.112275
 [4,] 21.79208 222.1067 0.9358837 19.69031 286.7063 44.63727 24.00924 3.168079 2.317613 3.167633
 [5,] 20.10029 172.8645 0.7839087 18.82655 285.6977 30.36603 26.65639 5.860700 9.181503 3.218677
 [6,] 21.54014 190.1520 0.7935195 17.53594 286.5434 36.23032 24.00000 7.280823 8.430506 3.878136
 [7,] 21.43483 225.3852 0.7509392 15.99885 286.3540 35.50939 24.00000 6.621961 7.051427 3.462211
 [8,] 22.23938 166.2576 0.7661964 18.49237 286.5550 37.03896 24.00000 7.406009 7.318621 3.987471
 [9,] 21.80486 176.8313 0.7810796 17.38882 286.5600 37.37995 24.00000 7.332839 7.322851 3.898462
[10,] 21.80486 171.5234 1.0000000 17.38882 286.5609 37.37995 24.24396 7.332839 7.507868 3.476091
[11,] 21.76994 185.5349 0.8383442 17.39611 286.5472 37.08231 24.04880 7.309975 7.385118 4.123448
[12,] 21.76994 185.5349 0.8383442 17.39611 286.5461 37.08231 24.08943 7.309975 7.422618 4.147198
[13,] 21.71875 182.0599 0.8514376 17.24686 286.5228 36.90938 24.30944 7.310790 7.780364 4.095035
[14,] 21.71875 180.8099 1.0000000 17.34350 286.5228 36.90938 24.39319 7.310790 7.880364 4.091975
[15,] 21.74827 173.4589 0.8364690 17.48558 286.5109 36.85684 24.41355 7.309921 7.991673 4.081156
[16,] 21.71598 170.1103 0.8366902 17.50195 286.5106 36.85935 24.46839 7.309262 8.220889 4.066155
[17,] 21.73159 166.3032 0.8363999 17.49795 286.5089 36.84541 24.46850 7.308672 8.498151 4.062881
[18,] 21.73159 166.3032 0.8138999 17.49795 286.5089 36.84541 24.46850 7.308672 8.510651 4.074756
[19,] 21.24668 167.9745 0.8053120 18.25475 286.5222 36.91356 24.35874 7.361154 8.398959 4.244063
[20,] 21.24668 167.9745 0.8728120 18.25475 286.5222 36.91356 24.35874 7.361154 8.398959 4.244063
[21,] 21.25399 168.1057 0.8054382 18.23414 286.5213 36.91205 24.35654 7.363451 8.398487 4.212406
[22,] 21.33695 168.2911 0.8811072 18.01964 286.5190 36.90980 24.39018 7.365765 8.550693 4.194045
[23,] 21.33695 168.2911 0.9261072 18.01964 286.5190 36.90980 24.39018 7.365765 8.550693 4.194045
[24,] 21.24175 167.9544 0.8420914 18.27016 286.5168 36.90670 24.37007 7.363846 8.395624 4.210418
[25,] 21.24446 167.9119 0.8403631 18.26739 286.5166 36.90629 24.37095 7.364612 8.394283 4.208225
[26,] 21.23995 168.0699 0.8403567 18.26707 286.5155 36.90559 24.37108 7.364457 8.393172 4.208735
[27,] 21.23995 168.2261 0.9078567 18.26707 286.5155 36.90559 24.37108 7.364652 8.393172 4.208735
[28,] 21.23886 164.8250 0.8399240 18.32253 286.5126 36.89866 24.34854 7.364711 8.563752 4.211902
[29,] 21.25367 163.2363 0.8397865 18.30245 286.5131 36.90472 24.34464 7.365680 8.631391 4.202884
[30,] 21.26240 162.5629 0.8397780 18.32495 286.5131 36.90550 24.33809 7.365709 8.628137 4.202102
[31,] 21.27851 162.8356 0.8395168 18.31128 286.5121 36.90667 24.33950 7.366015 8.644886 4.200692
[32,] 21.28351 162.8105 0.8395728 18.29062 286.5116 36.90695 24.33949 7.366137 8.642922 4.200770
[33,] 21.27758 163.0601 0.8399654 18.31187 286.5116 36.90610 24.33958 7.366027 8.623616 4.202916
[34,] 21.25243 163.0121 0.9220169 18.33560 286.5129 36.89563 24.34438 7.365676 8.636869 4.202895
[35,] 21.25243 163.0121 1.0000000 18.33560 286.5129 36.89563 24.36473 7.365676 8.693132 4.202895
[36,] 21.21788 162.7401 1.0000000 18.46475 286.5121 36.90337 24.34174 7.366093 8.613972 4.200284
[37,] 21.26888 162.8337 1.0000000 18.40656 286.5120 36.90130 24.34110 7.366184 8.615105 4.201055
[38,] 21.28522 162.7961 1.0000000 18.39674 286.5119 36.90106 24.34110 7.366159 8.614568 4.200875
[39,] 21.29468 162.5254 0.9984148 18.39109 286.5123 36.89987 24.34060 7.366140 8.618841 4.201116
[40,] 21.29745 162.6414 0.9972514 18.38745 286.5118 36.90594 24.34041 7.366047 8.604463 4.202257
[41,] 21.29745 162.6414 0.9972514 18.38745 286.5118 36.90594 24.34041 7.366047 8.604463 4.202257

$time
elapsed elapsed elapsed elapsed elapsed elapsed elapsed elapsed elapsed elapsed elapsed elapsed elapsed elapsed elapsed elapsed elapsed elapsed elapsed elapsed elapsed elapsed elapsed elapsed elapsed elapsed elapsed elapsed elapsed elapsed 
   2.40    6.71   11.29   18.51   21.87   25.86   29.75   36.40   39.64   50.23  228.73  230.93  277.45  280.65  301.34  304.82  311.84  317.28  384.54  386.31  403.36  410.81  423.73  554.18  559.20  573.09  591.87  717.21  750.31  758.50 
elapsed elapsed elapsed elapsed elapsed elapsed elapsed elapsed elapsed elapsed elapsed 
 775.51  778.84  834.36  939.95  942.32  959.39  969.96  973.31  981.67 1175.51 1255.28 

$neval
 [1]   106   271   438   734   874  1016  1154  1436  1572  1986  9281  9374 11270 11381 12191 12327 12606 12827 15412 15488 16172 16447 16930 22123 22331 22884 23652 28621 29912 30250 30924 31060 33311 37500 37602 38294 38701 38839 39187
[40] 47017 50074

$fbest
[1] 715.9427

$xbest
 [1]  21.2974513 162.6413610   0.9972514  18.3874469 286.5118493  36.9059374  24.3404103   7.3660468   8.6044629   4.2022567

$numeval
[1] 50074

$end_crit
[1] 1

$cpu_time
elapsed 
1255.28 

$Refset
$Refset$x
             [,1]        [,2]       [,3]        [,4]        [,5]       [,6]        [,7]       [,8]       [,9]       [,10]
 [1,]   1.0000000  21.2971400 162.630200   0.9965221  18.3901400 286.511600  36.9058300  24.340530   7.366056   8.6059170
 [2,]   4.2022970   2.0000000  21.294440 162.6400000   0.9972811  18.389820 286.5120000  36.906090  24.341600   7.3660270
 [3,]   8.6077940   4.2022570   3.000000  21.2970300 162.6404000   0.997242  18.3884700 286.511700  36.906100  24.3405600
 [4,]   7.3660490   8.6058070   4.202248   4.0000000  21.2998700 162.619400   0.9968076  18.402480 286.512200  36.9084500
 [5,]  24.3400100   7.3658920   8.595809   4.2042920   5.0000000  21.295590 162.6167000   0.997484  18.388090 286.5119000
 [6,]  36.9066500  24.3412800   7.366083   8.6082780   4.2019560   6.000000  21.2951100 162.606100   0.997219  18.3899700
 [7,] 286.5119000  36.9060600  24.341360   7.3660600   8.6078340   4.202031   7.0000000  21.296180 162.630200   0.9965519
 [8,]  18.3904200 286.5117000  36.906050  24.3412100   7.3660640   8.605744   4.2020820   8.000000  20.695420 165.6418000
 [9,]   0.9965727  18.7250700 286.459000  37.2119200  24.0000000   7.211300   7.9293250   2.607602   9.000000  21.2986300
[10,] 153.0185000   0.9963976  18.373350 286.5124000  36.9440600  24.151820   7.0184020   8.221573   4.194090  21.7097900
[11,] 157.0700000   0.9701330  18.310140 286.6023000  36.8773100  24.296060   7.2821360   8.802949   4.580131  20.8107300
[12,] 164.5614000   0.9974360  18.485590 286.4447000  36.1883300  24.279640   7.3346810   8.737317   4.203646  20.8515000

$Refset$f
 [1]  715.9427  715.9427  715.9427  715.9427  715.9427  715.9427  715.9427  961.4826 1099.7812  896.0052  927.8872 1338.7691

$Refset$fpen
 [1]  715.9427  715.9427  715.9427  715.9427  715.9427  715.9427  715.9427  961.4826 1099.7812  896.0052  927.8872 1338.7691

$Refset$const
 [1]  9.784220 27.394080 17.609860  1.531170  2.635849  9.782028 27.392210 17.610180  1.531131  2.636042  9.782659 27.394190 17.611530  1.531163  2.635864  9.806669 27.404190 17.597520  1.531117  2.635868  9.779813 27.391720 17.611910
[24]  1.531146  2.635943  9.782138 27.392170 17.610030  1.531146  2.635976  9.784681 27.394260 17.609580  1.531162  2.635913 10.795742 28.070680 17.274930  1.538178  2.575813 10.151775 27.778430 17.626650  1.531675  2.619339  9.507196
[47] 27.197050 17.689860  1.521346  2.666945  9.748269 27.262680 17.514410  1.537336  2.645499  9.798829 26.895610 17.096780  1.509660  2.677371

$Refset$penalty
 [1] 0 0 0 0 0 0 0 0 0 0 0 0


