$f
 [1] 7919.5608 1661.8715 1371.0295 1288.8594 1235.8594 1225.5243 1201.8542 1099.3073 1097.6285 1096.1667 1092.1372 1092.0816 1091.1215 1082.2153 1078.6997 1078.1215 1074.9149 1069.7604 1063.4531 1063.1007 1061.8559 1059.7431 1058.9132
[24] 1058.7153 1058.6944 1058.4896 1058.1337  991.3090  985.4965  979.4236  965.7726  963.1806  952.2292  951.3715  951.2500  944.5885  941.5295  937.4514  936.2101  933.3403  931.9444  931.8559  930.5538  930.5521  930.4844  930.2326
[47]  908.6094  902.0260  892.2135  892.1562

$x
          [,1]     [,2]      [,3]     [,4]     [,5]     [,6]     [,7]     [,8]     [,9]    [,10]
 [1,] 24.79000 337.0400 0.2529000 17.72000 285.5400 45.67000 29.49000 2.970000 2.000000 2.690000
 [2,] 23.53051 366.8402 0.1000000 15.32434 286.8750 48.00000 24.07736 2.000000 2.000000 1.200000
 [3,] 22.59301 416.8402 0.1000000 15.32812 286.8937 48.00000 24.89375 2.000000 2.225000 1.200000
 [4,] 21.31061 422.6084 0.1575074 19.48585 286.4433 37.69552 26.22542 2.007597 2.911551 1.200000
 [5,] 20.35434 472.3125 0.1000000 18.14227 286.6967 38.62501 24.35208 2.000000 2.594230 1.200000
 [6,] 20.34482 324.9956 0.1937987 24.28497 286.4661 36.21261 24.77047 3.070420 3.191003 4.843070
 [7,] 20.32279 322.3048 0.1913901 24.64093 286.4663 36.05053 24.90333 3.082780 3.197844 4.862269
 [8,] 21.65220 306.1319 0.1531677 24.58061 286.5956 36.43015 25.07907 3.126740 3.228831 5.000000
 [9,] 22.12087 296.9606 0.1410758 24.53970 286.5995 36.42223 25.09419 3.122759 3.283623 4.981057
[10,] 21.27730 301.7856 0.1580267 24.73231 286.5741 36.37580 25.03948 3.123457 3.274457 4.837008
[11,] 21.27730 301.7856 0.1580267 24.73231 286.5912 36.37580 24.87698 3.123457 3.224457 4.870596
[12,] 21.46371 304.3996 0.1591925 24.55322 286.5763 36.39892 24.75483 3.132459 3.211875 4.671256
[13,] 21.53119 306.8457 0.1614030 24.57413 286.5766 36.45705 24.82162 3.103817 3.266837 4.911330
[14,] 22.04847 294.7019 0.1562555 24.66747 286.5795 36.31457 25.08845 2.966975 3.183332 1.903073
[15,] 22.09535 294.0577 0.1562555 24.66747 286.5795 36.31457 25.00720 2.966975 3.183332 1.903073
[16,] 22.18044 292.3715 0.1493645 24.63448 286.5953 36.29277 25.09260 2.840497 3.186493 1.650805
[17,] 22.18044 292.3715 0.1483701 24.63448 286.5765 36.27509 25.09260 2.890497 3.186493 1.674555
[18,] 22.31544 284.0225 0.1525383 25.11280 286.5816 36.31331 25.11523 2.875035 3.135503 1.701206
[19,] 22.51379 277.8978 0.1510037 25.25785 286.5831 36.30748 25.10878 2.875134 3.148680 1.678939
[20,] 22.51379 277.8978 0.1509158 25.25785 286.5831 36.30748 25.10878 2.887634 3.148680 1.678939
[21,] 22.29875 283.8655 0.1560268 25.08585 286.5777 36.32526 25.01463 2.923005 3.178562 1.744160
[22,] 22.28797 283.8907 0.1557862 25.07850 286.5780 36.32605 25.10295 2.920923 3.181132 1.699965
[23,] 22.33808 283.1791 0.1563235 25.08215 286.5792 36.31297 25.07835 2.924192 3.177927 1.707643
[24,] 22.33131 283.8151 0.1555655 25.07523 286.5878 36.32252 25.07068 2.920229 3.167080 1.697155
[25,] 22.32871 283.7851 0.1559975 25.06397 286.5857 36.34300 25.07409 2.918999 3.170649 1.699909
[26,] 22.32965 284.0409 0.1556010 25.05997 286.5871 36.33278 25.07213 2.922137 3.171368 1.702156
[27,] 22.33469 283.9716 0.1557093 25.06026 286.5870 36.32414 25.07118 2.925507 3.170120 1.703214
[28,] 20.00000 268.3037 0.9576216 25.10827 286.4583 39.73232 24.12675 5.682610 4.157033 1.223074
[29,] 20.00000 268.1475 0.9351216 25.10827 286.4547 39.73232 24.12675 5.682610 4.158595 1.223074
[30,] 20.55440 275.9417 0.1398765 25.00622 286.5823 37.82915 24.68793 5.150275 3.339856 1.486877
[31,] 21.49757 283.4067 0.9590016 25.15671 286.5711 38.51721 24.18799 4.991281 3.964975 1.274336
[32,] 20.89630 280.2782 0.1809533 25.04556 286.6057 37.72807 25.07462 5.136399 3.401076 1.511951
[33,] 20.89630 280.2782 0.1584533 25.04556 286.6057 37.72807 25.07462 5.136399 3.401076 1.511951
[34,] 20.99529 283.6871 0.1717265 24.99663 286.5858 37.70129 24.94054 5.100776 3.203349 1.484003
[35,] 20.92283 273.3688 0.1745908 25.03460 286.6182 37.71249 25.15526 5.139732 3.539478 1.438075
[36,] 20.89614 277.1404 0.1609999 25.02984 286.5766 37.69790 25.04270 5.137751 3.509057 1.473254
[37,] 20.76969 279.5388 0.1692690 24.99202 286.6055 37.72215 25.06816 5.140167 3.514597 1.472421
[38,] 20.76969 279.2263 0.1692690 24.99202 286.6055 37.72840 25.06816 5.146417 3.495847 1.472421
[39,] 21.02457 277.2762 0.1634243 25.02257 286.5954 37.70114 25.00782 5.122662 3.435959 1.478480
[40,] 21.02457 277.2762 0.1634243 25.02257 286.5767 37.70114 25.00782 5.122662 3.448459 1.478480
[41,] 20.89198 276.4304 0.1664992 25.01314 286.5834 37.71735 25.00716 5.125290 3.545003 1.476027
[42,] 20.86861 276.6253 0.1664882 25.01387 286.5815 37.71592 24.99744 5.124929 3.547645 1.476311
[43,] 20.89205 276.6253 0.1668398 25.01387 286.5815 37.71592 24.99744 5.124929 3.544520 1.476311
[44,] 20.90713 276.8419 0.1660951 24.99317 286.5811 37.71432 25.00062 5.125303 3.541826 1.477308
[45,] 20.93541 276.8976 0.1655762 24.97970 286.5816 37.71166 25.01521 5.124189 3.534389 1.477347
[46,] 20.92393 277.0852 0.1657446 24.97365 286.5817 37.70784 25.01706 5.124022 3.540038 1.479662
[47,] 20.85199 279.2086 1.0000000 25.64937 286.5837 37.60033 25.00731 6.181750 3.581370 1.457372
[48,] 20.85644 279.2106 1.0000000 25.73826 286.5837 37.66130 25.01281 6.181889 3.582902 1.458741
[49,] 20.85644 279.2106 0.9550000 25.73826 286.5837 37.66130 25.17531 6.181889 3.582902 1.470616
[50,] 20.85644 279.2106 0.9550000 25.73826 286.5837 37.66130 25.17531 6.181889 3.582902 1.471358

$time
elapsed elapsed elapsed elapsed elapsed elapsed elapsed elapsed elapsed elapsed elapsed elapsed elapsed elapsed elapsed elapsed elapsed elapsed elapsed elapsed elapsed elapsed elapsed elapsed elapsed elapsed elapsed elapsed elapsed elapsed 
   1.95    5.73    9.18   17.11   20.25   23.26   26.42   29.45   39.22   43.03   45.12   67.81   73.84   76.89   78.84  112.18  114.15  123.08  145.98  147.81  162.14  165.00  207.81  293.09  397.76  420.83  503.58  574.47  576.61  591.43 
elapsed elapsed elapsed elapsed elapsed elapsed elapsed elapsed elapsed elapsed elapsed elapsed elapsed elapsed elapsed elapsed elapsed elapsed elapsed elapsed 
 598.03  607.17  608.90  621.64  633.53  636.62  639.93  642.73  676.00  677.67  706.68  709.78  711.59  768.42  776.40  888.33  895.92  920.72  922.58 1154.73 

$neval
 [1]   106   260   413   721   864  1003  1147  1287  1716  1856  1951  2906  3177  3314  3402  4734  4830  5247  6203  6289  6966  7102  9102 12809 17383 18411 22027 25122 25224 25899 26168 26581 26659 27205 27741 27877 28017 28109 29490
[40] 29569 30811 30949 31034 33451 33791 38446 38788 39869 39954 50030

$fbest
[1] 892.1562

$xbest
 [1]  20.856443 279.210569   0.955000  25.738256 286.583656  37.661299  25.175315   6.181889   3.582902   1.471358

$numeval
[1] 50030

$end_crit
[1] 1

$cpu_time
elapsed 
1154.73 

$Refset
$Refset$x
             [,1]        [,2]       [,3]        [,4]        [,5]        [,6]        [,7]        [,8]        [,9]       [,10]
 [1,]   1.0000000  20.9187900 277.175100   0.1657973  24.9730100 286.5808000  37.7081500  25.0179200   5.1244310   3.5390050
 [2,]   1.4786560   2.0000000  20.917010 277.1595000   0.1658528  24.9755200 286.5807000  37.7083600  25.0163300   5.1244240
 [3,]   3.5386600   1.4782550   3.000000  20.9172100 277.0966000   0.1658937  24.9788600 286.5807000  37.7083100  25.0180800
 [4,]   5.1245500   3.5387700   1.478480   4.0000000  20.9174300 277.0768000   0.1658826  24.9802100 286.5808000  37.7061400
 [5,]  25.0186200   5.1242120   3.538844   1.4784410   5.0000000  20.9173000 277.1137000   0.1659134  24.9767200 286.5798000
 [6,]  37.7082300  25.0176100   5.124481   3.5390190   1.4774510   6.0000000  20.9173500 277.1740000   0.1658895  24.9752000
 [7,] 286.5808000  37.7073400  25.023600   5.1240130   3.5389290   1.4785130   7.0000000  20.9005500 277.2316000   0.1652907
 [8,]  24.9793400 286.5790000  37.708060  25.0167000   5.1260830   3.5331750   1.4781390   8.0000000  20.9177000 277.1465000
 [9,]   0.1658249  24.9748400 286.579100  37.7009900  25.0185200   5.1242390   3.5395660   1.4785540   9.0000000  20.9272600
[10,] 276.7271000   0.1644863  24.973590 286.5808000  37.7084800  25.0178900   5.1244120   3.5391380   1.4786850  20.9176000
[11,] 277.1558000   0.1662117  24.975470 286.5810000  37.7089300  25.0169200   5.1243870   3.5388330   1.4787810  23.9876100
[12,] 239.3526000   0.1678151  18.147500 286.3168000  41.7550800  25.3254300   5.2549500   6.2822320   1.5456190  20.0000000

$Refset$f
 [1]  929.8941  929.8941  929.8941  929.8941  930.2326  930.2326  930.6962  929.8941  931.7066  931.1424 1231.4444 2236.4757

$Refset$fpen
 [1]  929.8941  929.8941  929.8941  929.8941  930.2326  930.2326  930.6962  929.8941  931.7066  931.1424 1231.4444 2236.4757

$Refset$const
 [1] 21.434000 32.460990 11.026990  1.523168  2.672615 21.436860 32.461340 11.024480  1.523187  2.672433 21.440090 32.461230 11.021140  1.523181  2.672577 21.441360 32.461160 11.019790  1.523168  2.672757 21.437700 32.460980 11.023280
[24]  1.523282  2.672206 21.436270 32.461070 11.024800  1.523148  2.673109 21.446160 32.466820 11.020660  1.523370  2.671853 21.435280 32.460430 11.025160  1.523343  2.672391 21.434450 32.460860 11.026410  1.523173  2.672583 21.436640
[47] 32.461170 11.024530  1.523151  2.672570 11.865260 29.717770 17.852500  1.554788  2.426808 17.129000 29.198680 12.069690  1.502667  3.015488

$Refset$penalty
 [1] 0 0 0 0 0 0 0 0 0 0 0 0


