$f
 [1] 3457.8090  898.2257  787.9983  697.7847  488.8160  427.2743  413.2465  368.7587  345.3299  345.2170  345.0833  344.9167  343.2535  342.5903  342.4149  342.2587  342.2587

$x
          [,1]     [,2]      [,3]     [,4]     [,5]     [,6]     [,7]     [,8]     [,9]    [,10]
 [1,] 24.79000 337.0400 0.2529000 17.72000 285.5400 45.67000 29.49000 2.970000 2.000000 2.690000
 [2,] 20.00000 199.1157 0.1000000 27.96703 286.4678 48.00000 29.29753 7.605249 2.000000 5.000000
 [3,] 20.00000 199.1157 0.1000000 28.50480 286.4678 48.00000 29.29753 7.577100 2.201556 5.000000
 [4,] 25.08287 181.1227 0.1329812 28.34047 286.4890 41.02590 28.29667 7.079709 2.368849 5.000000
 [5,] 20.00000 257.4584 0.1071273 25.47201 286.8585 47.96746 25.06579 7.313130 2.000000 4.966578
 [6,] 21.13033 273.3251 0.1000000 23.32915 286.8313 48.00000 24.84165 7.420408 2.308739 4.999553
 [7,] 20.00000 260.7452 0.1000000 25.95215 286.5563 44.12054 25.49519 6.664458 2.632281 4.341981
 [8,] 20.21703 251.9261 0.1014073 26.27706 286.8634 47.93578 24.17451 7.431378 2.086006 4.783723
 [9,] 20.09375 251.4842 0.1000000 26.26049 286.7884 47.93578 24.17451 7.431378 2.023506 4.736223
[10,] 20.31718 270.2393 0.1011528 24.02081 286.8304 47.91343 24.61807 7.410874 2.798591 4.841103
[11,] 20.31915 270.1385 0.1011362 24.01377 286.8299 47.91111 24.61561 7.410846 2.807025 4.839855
[12,] 20.31758 270.4046 0.1012531 24.01027 286.8271 47.90818 24.61499 7.415153 2.800024 4.802654
[13,] 20.31758 270.2484 0.1000000 24.00441 286.8271 47.90818 24.61499 7.415153 2.812524 4.802654
[14,] 20.31214 267.8783 0.1026942 24.00946 286.8247 47.90965 24.64480 7.424703 2.757379 4.788018
[15,] 20.34362 270.7488 0.1012271 24.01498 286.8255 47.92302 24.64707 7.424135 2.617964 4.783452
[16,] 20.34564 270.6928 0.1009797 24.01410 286.8249 47.92210 24.64752 7.425091 2.623387 4.776705
[17,] 20.34564 270.6928 0.1009797 24.01410 286.8249 47.92210 24.64752 7.425091 2.623387 4.776705

$time
elapsed elapsed elapsed elapsed elapsed elapsed elapsed elapsed elapsed elapsed elapsed elapsed elapsed elapsed elapsed elapsed elapsed 
   2.64    6.29    8.82   12.42   15.78   22.31   25.25   32.15   44.32  542.59  725.65  925.46  927.39 1168.21 1191.79 1211.65 1220.18 

$neval
 [1]   106   263   373   524   669   955  1093  1369  1897 20976 28752 37273 37363 47979 48991 49860 50130

$fbest
[1] 342.2587

$xbest
 [1]  20.3456397 270.6927803   0.1009797  24.0141008 286.8248508  47.9221030  24.6475229   7.4250910   2.6233871   4.7767052

$numeval
[1] 50130

$end_crit
[1] 1

$cpu_time
elapsed 
1220.18 

$Refset
$Refset$x
             [,1]        [,2]      [,3]        [,4]        [,5]        [,6]       [,7]       [,8]        [,9]       [,10]
 [1,]   1.0000000  20.3456400 270.69278   0.1009797  24.0141010 286.8248510  47.922100  24.647523   7.4250910   2.6233870
 [2,]   4.7767050   2.0000000  20.34362 270.7487838   0.1012271  24.0149760 286.825534  47.923020  24.6470729   7.4241350
 [3,]   2.6179640   4.7834520   3.00000  20.3131000 267.9160523   0.1025634  24.014828 286.824726  47.9100600  24.6440401
 [4,]   7.4245180   2.7553540   4.78842   4.0000000  20.3121400   0.1026942 286.824698  24.644795   2.7573790  20.3121400
 [5,]   0.1026942 286.8246980  24.64480   2.7573790   5.0000000 267.8783100  24.009456  47.909646   7.4247030   4.7880180
 [6,] 267.8783100  24.0094558  47.90965   7.4247030   4.7880180   6.0000000  20.312140 267.878309   0.1026942  24.0094560
 [7,] 286.8246980  47.9096500  24.64480   7.4247030   2.7573790   4.7880180   7.000000  20.318370 267.1612241   0.1024002
 [8,]  24.0047650 286.8246640  47.91053  24.6416331   7.4242040   2.8070570   4.786131   8.000000  20.3190800 266.6062814
 [9,]   0.1014574  24.0086470 286.82466  47.9101700  24.6418298   7.4246390   2.850970   4.786234   9.0000000  20.3070000
[10,] 270.1154888   0.1011945  24.02014 286.8252530  47.9122100  24.6202917   7.412257   2.806280   4.8449710  20.3076100
[11,] 270.1038587   0.1010755  24.00704 286.8243390  47.9046700  24.6186793   7.411376   2.832954   4.8535700  20.3238400
[12,] 269.4587424   0.1011523  24.01446 286.8253170  47.9107000  24.6430776   7.423907   2.702358   4.7882770  20.3044800

$Refset$f
 [1] 342.2587 342.4149 342.5729 342.5903 342.5903 342.5903 342.7240 343.3663 344.7031 345.7066 344.8420 348.4740

$Refset$fpen
 [1] 342.2587 342.4149 342.5729 342.5903 342.5903 342.5903 342.7240 343.3663 344.7031 345.7066 344.8420 348.4740

$Refset$const
 [1] 21.390710 33.376613 11.985899  1.511021  2.358686 21.397010 33.382036 11.985024  1.510961  2.358876 21.259470 33.244646 11.985172  1.511029  2.358782 21.252080 11.990544  2.358823 33.242621  1.511031 33.242620  1.511031 21.252077
[24] 11.990544  2.358823 21.252080 33.242621 11.990544  1.511031  2.358823 21.197710 33.192943 11.995235  1.511037  2.358625 21.157680 33.149030 11.991353  1.511037  2.358644 21.213860 33.193720 11.979856  1.511006  2.357688 21.174080
[47] 33.167046 11.992965  1.511085  2.357487 21.312100 33.297642 11.985538  1.510978  2.358921 20.667990 32.692999 12.025013  1.515295  2.342653

$Refset$penalty
 [1] 0 0 0 0 0 0 0 0 0 0 0 0


