$f
 [1] 7917.7986 1374.0885 1290.0660 1147.9028 1059.4236 1021.4219 1019.1580  991.8854  988.1736  987.5260  985.5417  976.5191  967.4583  966.3681  962.8316  961.6927  961.2986  959.2153  958.8056  958.8038  958.5677  958.5226  958.0868
[24]  957.8889  957.7847  957.0000  956.9184  956.8576  956.7396  956.6580  955.9549  955.9184  955.7535  955.7517  955.7448  955.6406  955.5851  955.1823  955.1823

$x
          [,1]     [,2]      [,3]     [,4]     [,5]     [,6]     [,7]     [,8]     [,9]    [,10]
 [1,] 24.79000 337.0400 0.2529000 17.72000 285.5400 45.67000 29.49000 2.970000 2.000000 2.690000
 [2,] 20.00000 324.3484 0.9999413 16.88917 286.1055 44.15283 24.00000 2.662930 4.882899 4.178170
 [3,] 20.00000 344.3484 0.9999413 16.91261 286.1805 44.15283 24.00000 2.612930 4.882117 4.201920
 [4,] 20.00000 320.0514 0.4626534 15.04590 286.6598 44.58746 24.00000 3.214861 6.357196 3.136330
 [5,] 20.00000 324.9496 0.4771559 15.41257 286.6774 44.19487 24.00000 3.371509 6.538178 2.816781
 [6,] 20.01159 322.0106 0.4737709 15.27977 286.7278 44.23841 24.41401 3.359689 7.030111 2.693734
 [7,] 20.01203 323.2993 0.4750035 15.34617 286.7277 44.22847 24.40445 3.348873 7.027649 2.748671
 [8,] 20.03080 302.2292 0.4779530 16.90315 286.6412 44.19713 24.19528 3.417098 6.310153 3.630119
 [9,] 20.03080 302.0730 0.4772499 16.92658 286.6412 44.19713 24.23591 3.417098 6.322653 3.630119
[10,] 20.01165 317.1546 0.9301850 16.73737 286.6613 44.30319 24.28250 3.426790 6.355417 3.509021
[11,] 20.01172 322.6367 0.9881412 16.70333 286.6622 44.34726 24.28102 3.429954 6.336600 3.568958
[12,] 20.00672 300.5662 0.6665362 17.19379 286.6555 44.39067 24.01157 3.425279 6.642388 3.639071
[13,] 20.02703 314.5332 0.8808811 16.95451 286.6619 44.25294 24.17276 3.434417 6.316245 3.618299
[14,] 20.02419 295.6804 1.0000000 17.19733 286.6600 44.26501 24.13852 3.420127 7.230854 3.699658
[15,] 20.02419 295.7585 1.0000000 17.19733 286.6600 44.16501 24.13852 3.420127 7.230854 3.699658
[16,] 20.02400 315.4992 0.8584492 16.72235 286.6634 44.11904 24.22292 3.421809 6.480796 3.762270
[17,] 20.02405 315.5625 0.8632022 16.73144 286.6638 44.14016 24.19864 3.422530 6.477301 3.762289
[18,] 20.02437 313.5695 0.8712163 16.62614 286.6631 44.14752 24.22296 3.424745 6.609059 3.746548
[19,] 20.02428 313.8868 0.8746679 16.62737 286.6631 44.13814 24.24981 3.425087 6.615051 3.789504
[20,] 20.02428 313.8868 0.8746679 16.62737 286.6631 44.13814 24.20919 3.425087 6.615051 3.789504
[21,] 20.03224 316.1315 0.9443057 16.72152 286.6643 44.14492 24.22562 3.428269 6.480713 3.822021
[22,] 20.05568 316.1315 0.9443057 16.72152 286.6643 44.14492 24.18500 3.428269 6.480713 3.822021
[23,] 20.03993 315.8953 0.9440637 16.72253 286.6677 44.12966 24.21218 3.421771 6.479982 3.811491
[24,] 20.05214 315.7658 0.9450751 16.72339 286.6690 44.12742 24.21204 3.422205 6.475280 3.817408
[25,] 20.04350 315.7727 0.9321764 16.72400 286.6706 44.12702 24.34496 3.420988 6.479093 3.818698
[26,] 20.03302 315.7365 0.9397134 16.72113 286.6657 44.12698 24.35396 3.421339 6.488794 3.817788
[27,] 20.03302 315.7365 0.9397134 16.72113 286.6657 44.12698 24.35396 3.421339 6.495044 3.817788
[28,] 20.03632 315.8043 0.9397653 16.73082 286.6663 44.12749 24.35191 3.421112 6.483286 3.821120
[29,] 20.03827 315.8516 0.9411818 16.73183 286.6661 44.12480 24.35191 3.420877 6.477524 3.830835
[30,] 20.03773 315.7836 0.9385880 16.73331 286.6661 44.12090 24.35921 3.420762 6.478711 3.818974
[31,] 20.03622 313.5304 0.9383234 16.84689 286.6634 44.11792 24.34676 3.420967 6.481189 3.821749
[32,] 20.03621 313.4373 0.9383867 16.84694 286.6635 44.11631 24.34584 3.421449 6.486531 3.821478
[33,] 20.03601 312.3229 0.9379527 16.90036 286.6650 44.12220 24.34777 3.419669 6.469080 3.821514
[34,] 20.03618 313.6706 0.9431107 16.79976 286.6659 44.12168 24.36159 3.419366 6.508761 3.829636
[35,] 20.06603 313.2993 0.9400969 16.74746 286.6659 44.12056 24.35481 3.420753 6.527585 3.819041
[36,] 20.08109 312.7138 0.9403356 16.72019 286.6659 44.11814 24.36392 3.425580 6.551124 3.795481
[37,] 20.08441 312.4644 0.9403525 16.70747 286.6659 44.11418 24.36422 3.428097 6.561373 3.796690
[38,] 20.08441 312.4644 0.9403525 16.70747 286.6659 44.11418 24.36422 3.428097 6.561373 3.797432
[39,] 20.08441 312.4644 0.9403525 16.70747 286.6659 44.11418 24.36422 3.428097 6.561373 3.797432

$time
elapsed elapsed elapsed elapsed elapsed elapsed elapsed elapsed elapsed elapsed elapsed elapsed elapsed elapsed elapsed elapsed elapsed elapsed elapsed elapsed elapsed elapsed elapsed elapsed elapsed elapsed elapsed elapsed elapsed elapsed 
   2.34    6.45    8.54   12.73   16.09   19.25   29.39   37.62   46.14   54.97   60.39   66.44   69.69   74.03   85.48   94.62  100.87  105.11  108.04  119.11  370.70  372.87  399.76  403.79  416.44  420.62  422.67  457.73  461.76  587.34 
elapsed elapsed elapsed elapsed elapsed elapsed elapsed elapsed elapsed 
 609.15  634.37  638.59  811.42  898.59  914.76  948.50  962.25 1397.20 

$neval
 [1]   106   283   383   532   678   827  1249  1537  1913  2321  2595  2870  3008  3147  3360  3772  4046  4181  4314  4798 12037 12116 12815 12950 13358 13495 13568 14378 14517 18154 18770 19447 19582 24783 28369 29114 30684 31309 50093

$fbest
[1] 955.1823

$xbest
 [1]  20.0844072 312.4643714   0.9403525  16.7074699 286.6659375  44.1141771  24.3642233   3.4280974   6.5613728   3.7974322

$numeval
[1] 50093

$end_crit
[1] 1

$cpu_time
elapsed 
 1397.2 

$Refset
$Refset$x
             [,1]        [,2]       [,3]        [,4]        [,5]        [,6]        [,7]        [,8]        [,9]       [,10]
 [1,]   1.0000000  79.3182800 127.876200   0.2859937  18.4221300 284.5794000  47.8544800  43.3472900   2.7264030   3.8107040
 [2,]   4.8396800   2.0000000  20.083730 312.9047000   0.9421398  16.7158400 286.6666000  44.1275500  24.3561600   3.4245330
 [3,]   6.5494820   3.8197460   3.000000  20.0839800 312.8280000   0.9411692  16.7195900 286.6663000  44.1248100  24.3547700
 [4,]   3.4248650   6.5474490   3.810555   4.0000000  20.0838300 312.8472000   0.9405941  16.7179000 286.6666000  44.1250900
 [5,]  24.3556700   3.4248180   6.549267   3.8131750   5.0000000  20.0837500 312.8498000   0.9407624  16.7175100 286.6664000
 [6,]  44.1204800  24.3599300   3.424348   6.5498270   3.8124870   6.0000000  20.0836900 312.8497000   0.9436206  16.7156300
 [7,] 286.6668000  44.1274500  24.357170   3.4253100   6.5498830   3.8006560   7.0000000  20.0839000 312.8422000   0.9410007
 [8,]  16.7158900 286.6668000  44.126380  24.3581000   3.4249150   6.5496780   3.8098010   8.0000000  20.0804800 312.9736000
 [9,]   0.9429339  16.7123700 286.666700  44.1287600  24.3617000   3.4247100   6.5505920   3.8133360   9.0000000  20.0908700
[10,] 312.8948000   0.9415627  16.716590 286.6664000  44.1250700  24.3551300   3.4249070   6.5477040   3.8153750  20.0822300
[11,] 313.0925000   0.9425239  16.717500 286.6696000  44.1223000  24.3667200   3.4228600   6.5461920   3.8055760  20.0849500
[12,] 312.8268000   0.9409576  16.719680 286.6645000  44.1248200  24.3581300   3.4247980   6.5475250   3.8202540  20.7233000

$Refset$f
 [1] 1593797.0000     955.5625     955.5625     955.5625     955.5625     955.5625     955.5625     955.6406     957.8299     958.6372     955.6406    1040.7431

$Refset$fpen
 [1] 1593797.0000     955.5625     955.5625     955.5625     955.5625     955.5625     955.5625     955.6406     957.8299     958.6372     955.6406    1040.7431

$Refset$const
 [1] 14.611420 32.189300 17.577870  1.777922  2.978607 10.166360 29.450520 19.284160  1.523620  2.398474 10.172140 29.452550 19.280410  1.523645  2.398390 10.168630 29.450730 19.282100  1.523620  2.398518 10.167680 29.450170 19.282490
[24]  1.523628  2.398853 10.165750 29.450120 19.284370  1.523599  2.398604 10.166210 29.450320 19.284110  1.523602  2.398676 10.161780 29.449410 19.287630  1.523601  2.398801 10.168890 29.452300 19.283410  1.523641  2.398416 10.171300
[47] 29.453810 19.282500  1.523329  2.400242 10.172150 29.452480 19.280320  1.523811  2.397969 10.606120 28.651290 18.045170  1.522376  2.739054

$Refset$penalty
 [1] 0 0 0 0 0 0 0 0 0 0 0 0


