$f
 [1] 25206.1146  2886.4410  1244.8924  1233.3507  1213.8837  1194.2118  1172.0260  1121.3455  1104.5382  1074.6146   983.0156   983.0156

$x
          [,1]     [,2]      [,3]     [,4]     [,5]     [,6]     [,7]     [,8]     [,9]    [,10]
 [1,] 28.39722 247.8648 0.2584554 21.38403 285.6065 34.46438 24.75809 5.567438 7.437015 3.999169
 [2,] 20.00000 114.7905 0.1942062 22.60579 285.3347 33.44208 24.91251 6.119327 8.425909 4.444355
 [3,] 20.10804 102.7951 0.1000000 22.59229 285.4134 29.03437 24.91251 6.342934 8.414895 3.966396
 [4,] 20.07313 102.0542 0.1000000 22.59187 285.4139 29.02497 25.04265 6.329995 8.420298 3.955790
 [5,] 20.34180 125.6568 0.1148299 19.77138 286.0024 32.58409 24.42875 6.563133 7.928651 2.283188
 [6,] 20.34180 125.6568 0.1148299 19.77138 286.0076 32.68409 24.34750 6.563133 8.028651 2.378188
 [7,] 20.29151 147.7320 0.1172822 18.00934 285.9085 34.72068 24.00000 6.395379 6.832111 1.681159
 [8,] 20.29151 146.4820 0.1060322 18.00934 285.9085 34.72068 24.03555 6.382879 7.200861 1.687096
 [9,] 20.59408 125.8079 0.1028184 17.75185 285.9535 34.06368 24.10124 6.713553 8.815050 2.248862
[10,] 20.33628 134.2450 0.1056973 17.65913 285.9353 34.24617 24.00758 6.679893 8.477660 1.664045
[11,] 20.00000 134.2450 0.1056973 17.66206 285.9353 34.24617 24.17008 6.679893 8.477660 1.664045
[12,] 20.00000 134.2450 0.1056973 17.66206 285.9353 34.24617 24.17008 6.679893 8.477660 1.664045

$time
elapsed elapsed elapsed elapsed elapsed elapsed elapsed elapsed elapsed elapsed elapsed elapsed 
   2.10    7.05   11.10   23.83   37.27   46.24  104.02  106.69  131.08  133.86  138.38 1109.96 

$neval
 [1]   106   273   473  1055  1614  1992  4529  4662  5750  5883  6100 50081

$fbest
[1] 983.0156

$xbest
 [1]  20.0000000 134.2450398   0.1056973  17.6620597 285.9353173  34.2461656  24.1700827   6.6798930   8.4776602   1.6640450

$numeval
[1] 50081

$end_crit
[1] 1

$cpu_time
elapsed 
1109.96 

$Refset
$Refset$x
             [,1]        [,2]       [,3]        [,4]        [,5]        [,6]       [,7]        [,8]        [,9]       [,10]
 [1,]   1.0000000  20.0512900 143.682500   0.1025622  20.5026200 285.7095000  30.437390  24.4710600   6.4494760   7.4901720
 [2,]   3.4855680   2.0000000  20.050370 143.6902000   0.1025742  20.5043700 285.709800  30.4376700  24.4668700   6.4494700
 [3,]   7.4888050   3.4859980   3.000000  20.0503400 143.6801000   0.1026139  20.509750 285.7095000  30.4381400  24.4680100
 [4,]   6.4495000   7.4844090   3.486152   4.0000000  20.0515100 143.4924000   0.102633  20.5158200 285.7094000  30.4426800
 [5,]  24.4620100   6.4495920   7.488545   3.4773180   5.0000000  20.0541500 143.668700   0.1077026  20.5447500 285.7087000
 [6,]  30.4305300  24.4715000   6.449561   7.4881750   3.4862030   6.0000000  20.057450 143.6653000   0.1075391  20.5477900
 [7,] 285.7074000  30.4294200  24.466590   6.4495200   7.4880230   3.4861890   7.000000  20.0647600 143.6515000   0.1078127
 [8,]  20.5423600 285.7106000  30.431490  24.4745300   6.4496500   7.4883960   3.485962   8.0000000  20.0508800 143.7473000
 [9,]   0.1028872  20.5057900 285.710600  30.4461800  24.4714200   6.4494820   7.485435   3.4939320   9.0000000  20.1664200
[10,] 142.6204000   0.1030354  20.488070 285.7121000  30.5686300  24.4359200   6.460167   7.4787160   3.4953610  20.0527200
[11,] 143.6486000   0.1043458  20.383190 285.7136000  30.3257300  24.4019600   6.417584   7.4902520   3.2138590  20.0525800
[12,] 143.6646000   0.1018592  20.559390 285.7094000  30.4281800  24.4714100   6.447175   7.4909420   3.5315100  20.0512600

$Refset$f
 [1] 1072.828 1072.828 1072.828 1072.828 1072.993 1073.479 1073.543 1076.694 1087.941 1105.205 1087.061 1402.997

$Refset$fpen
 [1] 1072.828 1072.828 1072.828 1072.828 1072.993 1073.479 1073.543 1076.694 1087.941 1105.205 1087.061 1402.997

$Refset$const
 [1] 13.012450 28.509830 15.497380  1.612527  2.834299 13.015560 28.511190 15.495630  1.612503  2.833877 13.025340 28.515590 15.490250  1.612539  2.833881 13.027280 28.511450 15.484180  1.612587  2.832750 13.056570 28.511830 15.455250
[24]  1.612616  2.834743 13.059770 28.511980 15.452210  1.612799  2.833923 13.053960 28.511600 15.457640  1.612362  2.835527 13.020350 28.514560 15.494210  1.612407  2.833838 13.009350 28.521280 15.511930  1.612609  2.819227 12.892930
[47] 28.509750 15.616810  1.611927  2.837799 13.068450 28.509060 15.440610  1.612519  2.835142 13.407330 28.517850 15.110520  1.611037  2.857093

$Refset$penalty
 [1] 0 0 0 0 0 0 0 0 0 0 0 0


