$f
 [1] 2647.3976 1573.1979 1376.8576 1327.9115 1217.3854 1196.7118 1103.2552 1071.1163  978.5538  936.9115  871.7760  856.5434  855.3247  851.9201  851.6892  851.2431  851.0052  850.5174  850.1042  849.6649  849.6476  849.5990  849.3785
[24]  849.0729  848.7795  848.7726  848.4809  848.1910  847.9306  846.1719  845.9792  845.8854  845.6319  845.4653

$x
          [,1]     [,2]      [,3]     [,4]     [,5]     [,6]     [,7]     [,8]      [,9]    [,10]
 [1,] 20.86534 271.6976 0.8903430 16.28003 286.0446 42.87825 26.19207 3.176921  3.432190 2.058126
 [2,] 25.82358 100.0000 0.5641884 20.64789 286.7630 37.29880 24.00000 7.503771  7.701477 1.266722
 [3,] 25.44858 103.6898 0.6541884 19.74067 286.7630 37.21130 24.00000 7.503771  7.620664 1.315882
 [4,] 21.05946 262.2375 0.8453931 17.06873 285.8390 38.05885 25.27657 7.171822  7.814767 4.671963
 [5,] 20.48534 161.4776 0.1011414 30.00000 286.7672 47.87881 24.35373 2.000000  2.000000 3.226371
 [6,] 20.00000 176.6117 0.1000000 30.00000 286.7726 48.00000 24.76761 2.000000  2.000000 4.971105
 [7,] 21.60985 200.7726 0.5635933 17.07600 286.6023 37.34464 24.00000 6.070980 10.000000 1.200000
 [8,] 21.60985 200.6359 0.9404745 17.07600 286.6023 37.34464 24.00000 6.070980  9.950000 1.200000
 [9,] 20.30339 181.4468 0.1000000 27.66018 286.6991 44.53764 25.06189 6.301515  2.110950 2.962687
[10,] 20.30339 181.1343 0.1885938 27.66018 286.6944 44.53764 24.85876 6.301515  2.110950 2.965655
[11,] 21.08217 172.5206 0.1161405 26.99061 286.4837 43.16542 24.87740 6.173741  2.828540 3.322252
[12,] 21.08217 172.5206 0.1028125 26.99061 286.4837 43.16542 24.71490 6.176866  2.897290 3.298502
[13,] 20.26904 173.9341 0.1240814 27.62196 286.4734 43.14136 24.82932 6.258280  2.696273 3.084063
[14,] 20.26904 173.6216 0.1254876 27.62196 286.4760 43.14136 24.82932 6.258280  2.690023 3.084063
[15,] 20.28015 173.9874 0.1048611 27.94069 286.4633 42.88335 24.95288 6.182270  2.637174 3.269226
[16,] 20.30617 173.8645 0.1019905 27.93585 286.4631 42.88028 24.96812 6.182034  2.638045 3.279010
[17,] 20.28820 174.0796 0.1021969 27.93114 286.4637 42.88141 24.91994 6.182254  2.637003 3.276535
[18,] 20.35870 173.8746 0.1000000 27.93182 286.4633 42.88039 24.95145 6.182716  2.639305 3.277170
[19,] 20.35870 173.8941 0.1000000 27.93182 286.4633 42.88039 24.95145 6.182716  2.639305 3.277170
[20,] 20.33400 174.0748 0.1002633 27.93746 286.4652 42.87889 24.91506 6.181083  2.633579 3.278377
[21,] 20.37456 173.9237 0.1000000 27.91898 286.4651 42.88220 24.90064 6.181189  2.633670 3.276638
[22,] 20.29397 174.0696 0.1004562 27.92519 286.4638 42.87714 24.93125 6.181739  2.657783 3.282110
[23,] 20.29496 174.0222 0.1003062 27.91947 286.4640 42.87513 24.93079 6.181340  2.667806 3.278271
[24,] 20.31729 174.0679 0.1001531 27.94444 286.4639 42.87747 24.91319 6.182704  2.634801 3.266466
[25,] 20.31729 174.0679 0.1001311 27.94444 286.4639 42.87747 24.91319 6.182704  2.634801 3.266466
[26,] 20.32427 174.3266 0.1000954 27.99371 286.4601 42.89380 24.91184 6.184443  2.580998 3.265896
[27,] 20.31715 174.4467 0.1002409 27.89281 286.4601 42.89376 24.91196 6.183993  2.632723 3.272661
[28,] 20.31715 174.4467 0.1002189 27.89281 286.4601 42.89376 24.91196 6.183993  2.632723 3.272661
[29,] 20.31069 173.1984 0.1005376 27.71078 286.4620 42.88582 24.91022 6.181683  2.823716 3.270594
[30,] 20.32443 174.7009 0.1000895 27.99183 286.4599 42.89490 24.91219 6.185027  2.559754 3.262147
[31,] 20.32443 174.7009 0.1001115 27.99183 286.4599 42.89490 24.91219 6.185027  2.559754 3.262147
[32,] 20.31997 174.1088 0.1001291 27.92405 286.4613 42.87969 24.92905 6.184284  2.637702 3.264123
[33,] 20.31997 174.1088 0.1001291 27.92405 286.4613 42.87969 24.92905 6.184284  2.640827 3.264123
[34,] 20.31997 174.1088 0.1000000 27.92405 286.4613 42.87969 24.92905 6.184284  2.640827 3.264123

$time
elapsed elapsed elapsed elapsed elapsed elapsed elapsed elapsed elapsed elapsed elapsed elapsed elapsed elapsed elapsed elapsed elapsed elapsed elapsed elapsed elapsed elapsed elapsed elapsed elapsed elapsed elapsed elapsed elapsed elapsed 
   2.76    6.56   10.09   17.00   23.23   29.59   32.75   45.07  151.18  153.84  316.28  318.73  473.46  475.62  616.26  636.11  652.89  656.67  658.78  674.79  685.00  708.21  712.75  743.48  749.11  866.36  900.32  910.00  929.96  937.45 
elapsed elapsed elapsed elapsed 
 950.59 1304.29 1305.95 1324.09 

$neval
 [1]   106   259   418   702   981  1259  1400  1917  6248  6358 13135 13245 19495 19591 25572 26322 26878 27021 27094 27511 27935 28695 28832 29773 29981 33818 34959 35300 35968 36238 36714 49356 49429 50111

$fbest
[1] 845.4653

$xbest
 [1]  20.319967 174.108839   0.100000  27.924053 286.461291  42.879693  24.929054   6.184284   2.640827   3.264123

$numeval
[1] 50111

$end_crit
[1] 1

$cpu_time
elapsed 
1324.09 

$Refset
$Refset$x
            [,1]        [,2]        [,3]       [,4]       [,5]        [,6]        [,7]        [,8]        [,9]       [,10]
 [1,]   1.000000  20.3199700   0.1001291 286.461291  24.929054   2.6408270  20.3199700   0.1001291 286.4612910  24.9290540
 [2,]   2.640827   2.0000000 174.1088400  27.924053  42.879693   6.1842840   3.2641230 174.1088400  27.9240528  42.8796930
 [3,]   6.184284   3.2641230   3.0000000  20.319970 174.108839   0.1001291  27.9240530 286.4612910  42.8796900  24.9290539
 [4,]   6.184284   2.6377020   3.2641230   4.000000  20.321350 174.0839933   0.1003626  27.9350370 286.4619020  42.8797900
 [5,]  24.954085   6.1843890   2.6306080   3.257482   5.000000  20.3211800 174.0105967   0.1004155  27.9424760 286.4623830
 [6,]  42.881210  24.9567545   6.1844740   2.627811   3.260607   6.0000000  20.3236300 174.1005649   0.1003657  27.9445670
 [7,] 286.461902  42.8795600  24.9431853   6.184442   2.621582   3.2516520   7.0000000  20.3215700 174.0449044   0.1003148
 [8,]  27.939189 286.4626440  42.8792900  24.951895   6.184398   2.6305180   3.2575040   8.0000000  20.3194400 174.0892395
 [9,]   0.100503  27.9486470 286.4626980  42.881580  24.942013   6.1845240   2.6208880   3.2539750   9.0000000  20.3207200
[10,] 174.029159   0.1000340  27.9290510 286.460735  42.880710  24.9179160   6.1833860   2.6446250   3.2727320  20.3234500
[11,] 173.963562   0.1010247  27.9470610 286.460664  42.880200  24.8824609   6.1825910   2.6322000   3.2723800  20.2994900
[12,] 174.086122   0.1008468  27.8793880 286.461844  42.880240  24.9380182   6.1785420   2.6917350   3.2647110  20.3510200

$Refset$f
 [1] 845.6319 845.6319 845.8854 846.3177 846.3056 846.3177 846.3177 846.6372 848.2378 849.2674 849.8837 849.6823

$Refset$fpen
 [1] 845.6319 845.6319 845.8854 846.3177 846.3056 846.3177 846.3177 846.6372 848.2378 849.2674 849.8837 849.6823

$Refset$const
 [1] 25.283230  8.075947  2.406532 33.359173  1.541661 33.359170  1.541661 25.283225  8.075947  2.406532 25.286350 33.362298  8.075947  1.541661  2.406532 25.304430 33.369392  8.064963  1.541584  2.408205 25.314660 33.372189  8.057524
[24]  1.541537  2.408465 25.322980 33.378418  8.055433  1.541592  2.407567 25.308670 33.369482  8.060811  1.541515  2.408325 25.327760 33.379112  8.051353  1.541519  2.407676 25.284430 33.355375  8.070949  1.541722  2.405663 25.314860
[47] 33.367800  8.052939  1.541755  2.403558 25.187650 33.308265  8.120612  1.541602  2.407218 25.302890 33.371285  8.068391  1.541552  2.408021

$Refset$penalty
 [1] 0 0 0 0 0 0 0 0 0 0 0 0


