$f
 [1] 4549.089 2038.392 1552.691 1521.078 1299.470 1241.288 1223.043 1217.595 1210.762 1209.326 1208.939 1207.964 1207.399 1207.304 1206.550 1206.517 1206.365 1205.005 1204.688 1204.608 1204.380 1204.010 1203.832 1203.717 1178.932 1164.806

$x
          [,1]     [,2]      [,3]     [,4]     [,5]     [,6]     [,7]     [,8]     [,9]    [,10]
 [1,] 21.13524 346.0217 0.7132610 16.10773 285.9751 34.46301 28.89907 5.357690 7.064028 4.272983
 [2,] 20.00000 334.4866 0.9630396 16.16654 286.3783 34.93367 24.27825 6.361863 3.975249 3.955988
 [3,] 20.00000 374.4866 0.6813813 16.58580 286.2054 34.13367 24.00000 6.325849 3.283783 4.678917
 [4,] 21.35882 101.7742 0.2051678 25.18999 286.7149 40.18560 25.48995 7.349225 4.702617 2.111385
 [5,] 21.35882 101.7742 0.1102884 25.21201 286.7055 40.18560 25.81495 7.349225 5.181308 2.111385
 [6,] 20.28323 100.0620 0.1026573 29.65018 286.7394 41.08924 25.42750 7.579833 4.312744 3.433266
 [7,] 20.28323 100.0620 0.1000000 29.65018 286.7394 41.08924 25.42750 7.579833 4.325244 3.427328
 [8,] 20.00726 311.4409 0.1000000 15.20784 286.5127 36.00705 24.52003 7.454141 4.619660 3.849251
 [9,] 20.00146 311.4409 0.1000000 15.20784 286.5127 36.00705 24.56065 7.454141 4.600715 3.849251
[10,] 20.00949 308.6830 0.1000000 15.27023 286.5131 36.00440 24.52989 7.454131 4.656640 3.847290
[11,] 20.00827 307.1444 0.1057209 15.30052 286.5120 35.99926 24.52806 7.454277 4.601677 3.848871
[12,] 20.00351 308.3078 0.1009584 15.32425 286.5131 36.00571 24.54226 7.454134 4.653110 3.848328
[13,] 20.01221 307.2165 0.1059605 15.29317 286.5116 35.99619 24.52819 7.454277 4.585224 3.847441
[14,] 20.00971 306.6319 0.1059024 15.31787 286.5122 35.99345 24.52661 7.454052 4.608468 3.848300
[15,] 20.00844 310.0879 0.1048973 15.27530 286.5128 36.00774 24.53588 7.454388 4.602227 3.846863
[16,] 20.01186 306.9898 0.1056405 15.31187 286.5118 36.01496 24.52983 7.454249 4.590111 3.850395
[17,] 20.01186 306.9898 0.1056405 15.31187 286.5118 36.01496 24.52983 7.454249 4.593236 3.850395
[18,] 20.01342 311.4805 0.1046633 15.26473 286.5104 36.01974 24.51561 7.454399 4.535038 3.852554
[19,] 20.01318 312.6501 0.1045123 15.24544 286.5101 36.02665 24.50941 7.454585 4.500194 3.856860
[20,] 20.01472 314.9553 0.1037802 15.24484 286.5094 36.03161 24.50960 7.454527 4.385981 3.855553
[21,] 20.01163 311.6422 0.1051875 15.26103 286.5096 36.03200 24.48958 7.454675 4.523647 3.854538
[22,] 20.01158 314.2120 0.1038251 15.15396 286.5106 36.02735 24.50936 7.454226 4.483331 3.854730
[23,] 20.01387 315.3271 0.1033787 15.20232 286.5101 36.03034 24.50940 7.454423 4.406704 3.855079
[24,] 21.14307 300.7931 0.1000000 15.20833 286.5340 36.21049 24.53605 6.854431 4.412536 3.194335
[25,] 21.14307 300.7931 0.1000000 15.39583 286.5340 36.21049 24.45480 6.854431 4.412536 3.194335
[26,] 21.14307 300.7931 0.1000000 15.39583 286.5329 36.21049 24.45480 6.848181 4.375036 3.218085

$time
elapsed elapsed elapsed elapsed elapsed elapsed elapsed elapsed elapsed elapsed elapsed elapsed elapsed elapsed elapsed elapsed elapsed elapsed elapsed elapsed elapsed elapsed elapsed elapsed elapsed elapsed 
   2.11    6.22    9.40   33.39   45.87   74.48   79.37  331.08  333.25  343.09  346.48  349.62  352.73  356.50  359.59  432.84  434.42  453.12  462.36  548.51  575.19  581.31  621.01  626.26  656.39 1154.51 

$neval
 [1]   106   270   413  1423  1986  3190  3408 14618 14716 15154 15302 15439 15577 15712 15849 19042 19115 19926 20330 23989 25149 25423 27261 27465 28762 50001

$fbest
[1] 1164.806

$xbest
 [1]  21.143067 300.793124   0.100000  15.395827 286.532855  36.210488  24.454805   6.848181   4.375036   3.218085

$numeval
[1] 50001

$end_crit
[1] 1

$cpu_time
elapsed 
1154.51 

$Refset
$Refset$x
             [,1]        [,2]       [,3]        [,4]        [,5]        [,6]       [,7]        [,8]        [,9]       [,10]
 [1,]   1.0000000  20.0114300 315.100100   0.1031652  15.2040500 286.5086000  36.046610  24.4914600   7.4576250   4.3938940
 [2,]   3.8274980   2.0000000  20.014090 315.1547000   0.1031526  15.2024500 286.508700  36.0458100  24.4953700   7.4573960
 [3,]   4.3939760   3.8275850   3.000000  20.0128900 315.1182000   0.1031224  15.203970 286.5087000  36.0464100  24.4991000
 [4,]   7.4574720   4.3937580   3.827671   4.0000000  20.0114100 315.1341000   0.103164  15.2020900 286.5085000  36.0401500
 [5,]  24.4950900   7.4575730   4.394526   3.8270020   5.0000000  20.0124300 315.122100   0.1031655  15.2040400 286.5087000
 [6,]  36.0466100  24.4914600   7.457633   4.3942450   3.8274200   6.0000000  20.015910 315.2731000   0.1031719  15.2028100
 [7,] 286.5089000  36.0455800  24.491280   7.4562220   4.3966940   3.8385740   7.000000  20.0163500 315.1578000   0.1030279
 [8,]  15.2259400 286.5080000  36.017950  24.4933800   7.4569910   4.3907620   3.836394   8.0000000  20.0160200 315.0651000
 [9,]   0.1031884  15.2033000 286.508900  36.0424800  24.4916800   7.4577400   4.393962   3.8319110   9.0000000  20.0155500
[10,] 315.2013000   0.1031559  15.191620 286.5090000  36.0385100  24.5086200   7.457621   4.3940910   3.8304100  20.0119100
[11,] 315.0961000   0.1031619  15.201810 286.5086000  36.0531100  24.4908000   7.457701   4.3944100   3.8273460  20.0111100
[12,] 321.2876000   0.1183182  15.366860 286.4885000  34.9677000  24.7815200   7.448214   4.3801110   3.8396430  20.0243600

$Refset$f
 [1] 1201.250 1201.250 1201.250 1201.250 1201.250 1201.793 1201.878 1202.099 1202.099 1201.250 1384.825 1662.073

$Refset$fpen
 [1] 1201.250 1201.250 1201.250 1201.250 1201.250 1201.793 1201.878 1202.099 1202.099 1201.250 1384.825 1662.073

$Refset$const
 [1] 10.810160 31.606110 20.795950  1.529319  2.693699 10.808470 31.606020 20.797550  1.529295  2.694105 10.810210 31.606240 20.796030  1.529291  2.694361 10.807570 31.605470 20.797910  1.529310  2.694316 10.809790 31.605750 20.795960
[24]  1.529314  2.693717 10.806120 31.603310 20.797190  1.529290  2.693834 10.835180 31.609240 20.774060  1.529318  2.695266 10.809330 31.606040 20.796700  1.529281  2.694046 10.797530 31.605910 20.808380  1.529210  2.695713 10.807400
[47] 31.605590 20.798190  1.529337  2.693270 10.986750 31.619890 20.633140  1.527947  2.776562 12.238430 32.522570 20.284140  1.523407  2.777361

$Refset$penalty
 [1] 0 0 0 0 0 0 0 0 0 0 0 0


