$f
 [1] 3945.8646  867.8924  704.0625  655.9479  565.8733  560.8125  545.1806  507.3281  423.4045  415.2622  404.9826  402.7778  379.2361  359.0156  353.7812  352.1632  351.8316  350.0122  348.6528  330.3976  328.5747  324.3403  324.2326
[24]  324.1997  324.1997

$x
          [,1]     [,2]      [,3]     [,4]     [,5]     [,6]     [,7]     [,8]     [,9]    [,10]
 [1,] 26.76175 188.6353 0.3805808 29.12737 286.6191 41.61361 25.11940 2.911875 4.381306 3.054955
 [2,] 20.00000 209.3311 0.2729208 21.68926 286.7708 42.67772 25.10581 5.700877 6.160889 4.112086
 [3,] 20.00000 209.3311 0.2039735 21.69868 286.6080 42.67772 25.10581 5.741094 5.975323 4.712918
 [4,] 22.23831 230.3232 0.3086460 21.85331 285.8842 34.42291 26.35622 6.690827 3.054891 2.590372
 [5,] 21.78539 165.9561 0.3210494 19.78266 286.5701 43.52940 25.36253 6.512587 6.069469 2.117968
 [6,] 22.70974 126.2242 0.4011552 19.43484 286.5364 44.22525 25.51222 6.862779 6.088612 2.102556
 [7,] 20.00206 227.9022 0.2759017 19.36090 286.7820 43.88803 24.79104 9.723320 5.372305 4.231135
 [8,] 22.84829 125.0409 0.5760435 24.26344 286.5525 43.62310 25.31988 7.657750 4.201564 3.648184
 [9,] 20.11094 225.8200 0.2830989 19.37672 286.5849 44.61998 24.98747 7.671427 4.609952 3.413093
[10,] 20.00000 225.8200 0.2605989 19.37672 286.5849 44.62623 24.98747 7.696427 4.609952 3.413093
[11,] 20.41773 213.7668 0.2977373 19.09324 286.6133 44.49791 25.15052 7.734243 4.875394 3.261395
[12,] 20.41773 213.7619 0.2977373 19.08885 286.6133 44.49791 25.18861 7.734243 4.869144 3.261395
[13,] 21.12435 208.2392 0.2693816 19.66361 286.4545 43.37844 26.02293 7.551029 4.759616 3.858765
[14,] 21.12435 208.2392 0.3509441 18.91361 286.4545 43.37844 26.02293 7.551029 4.809616 3.835015
[15,] 21.17142 207.3101 0.2622297 18.87483 286.4501 43.43752 25.99153 7.550884 4.742385 3.843789
[16,] 21.17142 207.3101 0.3072297 18.87483 286.4501 43.43752 25.99153 7.550884 4.742385 3.843789
[17,] 21.15033 206.8765 0.3443819 19.13376 286.4532 43.47069 25.91164 7.554648 4.896841 3.827229
[18,] 21.14997 206.8765 0.3668819 19.13376 286.4532 43.47069 25.91164 7.554844 4.890591 3.833167
[19,] 21.18041 202.8806 0.3432960 19.04309 286.4587 43.48625 26.03497 7.595232 5.083893 3.392388
[20,] 21.18041 201.6306 0.3432960 18.29309 286.4587 43.48625 26.03497 7.595232 5.236269 3.392388
[21,] 21.01152 202.2438 0.3352169 19.02651 286.4568 43.44200 26.03547 7.596260 5.048052 3.350151
[22,] 20.94121 201.6188 0.3155294 19.02651 286.4568 43.44200 26.03547 7.596260 5.052739 3.350151
[23,] 20.96765 202.4068 0.3306482 19.06811 286.4555 43.41574 26.04577 7.595862 5.041540 3.392016
[24,] 20.95479 202.4876 0.3300220 19.07463 286.4529 43.41898 26.01818 7.597004 5.033389 3.387759
[25,] 20.95479 202.4876 0.3300220 19.07463 286.4529 43.41898 26.01818 7.597004 5.033389 3.387759

$time
elapsed elapsed elapsed elapsed elapsed elapsed elapsed elapsed elapsed elapsed elapsed elapsed elapsed elapsed elapsed elapsed elapsed elapsed elapsed elapsed elapsed elapsed elapsed elapsed elapsed 
   2.51    7.48   11.83   16.66   20.75   28.44   32.25   36.69   48.12   54.44   77.53   95.78  154.03  156.76  187.64  197.80  293.01  295.62  394.36  397.14  489.53  493.11 1075.03 1328.95 1362.69 

$neval
 [1]   106   265   423   569   713   996  1132  1267  1677  1905  2710  3346  5366  5466  6571  6916 10159 10253 13636 13737 16975 17078 38452 48708 50011

$fbest
[1] 324.1997

$xbest
 [1]  20.954792 202.487560   0.330022  19.074629 286.452865  43.418981  26.018177   7.597004   5.033389   3.387759

$numeval
[1] 50011

$end_crit
[1] 1

$cpu_time
elapsed 
1362.69 

$Refset
$Refset$x
             [,1]        [,2]       [,3]       [,4]       [,5]       [,6]        [,7]        [,8]        [,9]       [,10]
 [1,]   1.0000000  20.9547900   0.330022 286.452865  26.018177   5.033389  20.9547900   0.3300220 286.4528650  26.0181770
 [2,]   5.0333890   2.0000000 202.487560  19.074629  43.418981   7.597004   3.3877590 202.4875600  19.0746290  43.4189810
 [3,]   7.5970040   3.3877590   3.000000  20.954790 202.487560   0.330022  19.0746290 286.4528650  43.4189800  26.0181770
 [4,]   7.5970040   5.0333890   3.387759   4.000000  20.952160 202.547155   0.3299798  19.0728770 286.4536220  43.4270600
 [5,]  26.0262760   7.5969770   5.033423   3.388336   5.000000  20.956100 202.4966750   0.3296166  19.0700760 286.4526010
 [6,]  43.4216600  26.0167720   7.596943   5.033263   3.389812   6.000000  20.9552700 202.4680640   0.3299808  19.0727980
 [7,] 286.4527320  43.4184200  26.019376   7.596974   5.033401   3.387836   7.0000000  20.9587900 202.4914450   0.3309703
 [8,]  19.0746170 286.4532790  43.419920  26.021349   7.596593   5.032539   3.3894530   8.0000000  20.9545600 202.3806340
 [9,]   0.3285329  19.0570270 286.456177  43.415380  26.033221   7.596064   5.0345060   3.3906380   9.0000000  20.9526300
[10,] 202.3703680   0.3291825  19.060132 286.456036  43.415980  26.032949   7.5960550   5.0355400   3.3913920  20.9634800
[11,] 202.5064250   0.3273393  19.072325 286.453745  43.426530  26.019073   7.5969620   5.0200800   3.3894740  20.9648400
[12,] 202.3349670   0.3289809  19.060031 286.440052  43.418380  26.015679   7.5992980   5.0366330   3.3911630  20.9501400

$Refset$f
 [1] 324.1997 324.1997 324.1997 324.2691 324.2691 324.3021 324.4080 325.1198 325.7465 324.9913 325.8976 369.2396

$Refset$fpen
 [1] 324.1997 324.1997 324.1997 324.2691 324.2691 324.3021 324.4080 325.1198 325.7465 324.9913 325.8976 369.2396

$Refset$const
 [1] 14.041240 16.925371  2.449901 30.966611  1.541773 30.966610  1.541773 14.041240 16.925371  2.449901 14.041240 30.966611 16.925371  1.541773  2.449901 14.039450 30.966577 16.927123  1.541695  2.450338 14.036810 30.966737 16.929924
[24]  1.541802  2.449635 14.039400 30.966599 16.927202  1.541784  2.449951 14.042080 30.967461 16.925383  1.541730  2.450189 14.022520 30.965494 16.942973  1.541430  2.451992 14.024590 30.964460 16.939868  1.541445  2.451909 14.052240
[47] 30.979920 16.927675  1.541691  2.449963 14.023400 30.963367 16.939969  1.543028  2.445705 14.133830 31.076048 16.942219  1.520832  2.520249

$Refset$penalty
 [1] 0 0 0 0 0 0 0 0 0 0 0 0


