$f
 [1] 3171.474 1711.019 1576.220 1575.903 1515.929 1434.380 1403.075 1385.767 1376.382 1375.648 1365.161 1365.092 1364.785 1361.684 1361.212 1360.196 1359.967 1359.938 1359.691 1358.950 1358.766 1358.675 1358.497 1358.163 1358.014 1357.906
[27] 1357.436 1357.337 1357.337

$x
          [,1]     [,2]      [,3]     [,4]     [,5]     [,6]     [,7]     [,8]      [,9]    [,10]
 [1,] 31.74588 372.9972 0.6121810 20.27193 285.2390 25.11157 24.64323 4.371976  7.996818 2.980029
 [2,] 24.91448 345.8752 0.4526068 19.94890 285.6124 39.13932 25.19115 3.039793  6.791160 2.684728
 [3,] 24.91448 345.8752 0.5988568 19.94890 285.6124 39.13932 24.86615 3.239793  6.603660 2.886603
 [4,] 25.18961 356.9483 0.4676467 15.92750 286.3185 42.00552 24.11414 3.248825  8.862925 3.703420
 [5,] 20.35110 387.2007 0.4553722 15.00000 286.7572 47.23772 24.00000 2.119347 10.000000 5.000000
 [6,] 22.24686 399.1095 0.4296392 15.00000 286.8575 45.72626 24.22819 3.041367  9.061792 3.657279
 [7,] 22.24686 399.1095 0.3382330 15.00000 286.8575 45.70126 24.22819 3.041367  9.049292 3.669154
 [8,] 23.35405 363.9550 0.4610063 16.19661 286.5989 43.29473 24.15035 3.088262  9.172177 3.480859
 [9,] 23.35405 363.9550 0.4850785 16.19579 286.5989 43.29473 24.15035 3.093503  9.204165 3.504609
[10,] 23.08191 364.1445 0.4522755 16.09247 286.5992 43.29284 24.16261 3.089891  9.247462 3.471962
[11,] 23.08191 364.1445 0.4297755 16.09247 286.5992 43.29284 24.16261 3.089891  9.234962 3.471962
[12,] 23.14060 364.7363 0.4483244 16.00850 286.5986 43.28719 24.16197 3.082491  9.279995 3.436836
[13,] 23.14060 364.7559 0.4483244 16.00850 286.5986 43.28719 24.16197 3.082491  9.279995 3.436836
[14,] 23.09166 366.8508 0.4463266 16.03199 286.5996 43.29904 24.15980 3.079323  9.237524 3.477137
[15,] 23.12494 365.4668 0.4373247 16.02413 286.5992 43.29147 24.15867 3.079180  9.250809 3.480411
[16,] 23.12032 365.4660 0.4375887 16.02410 286.5992 43.29190 24.15863 3.079244  9.254085 3.481475
[17,] 23.11784 365.4654 0.4375610 16.02410 286.5992 43.29183 24.15862 3.079269  9.253442 3.481345
[18,] 23.11478 365.5385 0.4345655 16.02409 286.5992 43.29269 24.15865 3.078297  9.253560 3.481346
[19,] 23.09919 365.6265 0.4362677 16.02627 286.5994 43.29599 24.15973 3.079312  9.254246 3.477025
[20,] 23.07722 365.7894 0.4333345 16.02953 286.5995 43.29629 24.16163 3.079218  9.254194 3.476577
[21,] 23.08308 365.7504 0.4333345 16.02953 286.5995 43.29629 24.16163 3.079218  9.254194 3.476577
[22,] 23.11268 365.0956 0.4331925 16.02589 286.5990 43.29225 24.15758 3.079677  9.259565 3.492002
[23,] 23.10888 365.0941 0.4329736 16.02715 286.5992 43.29475 24.15721 3.079754  9.259307 3.483663
[24,] 23.10890 365.0843 0.4338064 16.02332 286.5991 43.30376 24.15636 3.081049  9.261983 3.473161
[25,] 23.10890 365.0843 0.4338064 16.02351 286.5991 43.30376 24.15636 3.081049  9.261983 3.473161
[26,] 23.10353 365.1116 0.4336878 16.02761 286.5990 43.30387 24.15670 3.080479  9.261753 3.475566
[27,] 23.10060 365.1317 0.4337496 16.02826 286.5990 43.30383 24.15673 3.080476  9.261784 3.475805
[28,] 23.10371 365.1125 0.4337620 16.02767 286.5989 43.30358 24.15700 3.079598  9.261175 3.476087
[29,] 23.10371 365.1125 0.4337620 16.02767 286.5989 43.30358 24.15700 3.079598  9.261175 3.476087

$time
elapsed elapsed elapsed elapsed elapsed elapsed elapsed elapsed elapsed elapsed elapsed elapsed elapsed elapsed elapsed elapsed elapsed elapsed elapsed elapsed elapsed elapsed elapsed elapsed elapsed elapsed elapsed elapsed elapsed 
   4.72   11.46   16.88   50.28   56.67   82.71   87.91  228.19  233.16  324.74  328.42  424.81  428.80  435.08  461.10  468.22  474.64  480.89  487.16  494.02  497.55  581.60  655.85  970.92  974.21  998.39 1004.39 1082.17 1805.21 

$neval
 [1]   106   272   390  1092  1232  1789  1889  4865  4976  6887  6967  9016  9089  9226  9770  9910 10049 10190 10329 10468 10546 12314 13863 20546 20619 21163 21301 22992 38398

$fbest
[1] 1357.337

$xbest
 [1]  23.103705 365.112456   0.433762  16.027673 286.598924  43.303582  24.156997   3.079598   9.261175   3.476087

$numeval
[1] 38398

$end_crit
[1] 2

$cpu_time
elapsed 
1805.21 

$Refset
$Refset$x
             [,1]        [,2]       [,3]        [,4]        [,5]        [,6]        [,7]        [,8]       [,9]       [,10]
 [1,]   1.0000000  23.1017900 365.190100   0.4337374  16.0270000 286.5991000  43.3037600  24.1572500   3.079238   9.2605130
 [2,]   3.4733400   2.0000000  23.101790 365.1892000   0.4338007  16.0268800 286.5991000  43.3037000  24.156320   3.0790910
 [3,]   9.2607590   3.4736130   3.000000  23.1018000 365.1926000   0.4336718  16.0269700 286.5991000  43.303560  24.1575600
 [4,]   3.0793600   9.2603260   3.473270   4.0000000  23.1023600 365.1827000   0.4334338  16.0275000 286.598900  43.3029900
 [5,]  24.1567100   3.0791270   9.259980   3.4749730   5.0000000  23.1023700 365.1936000   0.4334905  16.026850 286.5990000
 [6,]  43.3035500  24.1569400   3.079205   9.2601500   3.4736140   6.0000000  23.1022900 365.1905000   0.433512  16.0263300
 [7,] 286.5991000  43.3023400  24.157440   3.0793700   9.2603720   3.4735010   7.0000000  23.1014400 365.183100   0.4336042
 [8,]  16.0272700 286.5989000  43.303580  24.1569300   3.0792150   9.2604910   3.4736890   8.0000000  23.101770 365.1852000
 [9,]   0.4337003  16.0271200 286.599100  43.3037500  24.1571900   3.0792360   9.2605050   3.4734390   9.000000  23.1014000
[10,] 365.1950000   0.4336013  16.025650 286.5991000  43.3036600  24.1562800   3.0795430   9.2613050   3.473341  23.1255300
[11,] 365.1624000   0.4367799  16.028990 286.5991000  43.2947100  24.1674900   3.0795820   9.2528600   3.474514  22.9709300
[12,] 362.8438000   0.4316540  16.108590 286.5844000  43.2746600  24.2087400   3.0805140   9.2678040   3.468217  22.9897400

$Refset$f
 [1] 1357.337 1357.337 1357.337 1357.337 1357.337 1357.337 1357.337 1357.337 1357.436 1361.601 1394.387 1464.641

$Refset$fpen
 [1] 1357.337 1357.337 1357.337 1357.337 1357.337 1357.337 1357.337 1357.337 1357.436 1361.601 1394.387 1464.641

$Refset$const
 [1]  6.766484 26.739490 19.973000  1.529614  2.391041  6.766119 26.739240 19.973120  1.529615  2.390987  6.766640 26.739670 19.973030  1.529614  2.391065  6.767518 26.740020 19.972500  1.529633  2.390968  6.766701 26.739850 19.973150
[24]  1.529619  2.391014  6.765961 26.739630 19.973670  1.529613  2.391099  6.766778 26.739510 19.972730  1.529629  2.390976  6.766620 26.739500 19.972880  1.529616  2.391033  6.764340 26.738700 19.974350  1.529618  2.390976  6.776132
[47] 26.747140 19.971010  1.529597  2.391942  6.840788 26.732200 19.891410  1.530913  2.390203  7.342391 26.908390 19.566000  1.530822  2.407911

$Refset$penalty
 [1] 0 0 0 0 0 0 0 0 0 0 0 0


