$f
 [1] 2066.3073  625.3663  436.3941  406.2396  405.0920  377.6528  370.6007  357.3576  351.5972  345.9427  343.1458  341.5920  339.7240  339.1024  337.3681  336.6562  335.5330  335.2361  334.4375  333.2656  333.1597  332.8750  332.8056
[24]  332.7708  329.4722  329.1059  328.1302  328.1198  328.0747  327.9184  327.7222  327.5729  327.4740  327.3385  326.4983  326.4792  326.1319  326.1233  324.9913  324.7066  324.5191  324.5191

$x
          [,1]     [,2]      [,3]     [,4]     [,5]     [,6]     [,7]     [,8]     [,9]    [,10]
 [1,] 28.61693 180.8481 0.1217607 23.78874 286.0684 41.69671 29.39579 3.032834 4.879651 1.766768
 [2,] 22.70039 201.9472 0.1000000 21.23653 286.2966 42.22263 29.35798 3.031353 6.501423 1.728802
 [3,] 22.70039 221.9472 0.1337500 20.47481 286.3013 42.22263 29.68298 3.231353 6.576423 1.586302
 [4,] 21.64401 247.2260 0.7231899 20.42208 286.3595 43.90068 25.93006 2.970333 7.704002 1.724114
 [5,] 21.07722 248.5318 0.7407975 20.44468 286.3643 44.25751 26.05122 3.036929 7.926018 1.681923
 [6,] 21.64305 233.1158 0.3928171 20.41695 286.6143 43.90456 27.01902 2.881736 7.771722 2.021613
 [7,] 21.64445 205.4806 0.3960186 22.54068 286.6139 44.03591 26.94591 2.834189 7.476265 1.958567
 [8,] 21.60328 216.2844 0.3371312 22.73117 286.4635 43.54354 27.34054 2.971935 6.756120 1.734062
 [9,] 21.20770 226.5682 0.8373382 21.66656 286.4830 44.19806 25.95569 2.990147 7.820701 1.341836
[10,] 21.52168 213.5063 0.4123612 22.59231 286.4667 44.06159 25.32230 2.989933 7.092368 1.774781
[11,] 21.31280 232.4458 0.5854752 21.13331 286.4401 44.15734 25.82841 3.007623 7.709286 1.688999
[12,] 21.50661 214.5836 0.4462174 22.54471 286.4522 44.32682 25.14181 3.010521 7.072206 1.750188
[13,] 21.50661 214.5836 0.4462174 22.53592 286.4522 44.22682 25.14181 3.010521 7.059706 1.750188
[14,] 21.47942 213.2146 0.4486216 22.57997 286.4527 44.30169 25.11995 3.009393 7.071942 1.722726
[15,] 21.48755 215.9014 0.4568022 22.22105 286.4596 44.17367 25.28563 3.011610 7.277997 1.659669
[16,] 21.48755 216.0577 0.5018022 22.21812 286.4596 44.17367 25.28563 3.011610 7.277997 1.658185
[17,] 21.35307 212.1363 0.4278173 22.60322 286.4556 44.24743 25.18648 3.010669 7.139367 1.635962
[18,] 21.35307 212.1363 0.4503173 22.60322 286.4556 44.24743 25.18648 3.010669 7.139367 1.635962
[19,] 21.46070 214.2785 0.4359190 22.42566 286.4528 44.21707 25.16354 3.016778 7.119313 1.641683
[20,] 21.46070 214.2785 0.4359190 22.42566 286.4528 44.21707 25.16354 3.029278 7.113063 1.641683
[21,] 21.50103 213.8682 0.4302981 22.43449 286.4525 44.25160 25.15509 3.023300 7.084510 1.644938
[22,] 21.52472 213.9453 0.4301500 22.45625 286.4517 44.25558 25.15615 3.022580 7.084351 1.646692
[23,] 21.52835 213.6620 0.4298187 22.47106 286.4513 44.25715 25.14463 3.022749 7.083308 1.648642
[24,] 21.46835 214.3297 0.4303845 22.35134 286.4459 44.23706 25.14290 3.027044 7.146607 1.633167
[25,] 21.46835 214.3297 0.3628845 22.35720 286.4447 44.23706 25.14290 3.027044 7.171607 1.633167
[26,] 21.51063 213.6678 0.3659705 22.44417 286.4553 44.23904 25.12931 3.027308 7.083725 1.632996
[27,] 21.51063 213.6678 0.3659705 22.44417 286.4553 44.23904 25.12931 3.027308 7.077475 1.631512
[28,] 21.47314 213.6790 0.3976386 22.35745 286.4533 44.25214 25.18799 3.036881 7.038155 1.383669
[29,] 21.46640 213.6884 0.3975435 22.35717 286.4532 44.25448 25.18813 3.037598 7.039027 1.381622
[30,] 21.44464 213.8385 0.3962791 22.35796 286.4477 44.25396 25.18612 3.050306 7.041456 1.397475
[31,] 21.46266 213.4314 0.3986243 22.35703 286.4473 44.26089 25.19660 3.047099 7.041905 1.380612
[32,] 21.46218 213.4276 0.3994537 22.35711 286.4472 44.26399 25.19548 3.045768 7.041798 1.375521
[33,] 21.46227 213.3627 0.4002868 22.35714 286.4465 44.26525 25.19571 3.047116 7.041716 1.371692
[34,] 21.46191 213.5756 0.3991592 22.35771 286.4454 44.26829 25.19459 3.044707 7.042504 1.382756
[35,] 21.44730 213.0917 0.4015559 22.36484 286.4478 44.26808 25.20615 3.061768 7.042829 1.372326
[36,] 21.44315 212.9967 0.4006512 22.36998 286.4494 44.26913 25.20641 3.065110 7.042642 1.369868
[37,] 21.43582 212.6894 0.4006724 22.39207 286.4498 44.28135 25.18640 3.067602 7.043409 1.366330
[38,] 21.41620 214.1761 0.4009532 22.37379 286.4481 44.26418 25.19904 3.067061 7.038080 1.438038
[39,] 21.43964 214.0199 0.4009532 22.37379 286.4481 44.26731 25.15842 3.067061 7.038080 1.438038
[40,] 21.43440 213.9903 0.3992160 22.37423 286.4471 44.26221 25.19589 3.068535 7.038232 1.442179
[41,] 21.43718 213.9575 0.3995498 22.37440 286.4455 44.26294 25.19793 3.068011 7.037139 1.441582
[42,] 21.43718 213.9575 0.3995498 22.37440 286.4455 44.26294 25.19793 3.068011 7.037139 1.441582

$time
elapsed elapsed elapsed elapsed elapsed elapsed elapsed elapsed elapsed elapsed elapsed elapsed elapsed elapsed elapsed elapsed elapsed elapsed elapsed elapsed elapsed elapsed elapsed elapsed elapsed elapsed elapsed elapsed elapsed elapsed 
   2.33    6.55    9.71   20.28   27.72   31.11   34.52   37.83   57.46   70.85   77.64   81.64   83.78  110.75  114.13  119.53  220.94  222.77  285.89  288.47  295.42  302.33  309.75  316.33  326.14  406.36  408.25  688.36  708.69  738.60 
elapsed elapsed elapsed elapsed elapsed elapsed elapsed elapsed elapsed elapsed elapsed elapsed 
 742.10  745.69  749.05  768.31  813.00  856.81  890.03  988.67  990.81 1030.16 1059.99 1272.24 

$neval
 [1]   106   268   396   830  1108  1250  1390  1527  2288  2838  3112  3251  3340  4416  4552  4773  8726  8799 11243 11321 11602 11881 12156 12423 12788 15940 16019 27131 27899 29068 29206 29346 29483 30229 32047 33760 35066 38968 39057
[40] 40570 41718 50068

$fbest
[1] 324.5191

$xbest
 [1]  21.4371788 213.9574915   0.3995498  22.3743966 286.4455316  44.2629437  25.1979302   3.0680111   7.0371395   1.4415824

$numeval
[1] 50068

$end_crit
[1] 1

$cpu_time
elapsed 
1272.24 

$Refset
$Refset$x
             [,1]        [,2]       [,3]        [,4]        [,5]       [,6]        [,7]       [,8]        [,9]       [,10]
 [1,]   1.0000000  21.4446300 213.991200   0.4002877  22.3694400 286.447800  44.2678900  25.213430   3.0680830   7.0376810
 [2,]   1.4424970   2.0000000  21.432400 214.0015000   0.3995675  22.371270 286.4502000  44.263800  25.2141800   3.0677640
 [3,]   7.0391570   1.4374560   3.000000  21.4324800 213.9947000   0.399539  22.3715700 286.450100  44.2633100  25.2145200
 [4,]   3.0677000   7.0392990   1.437497   4.0000000  21.4326100 213.991600   0.3994843  22.372810 286.4491000  44.2639600
 [5,]  25.2101500   3.0677520   7.038573   1.4381690   5.0000000  21.432360 213.9900000   0.399581  22.3749600 286.4492000
 [6,]  44.2656700  25.2070300   3.067884   7.0376750   1.4385670   6.000000  21.4323800 213.989200   0.3995289  22.3735900
 [7,] 286.4495000  44.2632600  25.211200   3.0677210   7.0385810   1.437995   7.0000000  21.434370 213.9940000   0.4005381
 [8,]  22.3748500 286.4472000  44.268690  25.2126500   3.0684340   7.036803   1.4353620   8.000000  21.4280200 214.1547000
 [9,]   0.3997057  22.3742300 286.447000  44.2664900  25.2127800   3.064642   7.0387110   1.444953   9.0000000  21.4505500
[10,] 214.0857000   0.4033329  22.368410 286.4471000  44.2739700  25.100860   3.0662100   7.033767   1.4396940  21.4312600
[11,] 214.0197000   0.3995546  22.372980 286.4494000  44.2643400  25.212560   3.0678210   7.038557   1.4374570  21.3517500
[12,] 210.9866000   0.3986156  22.393450 286.4787000  44.8748000  24.934690   3.1269160   7.345054   1.3963380  31.8534500

$Refset$f
 [1]  324.5191  324.5330  324.5330  324.5330  324.5330  324.5330  324.5451  325.3872  325.7795  324.7326  335.0156 2352.1024

$Refset$fpen
 [1]  324.5191  324.5330  324.5330  324.5330  324.5330  324.5330  324.5451  325.3872  325.7795  324.7326  335.0156 2352.1024

$Refset$const
 [1] 15.331760 28.962320 13.630560  1.543223  2.372641 15.332110 28.960840 13.628730  1.543006  2.373529 15.332270 28.960700 13.628430  1.543011  2.373547 15.334230 28.961430 13.627190  1.543110  2.372958 15.337280 28.962330 13.625040
[24]  1.543098  2.372774 15.335010 28.961420 13.626410  1.543066  2.373184 15.338050 28.963200 13.625150  1.543277  2.372391 15.335520 28.961290 13.625770  1.543303  2.372381 15.334650 28.966230 13.631590  1.543340  2.365888 15.334420
[47] 28.961440 13.627020  1.543079  2.373180 15.048400 28.654950 13.606550  1.540646  2.347616 16.648840 31.884450 15.235610  1.587071  3.200513

$Refset$penalty
 [1] 0 0 0 0 0 0 0 0 0 0 0 0


