$f
 [1] 1484.1997 1355.6076  854.0747  724.6111  647.0000  637.3316  608.2240  587.3576  579.6476  568.5677  567.7569  567.3351  566.8299  566.7274  566.5955  566.3889  566.1840  566.0087  565.9514  565.7240  565.6111  565.4306  565.2587
[24]  565.1562  565.0885  565.0885

$x
          [,1]     [,2]      [,3]     [,4]     [,5]     [,6]     [,7]     [,8]     [,9]    [,10]
 [1,] 31.13413 335.7337 0.6856733 22.15398 285.4594 26.53415 25.59035 4.751574 3.531271 3.915989
 [2,] 27.82543 337.0463 0.1511874 16.57162 285.5531 35.83721 27.02342 3.453901 2.409478 2.822355
 [3,] 27.82543 336.8934 0.1000000 16.57817 286.0808 35.83721 27.01206 4.253901 4.009478 3.672061
 [4,] 27.54817 340.1013 0.1000000 15.00000 286.7137 37.18387 25.35970 4.376307 6.026699 3.561287
 [5,] 27.62192 341.6826 0.1004973 15.84071 286.5765 37.06939 25.19023 5.052553 4.876450 3.736048
 [6,] 27.65506 347.7114 0.1004769 15.74177 286.5815 37.09079 24.39951 4.994582 4.755168 3.681773
 [7,] 25.26016 349.4569 0.1238549 16.42678 286.5906 37.39781 25.27356 4.985619 5.871199 3.644280
 [8,] 25.26016 349.4569 0.1020580 16.42678 286.5906 37.39781 24.78606 4.985619 5.871199 3.644280
 [9,] 24.45307 382.1089 0.1112217 16.61863 286.5758 37.26288 24.68909 5.040274 5.072387 3.835256
[10,] 24.44135 383.0464 0.1112217 16.60691 286.5618 37.16288 24.85159 5.040274 5.072387 3.835256
[11,] 24.47743 378.9569 0.1126045 16.63220 286.5747 37.20424 24.73898 5.043651 5.147548 3.865236
[12,] 24.45867 378.7490 0.1128689 16.63878 286.5755 37.19727 24.83585 5.041959 5.177961 3.883051
[13,] 24.45865 378.7458 0.1127568 16.64191 286.5745 37.19716 24.87516 5.042316 5.173476 3.877667
[14,] 24.42909 378.9873 0.1128325 16.64215 286.5735 37.19570 24.87338 5.042193 5.188521 3.878526
[15,] 24.41393 379.0782 0.1128683 16.64215 286.5728 37.19697 24.86871 5.042125 5.192683 3.881577
[16,] 24.41393 379.0391 0.1128683 16.64215 286.5728 37.19697 24.86871 5.042125 5.192683 3.881577
[17,] 24.38829 379.0314 0.1128011 16.64239 286.5742 37.19253 24.88297 5.042620 5.212712 3.867017
[18,] 24.39128 378.6501 0.1127956 16.64317 286.5742 37.19827 24.86514 5.042565 5.225364 3.891268
[19,] 24.43176 378.7529 0.1118868 16.65074 286.5745 37.18393 24.88396 5.042645 5.190511 3.908141
[20,] 24.43237 378.7342 0.1118290 16.65232 286.5746 37.18593 24.88646 5.042534 5.190501 3.912775
[21,] 24.43239 378.7368 0.1118154 16.65229 286.5746 37.18629 24.88612 5.042551 5.190497 3.911825
[22,] 24.44082 379.0962 0.1117948 16.61262 286.5748 37.19404 24.87348 5.042597 5.200728 3.895485
[23,] 24.44999 378.9676 0.1117000 16.61734 286.5736 37.19763 24.87253 5.042769 5.195544 3.887184
[24,] 24.43914 379.0174 0.1117686 16.62397 286.5742 37.19678 24.87386 5.042359 5.195907 3.887819
[25,] 24.43914 379.0174 0.1117686 16.62397 286.5742 37.19678 24.87386 5.042359 5.195907 3.888561
[26,] 24.43914 379.0174 0.1117686 16.62397 286.5742 37.19678 24.87386 5.042359 5.195907 3.888561

$time
elapsed elapsed elapsed elapsed elapsed elapsed elapsed elapsed elapsed elapsed elapsed elapsed elapsed elapsed elapsed elapsed elapsed elapsed elapsed elapsed elapsed elapsed elapsed elapsed elapsed elapsed 
   2.09    5.55    8.30   14.28   17.81   29.28   35.72   40.42   67.70   72.66  157.92  171.09  176.69  182.84  185.67  189.89  216.34  301.02  324.20  355.33  357.98  469.75  473.94  579.70  581.17 1052.59 

$neval
 [1]   106   260   396   687   828  1397  1677  1908  3141  3385  7387  8013  8293  8568  8707  8916 10265 14308 15485 17055 17193 22654 22859 27888 27961 50098

$fbest
[1] 565.0885

$xbest
 [1]  24.4391391 379.0174410   0.1117686  16.6239665 286.5741567  37.1967835  24.8738611   5.0423591   5.1959073   3.8885608

$numeval
[1] 50098

$end_crit
[1] 1

$cpu_time
elapsed 
1052.59 

$Refset
$Refset$x
             [,1]        [,2]       [,3]        [,4]       [,5]        [,6]        [,7]        [,8]        [,9]       [,10]
 [1,]   1.0000000  24.4406000 378.975400   0.1117641  16.624410 286.5747000  37.1981700  24.8697500   5.0426630   5.1964950
 [2,]   3.8943450   2.0000000  24.438330 378.9588000   0.111763  16.6245700 286.5748000  37.1964900  24.8708900   5.0428180
 [3,]   5.1990440   3.9046850   3.000000  24.4426900 378.979500   0.1117614  16.6243200 286.5749000  37.1975500  24.8675700
 [4,]   5.0428450   5.1950970   3.893899   4.0000000  24.441700 378.9552000   0.1117679  16.6244600 286.5749000  37.1973500
 [5,]  24.8698800   5.0427480   5.196468   3.8941210   5.000000  24.4431900 378.9620000   0.1117019  16.6247000 286.5749000
 [6,]  37.1976100  24.8714000   5.042775   5.1948920   3.895056   6.0000000  24.4342600 379.1271000   0.1117855  16.6249800
 [7,] 286.5742000  37.1961500  24.870160   5.0428710   5.194358   3.8938270   7.0000000  24.4371100 379.0387000   0.1117535
 [8,]  16.6242000 286.5747000  37.197990  24.8696700   5.042699   5.1965310   3.8950170   8.0000000  24.4383000 378.9589000
 [9,]   0.1117635  16.6244200 286.574800  37.1964400  24.871180   5.0428230   5.1990660   3.9041620   9.0000000  24.4406600
[10,] 378.9634000   0.1117656  16.624410 286.5748000  37.197720  24.8697300   5.0427400   5.1963630   3.8941690  24.4364300
[11,] 378.3805000   0.1117589  16.624940 286.5747000  37.197630  24.8675000   5.0430030   5.1952830   3.8938720  24.4470400
[12,] 379.0142000   0.1117836  16.619990 286.5740000  37.191850  24.9422600   5.0546540   5.2006340   3.8941650  21.4430600

$Refset$f
 [1] 565.0885 565.0885 565.0885 565.0885 565.0885 565.0885 565.0885 565.0885 565.5035 566.0972 580.4410 896.1337

$Refset$fpen
 [1] 565.0885 565.0885 565.0885 565.0885 565.0885 565.0885 565.0885 565.0885 565.5035 566.0972 580.4410 896.1337

$Refset$const
 [1] 11.427920 30.803510 19.375590  1.523251  2.685529 11.425530 30.800960 19.375430  1.523229  2.685763 11.429230 30.804900 19.375680  1.523228  2.685483 11.427990 30.803530 19.375540  1.523224  2.685666 11.429810 30.805110 19.375300
[24]  1.523219  2.685778 11.430620 30.805640 19.375020  1.523292  2.685514 11.427670 30.803470 19.375800  1.523247  2.685545 11.425360 30.800930 19.375580  1.523227  2.685790 11.428050 30.803640 19.375590  1.523235  2.685602 11.429660
[47] 30.804720 19.375060  1.523254  2.685389 11.419350 30.799370 19.380010  1.523080  2.691450 11.260820 31.393680 20.132860  1.525075  2.528018

$Refset$penalty
 [1] 0 0 0 0 0 0 0 0 0 0 0 0


