$f
 [1] 20696.203  2887.115  2404.760  1951.469  1914.696  1794.099  1782.785  1611.566  1594.340  1530.543  1526.967  1481.943  1480.165  1429.384  1418.071  1407.988  1382.543  1376.028  1327.200  1321.467  1265.080  1249.748  1192.476
[24]  1192.444  1159.967  1159.967

$x
          [,1]     [,2]      [,3]     [,4]     [,5]     [,6]     [,7]     [,8]      [,9]    [,10]
 [1,] 20.78235 120.7787 0.2653192 24.35295 284.6612 37.84801 29.78837 3.232531  8.542020 4.173409
 [2,] 20.37345 100.0000 0.1167030 20.32395 286.1770 47.54923 35.09134 2.070575  3.296961 3.369735
 [3,] 20.37345 120.0000 0.1000000 20.32395 286.3270 48.00000 35.09134 2.000000  4.146961 2.007500
 [4,] 22.98405 105.3290 0.1156366 15.00107 286.7138 42.07385 24.31026 5.423843 10.000000 3.387826
 [5,] 24.17533 105.1805 0.1111309 15.81901 286.7845 41.55438 25.01641 5.448874  9.247985 4.313289
 [6,] 21.84710 100.0000 0.1377371 15.45953 286.6264 44.94025 24.28662 5.965650 10.000000 5.000000
 [7,] 22.11860 100.0000 0.1067230 15.00000 286.7383 44.85433 24.00000 7.507496 10.000000 5.000000
 [8,] 22.47654 100.0000 0.1000000 15.00000 286.7375 41.64201 24.00000 9.935191 10.000000 5.000000
 [9,] 23.85985 110.9458 0.1000000 19.22429 286.6400 42.13664 27.71195 5.835588  3.052160 1.221334
[10,] 23.85985 100.0000 0.1000440 19.22429 286.6400 42.13664 27.63070 5.835588  4.588096 1.200000
[11,] 23.06991 107.3058 0.1000000 19.16935 286.6385 41.47197 27.98498 5.815795  5.293658 1.215017
[12,] 23.08426 104.5731 0.1014638 19.25784 286.6389 41.54716 27.95571 5.832538  5.384492 1.203490
[13,] 23.01914 102.4101 0.1024216 19.25945 286.6414 41.56541 27.95638 5.823811  5.836167 1.207302
[14,] 22.38080 112.1448 0.1145566 19.06873 286.6371 41.88677 28.82150 5.673206  4.482611 1.242367
[15,] 22.33392 112.5867 0.1145566 19.06873 286.6371 41.89561 28.82150 5.673206  4.477466 1.242367
[16,] 22.67060 104.8335 0.1018888 19.22881 286.6334 43.55365 27.59201 5.951255  5.661218 1.660004
[17,] 22.67060 104.8335 0.1018888 19.23467 286.6334 43.63490 27.59201 5.938755  5.686218 1.660004
[18,] 21.90303 106.3184 0.1108884 19.08473 286.6372 43.84745 28.18864 6.064579  5.909456 1.683178
[19,] 21.63786 106.3184 0.1000000 19.09302 286.6355 43.98887 28.23623 6.064579  5.924101 1.659428
[20,] 21.57849 109.6791 0.1095130 19.02782 286.6189 43.82367 28.15378 6.150205  5.581922 1.610770
[21,] 21.39099 104.7790 0.1000000 19.02782 286.6189 43.82367 28.31628 6.150482  5.662858 1.610770
[22,] 20.40683 110.9577 0.1091028 18.77649 286.6330 44.01066 28.16613 6.123375  6.605404 1.537766
[23,] 20.00000 110.9577 0.1094544 18.77649 286.6330 44.06066 28.24738 6.124937  6.680404 1.540735
[24,] 20.13345 111.7178 0.1101812 18.65774 286.6303 44.07987 28.09191 6.154777  6.636628 1.497765
[25,] 20.13345 111.5615 0.1101812 18.66360 286.6303 44.07987 28.09699 6.161027  6.611628 1.497765
[26,] 20.13345 111.5615 0.1101812 18.66360 286.6303 44.07987 28.09699 6.161027  6.611628 1.497765

$time
elapsed elapsed elapsed elapsed elapsed elapsed elapsed elapsed elapsed elapsed elapsed elapsed elapsed elapsed elapsed elapsed elapsed elapsed elapsed elapsed elapsed elapsed elapsed elapsed elapsed elapsed 
   2.59    6.54    9.12   16.53   20.34   23.37   26.95   32.37   35.12   44.47   56.81   65.61   69.23   74.92   77.20  101.47  110.54  143.12  145.65  178.29  180.81  237.79  240.50  337.04  339.14 1116.95 

$neval
 [1]   106   263   387   702   843   983  1123  1401  1544  1958  2509  2912  3048  3325  3423  4499  4864  6237  6364  7855  7977 10410 10538 14617 14715 50116

$fbest
[1] 1159.967

$xbest
 [1]  20.1334461 111.5615122   0.1101812  18.6635960 286.6302910  44.0798690  28.0969896   6.1610268   6.6116279   1.4977652

$numeval
[1] 50116

$end_crit
[1] 1

$cpu_time
elapsed 
1116.95 

$Refset
$Refset$x
             [,1]        [,2]       [,3]        [,4]        [,5]        [,6]        [,7]        [,8]        [,9]       [,10]
 [1,]   1.0000000  20.0242600 107.274800   0.1101167  19.5293300 286.6320000  44.0794300  28.1825100   6.1223460   6.6516520
 [2,]   1.5472680   2.0000000  20.023750 107.2974000   0.1101629  19.5241200 286.6320000  44.0814700  28.1799000   6.1223960
 [3,]   6.6501440   1.5464570   3.000000  20.0238400 107.3035000   0.1101638  19.5247600 286.6320000  44.0811900  28.1803200
 [4,]   6.1223530   6.6493350   1.546449   4.0000000  20.0244300 107.2963000   0.1101406  19.5263100 286.6321000  44.0808700
 [5,]  28.1806500   6.1223160   6.649197   1.5464970   5.0000000  20.0003200 107.7249000   0.1102219  19.5109600 286.6306000
 [6,]  44.0833000  28.1653900   6.122837   6.6451190   1.5471410   6.0000000  20.0238300 107.2994000   0.1101507  19.5250000
 [7,] 286.6320000  44.0811400  28.181060   6.1223630   6.6496750   1.5465600   7.0000000  20.0229700 107.0028000   0.1107342
 [8,]  19.5002500 286.6322000  44.081230  28.1727900   6.1232590   6.6519040   1.5462030   8.0000000  20.0356000 107.6013000
 [9,]   0.1100927  19.5219800 286.632500  44.0797300  28.1739500   6.1216350   6.6213830   1.5481250   9.0000000  20.0295900
[10,] 107.3373000   0.1101107  19.523440 286.6320000  44.0792200  28.1802900   6.1225540   6.6293720   1.5467370  20.0387400
[11,] 106.3563000   0.1100392  19.558700 286.6332000  44.0899900  28.1657400   6.1246330   6.6530660   1.5442150  20.0186600
[12,] 110.5153000   0.1039564  18.669150 286.6339000  44.5888400  27.9391100   6.1248220   6.6722070   1.2000000  20.0560300

$Refset$f
 [1] 1173.519 1173.748 1173.748 1173.748 1173.773 1173.748 1175.309 1176.424 1176.391 1180.351 1247.321 1329.417

$Refset$fpen
 [1] 1173.519 1173.748 1173.748 1173.748 1173.773 1173.748 1175.309 1176.424 1176.391 1180.351 1247.321 1329.417

$Refset$const
 [1] 12.877670 29.348350 16.470670  1.520295  2.621305 12.873980 29.349860 16.475880  1.520312  2.621025 12.875420 29.350670 16.475240  1.520308  2.621072 12.877110 29.350800 16.473690  1.520298  2.621136 12.865850 29.354880 16.489040
[24]  1.520498  2.619489 12.875330 29.350330 16.475000  1.520307  2.621118 12.848350 29.348100 16.499750  1.520307  2.620648 12.900600 29.378620 16.478020  1.520270  2.620894 12.894060 29.370630 16.476560  1.520301  2.621167 12.905630
[47] 29.346930 16.441300  1.520229  2.620199 11.996940 29.327790 17.330850  1.521408  2.585712 12.490300 29.369310 16.879010  1.521242  2.603261

$Refset$penalty
 [1] 0 0 0 0 0 0 0 0 0 0 0 0


