$f
 [1] 2380.8889 1276.2726 1229.9444 1226.8993 1199.0052 1188.6424 1135.2483 1125.7830 1106.4635 1059.3941 1004.0677  980.2622  972.1094  965.7326

$x
          [,1]     [,2]      [,3]     [,4]     [,5]     [,6]     [,7]     [,8]     [,9]    [,10]
 [1,] 23.31600 261.5361 0.2536517 23.38710 285.5138 37.83588 25.60646 7.183216 4.176561 3.758589
 [2,] 24.21649 180.3471 0.3753326 23.24296 286.0088 34.81206 30.20296 4.348252 7.421350 2.872274
 [3,] 24.21649 180.3666 0.3071294 23.24296 286.0158 34.81206 30.20296 4.348252 7.421350 2.866336
 [4,] 24.46350 178.6333 0.3063731 23.57053 285.8571 35.17633 29.44317 4.589126 7.016857 2.712522
 [5,] 23.38309 234.9669 0.3230178 23.14678 285.9669 36.27470 27.81063 4.380973 5.907286 3.794971
 [6,] 21.97465 186.0650 0.2877921 23.12870 285.5936 32.62660 27.89579 6.083275 8.011523 2.841403
 [7,] 21.97465 186.0650 0.3327921 23.16385 285.5889 32.62660 27.85516 6.083275 8.049023 2.829528
 [8,] 21.77366 193.7845 0.2980428 23.35595 285.5550 35.54710 27.54395 6.177242 6.865648 3.073045
 [9,] 21.76194 193.7845 0.2966365 23.35448 285.5550 35.54710 27.50332 6.178609 6.793773 3.073045
[10,] 20.76306 190.4552 0.2891345 22.99941 285.5116 35.31566 26.90348 7.387677 6.994859 3.613324
[11,] 20.80994 189.5177 0.3425720 23.01113 285.5116 35.21566 26.83238 7.387677 7.069859 3.613324
[12,] 21.50431 190.6671 0.2798814 23.80533 285.5141 35.66466 27.70051 7.542987 6.201818 4.455034
[13,] 21.50431 190.6671 0.3037877 23.80533 285.5047 35.66466 27.70051 7.542987 6.195568 4.472847
[14,] 21.50431 190.6671 0.3037877 23.99283 285.5047 35.66466 27.70051 7.542987 6.189318 4.455034

$time
elapsed elapsed elapsed elapsed elapsed elapsed elapsed elapsed elapsed elapsed elapsed elapsed elapsed elapsed 
   3.19    7.50   10.03   25.11   38.78   45.48   48.89   90.19   93.22  223.31  226.65  353.75  356.37 1295.51 

$neval
 [1]   106   266   369   938  1490  1766  1872  3485  3606  8614  8745 13496 13597 50024

$fbest
[1] 965.7326

$xbest
 [1]  21.5043096 190.6670572   0.3037877  23.9928345 285.5046838  35.6646630  27.7005079   7.5429869   6.1893184   4.4550342

$numeval
[1] 50024

$end_crit
[1] 1

$cpu_time
elapsed 
1295.51 

$Refset
$Refset$x
             [,1]        [,2]       [,3]        [,4]        [,5]        [,6]        [,7]        [,8]        [,9]       [,10]
 [1,]   1.0000000  22.3434600 190.777600   0.4071855  23.3643500 285.6928000  35.8274700  27.8229100   5.6621210   7.0571230
 [2,]   2.2731160   2.0000000  22.346820 190.7472000   0.4075906  23.3674800 285.6940000  35.8296300  27.8247200   5.6619010
 [3,]   7.0565610   2.2731580   3.000000  22.3458100 190.7621000   0.4074978  23.3665800 285.6936000  35.8300000  27.8243900
 [4,]   5.6620300   7.0569970   2.272994   4.0000000  22.3465900 190.3705000   0.4068278  23.3872200 285.6935000  35.8283300
 [5,]  27.8256000   5.6624170   7.056864   2.2721740   5.0000000  22.3398900 191.2863000   0.4093586  23.3637900 285.6955000
 [6,]  35.8336800  27.8248800   5.661735   7.0467310   2.2742180   6.0000000  22.3436300 190.7773000   0.4073919  23.3578500
 [7,] 285.6935000  35.8274800  27.827970   5.6624310   7.0595670   2.2637270   7.0000000  22.2571600 190.3678000   0.4069256
 [8,]  23.4744500 285.6891000  35.936310  27.8203600   5.6674510   7.0539610   2.2753280   8.0000000  22.2957400 190.6519000
 [9,]   0.4074998  23.3557800 285.780600  35.7189200  28.7633700   5.6715110   7.0041080   2.3099220   9.0000000  21.7107300
[10,] 194.7484000   0.4235188  23.361680 285.7369000  35.3804800  27.6395200   5.9167770   7.0784550   2.2735380  22.3570800
[11,] 190.7556000   0.4073503  23.360280 285.6969000  35.2781100  27.8592000   5.5677880   7.0574550   2.2735460  22.7482800
[12,] 242.5998000   0.4024797  23.660630 285.6963000  32.4958000  27.8250300   5.9548030   5.4094940   1.8906360  20.0000000

$Refset$f
 [1] 1009.354 1009.354 1009.354 1009.460 1010.174 1027.068 1057.137 1090.477 1142.658 1212.727 1239.606 1536.432

$Refset$fpen
 [1] 1009.354 1009.354 1009.354 1009.460 1010.174 1027.068 1057.137 1090.477 1142.658 1212.727 1239.606 1536.432

$Refset$const
 [1] 16.307230 28.942880 12.635650  1.616809  2.738153 16.310920 28.943440 12.632520  1.616657  2.738486 16.309590 28.943000 12.633420  1.616699  2.738344 16.330360 28.943140 12.612780  1.616709  2.738540 16.317060 28.953270 12.636210
[24]  1.616465  2.738634 16.298290 28.940430 12.642150  1.616707  2.738808 16.420490 28.946040 12.525550  1.617417  2.729356 16.351670 28.995890 12.644220  1.603091  2.859130 16.283230 28.921550 12.638320  1.610904  2.765226 16.302830
[47] 28.942550 12.639720  1.615367  2.782404 18.251140 30.590510 12.339370  1.608256  3.021956 15.418600 28.945190 13.526600  1.556982  3.106345

$Refset$penalty
 [1] 0 0 0 0 0 0 0 0 0 0 0 0


