$f
 [1] 788.32639 626.71007 267.80035 251.23438 216.06076 208.23958 187.62674 173.43750 167.57986 154.19965 150.73264 145.64583 139.17882 127.81944 119.70313 119.38542 118.54861 117.42708 116.75521 116.28993 115.46701 113.65972 113.47743
[24] 113.43229 110.58681 107.60764 106.25521 101.25521  98.24132  98.24132

$x
          [,1]     [,2]      [,3]     [,4]     [,5]     [,6]     [,7]     [,8]     [,9]    [,10]
 [1,] 24.90203 347.7003 0.7714933 19.60998 286.0298 31.04764 27.68171 3.370444 5.424772 3.301449
 [2,] 20.00000 381.0547 0.9316941 20.41724 286.4098 40.20013 26.50860 7.103214 3.231014 3.601819
 [3,] 20.00586 421.0547 0.8852879 20.46411 286.5598 40.20013 26.50860 7.103214 3.331014 3.601819
 [4,] 20.96783 369.6646 0.8495940 20.70026 286.5166 37.30745 26.74986 6.895799 4.940193 3.261713
 [5,] 20.91902 383.8746 0.6292931 20.47800 286.5883 37.50297 26.56774 6.845545 5.277039 3.503497
 [6,] 21.20861 370.9486 0.6426733 21.43065 286.5781 37.54951 26.15440 6.865825 4.065346 3.457817
 [7,] 21.20074 370.3138 0.6465039 22.03736 286.5741 37.56665 26.20237 6.876494 3.818556 3.429945
 [8,] 20.87927 380.8886 0.6065730 20.67408 286.5783 36.75653 26.59467 6.826197 5.050315 3.436642
 [9,] 20.79345 365.3292 0.6085754 21.60580 286.5801 36.73637 26.58612 6.857448 4.736223 2.799954
[10,] 20.74294 373.1200 0.8810428 19.59614 286.6379 37.80987 26.51575 6.886334 5.709462 2.833229
[11,] 20.74294 373.1981 0.8360428 19.59907 286.6379 37.80987 26.51575 6.886334 5.709462 2.833229
[12,] 20.85771 363.2160 0.2564048 20.11414 286.6003 37.07178 27.01935 6.867024 5.093405 3.326148
[13,] 20.92186 354.9909 0.1682263 19.85938 286.5887 36.80136 27.20555 6.858698 5.134539 3.445197
[14,] 20.94307 349.9744 0.1269712 19.81253 286.5939 36.77582 27.42186 6.863354 5.098660 3.517151
[15,] 20.94307 349.9744 0.1719712 19.82425 286.5939 36.57582 27.42186 6.863354 5.173660 3.517151
[16,] 20.80524 329.4001 0.2015385 20.28971 286.5617 36.94556 26.28831 6.880637 5.326285 2.813898
[17,] 20.80524 329.4001 0.2013419 20.28971 286.5617 36.94556 26.28831 6.880637 5.320035 2.819835
[18,] 20.86754 321.2933 0.2199501 20.13011 286.5619 36.94724 26.30260 6.881508 5.897450 2.808238
[19,] 20.86807 317.1651 0.2207147 20.26847 286.5623 36.94710 26.29784 6.882332 5.913948 2.808836
[20,] 20.96051 313.4512 0.2137169 20.39499 286.5620 36.94342 26.32833 6.882901 5.863446 2.805587
[21,] 20.96051 313.2950 0.2137169 20.39499 286.5620 36.94342 26.36895 6.882901 5.857196 2.805587
[22,] 20.96303 306.0173 0.2082519 20.78067 286.5635 36.95067 26.32402 6.883496 5.762127 2.806267
[23,] 20.96303 306.0173 0.2082519 20.78067 286.5635 36.95067 26.32402 6.883496 5.762127 2.805525
[24,] 20.87583 313.3031 0.2126342 20.49463 286.5629 36.91599 26.31993 6.885484 5.809732 2.792454
[25,] 20.70771 315.4671 0.1710395 20.55057 286.5633 37.36451 25.83320 6.884575 5.347308 2.726109
[26,] 20.70771 315.5452 0.1710395 20.73807 286.5633 37.36451 25.83320 6.884575 5.347308 2.726109
[27,] 20.82301 313.6310 0.1811961 20.52679 286.5619 36.99982 26.32384 6.885231 5.591638 2.723136
[28,] 20.64767 315.6675 0.1712939 20.55128 286.5623 37.34155 25.87042 6.884223 5.432786 2.683777
[29,] 20.64767 315.6675 0.1698876 20.55128 286.5623 37.34155 25.86027 6.884223 5.410911 2.671902
[30,] 20.64767 315.6675 0.1698876 20.55128 286.5623 37.34155 25.86027 6.884223 5.410911 2.671902

$time
elapsed elapsed elapsed elapsed elapsed elapsed elapsed elapsed elapsed elapsed elapsed elapsed elapsed elapsed elapsed elapsed elapsed elapsed elapsed elapsed elapsed elapsed elapsed elapsed elapsed elapsed elapsed elapsed elapsed elapsed 
   2.25    6.33    8.77   16.38   19.63   26.17   29.58   35.98   39.30   42.56   45.19   67.83   74.34   77.52   79.63  504.55  506.55  522.41  532.86  536.14  541.27  566.03  573.55  838.61  960.38  962.48  966.30  978.38 1004.03 1217.02 

$neval
 [1]   106   272   377   675   818  1101  1248  1525  1666  1810  1896  2849  3124  3263  3355 21017 21101 21792 22211 22350 22569 23657 24000 35112 39875 39954 40091 40506 41421 50037

$fbest
[1] 98.24132

$xbest
 [1]  20.6476692 315.6675194   0.1698876  20.5512831 286.5622673  37.3415496  25.8602687   6.8842234   5.4109106   2.6719021

$numeval
[1] 50037

$end_crit
[1] 1

$cpu_time
elapsed 
1217.02 

$Refset
$Refset$x
             [,1]        [,2]       [,3]        [,4]        [,5]        [,6]        [,7]        [,8]        [,9]       [,10]
 [1,]   1.0000000  20.7821700 313.002700   0.1735046  20.5263100 286.5595000  37.0011600  26.2946700   6.8877980   5.5873640
 [2,]   2.7293460   2.0000000  20.781780 313.0454000   0.1735662  20.5253000 286.5596000  37.0013600  26.2964500   6.8878470
 [3,]   5.5869020   2.7296020   3.000000  20.7814900 313.0121000   0.1734973  20.5260200 286.5595000  37.0011800  26.2944400
 [4,]   6.8878920   5.5872480   2.729303   4.0000000  20.7847900 312.9694000   0.1733921  20.5257700 286.5592000  36.9999500
 [5,]  26.2956200   6.8877970   5.586873   2.7292870   5.0000000  20.7837900 312.9974000   0.1734984  20.5260600 286.5595000
 [6,]  36.9997500  26.2971400   6.887691   5.5871950   2.7289080   6.0000000  20.7833100 313.0035000   0.1734568  20.5258300
 [7,] 286.5595000  37.0001000  26.296120   6.8878290   5.5867860   2.7293870   7.0000000  20.7809300 313.0710000   0.1734824
 [8,]  20.5279000 286.5594000  36.999270  26.2951100   6.8879230   5.5842540   2.7291460   8.0000000  20.7867600 313.0533000
 [9,]   0.1731966  20.5254700 286.559600  37.0012800  26.2973300   6.8878370   5.5832370   2.7297120   9.0000000  20.7703600
[10,] 312.9339000   0.1763571  20.527350 286.5607000  37.0065600  26.2937400   6.8876640   5.6090760   2.7281720  20.7851000
[11,] 313.0182000   0.1756863  20.525710 286.5592000  37.0000200  26.2977600   6.8877890   5.6005030   2.7283110  20.7683900
[12,] 312.9432000   0.1759265  20.526550 286.5601000  37.0033000  26.2949500   6.8876020   5.6103400   2.7282850  20.7801300

$Refset$f
 [1] 100.9670 100.9670 100.9670 100.9670 100.9670 100.9670 101.0937 101.1094 101.1267 101.1667 101.2066 101.2222

$Refset$fpen
 [1] 100.9670 100.9670 100.9670 100.9670 100.9670 100.9670 101.0937 101.1094 101.1267 101.1667 101.2066 101.2222

$Refset$const
 [1] 14.938950 30.412640 15.473690  1.519430  2.810125 14.938400 30.413100 15.474700  1.519413  2.810303 14.938770 30.412750 15.473980  1.519430  2.810107 14.938890 30.413130 15.474230  1.519457  2.810166 14.938870 30.412800 15.473940
[24]  1.519417  2.810423 14.939040 30.413210 15.474170  1.519419  2.810322 14.943640 30.415750 15.472100  1.519436  2.810234 14.942240 30.416760 15.474530  1.519407  2.810392 14.918270 30.390920 15.472650  1.519316  2.810159 14.925210
[47] 30.399500 15.474290  1.519446  2.810359 14.916210 30.389660 15.473450  1.519366  2.810247 14.919470 30.393760 15.474290  1.519379  2.810508

$Refset$penalty
 [1] 0 0 0 0 0 0 0 0 0 0 0 0


