$f
 [1] 16619.875  2256.641  2020.200  2005.951  1988.609  1902.052  1818.733  1757.139  1734.970  1608.102  1575.656  1565.214  1537.424  1519.726  1510.297  1497.064  1463.613  1428.351  1377.825  1369.771  1341.634  1162.050  1123.797
[24]  1083.080  1080.589  1079.137  1062.356  1060.530  1059.918  1059.740  1059.245  1059.064  1058.627  1057.266  1057.250  1057.064  1056.962  1054.229  1052.795  1051.382  1051.210  1051.128  1051.075  1050.941  1050.941

$x
          [,1]     [,2]      [,3]     [,4]     [,5]     [,6]     [,7]     [,8]      [,9]    [,10]
 [1,] 20.66695 321.1134 0.7232289 24.13264 285.5333 29.84979 26.98884 4.570301  5.112423 3.479888
 [2,] 20.00000 100.0000 0.2871854 18.40851 286.5792 48.00000 24.00000 2.000000  9.773812 2.135044
 [3,] 20.00000 100.0000 0.3546854 18.44166 286.7292 48.00000 24.02873 2.070711  9.844523 2.101456
 [4,] 20.00000 116.8884 0.7367075 17.19891 286.8124 43.94146 24.00000 4.214824 10.000000 1.200000
 [5,] 21.45397 108.7055 0.4063117 18.76514 286.8343 44.87455 27.38809 2.146548  7.052276 2.391512
 [6,] 20.00000 101.5107 1.0000000 15.18385 286.8800 43.34858 24.00000 6.118803 10.000000 1.200000
 [7,] 20.00000 100.0000 0.9673840 15.76771 286.8812 42.55220 24.00000 6.235890  9.861609 1.200000
 [8,] 20.00000 100.0000 0.4696906 16.66144 286.7626 46.77641 24.00000 5.171356  9.252060 3.012121
 [9,] 20.71842 124.6622 0.4661559 16.19551 286.7625 46.50679 24.79734 5.117944  7.564985 3.002658
[10,] 20.00000 100.0000 0.1736454 17.53846 286.6518 47.52038 24.00000 6.398497  9.858498 3.838399
[11,] 20.37252 118.7877 0.7606547 16.04608 286.8186 46.95731 24.54469 5.140598  8.375579 2.897817
[12,] 20.22386 110.9052 0.4678759 17.83527 286.7875 46.56019 24.78141 5.124972  7.902233 2.830576
[13,] 20.22386 110.9052 0.3103759 17.83527 286.7875 46.56019 24.78141 5.128292  7.902233 2.884012
[14,] 20.04760 122.9001 0.6761031 16.86484 286.7843 46.83345 24.70565 5.132530  7.388394 2.922544
[15,] 20.19651 118.3991 0.6091448 17.43288 286.8093 46.84318 24.52364 5.138259  7.449829 2.920714
[16,] 20.00072 120.0388 0.6680602 17.18153 286.8114 46.83143 24.62796 5.132883  7.431860 2.924184
[17,] 20.00000 112.8038 0.4892055 17.87990 286.8290 46.68831 25.15841 5.162511  7.907737 2.906196
[18,] 20.06894 106.1899 0.5746822 19.18718 286.7404 46.85810 24.56912 5.164139  7.247633 2.968533
[19,] 20.06521 102.3796 0.5922537 19.37930 286.6914 46.91725 24.43619 5.175680  7.198899 3.005000
[20,] 20.06521 102.3796 0.5697537 19.37930 286.6914 46.91725 24.43619 5.175680  7.211399 3.005000
[21,] 20.30973 166.2023 0.3996448 21.42197 286.5745 37.00856 24.49713 6.644286  3.369181 2.387744
[22,] 20.37646 173.7023 0.2087464 21.42197 286.5757 37.00856 24.57838 6.644286  3.331681 2.411494
[23,] 20.32621 168.0969 0.1539941 21.47827 286.6135 37.18576 24.56399 6.638554  4.045333 2.396550
[24,] 20.32621 168.0969 0.1539941 21.43140 286.6135 37.18576 24.52336 6.638554  4.007833 2.325300
[25,] 20.44075 166.6341 0.1549152 21.44852 286.6180 37.22748 24.46843 6.636601  3.985664 2.374567
[26,] 20.44075 166.6341 0.1549152 21.44852 286.6177 37.22748 24.46843 6.636601  3.982539 2.371598
[27,] 20.43147 166.9085 0.1466790 21.44901 286.6182 37.21914 24.49428 6.630867  4.176919 2.369494
[28,] 20.42430 166.7414 0.1451646 21.51071 286.6182 37.21945 24.49375 6.630413  4.182582 2.371698
[29,] 20.42430 166.7414 0.1451646 21.50998 286.6182 37.22102 24.45312 6.630413  4.182582 2.371698
[30,] 20.44564 166.8686 0.1450642 21.46962 286.6182 37.21837 24.49509 6.630745  4.182528 2.369098
[31,] 20.44480 166.9422 0.1441839 21.46823 286.6180 37.21908 24.49116 6.630935  4.189506 2.368875
[32,] 20.45073 166.9599 0.1440308 21.46878 286.6179 37.21943 24.48695 6.631065  4.184472 2.368868
[33,] 20.45524 166.1818 0.1443940 21.41046 286.6180 37.21952 24.49559 6.631279  4.265838 2.368703
[34,] 20.45524 166.1818 0.1443940 21.41119 286.6180 37.21952 24.45497 6.631279  4.265838 2.368703
[35,] 20.45897 166.3790 0.1441761 21.40343 286.6180 37.21902 24.48942 6.631120  4.258068 2.369256
[36,] 20.46505 166.3809 0.1437805 21.38808 286.6158 37.22410 24.48426 6.631837  4.264856 2.369268
[37,] 20.45861 166.3397 0.1444830 21.37986 286.6180 37.21950 24.49177 6.631186  4.271837 2.369183
[38,] 20.46312 166.3557 0.1440782 21.39280 286.6184 37.22018 24.49134 6.631418  4.263870 2.352150
[39,] 20.46002 166.3451 0.1440962 21.38229 286.6182 37.22015 24.49148 6.631379  4.270069 2.352448
[40,] 20.46002 166.3451 0.1441841 21.38229 286.6182 37.22015 24.49148 6.631379  4.266944 2.352448
[41,] 20.46355 166.2296 0.1441441 21.37977 286.6186 37.21725 24.49751 6.631294  4.272958 2.351744
[42,] 20.46292 166.1596 0.1444124 21.37938 286.6174 37.21778 24.49094 6.631512  4.276388 2.351880
[43,] 20.46292 166.1596 0.1444124 21.37938 286.6174 37.21778 24.49094 6.631512  4.276388 2.352622
[44,] 20.46286 166.1557 0.1444118 21.37934 286.6177 37.21800 24.49066 6.631501  4.276612 2.351942
[45,] 20.46286 166.1557 0.1444118 21.37934 286.6177 37.21800 24.49066 6.631501  4.276612 2.351942

$time
elapsed elapsed elapsed elapsed elapsed elapsed elapsed elapsed elapsed elapsed elapsed elapsed elapsed elapsed elapsed elapsed elapsed elapsed elapsed elapsed elapsed elapsed elapsed elapsed elapsed elapsed elapsed elapsed elapsed elapsed 
   3.70    9.48   12.72   17.86   23.26   28.42   33.42   38.11   43.68   48.40   59.70   65.53   70.18   84.20   89.78   94.45   99.09  112.95  118.29  120.84  247.86  252.28  303.42  306.72  436.76  439.75  460.40  480.92  493.59  503.93 
elapsed elapsed elapsed elapsed elapsed elapsed elapsed elapsed elapsed elapsed elapsed elapsed elapsed elapsed elapsed 
 514.42  562.29  581.98  599.37  707.53  837.23  849.78  874.09  888.86  891.48  901.64 1156.26 1158.68 1321.42 1807.14 

$neval
 [1]   106   274   375   527   673   816   959  1100  1240  1380  1658  1800  1919  2324  2462  2600  2739  3147  3282  3361  6613  6744  8125  8223 11781 11867 12419 12975 13333 13611 13879 15171 15716 16208 19093 22914 23259 23952 24365
[40] 24444 24724 31013 31086 35245 46488

$fbest
[1] 1050.941

$xbest
 [1]  20.4628557 166.1557132   0.1444118  21.3793363 286.6176729  37.2179979  24.4906603   6.6315009   4.2766120   2.3519424

$numeval
[1] 46488

$end_crit
[1] 2

$cpu_time
elapsed 
1807.14 

$Refset
$Refset$x
             [,1]        [,2]       [,3]        [,4]        [,5]        [,6]        [,7]       [,8]       [,9]       [,10]
 [1,]   1.0000000  20.4629500 166.152800   0.1443832  21.3804400 286.6178000  37.2186700  24.488470   6.631477   4.2762240
 [2,]   2.3520330   2.0000000  20.463070 166.1421000   0.1444237  21.3803100 286.6176000  37.218570  24.488680   6.6314660
 [3,]   4.2765290   2.3518530   3.000000  20.4629000 166.1460000   0.1444254  21.3803800 286.617800  37.218990  24.4879300
 [4,]   6.6314330   4.2765750   2.352253   4.0000000  20.4629200 166.1453000   0.1444455  21.378260 286.617700  37.2193800
 [5,]  24.4886100   6.6314430   4.278024   2.3518520   5.0000000  20.4626800 166.1273000   0.144419  21.379480 286.6177000
 [6,]  37.2183200  24.4884100   6.631461   4.2788240   2.3521260   6.0000000  20.4631100 166.145400   0.144410  21.3801200
 [7,] 286.6178000  37.2190000  24.489710   6.6314470   4.2767970   2.3522640   7.0000000  20.463250 166.134300   0.1444372
 [8,]  21.3793800 286.6176000  37.218410  24.4885000   6.6314660   4.2776280   2.3521100   8.000000  20.460370 166.1646000
 [9,]   0.1444582  21.3814500 286.617700  37.2185600  24.4903300   6.6314860   4.2760520   2.351885   9.000000  20.4596600
[10,] 166.1394000   0.1447156  21.380700 286.6179000  37.2183200  24.4883300   6.6313690   4.275302   2.351624  20.3948400
[11,] 164.6227000   0.1563126  21.412130 286.5502000  37.2101800  24.3517100   6.5637220   4.278492   2.288047  20.5067800
[12,] 151.9642000   0.1399571  21.764020 286.7490000  38.6400700  24.4461400   7.1132390   4.544995   2.561297  20.0000000

$Refset$f
 [1] 1050.941 1050.941 1050.941 1050.941 1050.941 1050.941 1050.941 1050.957 1051.351 1143.189 1488.885 3222.066

$Refset$fpen
 [1] 1050.941 1050.941 1050.941 1050.941 1050.941 1050.941 1050.941 1050.957 1051.351 1143.189 1488.885 5187.204

$Refset$const
 [1] 17.104220 31.723780 14.619560  1.519750  2.670182 17.103780 31.723470 14.619690  1.519769  2.670137 17.103810 31.723420 14.619620  1.519758  2.670102 17.100230 31.721980 14.621740  1.519759  2.670131 17.100660 31.721180 14.620520
[24]  1.519761  2.670157 17.103320 31.723200 14.619880  1.519750  2.670253 17.101750 31.722370 14.620620  1.519774  2.670113 17.105400 31.723950 14.618550  1.519758  2.670289 17.105400 31.724700 14.619300  1.519742  2.670215 17.133630
[47] 31.721510 14.587870  1.527508  2.634906 17.219020 31.455010 14.235980  1.508528  2.646437 18.798970 31.718570 12.919590  1.498035  2.964673

$Refset$penalty
 [1] 0.000000000 0.000000000 0.000000000 0.000000000 0.000000000 0.000000000 0.000000000 0.000000000 0.000000000 0.000000000 0.000000000 0.001965138


