$f
 [1] 8312.9774 2155.4549 1530.6562 1511.9306 1424.8316 1382.9410 1249.7257 1233.8194 1224.2188 1215.6858 1174.6319 1152.2031 1142.9184 1124.8351 1118.5642 1105.1736 1104.6198 1079.1858 1079.1510 1071.2691 1068.4792 1064.9392 1059.8993
[24] 1051.3229 1048.7049 1044.3906 1042.0955 1038.3611 1024.2153 1022.8455 1021.0608 1017.1667 1015.4201 1013.5990 1012.9392 1012.2448 1010.5017 1009.2917 1008.6719 1008.5451 1005.6024 1005.3698 1005.2691 1003.1962 1002.2448  996.9792
[47]  995.4844  995.1424  995.0608  993.8611  993.1285  991.7778  991.7222  991.6198  991.5260  991.2569  990.5035  990.3594  989.1771  985.5104  984.4844  984.1667  983.4670  983.0347  982.4635  982.4497  982.4062  982.0990  981.6337
[70]  981.2049  981.1910  980.7622  980.6823  980.6823

$x
          [,1]     [,2]      [,3]     [,4]     [,5]     [,6]     [,7]     [,8]      [,9]    [,10]
 [1,] 24.79000 337.0400 0.2529000 17.72000 285.5400 45.67000 29.49000 2.970000  2.000000 2.690000
 [2,] 20.88122 323.9928 0.1178366 15.00000 286.4187 44.89327 29.40715 2.000000  2.321592 2.711475
 [3,] 20.89975 363.9928 0.1000000 16.12500 286.4230 38.49327 29.58883 4.344098  3.879057 3.759005
 [4,] 21.72812 316.1562 0.2948652 17.62779 286.2888 38.57980 29.58840 5.266833  4.151068 3.842204
 [5,] 21.52663 311.2070 0.3438877 17.61888 286.2688 38.62525 29.58824 5.625988  4.069858 3.893556
 [6,] 21.59673 329.9928 0.3209002 17.02779 286.2662 38.64917 29.60747 6.037572  4.082999 3.826026
 [7,] 20.00000 324.9928 0.2084002 17.02779 286.2662 38.64917 29.60747 6.037572  4.807999 3.826026
 [8,] 21.57839 230.1370 0.5615607 18.16014 286.3321 38.45938 30.16402 5.901283  7.305587 3.758258
 [9,] 21.57839 230.0979 0.5615607 18.16014 286.3321 38.45938 30.08277 5.901283  7.305587 3.758258
[10,] 21.64661 232.2509 0.4768859 18.61250 286.3113 38.50803 29.81836 5.834135  6.650290 3.818224
[11,] 22.34635 202.1367 0.9591728 18.69929 286.3086 38.75573 29.42316 5.873331  7.369585 3.632431
[12,] 21.85315 247.1992 1.0000000 17.63185 286.4440 38.64739 30.39838 5.869816  7.702774 3.777411
[13,] 22.09141 200.6303 0.9742142 17.73613 286.3282 38.55671 29.74592 5.855100  8.398650 3.788489
[14,] 22.15248 227.6639 0.7966368 17.72169 286.4384 38.59944 30.65791 5.866135  7.443209 3.768467
[15,] 22.50693 216.5309 0.7177126 17.76749 286.4506 38.56659 30.66247 5.864562  7.575269 3.761805
[16,] 22.26196 169.0280 1.0000000 17.23441 286.3274 38.55946 29.78224 5.849305 10.000000 3.780937
[17,] 21.63744 233.9265 0.9985950 17.87490 286.4375 38.62412 30.48898 5.873771  7.493474 3.649511
[18,] 21.63744 233.9265 0.9985950 17.67569 286.4375 38.62412 30.66164 5.873771  7.493474 3.661386
[19,] 21.56074 243.7128 0.9921389 17.16259 286.4578 38.62403 30.81851 5.879205  7.764156 3.608192
[20,] 21.57973 239.6237 0.9968654 17.17890 286.4546 38.65350 30.76366 5.879277  7.690305 3.609861
[21,] 21.35774 242.2243 0.9968009 17.12934 286.4642 38.61264 30.87517 5.886860  7.729023 3.514986
[22,] 20.95801 260.0562 0.9943192 16.72535 286.4597 38.67842 30.78734 5.886061  8.196357 3.509063
[23,] 21.18632 241.1042 0.9926606 16.69092 286.4592 38.67397 30.79459 5.884558  8.403789 3.513620
[24,] 21.25259 239.2630 0.9954263 17.24008 286.4613 38.60414 30.86305 5.887047  8.062585 3.510023
[25,] 21.10473 255.3669 0.9924899 16.42131 286.4628 38.68018 30.73770 5.890106  8.539755 3.505177
[26,] 21.40238 238.6764 0.9968706 16.66907 286.4605 38.67621 30.76533 5.885951  8.423825 3.494081
[27,] 21.40238 238.6764 0.9968706 16.66907 286.4606 38.67621 30.76533 5.885951  8.423825 3.493338
[28,] 21.42289 238.1638 0.9969143 16.80843 286.4590 38.67608 30.70235 5.883294  8.409084 3.510806
[29,] 21.41342 238.5510 0.9969042 16.50023 286.4601 38.68051 30.76018 5.884790  8.583998 3.457522
[30,] 21.41138 238.6877 0.9943731 16.59070 286.4606 38.67561 30.75218 5.887329  8.581315 3.494845
[31,] 21.41035 238.7659 0.9945410 16.56387 286.4605 38.67553 30.74817 5.887923  8.580721 3.509274
[32,] 21.49428 234.3665 1.0000000 16.87467 286.4638 38.68417 30.74238 5.884701  8.449144 3.449483
[33,] 21.40754 234.0007 0.9949976 16.82618 286.4651 38.68147 30.76012 5.883557  8.545124 3.462111
[34,] 21.39582 233.8835 0.9949976 16.82618 286.4651 38.68147 30.76012 5.883557  8.545124 3.462111
[35,] 21.40889 234.3837 0.9944891 16.80149 286.4658 38.68215 30.76026 5.884947  8.535877 3.463427
[36,] 21.40176 231.7263 0.9944647 16.95468 286.4640 38.69236 30.76015 5.886242  8.533700 3.457591
[37,] 21.41281 238.2171 0.9956726 16.50332 286.4603 38.69120 30.74435 5.886918  8.586151 3.343155
[38,] 21.42003 232.1733 0.9969720 16.90562 286.4655 38.69103 30.74170 5.885436  8.551171 3.448899
[39,] 21.42003 232.1733 1.0000000 16.90562 286.4655 38.69103 30.74170 5.885436  8.551171 3.451868
[40,] 21.42630 230.7577 0.9975486 16.99730 286.4639 38.68269 30.75939 5.885522  8.533210 3.464206
[41,] 21.43564 228.9355 0.9978319 16.99636 286.4622 38.68091 30.76378 5.886130  8.547209 3.487343
[42,] 21.43166 227.2584 0.9987290 17.07713 286.4609 38.67987 30.76610 5.886545  8.552819 3.505347
[43,] 21.42277 226.4333 0.9998425 17.14243 286.4612 38.67848 30.76539 5.887182  8.550025 3.522903
[44,] 21.42277 226.3942 0.9998425 17.14389 286.4612 38.67848 30.76539 5.887182  8.553150 3.522903
[45,] 21.40455 229.0187 0.9986193 17.01366 286.4650 38.69480 30.72106 5.885179  8.564028 3.358644
[46,] 21.35753 228.1340 0.9993935 17.00201 286.4659 38.70564 30.71708 5.885187  8.584871 3.317782
[47,] 21.40790 228.3545 0.9991067 17.04672 286.4639 38.69395 30.75442 5.886663  8.533894 3.331820
[48,] 21.44102 227.9252 0.9992018 17.00854 286.4667 38.69953 30.73127 5.886002  8.558020 3.338258
[49,] 21.42321 228.3060 0.9990381 17.06046 286.4640 38.69395 30.75756 5.886886  8.516071 3.330471
[50,] 21.43444 228.0403 0.9992898 17.01393 286.4650 38.69864 30.72121 5.885475  8.553628 3.330861
[51,] 21.43890 227.9201 0.9992525 17.01484 286.4660 38.69876 30.72201 5.885648  8.556143 3.331609
[52,] 21.41431 222.8243 0.9997441 17.02779 286.4695 38.70526 30.74689 5.886201  8.752770 3.310767
[53,] 21.41431 222.8243 0.9997441 17.02779 286.4695 38.70526 30.74689 5.886201  8.755895 3.310767
[54,] 21.42678 223.0625 0.9995463 17.02814 286.4647 38.70692 30.73613 5.886312  8.738806 3.317593
[55,] 21.42416 222.9980 0.9995773 17.02201 286.4670 38.70342 30.73748 5.885945  8.742938 3.310199
[56,] 21.45933 221.7572 0.9997738 17.01761 286.4685 38.71299 30.73152 5.885422  8.775073 3.321819
[57,] 21.45933 221.7572 0.9997738 17.01761 286.4685 38.71299 30.69090 5.885422  8.775073 3.318850
[58,] 21.43724 222.8747 0.9996806 17.04191 286.4661 38.70320 30.73430 5.887092  8.729095 3.310493
[59,] 21.39227 223.3646 0.9994878 17.04841 286.4653 38.69248 30.73985 5.887685  8.729424 3.301446
[60,] 21.38520 223.6471 0.9995402 17.04719 286.4653 38.69145 30.74092 5.887677  8.728001 3.297895
[61,] 21.38566 223.6631 0.9995269 17.04717 286.4650 38.69178 30.74050 5.887670  8.728918 3.298925
[62,] 21.41685 222.8218 0.9995543 17.04407 286.4656 38.69587 30.73484 5.887720  8.737557 3.300708
[63,] 21.40431 223.3538 0.9995592 17.03924 286.4647 38.69340 30.74271 5.887677  8.725810 3.293474
[64,] 21.43612 222.7355 0.9995123 17.03350 286.4655 38.69806 30.74027 5.887728  8.739513 3.292863
[65,] 21.43212 222.6732 0.9995341 17.02993 286.4655 38.69742 30.73927 5.887739  8.747465 3.293623
[66,] 21.43212 222.6732 0.9995341 17.02993 286.4655 38.69742 30.73927 5.887739  8.744340 3.293623
[67,] 21.51218 222.9806 0.9995582 17.02813 286.4641 38.69561 30.74237 5.887740  8.688407 3.291720
[68,] 21.50307 223.0598 0.9996552 16.99401 286.4641 38.69474 30.75370 5.887867  8.696679 3.289311
[69,] 21.49080 223.1490 0.9981543 17.03256 286.4642 38.69436 30.74868 5.887831  8.684582 3.290993
[70,] 21.49126 223.1361 0.9988313 17.02045 286.4642 38.69449 30.75091 5.887850  8.692736 3.290585
[71,] 21.48818 223.1545 0.9978746 17.03426 286.4642 38.69436 30.74848 5.888027  8.683587 3.289363
[72,] 21.49236 223.0212 0.9987566 17.02563 286.4642 38.69611 30.74959 5.888023  8.692681 3.290978
[73,] 21.50612 222.8404 0.9987532 16.93480 286.4644 38.69634 30.74946 5.888086  8.740279 3.290940
[74,] 21.50612 222.8404 0.9987532 16.93480 286.4644 38.69634 30.74946 5.888086  8.740279 3.290940

$time
elapsed elapsed elapsed elapsed elapsed elapsed elapsed elapsed elapsed elapsed elapsed elapsed elapsed elapsed elapsed elapsed elapsed elapsed elapsed elapsed elapsed elapsed elapsed elapsed elapsed elapsed elapsed elapsed elapsed elapsed 
   1.83    5.33    9.17   25.34   31.08   36.23   38.26   85.45   86.98   92.80   95.30  100.66  103.14  105.70  108.20  110.70  113.06  114.73  117.26  122.86  127.81  130.28  132.86  135.37  137.86  140.37  141.78  144.75  150.78  155.95 
elapsed elapsed elapsed elapsed elapsed elapsed elapsed elapsed elapsed elapsed elapsed elapsed elapsed elapsed elapsed elapsed elapsed elapsed elapsed elapsed elapsed elapsed elapsed elapsed elapsed elapsed elapsed elapsed elapsed elapsed 
 158.70  164.45  169.45  170.86  176.00  189.41  191.87  196.66  198.06  203.30  205.89  211.03  224.20  225.62  239.30  241.98  258.53  266.67  271.34  273.72  276.91  306.95  309.06  329.66  332.09  334.58  336.05  357.01  368.89  382.05 
elapsed elapsed elapsed elapsed elapsed elapsed elapsed elapsed elapsed elapsed elapsed elapsed elapsed elapsed 
 384.50  414.92  418.17  443.44  446.09  447.37  635.01  638.73  646.98  655.16  657.69  749.86  963.14  968.78 

$neval
 [1]   106   273   449  1295  1570  1849  1964  4422  4501  4777  4913  5192  5330  5470  5608  5750  5884  5981  6120  6392  6667  6802  6939  7078  7217  7354  7433  7575  7855  8128  8267  8544  8823  8905  9182  9872 10012 10282 10361
[40] 10641 10780 11055 11731 11814 12512 12652 13535 13944 14215 14351 14489 16093 16166 17248 17384 17525 17605 18699 19322 20011 20148 21737 21877 23171 23308 23382 33015 33229 33640 34051 34190 39091 49795 50001

$fbest
[1] 980.6823

$xbest
 [1]  21.5061248 222.8404107   0.9987532  16.9347957 286.4643738  38.6963360  30.7494612   5.8880859   8.7402794   3.2909397

$numeval
[1] 50001

$end_crit
[1] 1

$cpu_time
elapsed 
 968.78 

$Refset
$Refset$x
             [,1]        [,2]        [,3]       [,4]       [,5]        [,6]       [,7]        [,8]        [,9]       [,10]
 [1,]   1.0000000  21.5061200   0.9987532 286.464374  30.749461   8.7402790  21.506120   0.9987532 286.4643740  30.7494610
 [2,]   8.7402790   2.0000000 222.8404100  16.934796  38.696336   5.8880860   3.290940 222.8404100  16.9347957  38.6963360
 [3,]   5.8880860   3.2909400   3.0000000  21.506120 222.840411   0.9987532  16.934796 286.4643740  38.6963400  30.7494612
 [4,]   5.8880860   8.7402790   3.2909400   4.000000  21.492030 223.0398241   0.998711  17.0257320 286.4640010  38.6960500
 [5,]  30.7491672   5.8880310   8.6919330   3.291513   5.000000  21.5085400 222.919059   0.9998673  17.0231300 286.4643870
 [6,]  38.6960000  30.7459731   5.8878520   8.679742   3.289577   6.0000000  21.497270 222.9937948   0.9988388  17.0244690
 [7,] 286.4640060  38.6960100  30.7488201   5.887976   8.692483   3.2912530   7.000000  21.4925200 216.9463320   0.9986126
 [8,]  17.2631990 286.4639500  38.6954500  30.732655   5.888032   8.7513290   3.328106   8.0000000  21.5938300 220.2521872
 [9,]   0.9916989  16.9584070 286.4620420  38.673410  30.806054   5.8714560   8.737127   3.2987040   9.0000000  21.3665800
[10,] 213.4628299   0.9886875  17.7670350 286.489085  38.682310  31.7523733   5.907393   8.7745640   3.3093750  21.4912700
[11,] 222.8344255   0.9988560  16.9908560 286.463934  38.692980  30.7467915   5.887196   8.7513920   3.2898120  21.4808800
[12,] 228.2387129   0.9988302  16.9361870 286.495043  38.676920  32.1336382   5.878505   8.7888540   3.2548380  21.5020400

$Refset$f
 [1]  980.6823  980.6823  980.6823  980.7622  980.9288  981.8941  994.1701 1013.0486 1061.6007 1019.8090 1066.3767 1104.0972

$Refset$fpen
 [1]  980.6823  980.6823  980.6823  980.7622  980.9288  981.8941  994.1701 1013.0486 1061.6007 1019.8090 1066.3767 1104.0972

$Refset$const
 [1]  8.194516 19.065204  3.062988 27.259721  1.516981 27.259721  1.516981  8.194516 19.065204  3.062988  8.194516 27.259721 19.065204  1.516981  3.062988  8.333798 27.308067 18.974268  1.517028  3.062825  8.343388 27.320258 18.976870
[24]  1.516995  3.062681  8.331986 27.307517 18.975531  1.517029  3.062796  8.511870 27.248671 18.736801  1.517113  3.061248  8.221279 27.262873 19.041593  1.516909  3.069282  8.992471 27.225436 18.232965  1.508625  3.175256  8.239464
[47] 27.248608 19.009144  1.517036  3.062802  8.147333 27.211146 19.063813  1.505745  3.218288  8.549326 27.533344 18.984019  1.521434  3.046381

$Refset$penalty
 [1] 0 0 0 0 0 0 0 0 0 0 0 0


