$f
 [1] 10533.052  5394.550  3634.347  3548.245  2939.368  2822.943  2693.741  2604.688  2456.181  2449.997  2443.639  2437.352  2430.970  2425.986  2422.186  2422.023  2414.990  2377.717  2375.576  2373.540  2368.122  2366.833  2365.276
[24]  2361.892  2361.597  2360.516  2359.448  2357.766  2356.514  2354.266  2351.106  2349.950  2346.521  2346.521

$x
          [,1]     [,2]      [,3]     [,4]     [,5]     [,6]     [,7]     [,8]     [,9]    [,10]
 [1,] 24.25479 197.8284 0.6473406 18.98201 286.1176 37.83595 27.47103 5.541763 8.728299 2.317887
 [2,] 20.43139 214.1365 1.0000000 20.63886 286.0225 42.09848 25.37724 7.034509 8.977755 2.562250
 [3,] 20.00000 234.1365 0.3234617 20.67988 286.4725 42.09848 24.00000 7.034167 9.773652 3.382740
 [4,] 20.00000 240.4375 0.2986483 22.01507 286.8682 40.54086 24.00000 8.248383 8.698458 3.602181
 [5,] 24.93330 311.5682 1.0000000 22.55655 286.7134 35.74924 24.00000 4.414736 6.979305 2.632246
 [6,] 23.84572 314.9263 0.9920574 22.20201 286.7323 35.30861 24.20734 4.476356 6.960274 2.781227
 [7,] 24.09819 436.4838 0.9919272 20.52948 286.5929 31.67006 24.18690 6.057993 5.789633 3.271605
 [8,] 24.02911 419.1697 0.9636821 20.56876 286.6681 33.09368 24.56342 6.115289 5.993244 3.168500
 [9,] 24.02911 419.1453 0.9975195 20.56876 286.6587 33.49368 24.23842 6.115289 5.879767 3.130071
[10,] 23.69637 380.1593 0.9934820 23.51060 286.6894 34.73875 24.27101 3.075853 5.006299 2.757853
[11,] 23.69344 380.1593 0.9564063 23.51060 286.6894 34.73875 24.28116 3.075853 5.006299 2.740041
[12,] 23.47618 398.8865 0.9954888 22.37810 286.7476 35.15908 24.29380 2.762596 5.315157 2.110700
[13,] 23.70088 380.0326 0.9989877 23.72974 286.6902 34.74711 24.27358 3.075761 4.877338 2.729299
[14,] 24.16178 400.8384 0.9861451 23.93544 286.6725 34.74232 24.22422 3.070274 4.195942 2.777527
[15,] 24.13547 412.5477 0.9847500 23.96413 286.6638 34.74303 24.23705 3.068252 3.761618 2.785851
[16,] 24.01524 400.6221 0.9981028 22.07986 286.7140 34.99359 24.13354 3.202219 5.275924 1.597750
[17,] 23.98007 400.3314 0.9969318 22.18335 286.7471 35.04075 24.16565 2.953354 5.283878 1.669104
[18,] 23.98007 402.8314 0.9957526 22.13648 286.7283 35.02678 24.30544 2.958878 5.276890 1.679667
[19,] 23.62011 402.7576 0.9890759 23.81164 286.7121 34.76819 24.26508 3.067853 4.303620 2.761210
[20,] 23.71386 402.7576 1.0000000 23.81164 286.7115 34.76819 24.26508 3.067853 4.303620 2.764179
[21,] 23.75920 413.3791 0.9889256 23.91708 286.7103 34.77372 24.26322 3.055565 3.937291 2.782696
[22,] 23.74748 413.5353 0.9889256 23.91708 286.7103 34.77372 24.26322 3.055565 3.937291 2.782696
[23,] 23.64405 410.3854 0.9866124 23.97005 286.7395 34.75871 24.24057 3.071106 3.988962 2.730679
[24,] 23.62061 410.6979 0.9866124 23.97005 286.7389 34.75871 24.24057 3.064856 3.988962 2.730679
[25,] 23.60663 409.4171 0.9867205 24.03234 286.7352 34.74703 24.23644 3.062805 3.995286 2.739732
[26,] 23.60663 409.4171 1.0000000 24.03234 286.7352 34.74703 24.23644 3.062805 3.995286 2.738248
[27,] 23.55259 407.9355 0.9859972 24.18411 286.7362 34.74774 24.23696 3.056003 3.954634 2.745116
[28,] 23.53835 406.1469 0.9867773 24.10035 286.7370 34.73912 24.24512 3.061152 4.049389 2.748655
[29,] 23.54142 405.0651 0.9902490 24.15096 286.7375 34.73865 24.27278 3.062245 4.031763 2.747147
[30,] 23.56317 406.0163 0.9868456 24.17609 286.7337 34.74221 24.24084 3.056788 3.991247 2.783811
[31,] 23.54559 406.1726 1.0000000 24.17609 286.7337 34.74221 24.24084 3.056788 3.991247 2.783811
[32,] 23.51369 406.6608 0.9971320 24.28606 286.7364 34.74017 24.24710 3.063720 3.916176 2.730260
[33,] 23.50197 406.6608 0.9971320 24.28752 286.7364 34.74017 24.24710 3.063720 3.916176 2.728775
[34,] 23.50197 406.6608 0.9971320 24.28752 286.7364 34.74017 24.24710 3.063720 3.916176 2.728775

$time
elapsed elapsed elapsed elapsed elapsed elapsed elapsed elapsed elapsed elapsed elapsed elapsed elapsed elapsed elapsed elapsed elapsed elapsed elapsed elapsed elapsed elapsed elapsed elapsed elapsed elapsed elapsed elapsed elapsed elapsed 
   7.74   21.89   37.47   51.55   64.95   91.20  104.16  153.61  177.91  304.33  313.14  325.69  350.59  375.49  387.39  411.88  424.30  447.91  681.89  690.58  777.95  821.36  970.78  979.49 1151.64 1160.34 1189.49 1218.81 1278.06 1293.03 
elapsed elapsed elapsed elapsed 
1319.34 1649.95 1658.86 1809.58 

$neval
 [1]   106   262   447   599   743  1042  1185  1741  2016  3395  3498  3632  3907  4184  4319  4593  4729  5004  7580  7670  8615  9100 10715 10805 12421 12499 12769 13039 13583 13721 13959 17091 17175 18533

$fbest
[1] 2346.521

$xbest
 [1]  23.501970 406.660789   0.997132  24.287524 286.736352  34.740175  24.247104   3.063720   3.916176   2.728775

$numeval
[1] 18533

$end_crit
[1] 2

$cpu_time
elapsed 
1809.58 

$Refset
$Refset$x
             [,1]        [,2]       [,3]       [,4]       [,5]        [,6]        [,7]        [,8]        [,9]       [,10]
 [1,]   1.0000000  23.5019700   0.997132 286.736352  24.247100   3.9161760  23.5019700   0.9971320 286.7363520  24.2471040
 [2,]   3.9161760   2.0000000 406.660790  24.287524  34.740175   3.0637200   2.7287750 406.6607900  24.2875240  34.7401750
 [3,]   3.0637200   2.7287750   3.000000  23.516010 406.543081   0.9968034  24.2913900 286.7363110  34.7397100  24.2480760
 [4,]   3.0637500   3.9129220   2.733016   4.000000  23.517580 402.7974920   0.9965162  24.3445700 286.7369750  34.7457100
 [5,]  24.2521750   3.0628110   3.965969   2.733150   5.000000  23.4876300 406.9014270   0.9974355  24.2761500 286.7365240
 [6,]  34.7417000  24.2473690   3.063890   3.920243   2.729482   6.0000000  23.5087900 405.3797820   0.9969663  24.2512000
 [7,] 286.7365260  34.7441700  24.246188   3.064273   3.966938   2.7452890   7.0000000  23.5149400 404.6823140   0.9969452
 [8,]  24.2644400 286.7366360  34.743250  24.247270   3.063543   3.9710430   2.7334760   8.0000000  23.3316200 407.7851090
 [9,]   0.9980268  24.3849200 286.736513  34.742930  24.226532   3.0610190   3.8999690   2.7265310   9.0000000  23.5131300
[10,] 406.5893020   0.9969255  24.263030 286.736962  34.740580  24.2469520   3.0638330   3.9308280   2.7322000  23.5078100
[11,] 406.9211340   0.9972942  24.237950 286.736135  34.743060  24.2435290   3.0636580   3.9426770   2.7280100  23.4962500
[12,] 407.8195910   0.9996390  24.176530 286.739012  34.738910  24.2431580   3.0730360   3.9693740   2.7326710  23.5127700

$Refset$f
 [1] 2346.521 2346.521 2347.196 2347.915 2348.316 2348.609 2348.656 2348.818 2348.441 2350.977 2351.727 2352.089

$Refset$fpen
 [1] 2346.521 2346.521 2347.196 2347.915 2348.316 2348.609 2348.656 2348.818 2348.441 2350.977 2351.727 2352.089

$Refset$const
 [1] 20.371350 11.712476  2.841348 32.083824  1.500844 32.083820  1.500844 20.371348 11.712476  2.841348 20.378470 32.087078 11.708608  1.500843  2.841452 20.378600 32.034031 11.655435  1.500767  2.841725 20.355910 32.079757 11.723851
[24]  1.500828  2.841347 20.284260 32.033062 11.748803  1.500841  2.841077 20.293400 32.028957 11.735561  1.500820  2.841284 20.484950 32.100031 11.615083  1.500928  2.839319 20.332210 32.069172 11.736967  1.500776  2.841567 20.295270
[47] 32.057323 11.762052  1.500895  2.840735 20.207160 32.030626 11.823467  1.500551  2.842191 20.136880 32.010109 11.873229  1.501040  2.840335

$Refset$penalty
 [1] 0 0 0 0 0 0 0 0 0 0 0 0


