$f
 [1] 11488.439  3764.918  3225.554  3179.891  2972.080  2885.432  2784.210  2691.255  2631.172  2611.047  2605.642  2591.290  2575.924  2562.090  2549.330  2530.137  2529.865  2519.630  2471.540  2470.936

$x
          [,1]     [,2]      [,3]     [,4]     [,5]     [,6]     [,7]     [,8]     [,9]    [,10]
 [1,] 24.79000 337.0400 0.2529000 17.72000 285.5400 45.67000 29.49000 2.970000 2.000000 2.690000
 [2,] 20.77092 372.3109 0.9059544 17.82231 285.5374 35.43508 26.79752 6.547052 7.932818 4.335413
 [3,] 20.00000 372.3109 0.7061281 17.82231 285.7113 35.77925 26.59484 7.112737 8.315806 4.156873
 [4,] 21.53469 384.3382 0.7400238 16.46731 286.4880 38.23246 25.98987 6.832022 8.664094 4.335412
 [5,] 21.77965 394.2561 0.6876572 16.43387 286.6887 38.49089 25.60718 6.805283 8.687440 4.371768
 [6,] 21.74313 379.3397 0.6538465 22.88293 286.7849 39.05507 24.43797 6.726828 4.715383 4.762416
 [7,] 21.95317 387.9589 0.6030788 22.88621 286.7980 39.05507 24.34695 6.725077 4.589854 4.759091
 [8,] 22.40784 382.0409 0.8022343 15.33587 286.6825 37.12790 24.00000 7.345078 9.751387 4.730178
 [9,] 22.40784 382.6562 0.8106718 15.33587 286.7012 37.12790 24.00000 7.345078 9.788887 4.730178
[10,] 20.66186 414.9914 0.9816731 15.91862 286.7342 37.67189 24.06748 7.366513 9.259573 4.821427
[11,] 20.66186 414.9914 0.9550000 15.91569 286.7342 37.67814 24.06748 7.366513 9.260354 4.818458
[12,] 20.75555 412.4455 1.0000000 15.95708 286.7312 37.65869 24.03898 7.365450 9.275442 4.816087
[13,] 20.83284 398.4769 1.0000000 15.99053 286.7313 37.63556 24.04507 7.359819 9.396229 4.642519
[14,] 20.83284 398.4769 1.0000000 15.99053 286.7313 37.63556 24.04507 7.359819 9.389979 4.642519
[15,] 20.88111 406.1138 0.9714572 15.95124 286.7345 37.66089 24.03962 7.358653 9.350974 4.656374
[16,] 20.83923 409.3806 0.9791610 15.91382 286.7336 37.62317 24.04471 7.358140 9.269103 4.682889
[17,] 20.87539 406.2079 0.9713436 15.95755 286.7321 37.63464 24.03705 7.360888 9.251780 4.661268
[18,] 20.83273 412.0477 0.9819558 15.87333 286.7334 37.60444 24.04784 7.357742 9.255564 4.690516
[19,] 21.39523 404.5477 0.8189453 15.68583 286.7334 37.60444 24.04784 7.357742 9.268064 4.684578
[20,] 21.39523 404.5477 0.8639453 15.68546 286.7334 37.60444 24.04784 7.357742 9.268064 4.684578

$time
elapsed elapsed elapsed elapsed elapsed elapsed elapsed elapsed elapsed elapsed elapsed elapsed elapsed elapsed elapsed elapsed elapsed elapsed elapsed elapsed 
   9.55   25.09   47.59   92.14  118.55  182.66  201.45  698.72  708.33 1312.91 1321.12 1434.14 1573.19 1580.08 1628.20 1664.41 1688.28 1700.50 1710.86 1811.55 

$neval
 [1]   106   260   492   927  1209  1888  2081  7367  7469 14254 14351 15710 17269 17343 17891 18298 18571 18709 18830 19898

$fbest
[1] 2470.936

$xbest
 [1]  21.3952307 404.5477002   0.8639453  15.6854627 286.7333573  37.6044377  24.0478411   7.3577423   9.2680642   4.6845785

$numeval
[1] 19898

$end_crit
[1] 2

$cpu_time
elapsed 
1811.55 

$Refset
$Refset$x
            [,1]        [,2]        [,3]       [,4]       [,5]        [,6]        [,7]        [,8]        [,9]       [,10]
 [1,]   1.000000  21.3952300   0.8189453 286.733357  24.047841   9.2680640  21.3952300   0.8189453 286.7333570  24.0478410
 [2,]   9.268064   2.0000000 404.5477000  15.685829  37.604438   7.3577420   4.6845780 404.5477000  15.6858289  37.6044380
 [3,]   7.357742   4.6845780   3.0000000  20.870890 409.233597   0.9785745  15.9639500 286.7331830  37.6422300  24.0307447
 [4,]   7.359433   9.2714040   4.6668170   4.000000  20.854130 408.7628562   0.9847783  15.9566110 286.7336410  37.6053500
 [5,]  24.055063   7.3581620   9.2984710   4.674486   5.000000  20.7905900 407.0392338   0.9791186  15.9544280 286.7328060
 [6,]  37.657760  24.0394595   7.3616640   9.273868   4.664366   6.0000000  20.8607900 407.9682050   0.9700683  15.9377480
 [7,] 286.733206  37.6165800  24.0328266   7.358683   9.330414   4.6699130   7.0000000  20.8748000 406.6679826   0.9782245
 [8,]  15.953743 286.7337380  37.6586100  24.039498   7.361090   9.2900930   4.6587440   8.0000000  20.8328400   1.0000000
 [9,] 286.731330  24.0450690   9.3899790  20.832840   1.000000 286.7313300  24.0450690   9.3899790   9.0000000 398.4768700
[10,]  15.990534  37.6355610   7.3598190   4.642519 398.476870  15.9905339  37.6355610   7.3598190   4.6425190  20.9842100
[11,] 412.846970   0.9853943  15.8796120 286.735418  37.646570  24.0467221   7.3546480   9.3977750   4.8778980  22.8969700
[12,] 401.839244   0.9724560  16.2372100 286.660773  35.484770  24.2474556   6.5091390   8.9867180   4.7305830  22.9216500

$Refset$f
 [1] 2471.540 2471.540 2520.564 2521.391 2522.281 2525.214 2527.099 2562.090 2562.090 2569.887 2697.823 2707.722

$Refset$fpen
 [1] 2471.540 2471.540 2520.564 2521.391 2522.281 2525.214 2527.099 2562.090 2562.090 2569.887 2697.823 2707.722

$Refset$const
 [1]  6.417765 20.314171  2.660230 26.731936  1.509386 26.731936  1.509386  6.417765 20.314171  2.660230  6.692546 26.728596 20.036050  1.509538  2.656960  6.658140 26.701529 20.043389  1.509334  2.660857  6.680560 26.726132 20.045572
[24]  1.509582  2.656719  6.607334 26.669586 20.062252  1.509476  2.658401  6.663650 26.709907 20.046257  1.509483  2.657044  6.600555 20.009466  2.657678 26.610021  1.509678 26.610021  1.509678  6.600555 20.009466  2.657678  6.481837
[47] 26.602225 20.120388  1.509254  2.658856  7.250492 27.013282 19.762790  1.511689  2.763765  7.890128 27.812583 19.922455  1.523875  2.705601

$Refset$penalty
 [1] 0 0 0 0 0 0 0 0 0 0 0 0


