$f
 [1] 5577.6094  649.6927  607.0069  603.3542  537.3281  448.1337  426.3056  423.7170  419.7604  419.0538  418.3542  416.7118  415.3733  413.5174  413.3698  413.2083  413.0833  413.0139  413.0000  412.8524  412.7274  412.6788  412.5608
[24]  412.5174  412.3368  412.3368

$x
          [,1]     [,2]      [,3]     [,4]     [,5]     [,6]     [,7]     [,8]     [,9]    [,10]
 [1,] 24.79000 337.0400 0.2529000 17.72000 285.5400 45.67000 29.49000 2.970000 2.000000 2.690000
 [2,] 20.18990 177.4365 0.4516548 28.00842 286.8211 42.52812 25.98243 6.489274 6.703533 3.395310
 [3,] 20.00000 177.4365 0.4563715 28.08703 286.7897 41.72812 25.80075 6.489274 6.803533 3.382033
 [4,] 21.06790 236.2018 0.5723524 25.59301 286.6431 41.55569 25.33618 6.315399 5.807901 2.784863
 [5,] 24.76197 177.3116 0.1233141 25.80598 286.7362 38.85409 24.86318 6.408929 5.955022 2.593828
 [6,] 25.02310 166.2387 0.1000000 25.35964 286.7484 39.03196 24.00000 6.208827 6.102997 1.536731
 [7,] 25.02310 166.2387 0.1027246 25.35964 286.7484 39.03196 24.00000 6.233827 6.138935 1.560481
 [8,] 23.26479 230.3613 0.7517193 25.08182 286.6324 37.83816 25.21390 6.863720 5.533686 3.026203
 [9,] 23.33404 232.4296 0.7557374 24.93367 286.6267 37.88248 25.18254 6.868406 5.532653 3.012103
[10,] 23.28582 231.8513 0.7868079 24.98972 286.6296 37.88367 25.18345 6.866767 5.532305 3.018252
[11,] 23.23448 232.8789 0.8018706 24.99159 286.6320 37.89160 25.14934 6.865629 5.536689 3.020032
[12,] 23.21883 232.9995 0.8006515 24.99426 286.6324 37.90445 25.10466 6.865473 5.539043 3.020274
[13,] 23.16144 240.6312 0.7923763 24.85283 286.6253 37.87160 25.06304 6.866622 5.383725 3.022851
[14,] 23.16144 240.6312 0.8148763 24.85576 286.6253 37.87160 25.06304 6.866622 5.396225 3.022851
[15,] 23.44262 232.9365 0.7906277 24.84335 286.6255 37.87472 25.12200 6.866522 5.532410 3.017227
[16,] 23.44262 232.9560 0.7906277 24.84335 286.6255 37.87472 25.12200 6.866522 5.532410 3.017227
[17,] 23.45400 233.8910 0.7917580 24.83547 286.6217 37.87185 25.11492 6.866388 5.500158 3.018532
[18,] 23.43337 233.3575 0.7928874 24.84364 286.6230 37.86994 25.12245 6.866566 5.521821 3.013821
[19,] 23.44199 233.0001 0.7906816 24.84189 286.6250 37.87247 25.12909 6.866540 5.531275 3.013447
[20,] 23.44158 232.8774 0.7906667 24.84066 286.6242 37.87402 25.12676 6.866945 5.534567 3.012540
[21,] 23.44568 234.1140 0.7906255 24.81769 286.6240 37.87322 25.12500 6.866881 5.505829 3.012891
[22,] 23.42860 233.1855 0.7901426 24.82930 286.6242 37.87437 25.12470 6.866898 5.537373 3.012674
[23,] 23.42736 233.1473 0.7891307 24.83011 286.6242 37.87452 25.12415 6.866897 5.538465 3.012649
[24,] 23.43818 233.3188 0.7922174 24.81691 286.6243 37.87324 25.12494 6.866897 5.537864 3.012704
[25,] 23.43217 232.9695 0.7905806 24.81323 286.6241 37.87456 25.12673 6.867059 5.552646 3.012504
[26,] 23.43217 232.9695 0.7905806 24.81323 286.6241 37.87456 25.12673 6.867059 5.552646 3.012504

$time
elapsed elapsed elapsed elapsed elapsed elapsed elapsed elapsed elapsed elapsed elapsed elapsed elapsed elapsed elapsed elapsed elapsed elapsed elapsed elapsed elapsed elapsed elapsed elapsed elapsed elapsed 
   2.42    7.28   10.59   22.15   29.11   43.19   50.00  288.47  297.86  304.73  309.12  312.51  327.15  329.40  525.31  527.09  555.26  567.89  574.67  632.33  685.31  811.61  820.58  840.67  953.75 1291.55 

$neval
 [1]   106   262   394   825  1106  1647  1893 11114 11462 11742 11884 12021 12569 12654 20189 20262 21356 21835 22110 24360 26476 31405 31742 32552 36932 50094

$fbest
[1] 412.3368

$xbest
 [1]  23.4321718 232.9695366   0.7905806  24.8132328 286.6241162  37.8745571  25.1267285   6.8670589   5.5526460   3.0125039

$numeval
[1] 50094

$end_crit
[1] 1

$cpu_time
elapsed 
1291.55 

$Refset
$Refset$x
             [,1]        [,2]       [,3]        [,4]        [,5]        [,6]        [,7]        [,8]        [,9]      [,10]
 [1,]   1.0000000  23.4334200 232.949500   0.7898455  24.8139700 286.6241000  37.8739800  25.1224200   6.8669740   5.552255
 [2,]   3.0124410   2.0000000  23.432670 232.9517000   0.7901502  24.8134400 286.6241000  37.8749200  25.1248400   6.867010
 [3,]   5.5528790   3.0126160   3.000000  23.4322400 233.0001000   0.7899565  24.8127800 286.6241000  37.8747800  25.125220
 [4,]   6.8669860   5.5519150   3.012702   4.0000000  23.4335500 232.9510000   0.7901117  24.8137900 286.6241000  37.874190
 [5,]  25.1229500   6.8670000   5.552268   3.0125590   5.0000000  23.4311600 232.0585000   0.7878487  24.8774800 286.622700
 [6,]  37.8746000  25.0535400   6.867278   5.5475970   3.0151730   6.0000000  23.3939600 232.9998000   0.7944668  24.798090
 [7,] 286.6218000  37.9202200  25.022850   6.8682720   5.5518290   3.0149710   7.0000000  23.4319500 232.0145000   0.789184
 [8,]  24.8909100 286.6167000  37.877100  25.0924000   6.8651640   5.5481550   3.0163970   8.0000000  23.4291700 232.675900
 [9,]   0.7926063  24.8334100 286.625600  37.8755900  25.0972700   6.8668670   5.5528480   3.0144150   9.0000000  24.348950
[10,] 222.2449000   0.8813756  25.513930 286.6106000  37.7554600  25.1299900   6.8701660   5.5590590   3.0260410  23.357030
[11,] 232.6551000   0.7838732  24.827950 286.5987000  37.8560300  25.8477300   6.9070430   5.5721080   3.0162060  23.427920
[12,] 232.3593000   0.7902641  25.125040 286.6162000  37.8703700  25.1215000   6.9038070   5.5495670   3.0113290  23.365200

$Refset$f
 [1] 412.3368 412.3368 412.3368 412.3368 414.6146 415.0556 417.7587 415.6059 450.2656 565.6580 494.7500 616.8472

$Refset$fpen
 [1] 412.3368 412.3368 412.3368 412.3368 414.6146 415.0556 417.7587 415.6059 450.2656 565.6580 494.7500 616.8472

$Refset$const
 [1] 19.261720 30.447740 11.186030  1.518418  2.688467 19.260560 30.447120 11.186560  1.518416  2.688598 19.260870 30.448080 11.187220  1.518410  2.688650 19.261520 30.447730 11.186210  1.518420  2.688488 19.329880 30.452400 11.122520
[24]  1.518798  2.682470 19.246260 30.448170 11.201910  1.519081  2.677387 19.342750 30.451840 11.109090  1.519335  2.683137 19.280570 30.447150 11.166590  1.518339  2.686965 19.954870 30.440940 10.486070  1.519635  2.690148 19.255840
[47] 30.427890 11.172050  1.518786  2.737759 19.575480 30.450430 10.874960  1.519286  2.685580 19.167650 30.512010 11.344360  1.529607  2.723285

$Refset$penalty
 [1] 0 0 0 0 0 0 0 0 0 0 0 0


