$f
 [1] 16142.6163  1801.5313  1305.5260  1273.0174  1105.9931  1023.2344  1009.1597   998.4427   995.6424   993.8715   992.4288   991.2552   981.6111   980.6007   975.7396   974.2899   962.9253   961.4861   946.1215   940.8437   937.0087
[22]   934.0712   934.0122   934.0122

$x
          [,1]     [,2]      [,3]     [,4]     [,5]     [,6]     [,7]     [,8]     [,9]    [,10]
 [1,] 24.79000 337.0400 0.2529000 17.72000 285.5400 45.67000 29.49000 2.970000 2.000000 2.690000
 [2,] 20.00000 100.0000 0.6820726 16.68085 286.8256 47.19171 27.86743 6.763092 8.627340 2.104239
 [3,] 20.00000 100.0000 0.7255004 16.47122 286.8256 47.01966 26.71075 7.563092 7.229798 2.105068
 [4,] 20.00000 101.1230 0.7118598 16.92437 286.8313 46.99918 26.71041 7.596371 7.335642 2.151866
 [5,] 20.09813 100.0000 0.9416168 16.01235 286.8257 48.00000 24.98152 7.566075 7.342747 2.299257
 [6,] 20.02684 100.0000 0.9538278 15.88058 286.8334 48.00000 24.96434 7.565989 6.900202 2.305754
 [7,] 20.03288 100.0285 0.9538918 15.88644 286.8334 48.00000 24.92371 7.565989 6.899397 2.299817
 [8,] 20.06685 105.0672 0.8403078 16.42302 286.7980 44.32295 25.04736 7.506909 8.507722 2.281553
 [9,] 20.06685 105.0672 0.8853078 16.42302 286.7980 44.32295 25.04736 7.506909 8.507722 2.281553
[10,] 20.03222 104.4973 0.8967322 16.39622 286.8285 44.37188 25.73106 7.504275 8.809309 2.247474
[11,] 20.03222 104.4973 0.8967322 16.39622 286.8285 44.37188 25.60919 7.504275 8.809309 2.247474
[12,] 20.00000 104.6142 0.8736141 16.42921 286.8285 44.37262 25.70012 7.504541 8.868128 2.244269
[13,] 20.00027 104.5968 0.8739259 16.44479 286.8378 44.39319 25.67383 7.504186 8.887177 2.233880
[14,] 20.00081 104.7774 0.8681709 16.45767 286.8392 44.39696 25.66145 7.504175 8.886990 2.231771
[15,] 20.00046 105.6065 0.8881292 16.40848 286.8377 44.36029 25.68823 7.504703 8.888754 2.229162
[16,] 20.00032 105.5951 0.8950668 16.41685 286.8381 44.35786 25.68270 7.505053 8.889599 2.228522
[17,] 20.03314 102.2738 0.8793609 16.39773 286.7979 44.33777 26.07687 7.504533 8.875981 2.058140
[18,] 20.03314 102.2738 0.9018609 16.39773 286.7979 44.33777 26.07687 7.504533 8.875981 2.058140
[19,] 20.02713 100.4906 0.8755699 16.39391 286.7964 44.33948 26.12000 7.504541 8.891784 2.061084
[20,] 20.02713 100.4906 0.8980699 17.16442 286.7964 44.33948 26.12000 7.504541 8.891784 2.061084
[21,] 20.11898 102.0380 0.8699544 16.44415 286.7967 44.39645 26.10141 7.506347 8.823781 2.062198
[22,] 20.00010 100.0924 0.9430016 17.19365 286.8315 44.44059 25.53714 7.505362 8.839416 2.265517
[23,] 20.00010 100.0924 0.9430016 17.19365 286.8315 44.44059 25.53714 7.505362 8.842541 2.265517
[24,] 20.00010 100.0924 0.9430016 17.19365 286.8315 44.44059 25.53714 7.505362 8.842541 2.265517

$time
elapsed elapsed elapsed elapsed elapsed elapsed elapsed elapsed elapsed elapsed elapsed elapsed elapsed elapsed elapsed elapsed elapsed elapsed elapsed elapsed elapsed elapsed elapsed elapsed 
   2.39    6.40    9.48   20.73   27.03   43.53   45.95  129.54  131.14  179.98  181.72  187.79  190.87  200.59  203.58  209.98  213.48  215.14  248.37  250.40  376.95 1154.86 1156.47 1168.25 

$neval
 [1]   106   262   398   849  1134  1832  1937  5453  5526  7565  7642  7916  8051  8453  8588  8863  9000  9073 10414 10505 15841 49528 49601 50007

$fbest
[1] 934.0122

$xbest
 [1]  20.0001041 100.0923975   0.9430016  17.1936505 286.8315101  44.4405874  25.5371391   7.5053619   8.8425411   2.2655172

$numeval
[1] 50007

$end_crit
[1] 1

$cpu_time
elapsed 
1168.25 

$Refset
$Refset$x
             [,1]        [,2]        [,3]       [,4]       [,5]        [,6]        [,7]        [,8]       [,9]       [,10]
 [1,]   1.0000000  20.0001000   0.9430016 286.831510  25.537139   8.8425410  20.0001000   0.9430016 286.831510  25.5371390
 [2,]   8.8425410   2.0000000 100.0924000  17.193651  44.440587   7.5053620   2.2655170 100.0924000  17.193651  44.4405870
 [3,]   7.5053620   2.2655170   3.0000000  20.000530 100.062184   0.9157275  17.2002620 286.8311870  44.435840  25.5690332
 [4,]   7.5048520   8.8409110   2.2662720   4.000000  20.000400 100.0850759   0.8999426  17.1932240 286.831612  44.4315000
 [5,]  25.5431965   7.5047900   8.8492170   2.251068   5.000000  20.0103500 100.0910760   0.8970129  17.191372 286.8313680
 [6,]  44.4175400  25.5434535   7.5029880   8.838818   2.256247   6.0000000  20.0055600 100.0912959   0.899063  17.1908570
 [7,] 286.8314190  44.4176500  25.5435354   7.503319   8.839721   2.2556900   7.0000000  20.0016400 100.000000   0.8960542
 [8,]  17.2527110 286.8320340  44.3929600  25.559140   7.506235   8.8615970   2.2436330   8.0000000  20.001820 100.1455697
 [9,]   0.8963517  17.2458360 286.8320370  44.392520  25.560486   7.5062460   8.8618910   2.2435700   9.000000  20.0004800
[10,] 100.0691116   0.9055749  17.1933170 286.831296  44.428710  25.5886271   7.5046180   8.8431750   2.265676  20.0010800
[11,] 100.0657423   0.9010723  17.1417080 286.830839  44.433240  25.5747070   7.5050590   8.8461290   2.264755  20.0018300
[12,] 100.2420016   0.8980282  17.2569350 286.830912  44.076230  25.5602462   7.4215000   8.8454220   2.239322  20.0051900

$Refset$f
 [1]  934.0122  934.0122  940.5816  941.6962  941.9427  941.9427  942.5399  942.6580  941.1580  947.2483 1028.3576 1029.2153

$Refset$fpen
 [1]  934.0122  934.0122  940.5816  941.6962  941.9427  941.9427  942.5399  942.6580  941.1580  947.2483 1028.3576 1029.2153

$Refset$const
 [1]  8.351109 18.806350  2.516214 27.157459  1.506149 27.157459  1.506149  8.351109 18.806350  2.516214  8.359351 27.159089 18.799738  1.506109  2.518187  8.344007 27.150783 18.806776  1.506115  2.516935  8.352554 27.161182 18.808628
[24]  1.506122  2.517344  8.351136 27.160279 18.809143  1.506117  2.517364  8.391113 27.138403 18.747289  1.505993  2.519403  8.383944 27.138109 18.754164  1.505989  2.519501  8.350141 27.156825 18.806683  1.506048  2.519664  8.295579
[47] 27.153871 18.858292  1.506128  2.518490  8.411513 27.154578 18.743065  1.505710  2.530217 11.754373 28.502495 16.748123  1.505941  2.523176

$Refset$penalty
 [1] 0 0 0 0 0 0 0 0 0 0 0 0


