$f
 [1] 2442.8681  738.9028  576.7604  573.8142  571.1597  543.3906  537.7951  525.5104  523.7309  519.6024  517.4670  516.4427  510.7031  508.2188  506.2257  505.3819  504.9670  504.7951  499.6337  499.0156  498.5764  498.3715  498.3507
[24]  498.2934  498.1250  497.9844  497.9306  497.7656  497.5382  497.5382

$x
          [,1]     [,2]      [,3]     [,4]     [,5]     [,6]     [,7]     [,8]     [,9]    [,10]
 [1,] 22.31780 194.6491 0.6564748 17.87805 286.4442 46.33096 32.24669 4.411437 8.459003 4.109744
 [2,] 20.00000 420.6277 0.1228534 15.00000 286.9164 48.00000 24.10332 2.004158 2.000000 4.379922
 [3,] 20.13258 378.8599 0.1308083 16.42588 286.7043 47.71716 24.06423 3.135528 2.017678 4.111221
 [4,] 20.76025 213.6081 0.1858932 18.04805 286.5772 42.07650 32.40292 3.564205 7.398501 3.875560
 [5,] 20.76075 222.3607 0.1799568 18.07451 286.5587 41.45440 32.41743 3.561497 7.027224 3.734420
 [6,] 20.76075 222.6732 0.1553474 18.07744 286.5587 41.67940 32.57993 3.561497 7.027224 3.734420
 [7,] 20.52154 224.0437 0.1639078 19.22995 286.4443 42.41110 31.18230 3.834684 5.883094 4.120864
 [8,] 20.52154 224.0437 0.1385953 19.22995 286.4443 42.41110 31.18230 3.809684 5.883094 4.144614
 [9,] 20.71570 230.5184 0.1403337 18.42924 286.4553 42.54567 31.22808 3.815817 6.038090 3.474357
[10,] 20.71570 230.5184 0.1406853 18.42924 286.4564 42.54567 31.22808 3.822067 6.050590 3.474357
[11,] 20.48940 236.7426 0.1446446 18.48755 286.4326 42.25748 31.52254 4.009983 5.777993 3.742259
[12,] 20.48940 236.7426 0.1446446 18.48755 286.4326 42.25748 31.52254 4.003733 5.790493 3.754134
[13,] 21.18310 219.0017 0.1396888 18.55187 286.4676 42.66332 31.33242 3.811469 5.930293 3.556370
[14,] 21.21341 218.6892 0.1396888 18.54773 286.4693 42.69867 31.33242 3.805219 5.928083 3.556370
[15,] 21.48913 219.8430 0.1363623 18.46800 286.4773 42.67060 31.51031 3.799518 5.732579 3.510585
[16,] 21.48913 219.8430 0.1362744 18.46800 286.4770 42.67060 31.46968 3.799518 5.732579 3.510585
[17,] 21.00922 220.6179 0.1452400 18.96072 286.4447 42.53879 31.17679 3.798213 5.612892 3.677376
[18,] 20.97512 222.6119 0.1459990 18.70866 286.4444 42.53168 31.27690 3.798560 5.773936 3.642152
[19,] 20.97512 222.6119 0.1670928 18.70866 286.4444 42.53168 31.19565 3.798560 5.773936 3.624339
[20,] 21.51228 218.5026 0.1448375 18.42925 286.4421 42.53865 31.24694 3.797918 5.808518 3.594936
[21,] 21.51228 218.4635 0.1446618 18.42925 286.4421 42.53865 31.24694 3.797918 5.811643 3.594936
[22,] 21.51529 218.6339 0.1450161 18.40854 286.4423 42.53838 31.24785 3.797798 5.820693 3.596087
[23,] 21.62231 217.7013 0.1438743 18.38864 286.4439 42.53758 31.23917 3.797598 5.807965 3.591846
[24,] 21.51452 218.6593 0.1453789 18.39403 286.4413 42.53834 31.24938 3.798022 5.830768 3.598361
[25,] 21.51452 218.6593 0.1453789 18.39403 286.4413 42.53834 31.20875 3.798022 5.830768 3.598361
[26,] 21.53121 218.7378 0.1446160 18.35800 286.4409 42.53549 31.24250 3.797933 5.847830 3.583870
[27,] 21.55722 218.5963 0.1447133 18.36045 286.4422 42.53535 31.21729 3.797747 5.833235 3.585496
[28,] 21.55722 218.6158 0.1447133 18.36045 286.4422 42.53535 31.21729 3.797747 5.833235 3.585496
[29,] 21.54519 218.4637 0.1449543 18.35411 286.4393 42.54077 31.22411 3.798202 5.851875 3.582677
[30,] 21.54519 218.4637 0.1449543 18.35411 286.4393 42.54077 31.22411 3.798202 5.851875 3.582677

$time
elapsed elapsed elapsed elapsed elapsed elapsed elapsed elapsed elapsed elapsed elapsed elapsed elapsed elapsed elapsed elapsed elapsed elapsed elapsed elapsed elapsed elapsed elapsed elapsed elapsed elapsed elapsed elapsed elapsed elapsed 
   3.15    8.78   12.70   46.78   50.17   52.86   73.51   94.48  183.00  185.47  206.97  231.23  257.83  267.06  367.29  369.34  386.25  401.79  407.20  503.28  505.95  534.69  559.50  573.36  582.04  678.94  702.62  719.11  839.23 1308.09 

$neval
 [1]   106   280   417  1669  1806  1922  2597  3374  6757  6848  7516  8277  9348  9737 13418 13504 14182 14724 14950 18467 18551 19650 20526 21064 21407 25223 26109 26718 31385 50113

$fbest
[1] 497.5382

$xbest
 [1]  21.5451928 218.4636522   0.1449543  18.3541148 286.4392859  42.5407653  31.2241122   3.7982022   5.8518752   3.5826770

$numeval
[1] 50113

$end_crit
[1] 1

$cpu_time
elapsed 
1308.09 

$Refset
$Refset$x
             [,1]        [,2]       [,3]        [,4]        [,5]        [,6]        [,7]        [,8]        [,9]       [,10]
 [1,]   1.0000000  78.9905800 114.271900   0.3495551  29.4214300 286.8681000  42.3601900  31.9187000   5.4227810   3.3253390
 [2,]   2.8909740   2.0000000  21.545240 218.4574000   0.1449073  18.3483500 286.4397000  42.5372800  31.2135400   3.7982890
 [3,]   5.8581320   3.5869660   3.000000  21.5490900 218.4036000   0.1447983  18.3501000 286.4396000  42.5386000  31.2145700
 [4,]   3.7983100   5.8567980   3.586512   4.0000000  21.5457900 218.4301000   0.1449349  18.3496300 286.4404000  42.5381200
 [5,]  31.2138500   3.7981210   5.857916   3.5825940   5.0000000  21.5492400 218.4607000   0.1447184  18.3456800 286.4401000
 [6,]  42.5385200  31.2200100   3.798257   5.8578930   3.5849530   6.0000000  21.5286700 218.4157000   0.1449226  18.3715900
 [7,] 286.4405000  42.5377900  31.212550   3.7983520   5.8509290   3.5846390   7.0000000  21.5402100 218.4226000   0.1449787
 [8,]  18.3498100 286.4402000  42.538830  31.2135000   3.7982270   5.8622160   3.5839400   8.0000000  21.5250200 218.4710000
 [9,]   0.1453284  18.3628900 286.439200  42.5347600  31.2117700   3.7982090   5.8565020   3.5849680   9.0000000  21.5454300
[10,] 218.4425000   0.1449026  18.348800 286.4396000  42.5379500  31.2138500   3.7982350   5.8577960   3.5856850  21.5260600
[11,] 218.8917000   0.1418592  18.349690 286.4381000  42.5380700  31.2178400   3.8045680   5.8623100   3.5828570  21.5370400
[12,] 218.4072000   0.1447962  18.320710 286.4333000  42.5463200  31.2268500   3.8026060   5.9085830   3.5865570  20.6184000

$Refset$f
 [1] 1674554.0000     497.5382     497.5382     497.5382     497.5382     497.9844     497.6128     497.9844     497.5382     502.8958     504.0208     709.0347

$Refset$fpen
 [1] 1699436.1758     497.5382     497.5382     497.5382     497.5382     497.9844     497.6128     497.9844     497.5382     502.8958     504.0208     709.0347

$Refset$const
 [1] 26.096090 32.674660  6.578567  1.475118  3.093804 12.490220 30.141870 17.651649  1.530174  2.839143 12.493300 30.143200 17.649899  1.530185  2.839110 12.491710 30.142080 17.650373  1.530098  2.839367 12.487790 30.142110 17.654319
[24]  1.530111  2.839716 12.520660 30.149070 17.628412  1.530088  2.839327 12.487600 30.137780 17.650185  1.530117  2.839246 12.506390 30.143500 17.637110  1.530240  2.838935 12.491010 30.142200 17.651197  1.530193  2.839069 12.487380
[47] 30.137690 17.650309  1.530354  2.838815 12.412120 30.091420 17.679295  1.530917  2.837212 12.944110 30.197600 17.253485  1.554701  2.573629

$Refset$penalty
 [1] 0.02488218 0.00000000 0.00000000 0.00000000 0.00000000 0.00000000 0.00000000 0.00000000 0.00000000 0.00000000 0.00000000 0.00000000


