$f
 [1] 37123.401  3134.908  2946.116  2824.726  2442.146  2170.726  2098.036  2086.293  2072.061  2052.632  2000.142  1979.990  1978.365  1973.422  1969.241  1965.144  1955.000  1951.439  1951.417  1944.396  1941.533  1939.095  1931.630
[24]  1930.156  1928.363  1927.078  1926.609  1923.535  1923.024  1918.281  1914.854  1913.625  1907.583  1905.220  1903.701  1902.632  1901.767  1900.299  1896.861  1893.932  1893.422  1893.281  1893.267  1892.778  1892.264  1891.604
[47]  1890.773  1890.618  1890.050  1890.010  1889.554  1889.142  1889.059  1889.023  1877.278  1777.273  1747.516  1726.724  1689.755  1676.094  1662.540  1654.993  1593.050  1586.705  1583.635  1579.677  1578.578  1578.130  1577.840
[70]  1561.569  1560.887  1550.847  1547.668  1520.708  1519.398  1519.163  1500.776  1499.217  1497.247  1497.095  1495.207  1491.319  1489.773  1489.719  1489.665  1489.083  1475.842  1473.538  1471.557  1471.057  1465.378  1463.889
[93]  1444.052  1434.885  1419.693  1417.918  1417.573  1415.309  1415.309

$x
           [,1]     [,2]      [,3]     [,4]     [,5]     [,6]     [,7]     [,8]     [,9]    [,10]
  [1,] 24.79000 337.0400 0.2529000 17.72000 285.5400 45.67000 29.49000 2.970000 2.000000 2.690000
  [2,] 20.00000 163.4491 0.6571927 17.95713 285.6431 34.53715 28.72709 3.806682 2.053712 1.745520
  [3,] 20.00000 159.9135 0.7049224 18.52792 285.5664 34.58715 28.68646 3.797843 2.018357 1.707734
  [4,] 20.00000 136.9650 0.7103556 20.39658 285.8829 36.55699 27.86674 4.579530 2.000000 1.940044
  [5,] 21.86081 162.6047 0.8739119 19.42477 285.8948 35.72157 24.19558 3.410563 2.669307 2.706948
  [6,] 21.10465 204.0962 0.7381555 17.31811 286.4654 37.60058 24.00000 2.038391 3.805769 2.839136
  [7,] 21.09615 202.4765 0.7400114 17.30926 286.6046 37.93362 24.00000 2.029637 4.051033 2.857963
  [8,] 20.75510 204.7209 0.7455024 17.35929 286.5877 38.00474 24.00000 2.000000 4.078147 2.900761
  [9,] 20.71389 205.9345 0.7494955 17.36253 286.5824 38.05165 24.00002 2.002121 4.208942 2.910429
 [10,] 20.57895 164.2199 0.7190968 20.89399 286.5265 35.97596 24.89192 2.164686 4.607748 1.957285
 [11,] 20.53063 164.2199 0.7472218 20.52503 286.5265 35.87289 24.89192 2.114686 4.807748 1.957285
 [12,] 21.06906 168.9126 0.7420009 19.96610 286.5743 36.84131 24.39806 2.130541 4.169088 2.305393
 [13,] 21.06906 168.9907 0.7420009 19.96610 286.5743 36.84131 24.39806 2.130541 4.172213 2.305393
 [14,] 20.33165 182.8518 0.7459557 19.38553 286.5419 36.78678 24.21570 2.000000 4.959269 3.184535
 [15,] 20.33488 186.2542 0.7449097 19.53881 286.5502 36.84347 24.16058 2.141771 4.627002 3.141250
 [16,] 20.32922 181.2153 0.7485581 19.34942 286.5544 36.87192 24.28254 2.121417 4.512484 2.873514
 [17,] 20.33987 182.7488 0.7458486 19.48857 286.5428 36.84707 24.21147 2.000000 4.922461 3.107281
 [18,] 20.33011 181.5373 0.7470472 19.38685 286.5488 36.88360 24.24854 2.103065 4.499932 2.940909
 [19,] 20.32999 181.5179 0.7470721 19.38830 286.5506 36.87892 24.24975 2.099973 4.498515 2.945540
 [20,] 20.39014 182.9479 0.7466889 17.75836 286.5420 36.89987 24.14283 2.187928 5.767901 3.350533
 [21,] 20.43702 182.9479 0.7466889 17.76491 286.5420 36.89987 24.14283 2.200428 5.767901 3.350533
 [22,] 20.44555 179.0852 0.7457812 17.57031 286.5572 36.85690 24.31191 2.107951 6.161942 3.488196
 [23,] 20.42459 173.3776 0.7452316 18.78725 286.5604 36.84713 24.34393 2.140029 5.943676 3.315203
 [24,] 20.44151 172.6580 0.7447732 18.66966 286.5682 36.84157 24.36802 2.152187 6.028299 3.484391
 [25,] 20.46494 172.6580 0.7447732 18.66966 286.5682 36.84157 24.36802 2.158437 6.028299 3.484391
 [26,] 20.44118 171.6020 0.7456702 19.07498 286.5619 36.85330 24.34839 2.070387 5.243597 3.183614
 [27,] 20.44118 171.6020 0.7456702 19.07498 286.5619 36.85330 24.34839 2.070387 5.246722 3.183614
 [28,] 20.47227 169.2876 0.7447117 18.91692 286.5670 36.85489 24.35207 2.050770 5.452946 3.342446
 [29,] 20.49237 169.5246 0.7452979 18.96718 286.5612 36.85779 24.34294 2.079652 5.389851 2.937896
 [30,] 20.42487 164.4692 0.7449819 19.19675 286.5724 36.86269 24.34603 2.042558 5.729489 3.316920
 [31,] 20.42175 162.2042 0.7448642 19.29337 286.5729 36.86605 24.34671 2.032735 5.750466 3.394192
 [32,] 20.51558 170.2888 0.8998863 19.00903 286.5712 36.84417 24.43210 2.050884 5.426254 4.343969
 [33,] 20.55661 169.9508 0.9314205 18.97661 286.5594 36.84448 24.33900 2.055844 5.447793 3.569897
 [34,] 20.55564 169.7625 0.8840267 18.93502 286.5631 36.84936 24.33606 2.055747 5.447399 3.254808
 [35,] 20.49351 167.8760 0.9935412 18.69419 286.5762 36.86578 24.38745 2.064515 5.901822 4.203965
 [36,] 20.47670 166.9099 0.9978601 18.55345 286.5794 36.86652 24.37874 2.063566 6.021126 4.368859
 [37,] 20.53612 168.4810 0.9867990 18.69979 286.5649 36.86083 24.33420 2.059789 5.775168 3.619968
 [38,] 20.52393 167.7910 0.9681986 18.62067 286.5630 36.85626 24.37896 2.066923 5.875807 3.730228
 [39,] 20.50505 166.8227 0.9899999 18.53938 286.5788 36.86643 24.37874 2.065016 6.017563 3.955491
 [40,] 20.50505 166.8227 0.9899999 18.54084 286.5788 36.86643 24.37874 2.090016 6.017563 3.955491
 [41,] 20.50390 167.8996 0.9712487 18.48280 286.5691 36.85982 24.37548 2.053780 5.990317 2.798086
 [42,] 20.50390 167.8996 0.9712487 18.48280 286.5691 36.85982 24.37548 2.041280 5.990317 2.798086
 [43,] 20.50660 167.6169 0.9625058 18.47530 286.5692 36.86153 24.38031 2.055143 5.970435 2.880910
 [44,] 20.50742 166.8520 0.9823833 18.50676 286.5748 36.86457 24.37933 2.065963 6.024059 3.365815
 [45,] 20.50776 167.6075 0.9622325 18.48954 286.5699 36.86188 24.37952 2.055862 5.969449 2.882416
 [46,] 20.51515 167.0480 0.9929458 18.55380 286.5708 36.86976 24.33535 2.060420 5.955455 3.036120
 [47,] 20.51923 167.1725 0.9913513 18.55635 286.5711 36.86994 24.32991 2.061851 5.940062 3.038010
 [48,] 20.52233 167.0914 0.9922628 18.51066 286.5717 36.86940 24.32870 2.060995 5.977792 2.982285
 [49,] 20.52236 167.5231 0.9796974 18.48951 286.5663 36.86406 24.37468 2.036460 5.963973 2.884903
 [50,] 20.52236 167.5231 0.9796974 18.48951 286.5663 36.86406 24.37468 2.030210 5.963973 2.884903
 [51,] 20.53676 165.7543 0.9777828 18.51217 286.5702 36.86766 24.33876 2.060939 6.034466 2.841795
 [52,] 20.53573 165.5917 0.9788096 18.51249 286.5702 36.86697 24.33680 2.062598 6.046063 2.844778
 [53,] 20.53661 165.5543 0.9816304 18.51194 286.5704 36.86708 24.33704 2.047776 6.051089 2.841869
 [54,] 20.53420 165.6466 0.9813720 18.51184 286.5701 36.86697 24.33148 2.032082 6.047266 2.822411
 [55,] 20.60352 157.7042 0.9826854 18.52512 286.5737 36.86728 24.33089 5.436789 6.067757 2.802017
 [56,] 20.00000 157.7042 0.9770604 19.27512 286.5924 36.86728 24.00589 5.424289 6.142757 2.897017
 [57,] 20.00000 147.5117 1.0000000 19.27476 286.6164 36.67486 24.00000 6.145553 6.197294 2.819697
 [58,] 20.00000 147.0430 1.0000000 19.64976 286.6176 36.47486 24.01016 6.145553 6.197294 2.819697
 [59,] 20.13022 155.1142 0.9699183 19.04696 286.5719 36.37816 24.28642 6.087719 6.092027 3.130130
 [60,] 20.12364 157.3877 0.9557132 18.93271 286.5631 36.28542 24.37851 6.094998 6.122371 3.068568
 [61,] 20.13915 157.3534 0.9569327 18.93527 286.5631 36.27213 24.37797 6.092888 6.111112 3.058765
 [62,] 20.13915 157.3534 1.0000000 18.94838 286.5604 36.27213 24.23818 6.092888 6.111112 3.070640
 [63,] 20.09466 157.2118 0.9573896 18.88547 286.5659 36.71586 24.07095 6.068241 6.161939 3.043642
 [64,] 20.09466 157.2118 0.9573896 18.88547 286.5659 36.71586 24.07095 6.068241 6.174439 3.043642
 [65,] 20.07541 156.7483 0.9611799 18.59534 286.5956 36.79967 24.00742 6.074402 6.434386 3.059810
 [66,] 20.07541 156.7483 1.0000000 18.59534 286.5956 36.79967 24.00742 6.074402 6.446886 3.059810
 [67,] 20.08501 157.0019 0.9580462 18.77647 286.5836 36.75993 24.01390 6.073061 6.311393 3.042743
 [68,] 20.07635 156.8791 0.9581647 18.74259 286.5866 36.75861 24.01133 6.072760 6.357568 3.045177
 [69,] 20.07635 156.8791 0.9581647 18.74259 286.5866 36.75861 24.00000 6.072760 6.357568 3.045177
 [70,] 20.03448 143.0446 0.9577193 18.67028 286.5859 36.75585 24.02089 6.072429 6.692887 3.048648
 [71,] 20.03448 143.0446 0.9352193 18.67028 286.5859 36.75585 24.02089 6.072429 6.692887 3.048648
 [72,] 20.00575 140.2154 0.9579265 18.59516 286.5858 36.74911 24.01635 6.072883 6.868969 3.049864
 [73,] 20.01163 138.0182 0.9578922 18.59956 286.5857 36.74706 24.01525 6.072886 7.092710 3.048502
 [74,] 20.00000 138.4521 0.9579634 18.61757 286.5852 36.74881 24.02593 6.072887 7.367157 3.049363
 [75,] 20.02841 137.4692 0.9576976 18.54395 286.5848 36.76023 24.03052 6.073325 7.471154 3.048297
 [76,] 20.02171 129.0910 0.9333744 18.64368 286.5807 36.76893 24.01827 6.077690 7.889399 2.935603
 [77,] 20.04121 126.9872 0.9456608 18.64118 286.5846 36.77148 24.02192 6.075418 8.023144 3.004789
 [78,] 20.04121 126.9872 0.9681608 18.64118 286.5846 36.77148 24.02192 6.075418 8.023144 3.004789
 [79,] 20.02926 126.5320 0.9439425 18.63289 286.5841 36.77269 24.02492 6.075443 8.070151 2.989116
 [80,] 20.02875 126.0790 0.9430525 18.63021 286.5839 36.77183 24.02349 6.075485 8.095785 2.992209
 [81,] 20.02794 125.9532 0.9396539 18.61065 286.5851 36.77128 24.02828 6.075390 8.117372 2.986399
 [82,] 20.02765 126.5445 0.9447219 18.65796 286.5838 36.77622 24.02316 6.075202 8.047301 2.985378
 [83,] 20.02528 127.0393 0.9476789 18.63693 286.5841 36.77477 24.02299 6.074776 8.034228 3.002266
 [84,] 20.02507 127.0499 0.9474202 18.63694 286.5841 36.77482 24.01131 6.074750 8.034307 3.002151
 [85,] 20.02507 127.0499 0.9474202 18.63694 286.5841 36.77482 24.00000 6.074750 8.034307 3.002151
 [86,] 20.02715 126.3622 0.9474321 18.59435 286.5839 36.77185 24.02028 6.074763 8.105861 2.981439
 [87,] 20.04747 118.4772 0.9477506 18.80153 286.5831 36.76926 24.03072 6.074787 8.324482 2.983673
 [88,] 20.06636 114.8493 0.9478509 18.91817 286.5826 36.76709 24.02996 6.074640 8.506496 2.983819
 [89,] 20.09229 115.4948 0.9478560 18.90607 286.5817 36.76671 24.03077 6.074549 8.479238 2.977457
 [90,] 20.06050 112.2324 0.9478320 18.91082 286.5829 36.77163 24.02862 6.074821 8.771705 2.994255
 [91,] 20.07632 107.3648 0.9481900 19.13263 286.5825 36.77221 24.02984 6.074824 9.194828 2.992035
 [92,] 20.02944 107.3648 0.9706900 19.13263 286.5825 36.77221 24.00000 6.074824 9.194828 2.992035
 [93,] 20.11022 100.0000 0.9482962 19.01243 286.5776 36.76798 24.04047 6.074232 9.892215 2.972151
 [94,] 20.00000 103.2587 0.9468696 18.47342 286.5849 36.76323 24.03263 6.074965 9.836653 2.995612
 [95,] 20.01107 103.7960 0.9469175 18.46418 286.5849 36.76389 24.03310 6.074961 9.794784 2.993451
 [96,] 20.01107 103.7960 0.9244175 18.46418 286.5849 36.76389 24.00000 6.074961 9.794784 2.993451
 [97,] 20.01396 104.4070 0.9468558 18.55693 286.5849 36.78127 24.03004 6.074728 9.666012 2.994960
 [98,] 20.01396 104.3289 0.9243558 18.55986 286.5849 36.78127 24.03004 6.074728 9.666012 2.994960
 [99,] 20.01396 104.3289 0.9243558 18.55986 286.5849 36.78127 24.03004 6.074728 9.666012 2.994960

$time
elapsed elapsed elapsed elapsed elapsed elapsed elapsed elapsed elapsed elapsed elapsed elapsed elapsed elapsed elapsed elapsed elapsed elapsed elapsed elapsed elapsed elapsed elapsed elapsed elapsed elapsed elapsed elapsed elapsed elapsed 
   2.80    7.36   11.39   16.63   20.42   24.14   31.05   42.50   46.06   50.58   53.52   88.08   90.06   96.86  100.31  103.70  107.42  111.08  118.77  122.42  128.06  146.94  154.03  157.39  167.00  204.53  206.42  210.20  217.27  220.77 
elapsed elapsed elapsed elapsed elapsed elapsed elapsed elapsed elapsed elapsed elapsed elapsed elapsed elapsed elapsed elapsed elapsed elapsed elapsed elapsed elapsed elapsed elapsed elapsed elapsed elapsed elapsed elapsed elapsed elapsed 
 228.91  243.14  249.33  256.78  260.41  264.74  275.13  278.72  282.08  284.89  332.78  334.80  345.61  350.02  353.60  357.05  360.70  384.14  390.92  410.63  509.19  532.89  581.80  615.16  704.36  707.28  748.14  750.53  770.75  774.16 
elapsed elapsed elapsed elapsed elapsed elapsed elapsed elapsed elapsed elapsed elapsed elapsed elapsed elapsed elapsed elapsed elapsed elapsed elapsed elapsed elapsed elapsed elapsed elapsed elapsed elapsed elapsed elapsed elapsed elapsed 
 784.49  787.03  887.20  889.13  933.58  936.55  947.50  961.69  975.25 1020.80 1022.63 1030.78 1034.63 1038.30 1053.75 1057.11 1060.72 1062.63 1066.53 1086.00 1089.74 1097.27 1101.05 1149.72 1151.58 1159.66 1163.38 1167.11 1170.70 1182.38 
elapsed elapsed elapsed elapsed elapsed elapsed elapsed elapsed elapsed 
1189.41 1191.53 1206.99 1214.35 1225.61 1231.20 1316.19 1318.30 1341.83 

$neval
 [1]   106   279   426   586   733   877  1154  1584  1727  1869  1986  3349  3428  3707  3843  3978  4119  4258  4533  4674  4899  5573  5844  5980  6329  7695  7768  7909  8183  8321  8598  9141  9347  9625  9762  9899 10303 10439 10574
[40] 10656 12429 12503 12918 13055 13192 13327 13465 14352 14624 15369 19078 19956 21767 23063 26397 26513 28155 28253 29083 29222 29625 29726 33543 33619 35254 35333 35742 36280 36762 38398 38472 38746 38888 39026 39590 39728 39866 39939
[79] 40075 40756 40896 41175 41315 43040 43114 43390 43530 43667 43806 44221 44496 44580 45131 45401 45812 46032 49181 49266 50067

$fbest
[1] 1415.309

$xbest
 [1]  20.0139557 104.3289143   0.9243558  18.5598615 286.5848506  36.7812671  24.0300362   6.0747279   9.6660119   2.9949598

$numeval
[1] 50067

$end_crit
[1] 1

$cpu_time
elapsed 
1341.83 

$Refset
$Refset$x
            [,1]        [,2]        [,3]       [,4]       [,5]        [,6]        [,7]        [,8]        [,9]       [,10]
 [1,]   1.000000  20.0139600   0.9243558 286.584851  24.030036   9.6660120  20.0139600   0.9243558 286.5848510  24.0300360
 [2,]   9.666012   2.0000000 104.3289100  18.559862  36.781267   6.0747280   2.9949600 104.3289100  18.5598615  36.7812670
 [3,]   6.074728   2.9949600   3.0000000  20.030640 104.585479   0.9521934  18.5165130 286.5848620  36.7790800  24.0282758
 [4,]   6.075158   9.6781300   2.9827090   4.000000  20.036500 104.5851509   0.9491315  18.5382070 286.5839150  36.7814200
 [5,]  24.025920   6.0747290   9.6577610   2.987758   5.000000  20.0311800 104.4119041   0.9481209  18.5566360 286.5851480
 [6,]  36.799760  24.0285023   6.0747430   9.658646   2.988523   6.0000000  20.0306700 104.7366434   0.9533993  18.5401910
 [7,] 286.585163  36.7684500  24.0282845   6.074922   9.654968   2.9888790   7.0000000  20.1092300 100.0000000   0.9472932
 [8,]  18.744919 286.5775540  36.7728800  24.027179   6.074526   9.6992030   2.9763550   8.0000000  20.0747100 101.9092353
 [9,]   0.947692  18.6781860 286.5778260  36.768030  24.032928   6.0745380   9.6902600   2.9854820   9.0000000  20.1069800
[10,] 101.080201   0.9477260  18.7206360 286.582987  36.792150  24.0285715   6.0746310   9.6682600   2.9942530  20.1070000
[11,] 100.404548   0.9468794  18.7604070 286.583454  36.781910  24.0313123   6.0728700   9.6837700   2.9798530  20.1144900
[12,] 100.109429   0.9466294  18.7709680 286.581955  36.775420  24.0247945   6.0741770   9.6742150   2.9726220  20.0917800

$Refset$f
 [1] 1415.309 1415.309 1417.842 1418.276 1418.689 1419.333 1430.384 1431.434 1431.700 1431.972 1432.325 1662.233

$Refset$fpen
 [1] 1415.309 1415.309 1417.842 1418.276 1418.689 1419.333 1430.384 1431.434 1431.700 1431.972 1432.325 1662.233

$Refset$const
 [1]  8.893850 17.440139  2.644295 26.333988  1.523871 26.333988  1.523871  8.893850 17.440139  2.644295  8.838382 26.321870 17.483487  1.523871  2.644273  8.880446 26.342239 17.461793  1.523985  2.643617  8.897990 26.341354 17.443364
[24]  1.523879  2.643326  8.885224 26.345032 17.459809  1.523817  2.644935  9.045717 26.300797 17.255081  1.524655  2.641824  8.987925 26.309740 17.321814  1.524599  2.642629  9.052376 26.331740 17.279364  1.524099  2.642930  9.076637
[47] 26.316230 17.239593  1.524020  2.643850  9.096753 26.325785 17.229032  1.524189  2.643118  9.010526 26.317925 17.307399  1.526200  2.637464

$Refset$penalty
 [1] 0 0 0 0 0 0 0 0 0 0 0 0


