$f
 [1] 12704.4306  1365.7309   154.4601   151.4028   150.5174   147.7465   143.8854   143.2604   143.2517   142.4740   142.3854   141.5000   136.8264   135.1875   134.2222   134.0191   133.4740   131.2899   129.4722   127.1493   123.7448
[22]   123.0538   122.9323   122.8733   122.6545   122.6476   119.9948   113.7066   113.4184   113.3229   113.1910   110.8559   109.5503   109.3698   108.7951   108.2396   108.0052   107.9097   107.6562   107.4062

$x
          [,1]     [,2]      [,3]     [,4]     [,5]     [,6]     [,7]     [,8]     [,9]    [,10]
 [1,] 21.73267 129.4791 0.9728673 29.48811 285.4033 31.53631 26.48275 5.702296 8.994742 3.818356
 [2,] 20.00285 100.0000 0.9700353 29.39876 285.6457 29.58342 24.33042 6.573125 6.402874 2.484153
 [3,] 20.00000 100.0000 0.1003516 26.40462 286.3160 29.48342 24.00000 6.573125 7.565374 2.246653
 [4,] 20.00701 100.0212 0.1005584 26.40679 286.3055 29.41356 24.00000 6.572662 7.557442 2.243581
 [5,] 20.00000 100.0000 0.1005584 26.40679 286.3055 29.41356 24.00000 6.572662 7.519942 2.243581
 [6,] 20.31144 157.9609 0.1059685 24.03140 286.3119 30.59015 24.92296 3.741868 5.970161 3.087655
 [7,] 20.12394 157.9609 0.1043962 24.21890 286.3171 30.59015 24.92296 3.741868 6.020161 3.087655
 [8,] 20.12793 170.6985 0.1000700 23.31477 286.2783 33.06604 24.23947 3.781085 5.325874 3.775135
 [9,] 20.12793 170.6985 0.1000000 23.31477 286.2783 33.06604 24.23947 3.781085 5.325874 3.775135
[10,] 20.15088 155.1320 0.1045482 24.67522 286.3129 30.68851 24.79814 3.744923 5.878746 3.048117
[11,] 20.15088 155.1320 0.1045482 24.67522 286.2942 30.68851 24.79814 3.744923 5.878746 3.048117
[12,] 20.19334 175.7098 0.1000023 23.32914 286.3007 30.71102 24.80516 3.739698 5.749355 3.109177
[13,] 20.09838 182.9383 0.1000000 22.81545 286.2984 30.70757 24.72679 3.753929 5.729014 3.058886
[14,] 20.04066 182.5880 0.1000756 22.80659 286.2985 30.70648 24.71501 3.753784 5.747860 3.060398
[15,] 20.05561 183.4985 0.1000000 22.71096 286.2934 30.70682 24.68305 3.757098 5.752749 3.059753
[16,] 20.05561 183.4985 0.1000000 22.71096 286.2934 30.70682 24.68305 3.757098 5.758999 3.059753
[17,] 20.00363 190.6674 0.1001120 21.91566 286.3323 30.77736 24.91876 3.754565 5.951560 3.024998
[18,] 20.00951 191.5583 0.1000966 21.87733 286.3245 30.79707 24.91241 3.754444 5.952254 3.031359
[19,] 20.00000 193.5342 0.1000000 20.66070 286.3620 30.85293 24.97279 3.755331 6.605775 2.976472
[20,] 20.00000 198.2398 0.1000000 19.49628 286.3635 30.88136 24.97229 3.755938 7.073164 2.915270
[21,] 20.00000 198.2398 0.1000000 19.49628 286.3635 30.88136 24.97229 3.737188 7.098164 2.879645
[22,] 20.26288 195.1903 0.1010367 22.11122 286.4057 30.76047 24.89697 3.747850 5.571010 3.071942
[23,] 20.26288 195.1903 0.1000000 22.11122 286.4057 30.76047 24.89697 3.747850 5.571010 3.071942
[24,] 20.27500 195.1101 0.1008290 22.11240 286.4154 30.76662 24.91674 3.747798 5.563395 3.072222
[25,] 20.27500 195.1883 0.1000000 22.11240 286.4154 30.76662 24.91674 3.747798 5.563395 3.072222
[26,] 20.18257 196.4519 0.1000000 22.06584 286.4438 30.92622 25.01723 3.693623 5.597372 3.565761
[27,] 20.00300 192.3049 0.1001055 21.48845 286.4680 34.42548 24.93691 3.582166 5.523490 3.539326
[28,] 20.00300 192.3049 0.1001055 21.48845 286.6180 34.42548 26.23691 3.582166 5.523490 3.438563
[29,] 20.02400 196.6299 0.1001260 21.48500 286.4687 34.51699 25.13204 3.171034 5.303893 3.620322
[30,] 20.12513 191.7392 0.1001511 21.51548 286.4522 34.51991 25.13208 3.204626 5.455886 3.612968
[31,] 20.11474 193.1788 0.1002325 21.59966 286.4501 34.35011 25.12357 3.200829 5.352009 3.612204
[32,] 20.11474 193.1788 0.1000000 21.59966 286.4501 34.35011 25.12357 3.225829 5.352009 3.606266
[33,] 20.08182 192.8155 0.1002191 21.53895 286.4138 34.36926 25.11312 3.231452 5.440298 3.573334
[34,] 20.06317 188.9215 0.1001788 21.60031 286.4203 34.30796 25.13924 3.187415 5.605835 3.545971
[35,] 20.00220 187.6472 0.1001816 21.60939 286.4032 34.26063 25.14212 3.185871 5.678190 3.547238
[36,] 20.00220 187.6472 0.1001816 21.61085 286.4032 34.26063 25.14212 3.185871 5.690690 3.547238
[37,] 20.10082 190.7780 0.1002060 21.56806 286.4339 34.38456 25.09178 3.238512 5.532081 3.608649
[38,] 20.09890 190.8999 0.1002127 21.56889 286.4330 34.41604 25.06249 3.227284 5.525080 3.606297
[39,] 20.10599 189.3915 0.1001475 21.56400 286.4370 34.36108 25.06030 3.214949 5.604191 3.579096
[40,] 20.10599 189.3915 0.1001475 21.56400 286.4370 34.36108 25.06030 3.221199 5.604191 3.579096

$time
elapsed elapsed elapsed elapsed elapsed elapsed elapsed elapsed elapsed elapsed elapsed elapsed elapsed elapsed elapsed elapsed elapsed elapsed elapsed elapsed elapsed elapsed elapsed elapsed elapsed elapsed elapsed elapsed elapsed elapsed 
   1.85    6.63    9.94   30.47   40.14   73.53   75.42  154.49  155.91  190.19  192.32  197.92  208.88  215.21  221.00  223.10  234.49  241.13  243.92  249.75  254.14  511.91  513.53  533.66  544.24  889.58  944.89  946.74  959.99  964.86 
elapsed elapsed elapsed elapsed elapsed elapsed elapsed elapsed elapsed elapsed 
 973.28  974.96  988.33  991.07  993.67 1004.69 1019.97 1022.80 1031.03 1032.64 

$neval
 [1]   106   283   466  1475  1974  3732  3831  7597  7671  9303  9377  9651 10188 10461 10739 10812 11355 11630 11768 12041 12268 24714 24788 25736 26222 43243 45896 45989 46669 46942 47358 47442 48124 48261 48399 48885 49570 49705 50112
[40] 50113

$fbest
[1] 107.4062

$xbest
 [1]  20.1059887 189.3915220   0.1001475  21.5639977 286.4369502  34.3610816  25.0602989   3.2211993   5.6041915   3.5790961

$numeval
[1] 50113

$end_crit
[1] 1

$cpu_time
elapsed 
1032.64 

$Refset
$Refset$x
             [,1]        [,2]       [,3]        [,4]        [,5]       [,6]       [,7]        [,8]        [,9]       [,10]
 [1,]   1.0000000  20.0989000 190.899865   0.1002127  21.5688900 286.433002  34.416040  25.0624892   3.2272840   5.5250800
 [2,]   3.6062970   2.0000000  20.108220 189.2683774   0.1001513  21.564916 286.450454  34.3642600  25.1167848   3.2163930
 [3,]   5.6054910   3.6442350   3.000000  20.0022000   0.1001816 286.403162  25.142122   5.6906900  20.0022000   0.1001816
 [4,] 286.4031620  25.1421220   5.690690   4.0000000 187.6471700  21.610853  34.260634   3.1858710   3.5472380 187.6471700
 [5,]  21.6108532  34.2606340   3.185871   3.5472380   5.0000000  20.127430 189.028196   0.1001463  21.6277710 286.4399320
 [6,]  34.4168900  25.1401387   3.176469   5.5649160   3.4667960   6.000000  20.105990 189.3915220   0.1001475  21.5639980
 [7,] 286.4369500  34.3610800  25.060299   3.2149490   5.6041910   3.579096   7.000000  20.1124000 187.6923421   0.1001720
 [8,]  21.6063520 286.4365530  34.337040  25.1608927   3.1706520   5.660289   3.555211   8.0000000  20.0870000 193.0975037
 [9,]   0.1002113  21.5607430 286.423290  34.4074700  25.0543322   3.226528   5.413807   3.5782000   9.0000000  20.1085000
[10,] 189.4354086   0.1001451  21.572960 286.4494650  34.3885800  25.118859   3.229203   5.5849840   3.6355770 193.1788400
[11,]  21.5996639  34.3501073   3.225829   3.6062660 193.1788400  21.599664  34.350107   3.2258290   3.6062660  20.1147400
[12,]   0.1000000 286.4501498  25.123574   5.3520090  20.1147400   0.100000 286.450150  25.1235740   5.3520090  20.1153500

$Refset$f
 [1] 107.9097 108.2049 108.2396 108.2396 108.3976 107.6562 109.4392 109.8385 107.9253 110.8559 110.8559 112.9271

$Refset$fpen
 [1] 107.9097 108.2049 108.2396 108.2396 108.3976 107.6562 109.4392 109.8385 107.9253 110.8559 110.8559 112.9271

$Refset$const
 [1] 16.043810 30.474920 14.431110  1.531765  2.818342 15.959430 30.394509 14.435084  1.529317  2.833713 15.920160 14.389147  2.825535 30.309310  1.534516 30.309310  1.534516 15.920163 14.389147  2.825535 16.062850 30.435084 14.372229
[24]  1.530628  2.828271 15.959810 30.395809 14.436002  1.531143  2.823423 15.946060 30.339711 14.393648  1.530699  2.834547 16.146940 30.586193 14.439257  1.532921  2.814513 15.987980 30.415016 14.427040  1.529500  2.831838 30.647990
[47]  1.529281 16.247655 14.400336  2.835236 16.247660 14.400336  2.835236 30.647991  1.529281 15.959920 30.408131 14.448211  1.529953  2.831757

$Refset$penalty
 [1] 0 0 0 0 0 0 0 0 0 0 0 0


