$f
 [1] 2816.6493 1197.0938  957.7309  894.3889  809.0608  691.2326  617.5052  614.3403  527.6927  511.5104  509.2899  500.1389  484.0365  449.1319  447.2118  439.6684  439.6024

$x
          [,1]     [,2]      [,3]     [,4]     [,5]     [,6]     [,7]     [,8]     [,9]    [,10]
 [1,] 21.68375 330.0164 0.4159428 23.21668 285.2367 30.23398 28.69908 5.762096 4.054863 1.518073
 [2,] 20.00000 358.9155 0.7792230 22.49770 284.7672 27.34178 24.00000 5.284894 3.574723 1.200000
 [3,] 20.00000 358.6532 0.3853851 22.49770 284.9914 27.34178 24.00000 5.136075 4.691852 2.055742
 [4,] 24.40110 311.1716 0.1252909 22.72878 286.1401 34.46442 24.00000 3.717243 2.637278 2.932666
 [5,] 24.14028 311.6539 0.1341040 22.70486 286.2648 34.50652 24.07448 4.582990 3.141840 2.195588
 [6,] 23.16094 309.2991 0.1000000 22.29407 286.4921 34.55752 24.19636 5.277998 4.142030 3.213023
 [7,] 24.51787 259.3428 0.1000000 23.38731 286.6674 38.03294 24.00263 5.553106 4.216866 3.488136
 [8,] 20.83633 313.1162 0.1095933 22.38941 286.5511 35.91706 24.17683 5.709762 4.262358 2.103538
 [9,] 20.36868 308.4466 0.1032787 22.42018 286.6246 36.17283 24.16831 5.984351 4.572877 4.480298
[10,] 20.36868 308.4466 0.1000000 22.42018 286.6246 36.17283 24.33081 5.984351 4.572877 4.492173
[11,] 21.39743 285.8484 0.1009528 22.79767 286.5976 37.00865 24.15397 5.419855 4.532374 3.156553
[12,] 21.48391 296.6324 0.1011672 22.64658 286.5940 37.18352 24.18470 5.752266 4.497412 3.500963
[13,] 20.67511 302.5397 0.1022346 22.65515 286.5820 36.94232 24.15160 6.102422 4.544631 4.088976
[14,] 20.00000 302.5397 0.1112720 22.84302 286.5808 36.94232 24.39519 6.102422 4.519582 4.112772
[15,] 20.07065 300.5798 0.1018586 22.87190 286.6022 37.02062 24.13396 6.105796 4.579909 4.051595
[16,] 20.07065 300.5798 0.1018586 22.87190 286.6022 37.02062 24.13396 6.106123 4.570534 4.057532
[17,] 20.07065 300.5798 0.1018366 22.87190 286.6022 37.02062 24.13396 6.106123 4.570534 4.057532

$time
elapsed elapsed elapsed elapsed elapsed elapsed elapsed elapsed elapsed elapsed elapsed elapsed elapsed elapsed elapsed elapsed elapsed 
   2.30    6.21    9.94   24.41   27.64   31.04   37.71   41.88   45.43   47.46   64.69   75.11   82.16   84.91  110.50  118.79 1212.86 

$neval
 [1]   106   260   417  1001  1139  1281  1559  1708  1854  1939  2638  3051  3321  3441  4515  4873 50019

$fbest
[1] 439.6024

$xbest
 [1]  20.0706519 300.5797925   0.1018366  22.8719015 286.6021723  37.0206169  24.1339571   6.1061231   4.5705344   4.0575321

$numeval
[1] 50019

$end_crit
[1] 1

$cpu_time
elapsed 
1212.86 

$Refset
$Refset$x
             [,1]        [,2]       [,3]        [,4]        [,5]       [,6]        [,7]        [,8]       [,9]       [,10]
 [1,]   1.0000000  20.0232700 300.538000   0.1006349  22.7229500 286.582600  37.0021900  24.0050500   5.656111   4.7765580
 [2,]   4.9577650   2.0000000  49.235540 194.9663000   0.9830668  15.540110 285.6235000  24.9921800  32.449660   5.2432050
 [3,]   3.8090080   2.9033410   3.000000  20.0229300 300.7068000   0.100651  22.7119400 286.5823000  37.002200  24.0073200
 [4,]   5.6561650   4.7791360   4.963789   4.0000000  20.0239400 300.533800   0.1006139  22.7249600 286.582600  37.0063500
 [5,]  24.0056700   5.6561750   4.774657   4.9592040   5.0000000  20.022420 300.6487000   0.1005972  22.732550 286.5825000
 [6,]  37.0029100  24.0062900   5.656027   4.7669760   4.9566590   6.000000  20.0228000 300.6841000   0.100638  22.7119200
 [7,] 286.5823000  37.0022500  24.007300   5.6561460   4.7806950   4.963303   7.0000000  20.0227800 300.672500   0.1006449
 [8,]  22.7157700 286.5826000  37.005070  24.0056200   5.6557180   4.777943   4.9579130   8.0000000  20.023790 298.8951000
 [9,]   0.1006496  22.7494300 286.581200  36.7872100  24.0607800   5.835085   4.7844820   4.9598510   9.000000  20.0223600
[10,] 300.6092000   0.1006167  22.729820 286.5825000  36.9958400  24.034780   5.6534950   4.7721880   4.961344  20.1407400
[11,] 293.8416000   0.1003218  22.419580 286.5824000  38.7275800  24.006250   5.6400220   4.8517200   4.965240  20.0371400
[12,] 299.7695000   0.1027484  22.709120 286.5823000  37.5081400  24.000000   5.6483260   4.7632610   4.954297  20.3725600

$Refset$f
 [1]    448.8090 951606.2448    448.8420    448.8420    448.9323    448.9323    448.9323    460.1458    450.9913    484.8958    516.0816   1042.8420

$Refset$fpen
 [1]     448.8090 5091711.0680     448.8420     448.8420     448.9323     448.9323     448.9323     460.1458     450.9913     484.8958     516.0816    1042.8420

$Refset$const
 [1] 17.946400 31.223440 13.277050  1.524611  2.630171 11.731100 32.190990 20.459890  1.436421  7.640105 17.932800 31.220860 13.288060  1.524634  2.630247 17.950300 31.225340 13.275040  1.524610  2.630030 17.965570 31.233020 13.267450
[24]  1.524614  2.630211 17.931230 31.219310 13.288080  1.524631  2.630255 17.937830 31.222060 13.284230  1.524615  2.630069 17.964950 31.215520 13.250570  1.524184  2.645095 17.957630 31.227810 13.270180  1.524523  2.632787 17.567860
[47] 31.148280 13.580420  1.527378  2.548619 17.945860 31.236740 13.290880  1.525549  2.604580 17.534030 31.203320 13.669290  1.531985  2.637293

$Refset$penalty
 [1] 0.000000 4.140105 0.000000 0.000000 0.000000 0.000000 0.000000 0.000000 0.000000 0.000000 0.000000 0.000000


