$f
 [1] 5003.1094 1512.6997 1118.6528  954.6233  823.1250  779.9618  769.1545  768.3299  729.4358  720.8698  666.0538  666.0538

$x
          [,1]     [,2]      [,3]     [,4]     [,5]     [,6]     [,7]     [,8]     [,9]    [,10]
 [1,] 24.79000 337.0400 0.2529000 17.72000 285.5400 45.67000 29.49000 2.970000 2.000000 2.690000
 [2,] 34.86103 294.4741 0.9825884 19.12163 286.0662 28.12427 24.32744 5.610957 2.040066 3.544342
 [3,] 34.86103 273.8491 0.8228125 19.12163 286.3568 28.12427 24.48994 5.610957 3.540066 2.404342
 [4,] 20.02883 184.1692 0.1000000 24.05636 286.0270 36.40506 33.07206 4.299558 5.686868 1.280149
 [5,] 20.00000 184.1692 0.1000000 23.30636 286.0106 36.40506 33.07206 4.187058 5.711868 1.327649
 [6,] 24.26702 130.0051 0.4502963 25.19870 286.1297 40.76866 27.44175 5.302269 4.519426 1.306601
 [7,] 24.25530 129.8488 0.4734994 25.19944 286.1297 40.76866 27.44175 5.304613 4.513176 1.306601
 [8,] 24.26172 103.4394 0.4386067 26.55268 286.1270 41.27204 27.11889 5.313538 4.498437 1.253831
 [9,] 23.52483 170.6603 0.4419661 21.97963 286.1218 41.21966 26.98591 5.312928 4.493850 1.274729
[10,] 23.28387 186.4482 0.4434399 21.63322 286.1212 41.48839 27.03228 5.321208 4.477694 1.257168
[11,] 23.65887 166.1357 0.4560961 21.44572 286.1212 41.48839 27.03228 5.321208 4.602694 1.257168
[12,] 23.65887 166.1357 0.4560961 21.44572 286.1212 41.48839 27.03228 5.321208 4.602694 1.257168

$time
elapsed elapsed elapsed elapsed elapsed elapsed elapsed elapsed elapsed elapsed elapsed elapsed 
   1.82    5.35    9.02   21.63   43.22   94.97   97.96  109.03  124.60  130.36  132.83 1150.88 

$neval
 [1]   106   269   417   990  1922  4195  4308  4710  5383  5654  5781 50135

$fbest
[1] 666.0538

$xbest
 [1]  23.6588687 166.1357010   0.4560961  21.4457240 286.1212347  41.4883877  27.0322829   5.3212078   4.6026940   1.2571681

$numeval
[1] 50135

$end_crit
[1] 1

$cpu_time
elapsed 
1150.88 

$Refset
$Refset$x
             [,1]        [,2]       [,3]        [,4]        [,5]        [,6]        [,7]        [,8]        [,9]       [,10]
 [1,]   1.0000000  24.0755300 128.675400   0.4062497  24.2721000 286.1246000  41.1935900  27.1527700   5.3156370   4.4896660
 [2,]   1.2296770   2.0000000  24.078240 128.6835000   0.4054942  24.2678700 286.1244000  41.1921700  27.1526000   5.3156150
 [3,]   4.4887950   1.2295410   3.000000  24.0782200 128.6676000   0.4060094  24.2705600 286.1245000  41.1926900  27.1524300
 [4,]   5.3154320   4.4895610   1.229677   4.0000000  24.0768800 128.6816000   0.4062207  24.2707000 286.1245000  41.1925900
 [5,]  27.1525900   5.3154360   4.489640   1.2295660   5.0000000  24.0746700 128.7068000   0.4061285  24.2717300 286.1246000
 [6,]  41.1930100  27.1530800   5.315631   4.4893120   1.2296410   6.0000000  24.0695800 128.7738000   0.4080283  24.2743800
 [7,] 286.1242000  41.1906000  27.152600   5.3154470   4.4897320   1.2297110   7.0000000  24.0770100 128.6820000   0.4062362
 [8,]  24.2714000 286.1245000  41.192350  27.1521000   5.3153930   4.4893180   1.2296100   8.0000000  24.0764400 128.6798000
 [9,]   0.4062418  24.2707400 286.124500  41.1935500  27.1518400   5.3156170   4.4895450   1.2296610   9.0000000  46.6364600
[10,] 382.9339000   0.6985793  24.923520 286.4053000  17.7152600  42.2210100   2.2452110   8.9026850   4.4183950  24.0791000
[11,] 128.6742000   0.4053430  24.268140 286.1253000  41.1925700  27.1548500   5.3154190   4.4862700   1.2296840  24.0746600
[12,] 128.8190000   0.4030106  24.233420 286.1240000  41.2397100  27.1596200   5.3298400   4.4873090   1.2490810  24.0841400

$Refset$f
 [1]     675.4219     675.4219     675.4219     675.4219     675.4219     675.4219     675.4219     675.4219 1000000.0000     678.1111     691.2552     692.6719

$Refset$fpen
 [1] 6.754219e+02 6.754219e+02 6.754219e+02 6.754219e+02 6.754219e+02 6.754219e+02 6.754219e+02 6.754219e+02 9.999975e+11 6.781111e+02 6.912552e+02 6.926719e+02

$Refset$const
 [1] 1.978243e+01 3.151033e+01 1.172790e+01 1.572634e+00 2.510067e+00 1.977907e+01 3.151121e+01 1.173213e+01 1.572644e+00 2.510087e+00 1.978099e+01 3.151044e+01 1.172944e+01 1.572640e+00 2.510066e+00 1.978106e+01 3.151036e+01 1.172930e+01
[19] 1.572638e+00 2.510087e+00 1.978241e+01 3.151069e+01 1.172827e+01 1.572633e+00 2.510114e+00 1.978465e+01 3.151027e+01 1.172562e+01 1.572669e+00 2.510085e+00 1.978208e+01 3.151068e+01 1.172860e+01 1.572640e+00 2.510058e+00 1.978119e+01
[37] 3.151046e+01 1.172926e+01 1.572636e+00 2.510004e+00 1.000000e+06 1.000000e+06 1.000000e+06 1.000000e+06 1.000000e+06 1.978187e+01 3.151373e+01 1.173186e+01 1.572555e+00 2.510459e+00 1.974611e+01 3.151269e+01 1.176658e+01 1.572712e+00
[55] 2.508345e+00 1.975484e+01 3.150435e+01 1.174951e+01 1.572864e+00 2.512677e+00

$Refset$penalty
 [1]      0.0      0.0      0.0      0.0      0.0      0.0      0.0      0.0 999996.5      0.0      0.0      0.0


