$f
 [1] 32690.7274  1919.7465   941.4306   933.3229   916.0920   889.7865   852.4809   802.7899   787.9010   787.8194   776.9983   772.8125   756.5660   755.7569   755.6354   754.9149   753.7535   752.3559   752.1198   751.8281   751.5677
[22]   751.2760   750.8316   750.8194   750.7622   750.6476   750.6319   750.6198   750.5747   750.5503   750.5469   750.5347   750.4826   749.7760   749.7500   749.6319   749.4948   749.4028   749.3872   749.3559   749.1458   749.1458

$x
          [,1]     [,2]      [,3]     [,4]     [,5]     [,6]     [,7]     [,8]     [,9]    [,10]
 [1,] 24.79000 337.0400 0.2529000 17.72000 285.5400 45.67000 29.49000 2.970000 2.000000 2.690000
 [2,] 21.81704 100.0000 0.1981270 29.31418 286.4451 33.74822 24.00000 9.465266 2.591997 3.542029
 [3,] 20.00000 100.0000 1.0000000 29.27699 286.4717 33.46538 24.02895 8.908489 2.539102 3.542029
 [4,] 20.14396 141.8537 0.7037202 25.17996 286.6723 36.68573 25.44060 5.962854 2.862661 4.708745
 [5,] 20.09377 140.0186 0.7321445 27.21577 286.6728 36.55984 25.57150 5.976036 2.131787 4.715060
 [6,] 20.12785 148.7136 0.5159522 21.17327 286.6539 36.68487 25.18594 5.826782 5.336809 4.770562
 [7,] 20.56813 103.7101 0.7984120 28.42069 286.5077 36.62809 24.27501 6.123337 3.336785 3.169027
 [8,] 20.56813 100.0000 1.0000000 28.58283 286.5077 36.62809 24.00000 6.123337 3.567380 3.169027
 [9,] 20.46096 131.8417 0.7853491 27.05734 286.5553 36.55175 24.86039 6.088389 2.275625 3.607424
[10,] 20.46506 131.8211 0.7858539 27.04712 286.5528 36.54047 24.94888 6.088127 2.372264 3.605899
[11,] 20.46506 131.8211 1.0000000 27.04712 286.5528 36.54047 24.94888 6.088127 2.472264 3.605899
[12,] 20.46205 114.9485 0.7927248 24.70433 286.5433 36.44968 24.55409 6.090028 4.479932 3.309775
[13,] 20.46205 114.9485 1.0000000 24.70433 286.5435 36.44968 24.55409 6.090028 4.618988 3.309775
[14,] 20.76693 118.2142 0.8852016 26.87655 286.5280 36.39958 24.70029 6.096042 3.081328 3.533848
[15,] 20.73711 118.1908 0.8748351 26.91595 286.5280 36.39908 24.69603 6.097318 3.074886 3.536675
[16,] 20.78686 119.4336 0.9191314 26.69324 286.5240 36.39774 24.70930 6.096963 3.087898 3.541671
[17,] 20.72534 118.7471 0.9661701 26.86590 286.5245 36.40005 24.71370 6.099721 3.123734 3.524109
[18,] 20.73395 119.0199 0.9792996 26.77826 286.5223 36.40213 24.71885 6.100822 3.141284 3.520279
[19,] 20.73395 119.0199 0.9792996 26.77826 286.5223 36.40213 24.71885 6.100822 3.144409 3.520279
[20,] 20.78242 118.8606 0.9827650 26.66694 286.5196 36.40424 24.66980 6.097103 3.185882 3.554388
[21,] 20.78147 118.7636 0.9833891 26.66965 286.5208 36.40574 24.67763 6.097700 3.186214 3.553437
[22,] 20.80219 118.4618 0.9669061 26.63653 286.5215 36.41188 24.68947 6.097937 3.185836 3.556748
[23,] 20.79730 118.4949 0.9746094 26.65767 286.5234 36.42958 24.70703 6.097823 3.199595 3.553059
[24,] 20.79568 118.5096 0.9750447 26.66131 286.5249 36.42276 24.73373 6.097836 3.197915 3.552241
[25,] 20.79840 118.6467 0.9750967 26.65728 286.5274 36.42630 24.71223 6.097675 3.188226 3.552617
[26,] 20.79759 118.6245 0.9804595 26.63780 286.5210 36.42860 24.69500 6.097929 3.199970 3.553724
[27,] 20.79681 118.6426 0.9797102 26.64106 286.5220 36.43253 24.69641 6.097967 3.196836 3.553129
[28,] 20.79621 118.7619 0.9792747 26.63698 286.5227 36.42066 24.71807 6.097861 3.193135 3.553524
[29,] 20.79423 118.8362 0.9801679 26.62887 286.5224 36.41958 24.72004 6.097969 3.192829 3.554028
[30,] 20.79376 118.7230 0.9774006 26.66250 286.5231 36.41960 24.69541 6.097846 3.183855 3.552332
[31,] 20.79799 118.6982 0.9742766 26.65609 286.5257 36.41374 24.69788 6.097750 3.185808 3.554430
[32,] 20.79515 118.8695 0.9802110 26.62587 286.5230 36.41983 24.71800 6.097977 3.192297 3.553991
[33,] 20.79583 115.9378 0.9788529 26.67106 286.5250 36.43575 24.66126 6.097981 3.390191 3.528992
[34,] 20.79570 116.7608 0.9798976 26.65910 286.5240 36.43381 24.66413 6.098062 3.345495 3.554313
[35,] 20.79570 116.7608 0.9798976 26.65910 286.5240 36.43381 24.66413 6.098062 3.345495 3.553571
[36,] 20.79421 116.9241 0.9869679 26.65786 286.5233 36.42694 24.65378 6.097972 3.338686 3.553396
[37,] 20.79421 116.9241 0.9869679 26.65786 286.5233 36.42694 24.69440 6.097972 3.338686 3.553396
[38,] 20.79413 116.9914 0.9834573 26.65722 286.5233 36.42444 24.69664 6.097942 3.329249 3.556452
[39,] 20.79410 117.0650 0.9834649 26.65719 286.5230 36.42259 24.70840 6.097893 3.323837 3.556219
[40,] 20.78777 116.7369 0.9830435 26.68345 286.5222 36.42585 24.66749 6.097895 3.345805 3.557638
[41,] 20.78994 116.6269 0.9833389 26.68517 286.5217 36.42586 24.66800 6.097914 3.349689 3.558792
[42,] 20.78994 116.6269 0.9833389 26.68517 286.5217 36.42586 24.66800 6.097914 3.349689 3.558792

$time
elapsed elapsed elapsed elapsed elapsed elapsed elapsed elapsed elapsed elapsed elapsed elapsed elapsed elapsed elapsed elapsed elapsed elapsed elapsed elapsed elapsed elapsed elapsed elapsed elapsed elapsed elapsed elapsed elapsed elapsed 
   2.80    9.49   12.97   29.50   33.22   38.72   44.28   46.66   65.02   77.14   79.64   97.61  112.92  275.61  281.41  294.05  308.75  317.58  319.94  412.50  417.99  428.83  440.88  476.02  479.53  488.06  514.71  518.21  522.08  526.06 
elapsed elapsed elapsed elapsed elapsed elapsed elapsed elapsed elapsed elapsed elapsed elapsed 
 536.05  543.11 1103.41 1144.96 1146.52 1193.75 1195.27 1198.35 1202.16 1217.13 1226.80 1267.53 

$neval
 [1]   106   269   416  1153  1295  1568  1841  1957  2776  3323  3411  4226  4902 10492 10694 11096 11639 11917 11990 15002 15211 15625 16035 17322 17456 17729 18749 18884 19019 19154 19495 19764 42964 44790 44864 46948 47021 47162 47303
[40] 47989 48396 50099

$fbest
[1] 749.1458

$xbest
 [1]  20.7899434 116.6268580   0.9833389  26.6851734 286.5217221  36.4258598  24.6680003   6.0979145   3.3496894   3.5587925

$numeval
[1] 50099

$end_crit
[1] 1

$cpu_time
elapsed 
1267.53 

$Refset
$Refset$x
             [,1]        [,2]       [,3]        [,4]        [,5]        [,6]        [,7]        [,8]        [,9]      [,10]
 [1,]   1.0000000  20.7899400 116.626900   0.9833389  26.6851700 286.5217000  36.4258600  24.6680000   6.0979140   3.349689
 [2,]   3.5587920   2.0000000  20.791910 116.9146000   0.9806688  26.6531500 286.5232000  36.4252800  24.7141200   6.097884
 [3,]   3.3439720   3.5604960   3.000000  32.7187800 427.1253000   0.2953615  20.5366800 284.0627000  32.5001500  29.497360
 [4,]   7.8498580   8.8064440   4.823197   4.0000000  20.7957900 116.9310000   0.9798088  26.6501800 286.5234000  36.425810
 [5,]  24.7198200   6.0979850   3.333004   3.5542020   5.0000000  20.7940000 117.1599000   0.9844377  26.6568000 286.523000
 [6,]  36.4214900  24.7114500   6.097891   3.3171740   3.5579850   6.0000000  20.7946900 117.0796000   0.9813532  26.652450
 [7,] 286.5232000  36.4229700  24.712060   6.0979080   3.3235090   3.5547810   7.0000000  20.7943900 117.1478000   0.984797
 [8,]  26.6554600 286.5231000  36.423770  24.7112000   6.0979110   3.3175950   3.5535970   8.0000000  20.7929000 116.832600
 [9,]   0.9835798  26.6592900 286.522300  36.4255300  24.6738300   6.0979070   3.3478490   3.5578190   9.0000000  20.795200
[10,] 116.9280000   0.9819605  26.651940 286.5234000  36.4259700  24.7080000   6.0979750   3.3343870   3.5543320  20.800740
[11,] 117.0733000   0.9837534  26.620920 286.5232000  36.4264800  24.7091300   6.0979080   3.3174320   3.5570790  23.067550
[12,] 108.7748000   0.3383839  25.446690 286.5006000  36.4149600  26.3135500   5.2833770   3.1847040   3.1888780  20.000000

$Refset$f
 [1]     749.1458     749.3403 1160084.1406     749.3872     749.3872     749.3872     749.3872     749.3559     749.3872     749.4896    1293.4271    1105.7378

$Refset$fpen
 [1]     749.1458     749.3403 1160084.1406     749.3872     749.3872     749.3872     749.3872     749.3559     749.3872     749.4896    1293.4271    1105.7378

$Refset$const
 [1] 23.335480 32.650310  9.314827  1.528119  2.691795 23.309170 32.656030  9.346855  1.527803  2.696186 11.730230 27.193560 15.463325  1.874641  2.938483 23.317170 32.667000  9.349823  1.527768  2.696686 23.339630 32.682830  9.343197
[24]  1.527821  2.696118 23.328950 32.676490  9.347546  1.527810  2.696127 23.337870 32.682400  9.344539  1.527827  2.695971 23.311440 32.652150  9.340709  1.528033  2.692513 23.317550 32.665610  9.348059  1.527808  2.695695 23.303480
[47] 32.682570  9.379084  1.527818  2.695719 22.261990 32.815300 10.553310  1.524592  2.825854 23.548070 32.859900  9.311830  1.526512  2.712353

$Refset$penalty
 [1] 0 0 0 0 0 0 0 0 0 0 0 0


