$f
 [1] 4401.8316 1442.4566 1067.5990  993.5469  986.6788  967.3229  912.7205  902.5278  824.9705  809.7431  802.9115  800.8212  800.2726  799.2240  799.1979  798.6753  798.4861  798.2153  798.0851  797.9097  797.6684  797.5382  797.5330
[24]  796.8125  796.4427  795.6979  795.6250  795.4062  795.0052  794.6476  794.5990  786.7604  786.7101  786.4913  785.8958  785.8385  785.7882  785.2830  785.2344  785.2344

$x
          [,1]     [,2]      [,3]     [,4]     [,5]     [,6]     [,7]     [,8]     [,9]    [,10]
 [1,] 22.11800 124.8227 0.8689237 27.07208 286.5567 47.02808 32.07456 6.155938 7.944552 2.295081
 [2,] 21.33537 100.0000 1.0000000 24.77203 286.5391 41.89894 30.23748 6.603741 7.828941 1.219416
 [3,] 21.33537 120.0000 0.6625000 24.01617 286.5391 41.89894 31.53748 6.203741 7.728941 1.789416
 [4,] 25.16434 293.5848 0.1747126 17.51034 286.8138 45.86937 25.56808 2.887690 2.276901 3.836636
 [5,] 20.00873 440.6739 0.1283476 15.00000 286.8531 46.21714 25.83267 2.000000 2.562506 2.886041
 [6,] 21.32373 407.0456 0.1153182 16.15094 286.7539 45.35085 24.44252 2.780985 2.332855 1.783199
 [7,] 24.14859 406.0247 0.1232247 15.00000 286.4712 36.23293 24.33260 5.756656 2.278089 1.778954
 [8,] 23.71558 420.4794 0.1275528 15.48320 286.4421 35.36644 24.06616 5.755975 2.252779 1.808801
 [9,] 24.29432 455.4081 0.1000000 15.00000 286.4214 30.67387 24.00000 6.548779 2.000000 1.487743
[10,] 24.29432 454.7831 0.1000000 15.02344 286.4214 30.67387 24.02031 6.555029 2.031250 1.499618
[11,] 21.26504 408.5541 0.2930539 16.63006 286.6124 45.45154 24.79465 3.430151 2.081834 1.392036
[12,] 21.26504 408.5541 0.2930539 16.63006 286.6124 45.45154 24.79465 3.436401 2.081834 1.390552
[13,] 21.37339 402.2911 0.2869540 16.56441 286.7140 45.45502 24.31881 3.412868 2.298885 1.366279
[14,] 21.37339 402.2911 0.2869540 16.56441 286.7140 45.45502 24.31881 3.412868 2.292635 1.366279
[15,] 21.38455 402.3115 0.2869199 16.54038 286.7144 45.44994 24.29964 3.412980 2.297110 1.367506
[16,] 21.45101 398.7238 0.2889065 16.64348 286.7133 45.43696 24.34395 3.410746 2.311013 1.362832
[17,] 21.42953 401.9205 0.2985655 16.57876 286.7165 45.45091 24.34463 3.411635 2.301943 1.367568
[18,] 21.42953 401.9205 0.2985655 16.57876 286.7165 45.45091 24.30400 3.411635 2.301943 1.367568
[19,] 21.42985 401.7976 0.2982135 16.58142 286.7141 45.44169 24.35079 3.411631 2.301547 1.367471
[20,] 21.41922 401.9745 0.2984197 16.58671 286.7149 45.44484 24.35272 3.411602 2.307998 1.367057
[21,] 21.42133 402.0884 0.2980151 16.58176 286.7154 45.44889 24.31903 3.411974 2.299345 1.368423
[22,] 21.42167 401.9711 0.2979254 16.57585 286.7152 45.44537 24.32570 3.411914 2.307225 1.368216
[23,] 21.41111 402.1922 0.2971981 16.58749 286.7147 45.44588 24.32381 3.411570 2.308336 1.367072
[24,] 21.53248 399.2488 0.3010944 16.58640 286.7151 45.44859 24.31639 3.411702 2.314237 1.367516
[25,] 21.53248 399.2488 0.3010944 16.58640 286.7151 45.44859 24.31639 3.411702 2.314237 1.368259
[26,] 21.69681 394.9976 0.3151634 16.60710 286.7149 45.44628 24.34182 3.411536 2.314422 1.365882
[27,] 21.78292 392.4736 0.3160913 16.60724 286.7137 45.44645 24.33857 3.411398 2.314448 1.364120
[28,] 21.78292 392.4736 0.3160034 16.60724 286.7137 45.44645 24.29795 3.411398 2.314448 1.364120
[29,] 21.77386 393.0958 0.3160466 16.59019 286.7147 45.44575 24.33530 3.411500 2.313707 1.366609
[30,] 21.78144 392.6536 0.3163545 16.61102 286.7147 45.44635 24.32358 3.411808 2.312997 1.365674
[31,] 21.54336 393.7363 0.3159862 16.70501 286.6564 45.62891 24.31986 3.490294 2.287799 1.363564
[32,] 21.54336 393.8925 0.3834862 16.71087 286.6564 45.64141 24.34018 3.490294 2.287799 1.363564
[33,] 21.16280 394.7347 0.2949332 16.50197 286.6545 45.47051 24.33369 3.453512 2.443654 1.366335
[34,] 21.16280 394.7347 0.2949332 16.50197 286.6545 45.47051 24.33369 3.453512 2.446779 1.366335
[35,] 21.14635 395.3371 0.3044255 16.56152 286.6575 45.46466 24.32528 3.441673 2.450794 1.363238
[36,] 21.19329 391.1826 0.3091733 16.55933 286.6545 45.50418 24.36915 3.484174 2.551135 1.373149
[37,] 21.14672 395.8852 0.3045777 16.56127 286.6572 45.46592 24.32059 3.440508 2.428860 1.361395
[38,] 21.14672 395.8852 0.3045777 16.56127 286.6572 45.46592 24.32059 3.440508 2.428860 1.359910
[39,] 21.20896 392.1677 0.3101502 16.56274 286.6565 45.47385 24.33880 3.452127 2.503950 1.362712
[40,] 21.20896 392.1677 0.3101502 16.56274 286.6565 45.47385 24.33880 3.452127 2.503950 1.362712

$time
elapsed elapsed elapsed elapsed elapsed elapsed elapsed elapsed elapsed elapsed elapsed elapsed elapsed elapsed elapsed elapsed elapsed elapsed elapsed elapsed elapsed elapsed elapsed elapsed elapsed elapsed elapsed elapsed elapsed elapsed 
   2.39    6.76    9.56   17.01   20.28   26.73   32.90   36.19   39.29   44.95  113.92  115.75  155.79  158.14  161.44  177.70  191.20  192.87  199.34  226.89  237.67  250.36  312.48  421.67  423.34  430.53  440.28  458.92  527.23  624.76 
elapsed elapsed elapsed elapsed elapsed elapsed elapsed elapsed elapsed elapsed 
 655.50  660.98 1032.36 1034.06 1115.19 1136.59 1149.94 1151.67 1161.17 1201.23 

$neval
 [1]   106   275   401   698   842  1124  1398  1537  1674  1919  4908  4986  6625  6699  6841  7524  8071  8145  8420  9511  9990 10532 13180 17658 17731 18009 18420 19174 22138 26157 27466 27704 43302 43375 46681 47566 48111 48185 48585
[40] 50128

$fbest
[1] 785.2344

$xbest
 [1]  21.2089577 392.1677035   0.3101502  16.5627360 286.6565027  45.4738545  24.3387977   3.4521274   2.5039499   1.3627116

$numeval
[1] 50128

$end_crit
[1] 1

$cpu_time
elapsed 
1201.23 

$Refset
$Refset$x
             [,1]        [,2]       [,3]        [,4]       [,5]       [,6]        [,7]        [,8]        [,9]       [,10]
 [1,]   1.0000000  21.2089600 392.167704   0.3101502  16.562736 286.656500  45.4738500  24.3387977   3.4521270   2.5039500
 [2,]   1.3627120   2.0000000  21.146720   0.3045777 286.657206  24.320585   2.4288600  21.1467200   0.3045777 286.6572060
 [3,]  24.3205850   2.4288600   3.000000 395.8852300  16.561274  45.465919   3.4405080   1.3599100 395.8852300  16.5612742
 [4,]  45.4659190   3.4405080   1.359910   4.0000000  21.166680 393.861300   0.3075845  16.5764820 286.6567800  45.4772000
 [5,]  24.3415906   3.4550160   2.476663   1.3650880   5.000000  21.151970 394.4811737   0.3066837  16.5797880 286.6564400
 [6,]  45.4787300  24.3375738   3.455225   2.4681440   1.366197   6.000000  21.1467200 395.8852260   0.3045777  16.5612740
 [7,] 286.6572100  45.4659200  24.320585   3.4405080   2.428860   1.361395   7.0000000  21.1597700 394.5495875   0.3075644
 [8,]  16.5662760 286.6565900  45.476340  24.3339320   3.453561   2.465012   1.3654840   8.0000000  21.1858200 394.4546985
 [9,]   0.3093224  16.5640450 286.656660  45.4738600  24.330083   3.452705   2.4854420   1.3650490   9.0000000  21.1518000
[10,] 395.5698048   0.3095169  16.516175 286.6549300  45.463150  24.329826   3.4475940   2.5253670   1.3821770  21.1579400
[11,] 396.5000661   0.3065029  16.552616 286.6547600  45.462750  24.325683   3.4322500   2.4836270   1.3892770  21.2899200
[12,] 395.0407343   0.3074938  16.235991 286.6556700  45.416060  24.325277   3.6872560   2.5357590   1.4843510  21.6573700

$Refset$f
 [1] 785.2344 785.2830 785.2830 785.5660 785.5660 785.7882 785.7726 786.2899 786.7569 786.9271 802.4115 809.7604

$Refset$fpen
 [1] 785.2344 785.2830 785.2830 785.5660 785.5660 785.7882 785.7726 786.2899 786.7569 786.9271 802.4115 809.7604

$Refset$const
 [1] 14.058790 33.496050 19.437264  1.525193  2.353484 14.132410 19.438730  2.352958 33.571140  1.525140 33.571140  1.525140 14.132415 19.438726  2.352958 14.099820 33.523340 19.423518  1.525167  2.353629 14.111640 33.531860 19.420212
[24]  1.525201  2.353257 14.132410 33.571140 19.438726  1.525140  2.352958 14.101260 33.534990 19.433724  1.525190  2.353176 14.078600 33.514560 19.435955  1.525185  2.353063 13.990810 33.474630 19.483825  1.525336  2.352795 14.068990
[47] 33.516370 19.447384  1.525353  2.352529 13.700230 33.464240 19.764009  1.525255  2.354155 14.097830 33.538540 19.440705  1.525255  2.357254

$Refset$penalty
 [1] 0 0 0 0 0 0 0 0 0 0 0 0


