$f
 [1] 4107.8889 1472.2083 1221.4566 1127.8837 1079.9809 1048.5191 1021.6858  954.5955  949.5469  921.6771  911.3403  906.5851  880.4774  856.7708  853.1892  850.5330  849.7691  841.7674  835.9201  833.3628  831.9688  829.7639  823.0833
[24]  814.4184  808.9306  805.0069  801.4410  801.0660  800.7795  800.4635  800.2656  799.3524  798.1424  796.8941  796.8542  796.6007  795.8351  795.6840  794.7188  793.8559  793.1111  793.1111

$x
          [,1]     [,2]      [,3]     [,4]     [,5]     [,6]     [,7]     [,8]     [,9]    [,10]
 [1,] 21.55358 211.5561 0.6851050 17.25229 285.4167 33.81024 25.99116 3.578918 3.652372 3.483342
 [2,] 20.67904 322.8692 0.2695968 15.00000 286.7018 48.00000 25.02619 2.000000 2.000000 4.302287
 [3,] 20.67904 352.8692 0.1000906 15.00000 286.7018 48.00000 24.00000 2.000000 2.800000 4.302287
 [4,] 22.52747 230.4939 0.5173572 17.98631 286.6602 38.05409 27.73950 4.249586 8.307205 2.743434
 [5,] 20.09203 273.6703 0.1000000 19.15953 286.5161 35.57595 24.41751 2.194708 5.892006 4.362921
 [6,] 20.05358 271.1453 0.1000000 19.94583 286.4570 36.13409 24.38136 2.267054 5.297410 4.185820
 [7,] 22.57747 176.2832 0.6137155 17.26433 286.7837 41.19960 27.42020 4.609683 9.107799 1.952800
 [8,] 22.57747 176.2832 0.6080905 17.26433 286.6899 41.19960 27.42020 4.609683 9.457799 1.952800
 [9,] 22.07130 161.4376 0.8576567 17.00887 286.7908 45.35001 27.05014 4.648161 9.113300 2.344761
[10,] 22.07130 161.4376 0.8576567 17.04403 286.8095 45.35001 27.21264 4.648161 9.038300 2.344761
[11,] 22.37518 159.9986 0.9537370 16.91070 286.7875 45.24131 26.26248 4.632744 9.657253 2.431151
[12,] 22.37518 159.9986 0.9762370 16.91656 286.7945 45.24131 26.18123 4.632744 9.682253 2.431151
[13,] 21.62132 161.8532 0.9320227 17.02146 286.8408 45.97644 24.88093 4.676046 9.973277 2.611449
[14,] 21.48069 163.1032 0.9580383 17.13865 286.8408 45.96394 24.71843 4.672921 9.806250 2.611449
[15,] 21.60009 161.4886 0.7134120 16.91731 286.7876 45.28477 25.67684 4.654873 9.735115 2.357207
[16,] 21.60009 161.4886 0.7359120 16.91731 286.7876 45.28790 25.59559 4.654873 9.735115 2.351269
[17,] 21.63595 161.0186 0.7845989 17.00130 286.7998 45.27408 25.81999 4.652565 9.688130 2.357922
[18,] 21.75087 160.9827 0.8434682 17.00137 286.7925 45.27051 26.13270 4.652900 9.628370 2.357163
[19,] 21.75087 161.6077 0.8434682 17.00137 286.8113 45.27051 26.13270 4.652900 9.628370 2.366069
[20,] 21.51569 161.4270 0.7111010 17.00430 286.7836 45.27902 26.04224 4.651021 9.706357 2.393613
[21,] 21.49226 161.4270 0.6886010 17.00430 286.7836 45.27902 26.04224 4.651021 9.706357 2.393613
[22,] 21.33136 157.8166 0.6333915 17.02611 286.7942 45.32329 25.97979 4.661898 9.967193 2.336020
[23,] 21.33136 157.8166 0.6558915 17.02611 286.7942 45.32329 25.97979 4.661898 9.960943 2.336020
[24,] 20.86492 173.1137 0.7737117 17.33737 286.7941 45.35040 25.87161 4.658290 9.604617 2.363352
[25,] 20.86492 173.1137 1.0000000 17.34323 286.7950 45.35040 25.87161 4.658290 9.604617 2.363352
[26,] 20.85330 171.5190 0.8193850 17.27729 286.8002 45.35688 25.86051 4.658342 9.763220 2.361010
[27,] 20.85330 171.5190 0.9093850 17.27729 286.8002 45.35688 25.86051 4.658342 9.750720 2.361010
[28,] 20.79584 173.0344 0.9080037 17.29273 286.8026 45.35860 25.84642 4.658385 9.718306 2.360296
[29,] 20.77247 173.2908 0.9116457 17.29574 286.7985 45.36014 25.84692 4.658431 9.717482 2.360331
[30,] 20.76684 173.2197 0.9116342 17.29667 286.7989 45.36073 25.84209 4.660501 9.721198 2.347124
[31,] 20.73248 173.0797 0.9120705 17.34317 286.8018 45.36008 25.84377 4.659564 9.722987 2.351926
[32,] 20.51387 180.1686 0.9334633 17.31631 286.8004 45.35247 25.87020 4.659765 9.654043 2.350943
[33,] 20.45795 180.3972 0.9332995 17.28050 286.8016 45.35628 25.85435 4.659786 9.692077 2.351119
[34,] 20.28092 182.9161 0.9101383 17.24960 286.8048 45.36277 25.86414 4.659841 9.711753 2.347145
[35,] 20.43449 181.3208 0.9485105 17.30519 286.8004 45.35534 25.86482 4.659825 9.648037 2.351118
[36,] 20.31190 183.2343 0.9301855 17.23986 286.8058 45.36440 25.86419 4.659844 9.698330 2.347307
[37,] 20.31190 183.3124 0.9301855 17.23986 286.8058 45.36440 25.86419 4.659844 9.704580 2.347307
[38,] 20.26171 185.1603 0.9529844 17.27683 286.8011 45.35387 25.89138 4.660200 9.626920 2.348491
[39,] 20.12777 188.8473 0.9282603 17.15457 286.8117 45.32515 26.03963 4.657206 9.649617 2.353561
[40,] 20.07129 191.6433 0.9283102 17.10909 286.8119 45.31577 26.06245 4.656888 9.618435 2.357887
[41,] 20.07129 191.6433 0.9058102 17.10909 286.8119 45.31577 26.06245 4.656888 9.618435 2.357887
[42,] 20.07129 191.6433 0.9058102 17.10909 286.8119 45.31577 26.06245 4.656888 9.618435 2.357887

$time
elapsed elapsed elapsed elapsed elapsed elapsed elapsed elapsed elapsed elapsed elapsed elapsed elapsed elapsed elapsed elapsed elapsed elapsed elapsed elapsed elapsed elapsed elapsed elapsed elapsed elapsed elapsed elapsed elapsed elapsed 
   2.03    5.82    7.96   11.71   17.26   19.76   22.15   37.76  104.25  106.81  154.78  156.70  170.43  187.26  226.21  227.95  248.23  253.48  257.71  268.64  287.12  313.03  317.23  387.89  389.95  426.00  427.57  502.62  534.87  547.75 
elapsed elapsed elapsed elapsed elapsed elapsed elapsed elapsed elapsed elapsed elapsed elapsed 
 665.31  706.95  713.31  719.25  727.15  729.73  737.50  772.87  793.07  795.75  803.09 1016.84 

$neval
 [1]   106   273   383   529   816   955  1097  1888  5122  5217  7392  7490  8163  8962 10868 10957 11913 12189 12415 12952 13847 15085 15298 18704 18813 20581 20662 24597 26149 26755 32574 34795 35134 35403 35815 35952 36307 37938 38950
[40] 39086 39438 50080

$fbest
[1] 793.1111

$xbest
 [1]  20.0712854 191.6432512   0.9058102  17.1090873 286.8119035  45.3157745  26.0624498   4.6568884   9.6184345   2.3578868

$numeval
[1] 50080

$end_crit
[1] 1

$cpu_time
elapsed 
1016.84 

$Refset
$Refset$x
             [,1]        [,2]       [,3]        [,4]        [,5]        [,6]        [,7]        [,8]        [,9]       [,10]
 [1,]   1.0000000  20.2708700 184.479600   0.9562856  17.2720700 286.8134000  45.3498800  25.9141100   4.6555080   9.6688620
 [2,]   2.3709940   2.0000000  20.265760 184.5361000   0.9546372  17.2778600 286.8108000  45.3506200  25.8980900   4.6558710
 [3,]   9.6647350   2.3709550   3.000000  20.2695300 184.4863000   0.9594484  17.2831100 286.8113000  45.3534900  25.9115900
 [4,]   4.6561310   9.6609020   2.367620   4.0000000  20.2650900 184.6532000   0.9568782  17.2741500 286.8132000  45.3497800
 [5,]  25.9008400   4.6563090   9.663030   2.3666070   5.0000000  20.2708300 184.4782000   0.9585521  17.2737200 286.8132000
 [6,]  45.3474600  25.9429900   4.655672   9.6679940   2.3675360   6.0000000  20.2691300 184.4956000   0.9596076  17.2725500
 [7,] 286.8124000  45.3529900  25.906880   4.6558390   9.6673880   2.3701360   7.0000000  20.2708100 184.4919000   0.9572886
 [8,]  17.2723200 286.8135000  45.350130  25.9128400   4.6557670   9.6681840   2.3702020   8.0000000  20.2678900 184.4699000
 [9,]   0.9606987  17.2797500 286.813000  45.3521000  25.9213200   4.6560470   9.6657210   2.3673570   9.0000000  20.2696200
[10,] 184.4797000   0.9562860  17.273200 286.8129000  45.3498800  25.9157500   4.6555630   9.6687520   2.3711130  20.1803400
[11,] 186.1174000   0.9531695  17.277940 286.8117000  45.3453400  25.9139500   4.6558180   9.6696640   2.3697500  20.2692500
[12,] 184.5329000   0.9531669  17.283680 286.8088000  45.3500700  25.8975400   4.6548630   9.6573060   2.3786360  20.2436800

$Refset$f
 [1] 793.3663 793.3663 793.3663 793.3663 793.3663 793.3663 793.3663 793.3663 793.3663 793.6250 794.1910 794.3802

$Refset$fpen
 [1] 793.3663 793.3663 793.3663 793.3663 793.3663 793.3663 793.3663 793.3663 793.3663 793.6250 794.1910 794.3802

$Refset$const
 [1]  7.603204 26.331140 18.727930  1.508232  2.500855  7.613129 26.335260 18.722140  1.508527  2.498896  7.622211 26.339100 18.716890  1.508451  2.499792  7.611115 26.336970 18.725850  1.508277  2.500005  7.605728 26.332010 18.726280
[24]  1.508194  2.502555  7.605165 26.332610 18.727450  1.508352  2.499938  7.604140 26.331820 18.727680  1.508231  2.500787  7.614024 26.334280 18.720250  1.508261  2.501049  7.604447 26.331250 18.726800  1.508279  2.500762  7.608280
[47] 26.330340 18.722060  1.508402  2.500340  7.626369 26.342690 18.716320  1.508723  2.498147  7.538265 26.294390 18.756130  1.508488  2.498494

$Refset$penalty
 [1] 0 0 0 0 0 0 0 0 0 0 0 0


