$f
 [1] 535.8594 444.0330 226.7899 190.6198 184.6684 183.8854 173.6701 172.9427 172.4132 171.3854 171.2274 170.4462 168.9948 167.2083 166.5903 166.2865 164.8142 164.5052 163.8958 162.5017 162.4375 162.4288 162.3212 162.1441 156.0122 149.0712
[27] 141.7066

$x
          [,1]     [,2]      [,3]     [,4]     [,5]     [,6]     [,7]     [,8]     [,9]    [,10]
 [1,] 22.85280 174.1452 0.6618351 24.61870 286.5023 36.84901 27.96816 5.778783 5.529164 1.436325
 [2,] 20.00000 133.4132 0.6663080 27.62659 286.6037 36.79325 24.00000 7.456472 4.941834 1.479624
 [3,] 20.00000 153.3742 0.7563080 26.12659 286.6084 40.09325 24.00000 7.056472 4.941834 1.479624
 [4,] 20.93088 219.5779 0.5227986 22.44375 286.4507 37.64674 24.92463 6.729869 4.555816 2.003111
 [5,] 20.95338 219.5831 0.4546564 22.35321 286.4500 37.33360 25.03901 6.696669 4.609581 2.056131
 [6,] 20.94587 219.5778 0.4822046 22.39805 286.4505 37.55681 24.95037 6.718513 4.548292 2.021090
 [7,] 20.94587 220.8278 0.4878296 22.58555 286.4412 37.55681 25.11287 6.718513 4.592042 2.021090
 [8,] 21.02923 212.4696 0.4757063 23.01285 286.4117 37.89607 24.53982 6.715295 4.503940 2.052533
 [9,] 21.02923 212.4696 0.4532063 23.01285 286.4117 37.89607 24.53982 6.715295 4.503940 2.052533
[10,] 20.95833 213.5374 0.4640047 23.01521 286.4096 37.90622 24.53993 6.714471 4.506981 2.049518
[11,] 20.92001 214.1934 0.4666327 23.01485 286.4090 37.91275 24.53997 6.714501 4.507325 2.047305
[12,] 20.92001 214.2716 0.4666327 23.01778 286.4102 37.91275 24.58060 6.714501 4.508106 2.047305
[13,] 21.06231 210.9213 0.5045858 22.96460 286.4114 37.83836 24.58579 6.698116 4.509707 2.069289
[14,] 21.03711 211.0289 0.5017467 22.98892 286.4115 37.84209 24.54290 6.698891 4.505553 2.066792
[15,] 21.04643 211.5133 0.5003615 22.98490 286.4108 37.84453 24.54572 6.697736 4.503662 2.069922
[16,] 21.04643 211.5133 0.5003615 22.98490 286.4108 37.84453 24.54572 6.697736 4.506787 2.069922
[17,] 21.08958 211.0119 0.4962060 22.97573 286.4113 37.85882 24.51440 6.698242 4.497494 2.069038
[18,] 21.08765 211.0293 0.4980530 22.97541 286.4112 37.86025 24.52041 6.698248 4.497561 2.068644
[19,] 21.05942 216.2839 0.4687447 22.81882 286.3959 37.86383 24.41824 6.695928 4.352151 2.069480
[20,] 21.05942 216.2839 0.4687447 23.00632 286.3959 37.86383 24.41824 6.695928 4.364651 2.069480
[21,] 21.11957 211.6543 0.5074606 22.91205 286.4058 37.94290 24.41186 6.695690 4.671307 2.072053
[22,] 21.00420 211.6683 0.5056604 23.01155 286.4105 37.85814 24.46333 6.698753 4.513510 2.056096
[23,] 21.00267 211.5386 0.5075109 23.02209 286.4105 37.85789 24.45967 6.698744 4.516543 2.056314
[24,] 21.00282 211.4597 0.5085919 23.02558 286.4105 37.85788 24.45904 6.698720 4.518250 2.056331
[25,] 21.70965 226.4730 0.4889722 23.21187 286.6575 37.77172 25.28211 6.675931 3.922881 2.176551
[26,] 21.70965 226.4730 0.4889722 23.20546 286.6575 37.78422 25.36336 6.675931 4.009600 2.176551
[27,] 21.70965 227.0980 0.4664722 23.20546 286.6575 37.78422 25.36844 6.675931 4.009600 2.185458

$time
elapsed elapsed elapsed elapsed elapsed elapsed elapsed elapsed elapsed elapsed elapsed elapsed elapsed elapsed elapsed elapsed elapsed elapsed elapsed elapsed elapsed elapsed elapsed elapsed elapsed elapsed elapsed 
   2.12    6.04    8.40   30.42   37.12   40.00   42.45   79.86   81.48  106.58  110.28  115.75  122.17  144.36  147.43  149.01  170.76  217.15  246.65  251.34  538.33  703.84  923.67  935.65  990.29  996.68 1167.26 

$neval
 [1]   106   265   375  1361  1637  1773  1885  3508  3582  4654  4791  5020  5292  6244  6384  6457  7412  9528 10810 11025 23679 30910 40029 40507 42776 43025 50036

$fbest
[1] 141.7066

$xbest
 [1]  21.7096457 227.0980076   0.4664722  23.2054643 286.6574676  37.7842225  25.3684428   6.6759306   4.0095997   2.1854576

$numeval
[1] 50036

$end_crit
[1] 1

$cpu_time
elapsed 
1167.26 

$Refset
$Refset$x
             [,1]        [,2]       [,3]        [,4]        [,5]        [,6]        [,7]       [,8]        [,9]       [,10]
 [1,]   1.0000000  57.2019800 380.048400   0.7728081  18.8435000 284.5129000  38.9691700  40.483460   9.1097050   4.5053320
 [2,]   3.8244640   2.0000000  24.920610 324.4092000   0.2620007  29.0137000 286.6662000  22.920660  33.3756400   3.8426770
 [3,]   2.2359020   1.3542280   3.000000  21.0031500 211.5977000   0.5053604  23.0125700 286.410400  37.8578900  24.4586400
 [4,]   6.6987620   4.5170300   2.056236   4.0000000  21.0016600 211.5957000   0.5070326  23.016600 286.4103000  37.8581200
 [5,]  24.4592800   6.6987940   4.516838   2.0562030   5.0000000  21.0019000 211.5890000   0.505703  23.0143900 286.4105000
 [6,]  37.8582200  24.4585500   6.698770   4.5168600   2.0561980   6.0000000  21.0024800 211.409200   0.5062141  23.0178500
 [7,] 286.4104000  37.8605700  24.461710   6.6988620   4.5219500   2.0561730   7.0000000  21.001740 211.6069000   0.5068734
 [8,]  23.0170100 286.4107000  37.858220  24.4600200   6.6987080   4.5167350   2.0563200   8.000000  21.0016500 211.6049000
 [9,]   0.5068206  23.0168000 286.410700  37.8582300  24.4598100   6.6987230   4.5169610   2.056194   9.0000000  21.0012300
[10,] 211.6013000   0.5068383  23.016410 286.4106000  37.8587000  24.4596100   6.6987460   4.516949   2.0561640  21.0009800
[11,] 211.5495000   0.5047532  23.014320 286.4106000  37.8595800  24.4600900   6.6987520   4.518463   2.0563270  21.0017600
[12,] 211.3922000   0.5046589  23.017600 286.4104000  37.8616600  24.4603400   6.6989090   4.521938   2.0561860  25.0272800

$Refset$f
 [1] 1683923.0000  106293.5365     162.2569     162.2569     162.2569     162.2569     162.2569     162.2569     162.2569     162.2569     162.5330     500.8108

$Refset$fpen
 [1] 1.829606e+06 3.307748e+07 1.622569e+02 1.622569e+02 1.622569e+02 1.622569e+02 1.622569e+02 1.622569e+02 1.622569e+02 1.622569e+02 1.625330e+02 5.008108e+02

$Refset$const
 [1] 14.338160 31.494670 17.156504  1.781544  3.645683 26.777800 33.764100  6.986302  1.122709 36.471191 18.495540 31.482970 12.987425  1.543233  2.562595 18.499760 31.483160 12.983400  1.543244  2.562594 18.497530 31.483140 12.985613
[24]  1.543232  2.562577 18.495900 31.478050 12.982150  1.543232  2.562691 18.500270 31.483270 12.982991  1.543204  2.562765 18.499840 31.483040 12.983199  1.543207  2.562740 18.499460 31.483050 12.983588  1.543210  2.562698 18.495860
[47] 31.481540 12.985676  1.543217  2.562671 18.495660 31.478060 12.982404  1.543240  2.562524 15.083910 30.483180 15.399267  1.518494  2.749470

$Refset$penalty
 [1]  0.145683 32.971191  0.000000  0.000000  0.000000  0.000000  0.000000  0.000000  0.000000  0.000000  0.000000  0.000000


