$f
 [1] 10311.6441  1142.1701   897.8872   876.0816   873.2344   871.7604   867.8490   862.4688   858.8420   858.4688   858.3698   857.7465   856.6840   856.3594   856.2986   855.9062   855.8681   843.5139   819.6545   817.1424   813.0295
[22]   812.2951   812.2413   812.2413

$x
          [,1]     [,2]      [,3]     [,4]     [,5]     [,6]     [,7]     [,8]     [,9]    [,10]
 [1,] 26.91404 167.8417 0.3019188 25.72956 286.5608 36.91296 26.07295 2.461913 9.147054 3.630312
 [2,] 20.00000 101.7783 0.1519669 28.39622 286.8833 48.00000 24.02298 3.580262 5.677272 4.989971
 [3,] 20.00000 100.0000 0.1007095 28.39622 286.7333 47.81081 24.01025 3.532964 6.128215 5.000000
 [4,] 20.00072 100.0502 0.1012732 28.41000 286.6793 44.81971 24.04174 4.503076 6.399343 4.996978
 [5,] 20.00072 100.0502 0.1012732 28.22250 286.6793 44.81971 24.04174 4.503076 6.399343 4.996978
 [6,] 20.00000 100.0379 0.1000499 28.67506 286.7926 46.90227 24.40494 3.994464 6.167685 4.999328
 [7,] 20.00000 100.0000 0.1010443 28.67506 286.7926 46.90227 24.32369 3.994464 6.142685 4.999328
 [8,] 20.00737 103.3621 0.1001652 28.10596 286.6858 46.37908 24.01716 3.519243 6.234095 4.956221
 [9,] 20.00000 103.3621 0.1000000 28.09424 286.6858 46.37908 24.01716 3.519243 6.234095 4.956221
[10,] 20.00854 103.1046 0.1000000 27.92348 286.6889 46.35126 24.05116 3.517162 6.336694 4.929413
[11,] 20.00817 102.8373 0.1000021 27.90213 286.6894 46.35522 24.05381 3.516962 6.360145 4.926646
[12,] 20.00700 102.5200 0.1000637 27.92015 286.6916 46.35380 24.04423 3.518010 6.376454 4.917845
[13,] 20.00920 102.2825 0.1001140 27.90831 286.6880 46.35406 24.04414 3.505819 6.405406 4.952039
[14,] 20.00859 102.2250 0.1001555 27.91218 286.6876 46.35186 24.04816 3.508204 6.408000 4.958483
[15,] 20.00000 102.2250 0.1000000 27.91218 286.6876 46.35186 24.04816 3.508204 6.408000 4.958483
[16,] 20.00507 102.5882 0.1000756 27.91045 286.6894 46.35178 24.05776 3.508604 6.369266 4.950656
[17,] 20.00867 102.5603 0.1000000 27.91953 286.6850 46.37018 24.04762 3.508313 6.382004 4.956188
[18,] 20.00719 102.1781 0.1000528 27.86262 286.7668 46.73428 24.02736 3.511017 6.348756 2.007454
[19,] 20.00000 100.0000 0.1000000 27.95637 286.7668 46.73428 24.00000 3.511017 6.348756 2.054954
[20,] 20.01022 100.0817 0.1000514 28.12660 286.7614 46.72245 24.02351 3.525374 6.256872 1.977433
[21,] 20.00000 100.0000 0.1000733 28.11488 286.7567 46.72245 24.02351 3.525374 6.256872 1.965558
[22,] 20.00992 100.1821 0.1000469 28.14679 286.7614 46.71669 24.02251 3.526260 6.215176 1.978626
[23,] 20.00992 100.1821 0.1000469 28.14679 286.7614 46.71669 24.06314 3.526260 6.215176 1.978626
[24,] 20.00992 100.1821 0.1000469 28.14679 286.7614 46.71669 24.06314 3.526260 6.215176 1.978626

$time
elapsed elapsed elapsed elapsed elapsed elapsed elapsed elapsed elapsed elapsed elapsed elapsed elapsed elapsed elapsed elapsed elapsed elapsed elapsed elapsed elapsed elapsed elapsed elapsed 
   1.44    4.31    6.75   26.55   29.74   59.50   60.80  127.94  129.66  169.67  185.30  187.61  201.00  209.08  223.50  234.16  255.63  726.63  728.60  769.00  771.00  852.83  854.22  971.17 

$neval
 [1]   106   279   441  1718  1932  3811  3901  7975  8082 10154 11035 11173 11928 12336 13090 13642 14793 38509 38610 40562 40665 44649 44722 50088

$fbest
[1] 812.2413

$xbest
 [1]  20.0099232 100.1820644   0.1000469  28.1467871 286.7613788  46.7166908  24.0631361   3.5262599   6.2151762   1.9786261

$numeval
[1] 50088

$end_crit
[1] 1

$cpu_time
elapsed 
 971.17 

$Refset
$Refset$x
            [,1]        [,2]       [,3]        [,4]        [,5]       [,6]        [,7]        [,8]        [,9]       [,10]
 [1,]   1.000000  20.0060900 102.730300   0.1000528  27.3174500 286.686600  46.3638400  24.0354400   3.5090260   6.6968080
 [2,]   4.966092   2.0000000  20.005820 102.7864000   0.1000266  27.669760 286.6845000  46.3645300  24.0306200   3.5090780
 [3,]   6.492299   4.9712600   3.000000  20.0059400 102.8239000   0.100036  27.6063800 286.6844000  46.3604400  24.0351400
 [4,]   3.509029   6.5438860   4.970871   4.0000000  67.0697500 347.062100   0.8433469  25.3537400 285.8441000  34.1183200
 [5,]  42.403750   9.0866180   6.256825   4.2343420   5.0000000  20.006140 102.5531000   0.1000451  27.9204900 286.6843000
 [6,]  46.363840  24.0292700   3.509059   6.3820260   4.9517240   6.000000  20.0057600 102.5207000   0.1000476  27.9223100
 [7,] 286.685500  46.3641300  24.034400   3.5089510   6.3847350   4.969226   7.0000000  20.0001800 102.6420000   0.1000287
 [8,]  27.918020 286.6847000  46.362950  24.0319200   3.5091030   6.380170   4.9698550   8.0000000  20.0057500 102.4733000
 [9,]   0.100029  27.9215300 286.684500  46.3611900  24.0340000   3.508793   6.3883340   4.9744760   9.0000000  20.0060600
[10,] 102.679700   0.1000289  27.900130 286.6837000  46.3577000  24.031410   3.5080670   6.3848800   4.9740430  20.0057800
[11,] 102.386200   0.1000266  27.910530 286.6844000  46.3628100  24.032420   3.5088850   6.3981860   4.9705550  20.0000700
[12,] 108.931900   0.1000088  28.720750 286.6974000  46.2334400  24.010310   3.6546730   5.5697230   4.7155170  20.0034600

$Refset$f
 [1]     855.1111     855.5955     855.7101 1616990.0000     855.8681     855.8681     855.8681     855.8681     856.3594     856.3594     898.9948     920.4306

$Refset$fpen
 [1]     855.1111     855.5955     855.7101 4519751.4323     855.8681     855.8681     855.8681     855.8681     856.3594     856.3594     898.9948     920.4306

$Refset$const
 [1] 20.620650 29.303190  8.682545  1.523004  2.322269 21.177460 29.507700  8.330242  1.523189  2.321315 21.062490 29.456110  8.393619  1.523188  2.321653 19.096920 29.743180 10.646259  1.443865  6.402761 21.538470 29.617970  8.079505
[24]  1.523205  2.321206 21.537570 29.615260  8.077695  1.523100  2.321849 21.537850 29.619830  8.081981  1.523169  2.321498 21.533200 29.611670  8.078466  1.523181  2.321603 21.515250 29.615120  8.099866  1.523253  2.321295 21.512350
[47] 29.601810  8.089468  1.523198  2.321417 23.151020 30.430280  7.279254  1.522047  2.327997 16.353680 28.806750 12.453073  1.522747  2.355601

$Refset$penalty
 [1] 0.000000 0.000000 0.000000 2.902761 0.000000 0.000000 0.000000 0.000000 0.000000 0.000000 0.000000 0.000000


