$f
 [1] 4147.3854  354.7049  220.8455  182.6024  178.1215  177.6458  175.2587  170.8490  166.6771  156.2760  149.1563  148.4062  144.7639  144.0174  143.5538  143.2396  142.7066  141.4965  141.4549  141.2691  139.7882  136.2552  136.0486
[24]  135.9722  135.8594  135.6406  135.5313  135.3767  134.7760  134.7083  134.6892  134.6736  134.6389  133.7778  128.0226  125.7639  125.7309  125.5156  125.5052  125.4132  124.9132  124.8403  124.0990  123.6962  123.5347  122.2760
[47]  121.7865  121.5139  121.5035  121.2396  121.2031  121.1910  121.1910

$x
          [,1]     [,2]      [,3]     [,4]     [,5]     [,6]     [,7]     [,8]     [,9]    [,10]
 [1,] 24.79000 337.0400 0.2529000 17.72000 285.5400 45.67000 29.49000 2.970000 2.000000 2.690000
 [2,] 20.00000 500.0000 0.6128532 20.03180 286.6459 40.18889 24.00000 5.903487 3.658004 1.349517
 [3,] 20.00000 320.0000 0.6088757 26.03180 286.6459 40.18889 24.00000 5.903487 3.658004 1.315929
 [4,] 20.01715 280.9669 0.3696170 26.09709 286.6813 38.96239 24.00000 7.560717 3.489936 1.468359
 [5,] 20.00000 280.9669 0.3696170 26.09709 286.6719 38.96239 24.00000 7.560717 3.458679 1.468359
 [6,] 20.06476 261.3631 0.9189249 26.78420 286.5540 43.07072 32.57523 3.894909 4.675177 2.713407
 [7,] 20.00000 259.6502 0.9872242 27.18356 286.5582 43.75396 30.99735 3.886813 4.641270 2.746875
 [8,] 20.00258 259.1984 0.9961428 27.31469 286.5466 43.72377 30.87440 3.886940 4.621108 2.797617
 [9,] 20.06107 261.5133 0.8734326 27.26869 286.6039 43.06924 32.43132 3.893477 4.627503 2.679861
[10,] 21.17423 302.1863 0.6393465 27.60994 286.6228 36.20543 25.09643 4.862849 3.999732 1.200000
[11,] 21.17423 302.8113 0.6829403 27.56307 286.6228 36.20543 25.01518 4.862849 4.024732 1.200000
[12,] 20.71591 303.0488 0.5843039 26.99565 286.4365 41.11762 24.12673 5.600026 2.907016 1.306013
[13,] 20.71591 302.8925 0.5843039 26.99565 286.4365 41.10825 24.16736 5.600026 2.919516 1.305827
[14,] 20.60463 303.4124 0.5865090 27.09807 286.4354 41.08590 24.14633 5.599574 2.893248 1.305495
[15,] 20.60463 303.3343 0.5865090 27.09807 286.4352 41.08590 24.14633 5.599574 2.890123 1.305495
[16,] 20.51547 303.1497 0.5810611 27.17089 286.4366 41.07935 24.16116 5.599894 2.891720 1.303872
[17,] 20.51547 303.1497 0.5810611 27.17089 286.4366 41.07935 24.20178 5.599894 2.904220 1.303872
[18,] 20.62202 302.6389 0.6356364 27.20061 286.4353 41.07781 24.17787 5.597775 2.894377 1.306271
[19,] 20.43671 304.3518 0.6041698 27.21358 286.4366 41.07944 24.20898 5.598869 2.890837 1.304714
[20,] 20.62518 302.9940 0.6904766 27.22457 286.4360 41.07469 24.18393 5.596455 2.892232 1.305265
[21,] 20.70507 302.9911 0.7377492 27.22240 286.4360 41.07529 24.19073 5.596773 2.891864 1.304716
[22,] 20.97913 303.1286 1.0000000 27.20303 286.4359 41.07373 24.19765 5.596858 2.889891 1.303714
[23,] 20.98417 303.1157 0.9998649 27.20298 286.4359 41.07581 24.19675 5.596489 2.889967 1.303828
[24,] 20.98017 303.0587 1.0000000 27.20090 286.4359 41.07828 24.19787 5.596449 2.889661 1.303921
[25,] 20.98017 303.0587 1.0000000 27.20237 286.4359 41.07828 24.19787 5.596449 2.899036 1.303921
[26,] 20.80587 304.6902 0.9936641 27.21030 286.4362 41.07679 24.18875 5.598995 2.892703 1.304607
[27,] 20.80385 304.9555 0.9969025 27.22450 286.4361 41.08226 24.19073 5.598993 2.892440 1.304632
[28,] 20.80695 304.6782 0.9973713 27.22021 286.4362 41.08002 24.18879 5.598996 2.892730 1.304621
[29,] 20.80624 304.5601 0.9956535 27.21593 286.4362 41.08027 24.18982 5.598995 2.892738 1.304759
[30,] 20.78517 304.8810 0.9983507 27.21229 286.4366 41.07981 24.19505 5.599276 2.892183 1.304363
[31,] 20.78517 304.9005 0.9983507 27.21229 286.4366 41.07981 24.19505 5.599276 2.892183 1.304363
[32,] 20.79582 304.4700 0.9996253 27.21862 286.4361 41.08056 24.19225 5.599330 2.897118 1.304677
[33,] 20.79130 304.4357 1.0000000 27.22175 286.4361 41.08058 24.19146 5.599329 2.897777 1.304623
[34,] 22.69991 331.1072 0.7836224 28.51522 286.5741 35.47668 24.00000 4.572664 2.139094 1.300595
[35,] 22.69991 332.0078 0.8061224 28.51522 286.5741 35.46418 24.20312 4.572664 2.118868 1.312470
[36,] 22.70952 331.0473 0.7839598 28.51169 286.5326 35.45553 24.01186 4.545841 2.144371 1.282009
[37,] 22.77288 331.0591 0.7841870 28.44113 286.5352 35.45312 24.00061 4.547619 2.145012 1.282619
[38,] 22.77288 331.0591 0.7841870 28.44113 286.5352 35.45312 24.00061 4.547619 2.148137 1.281135
[39,] 22.79781 332.1807 0.7946430 28.53736 286.5515 35.31556 24.27179 4.593740 2.100724 1.395440
[40,] 22.79781 332.1807 0.7946430 28.53736 286.5515 35.31556 24.27179 4.593740 2.100724 1.396182
[41,] 22.79828 330.8735 0.8077571 28.35816 286.5914 35.39177 24.28415 4.522938 2.207352 1.372821
[42,] 22.79846 331.8934 0.8055436 28.38191 286.5899 35.34993 24.28598 4.530752 2.175732 1.390521
[43,] 22.79822 331.7369 0.8053950 28.40381 286.5925 35.35367 24.28648 4.517316 2.219478 1.376406
[44,] 22.79822 331.7369 0.8053950 28.40381 286.6112 35.35367 24.28648 4.517316 2.219478 1.379374
[45,] 22.79742 332.1935 0.7946459 28.55122 286.5516 35.31156 24.26013 4.590590 2.097169 1.397946
[46,] 22.73638 331.1142 0.7950390 28.66529 286.5633 35.32619 24.11238 4.478278 2.125403 1.399335
[47,] 22.73638 331.1923 0.8175390 28.66529 286.5633 35.32619 24.11238 4.478278 2.125403 1.399335
[48,] 22.75209 331.3704 0.8216005 28.74385 286.5773 35.29156 24.17090 4.466694 2.097213 1.412264
[49,] 22.74623 331.3704 0.8216005 28.74385 286.5773 35.29156 24.17090 4.466694 2.097213 1.412264
[50,] 22.69992 333.2983 0.7995120 28.67094 286.5735 35.29517 24.17324 4.468298 2.105023 1.411634
[51,] 22.69962 333.2913 0.8003083 28.67147 286.5736 35.29124 24.16378 4.467106 2.105249 1.412150
[52,] 22.72592 332.2329 0.8040258 28.73402 286.5739 35.29124 24.16854 4.466450 2.103606 1.411829
[53,] 22.72592 332.2329 0.8040258 28.73402 286.5739 35.29124 24.16854 4.466450 2.103606 1.411829

$time
elapsed elapsed elapsed elapsed elapsed elapsed elapsed elapsed elapsed elapsed elapsed elapsed elapsed elapsed elapsed elapsed elapsed elapsed elapsed elapsed elapsed elapsed elapsed elapsed elapsed elapsed elapsed elapsed elapsed elapsed 
   2.39    6.81    9.48   13.83   50.58   91.06  111.05  114.50  118.02  125.02  131.28  410.52  413.14  466.59  468.83  615.22  617.30  646.91  663.47  667.00  670.61  674.44  686.03  689.48  695.34  702.48  706.70  710.34  717.38  808.03 
elapsed elapsed elapsed elapsed elapsed elapsed elapsed elapsed elapsed elapsed elapsed elapsed elapsed elapsed elapsed elapsed elapsed elapsed elapsed elapsed elapsed elapsed elapsed 
 809.89  832.34  862.92 1016.88 1019.81 1044.03 1053.63 1055.70 1142.06 1143.94 1162.73 1177.39 1181.86 1183.98 1203.63 1207.33 1224.36 1280.38 1282.30 1289.53 1312.39 1319.44 1340.83 

$neval
 [1]   106   271   371   522  1860  3475  4222  4357  4492  4764  4998 15335 15434 17470 17556 22970 23049 24142 24749 24887 25024 25162 25574 25710 25937 26218 26357 26497 26773 30103 30176 30996 32162 37857 37976 38947 39360 39438 42848
[40] 42921 43603 44148 44288 44367 45044 45182 45800 47860 47934 48209 49033 49301 50034

$fbest
[1] 121.191

$xbest
 [1]  22.7259200 332.2328642   0.8040258  28.7340244 286.5738882  35.2912421  24.1685376   4.4664505   2.1036057   1.4118288

$numeval
[1] 50034

$end_crit
[1] 1

$cpu_time
elapsed 
1340.83 

$Refset
$Refset$x
             [,1]        [,2]        [,3]       [,4]       [,5]        [,6]        [,7]        [,8]        [,9]       [,10]
 [1,]   1.0000000  22.7259200   0.8040258 286.573888  24.168538   2.1036060  22.7259200   0.8040258 286.5738880  24.1685380
 [2,]   2.1036060   2.0000000 332.2328600  28.734024  35.291242   4.4664500   1.4118290 332.2328600  28.7340244  35.2912420
 [3,]   4.4664500   1.4118290   3.0000000  22.725920 332.232864   0.8040258  28.7340240 286.5738880  35.2912400  24.1685376
 [4,]   4.4664500   2.1036060   1.4118290   4.000000  22.712770 332.4456596   0.8060571  28.7180110 286.5739900  35.2909100
 [5,]  24.1653732   4.4652630   2.1017140   1.415027   5.000000  22.7520200 331.0746232   0.8241257  28.7589730 286.5763730
 [6,]  35.2915300  24.1695553   4.4652180   2.096974   1.412392   6.0000000  22.7186300 334.0046122   0.7954371  28.6536530
 [7,] 286.5723590  35.3015000  24.1798568   4.461776   2.105173   1.4233270   7.0000000  22.7351700 334.3457627   0.7954472
 [8,]  28.5864930 286.5704260  35.2982300  24.184762   4.537513   2.1056050   1.4418900   8.0000000  22.6597100 332.4741922
 [9,]   0.7957946  28.7490300 286.5735200  35.290960  24.167569   4.4680770   2.1057180   1.4122180   9.0000000  22.7462300
[10,]   0.8216005 286.5772509  24.1708950   2.097213  22.746230   0.8216005 286.5772510  24.1708950   2.0972130 331.3703800
[11,]  28.7438473  35.2915610   4.4666940   1.412264 331.370380  28.7438473  35.2915610   4.4666940   1.4122640  22.8095700
[12,] 336.9589762   0.8096905  28.4624400 286.571210  35.289490  24.1738473   4.4708750   2.0967580   1.4122460  22.8512600

$Refset$f
 [1] 121.1910 121.1910 121.1910 121.2795 121.4809 121.4844 121.4965 121.5000 121.5035 121.5035 121.6510 122.3733

$Refset$fpen
 [1] 121.1910 121.1910 121.1910 121.2795 121.4809 121.4844 121.4965 121.5000 121.5035 121.5035 121.6510 122.3733

$Refset$const
 [1] 26.630420  7.265976  2.734514 33.896394  1.521321 33.896390  1.521321 26.630419  7.265976  2.734514 26.630420 33.896394  7.265976  1.521321  2.734514 26.616300 33.898286  7.281989  1.521320  2.734297 26.662000 33.903026  7.241027
[24]  1.521037  2.735535 26.548480 33.894827  7.346347  1.521478  2.734304 26.480890 33.894395  7.413507  1.521670  2.734189 26.643310 33.894282  7.250970  1.521366  2.734306 26.646630  7.256153  2.735986 33.902787  1.520933 33.902790
[47]  1.520933 26.646634  7.256153  2.735986 26.365680 33.903242  7.537560  1.521600  2.734059 26.289010 33.919719  7.630710  1.525064  2.724790

$Refset$penalty
 [1] 0 0 0 0 0 0 0 0 0 0 0 0


