$f
 [1] 3869.885 1607.627 1233.198 1218.964 1182.757 1097.170 1089.217 1058.917 1055.762 1053.144 1053.092 1052.531 1041.554 1023.545 1023.330

$x
          [,1]     [,2]      [,3]     [,4]     [,5]     [,6]     [,7]     [,8]     [,9]    [,10]
 [1,] 31.37249 307.1103 0.8918389 16.51328 285.6833 37.62247 32.68916 2.641646 7.657192 4.755807
 [2,] 24.97341 500.0000 0.9058101 15.51869 286.4896 43.47448 28.00660 2.000000 5.418677 5.000000
 [3,] 25.16091 497.7930 0.9044039 16.35864 286.7533 43.49948 26.70660 2.803494 5.474927 5.000000
 [4,] 25.34981 494.7630 0.9579818 17.51757 286.7573 45.15699 25.42533 3.125205 4.352484 3.404345
 [5,] 25.47595 445.3582 0.1911836 16.17203 286.7894 43.73991 26.76326 2.141299 5.624816 4.271664
 [6,] 25.52312 400.4210 0.1000000 15.93509 286.7898 43.74113 27.03903 2.021751 6.096913 3.942277
 [7,] 25.61790 385.5102 0.1000000 15.46168 286.8031 43.78382 27.10750 2.000000 6.740541 3.854758
 [8,] 25.61790 385.5654 0.1002486 15.85426 286.7984 43.78382 27.06687 2.025000 6.715541 3.854758
 [9,] 25.49975 417.3231 0.1123851 16.20274 286.7677 43.63207 26.61364 2.372761 5.725822 4.890092
[10,] 25.49975 417.3231 0.1123851 16.20274 286.7677 43.63363 26.69489 2.372761 5.738225 4.890092
[11,] 25.99536 415.1349 0.1050301 16.30411 286.7715 43.73236 26.69611 2.371709 5.418211 4.733301
[12,] 25.99536 415.1349 0.1050301 16.30411 286.7715 43.73236 26.65548 2.371709 5.418211 4.733301
[13,] 26.72057 421.3157 0.1159962 16.21569 286.8511 45.05147 24.00000 2.837312 5.199070 4.550678
[14,] 26.72057 421.4719 0.1159962 16.02819 286.8511 45.05147 24.00508 2.813875 5.258542 4.598178
[15,] 26.72057 421.4524 0.1159962 16.02819 286.8511 45.05147 24.00508 2.813875 5.258542 4.598178

$time
elapsed elapsed elapsed elapsed elapsed elapsed elapsed elapsed elapsed elapsed elapsed elapsed elapsed elapsed elapsed 
   4.34   11.62   20.54   61.06   68.04   74.31   80.53   92.31  242.26  246.51  326.39  329.84  336.15  400.50 1804.93 

$neval
 [1]   106   263   460  1319  1458  1595  1735  1991  5120  5210  6829  6903  7038  8372 37580

$fbest
[1] 1023.33

$xbest
 [1]  26.7205650 421.4524147   0.1159962  16.0281911 286.8511284  45.0514693  24.0050781   2.8138747   5.2585424   4.5981782

$numeval
[1] 37580

$end_crit
[1] 2

$cpu_time
elapsed 
1804.93 

$Refset
$Refset$x
             [,1]        [,2]       [,3]        [,4]        [,5]        [,6]        [,7]        [,8]        [,9]       [,10]
 [1,]   1.0000000  26.5534800 407.366500   0.1000298  16.5471000 286.7750000  43.7189500  26.7535400   2.3826570   5.2445060
 [2,]   4.6293700   2.0000000  26.554280 407.3552000   0.1000391  16.5472300 286.7768000  43.7186200  26.7571000   2.3828910
 [3,]   5.2446080   4.6377340   3.000000  26.5535700 407.3433000   0.1000712  16.5471000 286.7758000  43.7224700  26.7553200
 [4,]   2.3829790   5.2447840   4.628596   4.0000000  26.5525400 407.3856000   0.1000277  16.5469200 286.7756000  43.7184600
 [5,]  26.7532600   2.3829060   5.244489   4.6294350   5.0000000  26.5528100 407.3901000   0.1000283  16.5469900 286.7732000
 [6,]  43.7173800  26.7535500   2.382703   5.2440090   4.6293980   6.0000000  26.5532000 407.3831000   0.1000242  16.5470400
 [7,] 286.7752000  43.7188200  26.752660   2.3826690   5.2444020   4.6294890   7.0000000  26.5142800 407.4480000   0.1041472
 [8,]  16.6061000 286.7655000  43.668920  26.7539300   2.3799030   5.2501490   4.6210140   8.0000000  26.0880800 406.8194000
 [9,]   0.1037046  16.5571200 286.736700  44.3740800  25.8318000   2.2018310   5.2404440   4.7077080   9.0000000  26.4914600
[10,] 407.5772000   0.1000444  16.553100 286.7698000  43.7108600  26.7532400   2.3720740   5.2039760   4.6305690  26.2278900
[11,] 407.3490000   0.1000000  16.589540 286.7741000  43.7362800  26.7494600   2.5791660   5.3671250   4.6273650  26.6379200
[12,] 411.0555000   0.1294036  16.544250 286.8255000  43.8148300  26.7616600   2.3713330   5.7026610   4.6590050  25.8874800

$Refset$f
 [1] 1039.358 1039.358 1039.358 1039.358 1039.358 1039.358 1057.545 1062.366 1058.819 1069.911 1182.215 1266.148

$Refset$fpen
 [1] 1039.358 1039.358 1039.358 1039.358 1039.358 1039.358 1057.545 1062.366 1058.819 1069.911 1182.215 1266.148

$Refset$const
 [1] 11.302600 30.755490 19.452900  1.508144  2.597310 11.302620 30.755390 19.452770  1.507947  2.598243 11.302320 30.755220 19.452900  1.508060  2.597595 11.302440 30.755510 19.453080  1.508079  2.597550 11.302980 30.755990 19.453010
[24]  1.508334  2.596665 11.302640 30.755600 19.452960  1.508129  2.597318 11.355950 30.749850 19.393900  1.509062  2.595653 11.316680 30.759560 19.442880  1.514920  2.501257 11.349120 30.796020 19.446900  1.508672  2.595624 11.222410
[47] 30.632880 19.410460  1.508276  2.596014 10.841590 30.297340 19.455750  1.502984  2.613712 10.233330 29.553890 19.320570  1.512501  2.634720

$Refset$penalty
 [1] 0 0 0 0 0 0 0 0 0 0 0 0


