$f
 [1] 4698.4566  441.9427  357.9792  349.1736  321.1736  252.9427  223.5156  203.0104  193.5937  178.2865  176.3872  160.3559  156.9618  155.1337  151.3385  147.0937  146.4722  145.6545  145.5903  143.5747  143.5330  143.1858  143.1840
[24]  142.8368  142.2604  142.0035  141.9601  141.7986  141.5000  141.3698  141.1267  141.1250  141.0104  140.8889  140.8837  140.8750  140.7552  140.7552

$x
          [,1]     [,2]      [,3]     [,4]     [,5]     [,6]     [,7]     [,8]      [,9]    [,10]
 [1,] 24.79000 337.0400 0.2529000 17.72000 285.5400 45.67000 29.49000 2.970000  2.000000 2.690000
 [2,] 25.41067 141.9292 1.0000000 23.14948 284.5780 29.72279 24.13100 2.050519 10.000000 1.347605
 [3,] 25.41067 141.9292 0.8561061 23.44595 284.8780 29.72279 24.00000 2.050519  9.990118 1.472567
 [4,] 25.44637 123.9680 0.9090876 24.75502 284.9391 33.51740 24.00000 2.077271  9.405730 1.986393
 [5,] 20.93451 437.4368 0.2773107 17.94464 285.9754 39.32177 25.19026 2.318186  4.303000 1.776495
 [6,] 23.45706 251.0345 0.8587865 22.22982 285.9931 37.27640 26.54264 2.361205  6.748292 1.500924
 [7,] 25.79922 248.0497 0.7632371 21.84842 286.3214 34.62196 25.89499 4.079242  7.350313 3.490762
 [8,] 23.42978 248.7288 0.9331646 22.49078 286.2177 39.94035 26.61436 2.000000  6.732936 4.195297
 [9,] 27.27757 259.2201 0.6921344 21.01393 286.0224 33.46277 24.74483 2.344103  7.148618 2.262763
[10,] 28.99904 265.4606 0.6432351 20.01137 285.9605 33.21201 24.64687 2.000000  7.014180 2.256289
[11,] 25.50697 275.1587 0.7476639 20.85830 286.2650 33.97106 26.80340 4.304612  7.244236 3.606035
[12,] 25.50697 275.1587 0.7924888 20.85830 286.2650 33.97106 26.64090 4.280205  7.445792 4.204406
[13,] 28.50588 270.8245 0.6998014 19.26023 286.1269 33.51703 25.10670 2.000000  7.488821 2.238770
[14,] 28.50588 270.8245 0.7673014 19.25437 286.1293 33.51703 24.94420 2.000000  7.488821 2.238770
[15,] 25.47283 290.7504 0.5348513 19.61760 286.1207 33.74682 25.70439 4.278756  7.731742 5.000000
[16,] 25.28387 293.2699 0.5966825 19.61760 286.1207 33.74682 25.50095 4.278756  7.731742 5.000000
[17,] 25.81745 298.3461 0.5926789 19.74982 286.1256 33.68703 25.84824 4.285072  7.264754 4.355852
[18,] 25.81745 298.8930 0.5476789 19.74982 286.1256 33.69328 25.84824 4.285072  7.264754 4.355852
[19,] 25.73810 297.4794 0.5855108 19.61042 286.1252 33.70310 25.78555 4.292970  7.446142 4.757721
[20,] 25.73810 297.4794 0.5911358 19.61042 286.1252 33.70310 25.72461 4.267970  7.471142 4.828971
[21,] 25.61288 302.0852 0.6119862 19.57248 286.1256 33.71716 25.77871 4.267785  7.431507 5.000000
[22,] 25.84869 305.1874 0.6053432 19.59783 286.1257 33.69710 25.75090 4.285463  7.173320 4.705405
[23,] 25.83892 305.2021 0.5979623 19.59866 286.1260 33.69722 25.76531 4.287367  7.176644 4.683515
[24,] 25.83892 305.2021 0.5979623 19.59866 286.1260 33.69722 25.76531 4.287367  7.173519 4.683515
[25,] 25.78021 301.2029 0.6073196 19.62661 286.1242 33.71524 25.67999 4.065209  7.332148 4.857501
[26,] 25.79409 301.0567 0.6066291 19.39728 286.1212 33.74865 25.54602 4.082178  7.503174 4.951196
[27,] 25.79409 301.0567 0.6066291 19.39728 286.1212 33.74865 25.54602 4.082178  7.506299 4.951196
[28,] 25.75075 300.1825 0.6028697 19.58104 286.1234 33.72376 25.65464 4.068768  7.417297 4.940293
[29,] 25.75258 301.1104 0.5920994 19.51470 286.1223 33.72198 25.65262 4.064396  7.434546 4.948065
[30,] 25.71856 302.8770 0.5820029 19.57865 286.1232 33.70805 25.67909 4.056112  7.343024 4.994176
[31,] 25.71947 302.7964 0.5846281 19.57835 286.1232 33.70922 25.67895 4.057986  7.347984 4.994685
[32,] 25.71575 302.9546 0.5891354 19.55018 286.1213 33.71102 25.65823 4.058900  7.365542 4.982398
[33,] 25.72672 302.3380 0.5904269 19.52169 286.1208 33.71744 25.63993 4.062085  7.400345 4.998939
[34,] 25.73016 303.0315 0.5923092 19.53678 286.1207 33.71546 25.63079 4.052782  7.373634 4.965887
[35,] 25.72837 302.9403 0.5904883 19.53614 286.1213 33.71575 25.64442 4.053698  7.376310 4.966726
[36,] 25.71816 302.9924 0.5875235 19.53674 286.1219 33.71753 25.63291 4.053015  7.375200 4.960614
[37,] 25.71307 303.1949 0.5869083 19.53447 286.1218 33.71785 25.61997 4.052155  7.373053 4.962809
[38,] 25.71307 303.1949 0.5869083 19.53447 286.1218 33.71785 25.61997 4.052155  7.373053 4.962809

$time
elapsed elapsed elapsed elapsed elapsed elapsed elapsed elapsed elapsed elapsed elapsed elapsed elapsed elapsed elapsed elapsed elapsed elapsed elapsed elapsed elapsed elapsed elapsed elapsed elapsed elapsed elapsed elapsed elapsed elapsed 
   1.94    5.96    8.16   11.14   13.85   16.83   20.36   23.35   26.21   29.05   35.50   41.25   84.99   86.92  117.02  119.17  148.50  150.27  189.05  191.19  233.13  239.99  282.39  295.49  384.77  494.28  495.85  501.66  504.72  513.41 
elapsed elapsed elapsed elapsed elapsed elapsed elapsed elapsed 
 562.27  671.56  675.97  679.44  704.42  732.50  847.83 1082.80 

$neval
 [1]   106   266   382   526   665   813   956  1102  1240  1378  1661  1930  3943  4035  5389  5494  6845  6937  8701  8807 10720 11056 12997 13606 17746 22931 23004 23280 23420 23823 26173 31255 31460 31595 32531 33538 38965 50059

$fbest
[1] 140.7552

$xbest
 [1]  25.7130652 303.1948569   0.5869083  19.5344736 286.1217954  33.7178504  25.6199711   4.0521547   7.3730530   4.9628087

$numeval
[1] 50059

$end_crit
[1] 1

$cpu_time
elapsed 
 1082.8 

$Refset
$Refset$x
             [,1]        [,2]       [,3]        [,4]        [,5]        [,6]        [,7]        [,8]        [,9]       [,10]
 [1,]   1.0000000  25.7109000 303.037600   0.5856794  19.5377300 286.1194000  33.7174800  25.6250300   4.0533280   7.3747370
 [2,]   4.9569990   2.0000000  25.711620 302.9481000   0.5844353  19.5387600 286.1194000  33.7171000  25.6226500   4.0537970
 [3,]   7.3756190   4.9528960   3.000000  25.7141500 303.0192000   0.5853845  19.5358200 286.1206000  33.7160100  25.6241500
 [4,]   4.0535150   7.3753520   4.958067   4.0000000  25.7123600 302.9999000   0.5852302  19.5357000 286.1188000  33.7164300
 [5,]  25.6288000   4.0535680   7.376277   4.9558170   5.0000000  25.7101300 303.0646000   0.5859724  19.5372000 286.1196000
 [6,]  33.7167400  25.6175400   4.053684   7.3745790   4.9550350   6.0000000  25.7129500 303.0320000   0.5850638  19.5363900
 [7,] 286.1190000  33.7165200  25.622860   4.0532850   7.3746910   4.9586600   7.0000000  25.7123400 302.9782000   0.5846575
 [8,]  19.5377500 286.1190000  33.717230  25.6245300   4.0534300   7.3753040   4.9561120   8.0000000  25.7117200 303.0203000
 [9,]   0.5849247  19.5366600 286.119300  33.7177100  25.6219600   4.0531560   7.3751380   4.9587800   9.0000000  25.7114900
[10,] 303.2722000   0.5857955  19.533530 286.1204000  33.7114700  25.6255400   4.0527610   7.3710900   4.9591980  26.1403600
[11,] 301.5169000   0.5959927  19.457170 286.1191000  33.7055400  25.6551100   4.0544490   7.3808370   4.9582160  25.7104900
[12,] 302.9945000   0.5849204  19.537950 286.1192000  33.7164200  25.6220600   4.0532970   7.3752100   4.9595570  25.4221500

$Refset$f
 [1] 140.7552 140.7552 140.7552 140.7552 140.7552 140.7552 140.7552 140.7552 140.7882 142.5104 140.7552 810.3264

$Refset$fpen
 [1] 140.7552 140.7552 140.7552 140.7552 140.7552 140.7552 140.7552 140.7552 140.7882 142.5104 140.7552 810.3264

$Refset$const
 [1] 12.162990 28.625260 16.462270  1.565338  2.811466 12.163140 28.624380 16.461240  1.565350  2.811249 12.160471 28.624650 16.464180  1.565199  2.811863 12.159420 28.623720 16.464300  1.565400  2.811701 12.162616 28.625420 16.462800
[24]  1.565344  2.810836 12.161702 28.625310 16.463610  1.565399  2.811174 12.162444 28.624700 16.462250  1.565391  2.811296 12.161519 28.624860 16.463340  1.565364  2.811107 12.162443 28.628910 16.466470  1.565204  2.812278 12.076333
[47] 28.619160 16.542830  1.565235  2.815214 12.162739 28.624790 16.462050  1.565369  2.811190  9.387995 27.012200 17.624210  1.580719  2.930157

$Refset$penalty
 [1] 0 0 0 0 0 0 0 0 0 0 0 0


