$f
 [1] 2759.8316 2088.0764 1465.1111 1452.8038 1448.1736 1415.2361 1401.2431 1385.8368 1383.2917 1359.2795 1295.6215 1291.1146 1245.4392 1223.4028  941.2188  937.2760  924.6771  911.7604  893.5052  891.5920  891.4167  889.1458  888.3941
[24]  887.9878  887.7153  887.6788  887.3611  887.1788  887.1788

$x
          [,1]     [,2]      [,3]     [,4]     [,5]     [,6]     [,7]     [,8]     [,9]    [,10]
 [1,] 25.38110 106.1905 0.8144576 16.92173 286.5603 40.43529 25.62688 4.581963 6.557750 1.498697
 [2,] 20.79320 100.0000 0.9607899 15.77793 286.8262 48.00000 24.85906 3.719383 7.902021 1.200000
 [3,] 20.00000 114.4098 0.9356341 18.53572 286.8269 46.39219 24.71403 3.719383 7.821468 1.412426
 [4,] 20.00000 102.5091 0.8395487 18.85105 286.8223 46.64596 24.70776 3.759345 8.457258 1.428918
 [5,] 20.00000 117.7802 0.9158562 18.43590 286.8277 46.52498 24.71321 3.717163 7.894686 1.420467
 [6,] 20.00000 105.3434 0.8806944 18.79865 286.8232 46.61870 24.70972 3.746885 8.128426 1.423349
 [7,] 20.00000 109.5062 0.9194355 18.38333 286.8194 46.62255 24.71145 3.730335 8.270212 1.435421
 [8,] 20.37145 129.5350 0.9075142 18.37320 286.7496 40.23783 27.25176 4.295481 9.281818 2.395548
 [9,] 20.00000 106.1933 0.8729102 18.76389 286.7874 46.56726 24.76942 3.753756 8.362031 1.423204
[10,] 20.00000 110.3031 0.2660788 18.68019 286.8012 46.57541 24.74451 3.764025 8.170275 1.469146
[11,] 20.00000 110.1469 0.2217819 18.68019 286.7637 46.57541 24.74451 3.764806 8.169494 1.469146
[12,] 20.09089 111.5456 0.1902012 18.86671 286.7665 46.55045 24.70909 3.790048 8.190741 1.446983
[13,] 20.00000 111.5456 0.1902012 18.86671 286.7477 46.56295 24.70909 3.790048 8.282934 1.470736
[14,] 20.00401 111.7117 0.1314629 19.19210 286.8190 46.55507 25.10533 6.097530 8.199596 1.821038
[15,] 20.00000 111.7117 0.1089629 19.26241 286.8190 46.95507 25.74517 6.091280 8.191783 1.832913
[16,] 20.03618 108.2247 0.1143666 19.81277 286.7978 46.60279 25.23581 6.037062 8.044015 2.073649
[17,] 20.03618 108.2247 0.1129603 19.85965 286.7791 46.60279 25.23581 6.037062 8.081515 2.073649
[18,] 20.03991 103.1199 0.1100756 20.71289 286.8628 46.58348 25.60258 6.024026 7.962622 2.106946
[19,] 20.03991 103.1199 0.1100756 20.71289 286.8441 46.58348 25.60258 6.024026 7.975122 2.106946
[20,] 20.00779 110.5200 0.1105987 19.65930 286.7582 46.66607 25.55209 6.038105 8.152721 2.102788
[21,] 20.00000 110.5200 0.1105987 19.65930 286.7582 46.66607 25.55209 6.038105 8.152721 2.102788
[22,] 20.01605 110.3127 0.1087657 19.69018 286.7497 46.63067 25.55120 6.040452 8.157335 2.098034
[23,] 20.01605 110.3127 0.1087657 19.68944 286.7497 46.63067 25.55120 6.040452 8.166710 2.098034
[24,] 20.01550 110.3998 0.1092191 19.68541 286.7515 46.62527 25.54968 6.039243 8.157072 2.103606
[25,] 20.01607 110.3215 0.1091338 19.69077 286.7493 46.62134 25.54960 6.039995 8.157362 2.097874
[26,] 20.01614 110.3255 0.1090559 19.69037 286.7477 46.61779 25.54725 6.040703 8.156111 2.095963
[27,] 20.01614 110.3256 0.1090570 19.69073 286.7479 46.61770 25.54710 6.040739 8.156311 2.096051
[28,] 20.01620 110.2865 0.1090246 19.69346 286.7478 46.61688 25.54709 6.040758 8.157476 2.095755
[29,] 20.01620 110.2865 0.1090246 19.69346 286.7478 46.61688 25.54709 6.040758 8.157476 2.095755

$time
elapsed elapsed elapsed elapsed elapsed elapsed elapsed elapsed elapsed elapsed elapsed elapsed elapsed elapsed elapsed elapsed elapsed elapsed elapsed elapsed elapsed elapsed elapsed elapsed elapsed elapsed elapsed elapsed elapsed 
   4.94   11.47   17.19   34.00   39.05   44.82   50.38   55.68   60.75   71.66   75.50  125.14  135.11  586.00  591.43  728.74  733.13  755.89  792.43 1106.86 1109.68 1293.63 1296.75 1334.94 1352.60 1366.60 1401.27 1478.24 1805.07 

$neval
 [1]   106   262   425   861   996  1135  1279  1421  1558  1837  1938  3165  3426 14843 14982 18314 18409 18969 19876 27729 27803 32373 32454 33422 33843 34184 34996 36845 45116

$fbest
[1] 887.1788

$xbest
 [1]  20.0161961 110.2865202   0.1090246  19.6934565 286.7477570  46.6168802  25.5470878   6.0407577   8.1574763   2.0957552

$numeval
[1] 45116

$end_crit
[1] 2

$cpu_time
elapsed 
1805.07 

$Refset
$Refset$x
             [,1]        [,2]       [,3]        [,4]        [,5]        [,6]        [,7]        [,8]        [,9]      [,10]
 [1,]   1.0000000  20.0161800 110.286400   0.1090278  19.6936200 286.7471000  46.6096900  25.5464700   6.0407350   8.157443
 [2,]   2.0957120   2.0000000  20.016130 110.2462000   0.1090367  19.6960000 286.7477000  46.6158500  25.5471500   6.040767
 [3,]   8.1583450   2.0957920   3.000000  20.0162100 110.2857000   0.1090291  19.6937800 286.7471000  46.6119200  25.546330
 [4,]   6.0406580   8.1574140   2.095696   4.0000000  20.0161800 110.2881000   0.1090204  19.6932100 286.7477000  46.617090
 [5,]  25.5457700   6.0407660   8.157556   2.0956840   5.0000000  20.0161900 110.2812000   0.1090409  19.6936000 286.747600
 [6,]  46.6156900  25.5461400   6.040817   8.1573520   2.0958720   6.0000000  20.0207500 110.2020000   0.1089994  19.720600
 [7,] 286.7493000  46.6278200  25.542450   6.0407060   8.1579100   2.0951050   7.0000000  20.0142200 108.1635000   0.110541
 [8,]  19.5941800 286.7215000  47.281780  24.5978600   6.1115310   8.2992030   2.1014770   8.0000000  20.0294500 110.558800
 [9,]   0.1111272  19.6187500 286.699600  46.7761900  24.9090100   6.0657530   8.0118680   2.1335240   9.0000000  20.080180
[10,] 109.8352000   0.1090752  19.546630 286.7485000  46.1843000  25.6439300   6.0403240   8.1729000   2.0682530  20.000000
[11,] 110.2255000   0.1086159  19.751750 286.7498000  46.6105300  25.5487600   6.0415780   8.1604390   2.0951970  20.018500
[12,] 111.3658000   0.1080223  19.701460 286.7469000  46.6112100  25.5374800   6.0689180   8.1473560   2.1263010  20.995060

$Refset$f
 [1]  887.1788  887.1788  887.1788  887.1788  887.3611  887.5885  926.9705  947.1007 1002.9531  901.5677  977.3264 2046.2378

$Refset$fpen
 [1]  887.1788  887.1788  887.1788  887.1788  887.3611  887.5885  926.9705  947.1007 1002.9531  901.5677  977.3264 6769.6774

$Refset$const
 [1] 11.536180 27.842560 16.306380  1.516333  2.416195 11.537660 27.841660 16.304000  1.516275  2.416275 11.536370 27.842590 16.306220  1.516327  2.416146 11.535650 27.842440 16.306790  1.516275  2.416171 11.536250 27.842650 16.306400
[24]  1.516289  2.416175 11.562690 27.842090 16.279400  1.516137  2.416226 11.294970 27.700800 16.405820  1.519909  2.338159 11.606880 27.988130 16.381250  1.521435  2.360980 11.373730 27.827100 16.453370  1.515757  2.435008 11.591310
[47] 27.839560 16.248250  1.516079  2.417232 11.554100 27.852640 16.298540  1.516357  2.415612 12.087460 29.380750 17.293300  1.495277  2.416716

$Refset$penalty
 [1] 0.00000000 0.00000000 0.00000000 0.00000000 0.00000000 0.00000000 0.00000000 0.00000000 0.00000000 0.00000000 0.00000000 0.00472344


