$f
 [1] 5553.0538 1108.3958 1070.6007  949.1979  842.9861  837.8663  795.3958  783.1354  780.7899  747.0399  747.0399

$x
          [,1]     [,2]      [,3]     [,4]     [,5]     [,6]     [,7]     [,8]     [,9]    [,10]
 [1,] 20.80669 343.0976 0.4566205 22.48119 286.0891 42.20989 25.70449 7.096353 2.554058 2.129252
 [2,] 20.00000 423.5763 0.4301068 20.68560 286.5129 36.89534 24.21483 6.095506 2.309987 1.845148
 [3,] 20.00000 423.2638 0.3415130 20.72075 286.4519 36.89534 24.21483 6.095506 2.378737 1.856281
 [4,] 20.00000 398.3344 0.5130496 24.02653 286.4946 30.30119 24.00000 7.474796 2.296147 1.956763
 [5,] 20.00000 398.3468 0.5089942 24.09065 286.4777 29.54199 24.00000 7.469190 2.294089 1.934138
 [6,] 20.29508 397.1280 0.5079210 22.82854 286.4448 31.28408 24.31567 7.649803 2.588139 2.520323
 [7,] 20.15361 383.5219 0.5139249 23.08364 286.4458 31.25408 24.28775 7.677966 2.638164 2.513306
 [8,] 20.00000 383.8344 0.4239249 23.07778 286.4482 31.25408 24.28775 7.677966 2.638164 2.513306
 [9,] 20.13053 389.3667 0.4796622 22.00832 286.2875 31.51953 24.18678 7.108021 2.958812 2.162527
[10,] 20.00000 389.3667 0.5302941 22.04348 286.2875 31.51953 24.10552 7.108021 3.063893 2.144712
[11,] 20.00000 389.3667 0.5302941 22.04348 286.2875 31.51953 24.10552 7.108021 3.063893 2.144712

$time
elapsed elapsed elapsed elapsed elapsed elapsed elapsed elapsed elapsed elapsed elapsed 
   3.31    7.29   10.86   14.67   29.06   36.03   42.89   49.29  127.78  131.37 1290.86 

$neval
 [1]   106   264   408   560  1118  1401  1681  1913  4893  5042 50054

$fbest
[1] 747.0399

$xbest
 [1]  20.0000000 389.3667413   0.5302941  22.0434820 286.2875230  31.5195315  24.1055165   7.1080211   3.0638929   2.1447117

$numeval
[1] 50054

$end_crit
[1] 1

$cpu_time
elapsed 
1290.86 

$Refset
$Refset$x
             [,1]        [,2]       [,3]       [,4]       [,5]        [,6]        [,7]        [,8]        [,9]       [,10]
 [1,]   1.0000000  20.0758700 394.094900   0.490035  23.180830 286.2810000  31.1969500  24.3754300   7.0952420   2.2927330
 [2,]   2.1574780   2.0000000  20.327160 368.982500   0.343770  22.4550200 286.4103000  31.5916600  24.1844800   7.7329160
 [3,]   3.0280790   2.4611510   3.000000  20.076320 394.101800   0.4900439  23.1803700 286.2833000  31.1990300  24.3755400
 [4,]   7.0952240   2.2933000   2.158004   4.000000  20.287210 393.1218000   0.4861065  23.2730100 286.4415000  31.5332200
 [5,]  24.3159300   7.0692670   2.362084   2.159802   5.000000  20.2846600 393.1031000   0.4852476  23.2680800 286.4416000
 [6,]  31.5313100  24.3189200   7.068861   2.368550   2.160078   6.0000000  20.2854300 393.3311000   0.4860347  23.2740700
 [7,] 286.4415000  31.5342100  24.317720   7.069139   2.355703   2.1594900   7.0000000  20.2827100 392.9943000   0.4860783
 [8,]  23.2638300 286.4416000  31.532980  24.318950   7.068688   2.3778740   2.1600600   8.0000000  20.1847300 393.8559000
 [9,]   0.5293648  23.1849100 286.281700  31.208550  24.370840   7.0951990   2.2997510   2.1594910   9.0000000  20.3887400
[10,] 392.5637000   0.4795187  23.273350 286.450300  31.165070  24.3142800   7.6783740   2.3635900   2.6051570  20.3083100
[11,] 371.3053000   0.3950647  23.158460 286.416300  33.536320  25.1542300   7.1642690   2.1488840   2.2102700  20.0359500
[12,] 393.7192000   0.4856105  22.813540 286.289700  31.330860  24.0456600   7.0895820   2.2840040   2.0621340  20.3368200

$Refset$f
 [1] 751.5521 751.6059 754.0660 780.2344 780.2344 780.2344 780.2344 763.8194 808.0556 862.3351 853.2847 902.6597

$Refset$fpen
 [1] 751.5521 751.6059 754.0660 780.2344 780.2344 780.2344 780.2344 763.8194 808.0556 862.3351 853.2847 902.6597

$Refset$const
 [1] 20.888090 33.707270 12.819170  1.542352  2.941578 19.426940 32.971920 13.544980  1.528846  2.935533 20.887070 33.706700 12.819630  1.542066  2.942285 20.910920 33.637920 12.726990  1.524068  2.967633 20.899530 33.631450 12.731920
[24]  1.524028  2.968184 20.918370 33.644300 12.725930  1.524056  2.967768 20.885960 33.622130 12.736170  1.524033  2.968051 20.885160 33.700250 12.815090  1.542322  2.940325 20.909750 33.636410 12.726650  1.521395  3.003760 21.009580
[47] 33.851120 12.841540  1.530556  2.884583 20.529540 33.716000 13.186460  1.543392  2.896400 17.770620 32.255430 14.484810  1.544251  2.990456

$Refset$penalty
 [1] 0 0 0 0 0 0 0 0 0 0 0 0


