$f
 [1] 2445.832 1991.484 1558.781 1533.903 1531.082 1252.229 1201.378 1194.773 1185.411 1184.337 1179.321 1179.236 1177.802 1177.780 1173.733 1173.512 1173.446 1173.391 1173.052 1172.526 1172.292 1172.247 1172.134 1172.134

$x
          [,1]     [,2]      [,3]     [,4]     [,5]     [,6]     [,7]     [,8]     [,9]    [,10]
 [1,] 21.11423 339.4950 0.8217820 15.14166 286.6899 34.37548 24.99457 3.896145 6.939538 4.604295
 [2,] 22.55835 202.3242 0.5427764 16.80397 286.5995 45.22438 27.55470 5.909707 5.222520 3.270591
 [3,] 21.43335 202.8183 0.5761532 17.33430 286.6463 45.54061 27.22970 6.034707 5.458594 3.147147
 [4,] 21.73354 234.1920 0.7584267 16.50439 286.5007 46.61527 24.20906 6.017792 5.376027 4.054335
 [5,] 21.76080 196.2550 0.4675925 19.03406 286.4761 42.75100 24.78870 7.488940 3.009372 3.550245
 [6,] 20.95855 207.7281 0.7191144 21.60403 286.5949 41.48428 24.38680 7.802932 2.000000 2.795806
 [7,] 20.95855 199.9156 0.7866144 21.96731 286.5949 41.48428 24.56962 7.802932 2.050000 2.783931
 [8,] 21.46520 204.1091 0.4049049 18.96564 286.5512 43.60424 25.30215 7.691430 2.000000 3.284141
 [9,] 21.46520 204.1091 0.4949049 18.96564 286.5512 43.60424 25.30215 7.691430 2.025000 3.284141
[10,] 21.93662 146.9004 0.5719846 18.91117 286.5956 40.85190 25.51421 7.601801 7.637884 3.562850
[11,] 21.93662 146.9004 0.5944846 18.91117 286.5956 40.85190 25.51421 7.601801 7.631634 3.562850
[12,] 21.97008 144.4071 0.5818568 19.00123 286.5905 40.85798 25.46682 7.602569 7.656036 3.561867
[13,] 21.83449 146.5192 0.5831678 19.03234 286.5912 40.85139 25.51411 7.602270 7.658673 3.563005
[14,] 21.78915 146.5087 0.5831562 19.03585 286.5912 40.85136 25.51535 7.602244 7.721689 3.563017
[15,] 21.78915 146.5087 0.6281562 19.03292 286.5912 40.85136 25.51535 7.602244 7.759189 3.563017
[16,] 21.82559 145.7856 0.6506680 19.05063 286.5884 40.85045 25.48804 7.602467 7.751439 3.561654
[17,] 21.83277 145.7032 0.6516297 19.04858 286.5901 40.85124 25.48838 7.602470 7.747968 3.560271
[18,] 21.83362 147.2203 0.6988752 19.05259 286.5913 40.83325 25.47967 7.601973 7.707248 3.565337
[19,] 21.83539 147.1342 0.6961226 19.05069 286.5907 40.83763 25.46862 7.602721 7.704384 3.558812
[20,] 21.82471 147.3516 0.6858281 19.04697 286.5902 40.84461 25.45000 7.602707 7.704366 3.559834
[21,] 21.82082 147.1329 0.7001307 19.04920 286.5908 40.84203 25.44617 7.602565 7.723971 3.560614
[22,] 21.82204 147.1009 0.6971187 19.04499 286.5910 40.84302 25.45231 7.602674 7.729604 3.559231
[23,] 21.81637 147.0790 0.6971229 19.03423 286.5911 40.84656 25.44133 7.602753 7.742243 3.558578
[24,] 21.81637 147.0790 0.6971229 19.03423 286.5911 40.84656 25.44133 7.602753 7.742243 3.558578

$time
elapsed elapsed elapsed elapsed elapsed elapsed elapsed elapsed elapsed elapsed elapsed elapsed elapsed elapsed elapsed elapsed elapsed elapsed elapsed elapsed elapsed elapsed elapsed elapsed 
   2.17    5.61   10.53   26.70   32.78   39.67   45.70  120.98  123.58  198.98  200.69  266.97  292.67  298.64  300.52  784.02  837.27  977.50  985.30 1005.36 1037.95 1055.91 1102.50 1132.78 

$neval
 [1]   106   261   483  1191  1464  1743  2016  5267  5349  8624  8702 11571 12743 13020 13107 34674 37056 43266 43605 44546 46093 46851 48838 50013

$fbest
[1] 1172.134

$xbest
 [1]  21.8163693 147.0789712   0.6971229  19.0342316 286.5911221  40.8465589  25.4413290   7.6027531   7.7422432   3.5585784

$numeval
[1] 50013

$end_crit
[1] 1

$cpu_time
elapsed 
1132.78 

$Refset
$Refset$x
             [,1]        [,2]       [,3]        [,4]       [,5]        [,6]        [,7]        [,8]        [,9]       [,10]
 [1,]   1.0000000  21.8163700 147.079000   0.6971229  19.034230 286.5911000  40.8465600  25.4413300   7.6027530   7.7422430
 [2,]   3.5585780   2.0000000  21.819130 147.1220000   0.696124  19.0437400 286.5908000  40.8398800  25.4399500   7.6024820
 [3,]   7.7331030   3.5601650   3.000000  21.8174300 147.125800   0.6990624  19.0450200 286.5909000  40.8393500  25.4386400
 [4,]   7.6025820   7.7343780   3.560675   4.0000000  21.815730 147.1374000   0.6980249  19.0486500 286.5909000  40.8415500
 [5,]  25.4605600   7.6025280   7.733342   3.5610120   5.000000  21.8186900 147.1349000   0.6995177  19.0456400 286.5909000
 [6,]  40.8407400  25.4447500   7.602568   7.7321730   3.560762   6.0000000  21.8157500 147.0598000   0.6978088  19.0422800
 [7,] 286.5911000  40.8481800  25.443850   7.6028770   7.737203   3.5584160   7.0000000  21.8177100 147.1032000   0.6977463
 [8,]  19.0408600 286.5910000  40.841100  25.4408200   7.602630   7.7368520   3.5595020   8.0000000  21.8180000 147.1116000
 [9,]   0.6987824  19.0431900 286.590900  40.8420700  25.442450   7.6025020   7.7375390   3.5607810   9.0000000  21.8154200
[10,] 147.0856000   0.6977398  19.054780 286.5909000  40.840680  25.4591100   7.6024790   7.7337520   3.5607530  21.7942400
[11,] 147.4502000   0.6860770  19.045080 286.5912000  40.838150  25.4421400   7.6026180   7.7360740   3.5867350  21.0604800
[12,] 187.7893000   0.6394452  17.832210 286.5771000  40.506930  25.4475500   7.5948670   7.4447110   3.6441710  21.7125500

$Refset$f
 [1] 1172.134 1172.134 1172.134 1172.134 1172.134 1172.134 1172.134 1172.134 1172.156 1179.729 1212.682 1955.295

$Refset$fpen
 [1] 1172.134 1172.134 1172.134 1172.134 1172.134 1172.134 1172.134 1172.134 1172.156 1179.729 1212.682 1955.295

$Refset$const
 [1] 11.291990 28.257760 16.965770  1.526221  2.559911 11.310640 28.266900 16.956260  1.526250  2.559977 11.310640 28.265620 16.954980  1.526241  2.559951 11.315310 28.266660 16.951350  1.526199  2.561340 11.313470 28.267830 16.954360
[24]  1.526228  2.560312 11.305070 28.262800 16.957720  1.526216  2.560017 11.304000 28.263150 16.959140  1.526230  2.560055 11.305650 28.262460 16.956810  1.526240  2.560083 11.321030 28.266250 16.945220  1.526199  2.561283 11.309010
[47] 28.263930 16.954920  1.526196  2.560360 10.387500 28.555290 18.167790  1.527207  2.569891 10.973070 27.929560 16.956480  1.545291  2.528952

$Refset$penalty
 [1] 0 0 0 0 0 0 0 0 0 0 0 0


