$f
 [1] 1759.4948 1207.3090 1090.3628  979.0312  939.4062  925.0330  917.2014  823.5660  795.6476  784.0243  700.0208  695.8646  689.2413  614.4722  580.2500  566.7726  524.1997  522.8403  506.7240  504.1597  499.3490  497.4427  494.4809
[24]  492.2309  487.7205  487.1198  480.5642  480.2795  480.2656  480.0278  479.9063  479.8177  479.7795  479.5694  478.3681  477.2795  476.1389  476.0469  475.9635  475.9288  475.8194  475.4566  475.4444  475.3316  475.3056  475.2726
[47]  475.1701  475.0399  474.9340  474.8542  474.3490  474.0972  474.0972

$x
          [,1]     [,2]      [,3]     [,4]     [,5]     [,6]     [,7]     [,8]     [,9]    [,10]
 [1,] 22.89477 153.3911 0.1820473 24.41260 285.6024 40.07246 33.81038 2.805988 5.316396 4.863352
 [2,] 23.02112 212.1212 0.7514921 24.00878 286.2985 38.07737 24.06483 9.859013 4.395726 4.015655
 [3,] 23.02112 212.1212 0.6137624 24.00878 286.2985 37.67737 24.06483 9.859013 4.495726 3.766629
 [4,] 21.22006 221.4461 0.7511281 30.00000 286.6651 37.44634 25.81522 9.087531 2.665695 3.747759
 [5,] 23.78724 232.0827 0.8020810 25.70743 286.7693 38.83470 24.69860 7.560025 3.352097 2.980857
 [6,] 24.21932 339.7762 0.8017099 22.86760 286.6477 36.81193 24.89275 7.469725 2.525781 3.259055
 [7,] 29.44904 200.7464 0.1000000 18.77484 286.5556 41.40215 24.22018 7.687466 4.188009 3.105111
 [8,] 31.73023 201.7499 0.1000000 18.44252 286.5333 36.76079 24.16768 7.581519 4.327747 2.923200
 [9,] 20.72604 257.9622 0.6914412 23.57893 286.7101 47.88457 24.36340 7.692633 2.810174 3.315695
[10,] 32.16662 203.6049 0.1010960 18.00036 286.5187 36.77122 24.14930 7.544166 4.360575 2.851016
[11,] 32.16662 201.1049 0.1000000 17.33825 286.5187 36.98372 24.65711 7.544166 4.360575 2.874766
[12,] 23.81799 427.9295 0.6850362 19.00691 286.6205 37.11087 24.06527 7.375655 2.783895 3.679343
[13,] 23.81799 427.9295 0.7770250 19.00691 286.6205 37.11087 24.00718 7.377864 2.881685 3.685640
[14,] 21.00971 427.7293 0.6709020 18.26971 286.6803 39.06139 25.02097 7.789033 3.163172 2.311582
[15,] 21.00971 427.7684 0.6709020 17.89617 286.6765 39.06139 24.93972 7.792158 3.088172 2.311582
[16,] 20.32152 476.9229 0.6718962 17.71596 286.5831 38.45248 24.43393 7.836130 2.684579 2.512187
[17,] 20.00000 477.8067 0.8399638 17.71596 286.5831 38.45248 24.11490 7.836130 2.684579 2.512187
[18,] 20.00653 478.3604 0.6401484 17.94209 286.6125 38.43073 24.31024 7.831314 2.690992 2.519110
[19,] 20.00000 478.3604 0.9316638 17.94209 286.6125 38.44326 24.30006 7.831314 2.966138 2.519110
[20,] 20.12709 481.9396 0.8803087 17.50003 286.6235 39.26075 24.33739 7.753512 2.618863 2.441558
[21,] 20.12709 481.7833 0.8803087 17.50003 286.6235 39.26075 24.37802 7.753512 2.618863 2.444526
[22,] 20.14068 484.3274 0.9300801 17.37650 286.6207 39.27787 24.33155 7.752880 2.619132 2.449316
[23,] 20.15317 486.6712 0.9184146 17.69061 286.6215 39.27069 24.34081 7.760307 2.644322 2.429638
[24,] 20.14790 483.0289 0.9422556 17.67318 286.6210 39.27830 24.33168 7.758324 2.672947 2.437024
[25,] 20.15109 482.6924 0.9484447 17.75939 286.6212 39.27819 24.33171 7.758078 2.692249 2.435932
[26,] 20.15127 483.8143 0.9481870 17.69905 286.6204 39.27841 24.33276 7.758246 2.693006 2.436074
[27,] 20.13366 483.8143 1.0000000 17.70052 286.6204 39.27841 24.33276 7.758246 2.742223 2.436074
[28,] 20.10356 486.4722 0.9989346 17.74995 286.6195 39.28961 24.32215 7.758897 2.647789 2.435577
[29,] 20.10942 486.4722 0.9989346 17.74995 286.6195 39.28961 24.32215 7.758897 2.647789 2.435577
[30,] 20.08361 487.0582 0.9996856 17.75090 286.6196 39.28737 24.32241 7.758842 2.647803 2.435700
[31,] 20.08077 487.1364 1.0000000 17.75069 286.6197 39.28680 24.32230 7.758816 2.647479 2.435628
[32,] 20.08804 486.7280 0.9968842 17.75283 286.6193 39.29255 24.32200 7.759032 2.648183 2.435373
[33,] 20.08721 486.6289 0.9968479 17.76052 286.6192 39.29285 24.32170 7.759025 2.648139 2.434996
[34,] 20.08721 486.6289 1.0000000 17.76052 286.6192 39.29285 24.32170 7.759025 2.648139 2.434996
[35,] 20.11386 487.4303 0.9727738 17.27721 286.6221 39.32207 24.32865 7.757993 2.650036 2.441224
[36,] 20.11219 487.3176 0.9830328 17.26938 286.6219 39.32119 24.32823 7.758120 2.648993 2.441641
[37,] 20.11219 500.0000 0.9830328 17.27231 286.6219 39.32119 24.32823 7.758120 2.649189 2.444610
[38,] 20.11923 491.4241 0.9722849 17.08349 286.6227 39.31766 24.33593 7.758031 2.709376 2.444837
[39,] 20.10786 488.2940 0.9752220 17.21509 286.6226 39.31810 24.32956 7.757950 2.668722 2.442769
[40,] 20.10786 488.2940 0.9752220 17.21509 286.6226 39.31810 24.32956 7.757950 2.671847 2.442769
[41,] 20.11938 491.7536 0.9764719 17.04683 286.6229 39.33098 24.33441 7.758104 2.687974 2.443964
[42,] 20.11976 491.9271 0.9726992 16.98613 286.6229 39.32905 24.33488 7.758112 2.726400 2.444371
[43,] 20.11673 490.4553 0.9837362 17.12900 286.6230 39.33273 24.32644 7.758103 2.678922 2.442789
[44,] 20.11646 490.1244 0.9802763 17.11912 286.6228 39.33230 24.32868 7.758110 2.696488 2.441978
[45,] 20.12144 490.0705 0.9764767 17.06119 286.6228 39.32803 24.33050 7.758680 2.739292 2.441815
[46,] 20.12140 489.6464 0.9762037 17.06266 286.6229 39.32601 24.33326 7.758671 2.751805 2.441461
[47,] 20.12147 488.4644 0.9778181 17.03936 286.6229 39.32641 24.33892 7.759187 2.807735 2.441231
[48,] 20.09553 492.6803 0.9796792 17.06337 286.6231 39.33076 24.33136 7.758041 2.682504 2.444829
[49,] 20.09895 492.4897 0.9791183 17.06559 286.6231 39.33298 24.33336 7.758247 2.686716 2.444259
[50,] 20.09309 492.4897 0.9791183 17.06559 286.6231 39.33298 24.33336 7.758247 2.686716 2.444259
[51,] 20.10512 489.0186 0.9965448 17.05722 286.6228 39.32819 24.33731 7.759193 2.790476 2.441596
[52,] 20.10595 489.1395 0.9927920 17.03523 286.6230 39.32830 24.33890 7.759631 2.795581 2.438851
[53,] 20.10595 489.1395 0.9927920 17.03523 286.6230 39.32830 24.33890 7.759631 2.795581 2.438851

$time
elapsed elapsed elapsed elapsed elapsed elapsed elapsed elapsed elapsed elapsed elapsed elapsed elapsed elapsed elapsed elapsed elapsed elapsed elapsed elapsed elapsed elapsed elapsed elapsed elapsed elapsed elapsed elapsed elapsed elapsed 
   2.66    5.80    8.05   11.22   17.18   23.60   26.25   29.05   31.90   37.50   40.46   86.86   89.33  101.77  121.66  198.29  200.29  311.75  315.05  411.85  413.71  426.07  431.68  434.63  437.49  443.63  445.60  489.61  491.15  511.74 
elapsed elapsed elapsed elapsed elapsed elapsed elapsed elapsed elapsed elapsed elapsed elapsed elapsed elapsed elapsed elapsed elapsed elapsed elapsed elapsed elapsed elapsed elapsed 
 514.63  517.99  520.65  522.27  549.25  552.30  554.18  637.52  688.80  690.46  693.57  706.16  714.22  719.79  772.19  782.58  799.46  818.46  827.58  834.88  910.29  963.90 1067.86 

$neval
 [1]   106   264   373   517   799  1072  1210  1348  1485  1753  1889  3903  4014  4552  5479  9285  9394 14669 14796 19306 19390 19944 20217 20352 20490 20761 20870 22923 22996 23975 24116 24254 24391 24464 25681 25818 25909 29773 32160
[40] 32233 32368 32916 33324 33595 36101 36580 37398 38277 38677 39023 42567 45084 50077

$fbest
[1] 474.0972

$xbest
 [1]  20.105953 489.139461   0.992792  17.035230 286.622976  39.328299  24.338905   7.759631   2.795581   2.438851

$numeval
[1] 50077

$end_crit
[1] 1

$cpu_time
elapsed 
1067.86 

$Refset
$Refset$x
             [,1]        [,2]       [,3]        [,4]        [,5]        [,6]        [,7]        [,8]        [,9]       [,10]
 [1,]   1.0000000  20.1060200 489.655700   0.9995947  17.0235100 286.6219000  39.3264200  24.3255300   7.7597270   2.7878250
 [2,]   2.4386070   2.0000000  20.107040 489.5741000   0.9976389  17.0302400 286.6223000  39.3249500  24.3336400   7.7596300
 [3,]   2.7853480   2.4388770   3.000000  20.1063000 489.6159000   0.9963705  17.0340200 286.6222000  39.3248500  24.3261900
 [4,]   7.7595230   2.7825410   2.440198   4.0000000  20.1189100 489.0726000   0.9969964  17.0368400 286.6218000  39.3266700
 [5,]  24.3274800   7.7598080   2.781836   2.4388980   5.0000000  20.1147000 489.4305000   0.9985551  17.0232200 286.6210000
 [6,]  39.3236700  24.3261600   7.759690   2.7857160   2.4386640   6.0000000  20.1059300 489.6561000   0.9982019  17.0244000
 [7,] 286.6220000  39.3263500  24.326370   7.7596920   2.7860420   2.4387720   7.0000000  20.1150500 488.1348000   0.9987183
 [8,]  17.0279100 286.6214000  39.325910  24.3223500   7.7596720   2.8074050   2.4397670   8.0000000  20.1062100 489.6847000
 [9,]   0.9963018  17.0773600 286.621700  39.3273000  24.2829700   7.7575830   2.7850730   2.4444330   9.0000000  20.1095100
[10,] 488.4702000   0.9795174  17.038000 286.6194000  39.3287500  24.3025000   7.7644260   2.7955140   2.4387890  20.1127200
[11,] 488.4879000   0.9949634  17.037630 286.6153000  39.3255400  24.3109100   7.7597480   2.8075270   2.4412710  20.0761600
[12,] 490.1326000   0.9912749  16.584080 286.6175000  39.3298100  24.9468000   7.7495120   2.7675650   2.4479550  21.0327400

$Refset$f
 [1] 474.0972 474.0972 474.0972 474.5764 474.5764 474.6858 474.8750 475.2743 476.0208 477.5712 576.4184 647.6649

$Refset$fpen
 [1] 474.0972 474.0972 474.0972 474.5764 474.5764 474.6858 474.8750 475.2743 476.0208 477.5712 576.4184 647.6649

$Refset$const
 [1] 14.235690 33.212180 18.976490  1.523410  2.558966 14.244890 33.214650 18.969760  1.523347  2.559746 14.251470 33.217460 18.965980  1.523379  2.559172 14.255000 33.218160 18.963160  1.523424  2.559029 14.237500 33.214280 18.976780
[24]  1.523504  2.558784 14.238360 33.213960 18.975600  1.523396  2.559068 14.220500 33.192600 18.972090  1.523474  2.558562 14.292290 33.214930 18.922640  1.523531  2.555853 14.242490 33.204490 18.962000  1.523726  2.556342 14.230110
[47] 33.192470 18.962370  1.524128  2.555605 13.816520 33.232430 19.415920  1.522367  2.601521 14.610600 33.125810 18.515210  1.519382  2.674976

$Refset$penalty
 [1] 0 0 0 0 0 0 0 0 0 0 0 0


