$f
 [1] 12459.6875   648.8906   571.3264   564.8872   505.2760   504.3351   483.8003   454.4705   430.1979   414.4601   411.4323   402.7847   398.9549   398.5920   396.2448   392.0972   391.5556   380.1528   379.5104   378.5052   377.8698
[22]   377.8698

$x
          [,1]     [,2]      [,3]     [,4]     [,5]     [,6]     [,7]     [,8]     [,9]    [,10]
 [1,] 25.26458 175.1865 0.4650096 23.40164 286.0518 39.25931 28.66957 7.892146 6.324095 2.806750
 [2,] 20.00000 153.7321 0.4833850 22.31540 286.4674 36.72618 24.00000 8.004570 5.613946 1.430832
 [3,] 20.00000 133.7321 0.2049475 22.31540 286.4674 36.72618 24.04062 8.004570 5.907696 1.430832
 [4,] 20.00000 171.5469 0.2485059 17.64306 286.8187 40.03892 24.57032 7.038506 8.386707 1.255773
 [5,] 20.80848 143.4488 0.1801270 20.68797 286.3454 36.57426 24.17398 7.019482 7.254342 1.470189
 [6,] 20.18891 189.8252 0.2450913 19.98750 286.7405 38.52191 24.92392 5.346446 7.385038 1.200000
 [7,] 20.18891 190.1377 0.2500132 19.98750 286.7276 38.62191 24.93408 5.358946 7.328788 1.200000
 [8,] 20.29800 221.0886 0.2333970 19.71486 286.6161 37.82289 25.90799 6.429389 5.911597 1.580422
 [9,] 20.22186 199.8332 0.2351583 19.13346 286.6321 38.81141 25.47591 6.592054 6.750258 1.572954
[10,] 20.35378 199.8344 0.2356489 19.14780 286.6345 38.61555 25.93666 6.588580 6.797668 1.553538
[11,] 20.30690 199.8344 0.2356489 19.14780 286.6351 38.61555 25.93666 6.588580 6.794543 1.556507
[12,] 20.33712 202.0157 0.2345672 19.16518 286.6342 38.62736 25.35743 6.558643 6.638817 1.558061
[13,] 20.35582 202.5154 0.2341772 19.18503 286.6345 38.62820 25.34373 6.563612 6.566361 1.550178
[14,] 20.36754 202.5154 0.2341772 19.18467 286.6345 38.62820 25.34373 6.563612 6.566361 1.550178
[15,] 20.17685 198.8126 0.2304490 18.33926 286.6425 38.63812 25.90726 6.536240 7.153946 1.509438
[16,] 20.00000 198.8126 0.2305368 18.33926 286.6425 38.63969 25.90726 6.536240 7.153946 1.509438
[17,] 20.07044 199.0568 0.2308024 18.21860 286.6431 38.62669 25.94773 6.530231 7.197116 1.507167
[18,] 20.12004 199.1125 0.2307457 18.22472 286.6432 38.62615 25.95118 6.529888 7.202681 1.505884
[19,] 20.17504 199.0717 0.2307637 18.21972 286.6430 38.62451 25.96157 6.530093 7.204666 1.508453
[20,] 20.22882 199.1703 0.2307956 18.24562 286.6436 38.62032 25.96377 6.531146 7.215262 1.512995
[21,] 20.22882 199.1703 0.2307956 18.24562 286.6436 38.62032 25.96377 6.531146 7.218387 1.512995
[22,] 20.22882 199.1703 0.2307956 18.24562 286.6436 38.62032 25.96377 6.531146 7.218387 1.512995

$time
elapsed elapsed elapsed elapsed elapsed elapsed elapsed elapsed elapsed elapsed elapsed elapsed elapsed elapsed elapsed elapsed elapsed elapsed elapsed elapsed elapsed elapsed 
   2.39    7.04    9.64   30.98   37.62   45.17   48.25   55.21   62.57   69.31   84.84   88.29  102.71  122.95  243.17  245.12  263.64  269.43  272.42  275.23  276.93 1232.76 

$neval
 [1]   106   274   383  1232  1509  1785  1915  2190  2464  2746  3384  3519  4055  4799  9564  9649 10457 10726 10860 10996 11069 50046

$fbest
[1] 377.8698

$xbest
 [1]  20.2288234 199.1702834   0.2307956  18.2456220 286.6435833  38.6203209  25.9637711   6.5311455   7.2183873   1.5129952

$numeval
[1] 50046

$end_crit
[1] 1

$cpu_time
elapsed 
1232.76 

$Refset
$Refset$x
             [,1]        [,2]       [,3]        [,4]        [,5]        [,6]        [,7]        [,8]        [,9]       [,10]
 [1,]   1.0000000  20.5672900 204.512400   0.2805913  18.6502900 286.6684000  37.6984800  24.9127500   6.2275520   7.3016510
 [2,]   1.4938890   2.0000000  20.588680 204.6430000   0.2873392  18.4028300 286.6694000  37.6960000  24.9284800   6.2268480
 [3,]   7.5003560   1.4948620   3.000000  20.5097300 204.0863000   0.2855316  17.3161000 286.6659000  37.6964800  24.9042300
 [4,]   6.2275710   8.4777000   1.495263   4.0000000  20.5947400 204.8833000   0.2878225  18.4541200 286.6679000  37.6962200
 [5,]  24.9099000   6.2262620   7.448959   1.4969140   5.0000000  20.5562400 204.3530000   0.2801804  18.6338700 286.6718000
 [6,]  37.6976200  24.9605000   6.227579   7.3244230   1.4933560   6.0000000  20.5231000 204.1722000   0.2794325  18.7490600
 [7,] 286.6711000  37.6960700  24.944640   6.2275120   7.2463930   1.4937780   7.0000000  20.5543800 204.1780000   0.2799405
 [8,]  18.9430200 286.6717000  37.697340  24.9451400   6.2275860   7.0755680   1.4926200   8.0000000  20.6127700 204.1799000
 [9,]   0.2810799  19.5867000 286.672800  37.6987300  24.9586900   6.2266600   6.5190530   1.4938640   9.0000000  20.6084000
[10,] 204.3005000   0.2811215  19.553080 286.6727000  37.6976900  24.9267300   6.2263260   6.5565040   1.4928570  20.6086000
[11,] 204.2334000   0.2782243  19.530580 286.6727000  37.6974000  24.9744700   6.2279830   6.5491340   1.4920070  20.6196200
[12,] 204.8397000   0.2821116  19.200890 286.6616000  37.6968300  25.0120600   6.2289250   6.7466540   1.4930820  20.5077400

$Refset$f
 [1] 387.5278 386.3247 387.6024 387.6042 387.8073 388.3559 389.0955 392.8802 393.1059 393.1788 405.5174 448.8368

$Refset$fpen
 [1] 387.5278 386.3247 387.6024 387.6042 387.8073 388.3559 389.0955 392.8802 393.1059 393.1788 405.5174 448.8368

$Refset$const
 [1] 11.348640 28.698350 17.349710  1.513833  2.698111 10.902471 28.499640 17.597170  1.513665  2.699880  8.838397 27.522300 18.683900  1.514138  2.696554 11.005160 28.551040 17.545880  1.513888  2.697826 11.309445 28.675580 17.366130
[24]  1.513297  2.703273 11.502663 28.753610 17.250940  1.513422  2.701826 11.867456 28.924430 17.056980  1.513362  2.702015 13.067645 29.480950 16.413300  1.513190  2.703475 12.996581 29.443500 16.446920  1.513313  2.700926 12.981444
[47] 29.450870 16.469420  1.513148  2.704753 12.454233 29.253350 16.799110  1.514246  2.703468  8.838280 27.522280 18.684000  1.514905  2.684682

$Refset$penalty
 [1] 0 0 0 0 0 0 0 0 0 0 0 0


