$f
  [1] 2085.8594 1891.4913 1504.8698 1454.8576 1423.6233 1367.7344 1349.3194 1313.8559 1310.7205 1232.0313 1221.7760 1201.2708 1193.8941 1182.0451 1173.3090 1136.7708 1011.1476 1004.1302 1003.6580 1001.6441 1000.4757 1000.3472  999.4132
 [24]  998.9740  997.5660  994.3767  993.9670  993.6181  993.0556  992.1736  991.8733  991.6806  991.5590  991.3212  991.2014  990.2778  990.1788  990.0365  989.5434  989.4757  989.4340  988.8924  987.8281  987.3559  987.3125  987.0868
 [47]  986.9913  986.5365  985.5781  985.4670  985.2899  984.7587  984.4566  983.9427  982.7396  977.4965  975.5538  973.8993  972.9618  972.5972  972.3542  971.4861  968.4149  967.7726  964.9740  961.4965  960.7413  960.5156  955.3941
 [70]  955.3576  954.2552  954.2118  953.1476  952.9340  952.4826  951.1128  950.9740  949.9132  949.4097  948.6823  947.9358  947.1285  945.6024  940.3229  939.9010  939.7500  934.3976  933.7153  930.9201  930.2743  929.9931  928.6163
 [93]  928.1892  927.5920  927.3524  927.3403  926.4913  926.2674  924.4549  924.4062  924.2743  924.1649

$x
           [,1]     [,2]        [,3]       [,4]      [,5]      [,6]     [,7]      [,8]      [,9]    [,10]
  [1,] 22.85230 155.5371   0.8820253 27.1821900 286.06890  34.05788 29.16550  7.231294  3.277105 3.211802
  [2,] 20.00000 304.8619   0.1000000 17.7272600 286.55120  48.00000 24.71557  3.002391  2.098223 2.838134
  [3,] 20.00000 304.8619   0.1000000 18.4186600 286.85120  48.00000 24.72672  3.457418  3.008275 2.838134
  [4,] 21.55723 308.0629   0.3320808 17.5034600 286.62830  37.98560 29.01487  2.232573  3.897477 2.847675
  [5,] 21.62047 366.1170   0.3324905 17.5742500 286.55160  37.85637 24.00000  2.000000  3.818231 2.992013
  [6,] 21.28281 380.6499   0.3268601 16.6242300 286.56880  37.69741 24.00000  2.031893  3.898335 2.998135
  [7,] 21.52436 395.2471   0.5067123 16.2403500 286.54150  36.77476 24.00000  2.000000  4.359996 3.161786
  [8,] 20.46737 268.3100   0.8573067 21.8199100 286.59680  39.56369 25.80628  5.818555  3.565482 3.006797
  [9,] 21.26210 349.1333   0.5267522 18.1235200 286.56380  36.74610 24.42540  2.262738  4.688517 3.163367
 [10,] 20.00561 206.9542   0.4879942 18.7446300 286.47390  36.92214 28.44696  2.000000  8.931809 4.882219
 [11,] 20.00561 206.9542   0.4204942 18.7329100 286.47390  36.92214 28.12196  2.200000  8.931809 4.882219
 [12,] 20.96438 221.1081   0.1250052 18.0000400 286.63180  38.63730 28.30157  3.767218  8.096916 4.138461
 [13,] 20.96438 220.8737   0.1235990 18.0000400 286.61310  38.61230 28.13907  3.773468  8.096916 4.138461
 [14,] 21.40546 219.0794   0.1221098 17.5140600 286.63190  38.57313 28.33462  3.747913  8.089927 4.036775
 [15,] 21.40546 219.0794   0.1446098 17.5125900 286.59440  38.57313 28.33335  3.747913  8.089927 4.036775
 [16,] 20.00000 241.0269   0.7711681 19.1833200 286.62430  37.71251 25.69264  7.380517  6.656637 3.871603
 [17,] 20.00000 241.0269   1.0000000 19.1833200 286.63310  37.33731 26.30236  7.380517  7.244241 3.782491
 [18,] 20.00146 250.2903   0.5441502 19.2600200 286.67340  37.38459 25.11520  5.870827  7.181662 4.736078
 [19,] 20.00000 250.2903   0.5441502 19.2600200 286.67340  37.38459 25.11520  5.870827  7.181662 4.736078
 [20,] 20.00000 250.4742   0.5522133 19.2469000 286.67030  37.38337 25.08680  5.867900  7.206401 4.705391
 [21,] 20.01077 250.2441   0.5778056 19.2182400 286.62550  37.36734 24.95861  5.873240  7.194774 4.728724
 [22,] 20.01033 250.5184   0.5782658 19.2205700 286.62710  37.36753 24.95959  5.869142  7.195128 4.785681
 [23,] 20.01339 250.4886   0.5936484 19.2282400 286.62980  37.37871 24.97253  5.871417  7.201924 4.777312
 [24,] 20.01339 250.4886   0.5936484 19.2282400 286.62980  37.37871 24.97253  5.871417  7.205049 4.780281
 [25,] 20.00634 249.9379   0.5793814 19.2220300 286.62810  37.36991 24.96889  5.873610  7.221496 4.773000
 [26,] 20.00275 249.8611   0.5767118 19.2169900 286.61700  37.36140 24.96804  5.873800  7.240614 4.785212
 [27,] 20.01326 250.7519   0.6029594 19.2259200 286.62760  37.38572 24.88010  5.875021  7.217721 4.816864
 [28,] 20.00904 250.3111   0.6007328 19.2268600 286.63050  37.38937 24.94434  5.874357  7.231437 4.779383
 [29,] 20.00904 250.3306   0.6007328 19.2268600 286.63050  37.38937 24.94434  5.874357  7.231437 4.779383
 [30,] 20.00668 248.5911   0.5779588 19.2154500 286.61450  37.35954 24.97285  5.874433  7.276961 4.789717
 [31,] 20.00631 248.0307   0.5767953 19.1906500 286.61330  37.35819 24.98762  5.875138  7.315429 4.785534
 [32,] 20.00631 248.0307   0.5767953 19.1906500 286.61330  37.35819 24.98762  5.875138  7.312304 4.785534
 [33,] 20.00768 248.7885   0.5927472 19.2022800 286.62240  37.37000 24.98220  5.876343  7.288344 4.791792
 [34,] 20.00548 247.7096   0.5758252 19.2022000 286.61330  37.35874 24.97360  5.875465  7.313791 4.784723
 [35,] 20.00514 248.1032   0.5885955 19.2024700 286.61360  37.36078 24.97972  5.875278  7.313841 4.785216
 [36,] 20.00757 247.0179   0.5647641 19.1768500 286.61620  37.36041 24.97273  5.875750  7.346639 4.787498
 [37,] 20.00728 247.9405   0.5666497 19.1348800 286.61800  37.36132 24.98083  5.876300  7.345524 4.784243
 [38,] 20.00726 247.8319   0.5669020 19.1430300 286.61830  37.36116 24.97267  5.876045  7.346111 4.787061
 [39,] 20.00850 247.9987   0.5663206 19.1050100 286.62270  37.36334 24.97274  5.876413  7.368409 4.787823
 [40,] 20.01235 246.8022   0.5610664 19.1194700 286.61620  37.36207 24.97080  5.876151  7.390590 4.787619
 [41,] 20.00854 247.9979   0.5681621 19.1047800 286.62210  37.36392 24.97292  5.875139  7.372320 4.787746
 [42,] 20.01081 246.7405   0.5630496 19.0903300 286.62170  37.36660 24.97096  5.875790  7.419847 4.780595
 [43,] 20.01081 246.7405   0.5630496 19.0903300 286.62170  37.36660 24.97096  5.875790  7.422972 4.780595
 [44,] 20.00941 246.0244   0.5581130 19.0457900 286.62530  37.36556 24.97460  5.875603  7.476001 4.796183
 [45,] 20.00949 245.1995   0.5530566 19.0104700 286.62630  37.36573 24.97509  5.875516  7.523864 4.806212
 [46,] 20.00949 245.1604   0.5530566 19.0104700 286.62630  37.36573 24.97509  5.875516  7.526989 4.806212
 [47,] 20.00950 245.2108   0.5591298 19.0220200 286.61800  37.36344 24.97106  5.875907  7.520172 4.803285
 [48,] 20.01017 244.2598   0.5674528 19.0235000 286.62020  37.36607 24.97535  5.875824  7.557841 4.797797
 [49,] 20.00955 245.1402   0.5585349 18.9962600 286.61890  37.36598 24.97123  5.875926  7.545278 4.792142
 [50,] 20.00944 245.5879   0.5585985 18.9821700 286.61830  37.36117 24.97035  5.875883  7.538563 4.796853
 [51,] 20.04252 243.9631   0.5544695 18.9599300 286.62290  37.36448 24.95718  5.874830  7.596599 4.794936
 [52,] 20.04252 243.9631   0.5544695 18.9599300 286.62290  37.36448 24.95718  5.874830  7.599724 4.794936
 [53,] 20.03820 243.7369   0.5734051 18.7479200 286.61860  37.36182 24.97256  5.874151  7.772846 4.800591
 [54,] 20.03820 243.7369   0.5509051 18.7479200 286.61860  37.36182 24.97256  5.874151  7.772846 4.806528
 [55,] 20.03527 243.7397   0.5785875 18.5497600 286.61710  37.36259 24.97332  5.873257  7.925349 4.807299
 [56,] 20.05044 243.7237   0.5907876 18.2420100 286.61540  37.35989 24.98134  5.871232  8.190565 4.816091
 [57,] 20.08125 243.6786   0.5950051 17.9616000 286.60980  37.35887 24.99014  5.870516  8.381098 4.833472
 [58,] 20.08125 243.6786   0.6793691 17.9616000 286.60980  37.35887 24.99014  5.870516  8.431098 4.833472
 [59,] 20.01613 243.7198   0.5969647 17.9176500 286.61890  37.36294 24.98812  5.874090  8.452245 4.797561
 [60,] 20.01613 243.7198   0.5969647 17.9176500 286.61890  37.36294 24.94750  5.874090  8.452245 4.797561
 [61,] 20.00707 244.2348   0.6803879 18.0605500 286.62310  37.38166 24.95994  5.876754  8.384003 4.785813
 [62,] 20.01565 243.8707   0.6524609 17.9317200 286.62100  37.36447 24.97931  5.874380  8.460871 4.795517
 [63,] 20.00299 244.7783   0.7695484 18.0317300 286.62410  37.38278 24.94174  5.875472  8.410234 4.784188
 [64,] 20.00029 245.5988   0.8177454 17.9485600 286.62440  37.38418 24.91152  5.875228  8.463402 4.794793
 [65,] 20.01903 243.7153   0.8060474 17.6877600 286.62160  37.36263 25.00301  5.870479  8.724438 4.820704
 [66,] 20.01988 243.7032   0.8335988 17.4951600 286.62200  37.36274 25.00856  5.870062  8.895005 4.834156
 [67,] 20.00000 245.3101   0.8319843 17.6278300 286.62740  37.38805 24.94625  5.874491  8.726158 4.819951
 [68,] 20.02022 243.7053   0.8396199 17.5541500 286.62240  37.36143 25.00880  5.871568  8.844601 4.833871
 [69,] 20.00000 243.7053   0.9296199 17.5570800 286.62240  37.36143 25.00880  5.871568  8.844601 4.833871
 [70,] 20.01966 244.3081   0.8696461 17.3846600 286.62200  37.36531 24.97407  5.873204  8.940269 4.861632
 [71,] 20.02059 244.0193   0.8771720 17.1238300 286.62240  37.36551 24.95031  5.872567  9.160997 4.861890
 [72,] 20.01970 243.9446   0.8676616 17.1576900 286.62210  37.36468 24.97986  5.872762  9.116513 4.848424
 [73,] 20.02025 243.6509   0.8855427 17.1248100 286.62170  37.36453 24.98960  5.872542  9.148934 4.847674
 [74,] 20.02025 243.6509   0.8855427 17.1248100 286.62170  37.36453 24.94897  5.872542  9.148934 4.847674
 [75,] 20.01793 243.2696   0.8737214 17.3896200 286.62240  37.36263 24.99520  5.873081  8.971089 4.822578
 [76,] 20.02030 241.1735   0.8689920 17.4226500 286.62330  37.36309 24.99619  5.874371  9.007366 4.799218
 [77,] 20.01997 239.7928   0.8719224 17.4414500 286.62380  37.36308 24.99621  5.874322  9.042787 4.801180
 [78,] 20.02102 239.2226   0.8771115 17.4829300 286.62390  37.36358 24.99626  5.874156  9.060753 4.797577
 [79,] 20.01943 238.8185   0.8751151 17.4567000 286.62400  37.36460 24.99603  5.874674  9.093266 4.798325
 [80,] 20.01831 239.6579   0.8780979 17.4294300 286.62250  37.36454 24.99000  5.874073  9.086305 4.801910
 [81,] 20.01657 239.6707   0.8778905 17.4200900 286.62160  37.36454 24.98716  5.874028  9.095420 4.802849
 [82,] 20.01942 237.9113   0.8763896 17.4123000 286.62250  37.36647 24.97431  5.875252  9.148999 4.801833
 [83,] 20.02061 236.4188   0.8776935 17.4258200 286.62250  37.36720 24.96065  5.875472  9.239620 4.770809
 [84,] 20.02024 233.2830   0.8777699 17.3694600 286.62220  37.37023 24.94520  5.875586  9.379448 4.761796
 [85,] 20.02078 234.2381   0.8778133 17.3952400 286.62230  37.37037 24.95862  5.875465  9.325340 4.771707
 [86,] 20.02304 233.8547   0.8774300 17.3434300 286.62240  37.36692 24.96252  5.874044  9.376889 4.776290
 [87,] 20.02612 230.9417   0.8788974 17.2196300 286.62200  37.37072 24.94618  5.874626  9.571111 4.758494
 [88,] 20.02454 232.1540   0.8631831 17.1147300 286.62260  37.36931 24.95979  5.875026  9.595792 4.765940
 [89,] 20.02452 231.6940   0.8532268 17.0381800 286.62280  37.37068 24.95641  5.875182  9.676076 4.764695
 [90,] 20.02389 230.6595   0.8744978 17.1079100 286.62230  37.36820 24.96121  5.876404  9.638846 4.723596
 [91,] 20.02780 230.2271   0.8704458 17.0094700 286.62170  37.37153 24.94403  5.874220  9.736425 4.764105
 [92,] 20.01889 229.0524   0.8743833 16.9282200 286.62160  37.37838 24.90213  5.876698  9.837400 4.702217
 [93,] 20.03129 228.3407   0.8737569 16.9143900 286.62140  37.37735 24.88740  5.876877  9.866012 4.698126
 [94,] 20.01294 229.1046   0.8774725 16.9106500 286.62190  37.37184 24.95016  5.877376  9.855168 4.741967
 [95,] 20.01294 229.1046   0.8774725 16.9106500 286.62190  37.37184 24.95016  5.877376  9.848918 4.741967
 [96,] 20.02399 228.9324   0.8793103 16.9034000 286.62150  37.37703 24.90885  5.876636  9.863490 4.738152
 [97,] 20.01685 228.7493   0.8919618 16.7843400 286.61940  37.37669 24.94453  5.876753  9.962893 4.714276
 [98,] 20.02975 228.6210   0.9096990 16.7405100 286.62270  37.37722 24.91844  5.876723 10.000000 4.728988
 [99,] 20.02865 228.6507   0.9135805 16.7454800 286.62310  37.37696 24.92009  5.876635  9.989924 4.725877
[100,] 20.03577 228.8060   0.9331765 16.7250400 286.62330  37.38003 24.91039  5.876718 10.000000 4.727414
 [ reached getOption("max.print") -- omitted 1 row ]

$time
elapsed elapsed elapsed elapsed elapsed elapsed elapsed elapsed elapsed elapsed elapsed elapsed elapsed elapsed elapsed elapsed elapsed elapsed elapsed elapsed elapsed elapsed elapsed elapsed elapsed elapsed elapsed elapsed elapsed elapsed 
   2.23    6.14    8.57   11.90   15.14   18.32   22.18   25.29   34.61   38.32   43.42   74.20   76.61   83.43  111.06  149.29  152.64  205.67  207.34  216.84  223.76  236.48  239.59  241.31  247.57  250.75  256.73  266.68  274.23  346.29 
elapsed elapsed elapsed elapsed elapsed elapsed elapsed elapsed elapsed elapsed elapsed elapsed elapsed elapsed elapsed elapsed elapsed elapsed elapsed elapsed elapsed elapsed elapsed elapsed elapsed elapsed elapsed elapsed elapsed elapsed 
 378.61  380.20  404.90  407.84  418.04  423.98  462.06  467.89  473.75  499.75  502.76  505.75  507.37  520.03  533.06  541.72  544.98  551.28  554.57  614.39  704.15  705.76  737.20  738.95  741.92  747.92  754.75  772.50  863.75  865.37 
elapsed elapsed elapsed elapsed elapsed elapsed elapsed elapsed elapsed elapsed elapsed elapsed elapsed elapsed elapsed elapsed elapsed elapsed elapsed elapsed elapsed elapsed elapsed elapsed elapsed elapsed elapsed elapsed elapsed elapsed 
 872.18  875.25  878.39  882.18  888.39  891.64  894.50  897.48  899.32  909.17  912.20  918.78  924.68  932.25  957.54  971.97  981.04  984.04  990.75  993.67  996.73 1001.43 1005.18 1008.34 1011.31 1023.54 1026.61 1034.79 1037.86 1044.81 
elapsed elapsed elapsed elapsed elapsed elapsed elapsed elapsed elapsed elapsed elapsed elapsed 
1047.70 1054.28 1057.25 1060.23 1064.70 1074.48 1080.90 1090.00 1093.03 1119.40 1145.28 1150.68 

$neval
  [1]   106   268   378   522   667   811   951  1090  1508  1645  1878  3219  3328  3594  4752  6364  6491  8829  8903  9321  9593 10139 10275 10354 10627 10764 11035 11442 11782 14944 16360 16434 17513 17646 18116 18385 20087 20357 20626
 [40] 21780 21917 22054 22127 22677 23225 23578 23715 23987 24124 26760 30699 30772 32126 32209 32345 32622 32899 33679 37622 37696 37967 38103 38241 38379 38659 38802 38940 39079 39164 39580 39717 39985 40258 40603 41697 42314 42729 42865
 [79] 43137 43273 43414 43628 43768 43914 44053 44623 44766 45114 45257 45546 45686 45967 46107 46244 46455 46860 47131 47542 47679 48836 49999 50136

$fbest
[1] 924.1649

$xbest
 [1]  20.0406431 229.0250884   0.9445221  16.7148088 286.6233780  37.3811992  24.9498171   5.8767177   9.9999668   4.7279332

$numeval
[1] 50136

$end_crit
[1] 1

$cpu_time
elapsed 
1150.68 

$Refset
$Refset$x
             [,1]        [,2]       [,3]        [,4]        [,5]        [,6]        [,7]        [,8]        [,9]       [,10]
 [1,]   1.0000000  20.0406400 229.025100   0.9445221  16.7148100 286.6234000  37.3812000  24.9091900   5.8767180   9.9999670
 [2,]   4.7279330   2.0000000  20.028650 228.6507000   0.9135805  16.7454800 286.6231000  37.3769600  24.9200900   5.8766350
 [3,]   9.9899240   4.7258770   3.000000  20.0350400 228.4219000   0.9047183  16.7417700 286.6232000  37.3787500  24.9071600
 [4,]   5.8767430   9.9981660   4.729391   4.0000000  20.0295400 228.6773000   0.9100262  16.7385000 286.6229000  37.3785700
 [5,]  24.9175400   5.8767160   9.992957   4.7277750   5.0000000  20.0225000 228.6263000   0.9168644  16.7520400 286.6232000
 [6,]  37.3792600  24.9102900   5.876725   9.9911690   4.7266480   6.0000000  20.0252700 228.6845000   0.9227414  16.7412300
 [7,] 286.6229000  37.3767300  24.922830   5.8767200   9.9964100   4.7260390   7.0000000  20.0297000 228.5235000   0.9084996
 [8,]  16.7420800 286.6224000  37.377890  24.9133300   5.8767110   9.9967310   4.7254160   8.0000000  20.0306300 228.6827000
 [9,]   0.9062147  16.7443700 286.622900  37.3779700  24.9205600   5.8767220   9.9875230   4.7229820   9.0000000  20.0141000
[10,] 228.6357000   0.8948630  16.742850 286.6197000  37.3766900  24.9529900   5.8767400   9.9948610   4.7137220  20.0282200
[11,] 228.4461000   0.8904584  16.759740 286.6219000  37.3777100  24.9067300   5.8756110   9.9835330   4.7415750  20.0414300
[12,] 229.0323000   0.9264622  16.716910 286.6226000  37.3808800  24.9106600   5.8771060   9.9992320   4.7234310  20.0582500

$Refset$f
 [1] 924.2743 924.4549 924.4549 924.4549 924.4549 924.4549 924.4549 924.4549 924.7031 924.6076 926.4913 927.6823

$Refset$fpen
 [1] 924.2743 924.4549 924.4549 924.4549 924.4549 924.4549 924.4549 924.4549 924.7031 924.6076 926.4913 927.6823

$Refset$const
 [1]  6.714842 26.000030 19.285190  1.518123  2.697299  6.755553 26.010080 19.254520  1.518108  2.698294  6.743600 26.001830 19.258230  1.518148  2.697183  6.745542 26.007040 19.261500  1.518145  2.697919  6.760871 26.008830 19.247960
[24]  1.518130  2.697437  6.744817 26.003590 19.258770  1.518122  2.698447  6.745344 26.003270 19.257920  1.518208  2.697444  6.756845 26.012480 19.255630  1.518136  2.698184  6.747985 26.005140 19.257150  1.518376  2.699654  6.776204
[47] 26.016470 19.240260  1.518290  2.696713  6.717681 26.000770 19.283090  1.518207  2.697123  6.702873 26.003150 19.300270  1.518112  2.697467

$Refset$penalty
 [1] 0 0 0 0 0 0 0 0 0 0 0 0


