$f
 [1] 1464.6632  919.6927  760.2951  672.5799  638.8229  626.8264  561.7708  523.3646  523.2969  506.7604  506.1892  503.1771  499.3125  499.0469  497.8524  494.3212  493.6493  492.0590  488.9983  487.6701  484.0000  470.8941  458.0035
[24]  456.1979  445.7847  445.2778  444.5556  443.9583  443.5608  440.9063  439.3750  415.7656  398.5660  396.4618  387.5069  386.8750  386.4427  384.8872  384.7118  384.4861  384.4010  381.3420  381.3420

$x
          [,1]     [,2]      [,3]     [,4]     [,5]     [,6]     [,7]     [,8]      [,9]    [,10]
 [1,] 28.89083 242.9100 0.4143833 16.24902 286.2030 28.16192 24.61334 8.633731  6.267754 4.046132
 [2,] 20.00000 187.9285 0.3028530 15.87534 286.0585 43.84213 24.00000 7.008721  9.602659 4.962253
 [3,] 20.00000 187.6160 0.2466030 18.00000 286.6022 43.84213 24.32500 7.008721 10.000000 4.962253
 [4,] 20.57950 218.6436 0.3601814 16.62687 286.4150 40.31610 24.59933 7.351126  9.033571 4.549901
 [5,] 23.35143 250.8475 0.3906448 19.55544 286.3930 35.59976 24.51464 5.965110  6.727908 3.796101
 [6,] 23.12863 222.2214 0.2779875 18.98018 286.3466 35.70360 24.13283 6.611977  7.040207 3.748625
 [7,] 21.95272 236.0680 0.1628824 19.59064 286.2890 35.45883 24.18811 6.758511  6.871534 3.777740
 [8,] 21.76522 236.0680 0.2050699 19.21564 286.2890 35.45883 24.18811 6.783511  6.871534 3.771802
 [9,] 22.03945 230.0307 0.2756407 19.91104 286.3743 35.65373 24.18054 6.718645  6.955174 3.775158
[10,] 22.03945 230.0307 0.2756407 19.93448 286.3555 35.62873 24.18054 6.718645  6.995799 3.797423
[11,] 22.06821 232.5038 0.2994425 19.87573 286.3564 35.62909 24.18005 6.720757  6.976436 3.774194
[12,] 22.02719 232.5038 0.2990909 19.87573 286.3552 35.62909 24.18005 6.720757  6.976436 3.774194
[13,] 21.99944 231.2728 0.2734928 19.49236 286.4537 36.43979 24.20477 6.711297  7.040425 3.814210
[14,] 21.99944 231.2728 0.2735148 19.49236 286.4537 36.43979 24.20477 6.711297  7.040425 3.814210
[15,] 22.31045 231.3291 0.3028567 19.35462 286.4761 36.49025 24.21969 6.712118  7.006721 3.785314
[16,] 22.15532 230.2599 0.3043281 19.75990 286.4620 36.41553 24.19414 6.713124  6.893003 3.782895
[17,] 22.29039 231.1678 0.3053883 19.37514 286.4752 36.47828 24.21871 6.712103  7.007876 3.789448
[18,] 22.08553 230.1030 0.3059555 19.90165 286.4615 36.40527 24.19687 6.712937  6.868944 3.781524
[19,] 22.03865 230.1030 0.3059555 19.90165 286.4615 36.40527 24.19687 6.712742  6.862694 3.784493
[20,] 21.55579 228.2295 0.2921429 19.99655 286.4712 36.52662 24.18276 6.737399  7.238021 3.623358
[21,] 21.55579 228.2295 0.3146429 19.99655 286.4712 36.52662 24.18276 6.737399  7.250521 3.623358
[22,] 20.92375 235.2759 0.2413655 19.59518 286.4734 36.52032 24.20410 6.742330  7.390034 3.494512
[23,] 20.97062 235.2759 0.2856623 19.22018 286.4734 36.52032 24.20410 6.742330  7.390034 3.494512
[24,] 21.50199 230.7278 0.2537171 19.57376 286.4687 36.51718 24.20010 6.742967  7.109210 3.493746
[25,] 21.50199 230.7278 0.2551234 19.76126 286.4687 36.51718 24.20010 6.742967  7.196320 3.493746
[26,] 21.77100 230.7209 0.2492670 19.57900 286.4685 36.51515 24.19964 6.742305  7.046472 3.495704
[27,] 21.63561 224.6835 0.2382963 19.56377 286.4691 36.51184 24.20377 6.742286  7.457001 3.495659
[28,] 21.63561 224.7225 0.2382963 19.56377 286.4691 36.51184 24.20377 6.742286  7.457001 3.495659
[29,] 21.72823 229.6020 0.2662702 19.66297 286.4690 36.50540 24.18795 6.742946  7.110061 3.492499
[30,] 21.72823 229.6020 0.2887702 19.66443 286.4690 36.50540 24.18795 6.742946  7.103811 3.492499
[31,] 21.91816 229.5763 0.2656942 19.59201 286.4693 36.51365 24.20178 6.742952  6.946547 3.492209
[32,] 21.52568 228.3577 0.2340939 19.28187 286.5128 36.84153 24.34666 6.831325  7.066070 3.041340
[33,] 21.47758 228.3719 0.2351266 19.28176 286.5092 36.83937 24.35713 6.822121  7.072645 3.046979
[34,] 21.47758 228.3719 0.2353024 19.28176 286.5092 36.83937 24.35713 6.822121  7.066395 3.045494
[35,] 21.57558 228.7861 0.2398456 19.41797 286.4926 36.76202 24.30092 6.821204  6.786760 2.989162
[36,] 21.57517 228.8549 0.2396468 19.41797 286.4966 36.76182 24.30282 6.823307  6.781206 2.970931
[37,] 21.57529 228.8512 0.2405957 19.41789 286.4984 36.76169 24.30287 6.822690  6.782636 2.981307
[38,] 21.57476 229.0193 0.2385903 19.41084 286.4967 36.76192 24.30335 6.821848  6.828912 2.974071
[39,] 21.57460 229.0668 0.2382105 19.41042 286.4966 36.76191 24.30333 6.821745  6.828091 2.975229
[40,] 21.58854 229.0982 0.2393336 19.38294 286.4969 36.76788 24.30045 6.822041  6.840167 2.979467
[41,] 21.58277 229.2889 0.2395898 19.41473 286.4974 36.81628 24.30243 6.822889  6.806017 2.978906
[42,] 21.58277 229.2889 0.2620898 19.41326 286.4980 36.81628 24.30243 6.822889  6.818517 2.978906
[43,] 21.58277 229.2889 0.2620898 19.41326 286.4980 36.81628 24.30243 6.822889  6.818517 2.978906

$time
elapsed elapsed elapsed elapsed elapsed elapsed elapsed elapsed elapsed elapsed elapsed elapsed elapsed elapsed elapsed elapsed elapsed elapsed elapsed elapsed elapsed elapsed elapsed elapsed elapsed elapsed elapsed elapsed elapsed elapsed 
   2.59    7.42   11.17   22.70   27.02   40.95   44.36   50.55  105.23  108.09  190.61  193.06  229.36  231.19  246.06  249.61  264.66  299.80  309.62  461.73  463.70  511.58  514.14  566.80  569.27  628.30  666.92  668.77  709.05  711.83 
elapsed elapsed elapsed elapsed elapsed elapsed elapsed elapsed elapsed elapsed elapsed elapsed elapsed 
 902.00  923.08  934.08  943.56  947.47  959.56  963.58  967.34  978.30  982.08 1033.67 1035.91 1356.69 

$neval
 [1]   106   263   381   815   955  1496  1631  1872  4024  4133  7119  7211  8559  8632  9171  9306  9851 11134 11498 17104 17183 18939 19040 21065 21161 23353 24757 24830 26306 26389 33493 34255 34674 35033 35167 35571 35708 35844 36252
[40] 36389 38224 38313 50086

$fbest
[1] 381.342

$xbest
 [1]  21.5827652 229.2888933   0.2620898  19.4132622 286.4979592  36.8162822  24.3024339   6.8228885   6.8185171   2.9789061

$numeval
[1] 50086

$end_crit
[1] 1

$cpu_time
elapsed 
1356.69 

$Refset
$Refset$x
             [,1]        [,2]       [,3]        [,4]        [,5]        [,6]        [,7]        [,8]       [,9]       [,10]
 [1,]   1.0000000  21.5815800 226.848200   0.2425957  19.4134900 286.4989000  36.8238700  24.2989800   6.823300   6.8633450
 [2,]   2.9722990   2.0000000  21.583650 226.7083000   0.2428214  19.4189500 286.5006000  36.8268000  24.293650   6.8231580
 [3,]   6.8648250   2.9711300   3.000000  21.5811700 226.7624000   0.2432154  19.4214500 286.4994000  36.824180  24.2966600
 [4,]   6.8231880   6.8636210   2.972367   4.0000000  21.5812700 226.7242000   0.2430413  19.4208200 286.499700  36.8241000
 [5,]  24.2980400   6.8232350   6.864491   2.9715000   5.0000000  21.5824600 226.7401000   0.2430014  19.418620 286.5004000
 [6,]  36.8255800  24.2974100   6.823236   6.8650230   2.9721750   6.0000000  21.5899700 226.6032000   0.243489  19.4225800
 [7,] 286.5011000  36.8298800  24.293730   6.8229980   6.8636790   2.9715750   7.0000000  21.5897700 226.531200   0.2431825
 [8,]  19.4201500 286.5001000  36.826600  24.2970200   6.8231780   6.8649960   2.9719860   8.0000000  53.431380 190.3189000
 [9,]   0.4172754  15.6417700 284.310600  23.2237100  24.7909800   4.2638910   5.2323990   3.3864280   9.000000  21.5838000
[10,] 226.8497000   0.2424675  19.416560 286.4992000  36.8253000  24.2977500   6.8231430   6.8618810   2.972298  21.3702000
[11,] 235.5690000   0.2334939  19.388900 286.4948000  36.8636500  24.2585900   6.8215600   6.7867690   3.005662  21.5923600
[12,] 226.2242000   0.2951597  19.532220 286.4887000  35.9323900  25.3632600   6.8230450   7.0959610   2.969074  21.5113300

$Refset$f
 [1]    382.6024    382.6024    382.6024    382.6024    382.6024    382.8872    382.8455 616599.1042    383.6215    425.9184    664.1076    726.7604

$Refset$fpen
 [1]    382.6024    382.6024    382.6024    382.6024    382.6024    382.8872    382.8455 931100.8703    383.6215    425.9184    664.1076    726.7604

$Refset$const
 [1] 12.550150 29.136660 16.586510  1.532524  2.632296 12.554130 29.135180 16.581050  1.532363  2.632316 12.557830 29.136380 16.578550  1.532477  2.632276 12.556320 29.135510 16.579180  1.532438  2.632502 12.553600 29.134980 16.581380
[24]  1.532362  2.632637 12.558900 29.136320 16.577420  1.532307  2.632360 12.555150 29.135000 16.579850  1.532401  2.632435 10.409370 30.767600 20.358230  1.820703  3.814502 12.554680 29.138120 16.583440  1.532491  2.632253 12.602130
[47] 29.213230 16.611100  1.533148  2.625611 12.436260 28.904040 16.467780  1.528296  2.767694 12.121510 29.135270 17.013770  1.520423  2.950636

$Refset$penalty
 [1] 0.0000000 0.0000000 0.0000000 0.0000000 0.0000000 0.0000000 0.0000000 0.3145018 0.0000000 0.0000000 0.0000000 0.0000000


