$f
 [1] 1624.8316 1079.6181  962.5017  542.1927  507.0677  485.9896  458.1007  431.7778  372.5278  352.3628  349.9635  345.8924  337.2066  335.3351  331.1997  330.9149  330.8594  330.8594

$x
          [,1]     [,2]      [,3]     [,4]     [,5]     [,6]     [,7]     [,8]     [,9]    [,10]
 [1,] 22.31780 194.6491 0.6564748 17.87805 286.4442 46.33096 32.24669 4.411437 8.459003 4.109744
 [2,] 20.00000 125.7542 0.5702341 30.00000 286.3008 42.61665 34.59228 6.553773 6.730702 5.000000
 [3,] 20.00000 125.7542 0.9128012 29.97800 286.2962 42.71354 34.90716 6.553773 6.524478 4.907957
 [4,] 21.14303 375.1721 0.9708540 25.11540 286.6152 36.88666 26.20558 4.582886 2.201824 2.378216
 [5,] 21.11037 367.9143 0.9694221 25.24531 286.6448 36.81875 26.18966 4.600319 2.206916 1.750517
 [6,] 21.06753 379.1003 1.0000000 24.13186 286.6670 37.17835 26.31342 4.401875 2.228701 1.427341
 [7,] 20.00000 324.5326 0.8561505 23.15241 286.5298 35.02011 26.11677 6.195595 5.441783 4.642991
 [8,] 20.53901 379.6325 1.0000000 22.58751 286.6186 37.20822 25.05593 6.238773 2.948975 1.247194
 [9,] 20.00000 379.6325 0.7975000 22.59923 286.6233 37.26412 25.05593 6.138773 3.163494 1.437194
[10,] 20.00000 323.6034 0.9511870 23.91104 286.5623 37.21213 24.23021 6.161149 3.866826 1.200000
[11,] 20.00000 323.5936 0.9961870 23.91104 286.5623 37.21213 24.24038 6.161149 3.891826 1.200000
[12,] 20.02699 450.6890 0.9967824 19.43430 286.6461 37.07398 24.15766 6.353815 4.365587 2.284812
[13,] 20.02699 450.3765 0.9967824 19.45774 286.6508 37.07398 24.15766 6.353815 4.377077 2.301140
[14,] 20.02331 421.8983 0.9804908 18.75995 286.6431 37.07552 24.09971 6.292392 5.737941 2.437728
[15,] 20.02331 422.0548 0.9971820 18.75995 286.6431 37.07552 24.09971 6.289261 5.756679 2.437728
[16,] 20.03389 412.5803 0.9834028 18.89130 286.6432 37.05454 24.10544 6.288224 5.905090 2.441401
[17,] 20.00134 421.8567 0.9931913 19.00935 286.6448 37.09128 24.11557 6.288024 5.581404 2.446998
[18,] 20.00134 421.8567 0.9931913 19.00935 286.6448 37.09128 24.11557 6.288024 5.581404 2.446998

$time
elapsed elapsed elapsed elapsed elapsed elapsed elapsed elapsed elapsed elapsed elapsed elapsed elapsed elapsed elapsed elapsed elapsed elapsed 
   2.89    6.42   10.00   13.73   23.53   26.14   31.45   34.56   41.72   60.50   66.67  513.76  517.03  664.25  666.42  790.36 1120.54 1207.97 

$neval
 [1]   106   274   440   586  1016  1157  1438  1576  1988  3083  3452 21048 21173 27294 27403 32572 46363 50008

$fbest
[1] 330.8594

$xbest
 [1]  20.0013423 421.8566947   0.9931913  19.0093497 286.6447737  37.0912812  24.1155685   6.2880241   5.5814044   2.4469980

$numeval
[1] 50008

$end_crit
[1] 1

$cpu_time
elapsed 
1207.97 

$Refset
$Refset$x
             [,1]        [,2]       [,3]       [,4]        [,5]        [,6]        [,7]        [,8]        [,9]       [,10]
 [1,]   1.0000000  20.0352500 421.336500   0.997751  19.0060300 286.6424000  37.0706500  24.1141600   6.2878290   5.5827150
 [2,]   2.4463470   2.0000000  20.034680 421.216700   0.9946397  19.0032000 286.6420000  37.0769200  24.1151100   6.2882890
 [3,]   5.5857540   2.4444410   3.000000  20.034960 421.2491000   0.9959654  19.0073600 286.6418000  37.0723300  24.1147600
 [4,]   6.2881130   5.5836170   2.444662   4.000000  20.0343800 421.2353000   0.9989721  19.0094300 286.6425000  37.0705900
 [5,]  24.1154000   6.2882640   5.582819   2.442881   5.0000000  20.0348400 421.2397000   0.9963303  19.0078500 286.6416000
 [6,]  37.0714600  24.1154000   6.288305   5.582790   2.4453310   6.0000000  20.0361100 421.3383000   0.9974515  19.0066500
 [7,] 286.6423000  37.0717100  24.115200   6.287936   5.5827640   2.4470360   7.0000000  20.0299100 421.2681000   0.9970382
 [8,]  19.0061600 286.6420000  37.074460  24.113730   6.2879420   5.5836450   2.4453130   8.0000000  20.1328000 424.9519000
 [9,]   0.9859034  18.9786700 286.643000  37.275650  24.1125000   6.1369270   5.5626820   2.5009040   9.0000000  20.0625700
[10,] 423.3298000   0.9880908  18.995600 286.641900  37.1250400  24.1132300   6.1299040   5.4294280   2.4922620  20.0352100
[11,] 423.0921000   0.9975605  19.001110 286.644300  37.0772400  24.1339900   6.2937080   5.5868860   2.4433310  20.0419700
[12,] 421.7523000   0.9938000  18.938230 286.643300  37.0961800  24.0842000   6.2929530   5.5828370   2.3938290  20.0782200

$Refset$f
 [1] 330.9201 330.9201 330.9201 330.9201 330.9201 330.9201 331.7153 341.4080 341.8958 347.0538 338.5451 351.8160

$Refset$fpen
 [1] 330.9201 330.9201 330.9201 330.9201 330.9201 330.9201 331.7153 341.4080 341.8958 347.0538 338.5451 351.8160

$Refset$const
 [1] 13.423310 30.417280 16.993970  1.517940  2.657468 13.417450 30.414250 16.996800  1.517994  2.657066 13.423740 30.416380 16.992640  1.518004  2.657211 13.426610 30.417180 16.990570  1.517922  2.657619 13.425060 30.417210 16.992150
[24]  1.518025  2.657221 13.423890 30.417240 16.993350  1.517950  2.657459 13.422520 30.416350 16.993840  1.517991  2.657093 13.415980 30.437320 17.021330  1.518283  2.647140 13.566180 30.570570 17.004400  1.518101  2.654439 13.414230
[47] 30.413110 16.998890  1.517685  2.659416 13.355390 30.417160 17.061770  1.517988  2.654132 13.034830 30.027340 16.992510  1.517954  2.658218

$Refset$penalty
 [1] 0 0 0 0 0 0 0 0 0 0 0 0


