$f
 [1] 1388.4549  248.7135  245.4219  204.6389  201.1962  187.1823  185.8785  182.4861  174.5243  165.8316  165.0677  157.5469  153.4618  148.7500  147.1354  146.6858  145.7517  144.4583  141.3507
[20]  137.6927  133.6181  132.3472  129.3368  129.1927  127.3854  126.7135  124.8524  124.0122  122.4514  119.3906  119.3750  119.0833  117.2483  113.8229  109.9583  109.8247  109.6962  108.3924
[39]  106.8958  106.5590  106.3837  106.2986  105.9410  105.8872  105.5937  105.3941  104.6823  104.6823

$x
          [,1]     [,2]      [,3]     [,4]     [,5]     [,6]     [,7]     [,8]     [,9]    [,10]
xbest 40.91062 243.3770 0.7337074 21.41191 286.8482 44.15477 26.25182 7.154082 3.067678 4.583424
xbest 39.95569 273.4734 0.8543261 21.11908 286.4371 45.13211 27.64679 6.361154 3.450135 4.028246
xbest 39.95569 273.4734 0.8993261 21.11908 286.4371 45.13211 27.48429 6.561154 3.450135 4.028246
xbest 45.90393 182.5260 0.2759724 30.00000 285.9765 43.92399 34.50657 4.903789 2.000000 2.846463
xbest 48.51375 191.1299 0.2706473 28.98600 285.7461 40.56045 34.65315 5.624849 2.000000 1.200000
xbest 46.76635 182.2847 0.2983813 30.00000 286.2705 43.92054 34.93948 4.920134 2.000000 2.846769
xbest 43.42463 188.7192 0.2300697 29.28829 286.0080 42.96459 30.91407 4.276683 2.244025 2.557368
xbest 46.48318 183.2136 0.3018651 29.97942 286.3623 43.86109 36.07324 4.865949 2.000000 2.843484
xbest 45.73318 183.2136 0.2793651 29.97942 286.3623 43.86109 36.05293 4.865949 2.000000 2.800437
xbest 42.44781 315.4824 0.3279421 22.42526 286.3551 44.27544 34.64706 5.103060 2.117650 2.609037
xbest 42.40100 317.1953 0.3520834 22.34044 286.2913 44.21958 35.20335 5.375130 2.116609 2.725387
xbest 42.40308 316.9534 0.3737402 22.36266 286.2720 44.20440 34.97115 5.276884 2.116621 2.745476
xbest 42.42937 316.2564 0.3315415 22.43674 286.2927 44.24737 34.93913 5.134746 2.117542 2.699737
xbest 42.56999 316.2564 0.3329477 22.43674 286.2927 44.44737 34.93913 5.134746 2.117542 2.699737
xbest 42.34597 316.4172 0.3321357 22.19261 286.2955 44.40989 35.03906 5.280357 2.172005 2.745809
xbest 42.34597 316.4172 0.3321357 22.19261 286.2955 44.40989 35.07969 5.280357 2.172005 2.745809
xbest 46.42457 240.0466 0.2219714 25.81333 286.1614 43.74262 33.78531 3.820916 2.009656 2.416970
xbest 46.43559 339.2291 0.2223314 21.29871 286.1182 43.76538 34.05400 3.868623 2.016520 2.478059
xbest 45.84797 377.6689 0.2074514 19.80621 286.2627 43.89958 34.97263 4.209170 2.027815 2.531988
xbest 45.84797 377.6689 0.2067483 19.80621 286.2621 43.99958 34.73395 4.209170 2.027815 2.531988
xbest 47.97927 350.1663 0.1297694 20.00675 286.2334 43.81930 34.88400 3.358060 2.035331 2.541490
xbest 47.96755 350.1663 0.1297694 20.00675 286.2334 43.81930 34.88400 3.358060 2.038456 2.541490
xbest 48.80399 350.1462 0.1723771 20.10153 286.2339 43.99820 34.85040 3.393155 2.134253 2.542306
xbest 48.80399 350.1462 0.1723771 20.10153 286.2339 43.99820 34.85040 3.393155 2.134253 2.541564
xbest 46.14122 331.4674 0.1900187 21.23634 286.2422 43.91588 34.41145 3.882429 2.047851 2.534303
xbest 45.73160 311.1704 0.1819940 22.14159 286.2439 43.93858 34.52714 3.905767 2.011254 2.554610
xbest 49.09931 336.8196 0.1362444 20.50436 286.2453 44.03970 35.05842 3.202776 2.031869 2.382266
xbest 48.64266 350.4673 0.1490906 20.23122 286.2481 43.81835 35.05362 3.211196 2.038658 2.701582
xbest 48.70876 350.4863 0.1581335 20.22415 286.2477 43.69589 35.01890 3.214092 2.046167 2.750549
xbest 48.70876 351.7363 0.1579577 20.22415 286.3040 43.69589 34.85640 3.215655 2.044604 2.760940
xbest 47.70028 352.7776 0.1575607 20.32337 286.2463 44.23944 34.70053 3.254575 2.016489 1.806502
xbest 47.70028 352.7776 0.1575607 20.32337 286.2463 44.23944 34.74115 3.254575 2.016489 1.806502
xbest 47.13523 323.5914 0.1509671 21.33121 286.2445 44.15592 34.44462 3.285339 2.022368 2.044468
xbest 47.13523 323.5914 0.1509671 21.33121 286.2632 44.15670 34.36337 3.285339 2.022368 2.044468
xbest 47.99895 336.2575 0.1579690 20.75976 286.3329 44.93228 34.88243 3.179241 2.027299 2.078807
xbest 47.99309 336.2575 0.1579690 20.75976 286.3329 44.93228 34.88243 3.179241 2.027299 2.078807
xbest 48.12622 336.7140 0.1651715 20.81974 286.3101 44.88871 34.89150 3.209748 2.028712 2.150995
xbest 48.12622 336.7140 0.1651715 20.81974 286.3101 44.88871 34.93213 3.209748 2.028712 2.150995
xbest 48.08016 333.2657 0.1555179 20.86864 286.3354 44.89789 34.97020 3.206131 2.027259 2.153251
xbest 48.08016 333.2657 0.1555179 20.86864 286.3354 44.89789 34.97020 3.206131 2.036634 2.153251
xbest 48.09213 333.3655 0.1557612 20.86853 286.3201 44.89424 34.97106 3.207306 2.029517 2.153718
xbest 48.08131 328.8030 0.1555739 21.02483 286.3186 44.90638 34.96946 3.207222 2.028491 2.155128
xbest 48.10475 328.8030 0.1553982 21.02483 286.3186 44.90638 34.96946 3.207222 2.031616 2.155152
xbest 48.74935 332.3737 0.1619236 20.92549 286.3209 44.86232 34.95890 3.198277 2.000000 2.168999
xbest 48.74935 332.3737 0.1619236 20.92549 286.3209 44.86232 34.95890 3.198277 2.003125 2.168999
xbest 48.13562 328.0303 0.1558693 21.03722 286.3193 44.90994 34.96937 3.207741 2.026554 2.153548
xbest 48.14452 328.5698 0.1560341 21.03149 286.3208 44.90338 34.96804 3.207282 2.026531 2.153824
xbest 48.14452 328.5698 0.1560341 21.03149 286.3208 44.90338 34.96804 3.207282 2.026531 2.153824

$time
elapsed elapsed elapsed elapsed elapsed elapsed elapsed elapsed elapsed elapsed elapsed elapsed elapsed elapsed elapsed elapsed elapsed elapsed elapsed elapsed elapsed elapsed elapsed elapsed 
   2.59    7.54   10.18   23.78   40.32   49.11   53.81   58.03   63.68   77.65   81.17   95.23   98.92  101.79  139.03  148.56  152.45  156.32  189.73  192.95  242.61  244.86  267.50  295.51 
elapsed elapsed elapsed elapsed elapsed elapsed elapsed elapsed elapsed elapsed elapsed elapsed elapsed elapsed elapsed elapsed elapsed elapsed elapsed elapsed elapsed elapsed elapsed elapsed 
 304.40  308.04  320.50  327.56  334.81  342.40  498.47  500.87  517.70  551.73  696.51  698.90  771.57  774.12  792.17  827.48  832.22  877.29  880.50  924.03  935.18  962.84  985.47 1045.64 

$neval
 [1]   106   261   350   640  1203  1487  1628  1765  1873  2421  2558  3107  3245  3335  4540  4748  4885  5022  6091  6190  7668  7746  8426  9183  9454  9593  9993 10261 10395 10645 15123 15196
[33] 15729 16621 20719 20793 22828 22901 23309 24340 24475 25673 25762 26846 27192 27871 28553 30111

$fbest
[1] 104.6823

$xbest
 [1]  48.1445223 328.5697655   0.1560341  21.0314900 286.3207854  44.9033821  34.9680352   3.2072823   2.0265309   2.1538238

$numeval
[1] 30111

$end_crit
[1] 1

$cpu_time
elapsed 
1045.64 

$Refset
$Refset$x
           [,1]        [,2]        [,3]      [,4]       [,5]      [,6]       [,7]       [,8]      [,9]    [,10]
 [1,]  48.14452   0.1560341 286.3207854 34.968035   2.026531  48.14452  0.1560341 286.320785 34.968035 2.026531
 [2,] 328.56977  21.0314900  44.9033821  3.207282   2.153824 328.56977 21.0314900  44.903382  3.207282 2.153824
 [3,]  48.14452 328.5697655   0.1560341 21.031490 286.320785  44.90338 34.9680352   3.207282  2.026531 2.153824
 [4,]  47.64567 331.6407583   0.1561954 20.904820 286.323840  44.99091 34.9209183   3.323417  2.024531 2.136960
 [5,]  48.49660 333.1837063   0.1607302 20.885600 286.318311  44.86092 34.9452611   3.218667  2.018626 2.164699
 [6,]  48.09031 332.2390764   0.1624527 20.942271 286.322019  44.93731 34.9359133   3.291397  2.019601 1.663813
 [7,]  48.36552 332.2871426   0.1602768 20.914622 286.315864  44.85165 34.9421533   3.219722  2.026495 2.168760
 [8,]  48.12933 328.6816950   0.1567912 21.022118 286.320450  44.88712 34.9644021   3.205051  2.026177 2.150813
 [9,]  47.47119 339.6855610   0.1907697 20.908151 285.433488  42.37973 35.9382242   2.657393  2.077506 2.254981
[10,]  39.24422 254.4249865   0.4548146 22.076797 285.759081  38.35775 28.6782941   7.937229  4.484187 2.208629
[11,]  59.39460 340.4110929   0.5024073 16.713673 286.279908  44.91606 36.9573224   5.075476  2.718122 3.481488
[12,]  41.17264 282.7402694   0.4456008 28.493264 286.073500  38.25293 34.7189332   9.094658  4.456677 1.200000

$Refset$f
 [1]   104.6823   104.6823   104.6823   106.2639   107.1736   107.8628   107.9236   107.2604   135.2014  2897.7778   434.8750 14274.8247

$Refset$fpen
 [1]   104.6823   104.6823   104.6823   106.2639   107.1736   107.8628   107.9236   107.2604   135.2014  2897.7778   434.8750 14274.8247

$Refset$const
          [,1]     [,2]      [,3]      [,4]     [,5]
 [1,] 19.00496 14.96851  2.947412 33.973469 1.537790
 [2,] 33.97347  1.53779 19.004959 14.968510 2.947412
 [3,] 19.00496 33.97347 14.968510  1.537790 2.947412
 [4,] 18.88029 33.97547 15.095180  1.537821 2.939512
 [5,] 18.86697 33.98137 15.114400  1.538062 2.947282
 [6,] 18.92267 33.98040 15.057729  1.537846 2.943269
 [7,] 18.88813 33.97350 15.085378  1.538353 2.946676
 [8,] 18.99594 33.97382 14.977882  1.537800 2.947997
 [9,] 18.83064 33.92249 15.091849  1.646190 2.918255
[10,] 17.59261 31.51581 13.923203  1.610210 2.664552
[11,] 13.99555 33.28188 19.286327  1.535296 3.095000
[12,] 24.03659 31.54332  7.506736  1.545513 3.372742

$Refset$penalty
 [1] 0 0 0 0 0 0 0 0 0 0 0 0


