$f
 [1] 611.4896 345.2552 326.1927 317.4861 302.0347 270.5069 247.4271 235.0868 168.8385 167.7899 146.8837 146.0365 145.8698 145.0556 144.4462 144.2118 144.1684 143.7361 143.6667 143.6215 143.5017
[22] 143.5017

$x
          [,1]     [,2]      [,3]     [,4]     [,5]     [,6]     [,7]     [,8]     [,9]    [,10]
xbest 40.42792 446.8015 0.3483545 15.62342 284.9447 36.91356 30.36937 3.181901 6.743913 4.563637
xbest 30.59618 442.5211 0.3431459 21.54769 285.5638 46.79834 38.25826 3.137297 4.041257 3.765882
xbest 30.86134 442.5211 0.3508332 21.54769 285.5075 46.79834 37.71154 3.137297 4.041257 3.774538
xbest 34.01187 444.3129 0.3495592 20.64135 285.5125 47.16082 36.69733 3.155240 4.047842 3.809402
xbest 34.38847 421.6429 0.2681422 21.36447 285.5112 47.68860 36.75017 2.000000 3.716769 5.000000
xbest 35.59426 422.4584 0.4191349 21.58946 285.5005 46.44526 36.01989 3.541349 3.872814 4.972965
xbest 35.19458 428.0119 0.5229225 21.40503 285.4915 47.62909 36.90528 2.509915 3.745170 4.988109
xbest 35.28295 428.1953 0.4649297 21.43888 285.4981 47.61822 36.65120 2.511598 3.803852 4.977935
xbest 38.74487 412.3839 1.0000000 21.47856 285.4981 47.61822 36.77308 2.511598 3.613595 4.902247
xbest 40.01085 398.2918 0.6020985 21.64359 285.6078 46.41334 39.17729 2.908401 3.575756 4.579385
xbest 40.37794 398.2918 0.9561175 21.64502 285.6078 46.23823 38.89273 2.908401 3.681874 4.591009
xbest 40.29896 397.2190 0.9826623 21.63478 285.6076 46.37690 39.05779 2.914185 3.700034 4.485649
xbest 40.29896 397.2190 1.0000000 21.63478 285.6076 46.37690 39.05779 2.914185 3.700034 4.485649
xbest 40.05765 397.2209 1.0000000 21.67669 285.6105 46.37724 39.07855 2.914783 3.691880 4.492043
xbest 40.08647 397.2224 0.9955089 21.67579 285.6099 46.37752 39.06933 2.914289 3.691667 4.488534
xbest 40.08927 397.2602 0.9952448 21.66612 285.6093 46.37742 39.06648 2.914182 3.695348 4.481316
xbest 40.17771 397.2045 0.9977818 21.63865 285.6080 46.37819 39.06953 2.914849 3.693213 4.484026
xbest 40.17771 397.2045 0.9977818 21.63865 285.6080 46.37819 39.11016 2.914849 3.693213 4.484026
xbest 40.15687 397.2315 0.9956272 21.65857 285.6085 46.38977 39.04509 2.915536 3.680299 4.504755
xbest 40.18080 397.0326 0.9957501 21.65769 285.6080 46.39090 39.03443 2.915735 3.680443 4.497204
xbest 40.18080 397.0326 1.0000000 21.65769 285.6080 46.39090 39.03443 2.915735 3.680443 4.497204
xbest 40.18080 397.0326 1.0000000 21.65769 285.6080 46.39090 39.03443 2.915735 3.680443 4.497204

$time
elapsed elapsed elapsed elapsed elapsed elapsed elapsed elapsed elapsed elapsed elapsed elapsed elapsed elapsed elapsed elapsed elapsed elapsed elapsed elapsed elapsed elapsed 
   1.34    3.70    5.67   10.40   12.78   19.72   22.11   29.64   32.51   82.11   84.37  189.20  190.36  193.01  197.81  202.56  224.42  239.22  400.29  424.34  425.59  507.48 

$neval
 [1]   106   257   374   662   804  1225  1371  1802  1978  4861  5000 11358 11431 11587 11871 12154 13441 14322 23845 25281 25354 30019

$fbest
[1] 143.5017

$xbest
 [1]  40.180803 397.032600   1.000000  21.657695 285.607962  46.390898  39.034428   2.915735   3.680443   4.497204

$numeval
[1] 30019

$end_crit
[1] 1

$cpu_time
elapsed 
 507.48 

$Refset
$Refset$x
          [,1]     [,2]      [,3]     [,4]     [,5]     [,6]     [,7]     [,8]     [,9]    [,10]
 [1,] 40.17524 396.9778 0.9961006 21.65678 285.6085 46.38901 39.03147 2.915752 3.686175 4.496576
 [2,] 40.17028 397.1010 0.9959256 21.65823 285.6079 46.38911 39.03115 2.915734 3.681785 4.496524
 [3,] 40.17619 397.0313 0.9967153 21.65824 285.6081 46.39023 39.03194 2.915696 3.683324 4.496222
 [4,] 40.12591 396.4551 0.9959277 21.65965 285.6126 47.44550 39.03854 2.578367 3.718448 4.508586
 [5,] 40.13724 395.9907 0.9955149 21.65433 285.6164 46.47227 39.03900 2.915717 3.717256 4.500203
 [6,] 40.13949 396.8760 0.9956359 21.65828 285.6105 46.46184 39.03944 2.914765 3.697353 4.498944
 [7,] 40.17972 396.9485 0.9970906 21.65910 285.6086 46.40941 39.02951 2.915644 3.683136 4.496123
 [8,] 40.73729 395.4712 0.9962677 21.67682 285.6088 46.39130 38.99087 2.913003 3.652866 4.496494
 [9,] 40.09649 395.7854 0.9955735 21.66855 285.6186 46.44523 39.00900 2.921026 3.707166 4.497636
[10,] 39.84373 397.2860 0.9963433 21.64908 285.6172 47.29713 39.04754 2.621097 3.767527 4.503959
[11,] 40.78379 393.2834 0.9728311 21.82981 285.6123 45.96581 39.03271 2.930224 3.691479 4.500023
[12,] 40.28443 382.7712 0.9575611 22.02916 285.6292 45.69211 37.37812 2.986745 3.623830 4.481887

$Refset$f
 [1] 143.5017 143.5017 143.6215 145.0139 145.2361 145.5885 148.6372 149.8142 151.1250 157.6476 178.1128 265.5694

$Refset$fpen
 [1] 143.5017 143.5017 143.6215 145.0139 145.2361 145.5885 148.6372 149.8142 151.1250 157.6476 178.1128 265.5694

$Refset$const
          [,1]     [,2]     [,3]     [,4]     [,5]
 [1,] 17.97061 32.31382 14.34322 1.622336 2.940005
 [2,] 17.97644 32.31821 14.34177 1.622418 2.939810
 [3,] 17.97491 32.31668 14.34176 1.622393 2.939848
 [4,] 17.94120 32.28155 14.34035 1.623678 2.873512
 [5,] 17.93708 32.28274 14.34567 1.621394 2.937206
 [6,] 17.96093 32.30265 14.34172 1.622182 2.936309
 [7,] 17.97596 32.31686 14.34090 1.622370 2.938497
 [8,] 18.02395 32.34713 14.32318 1.622400 2.936675
 [9,] 17.96138 32.29283 14.33145 1.621104 2.937246
[10,] 17.88156 32.23247 14.35092 1.622799 2.884649
[11,] 18.13834 32.30852 14.17019 1.620912 2.970253
[12,] 18.40533 32.37617 13.97084 1.621885 2.861140

$Refset$penalty
 [1] 0 0 0 0 0 0 0 0 0 0 0 0


