$f
 [1] 750.2240 451.3785 368.5243 361.1979 336.4149 325.2691 322.2240 309.0503 285.1597 283.3177 273.8906 261.5677 249.6701 242.1476 234.0972 230.4149 229.0642 229.0278 228.2309 227.8333 227.0330
[22] 226.9340 214.1476 213.9236 210.0990 195.3611 195.1806 194.3142 191.8646 191.2118 189.1580 187.9149 184.2153 183.1788 179.8351 179.6389 179.2813 178.1493 178.0608 178.0122 177.5816 177.3767
[43] 177.3420 177.2986 177.2865 176.5139 176.3490 176.2153 176.0469 175.2309 175.2309

$x
          [,1]     [,2]      [,3]     [,4]     [,5]     [,6]     [,7]     [,8]     [,9]    [,10]
xbest 61.44582 206.4318 0.7667679 20.30809 285.7158 35.75455 25.75672 3.512620 9.272429 1.511057
xbest 45.15123 417.7718 0.6431424 20.74442 284.8540 36.43520 24.98365 2.307015 5.445512 4.800828
xbest 45.15123 416.7158 0.4649176 20.55609 284.7040 36.43520 26.05485 2.000000 5.370512 4.263427
xbest 45.68647 385.3601 0.3318028 19.52342 284.4607 39.16106 26.13381 2.319137 5.792492 3.846642
xbest 42.32371 331.2991 0.4691464 20.42163 286.2127 47.34315 26.55467 2.515183 6.344274 4.109733
xbest 42.06544 334.2601 0.5246168 20.43409 286.0108 48.00000 26.50228 2.593540 6.307247 4.089297
xbest 46.67348 388.0636 0.4567847 19.56323 284.4150 39.28704 25.55237 2.254531 5.418478 3.822795
xbest 51.70091 330.3775 0.4691515 20.23708 285.8215 38.95500 27.50693 2.413402 6.410524 2.323008
xbest 53.74891 303.6973 0.5198666 20.47250 286.1569 39.03770 27.56226 2.470593 6.607217 1.378075
xbest 47.64490 300.9162 0.4117378 20.88038 285.9250 42.96660 24.74607 2.027437 6.683550 2.180819
xbest 47.64490 300.9162 0.4370503 20.88038 285.9344 42.96660 24.66482 2.027437 6.683550 2.174881
xbest 51.93248 286.6075 0.5701172 21.01641 286.3411 39.08002 27.16908 2.339678 6.888558 1.200000
xbest 49.15193 348.7254 0.4208598 19.13651 286.4524 42.97886 29.25947 2.199129 6.483286 4.065150
xbest 48.89479 350.3628 0.4310160 19.04913 286.5476 42.96752 29.46376 2.199459 6.437209 3.869639
xbest 49.24935 351.0484 0.4204582 18.97255 286.4792 42.95169 29.32603 2.205315 6.489915 4.117950
xbest 49.24935 351.0484 0.4204582 18.97255 286.4792 42.95169 29.36665 2.205315 6.502415 4.129825
xbest 48.95477 356.7714 0.4041952 18.94655 286.5345 43.37355 30.14655 2.112873 6.365996 4.680381
xbest 48.95103 356.9322 0.4036247 18.94780 286.5383 43.35090 30.13796 2.114150 6.365994 4.680604
xbest 48.95064 357.0444 0.4033581 18.94715 286.5404 43.36192 30.13186 2.113918 6.365994 4.680803
xbest 48.48687 356.8193 0.4077478 18.95672 286.5334 43.35560 30.06060 2.091345 6.361186 4.669723
xbest 48.46343 356.8193 0.4077478 18.95672 286.5147 43.35560 30.06060 2.091345 6.361186 4.669723
xbest 49.18106 355.2511 0.4175173 19.11595 286.4836 42.90778 29.83871 2.200567 6.339318 4.234365
xbest 49.16361 355.1879 0.4197793 19.11733 286.4922 43.06400 29.78633 2.204431 6.333609 3.922656
xbest 49.18705 355.1879 0.4197793 19.11733 286.4922 43.06400 29.78633 2.210681 6.333609 3.922656
xbest 48.07157 334.4640 0.4075237 22.13815 286.5103 43.01273 30.40846 2.205251 4.953771 3.894982
xbest 48.05949 334.4640 0.4539299 22.13815 286.5103 43.00023 30.32721 2.205251 4.977160 3.894982
xbest 48.45816 331.9409 0.4340855 22.04044 286.5240 43.03996 30.42277 2.203365 5.019785 3.898421
xbest 48.45816 331.9409 0.4340855 22.04044 286.5240 43.03996 30.34152 2.203365 5.019785 3.898421
xbest 48.43397 337.7898 0.4715041 21.86879 286.5271 43.02664 30.41428 2.203088 5.017097 3.898781
xbest 48.45942 339.3199 0.4552673 21.74241 286.5326 43.01487 30.37065 2.203252 5.056434 3.929862
xbest 48.36204 336.8057 0.5168633 22.50093 286.5766 43.03723 30.86173 2.194301 4.666316 3.855531
xbest 48.36204 336.9620 0.5165118 22.50093 286.5766 43.03723 30.90236 2.194301 4.666316 3.855531
xbest 48.30683 334.7736 0.4411351 22.19625 286.5007 43.02310 30.22234 2.199427 4.869716 3.885930
xbest 48.35371 334.4611 0.4411351 22.19211 286.5007 43.02310 30.22234 2.199427 4.875966 3.885930
xbest 49.18849 325.9215 0.4849253 24.05720 286.0098 40.21704 33.94936 2.706647 3.956870 3.472138
xbest 49.18849 325.9020 0.4849253 24.05720 286.0098 40.21704 33.94936 2.706647 3.956870 3.472138
xbest 49.20719 324.8933 0.4864714 24.21799 285.9933 40.20411 33.92439 2.701300 3.884548 3.496460
xbest 49.20719 324.8933 0.4864714 24.21799 285.9933 40.20411 33.92439 2.701300 3.890798 3.496460
xbest 49.16680 325.9609 0.4841691 24.06809 286.0313 40.21758 33.94154 2.707475 3.968467 3.510142
xbest 49.17098 325.3988 0.4790668 24.21134 285.9930 40.20522 33.91828 2.701350 3.889676 3.497328
xbest 49.16219 325.4706 0.4789371 24.20940 285.9933 40.20529 33.91822 2.701407 3.891122 3.496426
xbest 49.14239 325.4278 0.4811409 24.21529 285.9926 40.20478 33.92373 2.701467 3.891130 3.497106
xbest 49.14526 325.4285 0.4793815 24.21517 285.9928 40.20540 33.92340 2.701480 3.890774 3.497346
xbest 49.14526 325.4285 0.4793815 24.21517 285.9928 40.20540 33.88278 2.701480 3.890774 3.497346
xbest 49.14476 328.1338 0.4801133 24.11007 285.9950 40.20540 33.93714 2.701372 3.889892 3.494480
xbest 49.13890 328.1338 0.4803769 24.11007 285.9947 40.20540 33.93714 2.701372 3.889892 3.494480
xbest 49.13995 330.5025 0.4827544 24.01195 285.9956 40.20573 33.93775 2.701297 3.890608 3.494394
xbest 49.14003 330.8131 0.4852490 23.99421 285.9956 40.20603 33.94276 2.701232 3.890318 3.494306
xbest 49.15914 330.8959 0.4900997 23.99100 285.9956 40.20599 33.95113 2.701187 3.891131 3.493874
xbest 49.15914 330.8959 0.4900997 23.99100 285.9956 40.20599 33.95113 2.701187 3.894256 3.493874
xbest 49.15914 330.8959 0.4900997 23.99100 285.9956 40.20599 33.95113 2.701187 3.894256 3.493874

$time
elapsed elapsed elapsed elapsed elapsed elapsed elapsed elapsed elapsed elapsed elapsed elapsed elapsed elapsed elapsed elapsed elapsed elapsed elapsed elapsed elapsed elapsed elapsed elapsed elapsed 
   0.94    2.99    5.33    9.22   11.20   13.08   15.00   16.97   18.83   22.95   26.06   29.83   35.70   37.58   43.19   46.19   62.10   76.61   80.44   84.13   87.00   94.78   98.64  107.69  133.22 
elapsed elapsed elapsed elapsed elapsed elapsed elapsed elapsed elapsed elapsed elapsed elapsed elapsed elapsed elapsed elapsed elapsed elapsed elapsed elapsed elapsed elapsed elapsed elapsed elapsed 
 134.69  154.61  155.58  159.06  168.81  172.16  173.69  211.69  212.86  264.81  265.77  290.91  291.89  315.66  324.35  326.31  330.27  334.16  337.05  364.74  365.94  371.94  375.97  382.17  387.22 
elapsed 
 431.50 

$neval
 [1]   106   261   429   719   864  1006  1147  1288  1429  1705  1940  2212  2622  2756  3166  3385  4455  5469  5742  6011  6230  6773  7042  7656  9408  9517 10869 10943 11217 12018 12287 12371
[33] 15076 15165 18826 18900 20642 20715 22346 22955 23091 23367 23643 23853 25613 25700 26116 26400 26805 27150 30114

$fbest
[1] 175.2309

$xbest
 [1]  49.1591435 330.8959226   0.4900997  23.9909953 285.9955971  40.2059950  33.9511288   2.7011875   3.8942556   3.4938743

$numeval
[1] 30114

$end_crit
[1] 1

$cpu_time
elapsed 
  431.5 

$Refset
$Refset$x
          [,1]     [,2]      [,3]     [,4]     [,5]     [,6]     [,7]     [,8]     [,9]    [,10]
 [1,] 49.10803 329.2103 0.4787603 24.06432 285.9938 40.21206 33.91131 2.701522 3.891419 3.496195
 [2,] 49.09780 329.7186 0.4744731 24.05633 285.9934 40.20807 33.93037 2.701254 3.883717 3.505577
 [3,] 49.09642 329.8163 0.4739810 24.05017 285.9933 40.20426 33.92857 2.701207 3.883094 3.495262
 [4,] 49.10506 329.2021 0.4753983 24.06388 285.9936 40.20776 33.91892 2.701423 3.890224 3.494636
 [5,] 49.12313 326.5929 0.4744725 24.18741 285.9931 40.20423 33.93023 2.701376 3.883892 3.503008
 [6,] 49.23887 329.6736 0.5311981 24.04984 286.0056 40.18632 33.91924 2.707506 3.886577 3.498288
 [7,] 49.12575 328.4866 0.4854969 23.91899 285.9869 39.75981 33.89782 2.675737 4.073676 3.493934
 [8,] 49.12987 328.5725 0.4848817 23.92068 285.9896 39.76095 33.90825 2.675489 4.070683 3.487488
 [9,] 49.13832 349.4343 0.5353036 23.12015 286.0092 40.19995 33.92028 2.736468 3.941209 3.341354
[10,] 49.06666 293.8150 0.4735665 24.17962 285.9750 39.92619 33.68738 2.717588 4.796256 3.521262
[11,] 47.78929 325.9692 0.4735065 24.07665 286.1087 40.20659 34.01367 4.346183 3.905172 3.873579
[12,] 45.52411 360.5532 0.4676268 24.17393 286.1843 39.93653 33.08364 2.918894 3.908850 3.043077

$Refset$f
 [1] 176.4306 176.6215 176.6858 176.7986 176.8611 177.8056 182.7969 183.2396 181.7031 200.7865 235.0347 330.6875

$Refset$fpen
 [1] 176.4306 176.6215 176.6858 176.7986 176.8611 177.8056 182.7969 183.2396 181.7031 200.7865 235.0347 330.6875

$Refset$const
          [,1]     [,2]     [,3]     [,4]     [,5]
 [1,] 20.17290 32.10858 11.93568 1.569479 3.067980
 [2,] 20.17261 32.11628 11.94367 1.569435 3.070032
 [3,] 20.16708 32.11691 11.94983 1.569441 3.070137
 [4,] 20.17365 32.10978 11.93612 1.569456 3.069009
 [5,] 20.30352 32.11611 11.81259 1.569456 3.070243
 [6,] 20.16327 32.11342 11.95016 1.567760 3.075024
 [7,] 19.84531 31.92632 12.08101 1.568801 3.102179
 [8,] 19.85000 31.92932 12.07932 1.568391 3.104087
 [9,] 19.17894 32.05879 12.87985 1.567323 3.075267
[10,] 19.38336 31.20374 11.82038 1.571932 3.063134
[11,] 20.17148 32.09483 11.92335 1.553564 3.120145
[12,] 20.26508 32.09115 11.82607 1.546763 3.079500

$Refset$penalty
 [1] 0 0 0 0 0 0 0 0 0 0 0 0


