$f
 [1] 626.87500 469.53299 380.57292 365.84375 365.17535 324.12847 269.44965 221.72049 184.91493 183.80729 181.06250 180.30556 174.88542 173.41493 150.90972 135.69271 135.66493 133.42361 130.99132
[20] 130.81597 130.74306 130.58681 127.65278 126.80208 126.34028 124.52604 123.02257 123.02083 116.35590 111.93056 110.61285 107.17187 106.47917 105.01562  96.86632  96.47743  95.17882  79.79514
[39]  79.62500  78.58333  78.50521  78.39063  78.30382  78.19444  77.98437  77.53125  77.39757  77.39062  77.32465  77.13542  77.01910  76.95833  76.94965  76.94965

$x
          [,1]     [,2]      [,3]     [,4]     [,5]     [,6]     [,7]     [,8]     [,9]    [,10]
xbest 28.59611 282.0115 0.1409761 28.40650 284.9065 36.02742 35.39950 7.885482 2.711145 3.633514
xbest 29.98934 302.6581 0.2854757 19.53670 286.0216 45.91513 42.86151 9.392402 6.987859 3.694673
xbest 29.98934 303.9081 0.3079757 19.53670 286.0216 46.31513 42.86151 9.242402 6.987859 3.694673
xbest 44.67195 283.1695 0.3905092 18.33800 286.1271 40.72559 33.24676 7.056565 8.186320 3.165699
xbest 29.98441 284.0926 0.2761791 19.58602 285.9992 45.67791 41.38613 9.091450 7.711256 3.717328
xbest 37.94034 281.3697 0.3637003 20.47832 285.5926 42.98945 40.42404 5.420262 7.406984 4.122946
xbest 39.88637 291.0431 0.4445287 20.41171 285.4172 42.50620 40.76569 4.892367 7.192356 4.518809
xbest 41.09341 293.1040 0.5163641 20.45025 285.4840 41.96503 40.25828 5.584196 6.960740 4.832683
xbest 41.66316 300.9951 0.5799252 20.50117 285.5327 41.88940 40.25605 5.573457 6.803474 4.971356
xbest 41.68660 300.8389 0.5799252 20.50117 285.5327 41.88940 40.25605 5.573652 6.806599 4.971356
xbest 40.44450 316.1529 0.3923817 20.54369 285.6258 43.57927 39.59098 4.425833 6.466316 4.636822
xbest 40.44450 316.1529 0.3923817 20.54369 285.6258 43.67927 39.59098 4.425833 6.466316 4.636822
xbest 40.39086 322.6941 0.3849823 20.56235 285.6251 43.58866 39.58592 4.399825 6.214920 4.643145
xbest 40.36947 329.1249 0.3716699 20.51832 285.6331 43.59718 39.59242 4.388087 6.146645 4.635172
xbest 41.30449 327.1723 0.3726830 20.69753 285.6331 43.59716 39.60287 4.389995 6.062339 4.669675
xbest 42.19627 320.3580 0.3686323 20.52303 285.6329 43.59713 39.58239 4.387732 5.982461 4.652856
xbest 42.19627 320.3580 0.3686323 20.52303 285.6329 43.59713 39.58239 4.387732 5.979336 4.652856
xbest 42.27547 379.1755 0.3625282 20.19160 285.6296 43.58941 39.69851 4.397589 4.670526 4.509277
xbest 42.27547 379.1755 0.3850282 20.19160 285.6296 43.58941 39.69851 4.397589 4.670526 4.509277
xbest 42.61900 316.5208 0.4155709 20.36126 285.6316 43.57790 39.55026 4.388680 6.213662 4.646013
xbest 42.50234 316.6237 0.4090821 20.36634 285.6316 43.57746 39.55159 4.388630 6.212773 4.646236
xbest 42.51992 316.6237 0.4090821 20.36634 285.6316 43.57746 39.55159 4.388630 6.212773 4.646236
xbest 42.27126 372.0845 0.3856867 20.17795 285.6466 43.57195 39.48712 4.396584 4.927474 4.542718
xbest 42.27008 371.0726 0.3859773 20.17658 285.6555 43.56442 39.44349 4.396342 4.972718 4.544119
xbest 42.29939 373.8153 0.3856545 20.16868 285.6450 43.56791 39.48949 4.396835 4.893358 4.532082
xbest 42.16194 375.1137 0.3853885 20.17915 285.6444 43.57691 39.52242 4.396734 4.878656 4.540358
xbest 42.16194 375.0747 0.3852128 20.17915 285.6433 43.55191 39.56305 4.396734 4.869281 4.522546
xbest 42.37133 364.8633 0.3924540 20.07818 285.6465 43.53105 39.54673 4.390238 5.203794 4.624916
xbest 42.37223 379.3782 0.3797410 19.79309 285.6539 43.54084 39.54196 4.390571 4.985874 4.624450
xbest 42.37223 379.3782 0.4022410 19.79309 285.6539 43.54084 39.54196 4.390571 4.985874 4.624450
xbest 42.39530 364.6874 0.4285268 20.44580 285.6336 43.52794 39.77122 4.386275 4.976082 4.651109
xbest 42.34843 365.3124 0.4510268 20.44580 285.6336 43.52794 39.93372 4.385885 4.976082 4.651109
xbest 42.38510 384.9174 0.4073862 20.39588 285.6269 43.50554 39.46357 4.386681 4.447607 4.652834
xbest 42.38253 385.9694 0.4486147 20.39716 285.6319 43.48975 39.55962 4.385376 4.492666 4.655931
xbest 42.38060 387.2089 0.4803080 20.39632 285.6327 43.48837 39.62335 4.385255 4.464729 4.663032
xbest 42.27517 401.5852 0.5884583 21.35971 285.6370 43.47696 39.75303 4.382174 3.549374 4.691922
xbest 42.26372 412.9674 0.6575761 21.79138 285.6408 43.47984 39.74624 4.383475 3.085596 4.678544
xbest 42.07622 412.9674 1.0000000 21.79138 285.6386 43.47984 39.74624 4.383475 3.034326 4.681327
xbest 42.21026 408.9317 1.0000000 21.83998 285.6308 43.50332 39.72745 4.384229 3.076196 4.677934
xbest 42.21026 409.2442 1.0000000 21.83412 285.6285 43.50332 39.68682 4.384229 3.088696 4.677934
xbest 42.24007 408.5281 0.9999360 21.84771 285.6307 43.50052 39.73027 4.384249 3.091299 4.677668
xbest 42.24007 408.5281 0.9999360 21.84771 285.6307 43.50052 39.77089 4.384249 3.091299 4.677668
xbest 42.27172 419.1357 0.9903065 20.82963 285.6291 43.50242 39.74526 4.384472 3.503835 4.669174
xbest 42.27305 416.3139 0.9824411 20.99268 285.6252 43.49968 39.70277 4.385197 3.460824 4.669680
xbest 42.27171 419.8945 0.9921725 20.79732 285.6321 43.50300 39.74608 4.384438 3.514687 4.669174
xbest 42.23360 408.8576 1.0000000 21.85269 285.6310 43.49771 39.79278 4.384163 3.098359 4.681703
xbest 42.23360 408.9357 1.0000000 21.85269 285.6310 43.49771 39.79278 4.384163 3.095234 4.681703
xbest 42.19489 409.0637 1.0000000 21.98162 285.6314 43.49758 39.79789 4.384200 3.005445 4.681825
xbest 42.25814 411.3253 0.9973351 21.60359 285.6303 43.49882 39.77744 4.384150 3.178512 4.676231
xbest 42.26400 411.3253 0.9973351 21.60359 285.6303 43.49882 39.77744 4.384150 3.178512 4.676231
xbest 42.25956 412.6014 0.9977998 21.55157 285.6304 43.49860 39.77817 4.384120 3.183550 4.676225
xbest 42.24784 412.6014 0.9977998 21.55157 285.6304 43.49860 39.77817 4.384120 3.183550 4.676225
xbest 42.25070 412.6675 0.9974437 21.54258 285.6301 43.49834 39.77503 4.384194 3.187273 4.677146
xbest 42.25070 412.6675 0.9974437 21.54258 285.6301 43.49834 39.77503 4.384194 3.187273 4.677146

$time
elapsed elapsed elapsed elapsed elapsed elapsed elapsed elapsed elapsed elapsed elapsed elapsed elapsed elapsed elapsed elapsed elapsed elapsed elapsed elapsed elapsed elapsed elapsed elapsed elapsed 
   1.20    3.11    4.28   10.15   11.90   13.62   15.32   17.07   18.82   23.79   49.36   50.23   55.59   60.89   66.36   68.22   69.18   93.70   94.70  108.09  113.65  114.61  120.39  125.89  129.26 
elapsed elapsed elapsed elapsed elapsed elapsed elapsed elapsed elapsed elapsed elapsed elapsed elapsed elapsed elapsed elapsed elapsed elapsed elapsed elapsed elapsed elapsed elapsed elapsed elapsed 
 132.54  133.92  137.67  145.39  153.28  208.45  209.65  215.68  221.12  222.90  224.68  226.51  229.90  257.97  259.57  274.12  279.09  284.68  288.93  294.54  298.15  299.14  314.82  318.51  319.47 
elapsed elapsed elapsed elapsed 
 342.28  343.18  401.26  408.73 

$neval
 [1]   106   255   347   783   921  1058  1197  1339  1479  1840  4010  4083  4484  4890  5299  5443  5517  7290  7363  8322  8737  8813  9220  9634  9904 10180 10294 10570 11117 11729 15857 15951
[33] 16362 16778 16914 17053 17195 17467 19538 19634 20725 21068 21472 21744 22152 22428 22507 23598 23866 23939 25551 25625 29595 30072

$fbest
[1] 76.94965

$xbest
 [1]  42.2507031 412.6674672   0.9974437  21.5425801 285.6301457  43.4983360  39.7750316   4.3841938   3.1872726   4.6771463

$numeval
[1] 30072

$end_crit
[1] 1

$cpu_time
elapsed 
 408.73 

$Refset
$Refset$x
           [,1]        [,2]        [,3]      [,4]       [,5]      [,6]       [,7]       [,8]      [,9]    [,10]
 [1,]  42.25070   0.9974437 285.6301457 39.775032   3.187273  42.25070  0.9974437 285.630146 39.775032 3.187273
 [2,] 412.66747  21.5425801  43.4983360  4.384194   4.677146 412.66747 21.5425801  43.498336  4.384194 4.677146
 [3,]  42.25070 412.6674672   0.9974437 21.542580 285.630146  43.49834 39.7750316   4.384194  3.187273 4.677146
 [4,]  42.25303 412.6241330   0.9979863 21.552480 285.630731  43.49880 39.7800902   4.384182  3.180750 4.676575
 [5,]  42.26061 412.6525008   0.9972435 21.553125 285.630225  43.49869 39.7783759   4.384120  3.179714 4.676013
 [6,]  42.26315 412.5070480   0.9987717 21.535249 285.629470  43.49822 39.7757512   4.384374  3.194820 4.676451
 [7,]  42.20230 413.6415744   0.9961599 21.550001 285.629193  43.49931 39.7687520   4.384357  3.179784 4.675503
 [8,]  42.23243 413.1885321   0.9988266 21.543521 285.629424  43.49681 39.7727266   4.383778  3.190378 4.677025
 [9,]  42.26050 416.9218837   0.9897229 21.007466 285.629036  43.50030 39.7680501   4.384677  3.440238 4.671876
[10,]  42.26708 417.4535827   0.9896393 20.976452 285.628358  43.49998 39.7499313   4.384748  3.443591 4.670995
[11,]  41.99661 412.2195408   0.9970810 21.600354 285.631463  43.50103 40.1533123   4.381520  3.224344 4.674234
[12,]  42.29575 413.6579620   0.9940032 21.651576 285.663788  43.49595 39.5085089   4.210706  3.203553 4.681610

$Refset$f
 [1]  76.94965  76.94965  76.94965  76.94965  76.96875  77.06076  77.24479  77.31076  77.55382  77.63542  87.49479 115.98090

$Refset$fpen
 [1]  76.94965  76.94965  76.94965  76.94965  76.96875  77.06076  77.24479  77.31076  77.55382  77.63542  87.49479 115.98090

$Refset$const
          [,1]     [,2]      [,3]      [,4]     [,5]
 [1,] 18.35531 14.45742  3.245101 32.812727 1.608310
 [2,] 32.81273  1.60831 18.355308 14.457420 3.245101
 [3,] 18.35531 32.81273 14.457420  1.608310 3.245101
 [4,] 18.37173 32.81925 14.447520  1.608203 3.245766
 [5,] 18.37341 32.82029 14.446875  1.608285 3.245439
 [6,] 18.34043 32.80518 14.464751  1.608407 3.244975
 [7,] 18.37022 32.82022 14.449999  1.608483 3.244060
 [8,] 18.35314 32.80962 14.456479  1.608422 3.244781
 [9,] 17.56723 32.55976 14.992534  1.608513 3.243844
[10,] 17.53286 32.55641 15.023548  1.608691 3.241786
[11,] 18.37601 32.77566 14.399646  1.606453 3.284948
[12,] 18.44802 32.79645 14.348424  1.604454 3.228511

$Refset$penalty
 [1] 0 0 0 0 0 0 0 0 0 0 0 0


