$f
 [1] 1588.9670  569.9045  265.8993  254.7691  241.0243  197.6406  196.2083  190.9462  188.0573  179.0347  176.3299  172.2604  147.2691  146.1684  144.7969  144.7830  144.0573  143.7014  143.3767
[20]  140.9688  140.6753  137.8594  136.5399  135.6389  135.6389

$x
          [,1]     [,2]      [,3]     [,4]     [,5]     [,6]     [,7]     [,8]     [,9]    [,10]
xbest 37.78674 121.5099 0.2152959 29.42097 285.9633 47.51736 41.32757 6.830527 5.757316 3.300822
xbest 35.63206 272.1477 0.6612455 26.93337 285.8152 48.00000 42.37205 6.520123 4.773211 3.319494
xbest 37.83657 252.1477 0.9978490 26.93311 286.1152 48.00000 42.37205 6.449412 4.373211 3.319494
xbest 38.36221 252.9736 1.0000000 26.83957 285.9307 48.00000 41.83759 5.923883 4.555953 3.825154
xbest 40.05816 245.5270 0.4938386 24.34186 285.9181 48.00000 42.93675 4.944778 5.721948 3.130501
xbest 40.80816 245.6833 0.5824338 24.52936 285.9650 48.00000 42.89613 4.944723 5.703198 3.176342
xbest 39.47653 281.3217 0.6417130 22.87198 285.8967 47.85915 42.38071 4.849326 5.879988 3.270703
xbest 39.47653 281.4780 0.7092130 22.87198 285.8967 47.85915 42.38071 4.849326 5.879988 3.270703
xbest 39.49557 276.3417 0.7349530 25.84721 285.8948 47.59188 42.33771 4.942170 4.215847 3.198065
xbest 39.46910 278.6102 0.7279510 26.35703 285.8987 47.46153 42.34375 4.896984 3.851491 3.155526
xbest 39.33498 309.2009 0.7572821 25.44944 285.9001 47.53900 42.40526 4.860940 3.543372 2.942673
xbest 39.33510 329.8779 0.7524084 25.37630 285.9005 47.51334 42.39388 4.885298 3.039096 2.949189
xbest 39.12547 329.8779 0.7492639 25.48111 285.8442 48.00000 42.34810 4.885298 3.039096 2.955828
xbest 39.62712 302.6464 0.9659621 24.61784 285.9093 47.72735 42.59562 4.919615 4.228144 2.931861
xbest 39.61540 302.6464 1.0000000 24.61784 285.9093 47.72735 42.59562 4.919615 4.228144 2.931861
xbest 39.76329 282.8020 0.8397761 24.95786 285.9142 47.75763 42.54211 4.869292 4.614531 2.990975
xbest 39.76329 282.8020 0.8397761 24.95786 285.9142 47.75802 42.54211 4.869292 4.617656 2.990975
xbest 39.59796 293.6855 0.8132670 24.63442 285.9090 47.60843 42.40704 4.917637 4.503177 2.946974
xbest 39.59794 293.4571 0.8131828 24.65413 285.9090 47.61138 42.40654 4.917596 4.504690 2.946829
xbest 39.59794 293.6134 0.9031828 24.65413 285.9090 47.61138 42.40654 4.917596 4.504690 2.946829
xbest 39.56446 293.6429 0.8078822 24.71038 285.9071 47.61369 42.45821 4.916014 4.470349 2.945861
xbest 39.65821 293.5257 1.0000000 24.71038 285.9071 47.61369 42.45821 4.916014 4.470275 2.945861
xbest 39.60579 294.0901 0.8076993 24.70284 285.8982 47.61280 42.47322 4.874681 4.475427 2.948141
xbest 39.60579 294.0901 0.7851993 24.70357 285.8982 47.61436 42.47322 4.874681 4.475427 2.948141
xbest 39.60579 294.0901 0.7851993 24.70357 285.8982 47.61436 42.47322 4.874681 4.475427 2.948141

$time
elapsed elapsed elapsed elapsed elapsed elapsed elapsed elapsed elapsed elapsed elapsed elapsed elapsed elapsed elapsed elapsed elapsed elapsed elapsed elapsed elapsed elapsed elapsed elapsed elapsed 
   1.06    2.99    4.78   10.41   17.92   26.36   85.22   86.35   98.06   99.94  103.78  105.63  107.27  154.91  155.94  196.96  197.99  201.49  211.66  216.16  268.56  270.06  287.72  290.77  419.94 

$neval
 [1]   106   259   396   821  1376  1987  6164  6246  7055  7190  7464  7598  7719 10994 11072 13915 13994 14276 15088 15442 19278 19389 20599 20816 30089

$fbest
[1] 135.6389

$xbest
 [1]  39.6057902 294.0901046   0.7851993  24.7035702 285.8981694  47.6143599  42.4732201   4.8746814   4.4754274   2.9481415

$numeval
[1] 30089

$end_crit
[1] 1

$cpu_time
elapsed 
 419.94 

$Refset
$Refset$x
          [,1]     [,2]      [,3]     [,4]     [,5]     [,6]     [,7]     [,8]     [,9]    [,10]
 [1,] 39.54578 293.6594 0.8116758 24.61174 285.9077 47.61277 42.46650 4.917189 4.526651 2.941421
 [2,] 39.54559 293.7630 0.8116880 24.60782 285.9080 47.61315 42.46666 4.917250 4.525994 2.940932
 [3,] 39.54467 293.8041 0.8115773 24.59823 285.9082 47.61316 42.47205 4.917520 4.530423 2.940672
 [4,] 39.54337 293.7873 0.8112435 24.60093 285.9087 47.61310 42.47070 4.917518 4.529071 2.941001
 [5,] 39.54478 293.7830 0.8110772 24.60061 285.9084 47.61315 42.47103 4.917394 4.529225 2.940903
 [6,] 39.60937 293.5129 0.7374139 24.58025 285.9109 47.75470 42.53941 4.870705 4.555341 3.001657
 [7,] 39.64095 294.7328 0.7651394 24.52411 285.9120 47.73942 42.52591 4.870501 4.554228 3.002809
 [8,] 39.59368 295.6754 0.8179848 24.53841 285.9077 47.73437 42.44089 4.880650 4.520269 2.933114
 [9,] 39.59391 295.3307 0.8183598 24.55428 285.9084 47.73433 42.42684 4.880673 4.519960 2.933021
[10,] 40.07843 293.5915 0.7341545 24.61518 285.9112 47.30160 42.45507 4.921807 4.533145 3.110683
[11,] 39.86104 293.7987 0.8118323 24.58899 285.9075 47.58394 42.46680 4.915246 4.488687 2.976109
[12,] 39.14514 342.8443 0.8125501 22.87543 285.5162 43.45541 41.72294 5.198377 4.551156 3.126491

$Refset$f
 [1] 138.9201 138.9201 138.9201 138.9201 138.9201 140.5694 140.6181 141.3872 141.5104 194.1181 164.3819 311.3958

$Refset$fpen
 [1] 138.9201 138.9201 138.9201 138.9201 138.9201 140.5694 140.6181 141.3872 141.5104 194.1181 164.3819 311.3958

$Refset$const
          [,1]     [,2]     [,3]     [,4]     [,5]
 [1,] 20.08509 31.47335 11.38826 1.572369 3.238563
 [2,] 20.08183 31.47401 11.39218 1.572327 3.238656
 [3,] 20.06781 31.46958 11.40177 1.572269 3.239240
 [4,] 20.07186 31.47093 11.39907 1.572215 3.239271
 [5,] 20.07139 31.47078 11.39939 1.572244 3.239221
 [6,] 20.02491 31.44466 11.41975 1.572145 3.234790
 [7,] 19.96988 31.44577 11.47589 1.571983 3.235207
 [8,] 20.01815 31.47973 11.46159 1.572935 3.226304
 [9,] 20.03432 31.48004 11.44572 1.572889 3.225292
[10,] 20.08203 31.46685 11.38482 1.570724 3.264651
[11,] 20.10030 31.51131 11.41101 1.572290 3.240881
[12,] 18.32428 31.44884 13.12457 1.616448 3.428540

$Refset$penalty
 [1] 0 0 0 0 0 0 0 0 0 0 0 0


