$f
 [1] 792.7517 316.0851 170.7257 169.1302 155.7274 154.2465 150.1719 141.5764 141.3281 141.0017 140.9392 137.1753 126.3490 110.3924 110.1215

$x
          [,1]     [,2]      [,3]     [,4]     [,5]     [,6]     [,7]     [,8]     [,9]    [,10]
xbest 28.45101 292.2324 0.5670254 25.33623 286.1967 36.81808 27.02845 7.351582 6.653558 4.876530
xbest 42.84742 410.6497 0.2748984 23.55740 285.6641 38.00067 34.34396 4.986396 3.095094 3.257506
xbest 45.84742 390.6497 0.3687103 23.55740 285.6641 38.40067 36.25334 4.986396 2.730449 3.243594
xbest 45.91223 399.2407 0.3628630 23.53366 285.6829 39.04792 36.25391 4.836489 2.500238 4.427096
xbest 45.91055 401.0306 0.3574978 23.53577 285.6845 39.39521 36.32768 4.796106 2.450315 4.681054
xbest 45.91055 400.7181 0.3617165 23.53577 285.6845 39.39521 36.32768 4.796106 2.436253 4.681054
xbest 46.12638 387.8289 0.3962436 23.76056 285.6181 38.99984 35.89137 4.928929 2.530769 3.505270
xbest 46.12638 387.8289 0.6887436 23.76056 285.6181 38.99984 35.89137 4.928929 2.644844 3.505270
xbest 46.12202 388.5996 0.3952921 23.72624 285.6042 38.99211 35.92191 4.928835 2.530946 3.486655
xbest 46.12788 388.5605 0.3952921 23.72624 285.6042 38.99211 35.92191 4.928835 2.530946 3.486655
xbest 46.11242 387.3191 0.3957186 23.73774 285.6044 38.98962 35.93966 4.929238 2.572465 3.481055
xbest 46.11242 387.3191 0.4632186 23.73774 285.6044 38.98962 35.93966 4.929238 2.572465 3.481055
xbest 48.25286 388.3545 0.3785271 23.81106 285.4285 38.88790 35.80320 2.720431 2.586150 3.459814
xbest 48.25286 391.8900 0.3944370 23.81106 285.4285 38.89011 35.78637 2.645431 2.586150 3.454175
xbest 48.25286 391.8900 0.3944370 23.81106 285.4285 38.89011 35.78637 2.645431 2.598650 3.451206

$time
elapsed elapsed elapsed elapsed elapsed elapsed elapsed elapsed elapsed elapsed elapsed elapsed elapsed elapsed elapsed 
   1.09    3.06    5.15   22.72   24.62   26.01   71.26   72.59  148.76  149.90  189.31  190.36  234.48  236.11  429.23 

$neval
 [1]   106   254   409  1682  1819  1920  5013  5115 10417 10495 13201 13277 16265 16385 30077

$fbest
[1] 110.1215

$xbest
 [1]  48.252858 391.890035   0.394437  23.811065 285.428522  38.890114  35.786371   2.645431   2.598650   3.451206

$numeval
[1] 30077

$end_crit
[1] 1

$cpu_time
elapsed 
 429.23 

$Refset
$Refset$x
          [,1]     [,2]      [,3]     [,4]     [,5]     [,6]     [,7]     [,8]     [,9]    [,10]
 [1,] 46.17510 386.2412 0.6020683 24.82175 285.6077 38.98643 35.95017 4.928068 2.000000 3.483895
 [2,] 46.17970 386.1181 0.6024124 24.81338 285.6054 38.98639 35.94969 4.928168 2.007406 3.483079
 [3,] 46.17748 386.2061 0.6018597 24.82039 285.6070 38.98637 35.94985 4.928075 2.000683 3.484380
 [4,] 46.17761 385.8709 0.6023365 24.73985 285.6056 38.98560 35.94491 4.928250 2.061354 3.483644
 [5,] 46.17499 385.8093 0.6022559 24.81550 285.6064 38.98620 35.94985 4.928137 2.014283 3.483188
 [6,] 46.17904 386.1208 0.6022551 24.80216 285.6061 38.98619 35.94556 4.928135 2.013580 3.483666
 [7,] 46.17683 386.1938 0.6022594 24.82889 285.6071 38.98634 35.95215 4.928098 2.000150 3.483925
 [8,] 46.23302 384.2510 0.6122814 24.65615 285.6047 38.98628 35.94109 4.927934 2.150514 3.482920
 [9,] 46.20779 385.1042 0.6083499 24.67269 285.6051 38.98650 35.94204 4.928055 2.121591 3.483513
[10,] 46.20778 385.3787 0.6030475 24.75044 285.6048 38.98561 35.92644 4.928193 2.060728 3.483416
[11,] 46.18253 386.3411 0.6009121 24.70837 285.6069 38.98647 35.94970 4.928080 2.072019 3.483932
[12,] 46.19973 385.2969 0.6045791 24.68300 285.6046 38.98822 35.94276 4.928146 2.110220 3.483435

$Refset$f
 [1] 120.4809 120.4809 120.4809 120.4965 120.5226 120.5226 120.8767 120.6354 120.6927 120.8438 121.0035 121.0330

$Refset$fpen
 [1] 120.4809 120.4809 120.4809 120.4965 120.5226 120.5226 120.8767 120.6354 120.6927 120.8438 121.0035 121.0330

$Refset$const
          [,1]     [,2]     [,3]     [,4]     [,5]
 [1,] 22.82175 34.00000 11.17825 1.610200 3.273204
 [2,] 22.80597 33.99259 11.18662 1.610552 3.272425
 [3,] 22.81971 33.99932 11.17961 1.610315 3.272936
 [4,] 22.67850 33.93865 11.26015 1.610552 3.271989
 [5,] 22.80122 33.98572 11.18450 1.610395 3.272786
 [6,] 22.78858 33.98642 11.19784 1.610469 3.272172
 [7,] 22.82874 33.99985 11.17111 1.610285 3.273251
 [8,] 22.50564 33.84949 11.34385 1.610695 3.271213
 [9,] 22.55110 33.87841 11.32731 1.610636 3.271416
[10,] 22.68971 33.93927 11.24956 1.610754 3.269581
[11,] 22.63635 33.92798 11.29163 1.610337 3.272865
[12,] 22.57278 33.88978 11.31700 1.610717 3.271156

$Refset$penalty
 [1] 0 0 0 0 0 0 0 0 0 0 0 0


