$f
[1] 562.58507 354.14236 155.47917 146.28993 142.93924  98.40278  98.40278

$x
          [,1]     [,2]      [,3]     [,4]     [,5]     [,6]     [,7]     [,8]     [,9]    [,10]
xbest 46.86458 404.8026 0.6693367 24.20260 285.8668 37.70940 26.91145 7.295837 2.281289 2.267942
xbest 58.39888 387.1104 0.3082909 16.00327 285.1880 34.11044 30.79153 4.247095 7.673946 3.754216
xbest 58.42061 408.1789 0.3030742 15.86265 285.1692 35.00486 34.52903 2.185481 7.423743 1.200000
xbest 65.29716 384.9572 0.2932379 15.73080 285.2553 33.80843 33.20821 2.216566 7.608070 4.233701
xbest 53.35523 413.8202 0.3762131 15.78438 285.2759 40.10088 38.01272 2.627329 6.927112 3.089505
xbest 53.35523 413.6639 0.3452756 15.78438 285.2946 40.05088 37.76897 2.726939 6.977112 3.232005
xbest 53.35523 413.6639 0.3452756 15.78438 285.2946 40.05088 37.76897 2.726939 6.977112 3.232005

$time
elapsed elapsed elapsed elapsed elapsed elapsed elapsed 
   1.20    3.37    6.28   19.48   23.53   31.01  464.86 

$neval
[1]   106   256   455  1301  1579  2011 30118

$fbest
[1] 98.40278

$xbest
 [1]  53.3552303 413.6639161   0.3452756  15.7843789 285.2946432  40.0508752  37.7689689   2.7269388   6.9771124   3.2320054

$numeval
[1] 30118

$end_crit
[1] 1

$cpu_time
elapsed 
 464.86 

$Refset
$Refset$x
          [,1]     [,2]      [,3]     [,4]     [,5]     [,6]     [,7]     [,8]     [,9]    [,10]
 [1,] 58.06006 418.5696 0.3214949 15.85893 285.3430 36.91236 35.41775 2.126097 6.992679 3.317992
 [2,] 58.06107 418.6001 0.3215605 15.85779 285.3430 36.91302 35.41767 2.126122 6.991974 3.318398
 [3,] 58.06006 418.5484 0.3214176 15.86217 285.3430 36.91258 35.41774 2.126093 6.992650 3.318011
 [4,] 27.34332 165.7323 0.9460227 27.67964 286.3288 35.84361 43.50799 3.150791 2.257430 2.287390
 [5,] 58.47355 415.7641 0.3214099 15.86733 285.3430 36.91391 35.41655 2.126054 6.990712 3.318623
 [6,] 58.47617 415.6816 0.3219659 15.86186 285.3425 36.89392 35.41600 2.111632 6.999617 3.324085
 [7,] 58.47450 415.7268 0.3215393 15.86790 285.3432 36.91431 35.41898 2.126177 6.991016 3.318276
 [8,] 58.47334 415.7497 0.3214672 15.86696 285.3430 36.91385 35.41640 2.126079 6.991442 3.317443
 [9,] 58.46244 415.7369 0.3215949 15.86768 285.3432 36.91403 35.41503 2.126229 6.991197 3.318886
[10,] 58.47587 415.6378 0.3219651 15.86103 285.3425 36.89646 35.41829 2.111719 7.000045 3.322957
[11,] 58.47511 415.6979 0.3219477 15.85687 285.3429 36.89538 35.41965 2.110785 7.002321 3.318902
[12,] 58.48041 415.7270 0.3213960 15.86936 285.3431 36.90329 35.42040 2.106892 6.973976 3.320523

$Refset$f
 [1]   116.7569   116.7569   117.1042 41739.8281   117.1788   117.1944   117.2882   117.1788   117.3663   117.3924   117.2934   118.1736

$Refset$fpen
 [1]     116.7569     116.7569     117.1042 2785013.8341     117.1788     117.1944     117.2882     117.1788     117.3663     117.3924     117.2934     118.1736

$Refset$const
           [,1]     [,2]      [,3]     [,4]     [,5]
 [1,]  8.866250 29.00732 20.141071 1.644230 3.374292
 [2,]  8.865812 29.00803 20.142214 1.644228 3.374207
 [3,]  8.869521 29.00735 20.137830 1.644229 3.374268
 [4,] 25.422205 33.74257  8.320365 1.390533 6.243274
 [5,]  8.876618 29.00929 20.132670 1.644238 3.373939
 [6,]  8.862246 29.00038 20.138137 1.644220 3.376333
 [7,]  8.876879 29.00898 20.132105 1.644191 3.374281
 [8,]  8.875516 29.00856 20.133042 1.644242 3.373921
 [9,]  8.876486 29.00880 20.132317 1.644218 3.373767
[10,]  8.860990 28.99995 20.138965 1.644212 3.376327
[11,]  8.854548 28.99768 20.143131 1.644141 3.376754
[12,]  8.895383 29.02602 20.130641 1.644144 3.375881

$Refset$penalty
 [1] 0.000000 0.000000 0.000000 2.743274 0.000000 0.000000 0.000000 0.000000 0.000000 0.000000 0.000000 0.000000


