$f
 [1] 452.4931 413.1233 195.7274 192.5069 181.4010 181.1372 179.5590 174.9253 174.6840 172.2830 171.3941 171.3785 171.2014 171.1944 171.0903 170.5156 170.4583 168.2813 167.9149 164.2014 143.8785
[22] 137.1424 135.6319 129.3802 129.2778 124.5920 123.6944 122.6771 122.2639 121.9219 121.9149 121.8229 121.5642 121.5000 121.2083 121.1944 121.1944

$x
          [,1]     [,2]      [,3]     [,4]     [,5]     [,6]     [,7]     [,8]     [,9]    [,10]
xbest 50.87328 437.5144 0.2838100 21.98799 286.2598 34.05759 24.91328 3.422437 4.703783 1.731257
xbest 59.19738 431.5767 0.2786562 20.46386 286.4298 34.05255 29.68071 3.443146 4.678106 1.664728
xbest 56.19738 406.5767 0.7466335 21.21386 286.2798 33.85255 30.98071 3.393146 4.719527 1.664728
xbest 56.08669 386.1240 0.7992480 21.83588 286.1121 33.96750 30.98436 3.456876 4.769352 2.014895
xbest 56.08669 385.4208 1.0000000 21.83588 286.1121 33.96750 30.98436 3.456876 4.741225 2.005988
xbest 55.84307 393.7141 0.7995595 21.49082 286.0972 33.75277 30.85950 3.443119 4.807048 2.029833
xbest 56.00517 386.0667 0.7995115 21.83031 286.1112 33.80872 30.88214 3.459144 4.798606 2.030080
xbest 56.00507 385.9690 0.8549346 21.89037 286.1138 33.79842 30.90359 3.465475 4.763279 2.029241
xbest 56.00507 385.8908 0.8549346 21.89037 286.1138 33.79842 30.90359 3.465475 4.766404 2.029241
xbest 55.99734 396.6356 0.7971540 21.47609 286.0979 33.76041 30.77220 3.438760 4.796435 2.045720
xbest 55.99734 396.6356 0.8196540 21.47609 286.0979 33.76041 30.77220 3.438760 4.796435 2.045720
xbest 55.88390 396.4071 0.7942398 21.48252 286.0991 33.76244 30.78998 3.450585 4.788705 2.042368
xbest 55.88390 396.4071 0.7942398 21.48252 286.0991 33.76244 30.78998 3.450585 4.785580 2.042368
xbest 55.81077 396.2366 0.7931622 21.51074 286.0998 33.76242 30.78541 3.442683 4.789496 2.041850
xbest 55.80644 396.6603 0.7932467 21.50518 286.0994 33.76266 30.81390 3.442483 4.781863 2.041835
xbest 55.80644 396.6603 0.8382467 21.50518 286.0994 33.76266 30.81390 3.442483 4.781863 2.044804
xbest 56.05103 396.4511 0.7911256 21.49182 286.0938 33.76171 30.72237 3.442185 4.786827 2.048911
xbest 56.05103 396.7636 0.9711256 21.48596 286.0938 33.76171 30.72237 3.442185 4.786827 2.048911
xbest 56.27321 396.0368 0.7901901 21.52163 286.1104 33.67897 30.78868 3.343604 4.761093 1.766531
xbest 56.27614 396.0368 0.8801901 21.52163 286.1104 33.67897 30.78868 3.343799 4.786484 1.766531
xbest 52.83883 379.6657 0.7792366 21.68939 286.0923 33.78780 30.77638 5.809155 4.785883 1.848194
xbest 52.83883 379.6657 0.7342366 21.68939 286.0923 33.78780 30.45138 5.809155 4.785883 1.848194
xbest 52.72843 375.5089 0.7741227 21.53834 286.0996 33.82553 30.75356 5.810014 4.788044 1.861794
xbest 53.10343 375.3984 0.8681001 21.53834 286.0996 33.79017 30.75356 5.810014 4.733624 1.861794
xbest 53.67506 368.4315 0.7724731 21.52937 286.0975 33.80380 30.79181 5.812909 4.795447 1.864201
xbest 53.67506 368.4315 0.8624731 21.53230 286.0987 33.80380 30.79181 5.812909 4.795447 1.861232
xbest 53.37364 373.0749 0.7778416 21.53805 286.0907 33.82042 30.72902 5.814750 4.737162 1.859865
xbest 53.39707 373.0749 0.8003416 21.53805 286.0907 33.82042 30.72902 5.814750 4.737162 1.859865
xbest 53.39846 373.0057 0.7778316 21.54099 286.0928 33.81095 30.71004 5.814793 4.733842 1.860610
xbest 53.35673 374.5499 0.7774196 21.53908 286.1023 33.81878 30.70957 5.814341 4.704051 1.860693
xbest 53.35114 375.3080 0.7769082 21.54194 286.1030 33.81721 30.70910 5.814345 4.684204 1.860555
xbest 53.37373 374.1919 0.7782095 21.53857 286.1055 33.81882 30.69082 5.814393 4.713627 1.858441
xbest 53.37758 374.0621 0.7782488 21.53865 286.1059 33.81882 30.68653 5.814425 4.712604 1.858496
xbest 53.37796 373.9006 0.7782489 21.54015 286.1049 33.81811 30.68768 5.814388 4.715463 1.859484
xbest 53.35876 374.7949 0.7768229 21.54016 286.1053 33.81688 30.68765 5.814401 4.698563 1.858941
xbest 53.37033 373.2091 0.7780845 21.53785 286.1064 33.82573 30.68924 5.814371 4.733902 1.858980
xbest 53.37033 373.2091 0.7780845 21.53785 286.1064 33.82573 30.68924 5.814371 4.733902 1.858980

$time
elapsed elapsed elapsed elapsed elapsed elapsed elapsed elapsed elapsed elapsed elapsed elapsed elapsed elapsed elapsed elapsed elapsed elapsed elapsed elapsed elapsed elapsed elapsed elapsed elapsed 
   1.08    3.00    5.03   28.03   29.54   39.64   44.70   46.47   47.62   55.06   66.78  102.79  103.81  111.50  117.20  124.28  147.36  148.50  210.43  211.81  233.54  234.72  289.03  290.53  308.73 
elapsed elapsed elapsed elapsed elapsed elapsed elapsed elapsed elapsed elapsed elapsed elapsed 
 311.83  337.95  339.00  347.18  351.51  365.56  367.34  369.50  376.48  387.11  423.58  425.59 

$neval
 [1]   106   256   409  2085  2199  3008  3415  3554  3638  4170  5049  7491  7565  8103  8503  9000 10489 10579 14931 15031 16525 16609 20447 20559 21810 22038 23805 23884 24439 24721 25751 25888
[33] 26023 26567 27323 29990 30059

$fbest
[1] 121.1944

$xbest
 [1]  53.3703343 373.2091166   0.7780845  21.5378523 286.1063630  33.8257273  30.6892383   5.8143711   4.7339022   1.8589800

$numeval
[1] 30059

$end_crit
[1] 1

$cpu_time
elapsed 
 425.59 

$Refset
$Refset$x
           [,1]        [,2]        [,3]      [,4]       [,5]      [,6]       [,7]       [,8]      [,9]    [,10]
 [1,]  53.37033   0.7780845 286.1063630 30.689238   4.733902  53.37033  0.7780845 286.106363 30.689238 4.733902
 [2,] 373.20912  21.5378523  33.8257273  5.814371   1.858980 373.20912 21.5378523  33.825727  5.814371 1.858980
 [3,]  53.36236 374.7424930   0.7771588 21.540117 286.105942  33.81709 30.6917364   5.814399  4.699656 1.858952
 [4,]  53.35972 374.7875601   0.7775126 21.540187 286.105285  33.81688 30.6872790   5.814386  4.698315 1.859006
 [5,]  53.36589 374.7203891   0.7774404 21.538313 286.106480  33.81597 30.6849889   5.814386  4.699509 1.858686
 [6,]  53.36760 374.5927356   0.7778004 21.539627 286.106450  33.81728 30.6877222   5.814424  4.701473 1.858569
 [7,]  53.36525 374.6492141   0.7777730 21.540486 286.105730  33.81616 30.6883972   5.814438  4.700031 1.858991
 [8,]  53.36412 374.6196435   0.7771875 21.540148 286.105480  33.81718 30.6882843   5.814401  4.701090 1.859114
 [9,]  53.36273 374.6843696   0.7771955 21.540388 286.105428  33.81691 30.6886583   5.814380  4.700122 1.859014
[10,]  53.37033 373.2091166   0.7780845 21.537852 286.106363  33.82573 30.6892383   5.814371  4.733902 1.858980
[11,]  53.37495 373.1940205   0.7781373 21.537375 286.106240  33.82426 30.6910813   5.814453  4.734330 1.858885
[12,]  53.35815 374.7976726   0.7772128 21.540554 286.105466  33.81713 30.6849745   5.814377  4.698625 1.859150

$Refset$f
 [1] 121.1944 121.1944 121.2083 121.2083 121.2083 121.2083 121.2083 121.2083 121.2083 121.1944 121.3038 121.2083

$Refset$fpen
 [1] 121.1944 121.1944 121.2083 121.2083 121.2083 121.2083 121.2083 121.2083 121.2083 121.1944 121.3038 121.2083

$Refset$const
          [,1]      [,2]     [,3]      [,4]     [,5]
 [1,] 16.80395 14.462148  3.38456 31.266098 1.540967
 [2,] 31.26610  1.540967 16.80395 14.462148 3.384560
 [3,] 16.84046 31.300344 14.45988  1.540954 3.385819
 [4,] 16.84187 31.301685 14.45981  1.541076 3.384958
 [5,] 16.83880 31.300491 14.46169  1.540918 3.385246
 [6,] 16.83815 31.298527 14.46037  1.540911 3.385448
 [7,] 16.84046 31.299969 14.45951  1.541001 3.385387
 [8,] 16.83906 31.298910 14.45985  1.541043 3.385139
 [9,] 16.84027 31.299878 14.45961  1.541046 3.385204
[10,] 16.80395 31.266098 14.46215  1.540967 3.384560
[11,] 16.80304 31.265670 14.46263  1.540962 3.384949
[12,] 16.84193 31.301375 14.45945  1.541068 3.384681

$Refset$penalty
 [1] 0 0 0 0 0 0 0 0 0 0 0 0


