$f
 [1] 267.18056 210.82118 128.72569 119.51389  96.76736  94.67882  79.35069  67.63542  64.58681  63.69271  63.02083  62.73958  61.68056  61.31597  60.26736  59.77257  59.66319  59.29861  59.13715
[20]  59.10764  58.93056  57.64583  57.26389  57.09896  56.83333  56.74132  56.17188  55.90972  55.13715  53.58333  51.93229  51.34375  50.93403  50.05729  50.05729

$x
          [,1]     [,2]      [,3]     [,4]     [,5]     [,6]     [,7]     [,8]     [,9]    [,10]
xbest 34.66164 376.9990 0.5962723 21.81767 286.0335 47.59572 34.87852 8.313688 3.301054 3.841146
xbest 35.03201 288.1751 0.8480136 20.90471 285.6888 46.10196 35.81992 7.711992 6.701415 3.849949
xbest 35.03201 288.2249 1.0000000 20.90471 285.9138 46.10196 35.79399 7.711992 6.924302 3.654101
xbest 37.38647 293.6557 0.9927379 20.82875 285.4753 43.30137 36.89391 7.299404 6.643632 3.847302
xbest 37.64239 284.5510 0.6442687 22.07745 285.8073 43.15499 35.83057 7.257023 6.253174 3.691711
xbest 37.51027 282.8472 0.5198385 22.29077 285.8066 43.30263 35.49374 7.249058 6.176624 3.639115
xbest 38.20847 293.3572 0.9756336 20.83461 285.4673 43.03263 36.43732 7.271333 6.760760 3.858033
xbest 38.16159 293.9822 0.9981336 20.85219 285.4697 43.03263 36.37638 7.283833 6.724041 3.858033
xbest 38.10603 298.4750 0.9973464 20.89574 285.5395 42.82565 35.04964 7.269715 6.670104 3.765706
xbest 38.10603 298.4750 0.9973464 20.89574 285.5395 42.82565 35.00901 7.269715 6.682604 3.765706
xbest 38.12269 297.4954 0.9812421 20.95286 285.4918 42.69133 35.57067 7.269996 6.680393 3.752607
xbest 38.12269 297.4954 0.9550000 20.95286 285.4918 42.69133 35.57067 7.269996 6.680393 3.752607
xbest 38.28704 295.7984 0.9089650 20.94871 285.4736 42.69399 36.32248 7.271051 6.746013 3.651261
xbest 38.20873 296.5189 0.9120186 20.93953 285.4749 42.70901 36.25845 7.270325 6.738569 3.669648
xbest 38.12395 296.9254 0.9825811 20.96461 285.4583 42.67969 36.05750 7.269985 6.692767 3.741058
xbest 38.22666 295.7927 0.9208551 20.95046 285.4685 42.69835 36.32181 7.271045 6.689528 3.685228
xbest 38.08121 296.8166 1.0000000 20.97656 285.4637 42.67848 35.95294 7.270085 6.682600 3.753675
xbest 38.02868 296.7959 0.9876218 20.97967 285.4626 42.68133 35.97522 7.269998 6.683405 3.744229
xbest 38.20524 295.7187 0.9024745 20.95046 285.4678 42.68776 36.30389 7.270634 6.719890 3.690263
xbest 38.17845 296.2020 0.8976288 20.95110 285.4563 42.68271 36.22246 7.269864 6.712849 3.692942
xbest 38.00527 296.2484 0.9867256 21.01161 285.4429 42.75697 35.94487 7.270648 6.665604 3.761691
xbest 38.26758 295.3287 0.8966811 20.93393 285.4695 42.69695 36.52591 7.270214 6.739239 3.689873
xbest 38.18634 298.3769 0.9935847 20.87616 285.4668 42.75402 36.38728 7.272012 6.661539 3.673330
xbest 38.18634 298.3769 1.0000000 20.87616 285.4668 42.75402 36.38728 7.272012 6.661539 3.676299
xbest 38.19673 300.5908 1.0000000 20.84935 285.4661 42.75161 36.44344 7.271733 6.673741 3.663859
xbest 38.18501 300.5908 1.0000000 20.84935 285.4661 42.75161 36.44344 7.271733 6.673741 3.663859
xbest 38.14102 299.5720 0.9953605 20.87464 285.4664 42.82105 36.44981 7.271965 6.674213 3.722309
xbest 38.11071 299.5730 0.9940618 20.87637 285.4667 42.82421 36.44746 7.271968 6.674089 3.730608
xbest 38.08841 299.6523 0.9942805 20.86930 285.4675 42.83301 36.45103 7.271867 6.676272 3.726479
xbest 38.02049 299.6146 0.9966296 20.79435 285.4674 42.83037 36.47699 7.271876 6.674382 3.679572
xbest 38.17808 299.8131 0.9985885 20.82800 285.4672 42.81519 36.46996 7.272406 6.638251 3.665438
xbest 38.15464 299.8131 1.0000000 20.82800 285.4672 42.81519 36.46996 7.272406 6.638251 3.665438
xbest 38.10283 299.4813 0.9925144 20.83916 285.4664 42.83453 36.40250 7.272790 6.651294 3.683183
xbest 38.09111 299.4813 1.0000000 20.83769 285.4664 42.83453 36.40250 7.272790 6.651294 3.683183
xbest 38.09111 299.4813 1.0000000 20.83769 285.4664 42.83453 36.40250 7.272790 6.651294 3.683183

$time
elapsed elapsed elapsed elapsed elapsed elapsed elapsed elapsed elapsed elapsed elapsed elapsed elapsed elapsed elapsed elapsed elapsed elapsed elapsed elapsed elapsed elapsed elapsed elapsed elapsed 
   1.20    3.37    5.33   14.37   16.41   18.50   20.42   28.23   83.11   84.23  107.67  108.72  114.98  119.19  123.97  126.00  127.95  130.02  135.20  139.22  141.25  151.56  190.36  191.55  219.34 
elapsed elapsed elapsed elapsed elapsed elapsed elapsed elapsed elapsed elapsed 
 220.42  224.14  232.28  234.27  238.12  240.03  241.37  249.80  262.83  458.94 

$neval
 [1]   106   260   392   966  1106  1243  1378  1912  5470  5549  7039  7113  7523  7794  8066  8199  8332  8469  8810  9078  9216  9891 12382 12461 14212 14286 14567 15125 15267 15545 15685 15777
[33] 16323 17221 30047

$fbest
[1] 50.05729

$xbest
 [1]  38.091108 299.481343   1.000000  20.837695 285.466407  42.834525  36.402502   7.272790   6.651294   3.683183

$numeval
[1] 30047

$end_crit
[1] 1

$cpu_time
elapsed 
 458.94 

$Refset
$Refset$x
          [,1]     [,2]      [,3]     [,4]     [,5]     [,6]     [,7]     [,8]     [,9]    [,10]
 [1,] 38.12387 299.8620 0.9966482 20.84231 285.4696 42.83703 36.45719 7.273103 6.628666 3.660867
 [2,] 38.12503 299.8615 0.9967043 20.84178 285.4696 42.82955 36.46288 7.272897 6.628630 3.659699
 [3,] 46.14020 499.2770 0.4972976 25.88440 286.4062 34.36728 40.23393 9.498822 6.248885 1.679528
 [4,] 38.13847 299.9328 0.9968797 20.83802 285.4696 42.82039 36.46238 7.272815 6.630736 3.666459
 [5,] 38.14078 300.0640 0.9967312 20.83635 285.4697 42.82008 36.46323 7.272812 6.627859 3.666156
 [6,] 38.14077 299.9673 0.9967795 20.84066 285.4697 42.82021 36.46347 7.272809 6.627784 3.666391
 [7,] 38.14083 299.9448 0.9969020 20.84227 285.4697 42.82130 36.46428 7.272857 6.627240 3.666262
 [8,] 38.12813 300.0205 0.9967190 20.83834 285.4696 42.82004 36.46319 7.272900 6.629277 3.665849
 [9,] 38.12801 299.8981 0.9967288 20.84447 285.4692 42.82077 36.46323 7.272825 6.631095 3.666448
[10,] 38.12387 299.8628 0.9966671 20.83973 285.4698 42.84102 36.46282 7.273020 6.622991 3.661979
[11,] 38.13128 296.6712 0.9967545 20.91805 285.4696 42.83306 36.45954 7.272109 6.626104 3.689281
[12,] 38.12626 296.6353 0.9818238 20.91622 285.4876 42.83178 36.45497 7.271705 6.648218 3.657753

$Refset$f
 [1]    50.48090    50.48090 91938.45486    50.48611    50.48611    50.48611    50.48611    50.49479    50.71007    51.22917    57.90278    62.82986

$Refset$fpen
 [1] 5.048090e+01 5.048090e+01 2.230464e+06 5.048611e+01 5.048611e+01 5.048611e+01 5.048611e+01 5.049479e+01 5.071007e+01 5.122917e+01 5.790278e+01 6.282986e+01

$Refset$const
          [,1]     [,2]     [,3]     [,4]     [,5]
 [1,] 14.21364 29.37133 15.15769 1.640780 2.938897
 [2,] 14.21315 29.37137 15.15822 1.640764 2.939933
 [3,] 19.63551 29.75112 10.11560 1.402950 5.638526
 [4,] 14.20728 29.36926 15.16198 1.640745 2.940577
 [5,] 14.20849 29.37214 15.16365 1.640725 2.940707
 [6,] 14.21288 29.37222 15.15934 1.640723 2.940721
 [7,] 14.21503 29.37276 15.15773 1.640730 2.940698
 [8,] 14.20907 29.37072 15.16166 1.640732 2.940692
 [9,] 14.21337 29.36890 15.15553 1.640793 2.940534
[10,] 14.21674 29.37701 15.16027 1.640757 2.939124
[11,] 14.29194 29.37390 15.08195 1.640778 2.939378
[12,] 14.26800 29.35178 15.08378 1.638229 2.943761

$Refset$penalty
 [1] 0.000000 0.000000 2.138526 0.000000 0.000000 0.000000 0.000000 0.000000 0.000000 0.000000 0.000000 0.000000


