$f
 [1] 754.8576 373.3177 218.4618 190.0747 150.4844 142.8299 137.3056 137.2344 132.9462 131.2760 126.5503 124.1944 123.1215 119.7604 109.8507 109.5573 109.3490 106.9826 103.9722 103.0573

$x
          [,1]     [,2]      [,3]     [,4]     [,5]     [,6]     [,7]     [,8]     [,9]    [,10]
xbest 56.92669 244.1241 0.5919473 20.21744 285.4009 34.19895 32.88853 5.110215 7.411316 1.839875
xbest 31.92215 350.9370 1.0000000 15.41199 284.5826 42.67978 29.54635 5.144966 9.408809 1.414879
xbest 31.92215 350.9370 0.8650000 15.41199 284.5803 43.47978 29.38385 5.244966 9.258809 1.224879
xbest 38.85078 345.4112 0.9468638 15.00000 284.6935 42.58181 32.38137 2.000000 9.703764 1.427799
xbest 41.96345 424.0253 0.7725131 19.68572 284.1022 36.76315 27.48697 2.000000 4.937528 1.200000
xbest 41.77595 424.0253 0.7725131 19.70916 284.1022 36.76315 27.56822 2.001562 4.895340 1.200000
xbest 39.83128 346.2530 0.9028923 15.04772 284.6266 43.09225 31.44028 2.484739 9.119472 1.311313
xbest 39.83128 346.2530 0.9253923 15.04772 284.6266 43.09225 31.44028 2.484739 9.119472 1.311313
xbest 40.31298 346.3273 0.9175090 15.04527 284.6386 43.08937 31.44691 2.391196 9.059396 1.288264
xbest 40.43625 472.7020 0.9026233 16.91563 284.6494 41.62697 32.03029 2.520158 5.006774 1.696417
xbest 40.30131 345.9687 0.9175493 15.12290 284.6269 43.08780 31.39103 2.319534 9.050130 1.299488
xbest 40.41192 465.4216 0.8414384 17.31999 284.4721 41.60963 31.06954 2.524796 4.952757 1.821416
xbest 40.41192 465.4216 0.8189384 17.31999 284.4721 41.60963 31.06954 2.524796 4.952757 1.830322
xbest 40.23253 462.6132 0.8111713 19.03882 284.5687 41.88260 30.98482 2.683665 3.810250 1.728010
xbest 40.23253 460.8164 0.9911713 19.08569 284.5687 41.88182 31.63482 2.674290 3.810250 1.728010
xbest 40.22915 422.5881 0.8773982 15.88952 284.6420 41.86668 31.63839 2.700455 6.849658 1.407917
xbest 40.22915 422.5881 0.8998982 15.88952 284.6420 41.86668 31.63839 2.700455 6.849658 1.407917
xbest 41.05325 417.3271 0.8750404 22.44775 284.6323 40.95342 33.24178 2.559956 2.578674 1.539010
xbest 41.05325 417.0146 0.8975404 22.43529 284.6370 40.95498 32.99803 2.556831 2.584924 1.539010
xbest 41.05325 417.0146 0.9875404 22.43529 284.6370 40.95498 32.99803 2.556831 2.584924 1.539010

$time
elapsed elapsed elapsed elapsed elapsed elapsed elapsed elapsed elapsed elapsed elapsed elapsed elapsed elapsed elapsed elapsed elapsed elapsed elapsed elapsed 
   1.46    3.93    6.11   13.52   18.49   32.44   63.08   64.36   82.19   84.74   87.22   98.19  116.63  134.35  144.02  248.25  249.43  319.00  321.02  546.60 

$neval
 [1]   106   252   380   807  1087  1873  3500  3573  4508  4643  4777  5381  6403  7358  7879 13579 13652 17447 17565 30039

$fbest
[1] 103.0573

$xbest
 [1]  41.0532454 417.0145884   0.9875404  22.4352949 284.6370072  40.9549845  32.9980342   2.5568312   2.5849243   1.5390104

$numeval
[1] 30039

$end_crit
[1] 1

$cpu_time
elapsed 
  546.6 

$Refset
$Refset$x
          [,1]     [,2]      [,3]     [,4]     [,5]     [,6]     [,7]     [,8]     [,9]    [,10]
 [1,] 40.45022 417.8276 0.8814929 15.93191 284.6482 41.83923 31.87422 2.700240 6.853565 1.352808
 [2,] 40.45043 417.7582 0.8811772 15.93228 284.6485 41.84989 31.92072 2.700719 6.852603 1.351606
 [3,] 40.44356 417.8186 0.8825145 15.93040 284.6484 41.85681 31.91772 2.701534 6.852629 1.351580
 [4,] 40.44917 417.7901 0.8809172 15.93120 284.6484 41.85398 31.91933 2.701200 6.852468 1.351348
 [5,] 40.45120 417.6964 0.8812813 15.93186 284.6464 41.85297 31.96796 2.700785 6.852197 1.351320
 [6,] 40.45655 417.7751 0.8783886 15.93368 284.6496 41.84441 31.89335 2.699832 6.850495 1.353508
 [7,] 40.43843 417.7764 0.8813492 15.92704 284.6472 41.83955 31.86946 2.700632 6.856223 1.352615
 [8,] 40.45641 417.7580 0.8813827 15.93172 284.6424 41.84931 31.93727 2.700817 6.850832 1.352429
 [9,] 40.45111 417.6959 0.8812290 15.93253 284.6471 41.85154 31.95139 2.701980 6.856033 1.350935
[10,] 40.45277 420.0186 0.8621992 15.85549 284.6370 41.85990 31.91479 2.700474 6.853067 1.350577
[11,] 42.36610 415.8095 0.8779069 16.52194 285.3575 40.22710 31.39987 3.553574 7.059451 1.436857
[12,] 38.67938 414.4284 0.8493448 20.07690 284.6613 39.68987 31.83745 2.435423 6.030017 2.152144

$Refset$f
 [1] 111.3403 111.3542 111.3542 111.3542 111.4028 111.5903 111.5069 111.6806 111.9601 114.6406 176.4306 375.7344

$Refset$fpen
 [1] 111.3403 111.3542 111.3542 111.3542 111.4028 111.5903 111.5069 111.6806 111.9601 114.6406 176.4306 375.7344

$Refset$const
           [,1]     [,2]     [,3]     [,4]     [,5]
 [1,]  9.078346 29.14643 20.06809 1.750476 2.493358
 [2,]  9.079675 29.14740 20.06772 1.750631 2.496040
 [3,]  9.077766 29.14737 20.06960 1.750596 2.495463
 [4,]  9.078728 29.14753 20.06880 1.750614 2.495724
 [5,]  9.079661 29.14780 20.06814 1.751129 2.498889
 [6,]  9.083182 29.14951 20.06632 1.750360 2.494584
 [7,]  9.070813 29.14378 20.07296 1.750591 2.492884
 [8,]  9.080885 29.14917 20.06828 1.751527 2.496463
 [9,]  9.076494 29.14397 20.06747 1.750953 2.497910
[10,]  9.002425 29.14693 20.14451 1.752100 2.493685
[11,]  9.462491 28.94055 19.47806 1.659483 2.669749
[12,] 14.046882 29.96998 15.92310 1.755738 2.616858

$Refset$penalty
 [1] 0 0 0 0 0 0 0 0 0 0 0 0


