$f
 [1] 622.9948 302.1562 254.9774 246.7257 239.2656 232.8889 228.7049 225.4618 213.3333 202.0712 184.8733 175.3281 174.6181 171.5486 171.1215 168.0503 165.1406 164.4271 164.2448 164.1233 163.9097
[22] 163.5920 163.4757 163.0347 162.8385 161.7396 157.1441 157.1354

$x
          [,1]     [,2]      [,3]     [,4]     [,5]     [,6]     [,7]     [,8]     [,9]    [,10]
xbest 27.49903 405.6752 0.3582460 18.55082 286.2306 47.43361 42.08276 9.293662 7.464990 2.554792
xbest 48.65413 384.3806 0.8195727 26.57420 285.4484 37.50971 34.84832 3.741326 2.000000 1.280003
xbest 48.84163 404.3806 1.0000000 26.57420 285.4484 37.50971 34.84832 3.741326 2.000000 1.280003
xbest 48.86490 398.6103 0.9764787 26.57420 285.4484 37.50971 34.84832 3.741326 2.000000 1.280003
xbest 50.12808 392.6021 0.7829758 26.57420 285.4484 37.50971 34.84832 3.741326 2.000000 1.280003
xbest 49.77087 388.6366 0.8343797 26.57420 285.4484 37.50971 34.84832 3.741326 2.000000 1.280003
xbest 50.49082 385.1259 0.9767046 26.57420 285.4484 37.50971 34.84832 3.741326 2.000000 1.280003
xbest 54.01673 372.0022 0.4792781 17.21667 285.7068 38.67949 35.51479 2.729357 7.950413 3.837090
xbest 50.33543 369.7929 0.4225831 17.05157 285.5751 40.75630 38.46624 2.839181 8.031606 2.822993
xbest 50.32444 369.7701 0.4212240 17.09533 285.5752 40.61404 38.59952 2.821882 8.148600 2.668219
xbest 50.59066 369.5109 0.4120040 17.38990 285.5728 40.38018 38.81582 2.849242 7.801885 3.471632
xbest 50.68855 369.5109 0.3679984 17.38990 285.5761 40.38018 38.81582 2.849242 7.789385 3.471632
xbest 51.83386 407.1909 0.8601038 22.62577 285.3373 39.42378 35.71610 2.184842 3.573728 1.384281
xbest 51.83386 407.1909 0.7926038 22.64335 285.3373 39.42378 35.71610 2.184842 3.573337 1.378344
xbest 52.31268 407.5479 0.8485274 22.39077 285.3456 39.39889 35.74864 2.184089 3.611183 1.345230
xbest 52.31268 407.5479 0.8035274 22.38931 285.3462 39.39264 35.73848 2.184089 3.604933 1.344487
xbest 52.72703 408.1526 0.8518297 22.39114 285.3443 39.41076 35.78502 2.183674 3.301304 1.345565
xbest 52.71531 408.1526 0.8518297 22.39260 285.3443 39.41076 35.78502 2.183674 3.307554 1.345565
xbest 52.83406 408.7393 0.7999778 22.38038 285.3535 39.37381 35.82917 2.178548 3.287563 1.361356
xbest 53.25818 407.3644 0.8199205 22.37895 285.3547 39.35878 35.90638 2.174993 3.289524 1.365775
xbest 52.89041 408.7919 0.8576437 22.37124 285.3533 39.37159 35.82943 2.178468 3.294725 1.360395
xbest 53.25719 407.4877 0.8287086 22.37841 285.3547 39.36399 35.90625 2.175131 3.289377 1.361807
xbest 53.25719 407.4682 0.8287086 22.37841 285.3547 39.36399 35.90625 2.175131 3.289377 1.361807
xbest 52.87826 408.4738 0.8387111 22.38485 285.3490 39.37082 35.83322 2.177667 3.293999 1.361128
xbest 52.87366 408.4424 0.8378899 22.38255 285.3492 39.37026 35.83382 2.177459 3.296590 1.361412
xbest 52.97285 425.3114 0.8456143 19.18768 285.3458 39.37145 35.74682 2.176833 5.012940 1.363049
xbest 52.97285 425.3114 0.8456143 19.19354 285.3458 39.37145 35.74682 2.183083 5.050440 1.363049
xbest 52.97285 425.3114 0.8456143 19.19354 285.3458 39.37145 35.74682 2.183083 5.047315 1.363049

$time
elapsed elapsed elapsed elapsed elapsed elapsed elapsed elapsed elapsed elapsed elapsed elapsed elapsed elapsed elapsed elapsed elapsed elapsed elapsed elapsed elapsed elapsed elapsed elapsed elapsed 
   1.15    3.06    4.65    6.68    8.92   11.00   13.07   15.18   17.21   21.84   26.04   27.57   77.31   78.65  160.32  161.92  165.67  182.32  272.64  284.32  309.28  315.57  318.75  347.85  425.26 
elapsed elapsed elapsed 
 466.12  467.40  468.64 

$neval
 [1]   106   253   341   482   635   782   923  1060  1201  1476  1759  1861  5360  5456 10591 10698 10968 12128 17976 18718 20261 20666 20876 22661 27534 30057 30145 30146

$fbest
[1] 157.1354

$xbest
 [1]  52.9728528 425.3113563   0.8456143  19.1935416 285.3458310  39.3714507  35.7468166   2.1830835   5.0473154   1.3630488

$numeval
[1] 30146

$end_crit
[1] 1

$cpu_time
elapsed 
 468.64 

$Refset
$Refset$x
           [,1]        [,2]        [,3]      [,4]       [,5]      [,6]       [,7]       [,8]      [,9]    [,10]
 [1,] 425.31136  19.1935416  39.3714507  2.183083   1.363049 425.31136 19.1935416  39.371451  2.183083 1.363049
 [2,]  52.97285   0.8456143 285.3458310 35.746817   5.050440  52.97285  0.8456143 285.345831 35.746817 5.050440
 [3,]  52.87366 408.4423869   0.8378899 22.382554 285.349201  39.37026 35.8338237   2.177459  3.296590 1.361412
 [4,]  52.87396 408.4433834   0.8383062 22.382695 285.349235  39.37041 35.8335554   2.177437  3.296415 1.361416
 [5,]  52.87348 408.4416276   0.8380986 22.382597 285.349234  39.37060 35.8338536   2.177455  3.296593 1.361413
 [6,]  52.87408 408.4352168   0.8378648 22.382545 285.349219  39.37020 35.8347054   2.177457  3.296594 1.361416
 [7,]  52.87326 408.4725015   0.8378783 22.381894 285.349403  39.37031 35.8325857   2.177442  3.296342 1.361372
 [8,]  43.18463 102.5591642   0.9738625 29.479099 286.734187  27.36400 28.9128525   6.898764  7.078659 1.252931
 [9,]  52.87371 408.4424075   0.8379624 22.382558 285.349191  39.37026 35.8338386   2.177459  3.296589 1.361412
[10,]  52.97285 425.3113563   0.8456143 19.187682 285.345831  39.37145 35.7468166   2.176833  5.012940 1.363049
[11,]  52.88355 408.3033151   0.8383333 22.382725 285.349389  39.37421 35.8091317   2.175874  3.296770 1.361717
[12,]  65.51298 214.5231591   0.3112780 22.188029 284.706432  40.04270 34.3123239   2.000000  3.144833 3.596989

$Refset$f
 [1]  157.1441  157.1441  162.8385  162.8385  162.8385  162.8385  162.8385 9967.6649  162.8385  161.7396  165.7066 4654.7830

$Refset$fpen
 [1]     157.1441     157.1441     162.8385     162.8385     162.8385     162.8385     162.8385 1186663.9695     162.8385     161.7396     165.7066    4654.7830

$Refset$const
          [,1]      [,2]      [,3]      [,4]     [,5]
 [1,] 30.94956  1.652413 14.143101 16.806458 3.135467
 [2,] 14.14310 16.806458  3.135467 30.949560 1.652413
 [3,] 19.08596 32.703410 13.617446  1.651582 3.146010
 [4,] 19.08628 32.703585 13.617305  1.651579 3.145975
 [5,] 19.08600 32.703407 13.617403  1.651578 3.145988
 [6,] 19.08595 32.703406 13.617455  1.651576 3.146118
 [7,] 19.08555 32.703658 13.618106  1.651556 3.145922
 [8,] 22.40044 28.921341  6.520901  1.407245 4.676696
 [9,] 19.08597 32.703411 13.617442  1.651584 3.146009
[10,] 14.17474 30.987060 16.812318  1.652413 3.135467
[11,] 19.08595 32.703230 13.617275  1.651654 3.142947
[12,] 19.04320 32.855167 13.811971  1.754576 2.807930

$Refset$penalty
 [1] 0.000000 0.000000 0.000000 0.000000 0.000000 0.000000 0.000000 1.176696 0.000000 0.000000 0.000000 0.000000


