$f
 [1] 657.0990 501.5208 199.1042 189.1997 169.9028 156.7118 141.9861 132.9375 128.0990 128.0382 117.7604 116.6007 114.2656 113.4392 108.8663 108.6563 108.5747 108.1632 107.9340 107.8646 107.8490
[22] 107.7951 107.7656 107.6441 107.6441

$x
          [,1]     [,2]      [,3]     [,4]     [,5]     [,6]     [,7]     [,8]     [,9]    [,10]
xbest 33.70177 286.9527 0.3081977 29.51500 285.0390 40.09979 28.59034 7.196758 2.325678 3.140333
xbest 30.91555 385.0258 0.5295227 21.11619 284.4401 42.31295 29.59231 3.796433 5.387473 1.789621
xbest 35.11903 364.7923 0.5097273 21.11619 284.5892 45.54858 29.26731 3.698768 4.611969 1.793852
xbest 44.96829 382.4452 0.5097333 20.13225 285.2133 37.92404 33.91702 3.681396 4.752992 2.883676
xbest 46.72674 397.5710 0.5076819 20.06015 285.3818 37.27247 33.77769 3.603106 4.712155 3.875727
xbest 46.41145 407.3821 0.5076866 19.61344 285.2640 37.09368 33.94031 3.630547 4.543121 4.358826
xbest 46.41145 407.3821 0.5308897 19.63687 285.2265 37.09368 34.26531 3.630547 4.543121 4.358826
xbest 50.08894 383.0275 0.5089109 20.22421 285.3605 36.31193 35.02153 3.555152 4.609339 4.468463
xbest 50.04206 383.0275 0.6326605 20.23740 285.3605 36.31193 35.02153 3.555152 4.628089 4.468463
xbest 47.53633 384.2665 0.5089046 20.21659 285.3151 37.35897 34.43117 3.690475 4.641917 4.781581
xbest 49.73593 383.6336 0.5096876 20.30968 285.3671 36.23612 35.54600 3.667096 4.548878 4.974787
xbest 49.51384 381.8702 0.5090080 20.33875 285.3419 36.26532 35.36908 3.660062 4.603777 4.547216
xbest 49.64227 383.2067 0.5093091 20.31832 285.3594 36.24657 35.56161 3.667549 4.568208 4.999996
xbest 49.58966 381.4910 0.5090619 20.31731 285.3473 36.27244 35.31433 3.659702 4.611715 4.601732
xbest 49.66218 382.9201 0.5093720 20.35088 285.3583 36.25682 35.55544 3.669849 4.569822 4.942111
xbest 49.65161 382.8317 0.5093369 20.36129 285.3561 36.26452 35.54711 3.669956 4.569873 4.933404
xbest 49.65097 383.6213 0.5045579 20.36621 285.3581 36.24092 35.52983 3.665941 4.529787 4.937016
xbest 49.72940 383.1657 0.5089777 20.28373 285.3624 36.34696 35.64941 3.671298 4.571658 4.860010
xbest 49.64733 383.8223 0.4934082 20.36269 285.3601 36.20423 35.54588 3.664824 4.532738 4.933189
xbest 49.65250 382.7945 0.5017052 20.36532 285.3567 36.26501 35.52486 3.666612 4.570727 4.951145
xbest 49.64057 382.8614 0.5042041 20.36664 285.3567 36.26462 35.52538 3.666872 4.570793 4.952573
xbest 49.63728 382.8584 0.5053190 20.36629 285.3567 36.26437 35.52560 3.666892 4.570825 4.952265
xbest 49.66605 383.6318 0.5118176 20.34006 285.3583 36.26081 35.53160 3.666869 4.566434 4.941326
xbest 49.67407 382.4174 0.5090041 20.38082 285.3564 36.26384 35.54102 3.666900 4.562891 4.945764
xbest 49.67407 382.4174 0.5090041 20.38082 285.3564 36.26384 35.54102 3.666900 4.562891 4.945764

$time
elapsed elapsed elapsed elapsed elapsed elapsed elapsed elapsed elapsed elapsed elapsed elapsed elapsed elapsed elapsed elapsed elapsed elapsed elapsed elapsed elapsed elapsed elapsed elapsed elapsed 
   1.08    3.47    6.16    9.83   14.94   22.27   25.16   45.11   46.47   50.03   53.55   57.02   58.73   60.45   62.16   71.63   93.05   96.44   99.86  102.45  111.06  114.45  137.42  208.14  388.84 

$neval
 [1]   106   256   473   764  1180  1737  1971  3466  3580  3853  4126  4398  4534  4673  4810  5555  7291  7571  7852  8056  8729  8999 10810 16106 30123

$fbest
[1] 107.6441

$xbest
 [1]  49.6740697 382.4174360   0.5090041  20.3808230 285.3563582  36.2638423  35.5410202   3.6668998   4.5628913   4.9457642

$numeval
[1] 30123

$end_crit
[1] 1

$cpu_time
elapsed 
 388.84 

$Refset
$Refset$x
          [,1]     [,2]      [,3]     [,4]     [,5]     [,6]     [,7]     [,8]     [,9]    [,10]
 [1,] 49.67781 382.4335 0.5080332 20.37769 285.3574 36.26018 35.56629 3.666601 4.564466 4.948925
 [2,] 49.68656 382.4034 0.5092876 20.38132 285.3572 36.25958 35.56474 3.666498 4.562050 4.949620
 [3,] 49.68445 382.4495 0.5089875 20.37965 285.3573 36.25996 35.56485 3.666602 4.562090 4.946743
 [4,] 49.68044 382.4700 0.5086716 20.37890 285.3574 36.25996 35.56475 3.666592 4.562661 4.949546
 [5,] 49.68367 382.4156 0.5081816 20.37950 285.3573 36.26021 35.56447 3.666619 4.562995 4.946311
 [6,] 49.68220 382.4526 0.5081095 20.37988 285.3573 36.25915 35.56476 3.666509 4.562335 4.944892
 [7,] 49.68756 382.4405 0.5095679 20.37905 285.3574 36.25983 35.56521 3.666590 4.562270 4.947946
 [8,] 49.67703 382.4258 0.5082208 20.37805 285.3574 36.26011 35.56593 3.666598 4.564521 4.948459
 [9,] 49.67928 379.7849 0.5097618 20.44866 285.3575 36.28988 35.56477 3.668666 4.565997 4.909417
[10,] 49.69410 382.1981 0.5093247 20.37728 285.3573 36.25988 35.55361 3.666368 4.572650 4.951707
[11,] 49.75602 384.5814 0.4999466 20.41205 285.6287 37.23073 35.29534 3.548798 4.386062 4.928239
[12,] 53.79778 394.4309 0.5164268 21.15518 285.3727 33.14328 32.35042 3.784982 3.608989 4.854519

$Refset$f
 [1] 107.6441 107.6441 107.6441 107.6441 107.6441 107.6441 107.6441 107.6441 110.8472 107.7813 149.9635 192.0017

$Refset$fpen
 [1] 107.6441 107.6441 107.6441 107.6441 107.6441 107.6441 107.6441 107.6441 110.8472 107.7813 149.9635 192.0017

$Refset$const
          [,1]     [,2]     [,3]     [,4]     [,5]
 [1,] 15.81323 31.43553 15.62231 1.637360 3.489238
 [2,] 15.81927 31.43795 15.61868 1.637398 3.489041
 [3,] 15.81756 31.43791 15.62035 1.637377 3.489042
 [4,] 15.81624 31.43734 15.62110 1.637376 3.489029
 [5,] 15.81650 31.43700 15.62050 1.637386 3.488939
 [6,] 15.81755 31.43767 15.62012 1.637379 3.489135
 [7,] 15.81678 31.43773 15.62095 1.637373 3.489116
 [8,] 15.81353 31.43548 15.62195 1.637360 3.489199
 [9,] 15.88266 31.43400 15.55134 1.637528 3.484745
[10,] 15.80463 31.42735 15.62272 1.637449 3.487383
[11,] 16.02599 31.61394 15.58795 1.601643 3.403736
[12,] 17.54619 32.39101 14.84482 1.635929 3.468124

$Refset$penalty
 [1] 0 0 0 0 0 0 0 0 0 0 0 0


