$f
 [1] 359.0660 237.1736 209.9115 206.9670 206.9462 202.7396 175.9931 175.3437 157.8490 156.8889 152.2917 142.5312 137.8976 136.1632 136.1319 115.6615 110.6493 103.1285 102.6562 102.0694 102.0694

$x
          [,1]     [,2]      [,3]     [,4]     [,5]     [,6]     [,7]     [,8]     [,9]    [,10]
xbest 40.81282 434.4509 0.1766987 24.09208 285.1803 37.68648 26.53090 2.358940 2.270820 2.088193
xbest 44.92575 433.4044 0.2172052 23.21494 285.1096 38.18427 24.94313 2.209458 2.000000 1.612156
xbest 44.92575 433.4044 0.2622052 23.21494 285.1120 38.18427 25.10563 2.209458 2.050000 1.588406
xbest 42.69582 356.1435 0.2931059 25.07015 284.9702 39.17493 27.24534 2.267696 2.539858 1.423978
xbest 41.64775 348.1746 0.2906452 24.96600 284.7658 39.29334 27.46351 2.242330 2.815622 1.200000
xbest 43.24419 356.4384 0.2889375 25.16715 284.9515 39.41290 27.47663 2.265882 2.654459 1.458188
xbest 43.24419 356.4384 0.3789375 25.16715 284.9515 39.40977 27.47663 2.265882 2.654459 1.452251
xbest 46.56864 318.7616 1.0000000 26.00552 285.2297 37.60170 34.17897 2.690769 3.166546 3.186775
xbest 46.56864 318.7414 0.6400000 26.08187 285.2097 37.60170 34.17897 2.690769 3.053241 3.186775
xbest 42.68359 350.2464 0.3242849 24.53457 284.9904 39.27503 29.16628 2.500748 3.077483 1.200002
xbest 42.68359 350.0902 0.3242849 24.52871 284.9904 39.27503 29.16628 2.499967 3.077483 1.205568
xbest 41.24768 340.8132 0.3360837 24.93371 285.4862 40.69800 37.63214 3.172523 3.184588 1.313790
xbest 41.01569 341.1516 0.3285831 24.93212 285.4986 40.70828 37.68500 3.166146 3.202870 1.326535
xbest 41.06256 341.1516 0.3285831 24.94420 285.4986 40.70828 37.76625 3.166146 3.202870 1.327108
xbest 42.06728 339.1784 0.3304565 24.50793 285.5383 40.94398 38.66158 3.156834 3.293582 1.337530
xbest 42.53603 336.6784 0.3183559 24.30733 285.5330 40.94398 38.82408 3.156834 3.290826 1.349405
xbest 41.88942 350.9153 0.3719565 24.36476 285.4959 40.75413 38.42480 3.728091 3.127926 1.557041
xbest 41.88942 350.9153 0.3271322 24.36476 285.4959 40.75256 38.42480 3.728481 3.127926 1.555557
xbest 41.91769 350.9610 0.3567663 24.31508 285.4872 40.74774 38.42337 3.728370 3.131756 1.555958
xbest 41.94113 350.8047 0.3567663 24.31508 285.4872 40.74774 38.42337 3.728370 3.131756 1.556700
xbest 41.94113 350.8047 0.3567663 24.31508 285.4872 40.74774 38.42337 3.728370 3.131756 1.556700

$time
elapsed elapsed elapsed elapsed elapsed elapsed elapsed elapsed elapsed elapsed elapsed elapsed elapsed elapsed elapsed elapsed elapsed elapsed elapsed elapsed elapsed 
   1.08    3.19    4.50   12.20   15.89   17.76   25.06   32.80   46.20  126.31  127.75  143.31  160.48  169.50  224.83  226.73  256.22  257.50  320.67  321.83  432.61 

$neval
 [1]   106   267   362   934  1203  1341  1840  2376  3315  8840  8942 10008 11162 11802 15626 15770 17777 17871 22237 22321 30079

$fbest
[1] 102.0694

$xbest
 [1]  41.9411294 350.8047425   0.3567663  24.3150788 285.4871949  40.7477408  38.4233737   3.7283704   3.1317562   1.5567003

$numeval
[1] 30079

$end_crit
[1] 1

$cpu_time
elapsed 
 432.61 

$Refset
$Refset$x
          [,1]     [,2]      [,3]     [,4]     [,5]     [,6]     [,7]     [,8]     [,9]    [,10]
 [1,] 41.93542 348.6881 0.3883953 24.46628 285.4757 40.77863 38.25262 3.792729 3.064456 1.517262
 [2,] 41.89188 348.9128 0.3778981 24.42527 285.4838 40.77282 38.35045 3.785681 3.084078 1.523369
 [3,] 41.89188 348.8550 0.3788180 24.42523 285.4833 40.77317 38.35262 3.785855 3.086045 1.523274
 [4,] 41.89429 348.9069 0.3785049 24.42533 285.4837 40.77286 38.34869 3.785719 3.084273 1.523144
 [5,] 41.86829 348.6524 0.3795025 24.44968 285.4844 40.77861 38.33679 3.787345 3.076853 1.520143
 [6,] 41.89075 348.8611 0.3793065 24.41484 285.4820 40.76742 38.33468 3.786447 3.093013 1.522402
 [7,] 41.89899 348.8292 0.3798116 24.42447 285.4833 40.77406 38.35251 3.786222 3.087859 1.522710
 [8,] 41.89420 348.8291 0.3795708 24.42510 285.4831 40.77303 38.35131 3.786460 3.087096 1.521779
 [9,] 41.89937 348.7614 0.3810304 24.42168 285.4846 40.77587 38.36680 3.786694 3.092151 1.521419
[10,] 41.89639 348.8228 0.3800226 24.42310 285.4832 40.77500 38.34600 3.786755 3.088362 1.521844
[11,] 41.89928 348.5076 0.3846185 24.46760 285.4759 40.77590 38.25379 3.791824 3.072040 1.519274
[12,] 41.89139 344.6302 0.3784682 24.42338 285.4843 40.81550 38.26461 3.780247 3.196219 1.522751

$Refset$f
 [1] 111.0000 111.0382 111.0382 111.0382 111.0937 111.1198 111.1424 111.1962 111.2708 111.2847 111.2361 116.7656

$Refset$fpen
 [1] 111.0000 111.0382 111.0382 111.0382 111.0937 111.1198 111.1424 111.1962 111.2708 111.2847 111.2361 116.7656

$Refset$const
          [,1]     [,2]     [,3]     [,4]     [,5]
 [1,] 21.40183 32.93554 11.53372 1.627348 3.307543
 [2,] 21.34119 32.91592 11.57473 1.625593 3.322036
 [3,] 21.33918 32.91395 11.57477 1.625661 3.322105
 [4,] 21.34106 32.91573 11.57467 1.625610 3.321808
 [5,] 21.37283 32.92315 11.55032 1.625586 3.319980
 [6,] 21.32183 32.90699 11.58516 1.625925 3.320246
 [7,] 21.33661 32.91214 11.57553 1.625658 3.322010
 [8,] 21.33800 32.91290 11.57490 1.625690 3.321923
 [9,] 21.32953 32.90785 11.57832 1.625409 3.323849
[10,] 21.33474 32.91164 11.57690 1.625718 3.321095
[11,] 21.39556 32.92796 11.53240 1.627296 3.308043
[12,] 21.22716 32.80378 11.57662 1.626104 3.307476

$Refset$penalty
 [1] 0 0 0 0 0 0 0 0 0 0 0 0


