$f
 [1] 1288.7066 1096.4705  980.4497  932.0920  913.2014  878.5938  860.9028  858.0590  819.1719  802.6806  797.5660  792.1493  748.1493  721.7257  714.8646  698.2500  691.6962  691.5278  684.4340
[20]  678.0243  677.1701  671.1458  668.8472  664.2778  657.1198  656.3767  650.4531  645.9809  645.0069  644.6198  632.7760  631.8142  618.1771  618.1372  617.7205  617.7118  617.6007  617.5764
[39]  616.3941  615.2118  615.1233  615.0747  614.8403  613.5417  612.7674  612.6997  612.2396  612.0434  611.8750  611.7691  611.7691

$x
          [,1]     [,2]      [,3]     [,4]     [,5]     [,6]     [,7]     [,8]     [,9]    [,10]
xbest 42.78739 466.1605 0.6784807 16.46544 286.2042 45.75882 29.32740 2.727037 6.534076 3.268809
xbest 46.16908 475.2230 0.5454869 15.00000 286.0842 45.91473 29.44185 2.351323 6.061229 2.726173
xbest 46.26301 455.2230 0.3686003 15.00000 286.0842 45.95237 29.44185 2.351323 5.953133 3.487656
xbest 41.61246 385.9835 0.1875896 18.85900 285.6860 45.69648 31.98471 3.552422 5.438035 3.680132
xbest 42.92093 487.6189 0.2268073 16.39927 286.3889 46.93122 34.82582 2.940096 4.282027 3.429506
xbest 42.51478 500.0000 0.2377292 16.23007 286.4103 47.10899 38.24626 2.940215 3.871512 2.966572
xbest 43.88809 475.5268 0.2052119 15.97824 286.3851 46.88476 34.87939 2.467928 5.020228 3.484409
xbest 43.59936 500.0000 0.2407566 16.31320 286.3902 47.19056 38.84922 2.829752 4.027810 2.658418
xbest 43.59936 499.9609 0.2861081 16.34836 286.3902 47.21868 38.60547 2.823502 3.969997 2.658418
xbest 48.06828 408.5631 0.1989135 16.17560 286.5156 46.84088 35.81496 2.357688 4.330717 2.986612
xbest 48.12101 408.5631 0.1964526 16.17560 286.5156 46.84088 35.81496 2.357688 4.334623 2.985128
xbest 48.14642 408.0231 0.1015825 15.00000 286.5307 48.00000 38.37517 2.149651 3.510054 2.935518
xbest 47.01553 400.2141 0.1156927 17.18505 286.4304 48.00000 38.94530 2.190995 3.250682 2.845967
xbest 46.92403 399.3860 0.1081320 17.18491 286.4392 47.95263 39.37847 2.170860 3.177596 2.816367
xbest 46.92403 399.3860 0.1080880 17.18491 286.4392 47.95263 39.29722 2.170860 3.177596 2.816367
xbest 46.46093 403.5085 0.1247812 16.82380 286.4045 47.94527 39.11787 2.361541 3.440789 2.894167
xbest 46.46093 403.5085 0.1251327 16.82380 286.4045 47.94527 39.07725 2.361541 3.453289 2.894167
xbest 47.71567 403.0499 0.1729243 16.72694 286.3757 47.82296 39.28544 2.367783 3.413677 2.854358
xbest 47.70511 400.8054 0.1695692 16.72570 286.3756 47.82233 39.28415 2.365820 3.419518 2.853382
xbest 47.70511 400.4929 0.1470692 16.72570 286.3756 47.82233 39.28415 2.365820 3.407018 2.853382
xbest 48.23484 387.8745 0.1375665 16.83610 286.3781 47.95348 39.28983 2.342602 3.015801 2.884733
xbest 48.32859 387.8745 0.1375665 16.83610 286.3781 47.95035 39.28983 2.342602 3.018926 2.887702
xbest 47.92079 390.8868 0.1267562 16.86117 286.3903 47.89590 39.23658 2.360703 2.827865 2.925487
xbest 47.99322 392.9295 0.1219591 17.24578 286.4091 47.85527 39.23720 2.358675 2.728125 2.921013
xbest 47.99613 393.3231 0.1291455 17.34223 286.3935 47.87205 39.28900 2.358942 2.563452 2.911122
xbest 47.99630 393.2584 0.1271239 17.32370 286.3896 47.87649 39.27483 2.358957 2.612004 2.904914
xbest 47.91811 398.0484 0.1369027 16.54369 286.3639 47.92431 39.07059 2.360855 2.887157 2.918787
xbest 47.91811 398.0484 0.1369027 16.54369 286.3639 47.92431 39.07059 2.360855 2.890282 2.908396
xbest 48.05042 391.3940 0.1264967 17.89908 286.3998 47.89020 39.36318 2.358906 2.208266 2.909057
xbest 48.12936 391.1886 0.1241931 18.20014 286.4082 47.89185 39.69667 2.354328 2.039699 2.915771
xbest 48.09182 389.7773 0.1246245 18.19072 286.4108 47.88192 40.07866 2.352567 2.000000 2.915235
xbest 48.22758 390.2773 0.1241383 18.45104 286.4251 47.88210 40.18819 2.350204 2.000000 2.913030
xbest 48.19242 390.2773 0.1237867 18.06432 286.4251 47.88210 40.18819 2.350204 2.000000 2.913030
xbest 48.96910 384.4163 0.1150479 17.74357 286.4327 47.85528 40.21620 2.349976 2.000000 2.911585
xbest 48.96910 384.4163 0.1151358 17.74357 286.4327 47.85528 40.25682 2.349976 2.000000 2.911585
xbest 48.17705 392.4410 0.1211553 17.95922 286.4188 47.88403 40.19089 2.350709 2.000000 2.912648
xbest 48.18797 394.0764 0.1209975 17.88642 286.4221 47.88280 40.18973 2.350420 2.001396 2.911879
xbest 48.18672 394.0378 0.1209210 17.87005 286.4242 47.88271 40.18957 2.350466 2.001037 2.911423
xbest 48.19296 395.0076 0.1208579 17.86584 286.4238 47.88233 40.18932 2.350388 2.001596 2.911488
xbest 48.19299 396.2011 0.1214111 17.80848 286.4246 47.88234 40.18901 2.350328 2.002494 2.911009
xbest 48.19299 396.2011 0.1214111 17.80848 286.4246 47.88234 40.18901 2.350328 2.002494 2.910267
xbest 48.18962 393.7922 0.1223249 17.92201 286.4220 47.88175 40.17851 2.350546 2.001471 2.912939
xbest 48.18962 393.8704 0.1226765 17.92201 286.4220 47.88175 40.17851 2.350546 2.001471 2.912196
xbest 48.66451 389.0383 0.1208674 17.81464 286.4233 47.87590 40.25381 2.349551 2.000125 2.910540
xbest 48.65717 389.1397 0.1213455 17.79569 286.4229 47.87412 40.25069 2.349715 2.001146 2.912421
xbest 48.63102 389.3711 0.1214038 17.80147 286.4221 47.87629 40.23975 2.350158 2.001366 2.911874
xbest 48.65916 389.0777 0.1212244 17.79939 286.4231 47.87615 40.25314 2.349613 2.000049 2.910563
xbest 48.67277 388.6006 0.1212540 17.80891 286.4233 47.87485 40.24777 2.349625 2.000335 2.910507
xbest 48.66531 388.8413 0.1212499 17.80296 286.4231 47.87518 40.24621 2.349777 2.000652 2.911391
xbest 48.65469 389.0200 0.1212412 17.80187 286.4228 47.87638 40.25105 2.349791 2.000404 2.910981
xbest 48.65469 389.0200 0.1212412 17.80187 286.4228 47.87638 40.25105 2.349791 2.000404 2.910981

$time
elapsed elapsed elapsed elapsed elapsed elapsed elapsed elapsed elapsed elapsed elapsed elapsed elapsed elapsed elapsed elapsed elapsed elapsed elapsed elapsed elapsed elapsed elapsed elapsed elapsed 
   1.56    4.03    6.93   18.43   20.75   23.09   25.37   30.01   32.32   39.54   58.35   61.06   72.21   79.54   85.53   98.45  111.82  130.32  135.35  139.34  194.10  195.73  200.65  210.48  212.98 
elapsed elapsed elapsed elapsed elapsed elapsed elapsed elapsed elapsed elapsed elapsed elapsed elapsed elapsed elapsed elapsed elapsed elapsed elapsed elapsed elapsed elapsed elapsed elapsed elapsed 
 215.50  218.01  221.90  225.00  227.50  234.92  237.39  248.95  297.81  299.17  305.95  308.14  313.07  315.37  317.71  323.60  354.89  356.43  452.70  458.73  461.35  464.45  470.46  478.34  487.56 
elapsed 
 566.90 

$neval
 [1]   106   252   395  1094  1230  1370  1508  1784  1925  2332  3375  3508  4045  4452  4803  5497  6259  7208  7478  7701 10712 10802 11073 11610 11747 11886 12026 12246 12381 12516 12917 13052
[33] 13687 16296 16375 16784 16919 17189 17326 17464 17808 19550 19635 24302 24646 24784 24929 25207 25615 26087 30132

$fbest
[1] 611.7691

$xbest
 [1]  48.6546938 389.0200092   0.1212412  17.8018690 286.4228431  47.8763758  40.2510461   2.3497910   2.0004041   2.9109811

$numeval
[1] 30132

$end_crit
[1] 1

$cpu_time
elapsed 
  566.9 

$Refset
$Refset$x
          [,1]     [,2]      [,3]     [,4]     [,5]     [,6]     [,7]     [,8]     [,9]    [,10]
 [1,] 32.44406 257.4479 0.9534479 18.36932 284.6091 39.67389 33.57439 3.911794 4.095755 1.383837
 [2,] 48.65796 388.9646 0.1212394 17.80218 286.4230 47.87636 40.25076 2.349774 2.000435 2.910986
 [3,] 48.66298 388.8317 0.1212429 17.80460 286.4232 47.87633 40.25180 2.349674 2.000641 2.910926
 [4,] 48.65372 388.9602 0.1212433 17.80516 286.4230 47.87758 40.24234 2.349787 2.001083 2.911608
 [5,] 48.65441 389.0204 0.1212810 17.80327 286.4230 47.87637 40.24969 2.349793 2.000405 2.910979
 [6,] 48.65454 389.0196 0.1212562 17.80259 286.4228 47.87638 40.25094 2.349764 2.000393 2.910970
 [7,] 48.65903 388.9255 0.1212357 17.80358 286.4231 47.87634 40.25159 2.349670 2.000654 2.910878
 [8,] 48.65573 388.9091 0.1211694 17.80618 286.4229 47.87696 40.24737 2.349707 2.000817 2.910844
 [9,] 48.64994 388.7717 0.1207407 17.80734 286.4747 47.87664 40.22832 2.350173 2.000607 2.909652
[10,] 48.68070 388.3462 0.1212406 17.77738 286.4233 47.87782 40.24341 2.427036 2.000720 2.932293
[11,] 47.09917 349.0545 0.1915428 17.70788 285.9865 44.74353 39.49963 3.528648 4.914667 2.752863
[12,] 45.41249 385.2629 0.5706106 15.44622 286.4622 48.00000 40.60533 2.311709 2.030187 2.536271

$Refset$f
 [1] 15930.6771   611.7691   611.7691   611.7691   611.7691   611.7691   611.7691   611.7691   621.7431   644.4549   980.3715  2953.2812

$Refset$fpen
 [1] 15930.6771   611.7691   611.7691   611.7691   611.7691   611.7691   611.7691   611.7691   621.7431   644.4549   980.3715  2953.2812

$Refset$const
          [,1]     [,2]     [,3]     [,4]     [,5]
 [1,] 14.27356 31.90424 17.63068 1.769142 2.756809
 [2,] 15.80174 33.99957 18.19782 1.512996 3.226888
 [3,] 15.80396 33.99936 18.19540 1.512964 3.227070
 [4,] 15.80408 33.99892 18.19484 1.513040 3.226064
 [5,] 15.80286 33.99960 18.19673 1.513003 3.226785
 [6,] 15.80220 33.99961 18.19741 1.513014 3.226836
 [7,] 15.80293 33.99935 18.19642 1.512981 3.226998
 [8,] 15.80537 33.99918 18.19382 1.513029 3.226499
 [9,] 15.80673 33.99939 18.19266 1.506334 3.248085
[10,] 15.77666 33.99928 18.22262 1.512994 3.226279
[11,] 12.79321 31.08533 18.29212 1.563118 3.227676
[12,] 13.41603 33.96981 20.55378 1.506720 3.266295

$Refset$penalty
 [1] 0 0 0 0 0 0 0 0 0 0 0 0


