$f
 [1] 221.9583 178.3559 145.1858 143.8924 143.3993 140.6493 140.1198 139.3056 128.2448 126.1580 125.2274 124.3160 122.5139 121.8767 117.2274 116.7222 114.9757 113.6441 113.5087 113.0729 112.5799
[22] 112.5260 112.4774 112.3490 112.3385 112.2847 112.2847

$x
          [,1]     [,2]      [,3]     [,4]     [,5]     [,6]     [,7]     [,8]     [,9]    [,10]
xbest 39.06842 394.2713 0.3344690 15.09381 285.8563 43.48159 39.98390 3.278864 7.643314 2.010808
xbest 44.80480 376.3334 0.4100525 19.84371 285.3979 38.40938 32.38127 2.439386 4.646542 1.646491
xbest 44.80480 376.2553 0.3031775 19.84371 285.5854 38.40938 32.38127 2.439386 4.746542 1.741491
xbest 44.72919 376.3120 0.2732452 19.90592 285.4886 38.70279 32.41165 2.266816 4.624364 1.597385
xbest 44.73354 376.4264 0.2547618 19.88374 285.4827 38.75582 32.61927 2.000000 4.582286 1.518852
xbest 45.18032 375.8293 0.3025461 19.81576 285.5643 38.42828 32.20154 2.272487 4.753687 1.764648
xbest 44.78177 374.4003 0.2962670 19.76656 285.5932 38.34022 34.25252 3.156994 4.735372 1.959090
xbest 44.77005 374.5565 0.2962670 19.76656 285.5932 38.34022 34.29314 3.156994 4.735372 1.959090
xbest 44.97032 379.9428 0.2975447 19.92733 285.5761 38.37590 34.16817 3.264589 4.236818 1.771375
xbest 44.91791 379.9428 0.2975447 19.92733 285.5199 38.37590 34.00567 3.264589 4.236818 1.771375
xbest 45.76022 371.6545 0.3681926 20.01560 285.3789 37.99728 35.92518 2.953033 4.607820 2.283783
xbest 45.76022 371.6545 0.3710051 20.01560 285.3789 37.99728 35.92518 2.934283 4.607820 2.248158
xbest 46.38192 370.5126 0.4768629 19.71654 285.3831 38.07930 35.40733 2.931444 4.612352 2.381653
xbest 45.95971 370.5897 0.3791558 19.73441 285.4545 38.10048 35.46037 2.939223 4.654902 2.348440
xbest 45.99316 374.2826 0.3959339 19.79972 285.4763 38.20348 35.82762 2.928473 4.551506 2.274234
xbest 45.99316 374.2826 0.3959339 19.79972 285.4763 38.20348 35.90887 2.928473 4.539006 2.274234
xbest 45.73136 366.7483 0.3998481 19.89292 285.3754 38.07883 35.25871 2.960700 4.681709 2.263357
xbest 45.90445 369.9740 0.3835522 19.74326 285.3905 38.06180 35.64782 2.950610 4.665653 2.309764
xbest 45.81807 368.5615 0.3845888 19.78527 285.3805 38.05994 35.67475 2.955080 4.678099 2.301901
xbest 45.81807 368.5615 0.3842373 19.78527 285.3618 38.06619 35.67475 2.955080 4.665599 2.301901
xbest 45.94055 370.0119 0.3834383 19.73426 285.4049 38.04899 35.92028 2.947512 4.668392 2.305906
xbest 45.94171 370.2105 0.3873074 19.73515 285.3843 38.05328 35.86575 2.948393 4.663395 2.314307
xbest 45.94305 370.5605 0.3855517 19.73635 285.3928 38.04307 35.94658 2.946375 4.657075 2.320234
xbest 45.95358 370.6088 0.3863361 19.72751 285.3902 38.04360 35.95130 2.945354 4.659668 2.323473
xbest 45.95358 370.6088 0.3863361 19.72751 285.3902 38.04360 35.99193 2.945354 4.659668 2.323473
xbest 45.94520 370.5146 0.3867948 19.73649 285.3924 38.04347 35.93877 2.946616 4.657151 2.319810
xbest 45.94520 370.5146 0.3867948 19.73649 285.3924 38.04347 35.93877 2.946616 4.657151 2.319810

$time
elapsed elapsed elapsed elapsed elapsed elapsed elapsed elapsed elapsed elapsed elapsed elapsed elapsed elapsed elapsed elapsed elapsed elapsed elapsed elapsed elapsed elapsed elapsed elapsed elapsed 
   1.25    8.38    9.83   18.93   20.85   22.69   24.43   29.13   30.96   49.24   89.57   90.99  102.83  104.63  108.04  110.77  116.24  119.74  128.66  129.74  150.22  165.00  233.57  255.99  257.19 
elapsed elapsed 
 270.64  408.36 

$neval
 [1]   106   671   784  1481  1626  1764  1900  2257  2391  3674  6769  6862  7678  7817  8088  8308  8717  8991  9677  9768 11297 12453 16995 18429 18502 19458 30016

$fbest
[1] 112.2847

$xbest
 [1]  45.9451997 370.5145916   0.3867948  19.7364900 285.3923627  38.0434695  35.9387715   2.9466158   4.6571515   2.3198101

$numeval
[1] 30016

$end_crit
[1] 1

$cpu_time
elapsed 
 408.36 

$Refset
$Refset$x
          [,1]     [,2]      [,3]     [,4]     [,5]     [,6]     [,7]     [,8]     [,9]    [,10]
 [1,] 45.95477 370.6170 0.3866595 19.73044 285.3929 38.04363 35.95032 2.945671 4.657990 2.321191
 [2,] 45.95817 370.6264 0.3864619 19.73123 285.3926 38.04369 35.95239 2.945729 4.656177 2.321130
 [3,] 45.95699 370.6269 0.3868042 19.73206 285.3929 38.04317 35.94433 2.945992 4.656290 2.320658
 [4,] 45.95693 370.7436 0.3868655 19.72731 285.3928 38.04344 35.94975 2.945665 4.656597 2.321087
 [5,] 45.95878 370.6802 0.3870826 19.72575 285.3924 38.04307 35.94832 2.945489 4.658955 2.322732
 [6,] 45.95615 370.4808 0.3866531 19.73391 285.3926 38.04378 35.95639 2.945936 4.658718 2.321050
 [7,] 45.95474 370.6820 0.3868795 19.72685 285.3926 38.04400 35.92888 2.945369 4.658979 2.320883
 [8,] 45.95189 370.6156 0.3866196 19.73700 285.3928 38.04377 35.93891 2.945566 4.656615 2.320687
 [9,] 45.95815 370.6267 0.3878153 19.72988 285.3923 38.04938 35.89176 2.946173 4.656053 2.321139
[10,] 46.08330 370.6912 0.3840141 19.74747 285.3996 38.00638 35.92096 2.968751 4.640506 2.310600
[11,] 46.17292 386.3684 0.4052055 19.39451 285.6232 38.39376 35.77199 2.341317 4.706031 2.322047
[12,] 45.00309 349.9220 0.6699843 18.87407 285.3554 38.15259 34.99884 3.040612 5.989871 1.594682

$Refset$f
 [1] 112.2847 112.2847 112.2847 112.2847 112.2847 112.2847 112.3125 112.5017 112.6042 128.6302 148.8212 178.2726

$Refset$fpen
 [1] 112.2847 112.2847 112.2847 112.2847 112.2847 112.2847 112.3125 112.5017 112.6042 128.6302 148.8212 178.2726

$Refset$const
          [,1]     [,2]     [,3]     [,4]     [,5]
 [1,] 15.07245 31.34201 16.26956 1.639028 3.316830
 [2,] 15.07505 31.34382 16.26877 1.639061 3.317011
 [3,] 15.07577 31.34371 16.26794 1.639049 3.316140
 [4,] 15.07071 31.34340 16.27269 1.639041 3.316764
 [5,] 15.06679 31.34105 16.27425 1.639111 3.316512
 [6,] 15.07519 31.34128 16.26609 1.639049 3.317493
 [7,] 15.06787 31.34102 16.27315 1.639185 3.313988
 [8,] 15.08039 31.34338 16.26300 1.639103 3.315340
 [9,] 15.07383 31.34395 16.27012 1.639439 3.308581
[10,] 15.10696 31.35949 16.25253 1.637938 3.319459
[11,] 14.68848 31.29397 16.60549 1.605956 3.322868
[12,] 12.88420 30.01013 17.12593 1.649573 3.179033

$Refset$penalty
 [1] 0 0 0 0 0 0 0 0 0 0 0 0


