$f
 [1] 1087.0347  997.1389  922.0712  848.0781  812.3941  794.8628  783.7274  773.0851  756.4878  746.5556  736.6597  726.6389  723.6302  702.1406  700.9670  677.6007  666.1458  660.3281  657.8698
[20]  655.8906  655.5747  654.9774  653.5469  649.8889  649.1337  648.6128  648.5920  648.5590  648.0712  648.0712

$x
          [,1]     [,2]      [,3]     [,4]     [,5]     [,6]     [,7]     [,8]     [,9]    [,10]
xbest 27.99128 420.9753 0.7261932 25.16116 285.0129 43.08837 40.05574 7.921152 2.409388 3.365077
xbest 24.30863 461.6603 0.2045813 19.16640 284.0000 42.27211 26.25138 6.058402 4.781569 4.616099
xbest 24.30863 481.6603 0.2043847 19.26015 284.0375 42.27211 26.92056 6.058402 4.681569 4.616099
xbest 33.76311 403.8033 0.5743855 19.02569 285.1285 44.16883 33.55967 6.054672 5.272987 1.674259
xbest 31.93708 426.2368 1.0000000 23.88644 285.8455 43.41325 38.73286 7.498635 2.728327 2.877976
xbest 31.93708 426.2368 0.9985938 23.88644 285.8267 43.41325 38.89536 7.498635 2.703327 2.877976
xbest 37.34661 454.8346 0.5371401 24.11207 285.1086 39.85176 27.89029 4.685616 2.062633 3.974963
xbest 36.25795 466.4735 0.9204763 24.07359 285.1842 40.10104 27.39873 4.699678 2.014471 4.953579
xbest 36.24916 458.9719 1.0000000 24.07469 285.1842 40.10104 27.39873 4.699678 2.000000 4.953579
xbest 35.62347 394.8265 0.5474492 25.25875 285.8063 42.54887 34.22973 6.080769 2.108414 1.937890
xbest 32.86003 393.2070 0.6016076 24.97315 285.9597 43.77188 35.37440 7.708510 2.058388 1.395235
xbest 35.62395 395.6705 0.5597016 25.30240 285.8073 42.75374 34.23978 6.095602 2.012713 1.932312
xbest 35.62460 395.7723 0.5934830 25.31969 285.8056 42.74905 34.24499 6.097539 2.008609 1.930206
xbest 35.62167 395.7723 0.6398892 25.31969 285.8032 42.74905 34.24499 6.122539 2.058609 1.930206
xbest 37.25181 398.0797 0.4945227 24.30777 285.3878 41.10921 34.72493 5.856179 2.380094 2.804205
xbest 37.25181 398.0797 0.3033386 24.30777 285.3878 41.10921 34.72493 5.856179 2.003927 2.804205
xbest 36.06522 380.7174 0.4624867 25.73361 285.5209 42.43638 35.57209 6.105239 2.080848 2.403370
xbest 36.06522 380.8736 0.5524867 25.73361 285.5209 42.43951 35.57209 6.105239 2.080848 2.403370
xbest 36.25889 379.3019 0.4526987 25.67575 285.5103 42.34992 35.42905 6.101096 2.014200 2.414390
xbest 36.35264 379.3019 0.4526987 25.48825 285.5103 42.34992 35.42905 6.101096 2.001700 2.414390
xbest 36.75460 371.3817 0.4536584 25.73466 285.5052 42.39511 35.39646 6.096148 2.076003 2.419325
xbest 36.69764 371.0583 0.4497951 25.74310 285.5057 42.38720 35.40747 6.096249 2.086806 2.419553
xbest 36.55136 374.7154 0.4639623 25.76029 285.5030 42.36877 35.38861 6.095967 2.043781 2.426327
xbest 36.64511 374.7154 0.4653685 25.76029 285.5030 42.36877 35.38861 6.089717 2.043781 2.429295
xbest 36.62739 376.2154 0.4547254 25.73279 285.5030 42.39227 35.38571 6.096062 2.000190 2.431919
xbest 36.65174 376.2812 0.4597526 25.73805 285.5028 42.38691 35.37629 6.096022 2.005138 2.431611
xbest 36.67376 376.2882 0.4597093 25.72652 285.5025 42.38597 35.37717 6.096051 2.004696 2.431247
xbest 36.65621 376.4039 0.4592310 25.73451 285.5025 42.38718 35.38058 6.095983 2.002035 2.431519
xbest 36.67414 376.4994 0.4591589 25.71964 285.5025 42.38598 35.37408 6.096125 2.004357 2.431278
xbest 36.67414 376.4994 0.4591589 25.71964 285.5025 42.38598 35.37408 6.096125 2.004357 2.431278

$time
elapsed elapsed elapsed elapsed elapsed elapsed elapsed elapsed elapsed elapsed elapsed elapsed elapsed elapsed elapsed elapsed elapsed elapsed elapsed elapsed elapsed elapsed elapsed elapsed elapsed 
   1.22    3.45    5.14    9.58   21.91   27.36   46.81   48.94   50.59   52.81   61.48   65.83   72.89   74.39  181.55  183.53  322.73  324.28  417.41  418.67  420.77  437.88  440.02  441.45  480.39 
elapsed elapsed elapsed elapsed elapsed 
 495.98  499.11  502.05  510.00  518.06 

$neval
 [1]   106   258   373   658  1475  1836  3059  3194  3301  3439  3978  4249  4653  4755 11518 11644 18956 19044 24403 24488 24625 25718 25854 25945 28243 28995 29131 29266 29670 30016

$fbest
[1] 648.0712

$xbest
 [1]  36.6741366 376.4993893   0.4591589  25.7196433 285.5024947  42.3859820  35.3740826   6.0961248   2.0043566   2.4312785

$numeval
[1] 30016

$end_crit
[1] 1

$cpu_time
elapsed 
 518.06 

$Refset
$Refset$x
           [,1]        [,2]        [,3]      [,4]       [,5]      [,6]       [,7]       [,8]      [,9]    [,10]
 [1,] 376.49939  25.7196433  42.3859820  6.096125   2.431278 376.49939 25.7196433  42.385982  6.096125 2.431278
 [2,]  36.67414   0.4591589 285.5024947 35.374083   2.004357  36.67414  0.4591589 285.502495 35.374083 2.004357
 [3,]  36.65054 376.3636753   0.4591862 25.741197 285.502467  42.38755 35.3810886   6.095968  2.002529 2.432049
 [4,]  36.64558 376.2724025   0.4535835 25.733814 285.502451  42.38965 35.3830198   6.095844  2.003703 2.429089
 [5,]  36.62739   0.4547254 285.5030119 35.385709   2.000190  36.62739  0.4547254 285.503012 35.385709 2.000190
 [6,]  36.62739 376.2153763   0.4547254 25.732790 285.503012  42.39227 35.3857087   6.096062  2.000190 2.431919
 [7,]  36.64489 375.8877288   0.4577060 25.734410 285.504137  42.39069 35.3977088   6.095936  2.014636 2.431245
 [8,]  36.74729 373.9118549   0.4645037 25.760333 285.504012  42.38994 35.3999386   6.095925  2.030299 2.425346
 [9,]  34.67246 376.2211880   0.4897473 25.929970 285.476422  43.44010 35.0805150   6.243197  2.032733 2.662537
[10,]  36.22930 341.0618085   0.4606828 26.637139 285.537631  42.24998 35.1882521   6.504322  2.001939 2.863030
[11,]  33.00248 461.8296179   0.1265261 23.532405 286.344250  41.79647 30.8153713   5.599238  2.000000 2.261603
[12,]  31.47002 107.1529888   0.9461201 27.633943 287.000000  48.00000 24.0000000   9.063391  7.499859 1.200000

$Refset$f
 [1]  648.0712  648.0712  648.3889  648.6128  649.1337  649.1337  649.7135  649.9740  717.7500  903.7674 1103.1215 2860.4479

$Refset$fpen
 [1]  648.0712  648.0712  648.3889  648.6128  649.1337  649.1337  649.7135  649.9740  717.7500  903.7674 1103.1215 6706.8990

$Refset$const
          [,1]      [,2]      [,3]      [,4]     [,5]
 [1,] 33.99564  1.637686 23.715287 10.280357 2.886580
 [2,] 23.71529 10.280357  2.886580 33.995643 1.637686
 [3,] 23.73867 33.997471 10.258803  1.637679 2.887059
 [4,] 23.73011 33.996297 10.266186  1.637681 2.887070
 [5,] 23.73260 10.267210  2.887257 33.999810 1.637602
 [6,] 23.73260 33.999810 10.267210  1.637602 2.887257
 [7,] 23.71977 33.985364 10.265590  1.637419 2.888686
 [8,] 23.73003 33.969701 10.239667  1.637430 2.888897
 [9,] 23.89724 33.967267 10.070030  1.643117 2.785468
[10,] 24.63520 33.998061  9.362861  1.632985 2.889534
[11,] 21.53241 34.000000 12.467595  1.541064 2.815021
[12,] 20.13408 28.500141  8.366057  1.496154 2.386291

$Refset$penalty
 [1] 0.000000000 0.000000000 0.000000000 0.000000000 0.000000000 0.000000000 0.000000000 0.000000000 0.000000000 0.000000000 0.000000000 0.003846451


