$f
 [1] 1187.75347  433.42188  186.33681  182.64757  164.86806  151.84201  151.59722  133.30035  132.74479  131.74826  112.92361  100.57292   98.34722   98.17014   97.41319   95.99306   94.65972
[18]   94.58160   94.42882   94.21528   92.51736   91.98785   89.90625   89.76910   89.17187   88.81076   88.75521   88.71528   88.08333   87.76910   87.73785   87.59201   87.56076   87.37153
[35]   87.27604   87.26215   87.05382   87.03993   86.89583   86.72917   86.69444   86.35417   86.31424   86.16840   86.13021

$x
          [,1]     [,2]      [,3]     [,4]     [,5]     [,6]     [,7]     [,8]     [,9]    [,10]
xbest 31.01722 185.3350 0.2950641 25.89426 284.3424 45.19143 37.58519 5.342423 4.758604 1.535286
xbest 36.17782 354.9214 0.1085278 17.79802 285.6398 39.49018 33.24347 2.000000 6.771907 2.121180
xbest 47.47332 256.6567 0.1000000 18.85868 285.5180 41.75292 36.27170 2.000196 6.771907 2.627473
xbest 46.99815 315.3213 0.1834071 18.25485 285.9042 39.70508 31.91112 2.689994 7.002456 2.829011
xbest 45.67705 315.6477 0.1936065 19.62000 285.5648 39.51728 33.14946 2.032368 6.293158 2.681904
xbest 46.09701 316.8716 0.2062033 19.66678 285.5554 39.35752 33.06526 2.225562 6.331944 2.700947
xbest 47.87532 297.7784 0.2010881 20.24392 285.8184 39.44240 31.93334 2.055621 6.283917 2.792019
xbest 47.87532 297.7784 0.2061584 20.24392 285.7725 39.26212 32.22629 2.055621 6.358917 2.725453
xbest 46.60798 321.7852 0.2452798 19.17320 285.2553 39.15245 31.88281 2.406079 6.613357 3.182304
xbest 46.63142 321.7852 0.2452798 19.17613 285.2553 39.15245 31.84219 2.406079 6.613357 3.182304
xbest 46.47745 348.9738 0.8084431 18.12136 285.2268 39.31281 30.51813 2.321184 6.997469 1.365830
xbest 46.47684 365.8801 0.9567231 17.05216 285.2245 39.32301 30.07525 2.380939 7.348851 1.339540
xbest 46.47853 377.4996 0.9103620 15.91080 285.2357 39.30953 29.82015 2.435119 7.694213 1.356024
xbest 46.47853 377.4215 0.9103620 15.91080 285.2169 39.30953 29.82015 2.435119 7.694213 1.356024
xbest 46.49632 364.6974 0.8946797 17.59157 285.2523 39.40369 30.99066 2.343481 7.003856 1.237613
xbest 46.63070 369.2909 0.7669963 17.33125 285.2526 39.36803 31.35169 2.315241 6.996952 1.294150
xbest 46.71924 368.9282 0.7965950 17.22276 285.2526 39.36420 31.25268 2.314259 6.994393 1.277474
xbest 46.71924 369.0063 0.7965950 17.22276 285.2526 39.36420 31.25268 2.314259 6.994393 1.278216
xbest 46.74269 355.8768 0.8013053 17.93728 285.2532 39.36206 31.25414 2.322505 6.945705 1.287807
xbest 47.07335 354.4383 0.9088821 17.94221 285.2605 39.32800 30.87807 2.285866 6.938057 1.280362
xbest 47.40537 353.6317 0.8873994 17.94495 285.2691 39.32740 30.91151 2.287438 6.882735 1.271817
xbest 47.62176 353.5677 0.8909991 17.93794 285.2690 39.32471 30.89512 2.287339 6.857839 1.271808
xbest 46.98421 354.3952 0.8459533 17.88230 285.2707 39.32256 30.89765 2.230943 6.948008 1.280249
xbest 46.98421 354.3952 0.8459533 17.88230 285.2519 39.32256 30.89765 2.230943 6.948008 1.280249
xbest 47.30686 355.5415 0.8760399 17.94718 285.2506 39.32588 30.95286 2.289351 6.830200 1.285337
xbest 47.30686 355.5415 0.8985399 17.94718 285.2506 39.32588 30.95286 2.289351 6.830200 1.288305
xbest 47.37953 355.9431 0.9717603 17.97725 285.2351 39.34005 30.89112 2.292683 6.798295 1.290292
xbest 47.37540 355.9456 0.9703478 17.97777 285.2351 39.33994 30.89117 2.292981 6.798018 1.290400
xbest 47.33176 355.0887 0.9279544 17.91683 285.2472 39.33383 30.88921 2.277433 6.869863 1.287490
xbest 47.33176 355.0887 0.9504544 17.91683 285.2472 39.33383 30.88921 2.277433 6.869863 1.287490
xbest 47.42788 367.7302 0.9777858 17.26634 285.2360 39.33678 30.84905 2.280967 6.996661 1.287346
xbest 47.42788 367.7302 0.9550000 17.26634 285.2360 39.33639 30.84905 2.280967 6.996661 1.287346
xbest 47.47063 368.4650 0.9722612 17.29034 285.2364 39.33172 30.89492 2.280674 6.955979 1.286875
xbest 47.48156 368.2760 0.9662620 17.29076 285.2367 39.33103 30.92011 2.279121 6.945844 1.285419
xbest 47.48156 368.2760 0.9662620 17.29076 285.2367 39.33103 30.92011 2.279121 6.948969 1.285419
xbest 47.39528 377.2740 0.9549097 16.81439 285.2357 39.33850 30.85809 2.281601 7.024436 1.288711
xbest 47.43030 372.5925 0.9754960 17.29442 285.2353 39.33332 30.76692 2.293132 6.850266 1.288728
xbest 47.43030 372.5925 0.9754960 17.29442 285.2353 39.33332 30.76692 2.293132 6.850266 1.290212
xbest 47.31766 371.3553 0.9760718 17.33153 285.2527 39.32360 30.84878 2.292721 6.859694 1.292684
xbest 47.29551 371.3490 0.9756031 17.33740 285.2600 39.32691 30.85743 2.292946 6.861154 1.292922
xbest 47.27292 371.3638 0.9758637 17.33246 285.2602 39.32671 30.85915 2.292488 6.867611 1.285631
xbest 47.19492 371.3551 0.9720394 17.27105 285.2601 39.33385 30.85527 2.293293 6.896278 1.285925
xbest 47.19492 371.3356 0.9720394 17.27105 285.2601 39.33385 30.85527 2.293293 6.896278 1.285925
xbest 47.25781 372.5078 0.9741006 17.21058 285.2556 39.31263 30.86535 2.284219 6.906611 1.294337
xbest 47.25195 372.5078 0.9741006 17.21058 285.2556 39.31263 30.86535 2.284219 6.906611 1.294337

$time
elapsed elapsed elapsed elapsed elapsed elapsed elapsed elapsed elapsed elapsed elapsed elapsed elapsed elapsed elapsed elapsed elapsed elapsed elapsed elapsed elapsed elapsed elapsed elapsed elapsed 
   1.43    4.18    7.35   19.47   22.10   24.46   29.82   34.47   89.77   91.11   94.02  101.41  113.43  116.63  122.35  139.19  141.72  143.61  156.32  161.18  163.50  165.97  199.61  201.05  219.89 
elapsed elapsed elapsed elapsed elapsed elapsed elapsed elapsed elapsed elapsed elapsed elapsed elapsed elapsed elapsed elapsed elapsed elapsed elapsed elapsed 
 228.99  247.46  255.10  266.38  283.04  411.30  413.19  425.47  431.02  439.63  442.18  463.55  468.07  506.66  515.16  525.41  530.49  534.30  541.97  553.25 

$neval
 [1]   106   261   442  1150  1292  1430  1704  1956  4944  5029  5163  5570  6260  6475  6744  7686  7823  7902  8589  8860  8996  9131 10966 11040 11992 12482 13426 13832 14445 15326 22439 22519
[33] 23199 23471 23958 24094 25182 25390 27701 28170 28705 28973 29183 29587 30127

$fbest
[1] 86.13021

$xbest
 [1]  47.2519466 372.5077507   0.9741006  17.2105832 285.2555737  39.3126328  30.8653479   2.2842195   6.9066109   1.2943368

$numeval
[1] 30127

$end_crit
[1] 1

$cpu_time
elapsed 
 553.25 

$Refset
$Refset$x
           [,1]        [,2]        [,3]      [,4]        [,5]      [,6]       [,7]       [,8]      [,9]     [,10]
 [1,]  47.25781 372.5077507   0.9741006 17.210583 285.2555737  39.31263 30.8653479   2.284219  6.906611 1.2943368
 [2,]  47.19492   0.9720394 285.2601186 30.855272   6.8962776  47.19492  0.9720394 285.260119 30.855272 6.8962776
 [3,] 371.33556  17.2710504  39.3338540  2.293293   1.2859253 371.33556 17.2710504  39.333854  2.293293 1.2859253
 [4,]  47.20935 371.4726170   0.9716207 17.281041 285.2576811  39.32643 30.8543863   2.292664  6.885080 1.2864031
 [5,]  47.27825 372.5533392   0.9721496 17.212702 285.2568431  39.31209 30.8643364   2.284219  6.903697 1.2941882
 [6,]  47.42384 371.3851907   0.9822821 17.496403 285.2351073  39.30817 30.8676658   2.287802  6.757102 1.2905688
 [7,]  47.24776 371.8181030   0.9675100 17.258186 285.2556531  39.31391 30.8603340   2.287200  6.893770 1.2883400
 [8,]  47.42385 371.3823027   0.9822377 17.496256 285.2351958  39.30838 30.8674431   2.287774  6.757070 1.2906050
 [9,] 371.35529  17.3315301  39.3236006  2.292721   1.2926840 371.35529 17.3315301  39.323601  2.292721 1.2926840
[10,] 285.25266  30.8487801   6.8596938 47.317665   0.9760718 285.25266 30.8487801   6.859694 47.317665 0.9760718
[11,]  47.33125 372.4398283   0.9686334 17.309849 285.2340357  39.31338 30.8460336   2.282274  6.846313 1.2870561
[12,]  47.44558 371.5445356   0.9772091 17.341790 285.2419269  39.31736 30.8262487   2.288134  6.844326 1.2917675

$Refset$f
 [1] 86.16840 86.31424 86.31424 86.39062 86.65972 86.76736 86.67361 86.83854 86.89583 86.89583 86.98438 87.07118

$Refset$fpen
 [1] 86.16840 86.31424 86.31424 86.39062 86.65972 86.76736 86.67361 86.83854 86.89583 86.89583 86.98438 87.07118

$Refset$const
           [,1]      [,2]      [,3]      [,4]      [,5]
 [1,] 10.303972 29.093389 18.789417  1.672796  2.662587
 [2,] 10.374773 18.728950  2.661374 29.103722  1.672188
 [3,] 29.103722  1.672188 10.374773 18.728950  2.661374
 [4,] 10.395960 29.114920 18.718959  1.672510  2.661270
 [5,] 10.309005 29.096303 18.787298  1.672629  2.662800
 [6,] 10.739301 29.242898 18.503597  1.675486  2.658888
 [7,] 10.364417 29.106230 18.741814  1.672782  2.662120
 [8,] 10.739186 29.242930 18.503744  1.675474  2.658875
 [9,] 29.140306  1.673167 10.471836 18.668470  2.659969
[10,]  2.659969 29.140306  1.673167 10.471836 18.668470
[11,] 10.463536 29.153687 18.690151  1.675612  2.656610
[12,] 10.497464 29.155674 18.658210  1.674564  2.656372

$Refset$penalty
 [1] 0 0 0 0 0 0 0 0 0 0 0 0


