$f
 [1] 3939.4410 1680.7465 1312.6424 1158.6458 1074.7674 1038.1319 1002.0990  982.2812  952.1493  946.7674  921.9774  915.4601  893.5017  886.3403  886.2778  879.1910  876.7743  870.0434  868.6753
[20]  867.0469  864.3976  862.2344  843.9583  843.9236  843.9080  843.8819  843.6458  843.3958  843.3819  843.3802  843.3507  843.0747  843.0590  843.0347  843.0191  840.8385  840.5122  840.5122

$x
          [,1]     [,2]      [,3]     [,4]     [,5]     [,6]     [,7]     [,8]     [,9]    [,10]
xbest 24.25334 108.4399 0.7772038 23.76862 285.5874 40.44655 28.74691 6.024705 7.422234 4.936765
xbest 31.43746 327.5731 0.3529694 20.37430 285.7148 43.21898 25.92847 5.471410 3.752668 2.310689
xbest 31.47344 324.8597 1.0000000 20.36980 285.7363 44.01898 26.29183 5.250201 3.791041 2.293601
xbest 42.29709 312.3934 1.0000000 20.59976 285.5712 43.55142 24.41454 3.102917 3.419021 1.929792
xbest 35.66513 337.7089 0.9025257 20.75572 285.5498 47.35859 24.30325 2.055337 3.151681 2.273730
xbest 44.54113 334.0973 1.0000000 20.58275 285.6811 43.77321 24.64458 2.000000 2.882848 1.744783
xbest 40.87420 300.1165 0.3830971 20.90584 285.9062 44.31918 27.18595 2.000000 3.691153 2.688793
xbest 51.33755 334.1977 0.9846177 20.61402 285.7195 40.51788 25.02581 2.000000 2.766283 1.610631
xbest 44.27823 314.6626 0.7699575 20.59442 285.7027 42.76668 26.34484 2.023940 3.369327 2.356334
xbest 47.46772 306.1663 0.7742467 20.51041 285.7667 40.60046 26.64592 2.023050 3.534522 2.350732
xbest 47.37397 309.9163 1.0000000 20.51041 285.7667 40.52546 26.88967 2.023050 3.534522 2.350732
xbest 43.60315 307.2070 0.5029804 20.66406 285.8258 44.19276 27.02854 2.046662 3.428208 1.958074
xbest 41.50392 299.9049 0.5027323 21.19505 285.8861 44.20337 27.07686 2.054263 3.486523 1.946248
xbest 42.36033 305.4604 0.5029265 21.00288 285.8476 44.19228 27.04256 2.047130 3.445301 1.958376
xbest 42.36033 305.4604 0.5029265 21.00288 285.8476 44.19228 27.04256 2.047130 3.445301 1.957634
xbest 43.37793 305.4732 0.5527349 20.78061 286.5030 44.13100 33.49985 2.069633 3.547043 1.926378
xbest 43.21038 305.6501 0.5523793 20.78594 286.4217 44.12868 32.93794 2.065010 3.503483 1.945460
xbest 43.16954 305.5914 0.5522750 20.78760 286.4421 44.12776 32.96624 2.066093 3.505714 1.954612
xbest 43.16954 305.5914 0.5072750 20.78760 286.4421 44.12776 32.96624 2.066093 3.505714 1.954612
xbest 43.17541 305.9809 0.5597999 20.76720 286.4850 44.15600 33.31444 2.066086 3.502874 1.944566
xbest 43.17541 305.9809 0.5372999 20.76720 286.4853 44.15287 33.31444 2.066086 3.502874 1.941597
xbest 43.38839 297.7631 0.3185101 22.25368 286.5612 44.50259 34.23565 2.060226 2.930574 1.961724
xbest 43.19512 297.7631 0.3635101 22.25368 286.5612 44.51547 34.55019 2.060226 2.930574 1.961724
xbest 43.32394 302.8414 0.5276873 21.00675 286.4989 43.55985 34.81206 2.028179 3.499123 1.934029
xbest 43.31808 302.8414 0.5276873 21.00675 286.4989 43.55985 34.81206 2.028179 3.499123 1.934029
xbest 43.33874 302.7915 0.5300818 21.00311 286.4977 43.52327 34.82609 2.028684 3.501715 1.933168
xbest 43.34460 302.7915 0.5300818 21.00311 286.4977 43.52327 34.82609 2.028684 3.501715 1.933168
xbest 43.35152 302.8276 0.5307860 21.00138 286.4973 43.51841 34.84739 2.028697 3.501778 1.932451
xbest 43.34482 302.8266 0.5307701 21.00250 286.4973 43.52174 34.82968 2.028923 3.501296 1.932116
xbest 43.35162 302.8235 0.5310732 21.00138 286.4973 43.51828 34.84874 2.028748 3.501802 1.932449
xbest 43.36018 302.8240 0.5308166 21.00106 286.4974 43.51611 34.85955 2.028653 3.501860 1.932412
xbest 43.36235 302.8153 0.5325186 21.00166 286.4973 43.51734 34.83905 2.028438 3.501718 1.932989
xbest 43.35176 302.8002 0.5325306 21.00283 286.4970 43.51797 34.83764 2.028493 3.501712 1.932628
xbest 43.36234 302.8158 0.5329934 21.00188 286.4981 43.51754 34.83830 2.028431 3.501679 1.932938
xbest 43.36235 302.8167 0.5337395 21.00192 286.4991 43.51739 34.83815 2.028424 3.501655 1.932920
xbest 43.32084 303.6920 0.5338674 21.00064 286.4987 43.52016 34.88812 2.027241 3.473991 1.950429
xbest 43.32084 303.6920 0.5338674 21.00064 286.4987 43.52016 34.92875 2.027241 3.473991 1.950429
xbest 43.32084 303.6920 0.5338674 21.00064 286.4987 43.52016 34.92875 2.027241 3.473991 1.950429

$time
elapsed elapsed elapsed elapsed elapsed elapsed elapsed elapsed elapsed elapsed elapsed elapsed elapsed elapsed elapsed elapsed elapsed elapsed elapsed elapsed elapsed elapsed elapsed elapsed elapsed 
   3.84   10.64   21.20   42.70   50.65   57.87   72.12   79.46   86.57   94.12   99.32  106.45  127.59  155.95  173.98  209.34  229.93  236.54  247.71  310.90  322.67  375.64  393.87 1014.75 1018.51 
elapsed elapsed elapsed elapsed elapsed elapsed elapsed elapsed elapsed elapsed elapsed elapsed elapsed 
1053.68 1092.85 1129.59 1151.18 1158.25 1165.90 1176.10 1204.93 1212.09 1250.43 1491.90 1495.48 1535.23 

$neval
 [1]   106   260   465   902  1048  1192  1475  1622  1763  1902  2013  2148  2556  3094  3442  4122  4527  4663  4877  6093  6321  7415  7780 19977 20051 20727 21488 22178 22590 22726 22866 23072
[33] 23623 23761 24514 29294 29367 30044

$fbest
[1] 840.5122

$xbest
 [1]  43.3208387 303.6919756   0.5338674  21.0006450 286.4987469  43.5201628  34.9287472   2.0272407   3.4739908   1.9504290

$numeval
[1] 30044

$end_crit
[1] 1

$cpu_time
elapsed 
1535.23 

$Refset
$Refset$x
           [,1]        [,2]        [,3]      [,4]       [,5]      [,6]       [,7]       [,8]      [,9]    [,10]
 [1,]  43.32084   0.5338674 286.4987469 34.928747   3.473991  43.32084  0.5338674 286.498747 34.928747 3.473991
 [2,] 303.69198  21.0006450  43.5201628  2.027241   1.950429 303.69198 21.0006450  43.520163  2.027241 1.950429
 [3,]  43.32084 303.6919756   0.5338674 21.000645 286.498747  43.52016 34.8881222   2.027241  3.473991 1.950429
 [4,]  43.36403 303.0116855   0.5320826 20.996564 286.494946  43.51381 34.8687486   2.028911  3.500219 1.932211
 [5,]  43.42531 301.6221879   0.5344749 21.015729 286.494594  43.52370 34.8770431   2.028524  3.506761 1.932729
 [6,]  43.44551 301.3089089   0.5374391 21.028334 286.497946  43.52477 34.7704415   2.028195  3.492833 1.948931
 [7,]  43.35926 302.8578771   0.5339976 21.001447 286.490598  43.51711 34.8614367   2.029339  3.500323 1.934463
 [8,]  43.39602 301.3983183   0.5161041 21.031134 286.493018  43.54103 34.8877326   2.035549  3.512055 1.933198
 [9,]  43.34787 302.2363160   0.5347055 21.018190 286.497034  43.52010 34.8753642   2.027579  3.504713 1.935733
[10,]  43.29661 301.6263304   0.5266106 21.139392 286.484984  43.52439 34.8790775   2.030504  3.460112 1.937483
[11,]  43.40783 303.1257507   0.5339067 21.000662 286.495620  43.52537 34.8749025   2.027396  3.474382 1.949791
[12,]  43.35630 302.0872568   0.5344092 20.995452 286.495075  43.51795 34.8594488   2.025271  3.515763 1.921966

$Refset$f
 [1] 840.5122 840.5122 840.8385 843.9896 844.4601 844.4844 845.0712 845.2535 845.5573 845.8472 845.5365 846.7656

$Refset$fpen
 [1] 840.5122 840.5122 840.8385 843.9896 844.4601 844.4844 845.0712 845.2535 845.5573 845.8472 845.5365 846.7656

$Refset$const
          [,1]      [,2]      [,3]      [,4]     [,5]
 [1,] 17.52665 14.999355  3.107905 32.526009 1.511096
 [2,] 32.52601  1.511096 17.526654 14.999355 3.107905
 [3,] 17.52665 32.526009 14.999355  1.511280 3.104321
 [4,] 17.49635 32.499781 15.003436  1.511826 3.101417
 [5,] 17.50897 32.493239 14.984271  1.511869 3.101297
 [6,] 17.53550 32.507167 14.971666  1.511928 3.093312
 [7,] 17.50112 32.499677 14.998553  1.512422 3.098663
 [8,] 17.51908 32.487945 14.968866  1.512083 3.100334
 [9,] 17.51348 32.495287 14.981810  1.511555 3.102459
[10,] 17.67928 32.539888 14.860608  1.513081 3.097281
[11,] 17.52628 32.525618 14.999338  1.511755 3.101435
[12,] 17.47969 32.484237 15.004548  1.511867 3.100363

$Refset$penalty
 [1] 0 0 0 0 0 0 0 0 0 0 0 0


