$f
 [1] 595.4948 427.2083 364.6562 323.4844 310.6076 310.0486 299.1927 274.8906 273.2639 268.1910 256.1354 255.1580 255.0660 254.3733 254.3472 254.1667 243.8681 208.4757 201.6337 199.0208 198.4514
[22] 198.2969 191.4549 190.0972 189.1892 189.1597 188.8142 188.2240 188.1406 188.0781 187.9965 187.9462 187.9288 187.8594 187.3785 187.3785

$x
          [,1]     [,2]      [,3]     [,4]     [,5]     [,6]     [,7]     [,8]      [,9]    [,10]
xbest 28.26973 159.4292 0.4182806 25.67360 284.8357 45.92764 36.62047 8.332815  8.894550 3.399640
xbest 48.85008 280.3152 0.6697486 19.97802 286.1237 29.95958 25.03978 7.439159 10.000000 5.000000
xbest 49.11525 280.3152 0.7372486 19.82886 286.0574 29.95958 27.19988 6.568448 10.000000 4.430000
xbest 45.49481 274.0584 0.6026345 24.67727 285.2300 34.54631 28.80656 6.364813  6.640298 3.760766
xbest 53.46291 256.0698 0.6909865 22.41573 285.9476 32.70504 30.80850 6.027416  8.251441 2.928339
xbest 50.66677 271.0840 0.7126265 20.04877 286.0251 31.64638 28.31653 7.317451  9.383989 3.774803
xbest 50.29940 259.1504 0.6416920 23.11671 286.0214 32.90391 29.31899 6.148405  7.884078 3.060617
xbest 52.70658 255.9202 0.6900441 22.38911 285.9892 32.73525 30.74830 6.124462  8.253302 2.912733
xbest 52.70658 255.9202 0.7350441 22.38911 285.9892 32.73525 30.74830 6.124462  8.253302 2.911249
xbest 47.37111 260.1861 0.6452832 24.04393 285.3837 33.18240 31.50498 6.208713  7.407497 2.938426
xbest 47.55861 260.1861 0.8252832 24.04393 285.3837 33.18240 31.50498 6.209494  7.407497 2.932303
xbest 47.18988 260.0820 0.6663976 24.17287 285.3824 33.08622 31.49808 6.207094  7.357944 2.939829
xbest 47.19574 260.0820 0.6663976 24.17287 285.3824 33.08622 31.49808 6.207094  7.357944 2.939829
xbest 51.30307 257.3973 0.7731051 22.91527 285.9965 33.49599 28.92575 6.201492  7.799176 3.053889
xbest 47.56600 259.7771 0.6730076 24.03733 285.3819 33.08502 31.49159 6.206955  7.389987 2.940829
xbest 47.56600 259.7966 0.6730076 24.03733 285.3819 33.08502 31.49159 6.206955  7.389987 2.940829
xbest 49.23908 311.9499 0.6445753 21.52027 285.1942 33.15208 31.43565 5.222814  7.410818 3.407922
xbest 49.99494 313.1999 0.6783253 21.52027 285.2552 33.15208 32.08565 5.222814  7.323318 3.384172
xbest 47.46515 305.6925 0.8629838 22.27135 285.4885 36.57234 32.59977 5.260199  6.736989 3.539754
xbest 47.51724 305.6269 0.8603371 22.26777 285.4929 36.56687 32.57700 5.260237  6.760794 3.529316
xbest 47.59393 303.2176 0.8576194 22.26728 285.4892 36.57008 32.53267 5.259255  6.790737 3.546410
xbest 47.62849 302.3194 0.8576401 22.26754 285.4885 36.56239 32.50248 5.259157  6.810388 3.554119
xbest 48.09303 302.3492 0.8574408 22.26413 285.4887 36.59169 32.46605 5.261884  6.633332 3.545480
xbest 47.88171 301.8957 0.8539092 22.26315 285.4906 36.59764 32.46501 5.261432  6.681613 3.532901
xbest 47.97278 301.8871 0.8203343 22.28736 285.4903 36.59431 32.55347 5.261089  6.624927 3.529271
xbest 48.01324 302.4910 0.8478017 22.29293 285.4867 36.62340 32.40796 5.259087  6.598253 3.538238
xbest 48.01324 302.4910 0.9153017 22.29293 285.4867 36.62340 32.40796 5.259135  6.598253 3.538238
xbest 47.96594 302.2354 0.8572504 22.26658 285.4881 36.60710 32.54498 5.259815  6.637296 3.536434
xbest 47.99963 302.7158 0.8540301 22.26435 285.4890 36.59362 32.50044 5.259827  6.619377 3.541411
xbest 48.00554 302.5559 0.8543421 22.26390 285.4891 36.59701 32.47344 5.259823  6.621876 3.543990
xbest 48.00265 302.6922 0.8397819 22.26239 285.4907 36.59751 32.49892 5.260254  6.621181 3.544155
xbest 47.99168 302.3703 0.8512895 22.27136 285.4888 36.60768 32.53142 5.259308  6.628548 3.535924
xbest 48.03407 302.8596 0.9007678 22.26933 285.4837 36.59122 32.49106 5.259677  6.612403 3.545111
xbest 48.04583 303.0629 0.9252738 22.26959 285.4846 36.59503 32.47902 5.259726  6.611556 3.543234
xbest 48.04583 303.0629 0.9252738 22.27252 285.4846 36.59503 32.56027 5.259726  6.611556 3.546202
xbest 48.04583 303.0629 0.9252738 22.27252 285.4846 36.59503 32.56027 5.259726  6.611556 3.546202

$time
elapsed elapsed elapsed elapsed elapsed elapsed elapsed elapsed elapsed elapsed elapsed elapsed elapsed elapsed elapsed elapsed elapsed elapsed elapsed elapsed elapsed elapsed elapsed elapsed elapsed 
   1.17    3.18    4.95    8.78   10.57   12.39   21.29   23.07   24.06   48.95   50.28  114.48  115.50  119.34  121.21  135.32  178.96  180.78  246.68  249.31  252.90  254.78  256.62  260.39  262.26 
elapsed elapsed elapsed elapsed elapsed elapsed elapsed elapsed elapsed elapsed elapsed 
 265.96  267.45  273.29  275.14  276.96  278.87  280.75  284.48  286.36  287.50  415.23 

$neval
 [1]   106   256   396   682   820   956  1639  1777  1855  3599  3699  8332  8405  8678  8813  9827 12810 12945 17684 17890 18168 18309 18446 18728 18869 19152 19234 19646 19780 19914 20050 20185
[33] 20464 20601 20686 30006

$fbest
[1] 187.3785

$xbest
 [1]  48.0458264 303.0629271   0.9252738  22.2725204 285.4846110  36.5950278  32.5602716   5.2597257   6.6115561   3.5462025

$numeval
[1] 30006

$end_crit
[1] 1

$cpu_time
elapsed 
 415.23 

$Refset
$Refset$x
          [,1]     [,2]      [,3]     [,4]     [,5]     [,6]     [,7]     [,8]     [,9]    [,10]
 [1,] 47.98948 302.5165 0.8715635 22.26552 285.4881 36.61274 32.58634 5.260854 6.628672 3.551226
 [2,] 74.50788 317.0958 0.6231442 21.61712 286.1529 43.31656 38.94378 3.239128 3.877325 3.062458
 [3,] 47.99377 302.3712 0.8692600 22.26429 285.4883 36.61273 32.58709 5.260794 6.633080 3.551470
 [4,] 47.98839 302.6009 0.8646695 22.26668 285.4879 36.61272 32.58829 5.260624 6.625576 3.549460
 [5,] 47.98962 302.6300 0.8619911 22.26737 285.4881 36.61253 32.58507 5.260600 6.623018 3.548052
 [6,] 47.98898 302.6251 0.8636745 22.26500 285.4880 36.61260 32.58763 5.260601 6.625069 3.547001
 [7,] 47.99175 302.6300 0.8620302 22.26617 285.4878 36.61260 32.58617 5.260622 6.623183 3.552627
 [8,] 47.98950 302.4803 0.8658178 22.26530 285.4876 36.61315 32.58773 5.260695 6.629483 3.549947
 [9,] 47.98787 302.6095 0.8615657 22.26664 285.4879 36.60888 32.58729 5.260629 6.625426 3.550133
[10,] 48.00302 302.7227 0.8662525 22.25548 285.4959 36.66113 32.58647 5.259353 6.619071 3.512546
[11,] 48.01889 302.1612 0.8688477 22.26813 285.4791 36.61107 32.58162 5.259943 6.629093 3.567630
[12,] 48.07980 304.8131 0.7910846 22.38843 285.5076 36.38784 32.34988 4.884060 6.646190 3.489849

$Refset$f
 [1]    187.4462 847770.4826    187.4514    187.4514    187.4514    187.4514    187.4514    187.4514    187.5295    188.1649    188.9340    266.6753

$Refset$fpen
 [1]    187.4462 847770.4826    187.4514    187.4514    187.4514    187.4514    187.4514    187.4514    187.5295    188.1649    188.9340    266.6753

$Refset$const
          [,1]     [,2]     [,3]     [,4]     [,5]
 [1,] 15.63685 29.37133 13.73448 1.633446 3.097705
 [2,] 17.73980 32.12268 14.38288 1.536390 3.365592
 [3,] 15.63121 29.36692 13.73571 1.633410 3.097854
 [4,] 15.64110 29.37442 13.73332 1.633463 3.097883
 [5,] 15.64435 29.37698 13.73263 1.633448 3.097587
 [6,] 15.63994 29.37493 13.73500 1.633458 3.097833
 [7,] 15.64299 29.37682 13.73383 1.633492 3.097615
 [8,] 15.63582 29.37052 13.73470 1.633513 3.097690
 [9,] 15.64121 29.37457 13.73336 1.633461 3.098145
[10,] 15.63641 29.38093 13.74452 1.632455 3.095009
[11,] 15.63904 29.37091 13.73187 1.634791 3.094860
[12,] 15.74224 29.35381 13.61157 1.630711 3.098972

$Refset$penalty
 [1] 0 0 0 0 0 0 0 0 0 0 0 0


