$f
 [1] 724.7205 258.9444 244.3333 236.1042 222.5208 166.0174 146.2656 142.2031 136.9288 134.7795 133.2535 130.7674 130.3698 129.1615 129.1615

$x
          [,1]     [,2]      [,3]     [,4]     [,5]     [,6]     [,7]     [,8]     [,9]    [,10]
xbest 30.36370 328.4711 0.1625158 22.62905 285.5942 37.02622 35.36734 7.039849 6.819584 3.242846
xbest 50.53660 479.2759 0.3776995 23.01834 286.6908 34.21460 24.00000 4.895542 2.286125 2.723135
xbest 50.53660 459.2759 0.2891058 22.97146 286.7096 34.21460 24.00000 4.895542 2.336125 2.723135
xbest 45.99134 238.7284 0.5069033 22.79210 285.8177 37.71106 24.91255 3.032325 8.023546 1.903190
xbest 37.76697 271.3833 0.6873295 21.52373 284.8956 36.91650 34.90561 4.635387 8.153574 1.840215
xbest 44.33297 308.2076 0.4060495 19.92769 284.0000 33.27421 24.00000 2.000000 8.152560 1.284066
xbest 57.63719 368.5816 0.5117761 20.86025 285.3418 27.80487 24.50650 4.966965 5.769950 1.913909
xbest 57.44969 368.5816 0.5117761 20.88369 285.3928 27.80487 24.50650 4.966965 5.769950 1.919017
xbest 52.58469 357.9113 0.5185132 21.19000 285.2103 28.69663 25.39755 5.474106 5.784826 1.890278
xbest 52.35914 359.4613 0.5178332 21.20214 285.2081 28.68606 25.39507 5.469314 5.776113 1.877102
xbest 52.55606 359.9130 0.5184143 21.17840 285.2049 28.72916 25.39168 5.481923 5.775582 1.873494
xbest 52.55606 359.9130 0.6080628 21.17840 285.2049 28.72916 25.22918 5.481923 5.775582 1.873494
xbest 46.52460 310.5905 0.4534651 19.80815 284.2575 33.46250 27.83219 2.256846 7.909121 1.856103
xbest 46.52460 310.5905 0.4309651 19.80815 284.2575 33.46250 27.83219 2.256846 7.909121 1.856103
xbest 46.52460 310.5905 0.4309651 19.80815 284.2575 33.46250 27.83219 2.256846 7.909121 1.856103

$time
elapsed elapsed elapsed elapsed elapsed elapsed elapsed elapsed elapsed elapsed elapsed elapsed elapsed elapsed elapsed 
   1.44    4.27    6.18    8.86   11.36   13.46   22.83   28.88   37.99   45.41   50.08   53.97  507.75  508.99  526.64 

$neval
 [1]   106   265   366   510   649   787  1474  1862  2415  2821  3094  3318 29040 29114 30052

$fbest
[1] 129.1615

$xbest
 [1]  46.5246013 310.5904834   0.4309651  19.8081457 284.2574842  33.4624988  27.8321930   2.2568459   7.9091212   1.8561028

$numeval
[1] 30052

$end_crit
[1] 1

$cpu_time
elapsed 
 526.64 

$Refset
$Refset$x
           [,1]        [,2]        [,3]      [,4]       [,5]      [,6]       [,7]       [,8]      [,9]    [,10]
 [1,]  46.52460   0.4309651 284.2574842 27.832193   7.909121  46.52460  0.4309651 284.257484 27.832193 7.909121
 [2,] 310.59048  19.8081457  33.4624988  2.256846   1.856103 310.59048 19.8081457  33.462499  2.256846 1.856103
 [3,]  46.38396 310.7290146   0.4463764 19.884507 284.269915  33.44957 27.8184012   2.259333  7.917953 1.855733
 [4,]  45.48781 313.4038156   0.4761707 19.919673 284.268932  33.58752 25.1946799   2.050475  8.016567 1.315661
 [5,]  45.43899 315.5403871   0.4855940 19.886494 284.267252  33.64567 24.8899121   2.106887  7.983531 1.404222
 [6,]  45.59480 311.3711698   0.4819088 19.918365 284.301904  33.64175 25.0525944   2.000000  8.089499 1.499009
 [7,]  45.47982 313.6873190   0.4735344 19.917141 284.286450  33.60058 25.1981022   2.009847  8.019046 1.333033
 [8,]  45.52452 310.8633349   0.5005702 19.928338 284.257944  33.64090 25.2178678   2.023434  8.045352 1.446476
 [9,]  45.62728 311.1088602   0.5298509 20.203076 284.262015  33.39329 25.4415613   2.207789  7.818082 1.373294
[10,]  49.35136 320.4530225   0.6100238 19.870065 285.161042  35.28809 28.4685035   2.000000  7.469334 1.300705
[11,]  50.18931 323.2220634   0.4944986 19.894804 285.297929  33.86153 28.1126270   2.311709  7.424907 1.326425
[12,]  48.91697 311.5691128   0.4629706 19.476280 285.260748  31.25492 28.3595075   2.915382  8.407765 1.392174

$Refset$f
 [1] 129.1615 129.1615 133.0868 134.0660 134.1076 134.5573 134.8177 135.9722 140.0191 143.3316 143.7326 207.5938

$Refset$fpen
 [1] 129.1615 129.1615 133.0868 134.0660 134.1076 134.5573 134.8177 135.9722 140.0191 143.3316 143.7326 207.5938

$Refset$const
          [,1]      [,2]      [,3]      [,4]     [,5]
 [1,] 11.89902 16.191854  2.670156 28.090879 1.823702
 [2,] 28.09088  1.823702 11.899025 16.191854 2.670156
 [3,] 11.96655 28.082047 16.115493  1.821624 2.670873
 [4,] 11.90311 27.983433 16.080327  1.798644 2.421503
 [5,] 11.90296 28.016469 16.113506  1.795249 2.392796
 [6,] 11.82887 27.910501 16.081635  1.792294 2.409142
 [7,] 11.89809 27.980954 16.082859  1.796170 2.422401
 [8,] 11.88299 27.954648 16.071662  1.799987 2.419228
 [9,] 12.38499 28.181918 15.796924  1.803552 2.454151
[10,] 12.40073 28.530666 16.129935  1.685816 2.713236
[11,] 12.46990 28.575093 16.105196  1.666477 2.821852
[12,] 11.06851 27.592235 16.523720  1.665651 3.111708

$Refset$penalty
 [1] 0 0 0 0 0 0 0 0 0 0 0 0


