$f
 [1] 622.9062 448.1319 363.0660 344.0851 331.8038 320.7431 274.4045 254.6319 248.0191 245.1944 243.6997 224.4861 222.0313 220.1076 218.8906 216.0712 215.1389 214.9740 213.8403 213.3594 212.5104
[22] 211.3767 210.6215 209.4792 207.6128 205.5503 204.3906 203.9549 203.9479 203.9184 202.9375 202.6597 202.4219 202.1962 202.1840 201.8872 201.6458 201.6406 201.4861 201.2378 201.2378

$x
          [,1]     [,2]      [,3]     [,4]     [,5]     [,6]     [,7]     [,8]     [,9]    [,10]
xbest 39.65297 172.5912 0.8711624 27.67991 284.7240 30.35470 28.84625 6.781920 8.320063 1.300155
xbest 56.20620 319.6421 0.6905734 21.56090 284.4552 28.16537 27.71171 5.956498 7.512549 3.123848
xbest 58.54472 319.6421 0.5105734 21.56090 284.7971 28.16537 27.59427 5.556498 7.512549 3.110572
xbest 50.93861 290.1509 0.3343682 26.90890 284.8978 31.45447 31.04254 5.031301 4.852457 3.296650
xbest 51.12451 266.7657 0.2743540 29.54351 284.8901 32.78829 32.88297 4.945500 3.772090 3.465372
xbest 49.88296 267.1851 0.3028746 28.41964 285.0669 33.93975 31.20891 4.189020 4.878809 3.068488
xbest 49.50152 245.2860 0.1994763 29.30796 284.8655 36.06373 34.13725 2.052155 4.334329 3.461886
xbest 49.50152 244.0360 0.1769763 29.30796 284.9359 36.06373 34.13725 2.052155 4.490579 3.461886
xbest 49.26453 256.1513 0.4483827 28.57545 285.4207 38.44070 32.41248 2.437655 4.979153 2.764751
xbest 49.26453 256.1513 0.4033827 28.57545 285.4207 38.44070 32.57498 2.437655 4.979153 2.764751
xbest 50.00626 250.1594 0.2674108 29.44370 285.3902 38.07965 31.79401 2.282854 4.379075 3.877729
xbest 50.75687 262.7164 0.2721628 29.27082 285.4190 38.27345 31.52176 2.133005 4.011200 4.688502
xbest 51.37883 254.0283 0.2617771 29.29344 285.4192 38.60305 31.95073 2.361245 4.103487 4.125078
xbest 50.73257 261.7024 0.2791040 29.38232 285.3872 38.18001 31.36961 2.227054 4.124435 5.000000
xbest 50.77019 264.3359 0.2923507 29.37677 285.3846 38.19108 31.32400 2.229599 4.073505 5.000000
xbest 50.77619 262.7675 0.3013617 29.32805 285.3652 38.17771 31.31749 2.235634 4.052123 5.000000
xbest 50.77552 262.2274 0.2963090 29.27953 285.3807 38.18332 31.31880 2.233881 4.102559 4.756587
xbest 50.81514 264.2540 0.2812183 29.45425 285.3963 38.14147 31.45705 2.149117 3.976281 4.503570
xbest 50.80342 264.2540 0.3037183 29.45425 285.3963 38.14147 31.45705 2.149117 3.976281 4.503570
xbest 50.79514 263.9926 0.2898165 29.25662 285.3853 38.14495 31.45741 2.150321 4.092081 4.674472
xbest 50.82455 262.2296 0.2843310 29.26664 285.3860 38.15236 31.57946 2.145455 4.143392 4.651106
xbest 50.86479 267.7348 0.3125916 29.27233 285.3794 38.14911 31.20746 2.242738 3.981954 4.745020
xbest 50.86001 269.6556 0.3539967 29.26901 285.3672 38.15543 31.17952 2.238882 3.965513 4.758889
xbest 50.93708 270.6373 0.3363016 29.27247 285.3763 38.15048 31.18033 2.239321 3.890923 4.872680
xbest 51.05622 272.4561 0.3356101 29.27323 285.3810 38.14732 31.11286 2.233931 3.802471 4.868876
xbest 51.10310 272.4561 0.3356101 29.27323 285.3810 38.14732 31.11286 2.240181 3.796221 4.868876
xbest 51.82987 250.2699 0.3014910 29.82039 285.3913 38.18508 31.57398 2.146065 4.010759 4.640022
xbest 51.82987 250.2699 0.3014910 29.82039 285.4106 38.18508 31.49273 2.146065 4.010759 4.634084
xbest 51.54581 256.8946 0.2986419 29.52914 285.3899 38.17394 31.51808 2.146079 3.989499 4.677606
xbest 51.51957 257.3403 0.2974143 29.41855 285.3887 38.17584 31.51770 2.146750 4.059508 4.653660
xbest 51.60002 256.3444 0.3074601 29.75720 285.3920 38.17442 31.49072 2.144163 3.904442 4.681850
xbest 51.55881 256.1698 0.3071634 29.77546 285.3921 38.17328 31.49255 2.144126 3.902378 4.692419
xbest 51.55881 256.1893 0.3071634 29.77546 285.3921 38.17328 31.49255 2.144126 3.902378 4.692419
xbest 51.71323 257.8975 0.3037996 29.41117 285.3916 38.15562 31.50155 2.145313 4.004672 4.678625
xbest 51.76072 256.9977 0.3042690 29.41461 285.3925 38.15246 31.53825 2.150716 4.018219 4.669705
xbest 51.69855 257.7209 0.3038493 29.41246 285.3918 38.15476 31.49142 2.145451 4.006942 4.676682
xbest 51.69237 257.9761 0.3038908 29.41246 285.3944 38.15501 31.48703 2.145270 4.000524 4.678466
xbest 51.68381 258.0116 0.3039025 29.41246 285.3931 38.15500 31.48690 2.145307 4.000271 4.679204
xbest 51.64499 259.9116 0.3040988 29.32302 285.3943 38.15437 31.48318 2.143825 3.993413 4.708124
xbest 51.69232 258.0807 0.3038249 29.40470 285.3955 38.16256 31.44484 2.146272 3.999695 4.745663
xbest 51.69232 258.0807 0.3038249 29.40470 285.3955 38.16256 31.44484 2.146272 3.999695 4.745663

$time
elapsed elapsed elapsed elapsed elapsed elapsed elapsed elapsed elapsed elapsed elapsed elapsed elapsed elapsed elapsed elapsed elapsed elapsed elapsed elapsed elapsed elapsed elapsed elapsed elapsed 
   1.35    3.86    6.52   14.07   16.66   21.64   30.00   34.69   65.66   67.14   69.99   75.33   80.68   83.32   86.16   88.86   91.25   93.53   95.00   97.58  103.35  108.53  111.16  113.66  118.61 
elapsed elapsed elapsed elapsed elapsed elapsed elapsed elapsed elapsed elapsed elapsed elapsed elapsed elapsed elapsed elapsed 
 122.43  194.05  195.94  210.75  213.78  216.86  223.10  227.68  252.03  261.60  264.50  287.82  310.68  332.11  557.88  613.27 

$neval
 [1]   106   257   393   818   961  1236  1650  1893  3376  3456  3601  3877  4153  4292  4435  4577  4713  4847  4925  5062  5334  5602  5739  5873  6147  6364  9642  9731 10411 10547 10687 10967
[33] 11177 12270 12745 12882 13975 15005 16022 27411 30045

$fbest
[1] 201.2378

$xbest
 [1]  51.6923195 258.0807124   0.3038249  29.4046955 285.3955122  38.1625611  31.4448375   2.1462718   3.9996953   4.7456628

$numeval
[1] 30045

$end_crit
[1] 1

$cpu_time
elapsed 
 613.27 

$Refset
$Refset$x
           [,1]        [,2]        [,3]      [,4]       [,5]      [,6]       [,7]       [,8]      [,9]    [,10]
 [1,]  51.69232   0.3038249 285.3955122 31.444838   3.999695  51.69232  0.3038249 285.395512 31.444838 3.999695
 [2,] 258.08071  29.4046955  38.1625611  2.146272   4.745663 258.08071 29.4046955  38.162561  2.146272 4.745663
 [3,]  51.69232 258.0807124   0.3038249 29.404696 285.395512  38.16256 31.4448375   2.146272  3.999695 4.745663
 [4,]  51.69366 258.0388674   0.3039066 29.404974 285.391434  38.15562 31.4468486   2.146342  4.001207 4.745617
 [5,]  51.68322 258.1260134   0.3034907 29.403453 285.397521  38.15861 31.4511982   2.145954  4.002413 4.748016
 [6,]  75.51167 479.4910994   0.5666671 16.890507 284.705194  37.58183 36.8640568   2.796947  5.991248 3.017772
 [7,]  66.10614 217.0837048   0.4070715 24.218333 285.113332  32.33659 44.7599268   6.036783  3.676992 3.556012
 [8,]  66.67580 399.3129645   0.5596207 19.730298 285.801577  28.42725 43.1960077   3.743131  7.577386 3.991821
 [9,]  51.69250 258.5509251   0.3041278 29.385924 285.393402  38.15635 31.4573031   2.145499  3.995898 4.680808
[10,]  51.69432 258.0136084   0.3039457 29.411138 285.392862  38.15550 31.4477949   2.145475  3.999224 4.680948
[11,]  51.70012 258.0254642   0.3041322 29.408162 285.393174  38.15589 31.4513169   2.145624  4.000263 4.676376
[12,]  51.07150 248.4185639   0.6063918 24.585179 285.464083  38.00797 35.3882099   6.066712  7.646354 4.263181

$Refset$f
 [1]     201.2378     201.2378     201.2378     201.2378     201.3299  815525.0608   89116.2222 1000000.0000     201.5677     201.5677     201.5677     720.5556

$Refset$fpen
 [1] 2.012378e+02 2.012378e+02 2.012378e+02 2.012378e+02 2.013299e+02 8.155251e+05 8.062631e+06 9.999975e+11 2.015677e+02 2.015677e+02 2.015677e+02 7.205556e+02

$Refset$const
              [,1]         [,2]         [,3]         [,4]         [,5]
 [1,] 2.540500e+01 6.595304e+00 2.822448e+00 3.200030e+01 1.653214e+00
 [2,] 3.200030e+01 1.653214e+00 2.540500e+01 6.595304e+00 2.822448e+00
 [3,] 2.540500e+01 3.200030e+01 6.595304e+00 1.653214e+00 2.822448e+00
 [4,] 2.540377e+01 3.199879e+01 6.595026e+00 1.653765e+00 2.822190e+00
 [5,] 2.540104e+01 3.199759e+01 6.596547e+00 1.652923e+00 2.823805e+00
 [6,] 1.089926e+01 3.000875e+01 1.910949e+01 1.751668e+00 3.342736e+00
 [7,] 2.054134e+01 3.232301e+01 1.178167e+01 1.428988e+00 1.147351e+01
 [8,] 1.000000e+06 1.000000e+06 1.000000e+06 1.000000e+06 1.000000e+06
 [9,] 2.539003e+01 3.200410e+01 6.614076e+00 1.653479e+00 2.823557e+00
[10,] 2.541191e+01 3.200078e+01 6.588862e+00 1.653566e+00 2.822623e+00
[11,] 2.540790e+01 3.199974e+01 6.591838e+00 1.653519e+00 2.822990e+00
[12,] 1.693883e+01 2.835365e+01 1.141482e+01 1.630449e+00 3.271337e+00

$Refset$penalty
 [1] 0.000000e+00 0.000000e+00 0.000000e+00 0.000000e+00 0.000000e+00 0.000000e+00 7.973515e+00 9.999965e+05 0.000000e+00 0.000000e+00 0.000000e+00 0.000000e+00


