$f
 [1] 579.7778 558.5972 453.7448 341.6493 335.9201 321.0747 316.4913 270.6944 260.4462 220.6510 219.8681 195.2292 186.4132 185.0226 183.2344 180.0382 173.1406

$x
          [,1]     [,2]      [,3]     [,4]     [,5]     [,6]     [,7]     [,8]     [,9]    [,10]
xbest 36.95535 350.5666 0.6411608 18.08316 285.6362 46.95614 35.36635 3.844863 8.450553 3.485282
xbest 52.53117 464.2380 0.2721774 16.05959 286.3958 37.21958 28.61563 3.341751 6.798135 2.624072
xbest 47.24943 461.7380 0.1934493 16.05959 286.4735 37.21958 31.15806 3.341751 6.798135 2.618123
xbest 48.44425 423.7153 0.2642852 16.30208 286.4995 41.50017 34.62294 5.795485 5.885650 2.819295
xbest 48.30860 418.8702 0.2659964 16.46143 286.4938 40.73947 33.43442 5.805247 6.107002 2.828004
xbest 43.00335 394.7546 0.2713089 16.24337 286.4992 42.83646 34.52060 6.415009 7.216063 2.641081
xbest 56.97266 457.6865 0.3014998 16.31499 286.1602 33.73006 27.78867 2.777562 6.222512 3.344967
xbest 55.52106 457.2563 0.4686399 15.92926 286.0472 35.62942 30.12252 2.845140 6.395988 3.769246
xbest 53.60398 446.6548 0.4142788 16.01326 286.2054 36.62480 33.07299 4.147885 6.199445 3.707238
xbest 53.53847 446.6548 0.4538583 16.01326 286.2054 37.02480 33.27611 4.150068 6.344399 3.849738
xbest 51.68327 457.3733 0.3753518 16.37023 286.2261 37.15417 33.66325 4.122386 6.101307 3.383323
xbest 51.68327 457.3733 0.5553518 16.37023 286.2261 37.15417 33.66325 4.122386 6.151307 3.359573
xbest 55.21156 457.2681 0.9025470 15.87605 286.1035 36.08151 33.38340 2.816024 6.264281 3.614441
xbest 55.21156 457.2681 1.0000000 15.87605 286.1176 36.08151 33.32241 2.816024 6.333048 3.614441
xbest 54.68488 450.7629 0.7279099 16.05452 286.1392 36.55217 33.23983 2.020477 6.355469 3.688980
xbest 54.68488 450.7629 1.0000000 16.05452 286.1415 36.55217 33.19889 2.020477 6.368066 3.665230
xbest 55.26482 450.7629 1.0000000 16.05452 286.1415 36.53342 33.19889 2.026727 6.343058 3.772105

$time
elapsed elapsed elapsed elapsed elapsed elapsed elapsed elapsed elapsed elapsed elapsed elapsed elapsed elapsed elapsed elapsed elapsed 
   1.53    4.23    7.14    9.78   12.16   14.81   17.09   19.44   26.59   33.73   61.30   62.77  171.02  172.72  230.52  232.14  513.37 

$neval
 [1]   106   257   407   556   694   833   969  1106  1520  1948  3686  3776 10038 10144 13416 13524 30134

$fbest
[1] 173.1406

$xbest
 [1]  55.264815 450.762885   1.000000  16.054522 286.141517  36.533423  33.198892   2.026727   6.343058   3.772105

$numeval
[1] 30134

$end_crit
[1] 1

$cpu_time
elapsed 
 513.37 

$Refset
$Refset$x
          [,1]     [,2]      [,3]     [,4]     [,5]     [,6]     [,7]     [,8]     [,9]    [,10]
 [1,] 54.92736 453.3338 0.5559325 16.04520 286.1380 36.08198 33.39025 2.813483 6.306996 3.643432
 [2,] 54.91152 453.4566 0.5649644 15.97170 286.1461 36.07866 33.42770 2.812124 6.360752 3.642023
 [3,] 55.02825 453.4813 0.5539132 16.04744 286.1363 36.08241 33.44515 2.811839 6.267743 3.643553
 [4,] 54.95932 453.7171 0.5533640 16.09003 286.1350 36.08293 33.44481 2.813265 6.260447 3.643653
 [5,] 54.93647 453.6764 0.5521317 16.00434 286.1430 36.08053 33.43206 2.813769 6.321082 3.644210
 [6,] 54.97262 453.0573 0.5582033 16.06071 286.1374 36.08024 33.44502 2.813378 6.296714 3.643719
 [7,] 55.05149 453.4270 0.5570456 16.03033 286.1378 36.08164 33.39818 2.813544 6.257650 3.643393
 [8,] 54.97704 453.4298 0.5625395 16.01327 286.1382 36.07909 33.43742 2.813021 6.304386 3.642757
 [9,] 54.99059 453.4604 0.5637834 15.95269 286.1446 36.08039 33.44598 2.813326 6.337779 3.642558
[10,] 55.25911 453.0466 0.5559930 16.00264 286.1365 36.07902 33.44874 2.805015 6.304970 3.383727
[11,] 55.05642 453.4910 0.5617096 16.04412 286.1377 36.08114 33.43279 2.811619 6.265411 3.643400
[12,] 55.22247 459.8344 0.5737044 15.92850 286.1329 36.02418 33.41415 2.811811 6.366326 3.656553

$Refset$f
 [1] 187.1302 187.3958 187.8264 187.5417 187.2101 187.5417 187.9479 187.4340 187.8802 188.7153 187.8264 195.8559

$Refset$fpen
 [1] 187.1302 187.3958 187.8264 187.5417 187.2101 187.5417 187.9479 187.4340 187.8802 188.7153 187.8264 195.8559

$Refset$const
          [,1]     [,2]     [,3]     [,4]     [,5]
 [1,] 9.738206 29.69300 19.95480 1.532082 3.485204
 [2,] 9.610952 29.63925 20.02830 1.530651 3.494282
 [3,] 9.779697 29.73226 19.95256 1.531941 3.491963
 [4,] 9.829582 29.73955 19.90997 1.532128 3.491299
 [5,] 9.683256 29.67892 19.99566 1.531067 3.493313
 [6,] 9.763992 29.70329 19.93929 1.531770 3.492704
 [7,] 9.772681 29.74235 19.96967 1.532049 3.486262
 [8,] 9.708882 29.69561 19.98673 1.531709 3.492132
 [9,] 9.614912 29.66222 20.04731 1.530740 3.495950
[10,] 9.697672 29.69503 19.99736 1.531863 3.492984
[11,] 9.778707 29.73459 19.95588 1.531828 3.491007
[12,] 9.562171 29.63367 20.07150 1.532263 3.493665

$Refset$penalty
 [1] 0 0 0 0 0 0 0 0 0 0 0 0


