$f
 [1] 634.7222 288.1892 267.6233 260.1076 186.3125 175.9687 174.1840 144.8715 139.8524 121.5312 119.4931 115.2743 113.8924 108.9097 105.3889 104.4965 104.3872 103.3003 103.3003

$x
          [,1]     [,2]      [,3]     [,4]     [,5]     [,6]     [,7]     [,8]     [,9]    [,10]
xbest 36.73598 159.8806 0.4361168 27.28415 284.8885 32.20401 28.66004 3.678034 8.058665 3.754932
xbest 49.12992 166.6685 0.9959547 25.07127 286.3331 35.68911 31.49259 6.170630 8.115734 1.494166
xbest 49.22367 166.6685 0.9578125 25.07127 286.3237 35.68911 31.49259 6.170630 8.165734 1.470416
xbest 28.90462 266.6495 1.0000000 20.69041 285.1162 48.00000 34.84632 6.282489 7.767992 1.200000
xbest 28.84957 264.6248 1.0000000 20.59772 285.0343 48.00000 35.97539 5.687621 7.881562 1.200000
xbest 29.03707 264.6248 0.9404550 20.61430 285.0343 48.00000 35.97539 5.687621 7.857667 1.201050
xbest 28.54868 296.6252 0.9527157 19.42174 284.9269 45.93447 32.96341 6.520842 7.550731 1.602435
xbest 27.88154 298.7215 0.8832609 19.41656 284.9322 45.92309 32.85569 6.520842 7.750731 1.602435
xbest 40.13328 254.2581 0.7952772 23.34694 285.6748 42.02619 37.61655 5.981418 6.329524 2.537765
xbest 39.94578 254.5706 0.7952772 23.34694 285.7076 42.02619 37.81968 5.981222 6.317024 2.537765
xbest 41.29339 274.0404 0.7943516 19.68878 285.7477 41.80491 37.60839 5.430164 8.017175 1.895886
xbest 41.19964 274.0404 0.7718516 19.67706 285.6680 41.80491 37.60839 5.430164 8.020300 1.895886
xbest 41.69263 272.4547 0.7553055 19.78622 285.5886 41.65259 39.95435 5.524056 7.954416 1.964367
xbest 41.50513 272.4547 0.7778055 19.78622 285.5886 41.65259 39.95435 5.524056 7.929416 1.964367
xbest 40.86118 272.8987 0.8086434 19.70275 285.6911 42.44451 37.54184 5.551881 7.978726 2.005485
xbest 40.81431 273.5237 0.8086434 19.70275 285.6911 42.44451 37.54184 5.551881 8.000601 2.005485
xbest 40.82493 279.2279 0.7829660 19.48172 285.6958 42.16293 37.51146 5.548594 8.049321 2.022303
xbest 40.73118 279.2230 0.7815598 19.48172 285.6958 42.16293 37.47084 5.548594 8.036821 2.022303
xbest 40.73118 279.2230 0.7815598 19.48172 285.6958 42.16293 37.47084 5.548594 8.036821 2.022303

$time
elapsed elapsed elapsed elapsed elapsed elapsed elapsed elapsed elapsed elapsed elapsed elapsed elapsed elapsed elapsed elapsed elapsed elapsed elapsed 
   1.39    3.61    5.60    7.94   10.24   30.35   42.28   60.13  150.86  152.80  224.05  225.63  232.49  250.36  311.08  312.53  445.24  447.38  541.25 

$neval
 [1]   106   258   375   521   661  1876  2407  3363  8458  8580 12772 12875 13275 14294 17840 17929 25249 25347 30134

$fbest
[1] 103.3003

$xbest
 [1]  40.7311775 279.2229706   0.7815598  19.4817152 285.6958063  42.1629337  37.4708383   5.5485943   8.0368206   2.0223035

$numeval
[1] 30134

$end_crit
[1] 1

$cpu_time
elapsed 
 541.25 

$Refset
$Refset$x
          [,1]     [,2]      [,3]     [,4]     [,5]     [,6]     [,7]     [,8]     [,9]    [,10]
 [1,] 40.99056 266.9350 0.7714862 20.10074 285.6616 42.16516 37.51810 5.550553 7.958798 2.065787
 [2,] 40.99170 264.9065 0.7548335 20.11524 285.7153 42.22986 37.55557 5.556932 8.015913 2.009277
 [3,] 40.99285 264.9083 0.7548237 20.11528 285.7153 42.22986 37.54907 5.556930 8.015314 2.009246
 [4,] 40.99158 264.9267 0.7548270 20.11568 285.7156 42.22817 37.54700 5.556893 8.015987 2.009265
 [5,] 41.01835 266.7553 0.7715736 20.07608 285.6850 42.16119 37.52275 5.549346 7.983201 2.049356
 [6,] 40.99249 264.9060 0.7551754 20.11525 285.7151 42.22479 37.55543 5.556894 8.015846 2.009249
 [7,] 41.01683 266.7015 0.7710971 20.07922 285.6901 42.16827 37.52039 5.549183 7.983006 2.048985
 [8,] 41.00936 266.6579 0.7713409 20.08160 285.6903 42.16880 37.51892 5.549165 7.981443 2.050824
 [9,] 41.35025 264.7783 0.7314392 20.10456 285.7132 42.16397 37.65507 5.551216 7.970200 2.034274
[10,] 41.00314 266.3200 0.7718166 20.10403 285.6905 42.16436 37.51807 5.548765 7.967795 2.047998
[11,] 41.00463 266.5703 0.7702510 20.09818 285.6902 42.16329 37.52419 5.548759 7.969262 2.048791
[12,] 41.00953 266.5006 0.7702040 20.08440 285.6899 42.16741 37.51946 5.549033 7.972429 2.048635

$Refset$f
 [1] 103.7326 103.7726 103.7726 103.7726 103.8559 104.0486 104.1615 104.1493 104.2101 104.2552 104.2656 104.5243

$Refset$fpen
 [1] 103.7326 103.7726 103.7726 103.7726 103.8559 104.0486 104.1615 104.1493 104.2101 104.2552 104.2656 104.5243

$Refset$const
          [,1]     [,2]     [,3]     [,4]     [,5]
 [1,] 12.14195 28.04120 15.89926 1.608047 3.147434
 [2,] 12.09933 27.98409 15.88476 1.600367 3.162235
 [3,] 12.09996 27.98469 15.88472 1.600387 3.161597
 [4,] 12.09970 27.98401 15.88432 1.600348 3.161632
 [5,] 12.09288 28.01680 15.92392 1.604626 3.155519
 [6,] 12.09940 27.98415 15.88475 1.600367 3.162636
 [7,] 12.09622 28.01699 15.92078 1.603925 3.156242
 [8,] 12.10016 28.01856 15.91840 1.603903 3.156111
 [9,] 12.13436 28.02980 15.89544 1.600003 3.177591
[10,] 12.13624 28.03220 15.89597 1.603866 3.156477
[11,] 12.12891 28.03074 15.90182 1.603878 3.157100
[12,] 12.11197 28.02757 15.91560 1.603955 3.156162

$Refset$penalty
 [1] 0 0 0 0 0 0 0 0 0 0 0 0


