$f
 [1] 415.17882 187.81944  88.32813  88.27778  83.01736  80.90104  79.25868  70.50000  67.67708  65.46007  62.40972  62.31424  61.42361  59.89236  58.63889  57.20486  56.82986  54.06771  53.70660
[20]  53.66493  53.59028  53.57639  53.55208  53.54688  53.54688

$x
          [,1]     [,2]      [,3]     [,4]     [,5]     [,6]     [,7]     [,8]     [,9]    [,10]
xbest 47.75424 483.7804 0.6284030 15.41385 285.3813 41.15563 37.67100 3.587176 4.874938 2.871855
xbest 41.68238 473.9902 0.4580369 16.07226 285.3716 43.93150 37.65309 3.019541 5.331445 2.566266
xbest 41.68702 492.0943 0.9662500 16.06762 285.3419 43.53150 37.13921 3.019541 5.529087 2.566266
xbest 42.24995 484.9305 0.8752620 16.48874 285.5861 43.79633 36.75638 2.836064 5.506822 2.732519
xbest 41.21497 428.4812 0.5712743 18.08527 285.5627 43.57326 37.32475 3.465631 5.685014 2.454000
xbest 42.17078 469.2675 1.0000000 16.78761 285.7680 43.94116 37.91616 2.771470 5.506939 2.375116
xbest 42.17078 469.2675 0.8200000 16.78468 285.7680 43.94116 37.91616 2.771470 5.506939 2.375116
xbest 42.88592 401.6441 0.5730199 19.40721 285.5415 43.47241 35.78189 3.201102 5.128822 2.343209
xbest 42.60763 398.4876 0.5679262 19.31932 285.5637 42.74914 36.45290 3.327735 5.382469 1.821753
xbest 42.88459 403.0402 0.5737429 19.44189 285.5032 43.41683 35.93710 3.199854 5.138022 2.391567
xbest 42.88459 403.0402 0.5962429 19.44482 285.5032 43.41683 36.09960 3.199854 5.138022 2.391567
xbest 43.07748 394.4885 0.7252564 19.35391 285.5040 42.59900 36.21326 3.313484 5.355397 1.865811
xbest 43.21661 395.7219 0.6007694 19.26632 285.5306 42.58725 36.60307 3.323769 5.338990 1.860801
xbest 42.92657 396.4841 0.6196550 19.42783 285.5427 42.60384 36.53534 3.325733 5.380870 1.860395
xbest 43.22233 399.8945 0.6879762 19.30088 285.5286 42.58230 36.53569 3.316914 5.263917 1.876377
xbest 43.24894 395.6435 0.6730432 19.43010 285.5322 42.59567 36.53561 3.327215 5.368912 1.858154
xbest 43.24691 394.5598 0.6733002 19.42149 285.5346 42.59299 36.53558 3.324562 5.402249 1.859947
xbest 43.24691 394.5598 1.0000000 19.41856 285.5346 42.59299 36.53558 3.324562 5.402249 1.859947
xbest 43.24082 396.3692 0.7938570 19.48066 285.5414 42.60577 36.48473 3.325935 5.321433 1.860739
xbest 43.23731 396.3236 0.7961621 19.47807 285.5407 42.60603 36.48874 3.325868 5.325183 1.860771
xbest 43.23788 396.2989 0.7966372 19.47617 285.5406 42.60602 36.49037 3.325856 5.326999 1.860778
xbest 43.23202 396.2989 0.7966372 19.47617 285.5406 42.60602 36.49037 3.325856 5.326999 1.860778
xbest 43.22586 396.4011 0.8003895 19.47754 285.5363 42.60608 36.50078 3.326765 5.324853 1.860529
xbest 43.21062 395.9895 0.8011388 19.47705 285.5374 42.60839 36.49149 3.326557 5.325583 1.861141
xbest 43.21062 395.9895 0.8011388 19.47705 285.5374 42.60839 36.49149 3.326557 5.325583 1.861141

$time
elapsed elapsed elapsed elapsed elapsed elapsed elapsed elapsed elapsed elapsed elapsed elapsed elapsed elapsed elapsed elapsed elapsed elapsed elapsed elapsed elapsed elapsed elapsed elapsed elapsed 
   1.26    3.53    6.45   16.94   23.00   27.50   28.75   30.56   40.12   42.00   49.37  105.14  108.19  112.20  114.22  123.01  127.19  128.42  162.61  176.59  178.76  186.62  219.09  324.40  466.51 

$neval
 [1]   106   263   424  1129  1544  1815  1901  2037  2718  2853  3345  6881  7087  7359  7495  8053  8335  8422 10471 11368 11502 11978 14014 20826 30066

$fbest
[1] 53.54688

$xbest
 [1]  43.2106213 395.9895446   0.8011388  19.4770452 285.5374145  42.6083857  36.4914906   3.3265569   5.3255830   1.8611409

$numeval
[1] 30066

$end_crit
[1] 1

$cpu_time
elapsed 
 466.51 

$Refset
$Refset$x
          [,1]     [,2]      [,3]     [,4]     [,5]     [,6]     [,7]     [,8]     [,9]    [,10]
 [1,] 43.21038 395.9187 0.8002951 19.47666 285.5374 42.60841 36.49071 3.326746 5.327058 1.860914
 [2,] 43.21028 395.9165 0.8003866 19.47623 285.5374 42.60829 36.49227 3.326868 5.327214 1.860920
 [3,] 43.20967 395.9302 0.7994512 19.47596 285.5374 42.60806 36.49273 3.326857 5.327335 1.860868
 [4,] 43.21216 395.9125 0.8011840 19.47412 285.5377 42.60836 36.49148 3.326808 5.328893 1.860942
 [5,] 43.20883 395.8939 0.7999478 19.47689 285.5373 42.60813 36.49213 3.326825 5.327715 1.860914
 [6,] 43.21033 395.9189 0.8002997 19.47664 285.5374 42.60836 36.49084 3.326757 5.327056 1.860911
 [7,] 43.14605 395.9391 0.7996473 19.49043 285.5368 42.63654 36.49110 3.318036 5.326847 1.879786
 [8,] 42.21489 394.7258 0.7715824 19.47575 285.5759 43.61114 38.36883 3.347738 5.318314 1.862387
 [9,] 43.43041 396.4393 0.8068837 19.54381 285.5357 42.67128 36.50628 3.325041 5.250973 1.889044
[10,] 42.33890 392.3648 0.8033173 19.56957 285.3755 43.71815 36.74509 3.327313 5.345821 2.138533
[11,] 42.56232 400.2439 0.7350527 18.60810 285.5772 42.40065 36.84843 3.336831 5.923987 1.859087
[12,] 42.52140 391.5869 0.4359586 20.04746 285.7160 40.61707 36.11120 4.562395 5.055296 1.968623

$Refset$f
 [1]  53.54688  53.54688  53.54688  53.54688  53.54688  53.54688  57.56944  67.55208  67.70486 102.18750 104.39236 172.74653

$Refset$fpen
 [1]  53.54688  53.54688  53.54688  53.54688  53.54688  53.54688  57.56944  67.55208  67.70486 102.18750 104.39236 172.74653

$Refset$const
          [,1]     [,2]     [,3]     [,4]     [,5]
 [1,] 14.14960 30.67294 16.52334 1.630602 2.977152
 [2,] 14.14902 30.67279 16.52377 1.630601 2.977294
 [3,] 14.14863 30.67266 16.52404 1.630595 2.977362
 [4,] 14.14523 30.67111 16.52588 1.630553 2.977315
 [5,] 14.14918 30.67229 16.52311 1.630605 2.977286
 [6,] 14.14958 30.67294 16.52336 1.630602 2.977167
 [7,] 14.16358 30.67315 16.50957 1.630743 2.974875
 [8,] 14.15743 30.68169 16.52425 1.622047 3.080340
 [9,] 14.29284 30.74903 16.45619 1.630947 2.973255
[10,] 14.22375 30.65418 16.43043 1.654980 2.876503
[11,] 12.68411 30.07601 17.39190 1.623349 3.037487
[12,] 14.99216 30.94470 15.95254 1.600299 3.161425

$Refset$penalty
 [1] 0 0 0 0 0 0 0 0 0 0 0 0


