$f
 [1] 698.28646 297.00347 209.00868 207.41667 183.06250 175.92014 170.25694 125.70660 124.28125 123.75174 121.69097 105.49306 101.43056  94.72222  93.06597  91.86285  91.57118  91.48437  91.44618
[20]  91.38021  91.30382  91.20486  91.00000  90.92708  90.77257  90.73090  90.69444  90.61632  90.60590  90.60590

$x
          [,1]     [,2]      [,3]     [,4]     [,5]     [,6]     [,7]     [,8]     [,9]    [,10]
xbest 51.30128 418.6670 0.6089530 18.11530 284.6178 34.96693 31.12261 2.448181 3.176100 4.135592
xbest 40.15027 209.0740 0.1000000 24.99196 285.3006 40.54390 34.54786 7.650359 3.936872 3.051391
xbest 40.15027 206.3396 0.1450000 24.99196 285.3006 40.34390 34.85254 7.650359 4.236872 3.051391
xbest 41.22773 192.5894 0.1168407 25.24495 285.2466 40.67213 36.97289 7.739205 3.738339 3.078676
xbest 40.12809 270.3595 0.2308578 22.76664 285.0383 41.42197 35.04309 5.764635 4.704619 2.559166
xbest 39.65698 316.1855 0.2067045 21.30598 284.9418 41.39011 34.72425 4.950723 4.729014 2.204621
xbest 41.01764 394.3795 0.4333760 20.65099 284.9406 40.38456 36.70924 4.768163 3.840263 3.046754
xbest 42.50592 384.3795 0.4108760 20.65099 284.9406 39.98456 36.05924 4.768163 3.840263 3.094254
xbest 46.63088 461.7240 0.6087410 20.49704 285.2358 38.67435 36.53540 2.644126 2.426280 2.986155
xbest 46.63088 461.7240 0.5862410 20.49704 285.2358 38.67435 36.53540 2.644126 2.426280 2.983187
xbest 46.69610 385.2657 0.5736238 23.84037 285.6892 38.51885 35.67609 2.733188 2.261991 2.865337
xbest 47.14178 385.0896 0.6689500 23.84037 285.4465 38.51885 35.81235 2.956795 2.066335 2.865337
xbest 47.38842 400.0355 0.4282919 22.47671 285.3601 38.79589 35.83157 2.747464 2.424085 2.377243
xbest 47.38842 400.0355 0.5182919 22.47671 285.3601 38.80526 36.15657 2.749026 2.424085 2.377243
xbest 47.89507 384.2733 0.6441028 23.26872 285.3934 38.88676 35.67601 2.748458 2.272488 2.320345
xbest 47.89507 384.2733 0.6216028 23.26872 285.3934 38.88676 35.83851 2.748458 2.247488 2.320345
xbest 47.42692 385.7171 0.6620605 23.41441 285.3886 38.89200 35.67197 2.762093 2.207166 2.301215
xbest 47.63971 385.6178 0.6591621 23.32442 285.3903 38.89070 35.70739 2.754914 2.238245 2.319776
xbest 47.69197 392.7227 0.6484733 23.05169 285.3904 38.89259 35.75862 2.751198 2.222283 2.330344
xbest 47.69197 392.6446 0.6484733 23.05169 285.3904 38.89259 35.75862 2.751198 2.219158 2.330344
xbest 47.69163 386.2562 0.6505945 23.28659 285.3914 38.89080 35.71891 2.754223 2.236706 2.324947
xbest 47.64880 387.0379 0.6455878 23.29406 285.3903 38.89263 35.68071 2.754510 2.214562 2.323421
xbest 47.68553 386.3098 0.6472394 23.28400 285.3914 38.89350 35.72452 2.754358 2.235381 2.320833
xbest 47.69419 386.2544 0.6409647 23.28480 285.3914 38.89554 35.74368 2.754164 2.238995 2.319858
xbest 47.69710 387.0806 0.6396485 23.29878 285.3944 38.89707 35.73026 2.754567 2.206191 2.316854
xbest 47.67007 386.5195 0.6495629 23.28603 285.3906 38.89447 35.71529 2.754388 2.231127 2.321641
xbest 47.69356 386.9249 0.6400420 23.29726 285.3951 38.89701 35.72347 2.754547 2.201483 2.317019
xbest 47.65904 386.9552 0.6404940 23.28747 285.3907 38.89443 35.71483 2.754392 2.216517 2.321338
xbest 47.67976 387.2015 0.6305658 23.28661 285.3928 38.89564 35.73475 2.754062 2.202593 2.320255
xbest 47.67976 387.2015 0.6305658 23.28661 285.3928 38.89564 35.73475 2.754062 2.202593 2.320255

$time
elapsed elapsed elapsed elapsed elapsed elapsed elapsed elapsed elapsed elapsed elapsed elapsed elapsed elapsed elapsed elapsed elapsed elapsed elapsed elapsed elapsed elapsed elapsed elapsed elapsed 
   1.11    3.33    4.92   10.72   14.11   21.06   22.87   24.36   84.86   86.01  130.59  132.56  178.47  179.73  204.69  205.94  213.76  224.95  226.92  229.70  231.69  235.72  237.76  258.84  264.09 
elapsed elapsed elapsed elapsed elapsed 
 265.76  280.53  286.40  294.70  431.92 

$neval
 [1]   106   262   378   803  1074  1614  1753  1861  6467  6547  9402  9562 12983 13080 14725 14809 15218 15914 16054 16269 16404 16675 16814 18359 18761 18897 19913 20315 20925 30092

$fbest
[1] 90.6059

$xbest
 [1]  47.6797606 387.2015407   0.6305658  23.2866130 285.3928373  38.8956423  35.7347480   2.7540619   2.2025928   2.3202548

$numeval
[1] 30092

$end_crit
[1] 1

$cpu_time
elapsed 
 431.92 

$Refset
$Refset$x
          [,1]     [,2]      [,3]     [,4]     [,5]     [,6]     [,7]     [,8]     [,9]    [,10]
 [1,] 47.68016 387.1504 0.6309909 23.29435 285.3924 38.89574 35.73488 2.754201 2.199412 2.320325
 [2,] 47.66990 386.9005 0.6366851 23.30670 285.3921 38.89779 35.72749 2.754565 2.199936 2.320084
 [3,] 47.68241 387.1500 0.6310668 23.28661 285.3927 38.89561 35.73312 2.754205 2.202947 2.319946
 [4,] 47.68628 386.8433 0.6322084 23.29312 285.3926 38.89570 35.73918 2.754121 2.207104 2.320252
 [5,] 47.67899 387.1317 0.6306001 23.29295 285.3925 38.89706 35.73260 2.754470 2.200513 2.320458
 [6,] 47.67440 386.6374 0.6287465 23.31238 285.3925 38.89693 35.73797 2.754223 2.200245 2.320558
 [7,] 47.66919 386.7453 0.6346801 23.29786 285.3924 38.89544 35.73806 2.754476 2.211771 2.320146
 [8,] 47.67425 387.1689 0.6332042 23.29402 285.3925 38.89579 35.73301 2.754406 2.199907 2.320264
 [9,] 47.67575 387.5825 0.6306518 23.27830 285.3929 38.89602 35.73494 2.753857 2.199248 2.319372
[10,] 47.68014 387.1236 0.6311475 23.29516 285.3931 38.89539 35.73493 2.754403 2.199376 2.320326
[11,] 47.66866 387.2393 0.6375114 23.29507 285.3919 38.89816 35.73252 2.754541 2.199596 2.317782
[12,] 43.11501 385.8450 0.6405059 23.92081 285.3789 38.88192 36.02391 2.748035 2.342893 2.343032

$Refset$f
 [1]  90.60590  90.60590  90.60590  90.60590  90.60590  90.60590  90.71528  90.60590  90.84028  90.60590  90.71528 186.22917

$Refset$fpen
 [1]  90.60590  90.60590  90.60590  90.60590  90.60590  90.60590  90.71528  90.60590  90.84028  90.60590  90.71528 186.22917

$Refset$const
          [,1]     [,2]     [,3]     [,4]     [,5]
 [1,] 21.09494 33.80059 12.70565 1.643636 3.195096
 [2,] 21.10677 33.80006 12.69330 1.643712 3.193966
 [3,] 21.08367 33.79705 12.71339 1.643602 3.194980
 [4,] 21.08601 33.79290 12.70688 1.643581 3.195658
 [5,] 21.09244 33.79949 12.70705 1.643629 3.194731
 [6,] 21.11214 33.79976 12.68762 1.643619 3.195341
 [7,] 21.08609 33.78823 12.70214 1.643619 3.195497
 [8,] 21.09411 33.80009 12.70598 1.643632 3.194896
 [9,] 21.07906 33.80075 12.72170 1.643559 3.195210
[10,] 21.09578 33.80062 12.70484 1.643529 3.195323
[11,] 21.09547 33.80040 12.70493 1.643727 3.194445
[12,] 21.57791 33.65711 12.07919 1.644476 3.226428

$Refset$penalty
 [1] 0 0 0 0 0 0 0 0 0 0 0 0


