$f
 [1] 284.38194 215.77257 187.21007 165.28299 163.15278 134.70660 132.48611 127.87847 115.38021 111.83681 101.71007 101.68056 101.04340 100.40625  99.07292  99.05903  95.89410  92.97049  90.53819
[20]  90.19792  89.57292  89.33507  89.06771  88.85069  88.73090  88.69097  88.67188  88.52257  88.42361  88.39931  88.34722  87.88889  87.77083  87.69965  87.69444  87.69444

$x
          [,1]     [,2]      [,3]     [,4]     [,5]     [,6]     [,7]     [,8]     [,9]    [,10]
xbest 48.97440 462.3597 0.9482689 18.11214 285.6174 41.26643 33.41807 2.810906 5.214010 4.787485
xbest 48.97685 500.0000 0.8643380 17.45646 285.6035 40.10405 35.53353 3.230772 4.313325 5.000000
xbest 48.97685 500.0000 0.8727755 17.66739 285.6129 40.10405 35.73666 3.180772 4.324078 4.964375
xbest 47.88347 474.8839 0.9130419 18.04874 285.5175 41.96039 35.19124 2.585597 4.696210 4.842991
xbest 46.82213 491.1914 0.9933146 17.87057 285.4532 42.92727 34.96797 2.544918 4.328377 4.790322
xbest 47.27292 490.1133 0.9903435 17.83475 285.4616 42.46218 34.91201 2.521180 4.386647 4.758619
xbest 46.99570 481.7551 0.9561493 17.88178 285.5013 42.45084 35.08888 2.520410 4.543437 4.787498
xbest 47.46957 489.5718 0.9912226 17.84611 285.4583 42.25657 34.90485 2.520816 4.333520 4.759447
xbest 47.46957 494.7257 1.0000000 17.84611 285.4583 42.25657 35.27667 2.520816 4.127365 4.759447
xbest 47.40925 479.0101 0.9725343 17.89031 285.4964 42.27925 35.70905 2.513450 4.519334 4.649484
xbest 47.59675 479.0101 1.0000000 17.89031 285.4870 42.27925 35.91218 2.513450 4.494334 4.649484
xbest 47.57419 479.6823 0.9616138 17.89882 285.5022 42.31890 35.67789 2.515283 4.464611 4.600045
xbest 47.59763 479.6823 1.0000000 17.89736 285.5022 42.31890 35.67789 2.515283 4.464611 4.600045
xbest 47.57479 451.3906 0.9539889 18.38104 285.4642 42.27610 35.40114 2.595853 4.688192 4.869353
xbest 47.57479 451.4687 0.9989889 18.38397 285.4642 42.27610 35.40114 2.595853 4.688192 4.869353
xbest 47.37813 459.5374 0.9829933 17.89421 285.4826 42.37082 35.92736 2.518405 4.941663 4.591142
xbest 47.37813 458.3069 0.9886183 17.89421 285.4264 42.37082 36.25236 2.518405 4.941663 4.579267
xbest 47.43507 461.9669 0.9251083 17.90729 285.4836 42.47848 35.93716 2.520104 4.832387 4.586045
xbest 47.43507 461.7325 0.9251083 17.90729 285.4649 42.47848 35.93716 2.520104 4.832387 4.586045
xbest 47.28935 461.4662 0.9885120 18.01743 285.4802 42.47011 35.92385 2.518817 4.817293 4.588333
xbest 47.28935 461.6224 1.0000000 18.01743 285.4802 42.47011 35.92385 2.518817 4.811043 4.588333
xbest 47.31297 459.6163 0.9778500 18.04525 285.4585 42.47013 35.81791 2.523286 4.802248 4.580502
xbest 47.32463 460.3997 0.9884024 18.03054 285.4625 42.46280 35.93031 2.522470 4.809537 4.583909
xbest 47.31291 460.3997 0.9884024 18.03054 285.4625 42.46280 35.93031 2.522470 4.812662 4.583909
xbest 47.37208 460.1199 0.9798390 18.03610 285.4642 42.45174 35.90778 2.518625 4.802492 4.591059
xbest 47.35004 460.2069 0.9773683 18.05744 285.4637 42.45194 35.94290 2.518850 4.793861 4.587221
xbest 47.34424 460.2072 0.9758181 18.06459 285.4639 42.45198 35.95801 2.518911 4.795037 4.587831
xbest 47.31918 459.9864 0.9768050 18.03737 285.4612 42.45686 35.87440 2.519018 4.823605 4.590392
xbest 47.31885 460.3269 0.9775131 18.03991 285.4628 42.45648 35.88083 2.518978 4.810280 4.589298
xbest 47.31722 460.2860 0.9743249 18.06290 285.4630 42.45648 35.92269 2.518906 4.792024 4.588283
xbest 47.31173 459.8728 0.9772230 18.03697 285.4617 42.45677 35.89705 2.519021 4.827162 4.590322
xbest 47.31173 459.9510 0.9997230 18.03550 285.4617 42.45677 35.89705 2.519021 4.827162 4.590322
xbest 47.29710 460.1172 0.9783801 18.03694 285.4604 42.45392 35.88422 2.519003 4.825431 4.589657
xbest 47.29936 460.1128 0.9787115 18.03680 285.4621 42.45499 35.90023 2.519015 4.824705 4.590366
xbest 47.29365 460.2504 0.9791295 18.04015 285.4628 42.45323 35.90283 2.518872 4.821505 4.595862
xbest 47.29365 460.2504 0.9791295 18.04015 285.4628 42.45323 35.90283 2.518872 4.821505 4.595862

$time
elapsed elapsed elapsed elapsed elapsed elapsed elapsed elapsed elapsed elapsed elapsed elapsed elapsed elapsed elapsed elapsed elapsed elapsed elapsed elapsed elapsed elapsed elapsed elapsed elapsed 
   1.21    5.22    7.46   15.22   19.41   21.31   25.00   26.81   28.17   56.02   57.50   98.46   99.56  143.66  144.77  158.16  165.17  192.91  194.06  230.92  232.02  240.85  244.75  251.05  256.83 
elapsed elapsed elapsed elapsed elapsed elapsed elapsed elapsed elapsed elapsed elapsed 
 258.63  260.44  262.21  264.03  265.83  269.39  271.00  337.28  363.72  405.89  418.92 

$neval
 [1]   106   403   536  1107  1386  1525  1802  1939  2040  3939  4046  6873  6957 10350 10435 11377 11888 13780 13863 16725 16808 17499 17773 18260 18675 18813 18951 19087 19224 19359 19633 19717
[33] 24369 26206 29142 30034

$fbest
[1] 87.69444

$xbest
 [1]  47.2936459 460.2503792   0.9791295  18.0401535 285.4627871  42.4532255  35.9028299   2.5188722   4.8215051   4.5958625

$numeval
[1] 30034

$end_crit
[1] 1

$cpu_time
elapsed 
 418.92 

$Refset
$Refset$x
            [,1]      [,2]       [,3]       [,4]       [,5]       [,6]     [,7]       [,8]       [,9]     [,10]
 [1,] 460.250379  18.04015 42.4532255   2.518872   4.595862 460.250379 18.04015 42.4532255   2.518872  4.595862
 [2,]   4.821505  47.29365  0.9791295 285.462787  35.902830   4.821505 47.29365  0.9791295 285.462787 35.902830
 [3,]  47.293646 460.25038  0.9791295  18.040153 285.462787  42.453225 35.90283  2.5188722   4.821505  4.595862
 [4,]  47.299767 460.11042  0.9793038  18.039009 285.462401  42.455199 35.90211  2.5190078   4.823396  4.589761
 [5,]  47.299351 460.11273  0.9787084  18.036885 285.462095  42.454694 35.90020  2.5190121   4.824726  4.590425
 [6,]  47.299913 460.12461  0.9790699  18.046545 285.464256  42.455411 35.90061  2.5189985   4.819028  4.589585
 [7,]  47.297804 460.18770  0.9789130  18.039151 285.462814  42.453542 35.90166  2.5189604   4.822560  4.593769
 [8,]  47.299572 460.13597  0.9794650  18.039242 285.462424  42.453538 35.90220  2.5190923   4.823014  4.592226
 [9,]  74.131460 236.48297  0.5314786  29.765049 284.398076  22.599042 47.19585  6.7275684   7.197540  3.819029
[10,]  47.294592 459.16673  0.9791243  18.156061 285.463101  42.414563 35.87807  2.5301781   4.817328  4.607978
[11,]  47.726750 462.92458  0.9735587  18.073625 285.496453  42.348215 35.90240  2.5178240   4.822270  4.573904
[12,]  47.090480 431.48489  0.9765401  19.066293 285.476691  42.338279 32.47125  3.1260321   4.912614  3.895254

$Refset$f
 [1] 8.769444e+01 8.769444e+01 8.769444e+01 8.769965e+01 8.769965e+01 8.769965e+01 8.769965e+01 8.777778e+01 1.000000e+06 1.293906e+02 1.340781e+02 1.747708e+02

$Refset$fpen
 [1] 8.769444e+01 8.769444e+01 8.769444e+01 8.769965e+01 8.769965e+01 8.769965e+01 8.769965e+01 8.777778e+01 9.999975e+11 1.293906e+02 1.340781e+02 1.747708e+02

$Refset$const
              [,1]         [,2]         [,3]         [,4]         [,5]
 [1,] 3.117849e+01 1.642252e+00 1.321865e+01 1.795985e+01 2.917141e+00
 [2,] 1.642252e+00 1.321865e+01 1.795985e+01 2.917141e+00 3.117849e+01
 [3,] 1.321865e+01 3.117849e+01 1.795985e+01 1.642252e+00 2.917141e+00
 [4,] 1.321561e+01 3.117660e+01 1.796099e+01 1.642311e+00 2.916834e+00
 [5,] 1.321216e+01 3.117527e+01 1.796311e+01 1.642358e+00 2.916627e+00
 [6,] 1.322752e+01 3.118097e+01 1.795345e+01 1.642053e+00 2.917161e+00
 [7,] 1.321659e+01 3.117744e+01 1.796085e+01 1.642251e+00 2.917022e+00
 [8,] 1.321623e+01 3.117699e+01 1.796076e+01 1.642305e+00 2.916970e+00
 [9,] 1.000000e+06 1.000000e+06 1.000000e+06 1.000000e+06 1.000000e+06
[10,] 1.333873e+01 3.118267e+01 1.784394e+01 1.642191e+00 2.917914e+00
[11,] 1.325135e+01 3.117773e+01 1.792637e+01 1.637309e+00 2.933600e+00
[12,] 1.415368e+01 3.108739e+01 1.693371e+01 1.644377e+00 2.653908e+00

$Refset$penalty
 [1]      0.0      0.0      0.0      0.0      0.0      0.0      0.0      0.0 999996.5      0.0      0.0      0.0


