$f
[1] 401.55382 391.61632 170.76910 161.90799 143.05903 119.07986 116.01563  78.78993  78.78993

$x
          [,1]     [,2]      [,3]     [,4]     [,5]     [,6]     [,7]     [,8]     [,9]    [,10]
xbest 37.38101 294.8370 0.6851220 16.19964 285.6331 46.27490 40.47901 8.340009 9.256328 4.571742
xbest 37.08573 403.0682 0.6672225 17.62257 285.2385 44.17718 37.86384 6.045519 7.201539 3.444907
xbest 37.08573 364.3182 0.6644100 17.62257 285.1822 44.97718 41.92634 6.048644 7.179664 3.171782
xbest 42.59187 372.4142 0.9802538 16.08839 285.6715 45.72472 42.60463 4.695678 7.809371 3.735325
xbest 42.82550 366.5494 0.9977969 18.75056 285.7830 45.82234 41.70318 4.791902 6.122900 4.189975
xbest 42.25701 364.9966 1.0000000 18.30822 285.7424 45.91768 41.57900 4.737800 6.598942 4.029649
xbest 42.83304 362.5685 0.9660584 18.23184 285.7600 45.91392 41.81657 4.640441 6.488674 4.136084
xbest 44.51009 351.5116 1.0000000 18.23184 285.7522 45.91639 41.81657 4.640441 6.538674 4.183584
xbest 44.51009 351.5116 1.0000000 18.23184 285.7522 45.91639 41.81657 4.640441 6.538674 4.183584

$time
elapsed elapsed elapsed elapsed elapsed elapsed elapsed elapsed elapsed 
   1.25    3.17    5.09    9.04   18.51   20.39   22.28   25.72 3776.68 

$neval
[1]   106   253   398   684  1378  1518  1656  1911 12319

$fbest
[1] 78.78993

$xbest
 [1]  44.510090 351.511641   1.000000  18.231836 285.752151  45.916387  41.816574   4.640441   6.538674   4.183584

$numeval
[1] 12319

$end_crit
[1] 2

$cpu_time
elapsed 
3776.68 

$Refset
$Refset$x
          [,1]     [,2]      [,3]     [,4]     [,5]     [,6]     [,7]     [,8]     [,9]    [,10]
 [1,] 42.59963 361.3109 0.8386487 17.17478 285.7120 44.78030 41.77628 5.251869 7.239634 2.222797
 [2,] 42.44566 363.3595 0.8212300 17.15441 285.7151 44.75854 41.99968 5.247978 7.243488 2.226397
 [3,] 42.76092 363.6349 0.9247142 17.96628 285.7037 43.78140 40.46546 5.251063 6.870494 2.149741
 [4,] 42.68615 361.2340 0.8416441 17.19936 285.7250 44.80522 41.47995 5.254784 7.214936 2.212557
 [5,] 42.65428 361.3097 0.8374706 17.12414 285.7250 44.82704 41.49030 5.254786 7.214574 2.210949
 [6,] 42.92609 362.2623 0.9126427 17.66507 285.7022 44.09854 40.80256 5.257156 6.980989 2.147566
 [7,] 42.88317 363.6177 0.8909337 17.75479 285.7060 43.68284 41.06835 5.252413 6.931192 2.138768
 [8,] 43.47013 360.4958 0.8955848 18.20635 285.6997 42.84583 40.46170 5.226748 6.796685 2.183020
 [9,] 43.47034 360.4957 0.8955826 18.20624 285.6997 42.84582 40.46171 5.226729 6.796685 2.183027
[10,] 42.96685 362.1816 0.8242024 17.61998 285.7054 44.02831 41.21630 5.258022 6.881545 2.178386
[11,] 43.18303 361.4499 0.8686918 18.00012 285.7082 43.86679 40.92652 5.250376 6.855606 2.202216
[12,] 41.98834 365.2434 0.8485141 17.83467 285.6335 43.71787 40.63386 5.325865 7.057148 2.230672

$Refset$f
 [1]  85.11285  85.45139  86.52083  86.77604  87.48958  87.95833  88.25000  89.34722  89.34722  90.51215  92.62847 128.48438

$Refset$fpen
 [1]  85.11285  85.45139  86.52083  86.77604  87.48958  87.95833  88.25000  89.34722  89.34722  90.51215  92.62847 128.48438

$Refset$const
           [,1]     [,2]     [,3]     [,4]     [,5]
 [1,]  9.935148 28.76037 18.82522 1.592335 3.357917
 [2,]  9.910925 28.75651 18.84559 1.590672 3.385308
 [3,] 11.095790 29.12951 18.03372 1.595403 3.314158
 [4,]  9.984423 28.78506 18.80064 1.591912 3.328465
 [5,]  9.909570 28.78543 18.87586 1.591954 3.327441
 [6,] 10.684079 29.01901 18.33493 1.595413 3.318339
 [7,] 10.823601 29.06881 18.24521 1.591640 3.390926
 [8,] 11.409662 29.20331 17.79365 1.591643 3.409493
 [9,] 11.409553 29.20331 17.79376 1.591643 3.409494
[10,] 10.738440 29.11846 18.38002 1.592611 3.371191
[11,] 11.144513 29.14439 17.99988 1.592879 3.356927
[12,] 10.777517 28.94285 18.16533 1.604870 3.315499

$Refset$penalty
 [1] 0 0 0 0 0 0 0 0 0 0 0 0


