$f
 [1] 455.77951 359.61632 288.82292 281.50521 267.66319 244.09549 226.81944 174.49306 158.85069 157.58507 148.73264 131.86111 127.23437 101.97396 100.83681  96.29688  90.35764  84.13021  82.49479
[20]  81.17882  74.09549  72.80382  72.35938  69.35590  68.67708  63.73264  63.50000  63.48785  63.27257  63.21528  63.21528

$x
          [,1]     [,2]      [,3]     [,4]     [,5]     [,6]     [,7]     [,8]     [,9]    [,10]
xbest 26.01232 354.1118 0.4447046 16.00578 284.0988 42.94644 34.04163 6.145104 9.168223 1.235540
xbest 26.03328 342.3242 0.2386463 15.27783 284.0270 42.07713 33.91144 5.929259 9.215748 1.207364
xbest 27.31361 330.2531 0.2386463 15.27783 284.0441 43.42297 33.90785 5.931469 9.152490 1.207364
xbest 27.54384 314.8339 0.2617351 15.24938 284.0398 43.40038 33.95624 6.332626 9.335705 1.339935
xbest 33.13351 429.3149 0.6001895 18.89318 284.5968 47.43294 37.31729 2.699288 5.495946 3.792053
xbest 33.60762 500.0000 0.5980873 18.95535 284.6319 48.00000 38.66134 2.868532 3.864419 4.251256
xbest 36.60982 500.0000 0.8358497 19.52433 284.6302 48.00000 38.79365 2.000000 2.609381 4.583904
xbest 34.76853 500.0000 0.9792224 21.57789 284.8264 48.00000 38.96643 2.000000 2.000000 3.840501
xbest 39.87938 490.3863 0.7433563 19.82453 284.8293 45.82253 38.15338 2.070428 2.444169 3.333204
xbest 43.08540 450.6345 0.9960190 19.01190 284.8231 44.53232 31.67556 2.093370 3.906850 4.138748
xbest 40.10715 489.2531 0.7367222 19.74112 284.8282 45.39004 38.18101 2.047566 2.485390 3.378591
xbest 40.10715 500.0000 0.9904932 19.74112 284.8280 45.39004 37.40852 2.047346 2.485390 3.381936
xbest 38.12295 460.0607 0.9804333 21.49464 284.9979 46.26042 44.46058 2.067413 2.333104 3.201855
xbest 38.87332 460.0607 0.6175000 21.49464 284.9955 46.26042 44.46058 2.000000 2.233056 3.201855
xbest 44.32953 473.5794 0.9843642 21.35096 285.2160 41.44591 37.75110 2.162283 2.045685 2.192221
xbest 44.51703 473.5794 0.9871767 21.35096 285.2347 41.44591 37.66985 2.162283 2.000781 2.192592
xbest 45.05097 457.5141 0.9245430 21.34194 285.4660 42.25784 37.08527 2.002048 2.331441 3.444406
xbest 45.05097 457.5141 0.8795430 21.32436 285.4613 42.65784 36.76027 2.002048 2.334566 3.444406
xbest 46.31650 477.2950 0.8983843 20.11996 285.3867 42.50066 34.79516 2.021278 2.439096 3.333235
xbest 46.66850 476.4346 0.9092274 20.54451 285.4111 41.94309 35.20177 2.118489 2.192327 3.103311
xbest 46.30979 476.2225 0.8984424 20.23721 285.3808 42.41565 34.80783 2.018365 2.484625 3.392064
xbest 46.30979 476.2225 1.0000000 20.23721 285.3808 42.41565 34.80783 2.018365 2.484625 3.392064
xbest 46.43675 476.5652 0.9047926 20.37999 285.3857 42.33498 35.30818 2.129039 2.196168 3.066009
xbest 46.71800 476.5652 0.9947926 20.37999 285.3880 42.33498 35.14568 2.129039 2.197730 3.066009
xbest 46.53036 476.1257 0.9000325 20.60101 285.3858 42.40066 34.97098 2.096932 2.140397 3.480447
xbest 46.53036 477.2196 1.0000000 20.60101 285.3858 42.40066 34.97098 2.096932 2.129458 3.538339
xbest 46.56759 482.6012 0.9094606 20.54903 285.4332 42.29962 35.32561 2.129384 2.001241 3.033258
xbest 46.53092 482.6597 0.9098109 20.58623 285.4338 42.29976 35.32753 2.128895 2.000629 3.034954
xbest 46.51211 482.6963 0.9101209 20.58947 285.4342 42.29923 35.33142 2.128738 2.000660 3.034228
xbest 46.51062 482.7004 0.9097801 20.58870 285.4340 42.29972 35.33222 2.128937 2.000455 3.034550
xbest 46.51062 482.7004 0.9097801 20.58870 285.4340 42.29972 35.33222 2.128937 2.000455 3.034550

$time
elapsed elapsed elapsed elapsed elapsed elapsed elapsed elapsed elapsed elapsed elapsed elapsed elapsed elapsed elapsed elapsed elapsed elapsed elapsed elapsed elapsed elapsed elapsed elapsed elapsed 
   1.03    3.08    4.99    6.77    8.49   10.24   11.99   13.64   19.10   20.75   22.44   23.94   40.75   44.03   68.36   69.68   79.49   88.58   91.80   96.77  101.74  106.03  131.22  132.49  151.85 
elapsed elapsed elapsed elapsed elapsed elapsed 
 153.39  208.80  214.49  217.22  227.83  407.78 

$neval
 [1]   106   259   419   566   709   850   994  1131  1543  1678  1816  1936  3166  3421  5174  5278  6087  6732  7002  7407  7807  8158  9921 10022 11400 11516 15369 15717 15858 16680 30016

$fbest
[1] 63.21528

$xbest
 [1]  46.5106177 482.7003598   0.9097801  20.5887047 285.4340335  42.2997211  35.3322151   2.1289366   2.0004550   3.0345502

$numeval
[1] 30016

$end_crit
[1] 1

$cpu_time
elapsed 
 407.78 

$Refset
$Refset$x
          [,1]     [,2]      [,3]     [,4]     [,5]     [,6]     [,7]     [,8]     [,9]    [,10]
 [1,] 46.51184 482.6505 0.9095153 20.58719 285.4339 42.29972 35.32785 2.128996 2.002716 3.034671
 [2,] 46.51221 482.6134 0.9086125 20.59042 285.4341 42.29929 35.33005 2.129013 2.001013 3.034529
 [3,] 46.51190 482.6361 0.9099325 20.58847 285.4340 42.29966 35.32721 2.128982 2.001962 3.035985
 [4,] 46.51299 482.6293 0.9097367 20.58836 285.4342 42.29931 35.32990 2.129019 2.001813 3.034544
 [5,] 46.51219 482.6064 0.9099747 20.59089 285.4341 42.29964 35.33074 2.129107 2.001473 3.034961
 [6,] 46.51002 482.6187 0.9087786 20.59063 285.4341 42.29939 35.33262 2.128998 2.001421 3.034727
 [7,] 46.53797 482.4589 0.9069299 20.58493 285.4330 42.29918 35.31861 2.129187 2.001627 3.034844
 [8,] 46.52318 482.5647 0.9089751 20.58487 285.4340 42.29721 35.33063 2.095690 2.001234 3.035522
 [9,] 47.86620 483.4044 0.9047212 20.86284 286.1457 41.75286 35.33460 2.128156 2.001228 3.018546
[10,] 47.46855 442.4262 0.9120423 21.61491 285.5595 41.99095 34.32735 2.178969 2.000298 3.223772
[11,] 43.04265 395.4074 0.4907663 20.54613 285.5952 43.79859 35.02109 3.043414 4.142637 1.446815
[12,] 44.86799 495.4521 0.9441223 20.96171 285.5967 41.09398 32.38489 2.499222 2.021632 2.160238

$Refset$f
 [1]  63.21528  63.21528  63.21528  63.21528  63.21528  63.21528  63.35764  70.93750  99.04167 106.57639 186.71354 150.83854

$Refset$fpen
 [1]  63.21528  63.21528  63.21528  63.21528  63.21528  63.21528  63.35764  70.93750  99.04167 106.57639 186.71354 150.83854

$Refset$const
          [,1]     [,2]     [,3]     [,4]     [,5]
 [1,] 18.58448 33.99728 15.41281 1.647169 2.871472
 [2,] 18.58941 33.99899 15.40958 1.647141 2.871732
 [3,] 18.58651 33.99804 15.41153 1.647151 2.871454
 [4,] 18.58655 33.99819 15.41164 1.647127 2.871743
 [5,] 18.58942 33.99853 15.40911 1.647141 2.871764
 [6,] 18.58921 33.99858 15.40937 1.647128 2.871958
 [7,] 18.58330 33.99837 15.41507 1.647305 2.870511
 [8,] 18.58363 33.99877 15.41513 1.647141 2.871921
 [9,] 18.86161 33.99877 15.13716 1.548545 3.135418
[10,] 19.61461 33.99970 14.38509 1.631301 2.840638
[11,] 16.40349 31.85736 15.45387 1.627870 2.788483
[12,] 18.94007 33.97837 15.03829 1.628390 2.750513

$Refset$penalty
 [1] 0 0 0 0 0 0 0 0 0 0 0 0


