$f
[1] 744.6354 405.2882 267.7431 267.3542 251.1354 209.8281 175.5521 175.5521

$x
         [,1]     [,2]      [,3]     [,4]     [,5]     [,6]     [,7]     [,8]     [,9]    [,10]
[1,] 11.72636 265.4504 0.3858600 21.11378 285.5466 47.58928 35.09704 5.366997 5.651881 2.590689
[2,] 11.22607 261.9720 0.2656123 20.96326 285.8094 47.88201 36.32124 5.164272 5.926867 1.200000
[3,] 11.22607 260.5744 0.3115897 20.96326 285.8081 48.00000 36.32124 4.934574 5.870965 1.200000
[4,] 11.69150 264.8155 0.3233518 20.85116 285.8083 47.71306 36.20486 4.940817 5.872994 1.226739
[5,] 11.58668 262.0204 0.3008518 20.85116 285.8083 47.71306 36.20486 4.940817 5.847994 1.250489
[6,] 15.69861 174.1937 0.4062847 21.71350 286.2650 45.74034 31.99568 7.197113 7.218091 2.686140
[7,] 15.66546 174.1937 0.4052904 21.71350 286.2650 45.74034 31.91443 7.197113 7.243091 2.686140
[8,] 15.66546 174.1937 0.4052904 21.71350 286.2650 45.74034 31.91443 7.197113 7.243091 2.686140

$neval
[1]   106   263   393  3253  3349  5619  5714 30092

$fbest
[1] 175.5521

$xbest
 [1]  15.6654599 174.1936615   0.4052904  21.7134975 286.2650171  45.7403419  31.9144289
 [8]   7.1971132   7.2430910   2.6861405

$numeval
[1] 30092

$cpu_time
[1] 463.22

