$f
 [1] 2573.8108 2124.9410 1884.6250 1837.2639 1757.3038 1535.4392 1375.1979 1177.4792 1110.3837
[10] 1109.1910 1073.5486 1036.5139 1011.4340  922.9965  793.3681  779.2917  772.5347  771.5260
[19]  767.0990  760.5833  757.1285  756.6007  753.2934  753.1806  752.9514  752.8559

$x
           [,1]       [,2]      [,3]      [,4]       [,5]      [,6]      [,7]     [,8]     [,9]
 [1,]  7.741067 226.898300 0.4325263 15.008510 285.523600 37.423920 31.960150 5.938702 8.444461
 [2,] 22.151157 101.001100 0.8619600 16.659170 286.642100 40.134880 24.000000 4.101541 2.300327
 [3,] 21.401157 141.001100 1.0000000 16.858390 286.642100 40.134880 24.650000 3.901541 2.337827
 [4,] 10.693061 444.328300 0.8668697 17.235630 286.622000 35.824120 24.000000 9.638539 2.175712
 [5,] 12.416151 144.418900 0.5229949 20.154960 285.600400 38.843830 24.901170 7.496923 3.184493
 [6,]  6.579653 200.611500 0.1627428 18.422170 284.280800 44.141080 34.035410 6.965568 4.107275
 [7,]  5.177925 207.010000 0.1505115 18.580930 284.115100 44.084260 34.861110 7.243673 4.494718
 [8,]  5.035156 241.568000 0.1280115 17.455930 284.115100 42.084260 34.861110 7.243673 4.453995
 [9,] 14.262524 123.475500 0.7687231 17.684500 286.614700 40.859430 25.422070 9.625385 2.093225
[10,] 14.262524 123.475500 0.7687231 18.059500 286.614700 40.859430 25.422070 9.625385 2.093225
[11,] 14.496850 148.978200 0.8674067 17.951500 286.432900 40.109740 24.947980 9.871402 2.660937
[12,] 14.494923 149.277000 0.8797505 18.179540 286.434300 40.148980 24.960120 9.870946 2.651947
[13,] 14.556374 149.771200 0.8798949 18.120560 286.456700 40.148130 24.958160 9.883570 2.781474
[14,] 14.499614 147.268800 0.8291407 17.962970 286.405400 40.332290 25.095130 9.879597 2.654756
[15,] 14.499614 127.268800 1.0000000 17.936580 286.405400 40.294760 25.034140 9.879597 3.026607
[16,] 14.894120 107.558500 0.9967897 17.904550 286.393300 40.144800 24.921230 9.871077 3.682617
[17,] 14.894120 107.597700 1.0000000 17.904550 286.393300 40.144800 24.921230 9.871077 3.882617
[18,] 15.065924 106.112500 0.9588404 16.974880 286.400400 40.271770 24.994320 9.875258 4.029890
[19,] 15.065924 105.487500 0.9363404 16.201440 286.400400 40.271770 24.994320 9.875258 4.079890
[20,] 15.066871 110.180300 0.9849999 15.198120 286.396700 40.271290 24.960660 9.874470 4.092998
[21,] 15.077311 103.369000 0.9947141 16.741180 286.396600 40.268600 24.973100 9.873803 4.071525
[22,] 15.075517 103.767900 0.9990144 16.542690 286.396600 40.268180 24.976990 9.873850 4.069866
[23,] 15.117607 103.887400 0.9928058 16.086810 286.393000 40.265600 24.995300 9.874768 4.103294
[24,] 15.117607 103.887400 0.9928058 16.086810 286.393000 40.265600 24.995300 9.874768 4.100169
[25,] 15.101031 103.894200 0.9921807 16.241460 286.395400 40.268860 24.982260 9.874799 4.096993
[26,] 15.101031 103.894200 1.0000000 16.241460 286.395400 40.268860 24.982260 9.874799 4.096993
[27,] 10.000000   3.991186 3.5890840  3.577209   4.678522  2.064483  2.503935 1.829860 1.734860
[28,]  1.926735   1.926735 2.5023460  2.519580   2.528163  2.403999  2.421827 2.424678 2.424678
[29,]  2.419007   2.419007 2.4275470  2.423117   2.423556  2.421560  2.421560 2.421217 2.421217
[30,]  7.741067 226.898300 0.4325263 15.008510 285.523600 37.423920 31.960150 5.938702 8.444461
[31,] 22.151157 101.001100 0.8619600 16.659170 286.642100 40.134880 24.000000 4.101541 2.300327
[32,] 21.401157 141.001100 1.0000000 16.858390 286.642100 40.134880 24.650000 3.901541 2.337827
[33,] 10.693061 444.328300 0.8668697 17.235630 286.622000 35.824120 24.000000 9.638539 2.175712
[34,] 12.416151 144.418900 0.5229949 20.154960 285.600400 38.843830 24.901170 7.496923 3.184493
[35,]  6.579653 200.611500 0.1627428 18.422170 284.280800 44.141080 34.035410 6.965568 4.107275
[36,]  5.177925 207.010000 0.1505115 18.580930 284.115100 44.084260 34.861110 7.243673 4.494718
[37,]  5.035156 241.568000 0.1280115 17.455930 284.115100 42.084260 34.861110 7.243673 4.453995
[38,] 14.262524 123.475500 0.7687231 17.684500 286.614700 40.859430 25.422070 9.625385 2.093225
[39,] 14.262524 123.475500 0.7687231 18.059500 286.614700 40.859430 25.422070 9.625385 2.093225
[40,] 14.496850 148.978200 0.8674067 17.951500 286.432900 40.109740 24.947980 9.871402 2.660937
[41,] 14.494923 149.277000 0.8797505 18.179540 286.434300 40.148980 24.960120 9.870946 2.651947
[42,] 14.556374 149.771200 0.8798949 18.120560 286.456700 40.148130 24.958160 9.883570 2.781474
[43,] 14.499614 147.268800 0.8291407 17.962970 286.405400 40.332290 25.095130 9.879597 2.654756
[44,] 14.499614 127.268800 1.0000000 17.936580 286.405400 40.294760 25.034140 9.879597 3.026607
[45,] 14.894120 107.558500 0.9967897 17.904550 286.393300 40.144800 24.921230 9.871077 3.682617
[46,] 14.894120 107.597700 1.0000000 17.904550 286.393300 40.144800 24.921230 9.871077 3.882617
[47,] 15.065924 106.112500 0.9588404 16.974880 286.400400 40.271770 24.994320 9.875258 4.029890
[48,] 15.065924 105.487500 0.9363404 16.201440 286.400400 40.271770 24.994320 9.875258 4.079890
[49,] 15.066871 110.180300 0.9849999 15.198120 286.396700 40.271290 24.960660 9.874470 4.092998
[50,] 15.077311 103.369000 0.9947141 16.741180 286.396600 40.268600 24.973100 9.873803 4.071525
[51,] 15.075517 103.767900 0.9990144 16.542690 286.396600 40.268180 24.976990 9.873850 4.069866
[52,] 15.117607 103.887400 0.9928058 16.086810 286.393000 40.265600 24.995300 9.874768 4.103294
[53,] 15.117607 103.887400 0.9928058 16.086810 286.393000 40.265600 24.995300 9.874768 4.100169

$neval
 [1]   106   265   388   677  1089  1226  1500  1922  5977  6050  6318  6452  6591  7264  7531
[16] 23640 23742 27879 27975 28259 28402 28540 28681 29441 29985 30120

$fbest
[1] 752.8559

$xbest
 [1]  15.101031 103.894167   1.000000  16.241459 286.395362  40.268862  24.982260   9.874799
 [9]   4.096993   2.421217

$numeval
[1] 30120

$cpu_time
[1] 616.86

