$f
 [1] 2424.0955 2148.6111 1621.0590 1466.7083 1367.6250 1288.7465 1259.6979 1139.9080 1092.4410 1090.6823 1087.4931 1080.1927 1079.8785 1060.9167 1055.7274 1052.2552 1046.2465 1044.1372 1041.9844
[20] 1005.2708  927.4618  927.4618

$x
            [,1]       [,2]       [,3]      [,4]       [,5]      [,6]       [,7]      [,8]      [,9]
 [1,]   9.647611 207.853800  0.8468458 21.091480 285.038300 43.143520  33.579280 2.4378540  7.514440
 [2,]  14.123505 378.024400  0.4836426 17.180990 286.538400 42.507120  31.807480 3.5406220  5.937423
 [3,]  11.123505 378.649400  0.2136426 17.180990 286.529000 39.507120  31.807480 5.9406220  5.962423
 [4,]  16.607157 369.093600  0.2076097 19.311220 286.462300 36.498390  24.000000 4.7661980  4.022566
 [5,]  13.164805 425.128300  0.3088874 15.873530 286.421100 36.002100  24.418690 5.9688850  5.918574
 [6,]  14.018487 439.437400  0.3499959 15.331740 286.424800 35.966310  24.978250 4.9496690  5.822028
 [7,]  15.822733 401.474100  0.2538803 20.018730 286.459300 36.213090  26.065700 2.8679090  2.164659
 [8,]  12.634520 389.895700  0.1000000 17.341760 286.462800 36.140770  24.133510 6.9758550  4.031996
 [9,]  15.788177 406.046000  0.2534160 20.386580 286.619500 36.367050  25.388080 2.0000000  2.000000
[10,]  15.788177 406.046000  0.2534160 20.386580 286.619500 36.267050  25.388080 2.0000000  2.000000
[11,]  11.282435 391.593300  0.1947763 18.346890 286.398200 38.449560  24.288150 6.6051070  3.851056
[12,]  11.282435 391.593300  0.1944247 18.534390 286.398200 38.443310  24.288150 6.6051070  3.832306
[13,]  12.771887 413.716900  0.1754298 19.742080 286.582700 37.810590  24.059130 6.0561280  2.047937
[14,]  12.865637 413.716900  0.2063673 19.742080 286.582700 37.810590  24.000000 6.0561280  2.072937
[15,]  12.932813 411.599300  0.1736584 19.694330 286.597100 37.539840  24.139810 6.0769970  2.034007
[16,]  12.921094 411.286800  0.1736584 19.694330 286.597100 37.546090  24.094110 6.0769970  2.034007
[17,]  12.989126 406.105300  0.1695404 19.669970 286.545900 37.396050  24.316580 6.0880800  2.103333
[18,]  12.960396 407.735600  0.1751831 19.564490 286.564200 37.444680  24.263990 6.0872290  2.330089
[19,]  13.013356 407.709800  0.1752063 19.658740 286.564200 37.428370  24.307870 6.0869290  2.177179
[20,]   6.775459 500.000000  0.1840405 18.590690 286.630100 37.713890  24.000000 9.0388710  2.000000
[21,]   6.828193 500.000000  0.2740405 18.602410 286.630100 37.738890  24.000000 9.0388710  2.000000
[22,]   6.828193 500.000000  0.2740405 18.602410 286.630100 37.738890  24.000000 9.0388710  2.000000
[23,]  10.000000   3.289449  4.8364230  4.836423   3.006598  4.710001   4.842150 1.2000000  1.200000
[24,]   1.371487   1.371487  1.2965230  1.296523   1.524658  1.524658   1.507774 1.5077740  1.482555
[25,]   1.475658   1.464977  1.3640160  1.360676   1.360676  9.647611 207.853800 0.8468458 21.091480
[26,] 285.038300  43.143520 33.5792800  2.437854   7.514440 14.123505 378.024400 0.4836426 17.180990
[27,] 286.538400  42.507120 31.8074800  3.540622   5.937423 11.123505 378.649400 0.2136426 17.180990
[28,] 286.529000  39.507120 31.8074800  5.940622   5.962423 16.607157 369.093600 0.2076097 19.311220
[29,] 286.462300  36.498390 24.0000000  4.766198   4.022566 13.164805 425.128300 0.3088874 15.873530
[30,] 286.421100  36.002100 24.4186900  5.968885   5.918574 14.018487 439.437400 0.3499959 15.331740
[31,] 286.424800  35.966310 24.9782500  4.949669   5.822028 15.822733 401.474100 0.2538803 20.018730
[32,] 286.459300  36.213090 26.0657000  2.867909   2.164659 12.634520 389.895700 0.1000000 17.341760
[33,] 286.462800  36.140770 24.1335100  6.975855   4.031996 15.788177 406.046000 0.2534160 20.386580
[34,] 286.619500  36.367050 25.3880800  2.000000   2.000000 15.788177 406.046000 0.2534160 20.386580
[35,] 286.619500  36.267050 25.3880800  2.000000   2.000000 11.282435 391.593300 0.1947763 18.346890
[36,] 286.398200  38.449560 24.2881500  6.605107   3.851056 11.282435 391.593300 0.1944247 18.534390
[37,] 286.398200  38.443310 24.2881500  6.605107   3.832306 12.771887 413.716900 0.1754298 19.742080
[38,] 286.582700  37.810590 24.0591300  6.056128   2.047937 12.865637 413.716900 0.2063673 19.742080
[39,] 286.582700  37.810590 24.0000000  6.056128   2.072937 12.932813 411.599300 0.1736584 19.694330
[40,] 286.597100  37.539840 24.1398100  6.076997   2.034007 12.921094 411.286800 0.1736584 19.694330
[41,] 286.597100  37.546090 24.0941100  6.076997   2.034007 12.989126 406.105300 0.1695404 19.669970
[42,] 286.545900  37.396050 24.3165800  6.088080   2.103333 12.960396 407.735600 0.1751831 19.564490
[43,] 286.564200  37.444680 24.2639900  6.087229   2.330089 13.013356 407.709800 0.1752063 19.658740
[44,] 286.564200  37.428370 24.3078700  6.086929   2.177179  6.775459 500.000000 0.1840405 18.590690
[45,] 286.630100  37.713890 24.0000000  9.038871   2.000000  6.828193 500.000000 0.2740405 18.602410

$time
elapsed elapsed elapsed elapsed elapsed elapsed elapsed elapsed elapsed elapsed elapsed elapsed elapsed elapsed elapsed elapsed elapsed elapsed elapsed elapsed elapsed elapsed 
   1.91    6.02    8.52   18.17   21.08   23.99   26.81   32.89   35.99   41.22   91.46   94.02  136.11  138.16  150.38  170.61  173.33  175.94  178.64  184.86  201.16  660.06 

$neval
 [1]   106   257   376   801   944  1084  1224  1507  1649  1865  4134  4227  6128  6226  6766  7675  7810  7943  8076  8349  9134 30132

$fbest
[1] 927.4618

$xbest
 [1]   6.8281933 500.0000000   0.2740405  18.6024065 286.6300764  37.7388872  24.0000000   9.0388712   2.0000000   1.3606758

$numeval
[1] 30132

$end_crit
[1] 1

$cpu_time
elapsed 
 660.06 

$Refset
$Refset$x
             [,1]        [,2]       [,3]        [,4]        [,5]        [,6]        [,7]        [,8]        [,9]       [,10]
 [1,]   1.0000000  12.8215600 410.962500   0.2265066  19.5871600 286.5590000  37.4205500  24.3263700   6.0827940   2.2008130
 [2,]   1.4551830   2.0000000  12.821530 410.9415000   0.2264765  19.5812800 286.5597000  37.4210800  24.3264500   6.0826910
 [3,]   2.2065140   1.4551810   3.000000  12.8203300 409.0879000   0.2271701  19.5762900 286.5564000  37.4142100  24.3289700
 [4,]   6.0824410   2.2759030   1.453979   4.0000000  12.8223200 410.4113000   0.2268144  19.5753500 286.5589000  37.4205800
 [5,]  24.3274300   6.0828070   2.231286   1.4550800   5.0000000  12.8215900 410.9337000   0.2264945  19.5804500 286.5587000
 [6,]  37.4208400  24.3264900   6.082683   2.2067770   1.4551450   6.0000000  12.8747500 410.9272000   0.2447379  19.5848300
 [7,] 286.5607000  37.4282100  24.320270   6.0826630   2.3073460   1.4531140   7.0000000  12.5495800 410.7142000   0.2795954
 [8,]  19.5874400 286.5452000  37.388870  24.3142100   6.0839650   2.6980170   1.4493500   8.0000000  12.7953200 413.4232000
 [9,]   0.3674563  19.6941600 286.596500  37.5369100  24.5464000   6.0881380   2.7046480   1.4074270   9.0000000  12.7183900
[10,] 419.9059000   0.2304711  19.721060 286.5596000  37.2198200  24.3192400   6.1301340   2.4374150   1.6451010  12.8210800
[11,] 411.0293000   0.2266272  19.572860 286.5581000  37.4063700  24.3435300   6.0678870   2.1995460   1.4435300  12.5257700
[12,] 412.5976000   0.2188323  19.580710 286.5616000  38.4990100  24.3221000   6.2705990   2.3395920   1.4486380  12.3017800

$Refset$f
 [1] 1013.363 1013.363 1014.208 1014.309 1014.457 1021.545 1026.800 1035.444 1056.455 1049.217 1136.863 2051.842

$Refset$fpen
 [1] 1013.363 1013.363 1014.208 1014.309 1014.457 1021.545 1026.800 1035.444 1056.455 1049.217 1136.863 2051.842

$Refset$const
 [1] 17.386340 33.799190 16.412840  1.527015  2.625458 17.374760 33.793490 16.418720  1.526939  2.625694 17.300380 33.724100 16.423710  1.527270  2.625059 17.344070 33.768710 16.424650  1.527020
[20]  2.625513 17.373670 33.793220 16.419550  1.527044  2.625357 17.277480 33.692650 16.415170  1.526863  2.625214 16.889430 33.301980 16.412560  1.528473  2.621161 16.989510 33.295350 16.305840
[39]  1.522536  2.650368 17.283650 33.562580 16.278940  1.526597  2.635294 17.373310 33.800450 16.427140  1.527039  2.627168 17.241120 33.660410 16.419290  1.528511  2.574294 17.031320 33.443000
[58] 16.411680  1.563597  2.163455

$Refset$penalty
 [1] 0 0 0 0 0 0 0 0 0 0 0 0


