$f
 [1] 1717.00694  799.23611  603.23438  331.19792  283.42882  258.42708  244.61979  230.13194
 [9]  203.31424  128.00174  126.14757  109.61979  100.98264   98.64757   96.64931   89.08507
[17]   86.66146   85.69444   85.11806   83.73264   82.79514   82.32118   82.25174   82.09375
[25]   81.19444   80.67882   80.57118   80.19618   80.01736

$x
          [,1]     [,2]      [,3]     [,4]     [,5]     [,6]     [,7]     [,8]     [,9]    [,10]
 [1,] 13.62165 165.9323 0.4495207 27.08753 285.7470 46.18508 27.89336 8.442123 4.494663 2.677113
 [2,] 11.46928 143.5343 0.2288872 26.65658 286.5022 48.00000 39.36063 6.178625 7.354487 1.213709
 [3,] 11.84728 138.1526 0.1000000 26.56283 286.5030 47.79384 39.02082 6.182042 7.456765 1.200000
 [4,] 15.02196 142.3015 0.1006532 30.00000 286.3096 47.46596 27.55702 7.764530 3.031041 1.243370
 [5,] 14.82711 151.1423 0.1377988 30.00000 286.3087 48.00000 27.68059 7.806120 2.000000 1.200000
 [6,] 14.81539 151.1423 0.1367441 30.00000 286.3087 48.00000 27.84309 7.806120 2.000000 1.200000
 [7,] 13.54473 184.1919 0.1766932 25.82853 286.3990 43.50221 30.26457 7.280167 5.535504 1.314964
 [8,] 14.42621 158.3281 0.1146850 26.54548 286.6919 46.89496 30.98253 7.056306 5.930238 1.244530
 [9,] 14.43793 158.2500 0.1000000 26.54695 286.6960 46.89496 30.98253 7.056306 5.931800 1.246014
[10,] 13.69218 203.4459 0.1125075 27.28976 286.4668 43.40897 29.93274 7.249054 3.936712 1.466750
[11,] 13.42213 188.6413 0.1734878 26.53308 286.3106 43.45009 29.20605 7.360208 4.788831 1.352516
[12,] 13.41363 191.0973 0.1473991 27.07553 286.4887 43.77476 30.16734 7.253910 4.708856 1.432591
[13,] 13.41363 191.0973 0.1484538 27.26303 286.4887 43.77476 30.16734 7.253910 4.690106 1.432591
[14,] 13.53932 195.5667 0.1405619 27.06336 286.3961 43.20665 29.57387 7.245915 4.486420 1.445262
[15,] 13.53608 195.5728 0.1408498 27.08827 286.3976 43.22939 29.61144 7.247103 4.475928 1.449419
[16,] 13.53608 195.5728 0.1408498 27.08680 286.3970 43.32939 29.61144 7.247103 4.470069 1.449419
[17,] 13.51619 193.8373 0.1448862 27.11857 286.3983 43.29688 29.63627 7.246453 4.506083 1.455510
[18,] 13.51619 193.8373 0.1451499 27.11857 286.3983 43.29688 29.63627 7.246453 4.502958 1.455510
[19,] 13.51513 193.8322 0.1453962 27.11679 286.3981 43.29613 29.63165 7.247626 4.504475 1.455487
[20,] 13.53073 193.9590 0.1477464 27.11862 286.3984 43.32049 29.62640 7.248469 4.493576 1.455124
[21,] 13.53598 194.8424 0.1447764 27.16459 286.4013 43.31879 29.68574 7.250665 4.417517 1.450017
[22,] 13.53598 194.8424 0.1447764 27.16459 286.4013 43.31879 29.72637 7.250665 4.417517 1.450017
[23,] 13.50924 193.7523 0.1462500 27.14582 286.4004 43.32074 29.68916 7.249494 4.488309 1.449615
[24,] 13.50924 193.7523 0.1462500 27.14582 286.4004 43.32074 29.68916 7.249494 4.488309 1.448873
[25,] 13.54698 194.8505 0.1423891 27.21446 286.4037 43.32173 29.71647 7.250152 4.374021 1.447892
[26,] 13.61200 195.5104 0.1377201 27.25891 286.4038 43.32150 29.71918 7.250012 4.292649 1.447073
[27,] 13.66987 195.0862 0.1374584 27.43385 286.4039 43.32181 29.71708 7.249849 4.172459 1.447214
[28,] 13.66987 195.0862 0.1374584 27.43348 286.4039 43.32181 29.71708 7.249849 4.175584 1.447214
[29,] 13.66987 195.0862 0.1374584 27.43348 286.4039 43.32181 29.71708 7.249849 4.175584 1.447957

$neval
 [1]   106   262   431   858  1539  1897  2848  3121  3374  3510  4319  4730  4819  5773  6184
[16]  6279  8189  8271  8956  9653 12190 12263 14859 14933 15074 15623 16291 16369 30124

$fbest
[1] 80.01736

$xbest
 [1]  13.6698736 195.0862057   0.1374584  27.4334842 286.4038627  43.3218138  29.7170833
 [8]   7.2498489   4.1755839   1.4479566

$numeval
[1] 30124

$cpu_time
[1] 591.12

