$f
 [1] 1947.5104 1702.7483 1406.5833 1332.8229 1290.2431 1128.2934 1106.1684 1076.9965 1000.4444
[10]  996.9062  981.5729  974.5104  964.1267  963.6354  962.6476  962.2083  961.3160  960.7986
[19]  960.5990  959.3264  959.1441  957.7899  957.6493  955.8906  955.5122  953.8681  951.4913
[28]  950.9688  950.7899  927.8108  887.7969  862.7865  833.6997  806.9462  794.0469  793.1024

$x
          [,1]     [,2]      [,3]     [,4]     [,5]     [,6]     [,7]     [,8]     [,9]    [,10]
 [1,] 17.21846 186.1218 0.9249504 22.11068 285.9290 30.97261 27.17863 3.537101 5.683925 3.171510
 [2,] 12.10975 184.3003 0.8602069 19.51076 286.5229 43.35583 24.83005 6.132919 7.312471 1.916975
 [3,] 12.10975 204.3003 0.8658319 19.41701 286.3594 43.35583 24.83005 6.082643 7.303632 1.893225
 [4,] 10.50980 420.8183 0.5598662 17.80230 286.5631 43.83516 24.54273 5.855718 2.000000 3.412138
 [5,] 11.36494 153.7267 1.0000000 20.04252 286.6524 47.53057 24.00000 5.784887 8.398102 1.292528
 [6,] 10.73594 209.5806 0.9996251 18.46654 286.3095 44.69946 24.00000 5.776321 8.501905 1.643583
 [7,] 11.61972 208.7783 0.9937532 18.22711 286.3449 44.82756 24.02882 5.776531 8.129079 1.630879
 [8,] 13.46130 151.1198 0.9720823 20.24174 286.3476 44.52518 24.12642 5.769895 7.550595 1.656783
 [9,] 13.46130 151.1198 0.9495823 20.38236 286.3476 44.82518 24.12642 5.769895 7.163095 1.644908
[10,] 12.62014 208.8007 0.9570253 17.55499 286.3141 44.72570 24.01283 5.741505 7.579208 1.692056
[11,] 12.62014 208.8007 0.9570253 17.55499 286.3141 44.82570 24.01283 5.741505 7.579208 1.692056
[12,] 13.00621 197.2870 0.9211244 17.22882 286.3208 44.70743 24.00439 5.750437 7.762936 1.670292
[13,] 13.00621 197.2870 0.9211244 17.22882 286.3208 44.80743 24.00439 5.750437 7.756686 1.676230
[14,] 13.01901 197.5015 0.9135145 17.20732 286.3253 44.78596 24.01305 5.744290 7.762639 1.678547
[15,] 13.00569 197.1541 0.9115630 17.25200 286.3161 44.78050 24.01255 5.744785 7.757445 1.673978
[16,] 12.99938 198.5836 0.8879550 17.23179 286.3166 44.78070 24.01254 5.745876 7.707496 1.675284
[17,] 12.99938 198.5836 0.8879550 17.23179 286.3166 44.78226 24.01254 5.745876 7.704371 1.678253
[18,] 13.01106 196.7356 0.9680778 17.25645 286.3206 44.79449 24.02476 5.745979 7.762270 1.678721
[19,] 12.96206 198.3962 0.9513796 17.23283 286.3183 44.79115 24.01579 5.746340 7.752416 1.676717
[20,] 13.11598 195.6346 0.9542779 17.20461 286.3203 44.78748 24.03634 5.744611 7.761078 1.678685
[21,] 13.09876 195.4058 0.9572285 17.26174 286.3202 44.79721 24.02975 5.745183 7.771111 1.674405
[22,] 13.11137 192.9217 0.9675238 17.26074 286.3220 44.80043 24.03575 5.744621 7.787780 1.673567
[23,] 13.13311 193.6796 0.9585342 17.26108 286.3199 44.80138 24.02806 5.746618 7.803904 1.672089
[24,] 13.13311 193.6796 1.0000000 17.26255 286.3199 44.80138 24.02806 5.746618 7.803904 1.672089
[25,] 13.09999 195.4745 0.9625977 17.23850 286.3195 44.79496 24.03137 5.746195 7.766684 1.673586
[26,] 13.19270 194.7604 0.9691358 17.24727 286.3208 44.80090 24.03133 5.745012 7.669558 1.673466
[27,] 13.19461 194.7641 0.9656626 17.23659 286.3207 44.80117 24.03122 5.746759 7.656630 1.673386
[28,] 13.20595 194.6635 0.9658374 17.23737 286.3205 44.80231 24.02345 5.746818 7.647020 1.673332
[29,] 13.20523 194.6259 0.9658105 17.23883 286.3205 44.80194 24.02483 5.746684 7.647532 1.673339
[30,] 13.18471 190.0320 0.9555847 17.40008 286.3389 45.47230 24.67446 7.058442 5.199382 1.585929
[31,] 13.18471 190.0320 0.9780847 17.40008 286.3389 45.27230 24.67446 7.058442 5.174382 1.585929
[32,] 13.20020 187.1845 0.9435949 17.38133 286.3365 45.51500 25.01158 6.943091 4.106418 1.574831
[33,] 13.20020 187.1845 0.9653917 18.06102 286.3365 45.51500 25.09283 6.943091 4.156418 1.574831
[34,] 13.23172 190.1234 0.9481364 17.37646 286.3343 45.60662 25.05701 6.950683 4.766969 1.553827
[35,] 13.23172 190.1234 1.0000000 17.38966 286.3325 45.60662 24.99602 6.950683 4.948202 1.553827
[36,] 13.23172 190.1234 1.0000000 17.38966 286.3325 45.60662 25.03664 6.950683 4.941952 1.553827

$neval
 [1]   106   258   384   531   676   815  1499  1774  1892  3916  3989  5349  5432  6125  6548
[16]  6685  6907  7313  7993  8269  8887  9024  9570  9804 11171 11517 11655 12346 13370 23372
[31] 23460 25905 26012 28336 28456 30088

$fbest
[1] 793.1024

$xbest
 [1]  13.231724 190.123376   1.000000  17.389655 286.332518  45.606624  25.036643   6.950683
 [9]   4.941952   1.553827

$numeval
[1] 30088

$cpu_time
[1] 617.98

