$f
 [1] 1087.3854  942.2344  640.0087  639.6979  639.3941  630.1910  606.8976  575.7031  547.9427  493.0347  492.9792  492.8628  491.4062  490.7378  490.3872  490.1458  489.7378  489.6337  489.5712
[20]  489.2014  488.9080  488.1406  487.5903  485.7135  484.5920  484.5799  484.5521  484.4149  484.4149

$x
           [,1]       [,2]      [,3]      [,4]       [,5]       [,6]      [,7]       [,8]      [,9]
 [1,]  8.513696 245.479300 0.3061911 27.358960 286.270800 45.4903400 38.999640   7.618091  4.429535
 [2,] 14.485668 355.911400 0.3337711 22.863400 286.291500 42.1598000 26.384460   5.177067  3.227196
 [3,] 14.485668 313.880200 0.2889469 22.872190 286.305600 42.9598000 25.775080   5.176677  3.220946
 [4,] 14.604098 313.862100 0.3395390 22.792270 286.279700 42.9861000 25.347350   5.181150  3.419041
 [5,] 14.604098 313.862100 0.3396269 22.792270 286.279700 42.9861000 25.347350   5.181150  3.419041
 [6,] 14.370192 291.761400 0.2830170 22.696200 285.715800 41.6303600 24.323240   5.884692  3.268414
 [7,] 14.255972 286.539200 0.2799031 22.562320 285.720000 41.7474400 24.000000   5.943448  3.286541
 [8,] 13.539963 281.585200 0.2792237 22.466430 285.714700 43.0918200 24.000000   6.321708  2.889753
 [9,] 13.493226 281.415100 0.2820454 22.471860 285.714800 43.0951700 24.100960   6.328191  2.733054
[10,] 13.680726 281.415100 0.2651704 22.471860 285.714800 43.0451700 24.100960   6.303191  2.783054
[11,] 14.728335 278.415700 0.2830705 22.679490 285.602700 38.3342800 24.223450   5.950910  3.450968
[12,] 14.725406 278.415700 0.2830705 22.679490 285.602700 38.3342800 24.223450   5.950910  3.450968
[13,] 14.542285 273.792800 0.3046252 22.683040 285.593700 38.1722400 24.436510   5.958054  3.750061
[14,] 14.542285 273.753700 0.3046252 22.683040 285.593700 38.1722400 24.436510   5.958054  3.753186
[15,] 14.384766 277.926500 0.2975960 22.816280 285.594400 38.1643200 24.445650   5.960146  3.598896
[16,] 14.384766 277.926500 0.2975960 22.816280 285.594400 38.1643200 24.445650   5.960146  3.598896
[17,] 14.405248 270.551300 0.2979691 22.849500 285.572900 38.0996500 24.406780   5.957621  3.836001
[18,] 14.389417 274.922100 0.3001472 22.814900 285.573900 38.1131900 24.397790   5.957507  3.737476
[19,] 14.399283 274.044500 0.2990402 22.840680 285.573000 38.1072000 24.406330   5.956689  3.725282
[20,] 14.406996 273.814500 0.2987456 22.808250 285.573200 38.1045600 24.413450   5.956678  3.772525
[21,] 14.390711 275.752700 0.3013983 22.794460 285.573400 38.1164600 24.401890   5.962114  3.704075
[22,] 14.390711 275.752700 0.3013983 22.794460 285.573400 38.1164600 24.401890   5.962114  3.697825
[23,] 14.430964 273.777100 0.2992272 22.798850 285.569100 38.1126900 24.407100   5.960987  3.742309
[24,] 14.430977 273.270100 0.2991581 22.795740 285.569500 38.1166600 24.436690   5.966091  3.742237
[25,] 14.451215 272.482000 0.2991559 22.775470 285.569300 38.1270800 24.452650   5.969189  3.740957
[26,] 14.454145 272.482000 0.2991559 22.775470 285.569300 38.1270800 24.452650   5.969189  3.740957
[27,] 14.369902 272.373000 0.3000012 22.769520 285.564800 38.1046900 24.441860   5.966388  3.848911
[28,] 14.416305 274.088800 0.3000164 22.750060 285.564300 38.0849600 24.426690   5.965225  3.762563
[29,] 14.416305 274.088800 0.3000164 22.750060 285.564300 38.0849600 24.426690   5.965225  3.762563
[30,] 10.000000   4.186848 1.8077990  1.856784   1.860141  1.8616260  1.306160   1.200000  1.200000
[31,]  1.271136   1.268167 1.2420870  1.242087   1.208588  1.2085880  1.216162   1.215420  1.215659
[32,]  1.214498   1.215275 1.2153090  1.215128   1.209191  1.2158660  1.208234   1.203350  1.203350
[33,]  1.203671   1.209466 1.2094660  8.513696 245.479300  0.3061911 27.358960 286.270800 45.490340
[34,] 38.999640   7.618091 4.4295350 14.485668 355.911400  0.3337711 22.863400 286.291500 42.159800
[35,] 26.384460   5.177067 3.2271960 14.485668 313.880200  0.2889469 22.872190 286.305600 42.959800
[36,] 25.775080   5.176677 3.2209460 14.604098 313.862100  0.3395390 22.792270 286.279700 42.986100
[37,] 25.347350   5.181150 3.4190410 14.604098 313.862100  0.3396269 22.792270 286.279700 42.986100
[38,] 25.347350   5.181150 3.4190410 14.370192 291.761400  0.2830170 22.696200 285.715800 41.630360
[39,] 24.323240   5.884692 3.2684140 14.255972 286.539200  0.2799031 22.562320 285.720000 41.747440
[40,] 24.000000   5.943448 3.2865410 13.539963 281.585200  0.2792237 22.466430 285.714700 43.091820
[41,] 24.000000   6.321708 2.8897530 13.493226 281.415100  0.2820454 22.471860 285.714800 43.095170
[42,] 24.100960   6.328191 2.7330540 13.680726 281.415100  0.2651704 22.471860 285.714800 43.045170
[43,] 24.100960   6.303191 2.7830540 14.728335 278.415700  0.2830705 22.679490 285.602700 38.334280
[44,] 24.223450   5.950910 3.4509680 14.725406 278.415700  0.2830705 22.679490 285.602700 38.334280
[45,] 24.223450   5.950910 3.4509680 14.542285 273.792800  0.3046252 22.683040 285.593700 38.172240
[46,] 24.436510   5.958054 3.7500610 14.542285 273.753700  0.3046252 22.683040 285.593700 38.172240
[47,] 24.436510   5.958054 3.7531860 14.384766 277.926500  0.2975960 22.816280 285.594400 38.164320
[48,] 24.445650   5.960146 3.5988960 14.384766 277.926500  0.2975960 22.816280 285.594400 38.164320
[49,] 24.445650   5.960146 3.5988960 14.405248 270.551300  0.2979691 22.849500 285.572900 38.099650
[50,] 24.406780   5.957621 3.8360010 14.389417 274.922100  0.3001472 22.814900 285.573900 38.113190
[51,] 24.397790   5.957507 3.7374760 14.399283 274.044500  0.2990402 22.840680 285.573000 38.107200
[52,] 24.406330   5.956689 3.7252820 14.406996 273.814500  0.2987456 22.808250 285.573200 38.104560
[53,] 24.413450   5.956678 3.7725250 14.390711 275.752700  0.3013983 22.794460 285.573400 38.116460
[54,] 24.401890   5.962114 3.7040750 14.390711 275.752700  0.3013983 22.794460 285.573400 38.116460
[55,] 24.401890   5.962114 3.6978250 14.430964 273.777100  0.2992272 22.798850 285.569100 38.112690
[56,] 24.407100   5.960987 3.7423090 14.430977 273.270100  0.2991581 22.795740 285.569500 38.116660
[57,] 24.436690   5.966091 3.7422370 14.451215 272.482000  0.2991559 22.775470 285.569300 38.127080
[58,] 24.452650   5.969189 3.7409570 14.454145 272.482000  0.2991559 22.775470 285.569300 38.127080
[59,] 24.452650   5.969189 3.7409570 14.369902 272.373000  0.3000012 22.769520 285.564800 38.104690

$time
elapsed elapsed elapsed elapsed elapsed elapsed elapsed elapsed elapsed elapsed elapsed elapsed elapsed elapsed elapsed elapsed elapsed elapsed elapsed elapsed elapsed elapsed elapsed elapsed elapsed 
   1.28    3.49    5.82   33.53   34.72   36.69   38.74   40.82   56.13   57.80  218.49  219.64  313.94  315.08  330.33  337.60  343.85  371.13  374.10  378.38  380.52  383.83  392.17  410.77  421.22 
elapsed elapsed elapsed elapsed 
 429.39  458.60  466.78  474.25 

$neval
 [1]   106   259   417  2210  2289  2422  2555  2691  3627  3737 13881 13955 20065 20143 21105 21582 21987 23680 23815 24091 24229 24445 24999 26163 26836 27315 29238 29723 30132

$fbest
[1] 484.4149

$xbest
 [1]  14.4163047 274.0887594   0.3000164  22.7500559 285.5642578  38.0849571  24.4266894   5.9652252   3.7625625   1.2094663

$numeval
[1] 30132

$end_crit
[1] 1

$cpu_time
elapsed 
 474.25 

$Refset
$Refset$x
             [,1]        [,2]        [,3]        [,4]        [,5]        [,6]        [,7]        [,8]
 [1,]   1.0000000  14.4163000 274.0887594   0.3000164  22.7500560 285.5642580  38.0849600  24.4266894
 [2,]   5.9652250   2.0000000  14.3699000   0.3000012 285.5648219  24.4418620   3.8489110  14.3699000
 [3,]   0.3000012 285.5648220   3.0000000 272.3730200  22.7695181  38.1046912   5.9663880   1.2036710
 [4,] 272.3730200  22.7695181  38.1046910   4.0000000  14.3699000 272.3730196   0.3000012  22.7695180
 [5,] 285.5648220  38.1046900  24.4418623   5.9663880   5.0000000  14.4174200 274.1590255   0.2997168
 [6,]  22.7650110 285.5640200  38.0855500  24.4423367   5.9649030   6.0000000  14.4203200 273.8879114
 [7,]   0.2997418  22.7690400 285.5647170  38.0808600  24.4439252   5.9649820   7.0000000  14.4189700
 [8,] 273.9881310   0.2999733  22.7613710 285.5639260  38.0847300  24.4328886   5.9655520   8.0000000
 [9,]  14.4191300 273.8794444   0.2997534  22.7629820 285.5635840  38.0818200  24.4444792   5.9654760
[10,]   9.0000000  14.4167200 274.4923732   0.2987603  22.7345600 285.5651970  38.0833500  24.4484026
[11,]   5.9645140  14.3999100 271.8223502   0.3009251  22.7664350 285.5650620  38.1049200  24.4250581
[12,]   5.9654400  14.4209400 271.1427811   0.3000294  22.7655070 285.5668100  38.1154900  24.4428485
[13,]   5.9656590  14.4172700 273.9759775   0.2997372  22.7647480 285.5638940  38.0875600  24.4382562
[14,]   5.9652030   9.0000000  10.0000000   1.0000000   3.7625630   1.2094660   2.0000000  24.4418620
[15,]   3.8489110   3.0000000   5.9663880   1.2036710   4.0000000   3.8489110   1.2036710   5.0000000
[16,]   3.7484090   1.2097470   6.0000000   3.7539080   1.2094320   7.0000000   3.7578450   1.2101050
[17,]   8.0000000   3.7589070   1.2095220   9.0000000   3.7568710   1.2095190   3.8538720   1.2035340
[18,]   3.8482970   1.2011990   3.7534550   1.2096770   1.0000000  14.4163000 274.0887594   0.3000164
[19,]  22.7500560 285.5642580  38.0849600  24.4266894   5.9652250   2.0000000  14.3699000   0.3000012
[20,] 285.5648219  24.4418620   3.8489110  14.3699000   0.3000012 285.5648220   3.0000000 272.3730200
[21,]  22.7695181  38.1046912   5.9663880   1.2036710 272.3730200  22.7695181  38.1046910   4.0000000
[22,]  14.3699000 272.3730196   0.3000012  22.7695180 285.5648220  38.1046900  24.4418623   5.9663880
[23,]   5.0000000  14.4174200 274.1590255   0.2997168  22.7650110 285.5640200  38.0855500  24.4423367
[24,]   5.9649030   6.0000000  14.4203200 273.8879114   0.2997418  22.7690400 285.5647170  38.0808600
[25,]  24.4439252   5.9649820   7.0000000  14.4189700 273.9881310   0.2999733  22.7613710 285.5639260

$Refset$f
 [1] 484.4149 484.5521 484.5521 484.5521 484.6875 484.6875 484.6875 484.7205 484.6111 485.0191 485.0469 485.0903

$Refset$fpen
 [1] 484.4149 484.5521 484.5521 484.5521 484.6875 484.6875 484.6875 484.7205 484.6111 485.0191 485.0469 485.0903

$Refset$const
 [1] 18.987490 32.237440 13.249944  1.628697  2.326238 18.920610 13.230480  2.326517 32.151089  1.628650 32.151090  1.628650 18.920607 13.230482  2.326517 18.920610 32.151090 13.230482  1.628650
[20]  2.326517 19.016600 32.251590 13.234989  1.628763  2.327179 19.015130 32.246090 13.230960  1.628708  2.327621 19.003530 32.242160 13.238629  1.628747  2.326581 19.004080 32.241090 13.237018
[39]  1.628818  2.327384 18.977690 32.243130 13.265440  1.628669  2.327907 18.912560 32.146130 13.233565  1.628579  2.325467 18.917210 32.151700 13.234493  1.628440  2.326541 19.011290 32.246540
[58] 13.235252  1.628760  2.326805

$Refset$penalty
 [1] 0 0 0 0 0 0 0 0 0 0 0 0


