$f
 [1] 864.2569 516.5295 355.4531 352.7830 334.6684 288.5764 282.6076 255.7118 246.4878 226.3073 226.2934

$x
          [,1]     [,2]      [,3]     [,4]     [,5]     [,6]     [,7]     [,8]     [,9]    [,10]
 [1,] 26.20080 102.9258 0.5819582 20.10826 286.3851 43.39439 26.27178 3.821076 3.014756 2.260911
 [2,] 16.16658 402.8452 0.1274782 17.35791 285.7365 28.87845 24.00000 6.389109 4.581842 1.412632
 [3,] 16.16847 362.8452 0.1254851 17.41194 285.7611 29.72999 24.10469 6.376224 4.765628 1.440003
 [4,] 18.81655 304.5954 0.5958991 18.62642 286.6732 38.55032 25.93555 4.021839 6.576271 5.000000
 [5,] 21.55201 251.8658 0.7378576 18.48975 286.5599 37.19687 24.00000 3.970282 6.776140 3.895429
 [6,] 19.19890 299.0806 0.6384524 17.46027 286.5308 39.53932 26.48220 6.771427 5.058285 3.042592
 [7,] 20.78332 287.1982 0.6556459 18.51674 286.7111 37.30782 24.62494 3.935093 5.956976 5.000000
 [8,] 20.24418 293.3991 0.6514174 18.71930 286.6638 39.05003 24.85175 3.793952 5.466759 3.315026
 [9,] 19.85939 297.6237 0.6513516 18.78683 286.6328 38.72722 24.99403 3.788504 5.524167 3.345550
[10,] 20.41982 286.5979 0.7413516 18.78683 286.6328 38.72722 24.99403 3.788504 5.524167 3.363362
[11,] 20.41689 286.5979 0.7413516 18.78683 286.6328 38.72722 24.99403 3.788504 5.524167 3.363362

$neval
 [1]   106   260   422   568   849   994  1275  1415  1552  1951 30106

$fbest
[1] 226.2934

$xbest
 [1]  20.4168894 286.5979096   0.7413516  18.7868260 286.6328061  38.7272209  24.9940344   3.7885044   5.5241670   3.3633624

$numeval
[1] 30106

$cpu_time
[1] 543.87

$Refset
$Refset$x
             [,1]        [,2]       [,3]        [,4]        [,5]        [,6]        [,7]        [,8]        [,9]      [,10]
 [1,]   1.0000000  20.6018200 292.257500   0.7165176  18.7002000 286.7329000  38.7924600  25.7584400   3.9633700   5.233470
 [2,]   4.1193690   2.0000000  20.601830 292.2498000   0.7170196  18.7019700 286.7302000  38.7920500  25.7474900   3.963494
 [3,]   5.2311900   4.1195610   3.000000  20.5941100 292.2802000   0.7170984  18.7025400 286.7324000  38.7883900  25.759040
 [4,]   3.9627960   5.2334170   4.119196   4.0000000  20.5930700 292.0903000   0.7142721  18.7081800 286.7372000  38.788050
 [5,]  25.8110800   3.9628480   5.236370   4.1186150   5.0000000  20.6001800 292.3015000   0.7201229  18.7013800 286.731000
 [6,]  38.7925200  25.7589900   3.963772   5.2334170   4.1198140   6.0000000  20.6019200 292.3527000   0.7149131  18.706230
 [7,] 286.7360000  38.7650200  25.757910   3.9636140   5.2317480   4.1188910   7.0000000  20.6053000 293.0437000   0.733232
 [8,]  18.6893200 286.7259000  38.739170  25.7626500   3.9603170   5.2258930   4.1221340   8.0000000  21.7047300 425.805700
 [9,]   0.7092782  28.2643700 284.238400  37.0074000  35.6035600   8.5675730   7.8952840   2.1031740   9.0000000  20.601590
[10,] 292.6240000   0.7269151  18.688910 286.6986000  38.7485900  25.7585700   3.9660490   5.2263950   4.1205190  20.601830
[11,] 292.6404000   0.7269940  18.686310 286.6986000  38.7490000  25.7576700   3.9660160   5.2270670   4.1223800  20.602850
[12,] 293.6659000   0.7269890  18.643020 286.7286000  38.7871900  25.7488900   3.9645670   5.2274250   4.1220740  20.574740

$Refset$f
 [1]     229.5712     229.5712     229.5451     229.5972     229.5712     229.9375     230.0469 1547925.9462     231.3403     231.3941     229.5035     339.1632

$Refset$fpen
 [1]     229.5712     229.5712     229.5451     229.5972     229.5712     229.9375     230.0469 1547925.9462     231.3403     231.3941     229.5035     339.1632

$Refset$const
 [1] 13.466730 30.766530 17.299800  1.506266  2.733205 13.470780 30.768810 17.298030  1.506597  2.731302 13.469130 30.766580 17.297460  1.506305  2.733281 13.471810 30.763630 17.291820  1.505579
[20]  2.739354 13.467970 30.766580 17.298620  1.506476  2.732479 13.474480 30.768250 17.293770  1.505857  2.735852 13.463430 30.774110 17.310680  1.506903  2.733509 20.369090 28.104720  7.735630
[39]  1.844416  3.192588 13.462510 30.773600 17.311090  1.509973  2.721802 13.459240 30.772930 17.313690  1.509981  2.721695 13.415590 30.772570 17.356980  1.506764  2.731002 14.321060 30.717740
[58] 16.396670  1.503694  2.788977

$Refset$penalty
 [1] 0 0 0 0 0 0 0 0 0 0 0 0


