$f
[1] 2195.175 2074.549 1815.943 1555.318 1385.247 1301.490 1272.148 1272.148

$x
         [,1]     [,2]      [,3]     [,4]     [,5]     [,6]     [,7]     [,8]     [,9]    [,10]
[1,] 19.58016 212.4901 0.6386979 23.98940 286.3899 37.67919 24.26740 4.805633 2.461832 2.699655
[2,] 21.16909 165.6589 0.6858908 22.10564 285.8965 37.17623 25.92392 6.214587 2.759284 4.049005
[3,] 21.16909 164.4089 0.2928467 22.10564 285.9001 37.17623 25.27392 6.214587 2.778034 4.040064
[4,] 18.97465 167.9940 0.2828489 22.13323 285.6538 37.19949 25.01099 7.658253 3.306578 4.136967
[5,] 18.54249 160.4251 0.2823384 22.10794 285.6319 37.06164 25.02348 7.710864 3.404977 4.120738
[6,] 18.21202 162.5260 0.2822029 22.08210 285.6247 36.70262 24.97810 7.673971 3.433558 4.118535
[7,] 18.11827 162.5260 0.2597029 22.08210 285.6177 36.70262 24.97810 7.673971 3.446058 4.112598
[8,] 18.11827 162.5260 0.2597029 22.08210 285.6177 36.70262 24.97810 7.673971 3.446058 4.112598

$time
elapsed elapsed elapsed elapsed elapsed elapsed elapsed elapsed 
   1.26    3.37    5.37    9.28   15.81   23.29   26.40  417.00 

$neval
[1]   106   262   411   700  1123  1680  1913 30136

$fbest
[1] 1272.148

$xbest
 [1]  18.1182675 162.5259644   0.2597029  22.0820981 285.6177166  36.7026169  24.9781040   7.6739707   3.4460576   4.1125975

$numeval
[1] 30136

$end_crit
[1] 1

$cpu_time
elapsed 
    417 

$Refset
$Refset$x
             [,1]        [,2]       [,3]        [,4]        [,5]        [,6]        [,7]       [,8]       [,9]       [,10]
 [1,]   1.0000000  19.8774100 202.674300   0.2064738  18.3552900 286.0432000  36.1995800  26.371100   2.134518   7.0252780
 [2,]   2.9324520   2.0000000  19.871890 202.7520000   0.2069249  18.3546200 286.0433000  36.203130  26.380320   2.1325950
 [3,]   7.0262180   2.9431700   3.000000  19.8737900 202.7374000   0.2068269  18.3583100 286.043800  36.208430  26.3698300
 [4,]   2.1351930   7.0223830   2.917155   4.0000000  19.8762400 202.7394000   0.2066144  18.355570 286.043000  36.2017700
 [5,]  26.3747000   2.1342160   7.022271   2.9370700   5.0000000  19.8790300 202.9365000   0.206294  18.355570 286.0416000
 [6,]  36.1983500  26.3677200   2.135297   7.0100290   2.9383050   6.0000000  19.8764000 202.647300   0.206514  18.3570600
 [7,] 286.0436000  36.2015300  26.372690   2.1345820   7.0256800   2.9310150   7.0000000  19.877700 202.715900   0.2066509
 [8,]  18.3561400 286.0431000  36.200500  26.3660600   2.1342510   7.0216850   2.9171990   8.000000  19.880820 202.7458000
 [9,]   0.2065948  18.3545700 286.043300  36.2025500  26.3704400   2.1362660   7.0197070   2.933133   9.000000  19.8795600
[10,] 202.9579000   0.2068921  18.329970 286.0430000  36.1956300  26.3852100   2.1454790   7.025979   2.933570  19.8771300
[11,] 202.7847000   0.2073164  18.354420 286.0448000  36.1998300  26.3751800   2.1341590   7.019750   2.936762  20.0369000
[12,] 297.1457000   0.2131368  17.334430 286.1820000  27.9926100  25.1361700   2.1606480   6.888326   2.919432  20.8233600

$Refset$f
 [1] 1559.274 1559.274 1559.274 1559.274 1559.274 1559.274 1559.439 1559.637 1560.832 1561.229 1836.509 1917.465

$Refset$fpen
 [1] 1559.274 1559.274 1559.274 1559.274 1559.274 1559.274 1559.439 1559.637 1560.832 1561.229 1836.509 1917.465

$Refset$const
 [1] 11.330010 28.974720 17.644710  1.577656  2.686781 11.328400 28.973780 17.645380  1.577627  2.687384 11.335920 28.977620 17.641690  1.577601  2.686317 11.333300 28.977730 17.644430  1.577672
[20]  2.686899 11.345540 28.989970 17.644430  1.577842  2.686104 11.331380 28.974320 17.642940  1.577612  2.686911 11.334450 28.978310 17.643860  1.577676  2.686280 11.334860 28.980290 17.645430
[39]  1.577651  2.686574 11.303990 28.974020 17.670030  1.577633  2.688186 11.334670 28.980250 17.645580  1.577453  2.687618 10.446100 29.111670 18.665570  1.532600  3.372788 14.611410 30.122530
[58] 15.511130  1.570857  2.610825

$Refset$penalty
 [1] 0 0 0 0 0 0 0 0 0 0 0 0


