$f
 [1] 1316.7639 1127.3628  817.4601  798.2413  790.4201  742.9340  742.8524  719.0833  510.1545  503.2969  485.5851  476.7882  453.9757  433.6806  420.0174  409.7396  401.0729  398.1389  385.3785
[20]  383.8924  375.9774  372.7222  369.1476  361.3976  349.9045  329.8264  329.7517  328.7170  328.1597  328.1597

$x
          [,1]     [,2]      [,3]     [,4]     [,5]     [,6]     [,7]     [,8]     [,9]    [,10]
 [1,] 12.13404 432.2185 0.5998440 22.55331 286.0030 42.61234 35.13604 4.656934 4.371406 3.527378
 [2,] 23.95991 242.6221 0.5759753 23.86480 285.9750 35.54695 29.12397 3.290326 6.348129 4.342916
 [3,] 21.70991 242.6221 1.0000000 23.86480 285.7897 35.54695 27.51860 3.490326 6.348129 5.000000
 [4,] 22.13301 243.3197 0.9619185 25.00880 285.8173 35.65774 27.95432 3.933869 5.707757 4.484105
 [5,] 27.90007 301.3848 0.4123668 15.00000 286.4345 33.31592 24.24652 8.456406 6.790063 1.564663
 [6,] 21.39136 229.7967 1.0000000 23.76758 286.3385 38.96823 29.44537 6.985345 6.587543 3.926667
 [7,] 24.19029 282.4083 0.7711667 21.41038 286.4852 35.41671 24.90320 5.679426 6.708287 4.112312
 [8,] 24.17805 251.0976 0.9734342 24.72573 286.2941 33.79558 24.72585 7.695138 5.178299 4.475131
 [9,] 24.17805 260.7898 0.9008286 25.11227 286.2941 33.79558 25.37585 7.695138 4.994692 4.646497
[10,] 24.33548 251.7749 0.9748982 23.89501 286.4109 31.08129 24.71200 8.628963 5.983623 4.117612
[11,] 24.46728 251.7749 1.0000000 23.69540 286.4061 31.08129 24.71200 8.628963 6.009396 4.117612
[12,] 23.85115 253.4261 0.9849681 24.29999 286.1845 32.76598 25.12257 6.919719 5.655304 3.903848
[13,] 24.12399 253.5874 0.9882361 24.54255 286.1709 32.61409 25.11244 6.786942 5.593219 4.412203
[14,] 24.12399 253.9390 0.9882361 24.55427 286.1897 32.61409 25.11244 6.813504 5.591656 4.412203
[15,] 24.29170 254.0759 0.9834803 25.82323 286.2591 32.40765 25.19388 6.861363 4.869275 3.964595
[16,] 24.29170 254.0759 1.0000000 25.82323 286.2591 32.40765 25.19388 6.848863 4.844275 3.988345
[17,] 24.26177 253.1869 0.9558553 29.00487 286.2557 32.46405 25.23420 6.833880 3.170092 3.966365
[18,] 24.27349 253.1869 1.0000000 29.00487 286.2557 32.46405 25.23420 6.833880 3.170092 3.966365
[19,] 23.84368 336.8954 0.9944695 26.16915 286.2561 33.01819 25.62862 5.854866 2.423490 4.117581
[20,] 23.84368 336.8954 1.0000000 26.16915 286.2561 33.01819 25.54737 5.854866 2.423490 4.123519
[21,] 24.57609 268.0272 0.9220243 26.28661 286.2560 33.51627 25.26060 5.769416 4.142629 3.052565
[22,] 24.61125 268.0272 1.0000000 26.28661 286.2560 33.51627 25.26060 5.769416 4.142629 3.058503
[23,] 23.11637 348.6926 1.0000000 26.17749 286.2562 33.32886 25.41212 5.880163 2.236481 4.000372
[24,] 23.93834 327.7915 0.9822530 26.16707 286.2561 33.19106 25.32228 5.880051 2.898115 3.985274
[25,] 23.18982 344.8255 0.9957026 26.17149 286.2562 33.24331 25.36892 5.880089 2.548439 3.993571
[26,] 23.56482 339.8255 0.9325000 26.30614 286.2562 33.24331 25.53142 5.880089 2.535181 4.005446
[27,] 24.44808 267.7393 0.9482288 27.42983 286.2482 33.33755 25.34029 6.077206 3.549598 3.073589
[28,] 24.44808 267.7393 0.9482288 27.42983 286.2482 33.33755 25.34029 6.077206 3.546473 3.070620
[29,] 24.39672 268.0809 0.9257147 27.45303 286.2495 33.33164 25.35457 6.077780 3.537317 3.070299
[30,] 24.39672 268.0809 0.9257147 27.45303 286.2495 33.33164 25.35457 6.077780 3.537317 3.070299

$neval
 [1]   106   258   402   830   973  1111  1522  1794  1931  3281  3404  3676  4479  4853  7310  7399  8489  8836 12113 12196 13550 13655 14328 14596 14732 15117 27792 27872 29107 30129

$fbest
[1] 328.1597

$xbest
 [1]  24.3967228 268.0809175   0.9257147  27.4530274 286.2494704  33.3316391  25.3545692   6.0777804   3.5373169   3.0702994

$numeval
[1] 30129

$cpu_time
[1] 591.44

$Refset
$Refset$x
             [,1]        [,2]        [,3]        [,4]        [,5]        [,6]       [,7]        [,8]
 [1,]   1.0000000  24.3967200 268.0809180   0.9257147  27.4530270 286.2494700  33.331640  25.3545690
 [2,]   6.0777800   2.0000000  24.4460400 267.9222220   0.9508040  27.3825310 286.249860  33.3371400
 [3,]  25.3495130   6.0770480   3.0000000  24.4519200 267.8048440   0.9526663  27.391328 286.2503400
 [4,]  33.3338500  25.3525120   6.0766380   4.0000000 267.7392600  27.4298270  33.337553   6.0772060
 [5,]   3.0706200 267.7392600  27.4298270  33.3375540   5.0000000  33.3375500   6.077206   3.0706202
 [6,] 267.7392630  27.4298300  33.3375500   6.0772060   3.0706200   6.0000000  24.439700 268.0684390
 [7,]   0.9533435  27.3939200 286.2498200  33.3329900  25.3546290   6.0768320   7.000000  24.4164000
 [8,] 268.0565240   0.9357506  27.4108110 286.2496500  33.3329800  25.3521940   6.077136   8.0000000
 [9,]  24.4213400 268.4932770   0.9163061  27.3642050 286.2495000  33.3310900  25.355457   6.0772240
[10,]   9.0000000  24.4409200 268.1257690   0.9480729  27.4040770 286.2496800  33.332170  25.3447310
[11,]   6.0779740  24.4300500 267.9541420   0.9382689  27.3642160 286.2494800  33.336410  25.3513530
[12,]   6.0766240  24.4484400 267.8889310   0.9478961  27.3630080 286.2495700  33.334590  25.3496090
[13,]   6.0776060  24.4525600 267.8028270   0.9581073  27.3152040 286.2491200  33.336770  25.3432130
[14,]   6.0780820   9.0000000  10.0000000   1.0000000   3.5373170   3.0702990   2.000000   3.5685270
[15,]   3.0665590   3.0000000   3.5671750   3.0711170   4.0000000   6.0772060   3.070620   5.0000000
[16,] 267.7392630  27.4298270   6.0000000   3.5616710   3.0716820   7.0000000   3.553884   3.0704350
[17,]   8.0000000   3.5663230   3.0716480   9.0000000   3.5499450   3.0688200   3.578382   3.0722230
[18,]   3.5736520   3.0679900   3.6135340   3.0691470   1.0000000  24.3967200 268.080918   0.9257147
[19,]  27.4530270 286.2494700  33.3316400  25.3545690   6.0777800   2.0000000  24.446040 267.9222220
[20,]   0.9508040  27.3825310 286.2498600  33.3371400  25.3495130   6.0770480   3.000000  24.4519200
[21,] 267.8048440   0.9526663  27.3913280 286.2503400  33.3338500  25.3525120   6.076638   4.0000000
[22,] 267.7392600  27.4298270  33.3375535   6.0772060   3.0706200 267.7392600  27.429827  33.3375540
[23,]   5.0000000  33.3375500   6.0772060   3.0706202 267.7392630  27.4298300  33.337550   6.0772060
[24,]   3.0706200   6.0000000  24.4397000 268.0684390   0.9533435  27.3939200 286.249820  33.3329900
[25,]  25.3546290   6.0768320   7.0000000  24.4164000 268.0565240   0.9357506  27.410811 286.2496500

$Refset$f
 [1] 328.1597 328.6910 328.6910 328.7170 328.7170 328.8177 328.6076 328.9080 329.0920 329.5538 329.5868 330.4514

$Refset$fpen
 [1] 328.1597 328.6910 328.6910 328.7170 328.7170 328.8177 328.6076 328.9080 329.0920 329.5538 329.5868 330.4514

$Refset$const
 [1] 23.915710 32.462683  8.546973  1.549323  2.858586 23.814000 32.431473  8.617469  1.549314  2.857789 23.824150 32.432825  8.608672  1.549232  2.858518 32.453530  1.549559 23.883353  8.570173
[20]  2.856223 23.883350  8.570173  2.856223 32.453527  1.549559 23.832250 32.438329  8.606080  1.549284  2.858613 23.856930 32.446116  8.589189  1.549314  2.858308 23.797880 32.433677  8.635795
[39]  1.549314  2.858727 23.854130 32.450055  8.595923  1.549340  2.857623 23.785830 32.421618  8.635784  1.549350  2.857896 23.789360 32.426348  8.636992  1.549340  2.857893 23.701670 32.386466
[58]  8.684796  1.549429  2.856917

$Refset$penalty
 [1] 0 0 0 0 0 0 0 0 0 0 0 0


