$f
 [1] 906.4236 757.9774 630.3316 545.4288 536.3611 522.0226 517.8524 495.6562 478.2361 467.0156 458.2031 451.3802 446.5278 446.3958 441.3108 430.1476 419.1962 419.1962

$x
           [,1]       [,2]        [,3]       [,4]       [,5]       [,6]      [,7]      [,8]      [,9]
 [1,] 14.226890 415.773700   0.8862232 19.1354600 284.762100  40.664300 26.757480  4.948987  4.674306
 [2,] 16.438080 389.103100   0.6077742 19.1108600 286.200900  43.113600 33.167200  6.065922  4.254637
 [3,] 16.438080 409.103100   1.0000000 19.1159900 286.200900  43.113600 33.451760  6.065580  4.654637
 [4,] 16.429380 427.983000   0.9611771 18.9378900 286.405100  43.151610 36.207550  6.071408  4.113100
 [5,] 16.344150 367.847500   0.8273728 19.4651700 286.541600  45.847410 31.739890 10.000000  3.885554
 [6,] 16.280450 435.370300   0.9737150 19.5073000 286.428700  42.679360 35.886450  6.018497  4.391587
 [7,] 16.359030 432.304700   0.9659481 18.8369900 286.420100  42.758270 36.003740  6.055326  4.309727
 [8,] 16.264780 431.822100   0.9795748 19.3487700 286.439300  42.743560 35.973070  6.037297  4.308836
 [9,] 16.264780 431.822100   1.0000000 19.3487700 286.439300  42.743560 35.973070  6.024797  4.233836
[10,] 16.963620 369.308800   0.8626052 20.4375000 286.537700  42.419240 34.056550  5.850600  5.212392
[11,] 16.963620 369.230700   0.8626052 20.4316400 286.537700  42.406740 33.894050  5.852810  5.212392
[12,] 17.157340 367.580700   0.8443154 20.4053700 286.533400  42.568860 33.735130  5.785623  5.216043
[13,] 17.157340 367.580700   0.9455874 20.4127000 286.533400  42.561030 33.633410  5.785623  5.252565
[14,] 17.172230 367.195400   0.8632533 20.3942600 286.526400  42.536940 33.717540  5.786895  5.232055
[15,] 17.172230 366.999800   1.0000000 20.3951700 286.526400  42.536940 33.717540  5.786895  5.307055
[16,] 16.803010 368.290500   1.0000000 20.4711400 286.301400  39.772480 35.715150  6.352151  4.812701
[17,] 16.779580 368.290500   1.0000000 20.8461400 286.309600  39.572480 35.715150  6.352151  4.815826
[18,] 16.779580 368.290500   1.0000000 20.8461400 286.309600  39.572480 35.715150  6.352151  4.815826
[19,] 10.000000   4.366909   4.8894520  4.8894520   4.902163   4.990791  4.963571  4.945571  4.956226
[20,]  4.905000   4.517987   4.5179870  4.6466350   4.654069   4.618482  4.618482  4.927383  4.927383
[21,]  4.927383  14.226890 415.7737000  0.8862232  19.135460 284.762100 40.664300 26.757480  4.948987
[22,]  4.674306  16.438080 389.1031000  0.6077742  19.110860 286.200900 43.113600 33.167200  6.065922
[23,]  4.254637  16.438080 409.1031000  1.0000000  19.115990 286.200900 43.113600 33.451760  6.065580
[24,]  4.654637  16.429380 427.9830000  0.9611771  18.937890 286.405100 43.151610 36.207550  6.071408
[25,]  4.113100  16.344150 367.8475000  0.8273728  19.465170 286.541600 45.847410 31.739890 10.000000
[26,]  3.885554  16.280450 435.3703000  0.9737150  19.507300 286.428700 42.679360 35.886450  6.018497
[27,]  4.391587  16.359030 432.3047000  0.9659481  18.836990 286.420100 42.758270 36.003740  6.055326
[28,]  4.309727  16.264780 431.8221000  0.9795748  19.348770 286.439300 42.743560 35.973070  6.037297
[29,]  4.308836  16.264780 431.8221000  1.0000000  19.348770 286.439300 42.743560 35.973070  6.024797
[30,]  4.233836  16.963620 369.3088000  0.8626052  20.437500 286.537700 42.419240 34.056550  5.850600
[31,]  5.212392  16.963620 369.2307000  0.8626052  20.431640 286.537700 42.406740 33.894050  5.852810
[32,]  5.212392  17.157340 367.5807000  0.8443154  20.405370 286.533400 42.568860 33.735130  5.785623
[33,]  5.216043  17.157340 367.5807000  0.9455874  20.412700 286.533400 42.561030 33.633410  5.785623
[34,]  5.252565  17.172230 367.1954000  0.8632533  20.394260 286.526400 42.536940 33.717540  5.786895
[35,]  5.232055  17.172230 366.9998000  1.0000000  20.395170 286.526400 42.536940 33.717540  5.786895
[36,]  5.307055  16.803010 368.2905000  1.0000000  20.471140 286.301400 39.772480 35.715150  6.352151
[37,]  4.812701  16.779580 368.2905000  1.0000000  20.846140 286.309600 39.572480 35.715150  6.352151

$neval
 [1]   106   254   372   656   795  1073  1348  1490  1858  4002  4102  6403  6527 11005 11132 11667 12573 30004

$fbest
[1] 419.1962

$xbest
 [1]  16.779577 368.290470   1.000000  20.846137 286.309561  39.572480  35.715146   6.352151   4.815826   4.927383

$numeval
[1] 30004

$cpu_time
[1] 434.38

$Refset
$Refset$x
             [,1]        [,2]        [,3]        [,4]        [,5]        [,6]        [,7]        [,8]        [,9]
 [1,]   1.0000000  17.6249090 372.1198000   0.9979712  20.3141600 286.4528000  42.5369000  32.2915700   5.8003950
 [2,]   5.0349660   2.0000000  17.6237010 372.0800000   0.9979577  20.3142600 286.4526000  42.5385000  32.2859500
 [3,]   5.8004110   5.0358580   3.0000000  17.6246200 372.0158000   0.9979837  20.3142900 286.4527000  42.5375200
 [4,]  32.2889200   5.8005030   5.0369180   4.0000000  17.6070990 371.8501000   0.9983451  20.3258700 286.4528000
 [5,]  42.5380900  32.2848300   5.7999210   5.0548970   5.0000000  17.6121560 370.9470000   0.9991029  20.3107200
 [6,] 286.4525000  42.5386400  32.2890600   5.8005130   5.0866200   6.0000000  17.6124890 370.9319000   0.9975974
 [7,]  20.3118200 286.4526000  42.5382500  32.2866900   5.8003940   5.0860590   7.0000000  17.6097530 371.2363000
 [8,]   0.9992183  20.3207900 286.4525000  42.5375600  32.2889800   5.8003140   5.0725740   8.0000000  17.5994880
 [9,] 372.2460000   0.9982198  20.3270700 286.4528000  42.5375500  32.2830100   5.8005640   5.0466390   9.0000000
[10,]   8.0971570 492.2317000   0.7781176  24.2039800 286.3732000  31.8949700  28.0047500   4.8326050   9.6188950
[11,]  17.6205640 371.0746000   0.9978482  20.3195700 286.4523000  42.5383100  32.2906600   5.8004430   5.0686920
[12,]  17.6250010 372.1193000   0.9979586  20.3146300 286.4527000  42.5365500  32.2857700   5.8004110   5.0347320
[13,]  17.4814090 368.5802000   0.9974545  20.0900200 286.3800000  41.5475700  32.2963300   5.7998430   5.1135360
[14,]  10.0000000   1.0000000   4.8172640   2.0000000   4.8173220   3.0000000   4.8167550   4.0000000   4.8162770
[15,]   5.0000000   4.8142530   6.0000000   4.8140710   7.0000000   4.8126290   8.0000000   4.8164100   9.0000000
[16,]   3.7664090   4.8086230   4.8168810   4.8143440   1.0000000  17.6249090 372.1198000   0.9979712  20.3141600
[17,] 286.4528000  42.5369000  32.2915700   5.8003950   5.0349660   2.0000000  17.6237010 372.0800000   0.9979577
[18,]  20.3142600 286.4526000  42.5385000  32.2859500   5.8004110   5.0358580   3.0000000  17.6246200 372.0158000
[19,]   0.9979837  20.3142900 286.4527000  42.5375200  32.2889200   5.8005030   5.0369180   4.0000000  17.6070990
[20,] 371.8501000   0.9983451  20.3258700 286.4528000  42.5380900  32.2848300   5.7999210   5.0548970   5.0000000
[21,]  17.6121560 370.9470000   0.9991029  20.3107200 286.4525000  42.5386400  32.2890600   5.8005130   5.0866200
[22,]   6.0000000  17.6124890 370.9319000   0.9975974  20.3118200 286.4526000  42.5382500  32.2866900   5.8003940
[23,]   5.0860590   7.0000000  17.6097530 371.2363000   0.9992183  20.3207900 286.4525000  42.5375600  32.2889800
[24,]   5.8003140   5.0725740   8.0000000  17.5994880 372.2460000   0.9982198  20.3270700 286.4528000  42.5375500
[25,]  32.2830100   5.8005640   5.0466390   9.0000000   8.0971570 492.2317000   0.7781176  24.2039800 286.3732000

$Refset$f
 [1]   425.8229   425.8420   425.8420   426.1146   426.3819   426.3819   426.3819   426.3576 16710.5365   426.4514   425.8229   456.7344

$Refset$fpen
 [1]   425.8229   425.8420   425.8420   426.1146   426.3819   426.3819   426.3819   426.3576 16710.5365   426.4514   425.8229   456.7344

$Refset$const
 [1] 15.279190 30.965030 15.685840  1.524676  2.930055 15.278400 30.964140 15.685740  1.524726  2.929419 15.277370 30.963080 15.685710  1.524710  2.929727 15.270970 30.945100 15.674130  1.524715
[20]  2.929398 15.224100 30.913380 15.689280  1.524728  2.929618 15.225760 30.913940 15.688180  1.524729  2.929472 15.248220 30.927430 15.679210  1.524725  2.929681 15.280430 30.953360 15.672930
[39]  1.524714  2.929303 14.585090 26.381100 11.796020  1.511188  3.365827 15.250880 30.931310 15.680430  1.524750  2.929676 15.279900 30.965270 15.685370  1.524709  2.929564 14.976490 30.886460
[58] 15.909980  1.530642  2.965329

$Refset$penalty
 [1] 0 0 0 0 0 0 0 0 0 0 0 0


