$f
 [1] 1447.5590 1200.3958  726.3316  661.2587  606.0243  563.0903  523.8594  513.9705  432.8958
[10]  432.6476

$x
          [,1]     [,2]      [,3]     [,4]     [,5]     [,6]     [,7]     [,8]     [,9]    [,10]
 [1,] 17.42092 291.7276 0.6306762 20.66167 285.9718 34.71636 28.99135 6.484740 6.196691 1.479366
 [2,] 18.51285 339.7405 0.3160818 15.00000 286.4699 41.24252 24.00000 7.099955 5.834688 1.487273
 [3,] 18.42021 323.0894 0.1000000 15.59293 286.4244 41.24252 24.00000 7.323562 5.826041 1.487273
 [4,] 15.41299 352.0373 0.1000000 15.41882 286.7061 37.02467 24.10793 8.416216 6.780726 1.200000
 [5,] 17.46156 311.4851 0.1010359 16.89196 286.4883 32.22954 24.91680 8.797783 6.194887 1.287418
 [6,] 17.10044 304.0119 0.1032935 18.15952 286.4842 30.34154 25.01315 8.740477 6.335019 1.409344
 [7,] 17.10337 304.0119 0.1496997 18.15952 286.4842 30.34154 24.93190 8.740477 6.410800 1.409344
 [8,] 16.02983 332.9969 0.1400549 17.21363 286.6199 36.18508 24.00000 8.818956 5.328240 1.471181
 [9,] 16.03410 332.9969 0.1000000 17.21363 286.6267 36.18508 24.48750 8.818956 5.740551 1.471181
[10,] 16.03117 332.9969 0.1000000 17.21363 286.6267 36.18508 24.48750 8.818956 5.740551 1.471181

$neval
 [1]   106   261   410  1254  1396  1534  1907  3659  3761 30080

$fbest
[1] 432.6476

$xbest
 [1]  16.031173 332.996893   0.100000  17.213627 286.626705  36.185083  24.487500   8.818956
 [9]   5.740551   1.471181

$numeval
[1] 30080

$cpu_time
[1] 545.33

