$f
 [1] 2060.5295 1727.0642 1209.1771 1097.1198 1073.3993 1039.3889 1007.9132  984.0642  950.2378
[10]  942.4913  935.5729  869.0486  864.0382  863.3542  863.2135  862.7708  862.6944

$x
           [,1]       [,2]      [,3]      [,4]       [,5]      [,6]      [,7]      [,8]     [,9]
 [1,] 10.163328 258.107400 0.1142683 22.388310 286.196800 41.463270 28.427970  4.289001 3.658051
 [2,]  6.637146 244.221700 1.0000000 21.352300 284.657600 36.207740 26.641720 10.000000 4.145062
 [3,]  6.427515 264.190800 0.6781906 21.352300 284.657600 36.207740 26.641720  9.981250 3.816631
 [4,]  6.464541 241.953000 0.6491339 21.432480 284.631600 39.046510 24.814420 10.000000 4.369895
 [5,]  6.485261 243.540700 0.6438333 21.451550 284.624600 39.549530 24.831490 10.000000 4.339772
 [6,]  6.508270 246.458400 0.6435252 21.449960 284.631500 39.889510 24.816880 10.000000 4.606886
 [7,]  6.425169 251.702100 0.6181728 21.937160 284.615900 37.846140 24.974950  9.983489 4.280569
 [8,]  6.425169 251.702100 0.6427822 21.937160 284.615900 37.846140 25.137450  9.983489 4.256350
 [9,]  6.689104 236.201000 0.6957671 22.067100 284.803900 39.492210 26.467530  9.981631 4.776471
[10,]  6.689104 236.161900 0.6507671 22.067100 284.803900 39.492210 26.467530  9.981631 4.776471
[11,]  7.148034 266.262300 0.4855246 21.310580 284.944500 39.800270 28.033350  9.981203 3.452665
[12,]  7.148034 246.262300 0.4067746 21.310580 284.944500 39.800270 28.033350  9.981203 3.321415
[13,]  7.360208 255.428500 0.3953767 21.393570 284.916300 39.946870 27.757690  9.990706 3.167761
[14,]  7.360208 255.428500 0.3953767 21.393570 284.916300 39.946870 27.757690  9.990706 3.170886
[15,]  7.355221 255.336200 0.3953298 21.386980 284.916600 39.947060 27.761980  9.995401 3.168107
[16,]  7.352218 255.359100 0.3948233 21.387160 284.916600 39.947490 27.761440  9.996146 3.166974
[17,]  7.349288 255.359100 0.3948233 21.387160 284.916600 39.947490 27.761440  9.996146 3.166974
[18,] 10.000000   1.950346 4.2665400  4.076540   4.467258  4.486799  4.684112  4.561329 4.561329
[19,]  4.361604   4.361604 4.2387660  4.143766   4.202425  4.202425  4.148973  4.148634 4.148634
[20,] 10.163328 258.107400 0.1142683 22.388310 286.196800 41.463270 28.427970  4.289001 3.658051
[21,]  6.637146 244.221700 1.0000000 21.352300 284.657600 36.207740 26.641720 10.000000 4.145062
[22,]  6.427515 264.190800 0.6781906 21.352300 284.657600 36.207740 26.641720  9.981250 3.816631
[23,]  6.464541 241.953000 0.6491339 21.432480 284.631600 39.046510 24.814420 10.000000 4.369895
[24,]  6.485261 243.540700 0.6438333 21.451550 284.624600 39.549530 24.831490 10.000000 4.339772
[25,]  6.508270 246.458400 0.6435252 21.449960 284.631500 39.889510 24.816880 10.000000 4.606886
[26,]  6.425169 251.702100 0.6181728 21.937160 284.615900 37.846140 24.974950  9.983489 4.280569
[27,]  6.425169 251.702100 0.6427822 21.937160 284.615900 37.846140 25.137450  9.983489 4.256350
[28,]  6.689104 236.201000 0.6957671 22.067100 284.803900 39.492210 26.467530  9.981631 4.776471
[29,]  6.689104 236.161900 0.6507671 22.067100 284.803900 39.492210 26.467530  9.981631 4.776471
[30,]  7.148034 266.262300 0.4855246 21.310580 284.944500 39.800270 28.033350  9.981203 3.452665
[31,]  7.148034 246.262300 0.4067746 21.310580 284.944500 39.800270 28.033350  9.981203 3.321415
[32,]  7.360208 255.428500 0.3953767 21.393570 284.916300 39.946870 27.757690  9.990706 3.167761
[33,]  7.360208 255.428500 0.3953767 21.393570 284.916300 39.946870 27.757690  9.990706 3.170886
[34,]  7.355221 255.336200 0.3953298 21.386980 284.916600 39.947060 27.761980  9.995401 3.168107
[35,]  7.352218 255.359100 0.3948233 21.387160 284.916600 39.947490 27.761440  9.996146 3.166974

$neval
 [1]   106   262   411  1123  1261  1404  1679  1916  3262  3341  6872  6981 26890 26963 29317
[16] 29522 30067

$fbest
[1] 862.6944

$xbest
 [1]   7.3492878 255.3591385   0.3948233  21.3871553 284.9166268  39.9474887  27.7614364
 [8]   9.9961465   3.1669740   4.1486337

$numeval
[1] 30067

$cpu_time
[1] 461.98

