$f
 [1] 936.4115 505.9965 430.3993 394.9427 327.2118 299.5365 232.6111 217.6892 211.6163 200.4653
[11] 187.9826 172.2135 162.9392 162.5434 161.4340 157.8993 157.6528 157.5816 157.4219 157.4063
[21] 157.3403 157.2587 157.0903 157.0295 156.8299 156.8299

$x
          [,1]     [,2]      [,3]     [,4]     [,5]     [,6]     [,7]     [,8]     [,9]    [,10]
 [1,] 9.625748 371.8451 0.4944685 15.41804 284.4895 44.02755 27.57819 4.956425 6.705828 1.729203
 [2,] 7.526222 310.4341 0.8955809 19.61557 284.7785 39.52631 33.78316 5.070939 6.457709 1.273050
 [3,] 7.514503 315.4341 0.9887500 19.61557 284.7785 39.52631 33.45816 5.670939 6.463959 1.273050
 [4,] 8.541182 291.1313 0.6140320 19.77102 284.8588 41.46616 30.62433 6.056063 6.744242 2.492233
 [5,] 9.060156 281.7704 0.6528785 19.77581 284.8730 41.67926 30.41400 6.065321 6.886540 2.914238
 [6,] 8.123558 282.6772 0.6502564 19.76437 284.8697 41.53086 30.85383 6.665369 7.270933 2.595662
 [7,] 8.951015 225.0555 0.7443448 23.35410 285.2824 46.46802 35.27876 6.328468 6.103290 3.182172
 [8,] 8.951015 225.0555 0.9243448 23.35776 285.2859 46.51802 35.23813 6.328468 6.103290 3.182172
 [9,] 8.451787 281.4576 0.4849573 19.34464 284.8480 40.96060 30.79958 6.801824 6.471003 2.357471
[10,] 8.451787 280.8326 0.4814416 19.33153 284.8574 40.86060 30.96208 6.801824 6.471003 2.364892
[11,] 8.952797 251.2190 0.6449387 19.64861 284.9149 43.49469 30.55590 6.321866 7.158315 2.400871
[12,] 9.051557 233.7258 0.6451986 19.65392 284.9275 43.55105 30.63419 6.350103 7.703310 2.386303
[13,] 8.895621 252.1685 0.6449505 19.64961 284.9149 43.49387 30.58737 6.332281 7.215259 2.398581
[14,] 8.987269 239.2679 0.6456548 19.66995 284.9170 43.49734 30.63907 6.345581 7.609352 2.384478
[15,] 8.988384 235.9822 0.6465575 19.69751 284.9164 43.53877 30.63522 6.349047 7.697675 2.364775
[16,] 8.991951 235.9824 0.6468843 19.72496 284.9166 43.53860 30.63637 6.347956 7.688321 2.365458
[17,] 8.991951 236.0019 0.6468843 19.72496 284.9166 43.53860 30.63637 6.347956 7.688321 2.365458
[18,] 9.005360 235.5860 0.6455629 19.66406 284.9169 43.53966 30.63611 6.347889 7.737268 2.365405
[19,] 9.004850 235.4590 0.6451993 19.66265 284.9166 43.53671 30.63288 6.347920 7.743308 2.365679
[20,] 9.004850 235.4590 0.6451993 19.66247 284.9166 43.53671 30.63288 6.347920 7.743308 2.365679
[21,] 9.005384 235.5965 0.6456435 19.66366 284.9170 43.53771 30.63484 6.347899 7.737867 2.365500
[22,] 8.976386 235.5980 0.6456391 19.67603 284.9187 43.53941 30.66299 6.348155 7.739897 2.362940
[23,] 9.006793 234.9506 0.6347526 19.67205 284.9161 43.53865 30.62554 6.348374 7.740376 2.365334
[24,] 9.006548 234.5904 0.6268694 19.67473 284.9161 43.53876 30.62540 6.348557 7.740799 2.365321
[25,] 9.004938 234.5924 0.6261257 19.67798 284.9162 43.53901 30.62726 6.348267 7.740837 2.365438
[26,] 9.004938 234.5924 0.6261257 19.67798 284.9162 43.53901 30.62726 6.348267 7.740837 2.365438

$neval
 [1]   106   253   366   512   790   929  1200  1858  4943  5068  7515  7719  8132  8691  8836
[16]  8975  9048 12049 14418 14492 14628 16185 23959 24717 28344 30057

$fbest
[1] 156.8299

$xbest
 [1]   9.0049378 234.5924148   0.6261257  19.6779817 284.9161805  43.5390082  30.6272580
 [8]   6.3482668   7.7408374   2.3654382

$numeval
[1] 30057

$cpu_time
[1] 571.83

