$f
 [1] 2103.2031 1249.3958 1045.1736  998.2691  980.0122  957.6615  955.5799  952.3837  952.3472  952.1128  951.8924  949.9028  942.4566  938.3872  922.7187  915.2865  907.4931  902.4931  900.5347
[20]  895.8351  894.9740  894.7917  892.7014  882.8802  872.8542  858.9219

$x
          [,1]     [,2]      [,3]     [,4]     [,5]     [,6]     [,7]     [,8]     [,9]    [,10]
 [1,] 16.95989 305.1914 0.7951700 24.88780 285.7649 45.41307 31.80870 2.023180 3.423506 4.436034
 [2,] 22.37920 258.5430 0.6700595 25.55789 285.7423 32.17289 27.48430 2.868769 4.449197 4.179011
 [3,] 22.37920 258.5430 1.0000000 25.55789 286.0127 32.17289 27.48430 2.806818 4.719614 4.484069
 [4,] 20.92223 271.0212 0.7978003 24.71819 286.4361 35.82502 31.51895 2.285114 4.170584 4.333156
 [5,] 22.62964 252.6637 0.8774312 25.35759 285.9650 31.79934 27.97346 2.044836 4.710465 4.697130
 [6,] 22.30152 252.6637 1.0000000 25.26384 285.9644 31.79934 27.97346 2.169836 4.710465 4.673380
 [7,] 22.22555 255.0459 0.9872031 24.93751 285.9140 31.91961 27.57296 2.154506 4.968992 4.764794
 [8,] 22.22555 254.8896 0.9872031 24.93751 285.9140 31.91961 27.65421 2.179506 4.968992 4.764794
 [9,] 22.21237 254.3383 0.9966165 25.01266 285.9252 31.89637 27.73643 2.171396 4.949811 4.770579
[10,] 22.21237 254.3383 0.9966165 25.01266 285.9252 31.89637 27.73643 2.177646 4.949811 4.770579
[11,] 22.21162 255.0366 0.9978737 24.92404 285.8966 31.91745 27.53050 2.174784 4.985818 4.784752
[12,] 22.19041 236.0510 0.9991850 24.98446 285.8934 31.88652 27.37187 2.139383 5.470407 4.783509
[13,] 22.19022 236.0510 0.9993607 24.98446 285.9121 31.88964 27.29062 2.139383 5.470407 4.783509
[14,] 22.17341 215.0509 1.0000000 25.02712 285.8880 31.83305 27.10693 2.139547 6.473551 4.804387
[15,] 22.16126 178.5031 1.0000000 25.02718 285.8813 31.81437 27.02151 2.124206 7.606965 4.810999
[16,] 22.18914 192.6640 0.9998994 25.03490 285.8963 31.76608 27.30908 2.165326 7.175686 4.802197
[17,] 22.17531 167.7334 0.9999861 25.03526 285.8635 31.82023 27.14607 2.094131 8.222007 4.811507
[18,] 22.18460 157.9099 0.9999704 25.15722 285.8503 31.81913 27.03529 2.091358 8.485924 4.819713
[19,] 22.17924 169.6784 0.9988100 24.90730 285.8536 31.80661 27.21880 2.119313 8.110617 4.761853
[20,] 22.17924 169.2877 0.9988100 24.89851 285.8677 31.80661 27.13755 2.169313 8.107492 4.761853
[21,] 22.19709 173.1256 0.9990539 24.85938 285.8514 31.80434 27.26118 2.155744 7.982151 4.766799
[22,] 22.17752 161.8584 0.9988140 24.87441 285.8531 31.80464 27.25524 2.112797 8.430621 4.777872
[23,] 22.17786 159.1719 0.9988341 24.87372 285.8546 31.80511 27.27118 2.125380 8.532527 4.783114
[24,] 22.04329 173.7485 0.9876871 25.10937 285.2804 31.85792 25.67118 2.089162 7.623101 4.715877
[25,] 22.04329 173.7485 1.0000000 25.10937 285.2804 31.85792 25.34618 2.089162 7.623101 4.715877
[26,] 21.99642 173.7485 1.0000000 25.10937 285.2804 31.95792 25.34618 2.164162 7.623101 4.715877

$time
elapsed elapsed elapsed elapsed elapsed elapsed elapsed elapsed elapsed elapsed elapsed elapsed elapsed elapsed elapsed elapsed elapsed elapsed elapsed elapsed elapsed elapsed elapsed elapsed elapsed 
   1.50    4.12    6.81   19.79   24.48   30.39   61.97   63.68  115.65  116.87  315.50  353.20  354.79  360.43  362.86  368.06  372.89  375.98  380.62  382.51  405.75  408.15  411.84  420.48  437.01 
elapsed 
 555.29 

$neval
 [1]   106   256   407  1269  1543  1943  3840  3924  6789  6862 17091 19079 19173 19449 19588 19870 20153 20292 20570 20687 21915 22052 22256 22669 23576 30117

$fbest
[1] 858.9219

$xbest
 [1]  21.996417 173.748523   1.000000  25.109367 285.280450  31.957924  25.346180   2.164162   7.623101   4.715877

$numeval
[1] 30117

$end_crit
[1] 1

$cpu_time
elapsed 
 555.29 

$Refset
$Refset$x
             [,1]        [,2]       [,3]       [,4]        [,5]       [,6]       [,7]        [,8]        [,9]       [,10]
 [1,]   1.0000000  22.3271500 155.987100   0.994886  24.9200100 285.852500  31.807880  27.2406700   2.1622130   8.6155830
 [2,]   4.7856940   2.0000000  22.504770 155.779600   0.9960659  24.930850 285.870100  31.8089900  27.2317200   2.1677180
 [3,]   8.5636100   4.8612090   3.000000  22.642670 154.9882000   1.000000  24.908560 285.8536000  31.7174600  27.2783000
 [4,]   2.1657510   8.5818570   4.810338   4.000000  22.6023900 149.901100   1.000000  25.0914100 285.8741000  31.8057200
 [5,]  27.3239300   2.1207190   8.695818   4.867207   5.0000000  22.672520 155.201900   0.9972257  24.9397000 285.8689000
 [6,]  31.8081900  27.2358200   2.178980   8.475743   4.8695340   6.000000  22.675950 155.4446000   0.9967882  24.9209600
 [7,] 285.8665000  31.8069900  27.128790   2.117572   8.4829840   4.890991   7.000000  22.4847900 156.8454000   0.9986135
 [8,]  24.8749200 285.8674000  31.806430  27.213330   2.1643550   8.569802   4.782986   8.0000000  22.9602900 146.9659000
 [9,]   0.9997433  24.9721600 285.872200  31.767780  27.2621700   2.145713   8.724417   4.8392290   9.0000000  22.3301300
[10,] 155.5718000   0.9900100  24.933220 285.850000  31.8145000  27.247060   2.173540   8.6144280   4.7636430  22.5727800
[11,] 152.2493000   0.9951682  24.915960 285.855800  31.7645800  27.267300   2.155482   8.6686660   4.8482370  22.6395800
[12,] 155.5041000   0.9955824  24.908610 285.865100  31.8089700  27.153000   2.133106   8.5710130   4.8420010  22.3221200

$Refset$f
 [1] 883.9271 884.0920 882.9948 884.4184 884.7934 885.5035 884.5538 884.3976 887.4306 883.2604 887.0851 890.9792

$Refset$fpen
 [1] 883.9271 884.0920 882.9948 884.4184 884.7934 885.5035 884.5538 884.3976 887.4306 883.2604 887.0851 890.9792

$Refset$const
 [1] 16.304430 27.384420 11.079990  1.586546  3.071650 16.367240 27.436390 11.069150  1.584176  3.076226 16.326710 27.418140 11.091440  1.585801  3.086472 16.395590 27.304180 10.908590  1.583130
[20]  3.089473 16.463960 27.524260 11.060300  1.584312  3.076436 16.437980 27.517020 11.079040  1.585192  3.062433 16.305110 27.430200 11.125080  1.584636  3.073296 16.247750 27.275580 11.027840
[39]  1.583548  3.085161 16.318790 27.385570 11.066780  1.586898  3.070894 16.247300 27.331330 11.084040  1.585769  3.080705 16.337590 27.428990 11.091390  1.585268  3.064768 16.756460 27.901570
[58] 11.145110  1.584612  3.064109

$Refset$penalty
 [1] 0 0 0 0 0 0 0 0 0 0 0 0


