$f
 [1] 911.1806 778.0851 662.9809 628.6163 621.2222 591.9410 587.7708 583.2257 544.1510 538.6476 524.0694 523.4479 522.9670 511.7101 508.9757 504.6510 504.0729 503.4653 503.3767 500.9167 500.6146
[22] 500.6128 500.1771 497.9913 497.5972 496.2535 486.6389 444.1545 430.4618

$x
          [,1]     [,2]      [,3]     [,4]     [,5]     [,6]     [,7]     [,8]     [,9]    [,10]
 [1,] 5.635034 318.2412 0.7263670 26.00971 285.5766 38.97706 25.45919 9.702527 5.219786 3.031951
 [2,] 5.531644 397.6305 0.8407810 27.51433 285.3617 37.87722 33.04173 5.207087 3.509431 4.601602
 [3,] 5.953519 364.8666 0.7780266 27.51788 285.3617 37.87722 33.04173 5.207087 3.524567 4.601602
 [4,] 6.228998 457.5622 0.9003856 23.24679 284.0044 38.11306 28.01329 3.504585 3.289530 2.907351
 [5,] 6.790377 349.1925 0.8675213 25.57147 284.9285 38.91903 33.57163 3.449391 4.595223 3.674781
 [6,] 5.504103 500.0000 1.0000000 23.81108 284.0093 38.10765 28.40540 3.670209 2.702588 2.757883
 [7,] 6.281204 372.2850 0.7584455 25.52479 285.0304 40.91635 32.00795 4.168679 4.202397 3.844937
 [8,] 6.256095 375.0144 0.7565522 25.52481 285.0536 40.95415 32.33315 4.203208 4.202430 3.832254
 [9,] 6.349845 373.7644 0.7509272 25.33731 285.0536 41.25415 32.33315 3.978905 4.202430 3.832254
[10,] 6.469897 360.5348 0.7861655 24.32305 285.1172 41.14765 30.50373 5.202512 5.083309 4.020463
[11,] 6.543638 350.1255 0.7555781 25.14760 285.1588 41.32152 32.04681 3.706266 4.791105 3.869822
[12,] 6.568905 350.9456 0.7588934 25.13519 285.1407 41.43306 32.06773 3.070898 4.804989 3.867835
[13,] 6.601103 349.7656 0.7600864 25.09137 285.1403 41.68119 32.12895 2.786583 4.811131 3.867820
[14,] 6.601103 349.7265 0.7150864 25.09137 285.1403 41.68119 32.12895 2.786583 4.811131 3.867820
[15,] 6.576230 334.9737 0.7852225 25.35481 285.0549 40.97992 31.65521 3.697734 5.021493 3.989523
[16,] 6.576230 334.9737 0.7627225 25.35481 285.0549 40.57992 31.65521 3.597734 5.021493 3.989523
[17,] 6.579366 332.2929 0.7604777 25.45860 285.0405 40.76971 31.41168 3.425914 5.030871 4.037064
[18,] 6.592596 329.7719 0.7650681 25.53755 285.0407 40.78094 31.36222 3.425253 5.033033 4.068733
[19,] 6.587263 331.5410 0.7504035 25.47352 285.0624 40.98117 31.58429 3.512651 5.018381 3.928754
[20,] 6.589124 329.8281 0.7212589 25.49924 285.0586 40.99335 31.54671 3.524967 5.017316 3.895523
[21,] 6.616758 330.3785 0.7407597 25.48141 285.0649 41.04890 31.50810 3.436147 5.022596 3.929256
[22,] 6.610377 330.4417 0.7408385 25.48155 285.0632 41.04376 31.48692 3.440462 5.023325 3.934440
[23,] 6.610377 330.4417 0.7408385 25.48155 285.0632 41.04376 31.48692 3.434212 5.023325 3.934440
[24,] 6.667992 311.1041 0.7405691 26.23627 285.0598 41.01558 31.60663 3.494834 5.022652 3.963518
[25,] 6.702863 298.1244 0.7405690 26.79667 285.0593 41.01118 31.61610 3.515800 5.022718 3.961656
[26,] 6.702863 298.0463 0.7409205 26.79667 285.0593 40.91118 31.61610 3.515800 5.022718 3.961656
[27,] 6.412081 330.2669 0.7257359 25.50206 285.0644 40.79893 31.57412 6.000178 5.011860 3.959654
[28,] 6.412081 330.2669 0.7707359 25.50792 285.0269 40.79893 31.57412 6.000178 5.011860 3.965591
[29,] 6.483754 329.1732 0.7747134 25.50792 285.0269 40.69893 31.57412 5.997416 5.011860 3.965591

$time
elapsed elapsed elapsed elapsed elapsed elapsed elapsed elapsed elapsed elapsed elapsed elapsed elapsed elapsed elapsed elapsed elapsed elapsed elapsed elapsed elapsed elapsed elapsed elapsed elapsed 
   1.05    4.54    6.11    9.60   11.30   13.16   19.32   21.25   26.08   38.41   40.19   42.05   43.85   44.83   70.14   71.22  103.80  109.50  113.07  116.63  118.27  121.75  122.66  133.82  138.69 
elapsed elapsed elapsed elapsed 
 141.43  176.72  177.85  397.29 

$neval
 [1]   106   392   510   791   930  1071  1473  1612  1996  2937  3072  3207  3340  3419  5312  5398  7870  8342  8609  8884  9022  9302  9376 10192 10595 10815 13518 13607 30138

$fbest
[1] 430.4618

$xbest
 [1]   6.4837538 329.1731847   0.7747134  25.5079206 285.0268697  40.6989307  31.5741190   5.9974163   5.0118599   3.9655910

$numeval
[1] 30138

$end_crit
[1] 1

$cpu_time
elapsed 
 397.29 

$Refset
$Refset$x
             [,1]        [,2]        [,3]        [,4]        [,5]        [,6]        [,7]        [,8]        [,9]
 [1,]   1.0000000   7.0949140 291.2342000   0.5094299  25.0293800 285.0585000  40.8645100  31.4823900   3.6708880
 [2,]   5.6498990   2.0000000   7.0937400 291.2509000   0.5093964  25.0288400 285.0588000  40.8641700  31.4829300
 [3,]   3.6709640   5.6499000   3.0000000  21.6132830 220.8145000   0.7760527  17.9334900 284.8780000  34.0989500
 [4,]  26.2490700   3.9877750   7.0274440   4.0000000   7.0795590 291.6216000   0.5133278  25.0294000 285.0606000
 [5,]  40.8441900  31.5174200   3.6709930   5.6520070   5.0000000   7.0800870 291.4905000   0.5125353  25.0357000
 [6,] 285.0593000  40.8470600  31.5227100   3.6783870   5.6498450   6.0000000   7.0819780 290.1962000   0.5103821
 [7,]  25.0420000 285.0595000  40.9302600  31.4405800   3.6107650   5.6773040   7.0000000   7.0668470 291.6029000
 [8,]   0.5125958  25.0425300 285.0599000  40.8697600  31.5072100   3.6516970   5.6511090   8.0000000   5.8011550
 [9,] 282.4750000   0.5096285  25.1091100 284.5692000  45.8043300  31.1039800   2.9812800   5.6952320   9.0000000
[10,]   7.3335690 300.7344000   0.4919571  24.4982900 285.2220000  41.0477300  31.5077300   3.7829740   5.6077820
[11,]   7.0085590 290.9051000   0.5468628  23.1344600 285.0270000  40.7102900  30.7803800   3.3585410   6.9068290
[12,]   9.6727630 313.4043000   0.4607196  20.0771000 285.0449000  40.1388400  36.3706200   5.1879170   5.3071940
[13,]  11.7697650 341.2369000   0.3506971  17.6868500 284.8440000  37.6191500  33.1992600   3.7966630   5.9444490
[14,]  10.0000000   1.0000000   4.9931000   2.0000000   4.9930280   3.0000000   4.3058220   4.0000000   4.9982680
[15,]   5.0000000   4.9788250   6.0000000   4.9484300   7.0000000   4.9874440   8.0000000   4.9241220   9.0000000
[16,]   4.8450930   5.0000000   3.9999110   2.0600480   1.0000000   7.0949140 291.2342000   0.5094299  25.0293800
[17,] 285.0585000  40.8645100  31.4823900   3.6708880   5.6498990   2.0000000   7.0937400 291.2509000   0.5093964
[18,]  25.0288400 285.0588000  40.8641700  31.4829300   3.6709640   5.6499000   3.0000000  21.6132830 220.8145000
[19,]   0.7760527  17.9334900 284.8780000  34.0989500  26.2490700   3.9877750   7.0274440   4.0000000   7.0795590
[20,] 291.6216000   0.5133278  25.0294000 285.0606000  40.8441900  31.5174200   3.6709930   5.6520070   5.0000000
[21,]   7.0800870 291.4905000   0.5125353  25.0357000 285.0593000  40.8470600  31.5227100   3.6783870   5.6498450
[22,]   6.0000000   7.0819780 290.1962000   0.5103821  25.0420000 285.0595000  40.9302600  31.4405800   3.6107650
[23,]   5.6773040   7.0000000   7.0668470 291.6029000   0.5125958  25.0425300 285.0599000  40.8697600  31.5072100
[24,]   3.6516970   5.6511090   8.0000000   5.8011550 282.4750000   0.5096285  25.1091100 284.5692000  45.8043300
[25,]  31.1039800   2.9812800   5.6952320   9.0000000   7.3335690 300.7344000   0.4919571  24.4982900 285.2220000

$Refset$f
 [1]  466.0469  466.0469 3125.7101  466.0833  466.0833  467.6389  467.2569  667.3090  640.6528  522.4913 1664.8559 1344.2292

$Refset$fpen
 [1]  466.0469  466.0469 3125.7101  466.0833  466.0833  467.6389  467.2569  667.3090  640.6528  522.4913 1664.8559 1344.2292

$Refset$const
 [1] 19.379480 30.350100 10.970620  1.697796  2.579791 19.378940 30.350100 10.971160  1.697759  2.579901 10.906040 28.972560 18.066510  1.721338  2.548400 19.377390 30.347990 10.970600  1.697613
[20]  2.583916 19.385850 30.350150 10.964300  1.697797  2.583903 19.364700 30.322700 10.958000  1.697477  2.573180 19.391420 30.348890 10.957470  1.697650  2.581575 19.413880 30.304770 10.890890
[39]  1.737515  2.264488 18.890510 30.392220 11.501710  1.676588  2.601587 16.227640 29.093170 12.865540  1.700474  2.531940 14.769910 30.692810 15.922900  1.699901  3.058121 11.742400 30.055550
[58] 18.313150  1.733271  2.925359

$Refset$penalty
 [1] 0 0 0 0 0 0 0 0 0 0 0 0


