$f
 [1] 1693.8993  500.9913  393.8628  383.9948  379.7760  378.0712  356.4097  320.0451  313.5972  312.6111  312.0799  311.5920  292.5035

$x
          [,1]     [,2]      [,3]     [,4]     [,5]     [,6]     [,7]     [,8]     [,9]    [,10]
 [1,]  9.06572 216.4822 0.8437418 28.82489 284.2192 40.17589 25.50002 6.594519 4.583621 1.523450
 [2,] 18.32312 226.9554 0.5985426 25.08917 285.6074 31.30770 27.24834 3.873539 6.728324 2.776789
 [3,] 18.44391 225.6669 0.6595521 25.08917 285.6074 31.30770 28.02396 3.873539 6.522169 2.574822
 [4,] 17.52098 188.1161 0.7441043 24.64418 285.5547 36.71713 27.15083 5.487584 7.484099 2.578679
 [5,] 18.62392 228.8247 0.8377106 24.74874 285.6187 32.24250 27.94590 3.849361 6.642483 2.458541
 [6,] 18.44360 223.7743 0.6410974 25.18127 285.6085 31.77737 27.59777 3.785204 6.449710 2.575372
 [7,] 18.23541 216.5293 0.8324857 25.05525 285.6767 32.70495 27.91039 5.948978 6.438609 4.250335
 [8,] 18.23541 215.2793 0.8493607 25.80818 285.6761 32.70495 27.95102 5.954447 6.341734 4.253304
 [9,] 19.27049 229.9063 0.9661181 24.97529 285.5996 31.90088 27.89060 3.617261 6.339754 2.307837
[10,] 19.27049 229.9063 0.9886181 24.97529 285.5996 31.90088 27.89060 3.617261 6.339754 2.307837
[11,] 19.40660 223.3534 0.9525218 24.81786 285.5928 31.88815 27.91799 3.619218 6.351249 2.295681
[12,] 19.41832 223.3534 0.9525218 24.81786 285.5928 31.88815 27.91799 3.619218 6.348124 2.295681
[13,] 19.79552 219.6032 1.0000000 24.81786 285.5928 31.88815 27.91799 3.619218 6.348124 2.277868

$time
 elapsed  elapsed  elapsed  elapsed  elapsed  elapsed  elapsed  elapsed  elapsed  elapsed  elapsed  elapsed  elapsed 
    1.40     3.81     6.00    12.69    20.83    23.50    25.48    29.64   104.90   106.01   202.84   204.01 19643.17 

$neval
 [1]   106   258   401   827  1379  1517  1652  1932  6972  7045 13302 13381 21008

$fbest
[1] 292.5035

$xbest
 [1]  19.795516 219.603188   1.000000  24.817855 285.592818  31.888153  27.917990   3.619218   6.348124   2.277868

$numeval
[1] 21008

$end_crit
[1] 2

$cpu_time
 elapsed 
19643.17 

$Refset
$Refset$x
             [,1]        [,2]       [,3]        [,4]        [,5]       [,6]       [,7]        [,8]        [,9]       [,10]
 [1,]   1.0000000  12.4150800 200.660500   0.9999703  26.0953500 285.573900  38.251520  33.0970100   5.4422870   7.0195660
 [2,]   3.3058980   2.0000000  12.415540 200.6130000   0.9983618  26.098890 285.573600  38.2528500  33.1036600   5.4422060
 [3,]   7.0186360   3.3061850   3.000000  12.4156300 200.6175000   0.998513  26.098810 285.5737000  38.2514800  33.0969300
 [4,]   5.4419710   7.0183810   3.306833   4.0000000  12.4151500 198.445800   0.998527  26.1159500 285.5721000  38.2617200
 [5,]  33.0885300   5.4410050   7.093879   3.3116700   5.0000000  12.414490 198.248200   0.9973975  26.1183100 285.5720000
 [6,]  38.2618600  33.0826500   5.441935   7.0987330   3.2998420   6.000000  12.414810 199.3376000   0.9993135  26.1027000
 [7,] 285.5734000  38.2546500  33.097590   5.4423650   7.0758270   3.306120   7.000000  12.4146400 199.3037000   0.9991703
 [8,]  26.1034900 285.5732000  38.255090  33.0993800   5.4423760   7.076116   3.305649   8.0000000  12.4152400 198.7515000
 [9,]   0.9995612  26.1050700 285.572200  38.2596300  33.0901100   5.442592   7.089022   3.3067870   9.0000000  12.4161900
[10,] 199.3133000   0.9990896  26.090810 285.5737000  38.2569000  33.102420   5.441637   7.0827130   3.3113410  12.4141300
[11,] 199.1489000   0.9984957  26.107210 285.5725000  38.2945500  33.103920   5.442267   7.0791590   3.3093640  12.4144900
[12,] 199.2816000   0.9991289  26.105050 285.5732000  38.2554700  33.099770   5.442376   7.0751840   3.3054480  12.4356000

$Refset$f
 [1] 317.4115 317.4115 317.4115 317.7500 317.7500 317.8698 317.8698 317.7726 317.9479 318.0556 317.8698 558.5799

$Refset$fpen
 [1] 317.4115 317.4115 317.4115 317.7500 317.7500 317.8698 317.8698 317.7726 317.9479 318.0556 317.8698 558.5799

$Refset$const
 [1] 19.075780 28.980430  9.904649  1.624324  3.021512 19.080250 28.981360  9.901109  1.624348  3.021994 19.080430 28.981620  9.901192  1.624355  3.021447 19.022070 28.906120  9.884053  1.624647
[20]  3.019215 19.019580 28.901270  9.881690  1.624678  3.018578 19.026870 28.924170  9.897300  1.624413  3.021133 19.027370 28.923880  9.896511  1.624433  3.021228 19.016050 28.910980  9.894928
[39]  1.624621  3.019590 19.008100 28.917290  9.909187  1.624355  3.021524 19.028050 28.920840  9.892795  1.624635  3.017992 19.029860 28.924820  9.894951  1.624430  3.021240 16.651970 28.803700
[58] 12.151734  1.608577  3.012967

$Refset$penalty
 [1] 0 0 0 0 0 0 0 0 0 0 0 0


