$f
 [1] 2362.5451  816.5503  750.5642  692.6788  620.1128  606.2257  576.1823  509.1128  503.0052
[10]  455.0764  441.2969  434.5312  415.9184  391.4687  316.5972  303.6701  298.6094  289.9913
[19]  289.4167  288.1406  284.3611  282.6059  276.7205  276.1875  259.2604  238.5139  235.7708
[28]  234.2917  233.4375  232.6615  230.4722  227.8958  223.0625  220.3125  217.7135  217.4358
[37]  216.3924  215.9288  214.4375  213.2708  212.3090  212.1059  211.0972  211.0069  210.9132
[46]  210.7222  210.6337  210.0955  209.8993  209.8594  209.1181  209.0260  208.9792  208.9792

$x
          [,1]     [,2]      [,3]     [,4]     [,5]     [,6]     [,7]     [,8]     [,9]    [,10]
 [1,] 11.62826 281.4278 0.2150322 21.39749 284.7554 35.53387 31.03838 6.853084 7.226778 2.801388
 [2,] 11.31425 263.3403 0.1000000 21.87832 284.5015 28.42739 27.63071 6.423098 6.285763 2.545148
 [3,] 11.31425 263.3403 0.1000000 22.06582 284.5765 28.42739 27.63071 6.423098 6.260372 2.616398
 [4,] 19.08567 388.8270 0.5625779 21.34921 286.7724 37.78720 24.00278 2.000000 3.820264 4.295096
 [5,] 11.97458 285.7075 0.1059135 22.67407 284.7835 31.83173 29.33878 6.138152 4.551719 3.142453
 [6,] 11.63815 281.7914 0.1048626 22.33202 284.5609 29.93462 28.19028 6.444577 5.294072 2.779467
 [7,] 11.95858 299.8882 0.1069426 22.67014 284.7736 32.84150 29.25306 6.146723 4.342670 3.264781
 [8,] 18.90397 393.3317 0.3883028 19.99388 286.5766 38.60041 24.00000 6.068624 4.563319 3.659016
 [9,] 20.10817 376.6173 0.3985695 20.15980 286.5994 38.50649 24.63081 5.862983 4.230898 4.371011
[10,] 20.08964 376.6173 0.4514511 20.15980 286.6650 38.50649 24.63081 5.862983 4.165780 4.371011
[11,] 16.72255 358.9313 0.1815726 23.40847 286.4733 33.88323 26.21451 6.772835 2.713710 3.114407
[12,] 20.69305 385.9639 0.1232418 17.12826 286.5456 37.54157 24.24246 5.662666 4.649575 3.353948
[13,] 20.87542 391.1429 0.1000000 17.00156 286.5275 36.88595 24.25944 5.482339 4.863120 3.231839
[14,] 19.94556 233.3524 0.2268813 25.79850 286.5395 38.06141 24.04263 6.156585 4.107822 3.002557
[15,] 19.94556 235.8524 0.1673070 25.42350 286.5395 38.06141 24.10726 6.156585 4.070950 3.002557
[16,] 16.68099 379.5342 0.1361866 18.97510 286.5937 36.43391 25.01903 6.298174 5.546577 3.999693
[17,] 16.68099 379.5342 0.1361866 18.97510 286.5937 36.43391 25.10028 6.298174 5.540327 3.993756
[18,] 16.96508 370.8495 0.1734463 17.92452 286.5113 36.50454 24.81263 6.421400 6.686027 3.816545
[19,] 16.96508 370.8495 0.1734463 17.73702 286.5113 36.50454 24.81263 6.421400 6.673527 3.816545
[20,] 16.75405 376.1331 0.1502624 17.59654 286.5942 37.12713 25.04092 6.444707 6.516696 3.837030
[21,] 16.74155 376.3835 0.1544645 17.77507 286.5924 37.12826 24.92301 6.438239 6.518515 3.803206
[22,] 16.77599 375.8184 0.1509895 17.65065 286.5891 37.12751 24.98726 6.456795 6.587393 3.806371
[23,] 16.77490 375.5305 0.1503503 17.68990 286.5860 37.12760 24.95486 6.462351 6.582926 3.807288
[24,] 16.77490 375.5305 0.1500866 17.68990 286.5860 37.12760 24.95486 6.462351 6.579801 3.807288
[25,] 17.19269 381.9255 0.1301911 18.16406 286.6023 37.91166 24.71893 6.432044 5.584331 3.994450
[26,] 17.19269 383.1755 0.1301911 18.16406 286.5836 37.91166 24.71893 6.457044 5.633941 3.994450
[27,] 16.88635 388.5107 0.1508749 18.43519 286.6196 37.93374 24.86491 6.443093 5.477911 4.225458
[28,] 16.89809 388.6049 0.1514250 18.35226 286.6133 37.94583 24.85516 6.441821 5.553428 4.247424
[29,] 17.11606 382.4896 0.1537049 18.22082 286.6038 37.97593 24.62817 6.435535 5.617349 4.206671
[30,] 17.01469 384.6180 0.1538248 18.24229 286.6066 37.95985 24.80468 6.437723 5.629150 4.106474
[31,] 17.12370 382.0134 0.1530242 18.26540 286.6186 37.97811 24.71573 6.434976 5.624092 4.204580
[32,] 17.26087 363.5896 0.1523350 18.31944 286.5974 38.13170 24.57372 6.451218 5.992352 4.042176
[33,] 17.26087 363.5896 0.1509288 18.29324 286.5869 38.13170 24.53310 6.451218 6.004852 4.031960
[34,] 17.25003 366.8953 0.1523816 18.35244 286.5971 38.14329 24.53946 6.450605 5.880033 4.039852
[35,] 17.25003 367.0515 0.1523816 18.34951 286.5971 38.14329 24.58008 6.450605 5.873783 4.039852
[36,] 17.48818 368.2646 0.1299338 18.29693 286.6001 38.15237 24.52187 6.450900 5.731731 4.033163
[37,] 17.48818 368.2646 0.1299338 18.30279 286.6001 38.15237 24.56757 6.450900 5.725481 4.039100
[38,] 17.25846 362.5587 0.1437393 18.62702 286.5982 38.13655 24.58453 6.448993 5.843993 4.054658
[39,] 17.23766 362.2090 0.1430960 18.84784 286.5972 38.13944 24.58577 6.449069 5.662181 4.026751
[40,] 17.23877 362.0506 0.1443825 19.04887 286.5973 38.14165 24.58171 6.449105 5.532766 4.021401
[41,] 17.23929 362.0872 0.1460585 19.02544 286.5962 38.14201 24.58181 6.448999 5.529360 4.022707
[42,] 17.23843 361.9631 0.1466930 19.09348 286.5973 38.14314 24.57814 6.449042 5.494190 4.022294
[43,] 17.23843 361.9631 0.1466930 19.09348 286.5973 38.14314 24.57814 6.449042 5.497315 4.022294
[44,] 17.23712 362.4001 0.1397315 18.95187 286.5980 38.13995 24.58160 6.449637 5.570050 4.054628
[45,] 17.23980 362.2069 0.1402548 18.96048 286.5981 38.13994 24.58261 6.449636 5.570054 4.050146
[46,] 17.23578 362.4334 0.1403494 18.95215 286.5981 38.14028 24.58590 6.450050 5.562523 4.041157
[47,] 17.24116 362.2284 0.1402021 18.99524 286.5984 38.13991 24.58099 6.449602 5.531214 4.052472
[48,] 17.24000 362.2272 0.1402686 18.99145 286.5984 38.13975 24.57775 6.449595 5.537180 4.059575
[49,] 17.23537 362.3476 0.1405170 18.94833 286.5983 38.13911 24.58421 6.451202 5.567187 4.049529
[50,] 17.22458 362.7537 0.1400287 18.95569 286.5987 38.13850 24.58967 6.451262 5.551394 4.044321
[51,] 17.23254 362.5358 0.1402426 18.96070 286.5983 38.13670 24.58634 6.451124 5.550045 4.046329
[52,] 17.23254 362.5553 0.1402426 18.96070 286.5983 38.13670 24.58634 6.451124 5.550045 4.046329
[53,] 17.23175 362.5348 0.1402201 18.96253 286.5983 38.13700 24.58630 6.451172 5.549546 4.050590
[54,] 17.23175 362.5348 0.1402201 18.96253 286.5983 38.13700 24.58630 6.451172 5.549546 4.050590

$neval
 [1]   106   257   354   633   778   918  1059  1463  1735  1854  2397  2798  2933  3070  3334
[16]  6320  6404  7885  7965  8635  9043  9177  9315  9398 12672 12768 13187 13325 13460 13871
[31] 14008 14148 14256 14660 15689 18865 18960 19643 19783 19919 20195 20331 20404 21359 22247
[46] 22522 22797 23071 23421 23561 23701 24733 27570 30110

$fbest
[1] 208.9792

$xbest
 [1]  17.2317546 362.5348412   0.1402201  18.9625310 286.5983486  38.1370018  24.5862973
 [8]   6.4511719   5.5495457   4.0505896

$numeval
[1] 30110

$cpu_time
[1] 447.56

