$f
 [1] 598.8715 360.9253 351.4757 344.7361 340.5451 330.5833 315.7344 312.4062 267.3125 262.5174 260.6858 252.6406 251.5156 243.4080 243.3524 241.6406 241.6042 240.8056 233.5382 226.8646 213.7760
[22] 212.0312 210.1337 206.0122 205.0000 203.8524 198.6441 192.2813 187.6962 187.2517 187.2170 187.1493 187.1493

$x
          [,1]     [,2]      [,3]     [,4]     [,5]     [,6]     [,7]     [,8]     [,9]    [,10]
 [1,] 19.09950 194.7120 0.3584879 15.06233 286.7536 39.26783 25.35842 9.230765 8.836733 4.760219
 [2,] 19.96635 203.4279 0.1298692 21.32676 286.4604 48.00000 27.21266 4.347767 2.000136 4.131283
 [3,] 19.96635 203.4279 0.1297450 21.32676 286.4979 47.60000 27.21266 4.347767 2.000136 4.131283
 [4,] 19.96635 203.4279 0.1299154 21.32676 286.4537 47.47953 27.21266 4.347767 2.000136 4.131283
 [5,] 17.60152 362.4487 0.6323953 19.05013 285.8738 36.73009 26.40469 4.225728 2.788919 4.741058
 [6,] 14.95446 468.5099 0.5970218 16.92898 286.1033 35.61338 29.34467 4.501462 3.075096 4.153562
 [7,] 17.65834 356.2663 0.4190003 18.98519 285.8353 35.62800 26.40409 4.247070 2.790360 4.731090
 [8,] 17.61870 359.6464 0.5053078 19.04659 285.8575 36.09289 26.40475 4.238121 2.788967 4.734806
 [9,] 17.61870 359.5292 0.5497804 19.04659 285.8575 36.09289 26.32350 2.000000 2.751465 5.000000
[10,] 20.01892 207.4368 0.1239063 20.89662 286.4137 46.93920 28.46037 4.235221 2.038820 4.183394
[11,] 15.20813 490.6756 0.9859908 16.03165 286.1147 34.92976 30.09091 5.295168 3.089489 3.939328
[12,] 15.03735 491.2808 0.8568556 15.87722 286.1282 35.60822 29.64278 5.297893 3.089527 3.966900
[13,] 15.01514 491.1198 0.7858672 15.85232 286.1267 35.51607 29.58342 5.298631 3.089533 3.982423
[14,] 15.02878 489.4820 0.8671095 16.09907 286.1300 35.50039 29.84730 5.300010 3.089674 3.945479
[15,] 19.61394 209.4557 0.1505857 20.99342 286.3855 46.68492 28.26521 4.209529 2.103677 4.010631
[16,] 19.61394 209.4557 0.1505857 20.99342 286.3855 46.67867 28.22458 4.209529 2.091177 4.034381
[17,] 19.60917 208.5172 0.1525949 20.99217 286.3876 46.67772 28.25145 4.210228 2.125093 4.019717
[18,] 19.60917 208.5172 0.1525949 20.99217 286.3876 46.67772 28.25145 4.210228 2.121968 4.019717
[19,] 19.13635 251.9562 0.1788673 21.59865 286.2385 36.42054 29.71209 5.314533 2.343017 3.883124
[20,] 19.13635 251.9562 0.1848335 21.59865 286.2385 36.52054 29.71209 5.302033 2.393017 3.859374
[21,] 19.46052 246.7797 0.1858105 21.52996 286.2676 37.58045 29.71934 5.284972 2.265632 3.896887
[22,] 19.46052 246.7797 0.1858984 21.71746 286.2676 37.58045 29.71934 5.284972 2.265632 3.896887
[23,] 20.29325 232.3161 0.1785534 21.02619 286.2526 37.22928 29.40896 6.593166 2.025780 3.802299
[24,] 20.29325 232.3161 0.1785534 21.02033 286.2526 37.32928 29.40896 6.593166 2.038280 3.814174
[25,] 18.96116 263.9819 0.1901535 20.79995 286.2348 37.62595 29.26047 6.503434 2.162219 4.062090
[26,] 18.96116 263.8257 0.1901535 20.79995 286.2348 37.62595 29.26047 6.503434 2.137219 4.062090
[27,] 18.56128 270.0607 0.2202766 20.71939 286.2359 37.75103 29.48698 6.537039 2.278761 4.139435
[28,] 18.56128 270.0607 0.2417219 20.71939 286.2359 37.75103 29.48698 6.537039 2.260011 4.139435
[29,] 18.27506 269.8239 0.2207652 20.71501 286.2352 37.74425 29.64149 6.554263 2.267293 4.193448
[30,] 18.28925 269.9002 0.2208954 20.71575 286.2353 37.74589 29.63910 6.554256 2.275638 4.190825
[31,] 18.29558 269.9127 0.2208790 20.71602 286.2353 37.74674 29.63897 6.554257 2.279530 4.190777
[32,] 18.29851 269.9127 0.2208790 20.71602 286.2353 37.74674 29.63897 6.554257 2.279530 4.190777
[33,] 18.29851 269.9127 0.2208790 20.71602 286.2353 37.74674 29.63897 6.554257 2.279530 4.190777

$neval
 [1]   106   258   341   488   765  1049  1187  1325  1891  5416  6168  6304  6571  6844 13573 13667 16534 16608 18375 18472 18743 19908 24290 24380 25326 25812 27831 27921 28593 29141 29278 29351
[33] 30041

$fbest
[1] 187.1493

$xbest
 [1]  18.298511 269.912744   0.220879  20.716021 286.235344  37.746742  29.638968   6.554257   2.279530   4.190777

$numeval
[1] 30041

$cpu_time
[1] 459.45

$Refset
$Refset$x
            [,1]        [,2]        [,3]        [,4]       [,5]        [,6]        [,7]        [,8]
 [1,]   1.000000 269.9127400  20.7160213  37.7467420   6.554257   4.1907770 269.9127400  20.7160213
 [2,]  37.746742   2.0000000  18.2985100   0.2208790 286.235344  29.6389680   2.2795300  18.2985100
 [3,]   0.220879 286.2353440   3.0000000  18.3164600 270.625015   0.2381900  20.7115790 286.2352650
 [4,]  37.748880  29.5954031   6.5548910   4.0000000  18.315910 270.5627403   0.2360704  20.7127430
 [5,] 286.236319  37.7565900  29.5667775   6.5548370   5.000000  18.5612800   0.2417219 286.2359275
 [6,]  29.486979   2.2600110  18.5612800   0.2417219 286.235928   6.0000000 270.0606600  20.7193861
 [7,]  37.751027   6.5370390   4.1394350 270.0606600  20.719386  37.7510270   7.0000000  19.5636200
 [8,] 209.077893   0.1533141  20.9705040 286.3846190  46.582600  28.2717664   4.2094080   8.0000000
 [9,]  18.944310 260.5265945   0.1695783  19.5325060 286.332037  37.9296300  29.7248932   6.5743500
[10,]   9.000000  19.5987200 208.9064978   0.1519710  20.978237 286.3573040  46.5681300  28.2584687
[11,]   4.209079  18.1363800 270.2390584   0.2406833  20.714830 286.3211610  37.8956100  29.6152084
[12,]   6.321712  17.4811200 279.1496030   0.2521976  20.665372 286.2975670  38.2515300  29.3928960
[13,]   6.335309  18.1765800 209.5503768   0.1745941  20.458050 286.2460720  46.3008100  30.0805128
[14,]   4.720377   9.0000000  10.0000000   1.0000000   6.554257   4.1907770   2.0000000  29.6389680
[15,]   2.279530   3.0000000   2.2959210   4.1359870   4.000000   2.2732230   4.1265300   5.0000000
[16,]  29.486979   2.2600110   6.0000000   6.5370390   4.139435   7.0000000   2.1502260   4.0066040
[17,]   8.000000   3.4712080   4.1484990   9.0000000   2.128778   4.0179250   2.7666290   4.1146230
[18,]   2.971499   4.2783790   3.3770360   3.8064420   1.000000 269.9127400  20.7160213  37.7467420
[19,]   6.554257   4.1907770 269.9127400  20.7160213  37.746742   2.0000000  18.2985100   0.2208790
[20,] 286.235344  29.6389680   2.2795300  18.2985100   0.220879 286.2353440   3.0000000  18.3164600
[21,] 270.625015   0.2381900  20.7115790 286.2352650  37.748880  29.5954031   6.5548910   4.0000000
[22,]  18.315910 270.5627403   0.2360704  20.7127430 286.236319  37.7565900  29.5667775   6.5548370
[23,]   5.000000  18.5612800   0.2417219 286.2359275  29.486979   2.2600110  18.5612800   0.2417219
[24,] 286.235928   6.0000000 270.0606600  20.7193861  37.751027   6.5370390   4.1394350 270.0606600
[25,]  20.719386  37.7510270   7.0000000  19.5636200 209.077893   0.1533141  20.9705040 286.3846190

$Refset$f
 [1] 187.1493 187.1493 189.8420 189.9618 192.2813 192.2813 241.0365 234.5365 252.1962 253.1233 253.7378 333.9444

$Refset$fpen
 [1] 187.1493 187.1493 189.8420 189.9618 192.2813 192.2813 241.0365 234.5365 252.1962 253.1233 253.7378 333.9444

$Refset$const
 [1] 33.720470  1.547469 18.436492 15.283979  2.938367 18.436490 15.283979  2.938367 33.720470  1.547469 18.415660 33.704079 15.288421  1.547664  2.934091 18.439520 33.726777 15.287257  1.547673
[20]  2.931230 18.459380 15.280614  2.924043 33.739989  1.548028 33.739990  1.548028 18.459376 15.280614  2.924043 18.820280 33.849774 15.029496  1.548139  2.448503 16.061300 32.528792 16.467494
[39]  1.535573  2.969373 18.849460 33.871222 15.021763  1.550822  2.439835 17.948200 33.233371 15.285170  1.537296  2.957352 17.693870 33.028501 15.334628  1.542286  2.902523 17.081010 32.622964
[58] 15.541950  1.560286  2.520251

$Refset$penalty
 [1] 0 0 0 0 0 0 0 0 0 0 0 0


