$f
 [1] 2964.174 2466.986 1024.205 1023.941 1023.842 1023.146 1023.038 1022.474 1022.288 1022.144
[11] 1021.946 1021.913 1021.580 1021.134 1021.134

$x
          [,1]     [,2]      [,3]     [,4]     [,5]     [,6]     [,7]     [,8]     [,9]    [,10]
 [1,] 6.255034 320.3645 0.5236224 26.73045 286.1925 47.57168 35.76868 5.785503 2.367581 1.719085
 [2,] 5.000000 426.4933 0.5761327 24.47621 286.3091 48.00000 29.14125 5.769658 2.000000 1.200000
 [3,] 6.706712 360.3012 0.8674806 25.52881 286.3755 35.20000 29.57321 9.069658 2.011648 1.200340
 [4,] 6.710401 360.0858 0.8719744 25.50479 286.3734 35.12739 29.57203 9.060883 2.069837 1.204125
 [5,] 6.706185 360.1699 0.8724792 25.50268 286.3729 35.12523 29.56973 9.060943 2.073583 1.204167
 [6,] 6.710938 360.0292 0.8711965 25.50478 286.3743 35.15001 29.57175 9.062137 2.069044 1.203737
 [7,] 6.708008 360.0292 0.8711965 25.50478 286.3743 35.15001 29.57175 9.062137 2.069044 1.203737
 [8,] 6.706513 360.0330 0.8712119 25.50487 286.3743 35.15247 29.57186 9.063147 2.067217 1.203454
 [9,] 6.698774 360.2173 0.8709666 25.50368 286.3744 35.15618 29.57165 9.062742 2.067553 1.203957
[10,] 6.701585 360.1731 0.8699691 25.50763 286.3739 35.14773 29.56872 9.061782 2.069211 1.204017
[11,] 6.697846 360.1852 0.8707042 25.50683 286.3738 35.15089 29.56827 9.062547 2.068875 1.203787
[12,] 6.690629 360.3971 0.8719544 25.50520 286.3737 35.15232 29.56783 9.063217 2.070459 1.203365
[13,] 6.696162 360.3444 0.8720754 25.50501 286.3736 35.14933 29.56674 9.062781 2.068731 1.203791
[14,] 6.694709 360.2736 0.8708639 25.50533 286.3738 35.15042 29.56744 9.062752 2.070052 1.203575
[15,] 6.694709 360.2736 0.8708639 25.50533 286.3738 35.15042 29.56744 9.062752 2.070052 1.203575

$neval
 [1]   106   258   558  6732  6938  8134  8208 10385 11816 13939 15097 15570 15976 16112 30135

$fbest
[1] 1021.134

$xbest
 [1]   6.6947087 360.2735536   0.8708639  25.5053264 286.3738135  35.1504200  29.5674445
 [8]   9.0627520   2.0700522   1.2035750

$numeval
[1] 30135

$cpu_time
[1] 430.84

