$f
 [1] 1954.8594 1249.1684  967.4427  927.0174  910.4358  902.2639  889.7500  855.7135  854.3455  852.2743  852.1806  840.0156  836.6736  836.4097  831.8351  818.6962  818.6962

$x
          [,1]     [,2]      [,3]     [,4]     [,5]     [,6]     [,7]     [,8]     [,9]    [,10]
 [1,] 6.451414 387.8415 0.5379272 19.45185 284.7147 45.92090 25.36654 5.078745 5.588811 3.642055
 [2,] 5.506333 190.8724 0.1937952 29.06561 284.5985 40.84947 31.31741 3.982659 2.379961 3.850204
 [3,] 5.506333 210.8724 0.1952015 29.06561 284.6735 42.44947 31.31741 3.982659 2.380742 3.850204
 [4,] 5.117557 239.5066 0.3680453 29.25792 284.7239 42.65569 30.49984 4.018259 2.130278 3.641814
 [5,] 5.000000 239.5066 0.3683969 29.25792 284.7239 42.65569 30.49984 4.018259 2.117778 3.641814
 [6,] 5.466695 207.7169 0.2616340 28.77743 284.6804 43.45827 30.82067 3.975466 2.912034 4.583424
 [7,] 5.397927 219.2200 0.2629804 28.80319 284.7747 44.25780 30.76851 3.984745 2.788208 4.646062
 [8,] 5.397927 218.7781 0.2854804 28.80319 284.7747 43.65780 30.76851 3.994120 2.763208 4.491687
 [9,] 5.505127 219.1481 0.2613274 28.94454 284.7889 44.68291 30.76905 3.735633 2.506084 4.125435
[10,] 5.365668 219.1470 0.2666435 29.11480 284.7920 44.68464 30.77102 3.735634 2.504779 4.132793
[11,] 5.362739 219.1470 0.2666435 29.11480 284.7920 44.68464 30.77102 3.735634 2.504779 4.132793
[12,] 5.366444 223.7634 0.2865222 28.77096 284.7868 43.93820 30.83142 4.461881 2.538439 4.164178
[13,] 5.366444 223.7634 0.2865222 28.77096 284.7868 43.93820 30.83142 4.468131 2.575939 4.164178
[14,] 5.323050 227.3852 0.2852462 28.69254 284.7574 43.50401 30.77848 4.464394 2.538051 4.161584
[15,] 5.311854 227.0933 0.2853906 28.69800 284.7588 43.45551 30.77683 4.464864 2.538078 4.161437
[16,] 5.311854 227.0933 0.2635937 28.69800 284.7588 43.46801 30.77683 4.467208 2.553703 4.128780
[17,] 5.311854 227.0933 0.2635937 28.69800 284.7588 43.46801 30.77683 4.467208 2.553703 4.128780

$time
elapsed elapsed elapsed elapsed elapsed elapsed elapsed elapsed elapsed elapsed elapsed elapsed elapsed elapsed elapsed elapsed elapsed 
   1.75    4.56    6.17   19.42   34.15   44.97   55.53   57.45  304.89  319.08  329.97  413.78  415.11  425.78  431.81  437.39  508.11 

$neval
 [1]   106   264   361  1063  1835  2504  3177  3297 18067 18961 19582 24356 24438 25108 25513 25907 30135

$fbest
[1] 818.6962

$xbest
 [1]   5.3118539 227.0933443   0.2635937  28.6979999 284.7587663  43.4680111  30.7768271   4.4672076   2.5537029   4.1287804

$numeval
[1] 30135

$end_crit
[1] 1

$cpu_time
elapsed 
 508.11 

$Refset
$Refset$x
             [,1]        [,2]       [,3]        [,4]        [,5]       [,6]        [,7]        [,8]        [,9]       [,10]
 [1,]   1.0000000   5.2977730 228.814900   0.2758984  28.7396000 284.774600  43.6137000  30.7729600   4.4460310   2.5149560
 [2,]   4.2095520   2.0000000   5.308901 228.5086000   0.2753904  28.739370 284.7750000  43.6092400  30.8499600   4.4452070
 [3,]   2.5185270   4.2099430   3.000000   5.3552040 231.4015000   0.322629  28.7157600 284.7734000  43.6125200  30.7380100
 [4,]   4.4561520   2.5169320   4.210467   4.0000000   5.4114980 224.809900   0.2676304  28.6170600 284.7925000  44.6458100
 [5,]  30.8223700   3.7420010   2.509618   4.1878480   5.0000000   5.410273 224.7914000   0.2675955  28.6111200 284.7924000
 [6,]  44.6396200  30.8216800   3.742426   2.5141710   4.1802280   6.000000   5.4054390 224.8470000   0.2702942  28.6015900
 [7,] 284.7949000  44.6310300  30.822020   3.7432770   2.5320100   4.166063   7.0000000   5.4123360 224.8570000   0.2663954
 [8,]  28.5951100 284.7921000  44.627600  30.8160900   3.7447350   2.512692   4.1691330   8.0000000   5.4081890 224.7161000
 [9,]   0.2675412  28.6105600 284.792000  44.5398200  30.8258400   3.735591   2.5289500   4.1926790   9.0000000   5.4102460
[10,] 224.1678000   0.2666850  28.686080 284.7930000  44.6384500  30.822280   3.7302750   2.5126690   4.1803710   5.4129250
[11,] 224.9696000   0.2687252  28.595070 284.7931000  44.6638800  30.817380   3.7447150   2.5061910   4.1809980   5.3103870
[12,] 231.0719000   0.2854004  28.711540 284.7769000  43.5249300  30.848320   4.4472910   2.5247520   4.2012890   5.2972130

$Refset$f
 [1] 829.1528 830.8316 834.0990 851.9410 852.2986 852.3194 852.3767 852.7413 852.9861 852.9097 831.3142 835.8142

$Refset$fpen
 [1] 829.1528 830.8316 834.0990 851.9410 852.2986 852.3194 852.3767 852.7413 852.9861 852.9097 831.3142 835.8142

$Refset$const
 [1] 26.224640 33.485040  7.260402  1.722259  2.355543 26.220850 33.481470  7.260628  1.722661  2.360364 26.198830 33.483070  7.284236  1.722213  2.353352 26.107440 33.490380  7.382938  1.716469
[20]  2.318956 26.096950 33.485830  7.388880  1.716492  2.319155 26.069580 33.467990  7.398412  1.716252  2.319837 26.082420 33.487310  7.404887  1.716550  2.319259 26.081610 33.471050  7.389443
[39]  1.716956  2.323251 26.173410 33.487330  7.313924  1.716434  2.319313 26.088880 33.493810  7.404927  1.716304  2.318046 26.186790 33.475250  7.288457  1.722755  2.364092 25.991260 33.269580
[58]  7.278322  1.722251  2.353580

$Refset$penalty
 [1] 0 0 0 0 0 0 0 0 0 0 0 0


