$f
 [1] 3369.6389 2134.8177 1514.1076 1478.9757 1456.6892 1269.1979 1246.5538 1195.0295 1103.2101 1092.8681 1090.5382 1068.3160 1031.6806 1008.1319  995.3264  941.2135  936.9861  935.0417  933.8802
[20]  933.6007  932.5174  932.0920  930.2187  929.7847  928.8472  928.3177  928.2465  928.1042  927.7726  927.2500  927.1771  926.9115  926.8837  926.8663  926.0990  924.6406  924.5156  922.8889
[39]  922.7865  922.2361  921.8177  919.9427  919.8698  919.7760  919.6076  919.5451  919.2830  919.2830

$x
           [,1]       [,2]      [,3]      [,4]       [,5]       [,6]       [,7]      [,8]       [,9]
 [1,] 15.239567 137.324300 0.1422195 17.020430 285.447000  38.811520 28.9245300  3.106881   9.240176
 [2,] 15.978469 180.216600 0.9766325 17.051630 285.778400  25.436050 24.0000000  6.881174  10.000000
 [3,] 15.978469 160.216600 0.2996875 16.765980 285.665900  26.236050 24.0000000  7.281174   9.850000
 [4,] 11.460587 129.640500 0.1005632 16.115050 284.039000  47.912610 24.1693300  5.845131   7.438358
 [5,]  9.331705 246.568100 0.5025656 15.322270 285.205800  41.181030 31.2017500  6.117852   6.205481
 [6,] 11.282061 100.896900 0.1114108 15.000000 284.000000  47.818550 24.0000000  6.361483   7.597739
 [7,]  8.014488 240.728700 0.4584647 15.069670 284.705000  42.606510 29.5965400  5.429011   5.436435
 [8,] 10.635384 100.000000 0.1000000 15.000000 284.000000  47.632000 24.0000000  6.570847   7.741943
 [9,] 10.668798 103.564100 0.1000000 15.017820 284.003600  48.000000 24.0000000  6.570847   7.691943
[10,]  9.289311 163.354100 0.4018293 17.737340 284.811100  38.770820 29.0110500  6.225250   6.916374
[11,]  8.362313 182.150800 0.4075213 17.845310 284.798000  39.291150 29.7036900  6.187752   6.849255
[12,]  8.609805 177.469200 0.4060669 17.858960 284.791400  39.297460 29.8665600  6.183044   6.835680
[13,]  9.210758 165.382500 0.4024304 17.814050 284.799700  38.979150 28.7707300  6.230946   6.876792
[14,]  9.210758 165.382500 0.3799304 17.814050 284.800000  38.979150 28.7707300  6.230946   6.889292
[15,]  8.253904 194.131900 0.4371074 18.900020 284.856600  40.014510 29.0381700  6.251425   5.667527
[16,]  8.163084 193.585100 0.4483574 18.970340 284.847200  39.814510 29.0381700  6.238925   5.742527
[17,]  8.281461 197.486100 0.4954601 18.896500 284.860400  39.679010 29.1915200  6.249281   5.649850
[18,]  8.269742 197.486100 0.4954601 18.893570 284.860400  39.679010 29.1915200  6.249281   5.649850
[19,]  8.260377 195.597100 0.4964645 18.944840 284.862400  39.720640 29.2173800  6.247841   5.711398
[20,]  8.259085 195.573600 0.4974745 18.964600 284.862500  39.708530 29.2222100  6.247217   5.703797
[21,]  8.258239 195.558800 0.5025504 18.970320 284.863600  39.747990 29.2237800  6.247286   5.720061
[22,]  8.243664 193.501600 0.5046904 19.009060 284.860700  39.780550 29.1893900  6.248600   5.863062
[23,]  8.219098 191.992600 0.5044636 19.026800 284.860700  39.810010 29.1863500  6.248440   5.937776
[24,]  8.212639 191.985300 0.5053104 19.032170 284.860700  39.816750 29.1846600  6.248228   5.939477
[25,]  8.233603 193.841600 0.5023215 18.980470 284.861000  39.814470 29.1897300  6.249388   5.824101
[26,]  8.220523 192.869900 0.5036166 19.021010 284.860600  39.810670 29.1873600  6.249233   5.887299
[27,]  8.246272 193.624300 0.5100013 19.026250 284.861300  39.799150 29.1741300  6.248063   5.836747
[28,]  8.221500 192.756500 0.5071191 19.023210 284.860800  39.806040 29.1880500  6.248544   5.895299
[29,]  8.209691 193.821700 0.5086589 19.033150 284.860000  39.813710 29.1748000  6.248297   5.854662
[30,]  8.245163 194.285900 0.5079313 19.081420 284.859600  39.816430 29.1606200  6.248246   5.754917
[31,]  8.242297 192.798800 0.5094139 19.224380 284.859200  39.741370 29.1591800  6.246527   5.733015
[32,]  8.237909 193.097200 0.5094212 19.188060 284.859500  39.759160 29.1592000  6.247169   5.718174
[33,]  8.237909 193.116700 0.5094212 19.188060 284.859500  39.759160 29.1592000  6.247169   5.718174
[34,]  8.242881 192.613200 0.5098148 19.387410 284.859900  39.728550 29.1570700  6.244523   5.605714
[35,]  8.246003 191.878700 0.5153070 19.389030 284.858900  39.710610 29.1705200  6.247669   5.643641
[36,]  8.266944 191.571400 0.5117613 19.416630 284.861600  39.772750 29.1758000  6.246729   5.627188
[37,]  8.261976 192.986700 0.5163279 19.388500 284.860400  39.708260 29.1666100  6.247621   5.582489
[38,]  8.267563 193.150100 0.5208698 19.391010 284.862100  39.704680 29.1713000  6.248056   5.575052
[39,]  8.267188 193.302600 0.5221877 19.394320 284.861800  39.747180 29.1610500  6.248265   5.571417
[40,]  8.267188 193.380700 0.5221877 19.394320 284.861800  39.747180 29.1610500  6.248265   5.568292
[41,]  8.265441 192.237600 0.5223579 19.384830 284.861700  39.758510 29.1690600  6.248654   5.636564
[42,]  8.257838 192.730600 0.5287319 19.366400 284.860300  39.758870 29.1637300  6.248676   5.633931
[43,]  8.259743 192.613400 0.5282361 19.358220 284.861200  39.760030 29.1669000  6.249141   5.643507
[44,]  8.257647 192.671600 0.5288738 19.369590 284.860300  39.757830 29.1660100  6.248941   5.633764
[45,]  8.257917 192.671200 0.5293487 19.369690 284.860300  39.757680 29.1668300  6.249076   5.633632
[46,]  8.252454 192.941000 0.5303577 19.359880 284.860100  39.754130 29.1644300  6.249494   5.637583
[47,]  8.259369 192.371400 0.5286068 19.372570 284.862300  39.822040 29.1765800  6.249148   5.643297
[48,]  8.259369 192.371400 0.5286068 19.372570 284.862300  39.822040 29.1765800  6.249148   5.643297
[49,] 10.000000   4.398531 4.4777650  4.667765   3.145837   4.791337  1.9675660  3.711964   1.691164
[50,]  1.691164   4.003227 4.1991120  4.307101   3.928095   3.928095  3.9266350  3.944448   3.932899
[51,]  3.932157   3.956357 3.9680660  3.986359   3.941414   3.944852  3.9496760  3.954123   3.943941
[52,]  3.958061   3.941273 3.9552360  3.974917   3.964869   3.966207  3.9662070  3.965880   3.971064
[53,]  3.978787   3.974659 3.9760720  3.975573   3.975573   3.976650  3.9753110  3.975382   3.975377
[54,]  3.975379   3.975200 3.9745420  3.974542  15.239567 137.324300  0.1422195 17.020430 285.447000
[55,] 38.811520  28.924530 3.1068810  9.240176  15.978469 180.216600  0.9766325 17.051630 285.778400
[56,] 25.436050  24.000000 6.8811740 10.000000  15.978469 160.216600  0.2996875 16.765980 285.665900
[57,] 26.236050  24.000000 7.2811740  9.850000  11.460587 129.640500  0.1005632 16.115050 284.039000
[58,] 47.912610  24.169330 5.8451310  7.438358   9.331705 246.568100  0.5025656 15.322270 285.205800
[59,] 41.181030  31.201750 6.1178520  6.205481  11.282061 100.896900  0.1114108 15.000000 284.000000
[60,] 47.818550  24.000000 6.3614830  7.597739   8.014488 240.728700  0.4584647 15.069670 284.705000
[61,] 42.606510  29.596540 5.4290110  5.436435  10.635384 100.000000  0.1000000 15.000000 284.000000
[62,] 47.632000  24.000000 6.5708470  7.741943  10.668798 103.564100  0.1000000 15.017820 284.003600
[63,] 48.000000  24.000000 6.5708470  7.691943   9.289311 163.354100  0.4018293 17.737340 284.811100
[64,] 38.770820  29.011050 6.2252500  6.916374   8.362313 182.150800  0.4075213 17.845310 284.798000
[65,] 39.291150  29.703690 6.1877520  6.849255   8.609805 177.469200  0.4060669 17.858960 284.791400
[66,] 39.297460  29.866560 6.1830440  6.835680   9.210758 165.382500  0.4024304 17.814050 284.799700
[67,] 38.979150  28.770730 6.2309460  6.876792   9.210758 165.382500  0.3799304 17.814050 284.800000
[68,] 38.979150  28.770730 6.2309460  6.889292   8.253904 194.131900  0.4371074 18.900020 284.856600
[69,] 40.014510  29.038170 6.2514250  5.667527   8.163084 193.585100  0.4483574 18.970340 284.847200
[70,] 39.814510  29.038170 6.2389250  5.742527   8.281461 197.486100  0.4954601 18.896500 284.860400
[71,] 39.679010  29.191520 6.2492810  5.649850   8.269742 197.486100  0.4954601 18.893570 284.860400
[72,] 39.679010  29.191520 6.2492810  5.649850   8.260377 195.597100  0.4964645 18.944840 284.862400
[73,] 39.720640  29.217380 6.2478410  5.711398   8.259085 195.573600  0.4974745 18.964600 284.862500
[74,] 39.708530  29.222210 6.2472170  5.703797   8.258239 195.558800  0.5025504 18.970320 284.863600
[75,] 39.747990  29.223780 6.2472860  5.720061   8.243664 193.501600  0.5046904 19.009060 284.860700
[76,] 39.780550  29.189390 6.2486000  5.863062   8.219098 191.992600  0.5044636 19.026800 284.860700
[77,] 39.810010  29.186350 6.2484400  5.937776   8.212639 191.985300  0.5053104 19.032170 284.860700
[78,] 39.816750  29.184660 6.2482280  5.939477   8.233603 193.841600  0.5023215 18.980470 284.861000
[79,] 39.814470  29.189730 6.2493880  5.824101   8.220523 192.869900  0.5036166 19.021010 284.860600
[80,] 39.810670  29.187360 6.2492330  5.887299   8.246272 193.624300  0.5100013 19.026250 284.861300
[81,] 39.799150  29.174130 6.2480630  5.836747   8.221500 192.756500  0.5071191 19.023210 284.860800
[82,] 39.806040  29.188050 6.2485440  5.895299   8.209691 193.821700  0.5086589 19.033150 284.860000
[83,] 39.813710  29.174800 6.2482970  5.854662   8.245163 194.285900  0.5079313 19.081420 284.859600
[84,] 39.816430  29.160620 6.2482460  5.754917   8.242297 192.798800  0.5094139 19.224380 284.859200
[85,] 39.741370  29.159180 6.2465270  5.733015   8.237909 193.097200  0.5094212 19.188060 284.859500
[86,] 39.759160  29.159200 6.2471690  5.718174   8.237909 193.116700  0.5094212 19.188060 284.859500
[87,] 39.759160  29.159200 6.2471690  5.718174   8.242881 192.613200  0.5098148 19.387410 284.859900
[88,] 39.728550  29.157070 6.2445230  5.605714   8.246003 191.878700  0.5153070 19.389030 284.858900
[89,] 39.710610  29.170520 6.2476690  5.643641   8.266944 191.571400  0.5117613 19.416630 284.861600
[90,] 39.772750  29.175800 6.2467290  5.627188   8.261976 192.986700  0.5163279 19.388500 284.860400
[91,] 39.708260  29.166610 6.2476210  5.582489   8.267563 193.150100  0.5208698 19.391010 284.862100
[92,] 39.704680  29.171300 6.2480560  5.575052   8.267188 193.302600  0.5221877 19.394320 284.861800
[93,] 39.747180  29.161050 6.2482650  5.571417   8.267188 193.380700  0.5221877 19.394320 284.861800
[94,] 39.747180  29.161050 6.2482650  5.568292   8.265441 192.237600  0.5223579 19.384830 284.861700
[95,] 39.758510  29.169060 6.2486540  5.636564   8.257838 192.730600  0.5287319 19.366400 284.860300
[96,] 39.758870  29.163730 6.2486760  5.633931   8.259743 192.613400  0.5282361 19.358220 284.861200
[97,] 39.760030  29.166900 6.2491410  5.643507   8.257647 192.671600  0.5288738 19.369590 284.860300

$time
elapsed elapsed elapsed elapsed elapsed elapsed elapsed elapsed elapsed elapsed elapsed elapsed elapsed elapsed elapsed elapsed elapsed elapsed elapsed elapsed elapsed elapsed elapsed elapsed elapsed 
   1.48    3.92    6.23    8.33   10.28   12.23   22.70   26.53   28.33   34.22   36.12   39.97   48.22   49.42   92.59   94.66  170.67  171.92  194.17  199.14  201.11  205.12  207.16  213.19  222.86 
elapsed elapsed elapsed elapsed elapsed elapsed elapsed elapsed elapsed elapsed elapsed elapsed elapsed elapsed elapsed elapsed elapsed elapsed elapsed elapsed elapsed elapsed elapsed 
 226.80  231.61  240.48  242.44  251.02  254.87  256.86  259.89  263.78  265.67  267.61  285.95  291.58  300.17  301.28  305.23  307.11  320.61  323.53  325.48  341.23  391.47  441.08 

$neval
 [1]   106   263   432   577   716   855  1540  1812  1937  2346  2480  2748  3283  3368  6353  6499 11669 11755 13241 13582 13719 13995 14133 14549 15159 15430 15703 16315 16452 17001 17272 17411
[33] 17621 17890 18027 18165 19446 19851 20396 20475 20752 20887 21843 22049 22188 23267 26676 30049

$fbest
[1] 919.283

$xbest
 [1]   8.2593695 192.3713776   0.5286068  19.3725694 284.8623487  39.8220407  29.1765780   6.2491477   5.6432969   3.9745415

$numeval
[1] 30049

$end_crit
[1] 1

$cpu_time
elapsed 
 441.08 

$Refset
$Refset$x
            [,1]        [,2]       [,3]        [,4]        [,5]        [,6]        [,7]        [,8]       [,9]       [,10]
 [1,]   1.000000   8.2596660 192.393700   0.5285465  19.3699500 284.8624000  39.8338100  29.1700300   6.249083   5.6423780
 [2,]   3.974572   2.0000000   9.011044 469.6234000   0.8389003  15.1656500 286.4652000  35.0697600  37.718830   5.9632220
 [3,]   6.140041   2.8569140   3.000000   8.2575460 192.5450000   0.5287599  19.3711700 284.8606000  39.755340  29.1709100
 [4,]   6.249182   5.6395150   3.973934   4.0000000   8.2557660 192.5383000   0.5289923  19.3639000 284.861800  39.7739500
 [5,]  29.169300   6.2495950   5.647036   3.9750050   5.0000000   8.2589380 192.5956000   0.5288069  19.364710 284.8612000
 [6,]  39.769380  29.1694400   6.249139   5.6392650   3.9747350   6.0000000   8.2590860 192.5278000   0.528714  19.3687900
 [7,] 284.861300  39.7960900  29.170760   6.2489770   5.6381420   3.9745520   7.0000000   8.2581870 192.584800   0.5288732
 [8,]  19.365980 284.8608000  39.786160  29.1715200   6.2487030   5.6406030   3.9742410   8.0000000   8.185312 192.1845000
 [9,]   0.514415  19.3383700 284.822600  39.8396500  29.1569400   6.2428200   5.6314760   4.0002660   9.000000   8.2430700
[10,] 194.627100   0.5364855  19.398630 284.7211000  39.8983100  29.3840400   6.2340880   4.8889690   4.009147   8.3246270
[11,] 195.500400   0.4395041  19.566730 284.9355000  39.3220100  29.7762800   6.2752750   5.1322230   3.911123   8.1405140
[12,] 192.359700   0.5244550  19.522250 284.8670000  36.9369500  29.4684500   5.3065950   5.6351710   3.906619   8.4899960

$Refset$f
 [1]  919.2830 5712.1337  919.6076  919.6076  919.6076  919.6076  919.9427 1035.5469 1039.4080 1094.0938 1262.0451 1481.4288

$Refset$fpen
 [1]     919.2830 1151686.1243     919.6076     919.6076     919.6076     919.6076     919.9427    1035.5469    1039.4080    1094.0938    1262.0451    1481.4288

$Refset$const
 [1] 13.727573 30.357620 16.630050  1.717503  2.438924  9.025613 29.859960 20.834350  1.436910  4.645974 13.731654 30.360490 16.628830  1.717988  2.442702 13.716862 30.352960 16.636100  1.717771
[20]  2.441820 13.725450 30.360740 16.635290  1.717859  2.441976 13.730645 30.361860 16.631210  1.717762  2.440729 13.725381 30.359400 16.634020  1.717863  2.441209 13.706897 30.368520 16.661630
[39]  1.722279  2.432072 14.509661 31.111030 16.601370  1.735744  2.431113 14.434504 30.867780 16.433270  1.712243  2.520430 13.887079 30.364830 16.477750  1.725980  2.632571 13.693677 30.464400
[58] 16.770730  1.704492  2.415730

$Refset$penalty
 [1] 0.000000 1.145974 0.000000 0.000000 0.000000 0.000000 0.000000 0.000000 0.000000 0.000000 0.000000 0.000000


