$f
 [1] 2549.5347 1407.5278  928.3247  789.4045  650.7674  611.5503  557.8281  557.7483  551.5729
[10]  522.7899  520.7257  513.1285  509.4097  500.2569  493.9184  493.0365  492.9583  489.4479
[19]  488.8385  486.0139  484.8247  484.8229  484.1458  484.0503  483.9062  483.8385  483.2917
[28]  483.2917

$x
          [,1]     [,2]      [,3]     [,4]     [,5]     [,6]     [,7]     [,8]     [,9]    [,10]
 [1,] 16.90557 309.4794 0.4267918 17.50143 286.0787 37.31175 33.82664 6.486654 4.954716 2.414492
 [2,] 18.47132 460.6533 0.5410148 16.66070 286.2488 38.87158 30.57113 6.090613 3.545849 1.215574
 [3,] 18.47132 449.4922 1.0000000 17.78570 286.5842 38.87158 28.94613 6.090613 4.245849 1.405574
 [4,] 15.28810 389.0020 0.3105927 19.70593 286.5614 35.27210 26.00688 6.858276 6.210429 1.640091
 [5,] 15.00054 388.9815 0.2970998 19.60899 286.5769 35.21087 26.08024 6.884558 6.316078 1.627351
 [6,] 19.40474 323.7755 0.1000000 19.82743 286.6003 36.31240 24.59893 7.197065 4.900983 1.545361
 [7,] 19.59224 303.7755 0.1000000 19.82743 286.5980 36.31240 24.59893 7.197065 4.911921 1.557236
 [8,] 16.31028 369.2788 0.1293252 19.48374 286.5322 36.46548 25.09844 6.488891 5.372562 2.335018
 [9,] 16.14377 365.5107 0.1265364 19.74605 286.5197 36.41524 24.92433 6.514087 5.362733 2.515370
[10,] 16.14377 365.5107 0.1265364 20.12105 286.5197 36.41524 24.92433 6.514087 5.356483 2.515370
[11,] 16.53188 380.1370 0.1500228 19.22683 286.5145 36.40253 24.94611 6.551982 5.336694 2.540930
[12,] 16.26328 372.9605 0.1499768 19.92651 286.5122 36.81190 24.90225 6.545146 5.299044 2.281489
[13,] 16.47379 379.9944 0.1455517 19.25369 286.5145 36.69110 24.94661 6.590617 5.502238 2.448298
[14,] 16.52100 381.1424 0.1555010 19.27052 286.5194 36.72076 24.97447 6.558215 5.393441 2.281532
[15,] 16.53070 381.1424 0.1555010 19.24051 286.5227 36.87076 24.97447 6.558215 5.410360 2.279432
[16,] 16.46212 381.1107 0.1552337 19.29873 286.5195 36.85539 24.97195 6.561057 5.357841 2.279033
[17,] 16.46212 381.0911 0.1552337 19.29873 286.5195 36.85539 24.97195 6.561057 5.357841 2.279033
[18,] 16.67572 378.5335 0.1534995 19.39687 286.5203 36.85115 24.97818 6.557205 5.222807 2.276210
[19,] 16.67690 378.3387 0.1532179 19.43711 286.5202 36.85233 24.97805 6.557420 5.203143 2.272090
[20,] 16.62008 376.7126 0.1539779 19.43902 286.5203 36.85240 24.97689 6.557013 5.267408 2.279232
[21,] 16.60272 377.6200 0.1553275 19.46366 286.5200 36.84957 24.97707 6.556222 5.241282 2.280318
[22,] 16.63059 377.5122 0.1551019 19.44963 286.5200 36.85237 24.97653 6.556333 5.240466 2.279898
[23,] 16.61011 377.6036 0.1564900 19.46024 286.5205 36.85134 24.97691 6.556441 5.246933 2.280667
[24,] 16.60929 377.6359 0.1562727 19.46697 286.5205 36.84967 24.97689 6.556477 5.241310 2.281188
[25,] 16.61808 376.7835 0.1562743 19.49422 286.5213 36.85411 24.97850 6.556787 5.241001 2.280562
[26,] 16.62417 376.1360 0.1562659 19.51780 286.5219 36.85752 24.97993 6.556840 5.240429 2.280480
[27,] 16.62417 376.1360 0.1562659 19.51780 286.5219 36.85752 24.97993 6.556840 5.240429 2.281222
[28,] 16.62417 376.1360 0.1562659 19.51780 286.5219 36.85752 24.97993 6.556840 5.240429 2.281222

$neval
 [1]   106   262   399   826   969  1666  1904  2579  3125  3341  3881  4154  4565  4702  4830
[16]  6461  6535  6939  7347  7619  8910 10214 10349 11925 12936 14896 15106 30136

$fbest
[1] 483.2917

$xbest
 [1]  16.6241724 376.1360190   0.1562659  19.5177961 286.5219334  36.8575159  24.9799307
 [8]   6.5568400   5.2404292   2.2812221

$numeval
[1] 30136

$cpu_time
[1] 487.14

