$f
 [1] 1466.3038  981.7448  684.1736  680.6615  641.0729  629.7847  598.0712  570.9948  569.2986
[10]  564.5139  546.4167  542.4271  452.9115  449.4097  434.9983  434.7569  378.6146  376.9722
[19]  366.1580  365.8281  364.5660  363.7604  357.1267  356.6424  356.5920  356.1736  355.0069
[28]  354.6528  354.3802  354.0747  353.5747  353.4601  352.7205  352.4983  352.4983

$x
          [,1]     [,2]      [,3]     [,4]     [,5]     [,6]     [,7]     [,8]     [,9]    [,10]
 [1,] 17.78118 192.4789 0.3559922 19.38388 285.3153 31.46185 26.67383 4.598352 6.906743 4.074858
 [2,] 11.82558 246.9462 0.1380750 20.09439 286.8897 41.92034 24.21274 8.846442 2.756563 1.369909
 [3,] 11.82558 246.9462 0.1039306 20.09439 286.8897 42.03214 24.01136 9.046442 2.931255 1.369909
 [4,] 12.14201 217.4888 0.1144180 20.17161 286.7953 44.56134 24.27942 8.899520 2.736455 1.200000
 [5,] 12.93392 219.3932 0.1570776 19.48067 286.8450 44.56279 24.26700 8.611085 2.247467 1.362159
 [6,] 12.94095 222.8214 0.1771491 19.44996 286.8563 45.82008 24.49094 8.601717 2.155659 1.324340
 [7,] 12.83957 221.4923 0.1407764 20.58260 286.8311 42.64907 24.06756 8.596359 2.000000 1.394363
 [8,] 12.80441 220.8673 0.1407325 20.60603 286.8264 42.64907 24.02693 8.596359 2.003125 1.394363
 [9,] 12.87982 215.0742 0.1365794 21.04034 286.8437 42.83329 24.28059 8.601295 2.000000 1.452520
[10,] 12.43956 220.7178 0.1454936 20.72852 286.8264 42.43928 24.98469 8.546906 2.108206 1.474276
[11,] 12.41612 220.7178 0.1911968 20.72852 286.8264 42.43928 24.98469 8.546906 2.101956 1.474276
[12,] 13.08141 219.4933 0.1610636 20.11733 286.7925 41.88500 25.12769 8.419224 2.388294 1.414070
[13,] 13.00190 219.4933 1.0000000 20.14004 286.7925 41.88500 25.14738 8.419224 2.788294 1.414070
[14,] 13.00579 197.3356 0.1190533 21.40778 286.7535 41.74918 25.38372 8.702304 2.684310 1.501895
[15,] 13.00579 196.7106 0.1190533 21.59528 286.7535 41.74918 25.38372 8.703085 2.640560 1.501895
[16,] 11.78374 190.8133 0.6662876 20.55042 286.5577 41.31912 26.16663 8.516911 4.980581 1.556688
[17,] 11.87749 189.5828 0.9901563 20.55042 286.5577 41.34412 26.16663 8.510661 5.068081 1.556688
[18,] 11.79303 190.5672 0.9892746 20.54361 286.5575 41.32566 26.17257 8.511469 5.442672 1.551179
[19,] 11.74616 190.5672 1.0000000 20.53189 286.5575 41.32566 26.17257 8.511469 5.442672 1.554148
[20,] 11.77557 190.4613 0.9851645 20.54436 286.5573 41.32570 26.16183 8.513156 5.414228 1.551535
[21,] 11.77877 190.3560 0.9941534 20.53623 286.5574 41.32618 26.16299 8.513122 5.423400 1.551073
[22,] 11.77647 190.3691 0.9934652 20.53567 286.5574 41.32647 26.16387 8.513135 5.427985 1.550973
[23,] 11.69144 190.5084 1.0000000 20.55748 286.5571 41.32574 26.15518 8.513127 5.500559 1.551240
[24,] 11.69144 190.5084 1.0000000 20.55748 286.5571 41.32574 26.15518 8.513127 5.503684 1.551240
[25,] 11.62944 190.3416 0.9934974 20.53796 286.5572 41.32556 26.15997 8.513029 5.590222 1.551299
[26,] 11.68708 189.0280 0.9939973 20.54517 286.5573 41.32820 26.16657 8.513127 5.579558 1.551426
[27,] 11.68677 188.9784 0.9947812 20.54576 286.5573 41.32914 26.16961 8.513126 5.579311 1.551442
[28,] 11.70607 187.7228 0.9965304 20.53797 286.5573 41.32816 26.16683 8.513133 5.628154 1.551639
[29,] 11.69592 188.1611 0.9956875 20.54778 286.5573 41.32863 26.16967 8.513130 5.610596 1.551449
[30,] 11.70162 187.7759 0.9950040 20.53976 286.5572 41.32688 26.16208 8.513206 5.629191 1.551678
[31,] 11.64932 188.3016 0.9928191 20.53834 286.5550 41.32128 26.15438 8.513149 5.660749 1.551451
[32,] 11.63229 188.2481 0.9929286 20.53815 286.5549 41.32070 26.15210 8.513170 5.673170 1.551445
[33,] 11.62803 188.2404 0.9924703 20.53652 286.5547 41.32040 26.15267 8.513171 5.673023 1.551444
[34,] 11.63193 188.2658 0.9943127 20.54785 286.5550 41.32146 26.15480 8.513178 5.664712 1.551455
[35,] 11.63193 188.2658 0.9943127 20.54785 286.5550 41.32146 26.15480 8.513178 5.664712 1.551455

$neval
 [1]   106   256   386   528   668  1350  1753  1862  1998  2535  3294  4781  4906 10024 10119
[16] 22445 22579 23935 24027 24730 25010 25149 25435 25508 25934 26205 26342 26615 26753 26891
[31] 28863 29068 29339 29609 30019

$fbest
[1] 352.4983

$xbest
 [1]  11.6319298 188.2657697   0.9943127  20.5478524 286.5549656  41.3214609  26.1548010
 [8]   8.5131784   5.6647116   1.5514553

$numeval
[1] 30019

$cpu_time
[1] 383.74

