$f
 [1] 4230.727 1560.913 1484.686 1454.141 1439.997 1428.236 1388.812 1178.734 1172.394 1164.618
[11] 1153.950 1146.911 1141.184 1128.033 1122.042 1118.191 1107.427 1107.104 1083.191 1079.177
[21] 1074.207 1062.731 1062.304 1062.304

$x
            [,1]       [,2]        [,3]      [,4]       [,5]      [,6]      [,7]      [,8]
 [1,]  9.1850850 439.666200   0.4293383 16.243810 286.021400 47.389820 27.062470  6.648644
 [2,] 10.0078290 423.776400   0.2391667 15.000000 286.705200 47.996810 24.667760  6.626761
 [3,] 10.0078290 403.776400   0.2328777 15.000000 286.705200 47.998250 24.666350  6.626761
 [4,] 10.8369590 393.912200   0.1256687 15.000000 286.656100 48.000000 24.476390  7.010272
 [5,] 10.7865050 343.749000   0.1261127 15.464340 286.593200 47.883660 26.588320  7.143956
 [6,] 10.7121960 385.566500   0.1352856 15.302800 286.710100 48.000000 24.713170  7.000609
 [7,] 10.5019870 328.347200   0.1187459 15.777320 286.576000 47.875970 27.345470  7.795570
 [8,] 10.4567490 348.347200   0.1159334 15.499350 286.577300 47.986020 27.481730  7.795570
 [9,]  9.9092830 364.279700   0.1660682 16.437320 286.617400 47.844930 24.032260  7.590323
[10,]  9.9092830 364.289400   0.1685292 16.437320 286.617400 47.841800 24.072890  7.588761
[11,]  9.3451530 370.298700   0.2034340 16.869880 286.607600 47.623180 24.105700  7.552337
[12,]  9.3451530 370.298700   0.2259340 16.878670 286.607600 47.623180 24.105700  7.551946
[13,]  9.2725100 384.790200   0.3220993 16.992030 286.606600 47.523310 24.127890  7.547072
[14,]  9.2736690 386.501200   0.3192579 16.991620 286.606600 47.520740 24.129050  7.547569
[15,]  9.0861690 391.544900   0.2967579 16.991620 286.606600 47.520740 24.129050  7.547569
[16,]  9.2881430 382.835000   0.2545810 17.138650 286.620500 47.444840 24.000000  7.546320
[17,]  9.2881430 382.835000   0.2770810 17.138650 286.620300 47.444840 24.000000  7.546320
[18,]  9.2804930 389.571500   0.3045241 16.871500 286.701800 47.777450 24.082640  7.529303
[19,]  9.2804930 390.811700   0.3270241 17.059000 286.699500 47.777450 24.082640  7.529303
[20,]  9.3876680 386.028900   0.2914622 17.112310 286.707900 47.841560 24.140930  7.526971
[21,]  9.3286680 387.407900   0.3271822 16.994620 286.718900 47.849600 24.191680  7.522876
[22,]  9.4201290 386.787600   0.3274425 16.987100 286.720900 47.843590 24.205080  7.522865
[23,]  9.4201290 386.787600   0.3274425 16.987100 286.720900 47.843590 24.205080  7.522865
[24,]  9.4201290 386.787600   0.3274425 16.987100 286.720900 47.843590 24.205080  7.522865
[25,] 10.0000000   1.432955   1.2002110  1.200000   1.240040  1.257266  1.227555  1.212852
[26,]  1.6754040   1.670209   1.8161580  1.816158   1.822499  1.821562  1.818593  1.786048
[27,]  1.8651330   1.879977   1.8886550  1.912931   1.917731  1.920699  1.920699  9.185085
[28,]  0.4293383  16.243810 286.0214000 47.389820  27.062470  6.648644  4.417360 10.007829
[29,]  0.2391667  15.000000 286.7052000 47.996810  24.667760  6.626761  2.979281 10.007829
[30,]  0.2328777  15.000000 286.7052000 47.998250  24.666350  6.626761  3.068799 10.836959
[31,]  0.1256687  15.000000 286.6561000 48.000000  24.476390  7.010272  2.000000 10.786505
[32,]  0.1261127  15.464340 286.5932000 47.883660  26.588320  7.143956  2.113898 10.712196
[33,]  0.1352856  15.302800 286.7101000 48.000000  24.713170  7.000609  2.248631 10.501987
[34,]  0.1187459  15.777320 286.5760000 47.875970  27.345470  7.795570  2.000000 10.456749
[35,]  0.1159334  15.499350 286.5773000 47.986020  27.481730  7.795570  2.000000  9.909283
[36,]  0.1660682  16.437320 286.6174000 47.844930  24.032260  7.590323  2.594854  9.909283
[37,]  0.1685292  16.437320 286.6174000 47.841800  24.072890  7.588761  2.633916  9.345153
[38,]  0.2034340  16.869880 286.6076000 47.623180  24.105700  7.552337  2.731756  9.345153
[39,]  0.2259340  16.878670 286.6076000 47.623180  24.105700  7.551946  2.745037  9.272510
[40,]  0.3220993  16.992030 286.6066000 47.523310  24.127890  7.547072  2.547040  9.273669
[41,]  0.3192579  16.991620 286.6066000 47.520740  24.129050  7.547569  2.557981  9.086169
[42,]  0.2967579  16.991620 286.6066000 47.520740  24.129050  7.547569  2.559728  9.288143
[43,]  0.2545810  17.138650 286.6205000 47.444840  24.000000  7.546320  2.546935  9.288143
[44,]  0.2770810  17.138650 286.6203000 47.444840  24.000000  7.546320  2.559435  9.280493
[45,]  0.3045241  16.871500 286.7018000 47.777450  24.082640  7.529303  2.605896  9.280493
[46,]  0.3270241  17.059000 286.6995000 47.777450  24.082640  7.529303  2.618396  9.387668
[47,]  0.2914622  17.112310 286.7079000 47.841560  24.140930  7.526971  2.673651  9.328668
[48,]  0.3271822  16.994620 286.7189000 47.849600  24.191680  7.522876  2.675394  9.420129
[49,]  0.3274425  16.987100 286.7209000 47.843590  24.205080  7.522865  2.643551  9.420129
            [,9]
 [1,]   4.417360
 [2,]   2.979281
 [3,]   3.068799
 [4,]   2.000000
 [5,]   2.113898
 [6,]   2.248631
 [7,]   2.000000
 [8,]   2.000000
 [9,]   2.594854
[10,]   2.633916
[11,]   2.731756
[12,]   2.745037
[13,]   2.547040
[14,]   2.557981
[15,]   2.559728
[16,]   2.546935
[17,]   2.559435
[18,]   2.605896
[19,]   2.618396
[20,]   2.673651
[21,]   2.675394
[22,]   2.643551
[23,]   2.640426
[24,]   2.640426
[25,]   1.209533
[26,]   1.786048
[27,] 439.666200
[28,] 423.776400
[29,] 403.776400
[30,] 393.912200
[31,] 343.749000
[32,] 385.566500
[33,] 328.347200
[34,] 348.347200
[35,] 364.279700
[36,] 364.289400
[37,] 370.298700
[38,] 370.298700
[39,] 384.790200
[40,] 386.501200
[41,] 391.544900
[42,] 382.835000
[43,] 382.835000
[44,] 389.571500
[45,] 390.811700
[46,] 386.028900
[47,] 387.407900
[48,] 386.787600
[49,] 386.787600

$neval
 [1]   106   261   380   664  1234  1509  1650  1925 14453 14586 18529 18627 19306 19848 20088
[16] 23746 23830 27099 27226 27777 27914 28322 28671 30013

$fbest
[1] 1062.304

$xbest
 [1]   9.4201287 386.7875590   0.3274425  16.9871024 286.7208712  47.8435938  24.2050783
 [8]   7.5228646   2.6404259   1.9206994

$numeval
[1] 30013

$cpu_time
[1] 464.08

