$f
 [1] 2242.3281  810.8872  776.0885  682.7205  584.6250  488.3733  482.4462  479.5243  434.4253
[10]  423.7917  392.1858  386.5833  385.8351  379.2899  379.2830  377.5955  372.9688  372.1406
[19]  372.1181  371.7812  371.4983  371.3628  371.1632  370.4184  370.3368  370.2240  370.0469
[28]  370.0052  369.9896  369.6372  369.2656  369.2187  369.2187

$x
          [,1]     [,2]      [,3]     [,4]     [,5]     [,6]     [,7]     [,8]     [,9]    [,10]
 [1,] 7.613026 230.9780 0.5094441 19.36829 285.5628 42.11487 32.53851 2.302027 6.017674 4.435860
 [2,] 6.635507 211.4223 0.4941232 19.53025 285.6754 42.55804 32.97523 2.000000 8.924850 4.024974
 [3,] 6.635507 211.4223 0.5166232 19.53025 285.6004 42.55804 33.62523 2.000000 8.924850 4.024974
 [4,] 7.415756 291.1715 0.6199644 19.06593 286.1062 41.51720 33.56982 2.110558 7.187815 3.273586
 [5,] 6.959787 199.0611 0.5258379 23.22988 285.1421 36.36043 30.35373 4.395154 6.520257 2.943150
 [6,] 7.168244 193.7096 0.5344903 26.32118 284.9623 34.48450 27.58513 5.033577 5.191028 2.308222
 [7,] 7.332051 208.0912 0.7320570 25.43092 285.0196 35.96017 27.65296 5.170917 4.961788 2.638013
 [8,] 7.178581 203.3545 0.6669074 26.13970 284.9907 35.23353 27.58490 5.005789 5.155488 2.430042
 [9,] 7.158928 203.3545 0.6444074 26.14953 284.9113 35.23353 27.58490 4.912039 5.155488 2.430042
[10,] 7.445487 266.4801 0.6825747 23.00030 285.7112 42.03655 28.17103 2.482038 5.198989 3.782522
[11,] 8.007987 261.3392 0.6803560 23.00558 285.7133 42.37457 28.00853 2.498939 5.198989 3.782522
[12,] 8.348566 241.9162 0.9741175 23.39364 286.0849 36.45455 32.58049 2.801305 5.823453 2.493255
[13,] 8.360284 241.9162 0.9741175 23.39364 286.0849 36.45455 32.58049 2.813805 5.823453 2.493255
[14,] 8.549007 222.8874 0.9533838 24.28490 286.0855 36.47187 32.54572 2.739114 5.780972 1.965877
[15,] 8.520252 223.8079 0.9657421 24.21230 286.0853 36.44857 32.54391 2.717235 5.834053 2.006944
[16,] 8.520252 223.8079 0.9882421 24.21230 286.0853 36.44857 32.54391 2.717235 5.834053 2.006944
[17,] 8.603868 207.4839 0.9810900 25.04184 286.0864 36.44229 32.53366 2.716919 5.845510 1.819404
[18,] 8.603868 207.4839 0.9810900 25.04184 286.0864 36.44229 32.49303 2.716919 5.845510 1.819404
[19,] 8.616422 214.6739 0.9497324 24.60592 286.0855 36.40898 32.48929 2.664243 5.865608 2.442086
[20,] 8.644451 221.5505 0.9340103 24.38709 286.0815 36.34752 32.45370 2.068509 5.742958 2.260278
[21,] 8.607332 221.4290 0.9328534 24.21373 286.0935 36.41903 32.57600 2.000000 5.872215 1.805652
[22,] 8.613469 222.2022 0.9418912 24.26779 286.0890 36.40246 32.53031 2.079883 5.816893 2.278818
[23,] 8.610539 222.2022 0.9418912 24.26779 286.0890 36.40246 32.53031 2.079883 5.816893 2.278818
[24,] 8.631455 216.9326 0.9370029 24.56171 286.0847 36.34917 32.50134 2.089095 5.803421 2.230565
[25,] 8.632709 216.7497 0.9458602 24.57144 286.0847 36.35344 32.47620 2.133042 5.809288 2.370093
[26,] 8.632460 216.7707 0.9463069 24.57033 286.0841 36.35410 32.47874 2.130319 5.809953 2.360171
[27,] 8.636144 217.0315 0.9404134 24.56466 286.0849 36.35372 32.50337 2.105070 5.802818 2.386322
[28,] 8.627805 216.8305 0.9445302 24.59257 286.0845 36.37028 32.47960 2.128721 5.800700 2.333368
[29,] 8.627797 216.9285 0.9446926 24.59619 286.0843 36.37055 32.47223 2.125521 5.795054 2.348500
[30,] 8.635919 216.8211 0.9413223 24.57391 286.0849 36.35370 32.48984 2.137820 5.804699 2.386038
[31,] 8.647903 216.5281 0.9435890 24.57999 286.0843 36.35833 32.48850 2.139594 5.806184 2.395953
[32,] 8.647210 216.5523 0.9441542 24.58041 286.0843 36.36762 32.48788 2.139661 5.805460 2.388850
[33,] 8.647210 216.5523 0.9441542 24.58041 286.0843 36.36762 32.48788 2.139661 5.805460 2.388850

$neval
 [1]   106   265   348   493   636   915  1057  1609  1870  3930  4069  6814  6893  7582  8259
[16]  8332  8880  9758 16014 16220 16493 18469 18943 19766 20309 21045 22206 22341 23508 23783
[31] 26291 26773 30099

$fbest
[1] 369.2187

$xbest
 [1]   8.6472103 216.5523301   0.9441542  24.5804097 286.0843085  36.3676183  32.4878792
 [8]   2.1396613   5.8054601   2.3888503

$numeval
[1] 30099

$cpu_time
[1] 454.47

