$f
 [1] 2635.648 2259.071 1911.198 1901.137 1884.814 1778.592 1694.953 1694.663 1690.927 1690.089
[11] 1686.151 1666.901 1610.764 1610.293 1604.087 1600.786 1597.663 1597.441 1593.014 1592.460
[21] 1592.460

$x
           [,1]       [,2]      [,3]      [,4]       [,5]       [,6]       [,7]      [,8]
 [1,]  5.127380 132.672200 0.4515906 28.061830 285.284500  36.007160 31.7686500  5.215930
 [2,] 15.066610 222.678100 0.5524734 20.483990 286.437800  33.333460 29.5588400  6.150621
 [3,] 15.066610 222.678100 0.2346609 20.483990 286.447200  33.333460 28.2588400  6.138121
 [4,] 17.004505 182.265900 0.3068591 20.205970 286.520200  35.126230 26.1514300  6.359778
 [5,] 14.553712 223.174300 0.2389308 20.925640 286.446700  34.270140 27.0515300  6.051744
 [6,]  6.796963 182.842000 0.4423077 26.662450 284.788500  34.139550 28.7857100  5.262698
 [7,]  6.796963 182.842000 0.4423077 26.662450 284.769700  33.739550 28.7857100  5.262698
 [8,] 15.871336 201.628900 0.2195444 20.310390 286.449500  35.293560 25.3989700  6.332547
 [9,] 15.871336 201.707000 0.2198960 20.310390 286.449500  35.290430 25.4396000  6.332547
[10,] 15.882966 203.128800 0.2189207 20.291300 286.449600  35.306550 25.3684300  6.334615
[11,] 15.882966 203.128800 0.2190965 20.288370 286.449600  35.306550 25.4090500  6.334615
[12,] 16.443362 200.585600 0.2199634 20.381600 286.602100  35.878050 25.2578300  6.340280
[13,] 16.404056 200.585600 0.2312134 20.187550 286.602100  36.078050 25.4203300  6.340280
[14,] 16.570749 193.680800 0.2349862 20.304980 286.490900  35.525960 25.1255500  6.322343
[15,] 16.570749 193.758900 0.2353378 20.304980 286.490300  35.525960 25.0849200  6.322343
[16,] 16.315189 203.279500 0.2681461 20.222850 286.507100  35.619240 25.1732900  6.318095
[17,] 16.315189 203.240400 0.2906461 20.222850 286.507100  35.619240 25.1732900  6.318095
[18,] 16.322989 203.251800 0.2805511 20.210960 286.506800  35.620410 25.1660800  6.318945
[19,] 16.321306 203.250800 0.2640283 20.214560 286.506900  35.620260 25.1681400  6.318743
[20,] 16.321306 203.250800 0.2640283 20.214560 286.506900  35.620260 25.1681400  6.318743
[21,] 16.321306 203.250800 0.2640283 20.214560 286.506900  35.620260 25.1681400  6.318743
[22,] 10.000000   1.907283 3.3301270  3.140127   4.397038   3.242289  3.1984690  3.186594
[23,]  3.354562   3.328578 3.3270940  3.341891   3.389391   3.229872  3.2298720  3.694354
[24,]  3.692609   3.692829 3.6935720  3.693572   5.127380 132.672200  0.4515906 28.061830
[25,] 36.007160  31.768650 5.2159300  5.964016  15.066610 222.678100  0.5524734 20.483990
[26,] 33.333460  29.558840 6.1506210  2.665263  15.066610 222.678100  0.2346609 20.483990
[27,] 33.333460  28.258840 6.1381210  2.896513  17.004505 182.265900  0.3068591 20.205970
[28,] 35.126230  26.151430 6.3597780  2.712936  14.553712 223.174300  0.2389308 20.925640
[29,] 34.270140  27.051530 6.0517440  2.900375   6.796963 182.842000  0.4423077 26.662450
[30,] 34.139550  28.785710 5.2626980  3.444072   6.796963 182.842000  0.4423077 26.662450
[31,] 33.739550  28.785710 5.2626980  3.444072  15.871336 201.628900  0.2195444 20.310390
[32,] 35.293560  25.398970 6.3325470  2.817583  15.871336 201.707000  0.2198960 20.310390
[33,] 35.290430  25.439600 6.3325470  2.817583  15.882966 203.128800  0.2189207 20.291300
[34,] 35.306550  25.368430 6.3346150  2.793521  15.882966 203.128800  0.2190965 20.288370
[35,] 35.306550  25.409050 6.3346150  2.793521  16.443362 200.585600  0.2199634 20.381600
[36,] 35.878050  25.257830 6.3402800  2.635865  16.404056 200.585600  0.2312134 20.187550
[37,] 36.078050  25.420330 6.3402800  2.685865  16.570749 193.680800  0.2349862 20.304980
[38,] 35.525960  25.125550 6.3223430  2.854616  16.570749 193.758900  0.2353378 20.304980
[39,] 35.525960  25.084920 6.3223430  2.854616  16.315189 203.279500  0.2681461 20.222850
[40,] 35.619240  25.173290 6.3180950  2.778303  16.315189 203.240400  0.2906461 20.222850
[41,] 35.619240  25.173290 6.3180950  2.778303  16.322989 203.251800  0.2805511 20.210960
[42,] 35.620410  25.166080 6.3189450  2.743413  16.321306 203.250800  0.2640283 20.214560
[43,] 35.620260  25.168140 6.3187430  2.759593  16.321306 203.250800  0.2640283 20.214560
            [,9]
 [1,]   5.964016
 [2,]   2.665263
 [3,]   2.896513
 [4,]   2.712936
 [5,]   2.900375
 [6,]   3.444072
 [7,]   3.444072
 [8,]   2.817583
 [9,]   2.817583
[10,]   2.793521
[11,]   2.793521
[12,]   2.635865
[13,]   2.685865
[14,]   2.854616
[15,]   2.854616
[16,]   2.778303
[17,]   2.778303
[18,]   2.743413
[19,]   2.759593
[20,]   2.759593
[21,]   2.759593
[22,]   3.354562
[23,]   3.694354
[24,] 285.284500
[25,] 286.437800
[26,] 286.447200
[27,] 286.520200
[28,] 286.446700
[29,] 284.788500
[30,] 284.769700
[31,] 286.449500
[32,] 286.449500
[33,] 286.449600
[34,] 286.449600
[35,] 286.602100
[36,] 286.602100
[37,] 286.490900
[38,] 286.490300
[39,] 286.507100
[40,] 286.507100
[41,] 286.506800
[42,] 286.506900
[43,] 286.506900

$neval
 [1]   106   263   401  1261  1400  1675  1904  8148  8238  9983 10071 12921 13040 16062 16152
[16] 17768 17846 18653 18920 19261 30139

$fbest
[1] 1592.46

$xbest
 [1]  16.3213065 203.2508087   0.2640283  20.2145579 286.5069121  35.6202560  25.1681398
 [8]   6.3187433   2.7595933   3.6935717

$numeval
[1] 30139

$cpu_time
[1] 453.02

