$f
 [1] 1346.4028 1049.3958  797.0833  786.2014  682.9566  651.6545  609.0868  566.1181  534.7934
[10]  501.1840  496.4601

$x
          [,1]     [,2]      [,3]     [,4]     [,5]     [,6]     [,7]     [,8]     [,9]    [,10]
 [1,] 16.88794 282.0936 0.1968313 22.36870 285.3977 34.76156 32.24870 4.108199 4.928093 1.745975
 [2,] 13.48531 391.7190 0.1000000 19.45886 285.6152 48.00000 45.30742 6.345971 2.168971 2.488117
 [3,] 13.48531 420.5387 0.1000000 19.45886 285.7652 48.00000 45.22475 6.345971 2.000000 2.488117
 [4,] 13.07600 419.0418 0.1050180 19.38365 285.7205 48.00000 43.74337 6.322133 2.346378 2.738121
 [5,] 21.73833 382.6723 0.4601148 22.35724 285.6796 31.93440 29.05530 5.895607 3.309614 3.748488
 [6,] 21.74297 411.5303 0.4625454 21.75110 285.6917 31.91739 28.76188 5.689688 3.298995 3.762726
 [7,] 21.73992 405.8355 0.4614596 21.39969 285.7031 31.90769 28.74850 5.779754 3.297165 3.761265
 [8,] 21.73992 423.9824 1.0000000 21.39969 285.7593 31.90769 28.74850 5.780628 3.172165 3.761058
 [9,] 11.05222 429.0226 0.1000000 19.40685 285.5564 48.00000 45.44484 8.895192 2.175590 3.617224
[10,] 11.23972 429.0226 0.1000000 19.03185 285.5564 48.00000 45.36359 8.895192 2.100590 3.617224
[11,] 11.23972 429.0226 0.1000000 19.03185 285.5752 48.00000 45.36359 8.895240 2.100590 3.615740

$neval
 [1]   106   253   360   922  1331  1467  1604  1878  2810  3305 30079

$fbest
[1] 496.4601

$xbest
 [1]  11.23972 429.02259   0.10000  19.03185 285.57517  48.00000  45.36359   8.89524   2.10059
[10]   3.61574

$numeval
[1] 30079

$cpu_time
[1] 583.33

