$f
 [1] 2050.2726 1105.5365  684.0556  679.9288  643.1684  591.7396  587.8715  551.7934  548.7899
[10]  540.4792  538.4167  532.4184  532.1684  530.9566  530.9462  526.2205  508.8715  495.6094
[19]  492.1892  475.2951  456.4410

$x
          [,1]     [,2]      [,3]     [,4]     [,5]     [,6]     [,7]     [,8]     [,9]    [,10]
 [1,] 11.19375 138.0554 0.7492133 27.24399 286.1204 35.62173 27.87949 9.881265 8.316176 1.399660
 [2,] 15.71042 193.7781 0.3319943 20.35945 285.6916 47.67131 24.00000 7.339012 5.332444 4.125138
 [3,] 15.71042 213.7781 0.1962912 20.35945 285.3565 47.67131 24.00000 7.339012 4.709007 3.745138
 [4,] 14.81922 220.0221 0.3297055 20.59222 285.6204 47.40386 24.15458 7.323650 5.252287 4.045218
 [5,] 14.71066 219.7781 0.3473604 20.91068 285.6849 47.50224 24.14389 7.328808 5.735334 4.024236
 [6,] 14.93993 222.4470 0.3556407 20.67714 285.6806 47.36693 24.15144 7.330691 5.567042 3.972975
 [7,] 14.98204 222.0348 0.3707235 20.68314 285.6794 47.37171 24.15547 7.329911 5.706741 3.986360
 [8,] 14.98350 221.4098 0.3707235 20.68314 285.6770 47.37171 24.15547 7.323661 5.794241 3.986360
 [9,] 16.47605 202.0736 0.2397651 20.58023 285.7061 47.39015 24.04086 7.316916 5.236734 4.057201
[10,] 16.47605 202.0736 0.2397651 20.58023 285.7061 47.39015 24.00023 7.316916 5.224234 4.057201
[11,] 16.26162 201.6533 0.2352493 20.58037 285.7085 47.39106 24.02990 7.316992 5.182080 4.049822
[12,] 16.30849 202.2783 0.2380618 20.53642 285.7085 47.39106 24.02990 7.316992 5.182080 4.049822
[13,] 15.69117 215.6704 0.2739979 20.60420 285.7062 47.39482 24.00580 7.317122 5.131760 4.051078
[14,] 15.69117 215.7485 0.2738221 20.60420 285.7062 47.39482 24.00580 7.317122 5.138010 4.051078
[15,] 15.65632 216.1138 0.2779328 20.57494 285.7062 47.40928 24.00613 7.316716 5.183821 4.058085
[16,] 16.72403 223.6757 0.3480044 21.35738 286.0285 43.60845 24.23511 7.377773 5.531315 3.765481
[17,] 16.72403 223.6757 0.3030044 21.35738 286.0285 43.60845 24.23511 7.365273 5.556315 3.765481
[18,] 16.60335 220.3437 0.3230791 21.28568 286.0131 43.74666 24.08623 7.377591 5.465018 3.692789
[19,] 16.66987 223.1108 0.3345167 21.29974 286.0201 43.69645 24.09260 7.377798 5.490497 3.720253
[20,] 16.48237 223.1108 0.3384942 21.04595 286.0201 43.69645 24.25510 7.377798 5.440497 3.720253
[21,] 16.48237 229.3608 0.3246075 20.91337 286.0201 43.69645 24.25510 7.384048 5.468622 3.672753

$neval
 [1]   106   261   392   973  1109  1247  1522  1896  4048  4128  5754  5870  7892  7976 14606
[16] 18782 18866 19546 20090 20326 30003

$fbest
[1] 456.441

$xbest
 [1]  16.4823708 229.3607648   0.3246075  20.9133676 286.0201391  43.6964513  24.2551018
 [8]   7.3840482   5.4686218   3.6727533

$numeval
[1] 30003

$cpu_time
[1] 471.39

