$f
 [1] 2387.885 1938.071 1512.085 1489.936 1464.130 1449.719 1448.465 1439.615 1436.802 1423.146 1412.627 1387.521 1341.550 1332.212 1321.403 1298.368 1259.054 1209.682 1207.882 1207.882

$x
          [,1]     [,2]      [,3]     [,4]     [,5]     [,6]     [,7]     [,8]     [,9]    [,10]
 [1,] 10.09154 273.3916 0.6480608 17.01428 285.2831 35.73829 24.06900 6.568834 5.534378 4.512327
 [2,] 15.18021 212.3841 0.6502334 20.88614 286.5201 33.33530 24.00000 2.000000 4.656251 1.596723
 [3,] 15.18021 232.3841 0.5602334 20.88614 286.5201 36.53530 24.00000 2.000000 3.437785 5.000000
 [4,] 15.17027 237.2851 0.7601827 21.25168 286.6451 36.97129 24.00000 2.005071 3.013677 5.000000
 [5,] 15.17954 235.3175 0.6276857 20.81025 286.5475 36.89564 24.00000 2.000000 3.472096 5.000000
 [6,] 15.25399 244.7989 0.5773021 20.83016 286.5456 36.61495 24.30175 2.573534 2.934549 4.896972
 [7,] 15.22974 243.5323 0.5634702 20.83435 286.5458 36.44637 24.40896 2.578831 3.013618 4.903713
 [8,] 15.21761 247.5996 0.4885235 20.75040 286.5498 36.11149 24.66284 2.643606 2.845957 4.916245
 [9,] 15.12401 252.6241 0.5682110 20.67799 286.5785 36.81440 24.17713 2.288340 2.967123 4.711945
[10,] 15.13205 266.8126 0.4638203 20.67386 286.5677 36.26641 24.51156 2.000000 2.000000 5.000000
[11,] 14.94455 266.8126 0.4188203 20.67386 286.5677 36.66641 24.18656 2.200000 2.000000 5.000000
[12,] 13.74720 211.8223 0.6798827 21.17903 286.5419 36.52961 24.16500 6.361395 5.112404 4.797844
[13,] 14.68142 201.0957 0.6604322 21.15940 286.5909 36.81671 24.13412 6.152286 5.278494 4.501444
[14,] 14.59968 196.1506 0.6664657 21.28780 286.5656 36.83292 24.09908 6.382273 5.435097 4.488347
[15,] 14.70662 199.0621 0.6644473 21.16713 286.6038 36.82741 24.10653 6.268601 5.368151 4.490064
[16,] 14.53966 158.9377 0.7944088 21.46805 286.6131 36.83550 24.10438 6.262916 6.902187 4.517225
[17,] 14.53966 158.9377 0.6144088 21.49149 286.6131 36.88550 24.00254 6.263697 6.797500 4.552850
[18,] 14.13557 220.3011 0.5876295 21.84586 286.5568 36.79242 24.49109 6.371621 3.905718 4.746054
[19,] 14.13557 220.3011 0.6101295 21.84440 286.5568 36.79242 24.49109 6.371621 3.918218 4.746054
[20,] 14.13557 220.3011 0.6101295 21.84440 286.5568 36.79242 24.49109 6.371621 3.918218 4.746054

$neval
 [1]   106   257   384   668   949  1092  1231  1510  1647  1785  1880  2155  2701  2838  3114  3254  3387  7734  7818 30002

$fbest
[1] 1207.882

$xbest
 [1]  14.1355749 220.3010541   0.6101295  21.8443970 286.5567937  36.7924177  24.4910912   6.3716215   3.9182178   4.7460542

$numeval
[1] 30002

$cpu_time
[1] 442.92

$Refset
$Refset$x
             [,1]        [,2]       [,3]        [,4]       [,5]        [,6]        [,7]        [,8]        [,9]       [,10]
 [1,]   1.0000000  15.3747100 198.261000   0.5777048  21.130130 286.5624000  36.7878100  24.0661100   6.0927680   4.7297840
 [2,]   4.4970860   2.0000000  15.374970 198.2693000   0.577980  21.1290700 286.5624000  36.7872800  24.0645300   6.0928030
 [3,]   4.7299900   4.4969340   3.000000  15.3750000 198.297700   0.5779375  21.1275900 286.5622000  36.7874800  24.0632300
 [4,]   6.0927620   4.7298200   4.497601   4.0000000  15.374520 198.2894000   0.5779594  21.1290000 286.5623000  36.7848100
 [5,]  24.0650400   6.0928210   4.729738   4.4964510   5.000000  15.3745900 198.3004000   0.5780683  21.1277200 286.5625000
 [6,]  36.7882000  24.0628100   6.092676   4.7290990   4.496964   6.0000000  15.3750100 198.4657000   0.5781146  21.1313900
 [7,] 286.5627000  36.7897400  24.066050   6.0929590   4.716572   4.4968330   7.0000000  15.3737200 198.3570000   0.5778328
 [8,]  21.1250600 286.5621000  36.788160  24.0683700   6.092788   4.7293630   4.4976130   8.0000000  15.3745200 198.2459000
 [9,]   0.5780869  21.1294300 286.562700  36.7876900  24.063600   6.0927150   4.7301790   4.4982840   9.0000000  15.3709800
[10,] 198.3730000   0.5770637  21.129170 286.5624000  36.787140  24.0642700   6.0927860   4.7256240   4.4969780  15.3756000
[11,] 198.2102000   0.5779110  21.128880 286.5624000  36.781800  24.0646500   6.0922950   4.7308580   4.4900900  15.3747700
[12,] 198.3294000   0.5777118  21.146400 286.5639000  36.787500  24.0796900   6.0928640   4.7080700   4.4971700  15.5518500

$Refset$f
 [1] 1210.304 1210.304 1210.304 1210.304 1210.406 1210.644 1210.406 1210.406 1210.644 1211.556 1211.556 2662.564

$Refset$fpen
 [1] 1210.304 1210.304 1210.304 1210.304 1210.406 1210.644 1210.406 1210.406 1210.644 1211.556 1211.556 2662.564

$Refset$const
 [1] 16.400350 31.270220 14.869870  1.526217  2.638588 16.399080 31.270010 14.870930  1.526221  2.638490 16.397770 31.270180 14.872410  1.526248  2.638298 16.399260 31.270260 14.871000  1.526228
[20]  2.638614 16.398620 31.270900 14.872280  1.526214  2.638352 16.414820 31.283430 14.868610  1.526182  2.638615 16.395690 31.270640 14.874940  1.526242  2.638645 16.399260 31.269820 14.870570
[39]  1.526194  2.638497 16.403550 31.274380 14.870830  1.526214  2.638499 16.398020 31.269140 14.871120  1.526210  2.638783 16.438330 31.291930 14.853600  1.526011  2.640233 17.593760 32.458340
[58] 14.864580  1.516268  2.849214

$Refset$penalty
 [1] 0 0 0 0 0 0 0 0 0 0 0 0


