$f
 [1] 985.8299 499.1007 441.1076 440.8003 433.7951 421.8490 420.4340 412.6198 409.4931 408.8507
[11] 388.7274 387.5000 386.2552 385.6076 385.4479 385.4323 383.2569 383.0243 380.1753 379.8194
[21] 379.3229 378.9722 378.9722

$x
          [,1]     [,2]      [,3]     [,4]     [,5]     [,6]     [,7]     [,8]     [,9]    [,10]
 [1,] 6.734827 424.3962 0.5410956 17.38794 284.0004 32.44817 32.84195 3.379793 6.816324 1.264495
 [2,] 7.482849 448.4076 0.2820322 15.51005 284.0000 33.57266 24.20534 2.988201 7.757291 1.200000
 [3,] 7.482849 446.5991 0.2846880 15.51005 284.2635 39.23680 24.00000 2.062986 7.831441 4.988352
 [4,] 7.280460 455.6304 0.2758668 15.71803 284.3149 38.13896 26.76537 3.061513 7.415038 4.234953
 [5,] 7.580657 443.7014 0.2628042 15.79607 284.3930 37.89913 26.85185 3.322628 7.443298 4.184294
 [6,] 7.311812 445.0861 0.4736304 16.13154 284.3021 34.72853 27.08162 3.274780 7.963882 3.355446
 [7,] 7.311812 445.0861 0.4736304 16.13447 284.3396 34.72853 27.08162 3.299780 7.963882 3.355446
 [8,] 8.561512 444.2990 0.3342393 15.05090 284.0034 31.53743 24.85958 2.053137 8.373069 4.750598
 [9,] 8.517816 444.3623 0.3341288 15.03874 284.0025 31.51756 24.87538 2.053245 8.382914 4.747905
[10,] 8.500877 444.4024 0.3341559 15.04233 284.0023 31.50053 24.89644 2.053217 8.387212 4.744947
[11,] 8.500877 444.4024 0.3341559 15.04233 284.0187 31.50053 25.05894 2.000000 8.388774 4.744947
[12,] 7.633622 386.2581 0.3065613 15.79715 284.3664 38.20877 27.09197 3.026119 8.620063 4.684839
[13,] 7.633622 386.4925 0.3072644 15.79715 284.3851 38.20877 27.09197 3.026119 8.620063 4.684839
[14,] 7.666071 384.8921 0.3027085 15.79415 284.3655 38.34036 26.99466 3.028728 8.626910 4.748067
[15,] 7.675213 384.7360 0.3032110 15.79399 284.3657 38.33673 26.99521 3.028691 8.630071 4.746912
[16,] 7.675213 384.7360 0.3032110 15.79399 284.3657 38.33673 26.99521 3.022441 8.630071 4.746912
[17,] 7.578593 391.9223 0.2979068 15.63008 284.3461 38.60232 26.90784 2.991743 8.619534 4.823800
[18,] 7.507822 395.2499 0.3134993 15.79407 284.3649 37.89882 26.92662 3.000732 8.540958 4.851065
[19,] 7.470907 397.9941 0.3111623 15.76589 284.3631 37.79112 26.92631 3.001683 8.511944 4.926407
[20,] 7.473836 397.9941 0.3111623 15.76589 284.3631 37.79112 26.92631 3.001683 8.511944 4.926407
[21,] 7.836530 379.3441 0.2826393 15.70084 284.3133 38.45474 24.18135 3.079906 8.878032 4.816960
[22,] 7.837204 378.8399 0.2824825 15.69911 284.3136 38.52534 24.17265 3.068792 8.888041 4.817253
[23,] 7.837204 378.8399 0.2824825 15.69911 284.3136 38.52534 24.17265 3.068792 8.888041 4.817253

$neval
 [1]   106   265   476  1318  1592  2341  3383  4324  5734  6151  6252 11959 12047 14350 15632
[16] 15839 15973 16373 16638 17240 22146 24401 30072

$fbest
[1] 378.9722

$xbest
 [1]   7.8372042 378.8398558   0.2824825  15.6991082 284.3135758  38.5253420  24.1726530
 [8]   3.0687923   8.8880405   4.8172528

$numeval
[1] 30072

$cpu_time
[1] 476.75

