$f
 [1] 3063.1042 1515.4878  882.0955  844.5434  839.0399  823.9583  823.0434  789.7396  695.9288
[10]  686.8542  684.6545  674.9844  674.9306  660.6458  660.1701  659.3160  658.9774  651.0226
[19]  650.2639

$x
          [,1]     [,2]      [,3]     [,4]     [,5]     [,6]     [,7]     [,8]     [,9]    [,10]
 [1,] 14.21397 181.6580 0.1483314 24.67117 284.1768 43.97852 28.76405 3.061383 5.646117 1.941594
 [2,] 15.91808 227.1758 0.6426378 22.68984 286.5768 35.79478 27.86162 9.658102 4.369541 3.257943
 [3,] 18.81994 166.3658 0.8185992 22.74981 286.5768 35.79478 26.47910 9.658102 6.133160 3.257943
 [4,] 17.54596 226.2708 0.9775906 22.26883 285.9833 36.22334 28.61240 7.794641 4.499771 3.166026
 [5,] 17.59628 218.1092 1.0000000 22.28858 285.9849 36.22758 28.63880 7.797962 4.481133 3.171710
 [6,] 17.68722 214.7003 1.0000000 22.26498 285.9793 36.20515 28.62617 7.799083 4.480452 3.171627
 [7,] 17.68722 214.7003 1.0000000 22.45248 285.9793 36.20515 28.62617 7.799083 4.480452 3.171627
 [8,] 17.34929 201.5339 0.6902783 22.67774 286.4309 37.78848 24.45427 9.888129 4.597231 3.205010
 [9,] 17.91179 195.4248 0.9898594 22.33971 286.4449 37.78848 24.00000 9.888129 4.603481 3.210948
[10,] 18.26882 187.8111 0.6921874 22.90328 286.3843 37.59433 24.00051 9.904874 4.374424 3.247538
[11,] 18.23367 187.8111 0.6682812 22.90328 286.3796 37.59433 24.00051 9.904874 4.373319 3.247538
[12,] 18.42059 183.4724 0.6901592 22.90033 286.3844 37.59382 24.00092 9.906790 4.359789 3.223591
[13,] 18.36610 183.3410 0.6908348 22.94945 286.3842 37.59373 24.00090 9.907789 4.442559 3.219669
[14,] 18.36610 183.3410 0.7133348 22.56859 286.3866 37.59373 24.00090 9.907789 4.419121 3.219669
[15,] 18.37601 184.8272 0.6988218 22.39620 286.3738 37.48545 24.10690 9.906180 4.461729 3.232533
[16,] 18.27182 184.8341 0.7126947 22.59560 286.3583 37.39712 24.12734 9.905688 4.453010 3.234643
[17,] 18.34752 185.4000 0.6987304 22.43525 286.3734 37.48815 24.11519 9.906686 4.468472 3.231321
[18,] 18.36511 185.4000 1.0000000 22.42399 286.3734 37.48815 24.11519 9.906686 4.668472 3.231321
[19,] 18.36218 185.4000 1.0000000 22.42399 286.3734 37.48815 24.11519 9.906686 4.668472 3.231321

$neval
 [1]   106   260   416  1396  1536  1673  1886  6104  6249  8973  9073  9482 10432 10533 21534
[16] 21739 28900 29016 30105

$fbest
[1] 650.2639

$xbest
 [1]  18.362183 185.399986   1.000000  22.423988 286.373403  37.488155  24.115189   9.906686
 [9]   4.668472   3.231321

$numeval
[1] 30105

$cpu_time
[1] 433.45

