$f
 [1] 1794.2014 1056.1528  924.2378  870.5556  862.4878  754.4236  729.7031  728.7118  699.7639
[10]  578.1319  555.2101  536.7986  523.0312  513.4306  512.2083  506.0521  505.3542  504.7465
[19]  504.6840  503.5243  499.3385  498.6476  497.5382  497.3802  497.2083  497.2083

$x
           [,1]       [,2]      [,3]      [,4]       [,5]      [,6]      [,7]     [,8]     [,9]
 [1,] 14.922492 180.270000 0.7510134 26.866690 284.824000 43.966910 26.949170 4.187171 4.197436
 [2,] 12.440643 275.498400 0.7985782 24.080000 286.049400 39.708580 27.609040 4.088176 6.635981
 [3,] 14.651595 275.498400 0.7143249 24.080000 286.009000 39.708580 27.609040 4.142159 5.737453
 [4,]  7.050511 317.659700 0.6261826 27.561880 285.032100 44.296600 28.554140 4.418072 3.733373
 [5,] 14.406129 346.329700 0.5203066 23.223580 286.163700 39.913470 27.974520 5.178704 4.083782
 [6,]  6.509078 320.653800 0.5241887 28.422010 284.690400 45.328460 28.893610 4.673113 2.475200
 [7,] 14.376681 266.627500 0.6494028 24.263850 286.249300 41.237300 28.734320 5.438484 5.195508
 [8,] 13.481153 348.714100 0.5257472 23.064450 286.168800 40.283250 28.054980 5.599351 4.319094
 [9,] 13.127880 373.289500 0.4762637 23.097860 286.171700 40.336320 28.060370 5.648683 3.203103
[10,] 12.373247 373.289500 0.2419439 23.099020 286.175100 40.336320 27.735370 5.653102 3.085425
[11,] 14.409394 267.199200 0.1775775 23.524110 286.209600 41.337390 28.441030 4.832688 4.859080
[12,] 14.409394 267.199200 0.1993744 23.524110 286.212000 41.387390 28.441030 4.832688 4.837205
[13,] 14.169740 271.293700 0.2468070 23.538140 286.190800 41.342020 28.575910 4.845989 4.946871
[14,] 14.023175 273.793700 0.2420780 23.538140 286.217100 41.342020 28.738410 4.845989 4.963123
[15,] 14.017230 253.642700 0.2567569 24.689820 286.188700 41.344650 28.553730 4.857075 4.906630
[16,] 14.017230 253.642700 0.2561673 24.689920 286.188700 41.344650 28.675600 4.858385 4.894130
[17,] 14.015270 250.867100 0.2596954 24.884040 286.189000 41.333170 28.668930 4.854659 4.881640
[18,] 14.015270 250.867100 0.2596954 24.884040 286.189000 41.333170 28.709550 4.854659 4.881640
[19,] 14.014649 252.882200 0.2587813 24.767500 286.189000 41.339920 28.675120 4.853970 4.885886
[20,] 13.578208 252.821100 0.2892990 24.897980 286.192800 41.343010 28.537330 4.868081 5.080086
[21,] 13.578208 252.664800 0.2892990 24.897980 286.192800 41.343010 28.537330 4.874526 5.092586
[22,] 13.575024 252.095300 0.2945559 24.833810 286.188900 41.301580 28.650510 4.877884 5.157513
[23,] 13.575024 252.173400 0.2943801 24.833810 286.188400 41.301580 28.691130 4.877884 5.157513
[24,] 13.722777 252.210000 0.2869428 24.827740 286.189500 41.300580 28.653050 4.877840 5.073501
[25,] 13.722777 252.210000 0.2869428 24.827740 286.189500 41.300580 28.693670 4.877840 5.073501
[26,] 13.722777 252.210000 0.2869428 24.827740 286.189500 41.300580 28.693670 4.877840 5.073501
[27,] 10.000000   3.453036 1.2000000  1.200000   2.396166  2.006615  2.391572 1.488329 1.979216
[28,]  1.999809   1.999809 1.2371380  1.249013   1.276245  1.276245  1.274828 1.274828 1.275252
[29,]  1.275252   1.275293 1.3274740  1.327474   1.303548  1.303548  1.308441 1.308441 1.308441
[30,] 14.922492 180.270000 0.7510134 26.866690 284.824000 43.966910 26.949170 4.187171 4.197436
[31,] 12.440643 275.498400 0.7985782 24.080000 286.049400 39.708580 27.609040 4.088176 6.635981
[32,] 14.651595 275.498400 0.7143249 24.080000 286.009000 39.708580 27.609040 4.142159 5.737453
[33,]  7.050511 317.659700 0.6261826 27.561880 285.032100 44.296600 28.554140 4.418072 3.733373
[34,] 14.406129 346.329700 0.5203066 23.223580 286.163700 39.913470 27.974520 5.178704 4.083782
[35,]  6.509078 320.653800 0.5241887 28.422010 284.690400 45.328460 28.893610 4.673113 2.475200
[36,] 14.376681 266.627500 0.6494028 24.263850 286.249300 41.237300 28.734320 5.438484 5.195508
[37,] 13.481153 348.714100 0.5257472 23.064450 286.168800 40.283250 28.054980 5.599351 4.319094
[38,] 13.127880 373.289500 0.4762637 23.097860 286.171700 40.336320 28.060370 5.648683 3.203103
[39,] 12.373247 373.289500 0.2419439 23.099020 286.175100 40.336320 27.735370 5.653102 3.085425
[40,] 14.409394 267.199200 0.1775775 23.524110 286.209600 41.337390 28.441030 4.832688 4.859080
[41,] 14.409394 267.199200 0.1993744 23.524110 286.212000 41.387390 28.441030 4.832688 4.837205
[42,] 14.169740 271.293700 0.2468070 23.538140 286.190800 41.342020 28.575910 4.845989 4.946871
[43,] 14.023175 273.793700 0.2420780 23.538140 286.217100 41.342020 28.738410 4.845989 4.963123
[44,] 14.017230 253.642700 0.2567569 24.689820 286.188700 41.344650 28.553730 4.857075 4.906630
[45,] 14.017230 253.642700 0.2561673 24.689920 286.188700 41.344650 28.675600 4.858385 4.894130
[46,] 14.015270 250.867100 0.2596954 24.884040 286.189000 41.333170 28.668930 4.854659 4.881640
[47,] 14.015270 250.867100 0.2596954 24.884040 286.189000 41.333170 28.709550 4.854659 4.881640
[48,] 14.014649 252.882200 0.2587813 24.767500 286.189000 41.339920 28.675120 4.853970 4.885886
[49,] 13.578208 252.821100 0.2892990 24.897980 286.192800 41.343010 28.537330 4.868081 5.080086
[50,] 13.578208 252.664800 0.2892990 24.897980 286.192800 41.343010 28.537330 4.874526 5.092586
[51,] 13.575024 252.095300 0.2945559 24.833810 286.188900 41.301580 28.650510 4.877884 5.157513
[52,] 13.575024 252.173400 0.2943801 24.833810 286.188400 41.301580 28.691130 4.877884 5.157513
[53,] 13.722777 252.210000 0.2869428 24.827740 286.189500 41.300580 28.653050 4.877840 5.073501

$neval
 [1]   106   251   386   531   954  1244  1521  1660  1800  1944  4910  5017  5852  6535  9247
[16]  9349 11661 11734 12818 16199 16288 20084 20174 24686 24759 30095

$fbest
[1] 497.2083

$xbest
 [1]  13.7227773 252.2099947   0.2869428  24.8277355 286.1894701  41.3005849  28.6936710
 [8]   4.8778399   5.0735005   1.3084408

$numeval
[1] 30095

$cpu_time
[1] 592.07

