$f
 [1] 1611.3038 1068.1441  894.2101  884.2431  855.2969  793.2205  736.7726  676.4601  640.7882  614.8264  567.1250  543.5174  503.7083  488.5833  485.3247  477.3351  467.4201  464.9045  462.1736
[20]  462.0486  453.8611  447.2934  446.5694  443.9358  443.9358

$x
            [,1]        [,2]       [,3]       [,4]       [,5]      [,6]      [,7]     [,8]      [,9]
 [1,]  13.684451 244.3006000  0.7339166  24.442540 285.176400 45.302040 34.762060 4.721973  4.013368
 [2,]  15.833715 120.4921000  1.0000000  28.355320 285.024900 35.999800 26.250330 6.415008  6.987507
 [3,]  15.810278 140.4921000  0.9985938  27.230320 285.029500 35.999800 26.250330 6.415789  6.934382
 [4,]  15.887977 198.7714000  0.7044910  27.236490 286.208100 38.446550 29.862220 4.329129  5.989938
 [5,]  16.980345 174.5745000  0.8552987  26.095260 286.330900 38.239200 31.705500 3.559341  7.057864
 [6,]  13.642764 365.7313000  0.9517299  25.833900 286.194700 39.817860 28.184500 3.639166  2.498497
 [7,]  12.904852 345.1472000  0.7718446  26.154310 286.196200 40.186460 27.773590 3.300177  3.146698
 [8,]   9.554393 441.5706000  0.7784116  25.885730 286.200200 40.418030 28.219950 2.663354  2.537390
 [9,]   9.344019 444.7850000  0.8030635  25.889380 286.191900 40.535250 28.065430 2.385494  2.461696
[10,]  10.599804 442.6951000  0.7674103  25.861730 286.187000 40.731420 26.761730 2.178399  2.000000
[11,]  10.552564 442.8525000  0.7009595  25.858780 286.187000 40.731420 26.761730 2.378399  2.000000
[12,]  10.817827 271.3682000  0.5616074  26.967400 286.308600 38.161510 31.318300 3.056149  5.596534
[13,]  10.297749 277.2466000  0.5368158  27.052430 286.324000 38.104220 32.133570 3.052272  5.429972
[14,]  10.492469 267.1347000  0.5814263  26.860990 286.296600 38.523550 31.082570 3.475368  5.634943
[15,]  10.832917 281.2850000  0.5639301  26.293110 286.294400 38.101360 31.992550 3.022173  5.439978
[16,]  10.821198 281.2850000  0.5414301  26.293110 286.294400 38.101360 31.992550 3.022173  5.439978
[17,]  10.891545 251.2738000  0.5747923  26.840140 286.290500 38.411280 31.392460 3.523313  5.843517
[18,]  10.849175 251.8782000  0.5728707  26.980560 286.289200 38.415160 31.386350 3.524013  5.855900
[19,]  10.691588 254.8775000  0.5791011  27.062510 286.283500 38.439610 31.290670 3.521232  5.682728
[20,]  10.691588 254.8775000  0.5791011  27.062510 286.283500 38.439610 31.290670 3.527482  5.682728
[21,]  10.733113 256.5942000  0.5476990  27.400670 286.279500 38.356590 31.439270 3.077642  5.541555
[22,]  10.733113 256.5918000  0.5476990  27.403600 286.279500 38.356590 31.439270 3.083892  5.554251
[23,]  10.769966 246.4781000  0.5884791  27.355160 286.254800 38.600260 30.890840 3.542345  5.894444
[24,]  10.764107 246.4781000  0.5883033  27.355160 286.254800 38.600260 30.890840 3.542345  5.897569
[25,]  10.764107 246.4781000  0.5883033  27.355160 286.254800 38.600260 30.890840 3.542345  5.897569
[26,]  10.000000   4.5399970  3.8171740   3.769674   3.462172  2.613711  4.079929 4.780450  5.000000
[27,]   4.872608   5.0000000  3.6596500   3.529103   3.527593  3.687828  3.213127 3.213127  3.620106
[28,]   3.621665   3.5277180  3.5277180   3.537393   3.537393  3.398777  3.398777 3.398777 13.684451
[29,] 244.300600   0.7339166 24.4425400 285.176400  45.302040 34.762060  4.721973 4.013368 15.833715
[30,] 120.492100   1.0000000 28.3553200 285.024900  35.999800 26.250330  6.415008 6.987507 15.810278
[31,] 140.492100   0.9985938 27.2303200 285.029500  35.999800 26.250330  6.415789 6.934382 15.887977
[32,] 198.771400   0.7044910 27.2364900 286.208100  38.446550 29.862220  4.329129 5.989938 16.980345
[33,] 174.574500   0.8552987 26.0952600 286.330900  38.239200 31.705500  3.559341 7.057864 13.642764
[34,] 365.731300   0.9517299 25.8339000 286.194700  39.817860 28.184500  3.639166 2.498497 12.904852
[35,] 345.147200   0.7718446 26.1543100 286.196200  40.186460 27.773590  3.300177 3.146698  9.554393
[36,] 441.570600   0.7784116 25.8857300 286.200200  40.418030 28.219950  2.663354 2.537390  9.344019
[37,] 444.785000   0.8030635 25.8893800 286.191900  40.535250 28.065430  2.385494 2.461696 10.599804
[38,] 442.695100   0.7674103 25.8617300 286.187000  40.731420 26.761730  2.178399 2.000000 10.552564
[39,] 442.852500   0.7009595 25.8587800 286.187000  40.731420 26.761730  2.378399 2.000000 10.817827
[40,] 271.368200   0.5616074 26.9674000 286.308600  38.161510 31.318300  3.056149 5.596534 10.297749
[41,] 277.246600   0.5368158 27.0524300 286.324000  38.104220 32.133570  3.052272 5.429972 10.492469
[42,] 267.134700   0.5814263 26.8609900 286.296600  38.523550 31.082570  3.475368 5.634943 10.832917
[43,] 281.285000   0.5639301 26.2931100 286.294400  38.101360 31.992550  3.022173 5.439978 10.821198
[44,] 281.285000   0.5414301 26.2931100 286.294400  38.101360 31.992550  3.022173 5.439978 10.891545
[45,] 251.273800   0.5747923 26.8401400 286.290500  38.411280 31.392460  3.523313 5.843517 10.849175
[46,] 251.878200   0.5728707 26.9805600 286.289200  38.415160 31.386350  3.524013 5.855900 10.691588
[47,] 254.877500   0.5791011 27.0625100 286.283500  38.439610 31.290670  3.521232 5.682728 10.691588
[48,] 254.877500   0.5791011 27.0625100 286.283500  38.439610 31.290670  3.527482 5.682728 10.733113
[49,] 256.594200   0.5476990 27.4006700 286.279500  38.356590 31.439270  3.077642 5.541555 10.733113
[50,] 256.591800   0.5476990 27.4036000 286.279500  38.356590 31.439270  3.083892 5.554251 10.769966
[51,] 246.478100   0.5884791 27.3551600 286.254800  38.600260 30.890840  3.542345 5.894444 10.764107

$neval
 [1]   106   254   380   664   801   943  1080  1357  1628  1763  1905  2316  2592  2874  3153  3371  4045  4318  4724  4797  5877  6244 24030 24114 30014

$fbest
[1] 443.9358

$xbest
 [1]  10.7641070 246.4780581   0.5883033  27.3551559 286.2548265  38.6002613  30.8908391   3.5423452   5.8975693   3.3987766

$numeval
[1] 30014

$cpu_time
[1] 674

$Refset
$Refset$x
             [,1]        [,2]       [,3]        [,4]       [,5]        [,6]        [,7]        [,8]        [,9]      [,10]
 [1,]   1.0000000  10.7557300 246.984300   0.5858812  27.559660 286.2543000  38.5927300  30.9021400   3.5428390   5.776952
 [2,]   3.3932010   2.0000000  10.743280 246.5228000   0.599746  27.7002100 286.2543000  38.5956100  30.9111800   3.543127
 [3,]   5.7287440   3.3936300   3.000000  10.7387100 246.352700   0.6056567  27.6761000 286.2542000  38.5951700  30.913260
 [4,]   3.5432390   5.7491440   3.396125   4.0000000  10.742870 246.5410000   0.5997727  27.7003300 286.2545000  38.596070
 [5,]  30.9117700   3.5433490   5.728712   3.3917790   5.000000  10.7425500 246.5291000   0.5997565  27.7009700 286.254400
 [6,]  38.5952900  30.9118200   3.543287   5.7288070   3.392508   6.0000000  10.7375700 246.7815000   0.5997336  27.687120
 [7,] 286.2543000  38.5921800  30.917850   3.5427690   5.730086   3.3999980   7.0000000  10.7378600 246.4610000   0.599575
 [8,]  27.6812000 286.2544000  38.575780  30.9149100   3.543180   5.7424830   3.3971680   8.0000000  10.7441000 246.545600
 [9,]   0.5991663  27.6830700 286.254300  38.5950000  30.911030   3.5424560   5.7355840   3.3952490   9.0000000  10.742630
[10,] 246.5035000   0.5995104  27.700430 286.2543000  38.595550  30.9120000   3.5422220   5.7288900   3.3942530  10.739430
[11,] 246.5378000   0.5996051  27.687370 286.2544000  38.585770  30.9137400   3.5428410   5.7362270   3.3950030  10.752260
[12,] 246.8759000   0.5926893  27.606950 286.2553000  38.564610  30.9570900   3.5427750   5.7610930   3.3924960  10.743600

$Refset$f
 [1] 444.5868 444.6372 444.6806 444.8872 444.8872 444.9635 444.9948 445.1163 445.1337 444.8611 445.1875 468.4427

$Refset$fpen
 [1] 444.5868 444.6372 444.6806 444.8872 444.8872 444.9635 444.9948 445.1163 445.1337 444.8611 445.1875 468.4427

$Refset$const
 [1] 21.782710 30.223050  8.440338  1.542553  3.001513 21.971470 30.271260  8.299788  1.542520  3.002165 21.926960 30.250860  8.323900  1.542517  3.002374 21.971620 30.271290  8.299670  1.542487
[20]  3.002282 21.972160 30.271190  8.299035  1.542500  3.002299 21.957040 30.269910  8.312878  1.542481  3.003059 21.938720 30.257520  8.318796  1.542424  3.004067 21.947480 30.264420  8.316933
[39]  1.542519  3.002198 21.971540 30.271110  8.299569  1.542512  3.002261 21.951140 30.263770  8.312633  1.542459  3.003209 21.845860 30.238910  8.393046  1.542071  3.009342 21.963840 30.273540
[58]  8.309708  1.544815  2.951167

$Refset$penalty
 [1] 0 0 0 0 0 0 0 0 0 0 0 0


