$f
 [1] 3309.7500 2021.8247 1456.1042 1399.8628 1233.4219 1124.6476  994.0608  778.3021  703.8542
[10]  703.6094

$x
          [,1]     [,2]      [,3]     [,4]     [,5]     [,6]     [,7]     [,8]     [,9]    [,10]
 [1,]  8.74028 133.7552 0.9397870 20.73240 285.2320 46.64567 34.14938 4.159689 8.845820 3.680858
 [2,] 16.81837 100.0000 0.8630183 25.92830 286.4482 47.48049 27.41122 3.204994 3.111016 1.942193
 [3,] 16.81837 100.0000 0.4670703 25.17830 286.7482 44.28049 24.81122 3.204994 4.807134 2.945065
 [4,] 15.12277 134.0603 0.9447103 22.32247 286.2020 42.21740 29.46493 5.681286 4.760129 2.005088
 [5,] 15.98067 115.3272 0.6459284 24.44877 286.7473 42.78440 28.69270 6.035094 2.971328 1.767560
 [6,] 15.98067 120.3272 0.4884284 24.44877 286.7473 42.78440 29.34270 6.022594 3.171328 1.773498
 [7,] 15.68996 150.1778 0.7644737 20.04178 286.7153 42.63354 25.86704 7.922105 4.526520 3.288342
 [8,] 15.84695 144.1239 0.6676252 19.51892 286.7228 42.95409 25.36874 7.861474 4.714493 3.139098
 [9,] 15.84695 143.6551 1.0000000 19.54731 286.7181 42.85409 25.36874 7.863085 4.676173 3.114569
[10,] 15.84695 143.6551 1.0000000 19.54731 286.7181 42.85409 25.36874 7.863085 4.673048 3.114569

$neval
 [1]   106   262   431  1151  1700  1949  2764  3307  3457 30060

$fbest
[1] 703.6094

$xbest
 [1]  15.846954 143.655134   1.000000  19.547311 286.718106  42.854091  25.368741   7.863085
 [9]   4.673048   3.114569

$numeval
[1] 30060

$cpu_time
[1] 600.95

