$f
 [1] 1316.5382 1027.0382  713.3472  690.9323  624.3646  619.4826  619.3385  614.3628  613.4826
[10]  609.9618  608.3368  607.5608  597.8385  591.8160  546.6753  525.3142  525.2083  524.8524
[19]  521.1111  518.5816  513.0729  510.6441  508.9149  508.4549  507.3194  507.3177  506.7865
[28]  498.4722  496.3351  481.8281  481.8281

$x
          [,1]     [,2]      [,3]     [,4]     [,5]     [,6]     [,7]     [,8]     [,9]    [,10]
 [1,] 11.82721 208.0499 0.1252737 17.78726 286.7681 40.24642 27.33878 9.509022 7.962382 4.513385
 [2,] 10.68513 215.6513 0.1300480 17.90172 286.5040 39.61562 27.52403 9.923202 7.070093 4.542480
 [3,] 10.68513 210.0611 0.1959274 17.90172 286.4709 41.40447 27.52403 9.921401 6.986240 4.648693
 [4,] 10.68437 185.4911 0.2467908 20.11227 286.4764 42.59260 27.60117 9.891580 6.435730 4.639615
 [5,] 10.77208 185.4911 0.2300889 20.11227 286.4764 42.59260 27.31805 9.891580 6.435730 4.639615
 [6,] 11.96740 176.9286 0.2533404 18.63315 286.5846 41.36868 27.31098 9.830314 7.577608 4.559055
 [7,] 11.96740 176.9481 0.2533404 18.63315 286.5846 41.36868 27.31098 9.830314 7.577608 4.559055
 [8,] 11.93553 176.0132 0.2631764 18.63395 286.5770 41.44524 27.30919 9.830129 7.671171 4.466918
 [9,] 11.99486 171.6971 0.2645844 18.62710 286.5773 41.48923 27.31076 9.830241 7.857837 4.464910
[10,] 11.89992 177.7299 0.2588479 18.66319 286.5823 41.44103 27.30698 9.830456 7.581160 4.510429
[11,] 11.87387 178.1018 0.2601753 18.66307 286.5868 41.44624 27.30998 9.830452 7.582548 4.510418
[12,] 12.17902 169.6057 0.2560128 18.69277 286.5803 41.42872 27.28641 9.830246 7.744177 4.505018
[13,] 12.27439 165.5396 0.2559444 18.69942 286.5804 41.42904 27.28048 9.830269 7.724812 4.508145
[14,] 12.27439 165.5396 0.2559444 18.69942 286.5804 41.42904 27.28048 9.830269 7.718562 4.511113
[15,] 12.18543 164.5631 0.2602701 18.86936 286.6041 42.49171 27.25822 9.876168 7.540702 4.451165
[16,] 12.18543 164.5631 0.2602701 18.86936 286.6041 42.49171 27.29884 9.876168 7.496952 4.474915
[17,] 11.94314 170.8439 0.2613587 18.68885 286.5959 42.45726 27.24017 9.878264 7.538792 4.479198
[18,] 11.94314 170.8439 0.2613587 18.68885 286.5959 42.45726 27.19954 9.878264 7.538792 4.479198
[19,] 11.93204 170.9772 0.2608540 18.79609 286.5956 42.46290 27.23558 9.880635 7.435574 4.490273
[20,] 11.92565 171.0469 0.2607989 18.84884 286.5956 42.46347 27.23352 9.880195 7.397851 4.488405
[21,] 11.92565 171.1251 0.2595684 18.84884 286.5956 42.46347 27.18782 9.880195 7.396288 4.488405
[22,] 12.12062 162.6629 0.2607932 19.00640 286.6018 42.39170 27.32573 9.879612 7.544981 4.466659
[23,] 12.16095 161.0634 0.2599180 19.09349 286.6039 42.39245 27.35062 9.879289 7.522823 4.465489
[24,] 12.15176 160.7240 0.2592437 19.13457 286.5986 42.39889 27.37097 9.879856 7.505039 4.477282
[25,] 12.16254 160.0614 0.2598170 19.14709 286.6003 42.37788 27.35317 9.879297 7.522389 4.466843
[26,] 12.16254 160.0809 0.2598170 19.14709 286.6003 42.37788 27.35317 9.879297 7.522389 4.466843
[27,] 12.14663 158.2644 0.2589035 19.21662 286.5995 42.36927 27.41843 9.879092 7.578824 4.475876
[28,] 12.26583 150.2582 0.2571141 19.39322 286.6044 42.36525 27.54294 9.878374 7.832524 4.474723
[29,] 12.35128 146.2840 0.2563671 19.58352 286.6062 42.31878 27.71495 9.876144 8.067328 4.476308
[30,] 12.35128 146.2840 0.2662109 19.58352 286.6062 42.31878 27.75558 9.876144 8.070453 4.500058
[31,] 12.35128 146.2840 0.2662109 19.58352 286.6062 42.31878 27.75558 9.876144 8.070453 4.500058

$neval
 [1]   106   264   397  1758  1864  6638  6711  6988  7128  7263  7400  7809  7947  8160 12094
[16] 12183 14458 14532 15604 15878 15980 16535 16673 17217 17355 17428 17831 18507 18642 18887
[31] 30118

$fbest
[1] 481.8281

$xbest
 [1]  12.3512824 146.2840291   0.2662109  19.5835175 286.6062313  42.3187765  27.7555796
 [8]   9.8761438   8.0704529   4.5000581

$numeval
[1] 30118

$cpu_time
[1] 372.44

