$f
 [1] 1852.5278 1317.0955 1196.6719 1163.8403 1138.1441 1016.5069  851.2726  804.9983  793.0885
[10]  725.4010  703.0694  680.8073  678.5556  678.0035  670.5503  668.0330  667.9809  664.6024
[19]  663.9878  663.4931  652.3594  650.1389  645.4948  643.8142  643.7326  643.1962  642.8420
[28]  642.0608  641.5990  641.4444  641.1962  641.0451  640.9167  640.4132  639.1094  638.6545
[37]  638.4740  638.3542  638.3490  638.3490

$x
          [,1]     [,2]      [,3]     [,4]     [,5]     [,6]     [,7]     [,8]     [,9]    [,10]
 [1,] 16.54927 342.7322 0.8874132 20.79723 286.8119 42.44542 26.56439 8.894356 2.100577 4.539181
 [2,] 15.07715 455.6167 0.9999246 22.36857 286.4217 35.92858 25.64715 9.149035 2.503057 4.840632
 [3,] 15.07715 435.6167 0.6433097 22.36857 286.4217 35.92858 25.64715 9.152160 2.615557 4.834694
 [4,] 15.07715 423.5540 0.3447978 22.36857 286.4217 35.92858 25.64715 9.152065 2.628678 4.834658
 [5,] 15.24819 360.1478 0.3563761 18.63351 286.4365 42.54104 27.09724 7.126722 4.743015 2.031147
 [6,] 15.13355 362.0471 0.3928658 18.16408 286.6443 43.63790 26.76650 7.168777 5.071997 2.255315
 [7,] 14.27862 365.3341 0.2831854 20.44559 286.2805 43.63360 26.45336 7.534553 2.447310 2.668888
 [8,] 15.19901 369.2596 0.5585967 18.83898 286.6695 46.08374 26.10675 7.538643 4.223098 2.527619
 [9,] 15.24024 371.7377 0.5809638 19.05309 286.3949 44.02957 26.57115 7.413202 4.148391 3.220503
[10,] 15.24024 373.4004 0.9849421 19.05309 286.3841 44.02957 26.56381 7.413202 4.336700 3.272156
[11,] 14.79683 363.0720 0.4742252 20.00473 286.4519 43.47510 28.13253 7.379338 3.372374 3.387032
[12,] 14.79683 363.0720 0.4264127 20.75473 286.4519 43.47510 28.13253 7.379338 3.347374 3.458282
[13,] 13.71972 367.6337 0.3381611 20.12459 286.3885 43.65406 27.28993 7.478974 3.859434 3.099907
[14,] 13.71557 366.3348 0.3381644 20.13160 286.3884 43.64854 27.28884 7.478739 3.907592 3.099714
[15,] 14.06153 367.2325 0.3363011 20.09412 286.4059 43.72954 27.28595 7.479155 3.611570 3.091346
[16,] 14.06153 367.5450 0.3138011 20.09412 286.4059 43.72954 27.28595 7.479155 3.624070 3.091346
[17,] 13.70330 367.2768 0.3335252 20.12378 286.3916 43.65485 27.29376 7.479111 3.859919 3.072936
[18,] 13.76516 355.8717 0.3510938 20.15713 286.3934 43.74337 27.32402 7.487524 3.896593 2.990777
[19,] 13.79509 357.8064 0.3618252 20.15075 286.3942 43.72158 27.33066 7.485881 3.907905 2.990460
[20,] 13.79762 357.6505 0.3645466 20.14976 286.3944 43.71807 27.32639 7.485881 3.911256 2.992967
[21,] 13.79762 357.6505 0.3645466 20.14976 286.3944 43.71807 27.36701 7.485637 3.873756 3.016717
[22,] 13.76827 366.3605 0.3433809 20.08816 286.4070 43.66474 27.53781 7.474424 3.659329 3.076574
[23,] 13.76827 366.3605 0.3433809 20.09230 286.4070 43.66474 27.45656 7.474424 3.684329 3.076574
[24,] 13.76265 361.4011 0.3552629 20.25832 286.3973 43.66300 27.45457 7.480755 3.734801 3.061478
[25,] 13.76307 361.2772 0.3557214 20.28201 286.3979 43.66279 27.44817 7.480738 3.727766 3.060405
[26,] 13.74164 361.3973 0.3560284 20.29231 286.3977 43.66084 27.44016 7.481640 3.706676 3.059176
[27,] 13.74105 363.1759 0.3519952 20.24259 286.4071 43.63326 27.59779 7.479820 3.700301 3.055141
[28,] 13.75094 363.1504 0.3448655 20.12424 286.3990 43.61461 27.49029 7.479317 3.807568 3.062345
[29,] 13.74234 363.4090 0.3450974 20.12875 286.3992 43.61468 27.49468 7.479210 3.803796 3.062319
[30,] 13.73941 363.4090 0.3450974 20.12875 286.3992 43.61468 27.49468 7.479210 3.803796 3.062319
[31,] 13.72908 363.7060 0.3499458 20.21973 286.4073 43.63290 27.59803 7.479841 3.705362 3.055164
[32,] 13.73220 363.7216 0.3496889 20.21416 286.4073 43.63364 27.59823 7.479957 3.706388 3.054942
[33,] 13.68416 363.1381 0.3500471 20.21268 286.4064 43.63383 27.54829 7.480291 3.796101 3.054277
[34,] 13.68416 363.1381 0.3500471 20.21268 286.4064 43.63383 27.54829 7.480291 3.792976 3.054277
[35,] 13.69218 364.4072 0.3481403 20.18638 286.4041 43.62894 27.54866 7.480081 3.761005 3.053302
[36,] 13.70312 363.7203 0.3476938 20.18769 286.4036 43.62834 27.54709 7.480447 3.771054 3.053903
[37,] 13.70006 364.3734 0.3484756 20.18769 286.4043 43.62438 27.56825 7.480010 3.757271 3.056983
[38,] 13.70156 364.1030 0.3477988 20.18846 286.4046 43.64903 27.55960 7.480298 3.758947 3.057312
[39,] 13.69261 364.0914 0.3506634 20.19902 286.4042 43.62909 27.56376 7.480276 3.771602 3.056214
[40,] 13.69261 364.0914 0.3506634 20.19902 286.4042 43.62909 27.56376 7.480276 3.771602 3.056214

$neval
 [1]   106   265   382   526   806   949  1091  1373  1647  1959  4369  4467  5280  5558  5697
[16]  5921  6056  6726  6863  7134  7361 12018 12103 13734 14871 15346 16019 16157 16431 16642
[31] 17320 17994 21206 21280 22913 24206 24955 27209 29348 30104

$fbest
[1] 638.349

$xbest
 [1]  13.6926092 364.0913721   0.3506634  20.1990241 286.4042276  43.6290856  27.5637570
 [8]   7.4802759   3.7716023   3.0562136

$numeval
[1] 30104

$cpu_time
[1] 439.67

