$f
 [1] 1448.56771  471.51042  292.97569  221.31424  216.75868  196.72917  170.07465  165.94444  157.30035  129.98958  126.25694  124.43924  123.71354  120.85243  118.47396  113.73611  105.36979
[18]  102.86458  100.19618   99.32639   82.34201   82.28472   81.44618   80.02951   79.82986   79.82986

$x
          [,1]     [,2]      [,3]     [,4]     [,5]     [,6]     [,7]     [,8]     [,9]    [,10]
 [1,] 12.98113 178.4414 0.1190736 26.23831 285.2503 47.91499 27.22603 4.307260 8.092476 2.606890
 [2,] 19.45930 337.1807 0.3315464 23.14937 286.1779 46.65370 28.41335 2.494228 2.066955 3.719504
 [3,] 19.45930 337.1807 0.3540464 23.89937 286.4779 46.73182 28.41335 2.888760 2.054455 3.719504
 [4,] 14.63469 330.9999 0.5931886 23.36388 285.8986 44.24867 24.38933 6.492043 5.120580 3.914394
 [5,] 13.51771 341.6435 0.5755652 25.13564 286.3194 43.77338 28.45595 6.448480 3.713712 2.404297
 [6,] 14.13317 312.0042 0.7041442 26.49760 286.3216 44.19384 31.37791 6.802686 3.632257 2.280187
 [7,] 14.18099 292.4919 0.7135002 26.73891 286.3226 44.20005 32.72949 6.802694 3.623969 2.278942
 [8,] 14.01276 316.4526 0.5633752 24.45757 286.3977 41.57181 34.19095 6.708863 4.598890 1.474459
 [9,] 15.82818 358.8689 0.4761146 23.87131 286.3499 43.03495 28.81718 6.460174 2.610852 2.145927
[10,] 15.81646 356.3689 0.4416615 24.24631 286.3147 43.03495 28.81718 6.460174 2.685070 2.122177
[11,] 13.91794 346.5964 0.5361536 25.40580 286.3711 43.18578 32.48243 6.398891 3.331365 2.188896
[12,] 16.43574 347.7641 0.4544875 23.95982 286.4536 44.68263 27.72677 6.718934 2.560741 2.431038
[13,] 16.43574 347.7739 0.4544875 23.96165 286.4536 44.68263 27.64552 6.718934 2.560741 2.431038
[14,] 14.66426 364.8590 0.4962106 24.29270 286.3374 42.92848 31.18133 6.437791 3.092001 2.103080
[15,] 15.67101 352.1547 0.4990656 23.96758 286.4175 44.27695 28.53956 6.476798 3.119805 2.259055
[16,] 15.20538 351.7661 0.4854677 24.40050 286.3595 43.88845 28.33079 6.465414 3.022217 2.233137
[17,] 15.20538 351.7661 0.4390614 24.40050 286.3642 43.88845 28.24954 6.465414 2.997217 2.233137
[18,] 15.29625 341.3837 0.4960338 24.23161 286.1008 44.02217 28.64722 6.465302 3.129333 2.288957
[19,] 15.29625 341.3837 0.4728306 24.23161 286.1031 44.02217 28.64722 6.465302 3.116833 2.288957
[20,] 15.26326 342.3572 0.5191884 24.26056 286.1136 43.94765 28.86038 6.476677 3.346506 2.266346
[21,] 15.31566 341.0334 0.6123329 24.30744 286.1136 43.94765 28.90101 6.480171 3.270574 2.266346
[22,] 15.36753 342.1319 0.6155722 24.33420 286.1159 43.93466 28.92712 6.478043 3.213409 2.270372
[23,] 15.18926 343.3582 0.5345837 24.32011 286.1151 43.90391 28.96560 6.474974 3.066683 2.263330
[24,] 15.05706 343.4659 0.4573628 24.32006 286.1150 43.90385 28.97885 6.475431 3.057636 2.261634
[25,] 15.05706 343.4659 0.4573628 24.32006 286.1150 43.90385 28.97885 6.475431 3.057636 2.260892
[26,] 15.05706 343.4659 0.4573628 24.32006 286.1150 43.90385 28.97885 6.475431 3.057636 2.260892

$neval
 [1]   106   261   387   531   672   950  1223  1499  1635  1904  2310  3117  3352  4018  4555  4693  4789  7225  7316  9592  9734 13593 13930 14339 15097 30131

$fbest
[1] 79.82986

$xbest
 [1]  15.0570625 343.4658697   0.4573628  24.3200597 286.1149624  43.9038462  28.9788533   6.4754311   3.0576365   2.2608922

$numeval
[1] 30131

$cpu_time
[1] 453.41

$Refset
$Refset$x
             [,1]        [,2]       [,3]        [,4]        [,5]        [,6]        [,7]        [,8]        [,9]       [,10]
 [1,]   1.0000000  15.4640500 343.227600   0.7398319  24.3926600 286.1138000  43.9300900  28.9190200   6.4787630   3.1951050
 [2,]   2.2705380   2.0000000  15.464290 343.2193000   0.7397456  24.3926700 286.1139000  43.9301900  28.9189500   6.4787510
 [3,]   3.1951150   2.2706740   3.000000  15.4546700 343.2964000   0.7610774  24.4028900 286.1140000  43.9299100  28.9154500
 [4,]   6.4788320   3.2000900   2.269946   4.0000000  15.4514000 343.1196000   0.7537171  24.4048000 286.1140000  43.9334500
 [5,]  28.9165500   6.4787880   3.199969   2.2703770   5.0000000  15.4517200 343.1848000   0.7538297  24.3990500 286.1140000
 [6,]  43.9288100  28.9168500   6.478686   3.2023500   2.2703270   6.0000000  15.4517900 343.1041000   0.7564122  24.4057900
 [7,] 286.1140000  43.9295100  28.912230   6.4788030   3.2024310   2.2702640   7.0000000  15.4479900 343.0666000   0.7557829
 [8,]  24.4108700 286.1141000  43.936790  28.9138800   6.4788390   3.2011170   2.2704760   8.0000000  15.4504900 343.3603000
 [9,]   0.7590755  24.4005700 286.114100  43.9285700  28.9130800   6.4787650   3.2006620   2.2702640   9.0000000  15.4516500
[10,] 343.0765000   0.7554789  24.405260 286.1140000  43.9328200  28.9142100   6.4787590   3.2028480   2.2705110  15.4498400
[11,] 343.1865000   0.7547006  24.406710 286.1140000  43.9312500  28.9150300   6.4788030   3.1982890   2.2702510  15.4516600
[12,] 343.1444000   0.7551303  24.405200 286.1140000  43.9320600  28.9156200   6.4787910   3.2003250   2.2703650  15.4431700

$Refset$f
 [1] 80.21007 80.21007 80.22049 80.22396 80.22396 80.30556 80.30556 80.30556 80.30556 80.30556 80.30556 80.60417

$Refset$fpen
 [1] 80.21007 80.21007 80.22049 80.22396 80.22396 80.30556 80.30556 80.30556 80.30556 80.30556 80.30556 80.60417

$Refset$const
 [1] 21.197550 32.804900 11.607340  1.573789  2.504645 21.197550 32.804880 11.607330  1.573788  2.504639 21.202800 32.799910 11.597110  1.573777  2.504470 21.204830 32.800030 11.595200  1.573772
[20]  2.504410 21.196700 32.797650 11.600950  1.573777  2.504598 21.203350 32.797570 11.594210  1.573773  2.504303 21.209760 32.798880 11.589130  1.573768  2.504129 21.199910 32.799340 11.599430
[39]  1.573770  2.504399 21.202410 32.797150 11.594740  1.573775  2.504287 21.208420 32.801710 11.593290  1.573773  2.504401 21.204870 32.799670 11.594800  1.573772  2.504407 21.200380 32.799670
[58] 11.599290  1.573820  2.504297

$Refset$penalty
 [1] 0 0 0 0 0 0 0 0 0 0 0 0


