$f
 [1] 1836.8715 1386.2899 1049.1215 1034.3576 1024.4288  971.1458  939.4601  852.7205  806.8889
[10]  704.7205  697.8576  697.3524  697.2361  695.7292  695.5608  695.5104  695.0139  694.8021
[19]  694.7465  694.4063  694.3941  694.3698  694.1649  694.1285  693.8976  693.8785

$x
           [,1]       [,2]      [,3]      [,4]       [,5]      [,6]      [,7]     [,8]     [,9]
 [1,] 14.376215 401.756100 0.8877240 19.402460 285.975800 41.204240 25.344680 4.404803 5.158552
 [2,]  8.971005 446.921600 0.5217518 19.411690 285.713700 46.036730 34.378560 4.985016 2.717364
 [3,]  8.969540 488.171600 0.4430018 19.411690 285.718400 46.836730 34.216060 4.885016 2.467364
 [4,]  8.923466 450.495500 0.5078139 19.584290 285.639100 47.162430 34.206350 4.923919 3.465625
 [5,]  8.899158 447.186600 0.5154179 19.689160 285.653600 47.295120 34.201520 4.931667 3.314692
 [6,]  8.864002 447.186600 0.5154179 19.689160 285.634900 47.295120 34.201520 4.931667 3.314692
 [7,]  9.621617 377.308200 0.6268264 21.373240 285.495600 40.933040 31.768510 6.939299 3.606084
 [8,]  9.246617 377.308200 0.5242485 21.373240 285.495600 40.533040 31.768510 6.939299 3.606084
 [9,]  7.843741 442.221400 0.4419191 20.164030 285.556700 38.640990 34.646190 7.598136 3.308664
[10,]  7.749991 422.221400 0.4447316 20.164030 285.556700 38.340990 34.686810 7.598136 3.671164
[11,]  7.673620 428.565900 0.3851158 20.037600 285.516400 38.503190 34.393590 7.608734 3.367754
[12,]  7.676550 428.565900 0.3851158 20.037600 285.516400 38.503190 34.393590 7.608734 3.367754
[13,]  7.824957 380.947600 0.3930468 21.548580 285.527300 38.351540 34.430880 7.592941 3.485938
[14,]  7.824957 381.025800 0.3930468 21.548580 285.527300 38.351540 34.430880 7.593234 3.482813
[15,]  7.797456 392.596000 0.3901141 21.143780 285.526400 38.354860 34.441400 7.593507 3.483530
[16,]  7.794276 385.155300 0.3918960 21.406330 285.526200 38.350610 34.439050 7.593448 3.487492
[17,]  7.790932 381.135000 0.3905181 21.566830 285.525700 38.347610 34.439330 7.593900 3.489729
[18,]  7.788002 381.135000 0.3905181 21.566830 285.525700 38.347610 34.439330 7.593900 3.489729
[19,]  7.793672 383.571900 0.3913972 21.488320 285.525100 38.344520 34.439120 7.593262 3.493301
[20,]  7.792749 381.444600 0.3903606 21.521380 285.525000 38.336430 34.436500 7.594147 3.498090
[21,]  7.798534 383.518500 0.3908961 21.480450 285.524900 38.319210 34.436000 7.593543 3.493720
[22,]  7.796291 382.540700 0.3908587 21.488020 285.525000 38.344280 34.434900 7.593709 3.494800
[23,]  7.797441 383.182000 0.3903967 21.490630 285.525200 38.339540 34.436920 7.594225 3.494623
[24,]  7.800801 383.122300 0.3886645 21.478560 285.523000 38.318240 34.429190 7.593502 3.497502
[25,]  7.797672 383.057800 0.3899816 21.485450 285.524800 38.340940 34.436350 7.594324 3.474992
[26,]  7.797672 383.057800 0.3899816 21.485450 285.524800 38.340940 34.436350 7.594324 3.474992
[27,] 10.000000   3.317253 2.4799330  2.669933   2.487230  2.450618  2.450618 2.473859 2.450109
[28,]  2.613643   2.625518 2.5717380  2.571738   2.641118  2.641211  2.649579 2.650731 2.651890
[29,]  2.651890   2.649694 2.6494370  2.650545   2.649824  2.649541  2.651005 2.649003 2.649745
[30,] 14.376215 401.756100 0.8877240 19.402460 285.975800 41.204240 25.344680 4.404803 5.158552
[31,]  8.971005 446.921600 0.5217518 19.411690 285.713700 46.036730 34.378560 4.985016 2.717364
[32,]  8.969540 488.171600 0.4430018 19.411690 285.718400 46.836730 34.216060 4.885016 2.467364
[33,]  8.923466 450.495500 0.5078139 19.584290 285.639100 47.162430 34.206350 4.923919 3.465625
[34,]  8.899158 447.186600 0.5154179 19.689160 285.653600 47.295120 34.201520 4.931667 3.314692
[35,]  8.864002 447.186600 0.5154179 19.689160 285.634900 47.295120 34.201520 4.931667 3.314692
[36,]  9.621617 377.308200 0.6268264 21.373240 285.495600 40.933040 31.768510 6.939299 3.606084
[37,]  9.246617 377.308200 0.5242485 21.373240 285.495600 40.533040 31.768510 6.939299 3.606084
[38,]  7.843741 442.221400 0.4419191 20.164030 285.556700 38.640990 34.646190 7.598136 3.308664
[39,]  7.749991 422.221400 0.4447316 20.164030 285.556700 38.340990 34.686810 7.598136 3.671164
[40,]  7.673620 428.565900 0.3851158 20.037600 285.516400 38.503190 34.393590 7.608734 3.367754
[41,]  7.676550 428.565900 0.3851158 20.037600 285.516400 38.503190 34.393590 7.608734 3.367754
[42,]  7.824957 380.947600 0.3930468 21.548580 285.527300 38.351540 34.430880 7.592941 3.485938
[43,]  7.824957 381.025800 0.3930468 21.548580 285.527300 38.351540 34.430880 7.593234 3.482813
[44,]  7.797456 392.596000 0.3901141 21.143780 285.526400 38.354860 34.441400 7.593507 3.483530
[45,]  7.794276 385.155300 0.3918960 21.406330 285.526200 38.350610 34.439050 7.593448 3.487492
[46,]  7.790932 381.135000 0.3905181 21.566830 285.525700 38.347610 34.439330 7.593900 3.489729
[47,]  7.788002 381.135000 0.3905181 21.566830 285.525700 38.347610 34.439330 7.593900 3.489729
[48,]  7.793672 383.571900 0.3913972 21.488320 285.525100 38.344520 34.439120 7.593262 3.493301
[49,]  7.792749 381.444600 0.3903606 21.521380 285.525000 38.336430 34.436500 7.594147 3.498090
[50,]  7.798534 383.518500 0.3908961 21.480450 285.524900 38.319210 34.436000 7.593543 3.493720
[51,]  7.796291 382.540700 0.3908587 21.488020 285.525000 38.344280 34.434900 7.593709 3.494800
[52,]  7.797441 383.182000 0.3903967 21.490630 285.525200 38.339540 34.436920 7.594225 3.494623
[53,]  7.800801 383.122300 0.3886645 21.478560 285.523000 38.318240 34.429190 7.593502 3.497502

$neval
 [1]   106   263   398  1092  1226  1856  3061  3298  5054  5189  8747  8820 23129 23223 25116
[16] 25855 26408 26619 27981 28326 28599 28868 29138 29607 30009 30010

$fbest
[1] 693.8785

$xbest
 [1]   7.7976720 383.0578348   0.3899816  21.4854469 285.5247668  38.3409431  34.4363537
 [8]   7.5943239   3.4749919   2.6497451

$numeval
[1] 30010

$cpu_time
[1] 425.7

