$f
 [1] 1894.7813  511.7587  420.8698  405.0330  391.4948  387.8906  348.1597  309.9201  245.8003
[10]  212.2760  207.7969  191.6163  156.8628  147.5035  145.6944  145.1910  144.8611  144.0642
[19]  144.0087  143.7448  142.4809  142.0260  141.8264  141.4392  141.2309  141.0226  140.9722
[28]  140.8681  140.3837  139.4566  137.3993  135.5052  135.5052  135.4896  130.4149  128.5608
[37]  127.4010  126.2795  125.2969  125.2222  125.1997  125.0399  124.8611  124.7361  124.6684
[46]  124.5885  124.5885

$x
           [,1]       [,2]      [,3]      [,4]       [,5]       [,6]      [,7]       [,8]
 [1,]  5.107672 427.140900 0.6227937 16.760290 285.089300 33.4730000 33.322130   6.008011
 [2,] 24.798364 143.581700 0.6791614 15.624320 286.578000 41.8232900 25.794790   2.449045
 [3,] 24.379101 151.425600 0.7822370 15.624320 286.503000 41.8232900 25.794790   2.449045
 [4,] 22.111287 219.658200 0.8100107 18.051690 286.512400 40.1683500 29.129640   2.053390
 [5,] 17.533701 173.957700 0.7152813 20.177610 286.452400 41.5207200 28.303720   6.008451
 [6,] 20.240100 178.306300 0.7150069 18.971970 286.646400 41.8805100 24.555620   6.031264
 [7,] 19.060381 172.824000 0.7152060 20.228370 286.529700 41.5973100 28.774120   6.015959
 [8,] 18.615698 169.988000 0.7152406 20.256150 286.546100 41.4848500 31.027240   6.003505
 [9,] 18.541528 169.380600 0.6906769 19.681890 286.538100 41.2170800 31.419230   5.939087
[10,] 18.609003 169.020100 0.7868251 20.465550 286.521100 41.4640600 31.254500   6.010815
[11,] 18.632440 169.020100 0.8089735 20.078830 286.521100 41.4640600 31.254500   6.010815
[12,] 19.544377 217.034300 0.5827364 18.254510 286.582900 38.5044400 24.197070   6.866565
[13,] 19.638127 217.034300 0.6192989 19.192010 286.582900 38.5044400 24.359570   6.816565
[14,] 19.685988 239.216700 0.5890428 17.296460 286.585700 38.5064400 24.111810   6.883062
[15,] 19.685988 238.904200 0.6340428 17.296460 286.586900 38.5064400 24.111810   6.883062
[16,] 19.708788 238.512900 0.6279570 17.269580 286.600400 38.5587700 24.190490   6.881882
[17,] 19.708788 238.512900 0.6279570 17.269580 286.600400 38.5587700 24.231120   6.881882
[18,] 19.790419 238.600500 0.7100536 17.261810 286.604100 38.5569200 24.207930   6.884328
[19,] 19.811346 237.413500 0.6877975 17.298320 286.602700 38.5697700 24.184520   6.885531
[20,] 19.768657 238.498600 0.6524567 17.264840 286.600400 38.5568200 24.194700   6.882265
[21,] 19.880315 236.598200 0.7198896 17.322040 286.601800 38.5741000 24.171940   6.886753
[22,] 19.937767 236.163200 0.6553194 17.225710 286.585600 38.5647000 24.041830   6.885524
[23,] 20.037419 236.007900 0.6541954 17.191590 286.577700 38.5660700 24.018520   6.887224
[24,] 19.954237 234.073900 0.7068703 17.240770 286.602100 38.5650100 24.102950   6.885377
[25,] 19.925650 234.105600 0.6976332 17.239960 286.603100 38.5645900 24.098880   6.885359
[26,] 19.945870 234.055700 0.7071932 17.239170 286.603000 38.5763900 24.094050   6.885556
[27,] 19.988008 235.037800 0.6966884 17.240420 286.605100 38.5822000 24.064120   6.884847
[28,] 20.044734 234.346600 0.6962458 17.237270 286.605900 38.5816900 24.023920   6.884861
[29,] 19.994351 235.310800 0.6982937 17.249760 286.605300 38.5871000 24.068900   6.884740
[30,] 20.258137 232.584100 0.6891433 17.223610 286.606500 38.5862300 24.000000   6.885553
[31,] 20.367156 229.183500 0.6755716 17.213630 286.607900 38.5974900 24.001450   6.886469
[32,] 20.367156 229.183500 0.8246268 17.213630 286.607900 38.5974900 24.001450   6.886469
[33,] 20.216138 233.095800 0.7205582 17.211680 286.589800 38.5746600 24.095400   6.886886
[34,] 20.216138 233.095800 0.7205582 17.211680 286.589800 38.5746600 24.095400   6.886886
[35,] 20.688673 227.143600 0.7132633 17.225090 286.587000 38.5444000 24.104650   6.886715
[36,] 20.898211 222.841600 0.7135690 17.224130 286.586800 38.5409200 24.104850   6.886596
[37,] 20.862180 223.313600 0.7059292 17.235990 286.585200 38.5430700 24.104840   6.886510
[38,] 20.802793 223.650400 0.7113152 17.232240 286.586900 38.5536400 24.101160   6.886751
[39,] 20.896858 222.437300 0.7112255 17.232770 286.586900 38.5528100 24.100930   6.886716
[40,] 20.837136 222.061600 0.7143037 17.228140 286.587600 38.5623700 24.098610   6.887241
[41,] 20.846925 221.532000 0.7195547 17.230180 286.588700 38.5681300 24.101070   6.886951
[42,] 20.842715 220.738700 0.7217099 17.229520 286.589700 38.5752800 24.100170   6.887445
[43,] 20.859060 222.766800 0.7115257 17.232200 286.586600 38.5558200 24.097980   6.886313
[44,] 20.897750 220.638400 0.7155224 17.235980 286.589300 38.5604800 24.100810   6.886974
[45,] 20.878086 220.783800 0.7168538 17.234280 286.589100 38.5676100 24.100350   6.887069
[46,] 20.883435 220.253000 0.7169932 17.238930 286.588800 38.5542500 24.102570   6.886891
[47,] 20.883435 220.253000 0.7169932 17.238930 286.588800 38.5542500 24.102570   6.886891
[48,] 10.000000   1.865083 1.2000000  1.200000   2.473537  2.1348790  1.965627   2.088171
[49,]  2.032580   2.169824 2.1698240  2.083542   2.083542  2.0132890  2.013289   2.026059
[50,]  2.017761   2.015695 2.0187850  2.014008   2.017906  2.0138640  2.008747   2.008658
[51,]  2.001683   2.001650 1.9975930  2.002357   2.001947  2.0019470  1.998223   1.998965
[52,]  1.994412   1.994607 1.9965250  1.996846   1.997131  1.9967130  1.996843   1.996341
[53,]  1.997364   1.997959 1.9979590  5.107672 427.140900  0.6227937 16.760290 285.089300
[54,] 33.322130   6.008011 7.9794550 24.798364 143.581700  0.6791614 15.624320 286.578000
[55,] 25.794790   2.449045 9.2767480 24.379101 151.425600  0.7822370 15.624320 286.503000
[56,] 25.794790   2.449045 9.1649450 22.111287 219.658200  0.8100107 18.051690 286.512400
[57,] 29.129640   2.053390 6.0463040 17.533701 173.957700  0.7152813 20.177610 286.452400
[58,] 28.303720   6.008451 7.8386840 20.240100 178.306300  0.7150069 18.971970 286.646400
[59,] 24.555620   6.031264 7.1861390 19.060381 172.824000  0.7152060 20.228370 286.529700
[60,] 28.774120   6.015959 7.8174860 18.615698 169.988000  0.7152406 20.256150 286.546100
[61,] 31.027240   6.003505 7.8221720 18.541528 169.380600  0.6906769 19.681890 286.538100
[62,] 31.419230   5.939087 7.8182700 18.609003 169.020100  0.7868251 20.465550 286.521100
[63,] 31.254500   6.010815 6.8492250 18.632440 169.020100  0.8089735 20.078830 286.521100
[64,] 31.254500   6.010815 6.8492250 19.544377 217.034300  0.5827364 18.254510 286.582900
[65,] 24.197070   6.866565 6.5881400 19.638127 217.034300  0.6192989 19.192010 286.582900
[66,] 24.359570   6.816565 6.2615780 19.685988 239.216700  0.5890428 17.296460 286.585700
[67,] 24.111810   6.883062 6.4823390 19.685988 238.904200  0.6340428 17.296460 286.586900
[68,] 24.111810   6.883062 6.4760890 19.708788 238.512900  0.6279570 17.269580 286.600400
[69,] 24.190490   6.881882 6.5339970 19.708788 238.512900  0.6279570 17.269580 286.600400
[70,] 24.231120   6.881882 6.5277470 19.790419 238.600500  0.7100536 17.261810 286.604100
[71,] 24.207930   6.884328 6.5030240 19.811346 237.413500  0.6877975 17.298320 286.602700
[72,] 24.184520   6.885531 6.5080540 19.768657 238.498600  0.6524567 17.264840 286.600400
[73,] 24.194700   6.882265 6.5061060 19.880315 236.598200  0.7198896 17.322040 286.601800
[74,] 24.171940   6.886753 6.4863220 19.937767 236.163200  0.6553194 17.225710 286.585600
[75,] 24.041830   6.885524 6.4995390 20.037419 236.007900  0.6541954 17.191590 286.577700
[76,] 24.018520   6.887224 6.5141340 19.954237 234.073900  0.7068703 17.240770 286.602100
[77,] 24.102950   6.885377 6.5644380 19.925650 234.105600  0.6976332 17.239960 286.603100
[78,] 24.098880   6.885359 6.5750110 19.945870 234.055700  0.7071932 17.239170 286.603000
[79,] 24.094050   6.885556 6.5656410 19.988008 235.037800  0.6966884 17.240420 286.605100
[80,] 24.064120   6.884847 6.4807120 20.044734 234.346600  0.6962458 17.237270 286.605900
[81,] 24.023920   6.884861 6.4895300 19.994351 235.310800  0.6982937 17.249760 286.605300
[82,] 24.068900   6.884740 6.4703390 20.258137 232.584100  0.6891433 17.223610 286.606500
[83,] 24.000000   6.885553 6.4972450 20.367156 229.183500  0.6755716 17.213630 286.607900
[84,] 24.001450   6.886469 6.5114210 20.367156 229.183500  0.8246268 17.213630 286.607900
[85,] 24.001450   6.886469 6.5567300 20.216138 233.095800  0.7205582 17.211680 286.589800
[86,] 24.095400   6.886886 6.4771180 20.216138 233.095800  0.7205582 17.211680 286.589800
[87,] 24.095400   6.886886 6.4771180 20.688673 227.143600  0.7132633 17.225090 286.587000
[88,] 24.104650   6.886715 6.4327050 20.898211 222.841600  0.7135690 17.224130 286.586800
[89,] 24.104850   6.886596 6.4261840 20.862180 223.313600  0.7059292 17.235990 286.585200
[90,] 24.104840   6.886510 6.3793440 20.802793 223.650400  0.7113152 17.232240 286.586900
[91,] 24.101160   6.886751 6.4126890 20.896858 222.437300  0.7112255 17.232770 286.586900
[92,] 24.100930   6.886716 6.3749160 20.837136 222.061600  0.7143037 17.228140 286.587600
[93,] 24.098610   6.887241 6.4529870 20.846925 221.532000  0.7195547 17.230180 286.588700
[94,] 24.101070   6.886951 6.4663660 20.842715 220.738700  0.7217099 17.229520 286.589700
[95,] 24.100170   6.887445 6.5085560 20.859060 222.766800  0.7115257 17.232200 286.586600
           [,9]
 [1,]  7.979455
 [2,]  9.276748
 [3,]  9.164945
 [4,]  6.046304
 [5,]  7.838684
 [6,]  7.186139
 [7,]  7.817486
 [8,]  7.822172
 [9,]  7.818270
[10,]  6.849225
[11,]  6.849225
[12,]  6.588140
[13,]  6.261578
[14,]  6.482339
[15,]  6.476089
[16,]  6.533997
[17,]  6.527747
[18,]  6.503024
[19,]  6.508054
[20,]  6.506106
[21,]  6.486322
[22,]  6.499539
[23,]  6.514134
[24,]  6.564438
[25,]  6.575011
[26,]  6.565641
[27,]  6.480712
[28,]  6.489530
[29,]  6.470339
[30,]  6.497245
[31,]  6.511421
[32,]  6.556730
[33,]  6.477118
[34,]  6.477118
[35,]  6.432705
[36,]  6.426184
[37,]  6.379344
[38,]  6.412689
[39,]  6.374916
[40,]  6.452987
[41,]  6.466366
[42,]  6.508556
[43,]  6.387367
[44,]  6.449357
[45,]  6.460024
[46,]  6.483400
[47,]  6.483400
[48,]  2.127146
[49,]  2.026059
[50,]  2.008842
[51,]  1.996310
[52,]  1.997425
[53,] 33.473000
[54,] 41.823290
[55,] 41.823290
[56,] 40.168350
[57,] 41.520720
[58,] 41.880510
[59,] 41.597310
[60,] 41.484850
[61,] 41.217080
[62,] 41.464060
[63,] 41.464060
[64,] 38.504440
[65,] 38.504440
[66,] 38.506440
[67,] 38.506440
[68,] 38.558770
[69,] 38.558770
[70,] 38.556920
[71,] 38.569770
[72,] 38.556820
[73,] 38.574100
[74,] 38.564700
[75,] 38.566070
[76,] 38.565010
[77,] 38.564590
[78,] 38.576390
[79,] 38.582200
[80,] 38.581690
[81,] 38.587100
[82,] 38.586230
[83,] 38.597490
[84,] 38.597490
[85,] 38.574660
[86,] 38.574660
[87,] 38.544400
[88,] 38.540920
[89,] 38.543070
[90,] 38.553640
[91,] 38.552810
[92,] 38.562370
[93,] 38.568130
[94,] 38.575280
[95,] 38.555820

$neval
 [1]   106   254   365   793   930  1068  1202  1474  1609  1744  1838  2928  3333  6857  6948
[16]  9512  9590 10538 10675 10812 10952 11577 11850 11988 12125 12396 12739 13415 13550 13686
[31] 13824 13925 25138 25211 25489 25630 25911 26195 26335 26826 26962 27098 27233 28525 29215
[46] 29488 30097

$fbest
[1] 124.5885

$xbest
 [1]  20.8834353 220.2529604   0.7169932  17.2389305 286.5888150  38.5542545  24.1025746
 [8]   6.8868909   6.4834000   1.9979593

$numeval
[1] 30097

$cpu_time
[1] 472.52

