$f
 [1] 2217.5156 2054.6788 1396.7934 1231.5295 1229.4392 1165.1337 1148.1997 1066.0156  962.8542  962.5278  910.9653  907.5694  904.7292  898.0035  894.6788  893.0069  892.8785  892.8281  891.4878
[20]  890.7170  890.6493  890.6458  890.5208  890.5208  890.3264  890.3003  889.4375  888.2014  865.4896  865.4896

$x
           [,1]       [,2]      [,3]      [,4]       [,5]       [,6]       [,7]      [,8]       [,9]
 [1,] 10.301029 141.211600 0.8454527 22.974720 285.712300  38.003030 26.3126500  8.984591   7.430505
 [2,] 10.510495 140.996300 0.8474038 23.017200 285.569300  40.056630 25.7329600  8.982202   7.374043
 [3,] 10.510495 120.996300 0.6400000 23.017200 285.569300  43.256630 25.7329600  8.982202   5.974043
 [4,]  7.204157 275.772100 0.6500680 22.872690 284.171200  47.183690 27.4401700  6.258988   3.825189
 [5,]  6.718928 287.156400 0.6559371 24.311440 284.249200  41.688230 30.6626200  6.256297   3.627520
 [6,]  6.991497 291.317400 0.6321617 23.763620 284.185300  45.955680 28.0020900  6.362887   2.863765
 [7,]  7.301984 266.669100 0.6647044 22.659340 284.172300  45.779620 27.7731300  6.446500   4.456604
 [8,]  6.816175 290.140900 0.6172763 23.945290 284.190400  44.951270 27.9727600  6.360917   2.660709
 [9,]  6.816175 310.140900 0.6144638 23.945290 284.152900  44.951270 27.6477600  6.360917   2.660709
[10,]  7.137508 269.920500 0.6504238 23.977440 284.228100  45.077600 28.7187300  6.469707   3.654088
[11,]  7.137508 269.920500 0.6054238 23.977440 284.228100  45.077600 28.7187300  6.457207   3.654088
[12,]  7.169101 266.242900 0.6508102 23.938850 284.230600  45.360860 28.6615900  6.459823   3.762404
[13,]  7.169101 266.242900 0.6508102 23.938850 284.249400  45.360860 28.6615900  6.459823   3.762404
[14,]  7.313756 259.286000 0.6487460 24.192120 284.245300  45.418300 28.6288000  6.446253   3.775455
[15,]  7.313756 259.286000 0.6494492 24.192120 284.245300  45.418300 28.5881700  6.446253   3.762955
[16,]  7.346668 258.933300 0.6471967 24.103220 284.246100  45.414300 28.6226900  6.446290   3.788828
[17,]  7.346668 258.894200 0.6471967 24.103220 284.246100  45.414300 28.6226900  6.446290   3.788828
[18,]  7.333692 258.927400 0.6474776 24.103310 284.246100  45.413500 28.6223200  6.446344   3.787427
[19,]  7.333692 258.888400 0.6474776 24.103310 284.246100  45.413500 28.6223200  6.446344   3.790552
[20,]  7.295908 259.681600 0.6488959 24.121000 284.245700  45.445690 28.6100700  6.449146   3.792070
[21,]  7.295550 259.681800 0.6493376 24.121460 284.245800  45.448240 28.6092300  6.449526   3.792157
[22,]  7.312423 259.547600 0.6491078 24.100260 284.246700  45.430630 28.6298400  6.450539   3.797388
[23,]  7.312423 259.528000 0.6491078 24.100260 284.246700  45.430630 28.6298400  6.450539   3.797388
[24,]  7.353065 259.280300 0.6485063 24.126400 284.245600  45.485320 28.5976700  6.450103   3.761015
[25,]  7.342249 258.995000 0.6518193 24.178510 284.245000  45.533820 28.5687800  6.454135   3.740414
[26,]  7.351720 258.850800 0.6519056 24.179800 284.245000  45.532350 28.5648800  6.454088   3.738790
[27,]  7.350797 258.742800 0.6528313 24.177150 284.244900  45.532110 28.5664700  6.454197   3.739411
[28,]  7.331957 258.998600 0.6459847 24.307120 284.163100  45.406790 28.2052900  6.393324   3.812362
[29,]  7.333278 258.435200 0.6485198 24.307120 284.160700  45.456790 28.2052900  6.393324   3.837362
[30,]  7.333278 258.435200 0.6485198 24.307120 284.160700  45.456790 28.2052900  6.393324   3.837362
[31,] 10.000000   1.255979 1.3813480  1.381348   3.431296   3.791955  3.8850170  3.345047   3.937149
[32,]  3.913399   3.841546 3.8237330  3.841412   3.841412   3.867934  3.8679340  3.867271   3.867271
[33,]  3.867383   3.867383 3.8503250  3.848205   3.843658   3.843658  3.8466650  3.835640   3.835609
[34,]  3.835617   4.126591 4.0909660  4.090966  10.301029 141.211600  0.8454527 22.974720 285.712300
[35,] 38.003030  26.312650 8.9845910  7.430505  10.510495 140.996300  0.8474038 23.017200 285.569300
[36,] 40.056630  25.732960 8.9822020  7.374043  10.510495 120.996300  0.6400000 23.017200 285.569300
[37,] 43.256630  25.732960 8.9822020  5.974043   7.204157 275.772100  0.6500680 22.872690 284.171200
[38,] 47.183690  27.440170 6.2589880  3.825189   6.718928 287.156400  0.6559371 24.311440 284.249200
[39,] 41.688230  30.662620 6.2562970  3.627520   6.991497 291.317400  0.6321617 23.763620 284.185300
[40,] 45.955680  28.002090 6.3628870  2.863765   7.301984 266.669100  0.6647044 22.659340 284.172300
[41,] 45.779620  27.773130 6.4465000  4.456604   6.816175 290.140900  0.6172763 23.945290 284.190400
[42,] 44.951270  27.972760 6.3609170  2.660709   6.816175 310.140900  0.6144638 23.945290 284.152900
[43,] 44.951270  27.647760 6.3609170  2.660709   7.137508 269.920500  0.6504238 23.977440 284.228100
[44,] 45.077600  28.718730 6.4697070  3.654088   7.137508 269.920500  0.6054238 23.977440 284.228100
[45,] 45.077600  28.718730 6.4572070  3.654088   7.169101 266.242900  0.6508102 23.938850 284.230600
[46,] 45.360860  28.661590 6.4598230  3.762404   7.169101 266.242900  0.6508102 23.938850 284.249400
[47,] 45.360860  28.661590 6.4598230  3.762404   7.313756 259.286000  0.6487460 24.192120 284.245300
[48,] 45.418300  28.628800 6.4462530  3.775455   7.313756 259.286000  0.6494492 24.192120 284.245300
[49,] 45.418300  28.588170 6.4462530  3.762955   7.346668 258.933300  0.6471967 24.103220 284.246100
[50,] 45.414300  28.622690 6.4462900  3.788828   7.346668 258.894200  0.6471967 24.103220 284.246100
[51,] 45.414300  28.622690 6.4462900  3.788828   7.333692 258.927400  0.6474776 24.103310 284.246100
[52,] 45.413500  28.622320 6.4463440  3.787427   7.333692 258.888400  0.6474776 24.103310 284.246100
[53,] 45.413500  28.622320 6.4463440  3.790552   7.295908 259.681600  0.6488959 24.121000 284.245700
[54,] 45.445690  28.610070 6.4491460  3.792070   7.295550 259.681800  0.6493376 24.121460 284.245800
[55,] 45.448240  28.609230 6.4495260  3.792157   7.312423 259.547600  0.6491078 24.100260 284.246700
[56,] 45.430630  28.629840 6.4505390  3.797388   7.312423 259.528000  0.6491078 24.100260 284.246700
[57,] 45.430630  28.629840 6.4505390  3.797388   7.353065 259.280300  0.6485063 24.126400 284.245600
[58,] 45.485320  28.597670 6.4501030  3.761015   7.342249 258.995000  0.6518193 24.178510 284.245000
[59,] 45.533820  28.568780 6.4541350  3.740414   7.351720 258.850800  0.6519056 24.179800 284.245000
[60,] 45.532350  28.564880 6.4540880  3.738790   7.350797 258.742800  0.6528313 24.177150 284.244900
[61,] 45.532110  28.566470 6.4541970  3.739411   7.331957 258.998600  0.6459847 24.307120 284.163100

$time
elapsed elapsed elapsed elapsed elapsed elapsed elapsed elapsed elapsed elapsed elapsed elapsed elapsed elapsed elapsed elapsed elapsed elapsed elapsed elapsed elapsed elapsed elapsed elapsed elapsed 
   1.51    3.76    5.44   12.69   21.00   23.08   25.15   27.15   28.64   61.40   62.83   97.01   98.23  141.76  143.22  193.81  195.64  221.97  223.15  248.73  257.83  269.20  272.58  325.42  328.09 
elapsed elapsed elapsed elapsed elapsed 
 343.86  345.54  358.45  365.84  469.26 

$neval
 [1]   106   258   372   796  1345  1485  1622  1757  1857  3884  3974  6116  6189  8757  8846 11950 12024 13660 13738 15363 15964 16640 16849 20040 20248 21342 21479 22495 23029 30114

$fbest
[1] 865.4896

$xbest
 [1]   7.3332777 258.4352002   0.6485198  24.3071185 284.1607224  45.4567863  28.2052890   6.3933242   3.8373620   4.0909665

$numeval
[1] 30114

$end_crit
[1] 1

$cpu_time
elapsed 
 469.26 

$Refset
$Refset$x
             [,1]        [,2]       [,3]        [,4]        [,5]        [,6]        [,7]        [,8]        [,9]       [,10]
 [1,]   1.0000000   7.3677080 259.266500   0.6549356  24.1461600 284.2443000  45.5268500  28.5631800   6.4541910   3.7321240
 [2,]   3.8354060   2.0000000   7.368284 259.4049000   0.6552027  24.1526400 284.2442000  45.4954700  28.5681100   6.4537350
 [3,]   3.7249050   3.8354510   3.000000   7.3700530 259.3158000   0.6539815  24.1399600 284.2447000  45.5283000  28.5689600
 [4,]   6.4541770   3.7302870   3.835636   4.0000000   7.3724010 259.2956000   0.6538934  24.1397400 284.2449000  45.5328200
 [5,]  28.5711900   6.4541480   3.730003   3.8355260   5.0000000   7.3883080 259.4369000   0.6555931  24.1265400 284.2442000
 [6,]  45.5167300  28.5812700   6.453981   3.7283110   3.8354510   6.0000000   7.3589250 259.3408000   0.6532586  24.1568700
 [7,] 284.2441000  45.5107400  28.578230   6.4538650   3.7448460   3.8362040   7.0000000   7.3609960 259.2772000   0.6518295
 [8,]  24.1436200 284.2444000  45.524980  28.5734500   6.4540470   3.7338580   3.8355150   8.0000000   7.3699660 259.5352000
 [9,]   0.6534581  24.1382700 284.243600  45.5077100  28.5692400   6.4538280   3.7254140   3.8357090   9.0000000   7.3754100
[10,] 259.3279000   0.6533799  24.146860 284.2443000  45.5219100  28.5778700   6.4539510   3.7354700   3.8358740   7.3609700
[11,] 259.4208000   0.6523745  24.135700 284.2439000  45.5247800  28.5640500   6.4541260   3.7345490   3.8411340   7.3516880
[12,] 259.1925000   0.6523428  24.142840 284.2552000  45.1943500  28.6167600   6.3561280   3.7443040   3.8187100   5.8932410

$Refset$f
 [1] 888.7292 888.7292 888.7292 888.8333 889.1285 889.2656 889.2882 888.7292 889.3333 889.8177 943.7170 998.3177

$Refset$fpen
 [1] 888.7292 888.7292 888.7292 888.8333 889.1285 889.2656 889.2882 888.7292 889.3333 889.8177 943.7170 998.3177

$Refset$const
 [1] 20.414040 32.267880 11.853840  1.748245  2.115439 20.427730 32.275100 11.847360  1.748537  2.116630 20.409670 32.269710 11.860040  1.748257  2.115710 20.409730 32.270000 11.860260  1.748234
[20]  2.115692 20.398230 32.271690 11.873460  1.748536  2.116620 20.412020 32.255150 11.843130  1.748555  2.116646 20.409770 32.266140 11.856380  1.748367  2.116003 20.412860 32.274590 11.861730
[39]  1.748516  2.116268 20.411390 32.264530 11.853140  1.748449  2.116304 20.401150 32.265450 11.864300  1.748302  2.115519 20.398540 32.255700 11.857160  1.750213  2.129141 20.917410 32.177680
[58] 11.260260  1.818183  2.507192

$Refset$penalty
 [1] 0 0 0 0 0 0 0 0 0 0 0 0


