$f
 [1] 1644.5747 1188.0729  828.5260  819.8108  797.3090  783.5399  782.7969  758.7674  749.9531
[10]  741.8090  738.3056  725.6875  723.2153  722.1545  706.8542  706.7917  705.8976  705.7812
[19]  705.1997  704.9028  704.5503  704.2153  704.0382  703.9913  703.8750  703.5920  702.5694
[28]  692.7760  692.6597

$x
          [,1]     [,2]      [,3]     [,4]     [,5]     [,6]     [,7]     [,8]     [,9]    [,10]
 [1,]  5.89604 208.0268 0.3551289 27.30437 285.6100 36.52888 35.08931 9.368262 2.584057 4.796783
 [2,] 21.87015 211.1328 0.6448862 15.00000 286.1317 36.28433 24.00000 2.000000 2.000000 4.306265
 [3,] 21.30765 211.2085 1.0000000 18.00000 286.5907 36.28433 25.26003 2.393942 2.400000 3.433960
 [4,] 20.98358 211.2342 1.0000000 18.17933 286.5868 36.28433 25.19588 2.411289 2.484065 3.498256
 [5,] 21.20957 193.1069 0.9755180 17.97261 286.6915 36.99379 25.85401 2.432590 3.547661 4.973284
 [6,] 21.14857 187.9394 0.8333171 16.61641 286.6537 36.57790 26.13451 3.085177 4.205541 4.114628
 [7,] 21.13071 185.0476 0.7796640 16.95014 286.6574 36.31929 26.16193 3.330972 4.570750 3.852064
 [8,] 21.13071 185.0476 0.8302890 16.95014 286.6574 36.71929 26.16193 3.280972 4.570750 3.923314
 [9,] 21.41159 154.3939 0.9463905 18.09476 286.6484 36.69504 25.99089 3.022086 5.399283 4.897948
[10,] 21.41159 156.8939 0.9463905 18.22985 286.6484 36.69504 26.03631 2.984586 5.249283 4.897948
[11,] 20.91099 152.6195 0.9546510 18.14838 286.6723 36.55679 26.31935 3.075387 6.412777 4.260855
[12,] 20.91695 143.2814 0.9961653 18.14865 286.6569 36.56926 26.20318 3.051381 7.117655 4.359555
[13,] 20.91695 143.2814 1.0000000 18.14865 286.6569 36.56926 26.36568 3.001381 7.117655 4.359555
[14,] 20.95956 149.6882 0.9858451 15.75347 286.6523 36.64736 26.19682 3.114578 7.597282 4.403302
[15,] 20.95956 149.6882 1.0000000 15.75347 286.6511 36.64736 26.11557 2.989566 7.597282 4.391421
[16,] 20.88510 149.7477 0.9595453 15.79061 286.6621 36.59504 26.17174 2.978636 7.659398 4.445979
[17,] 20.88510 149.7477 0.9820453 15.79061 286.6621 36.59504 26.33424 2.978636 7.659398 4.445979
[18,] 20.91517 149.0663 0.9571293 15.86632 286.6610 36.59385 26.20107 2.976455 7.618044 4.425527
[19,] 20.91517 149.0272 0.9571293 15.86632 286.6610 36.59385 26.24170 2.976455 7.618044 4.425527
[20,] 20.88532 148.9976 0.9813159 15.83484 286.6623 36.58961 26.27496 2.971854 7.684044 4.465601
[21,] 20.85462 149.5800 0.9700154 15.82264 286.6601 36.60149 26.23958 2.974629 7.702678 4.453562
[22,] 20.84840 149.6128 0.9701156 15.80776 286.6599 36.60379 26.23044 2.972658 7.719753 4.456609
[23,] 20.84840 149.6128 0.9701156 15.80776 286.6599 36.60379 26.23044 2.978908 7.719753 4.456609
[24,] 20.86370 149.2782 0.9820836 15.84094 286.6625 36.60243 26.20362 2.978628 7.705959 4.486399
[25,] 20.86370 149.2782 0.9820836 15.84094 286.6625 36.60243 26.20362 2.972378 7.705959 4.486399
[26,] 20.86425 149.1480 0.9803819 15.85373 286.6610 36.60141 26.23400 2.974253 7.699913 4.483286
[27,] 20.45542 141.5328 0.6631456 15.87867 286.6623 36.73036 26.15656 4.845239 8.268808 4.569020
[28,] 20.45542 141.5328 0.7081456 15.87867 286.6623 36.73036 26.15656 4.845239 8.268808 4.569020
[29,] 20.45542 141.5328 0.7081456 15.87867 286.6623 36.73036 26.15656 4.851489 8.268808 4.569020

$neval
 [1]   106   258   458   884  1447  1588  1730  1968  5804  5911  6596  6871  7366 10508 10619
[16] 15759 15838 18418 18496 19183 19456 19590 19931 24395 24469 25011 25552 25893 30019

$fbest
[1] 692.6597

$xbest
 [1]  20.4554235 141.5327846   0.7081456  15.8786678 286.6623331  36.7303615  26.1565589
 [8]   4.8514890   8.2688081   4.5690196

$numeval
[1] 30019

$cpu_time
[1] 462.13

