$f
 [1] 1656.7465 1581.0955 1208.6111 1182.4271  988.5538  961.2292  955.0972  926.3142  925.0799
[10]  917.2309  903.4063  890.2309  883.5660  880.1198  878.5851  874.8281  839.4809  819.8021
[19]  817.6719  814.7292  812.0365  793.3542  790.5625  777.1545  773.8333  773.0260  771.7882
[28]  771.5816  771.0347  770.5330  770.3854  767.5330  767.1858  766.2830  765.8073  765.7049
[37]  765.5260  765.0035  764.9601  763.9635  763.9635

$x
          [,1]     [,2]      [,3]     [,4]     [,5]     [,6]     [,7]     [,8]     [,9]    [,10]
 [1,] 24.95026 135.2833 0.7813482 27.73425 286.5542 35.90256 28.43428 8.294515 2.818458 4.614587
 [2,] 18.38943 289.8611 0.7955737 20.85587 286.4232 36.82269 28.76169 5.998818 4.746176 2.925897
 [3,] 18.38943 309.6141 0.5611493 20.85587 286.4223 33.62269 29.01862 5.998818 5.289693 2.775689
 [4,] 16.12003 311.4801 0.2063791 20.90127 286.5841 36.72767 24.38752 6.457866 4.996317 2.836735
 [5,] 17.26728 221.0868 0.6326001 20.96940 286.7820 44.59894 26.36032 6.286504 6.762834 2.727363
 [6,] 17.26728 221.0868 0.6916694 20.78181 286.7773 44.59894 26.36032 6.286504 6.750328 2.757063
 [7,] 20.01428 284.4723 0.9804048 18.80524 286.7891 38.94337 25.32968 7.863720 3.541672 2.627229
 [8,] 20.01428 284.4723 1.0000000 18.82574 286.7891 38.94337 25.26875 7.863720 3.710422 2.627229
 [9,] 19.85546 283.6314 1.0000000 18.76905 286.7118 39.86652 26.05114 7.775237 3.679653 2.717942
[10,] 19.85546 284.9595 1.0000000 18.95655 286.7048 39.86652 26.05114 7.775237 3.695278 2.729817
[11,] 19.88211 283.6961 0.9689806 18.78274 286.7118 39.85738 26.04984 7.765406 3.673442 2.718771
[12,] 19.88211 283.6961 0.9956994 19.53274 286.7071 39.85738 26.04984 7.765406 3.720317 2.718771
[13,] 19.94863 284.1476 0.9384656 18.78716 286.7416 38.72282 25.54640 7.894817 3.634032 2.573629
[14,] 19.94203 284.1725 0.9717197 18.79005 286.7395 38.71019 25.52755 7.894819 3.638123 2.573439
[15,] 19.95216 284.1643 0.9419467 18.78662 286.7404 38.72430 25.55429 7.894819 3.636367 2.573555
[16,] 19.95216 284.2424 0.9869467 18.78662 286.7404 38.72430 25.55429 7.894819 3.636367 2.573555
[17,] 19.47333 298.7879 0.9935101 19.88628 286.8222 39.29788 24.53555 7.769755 3.539886 2.603630
[18,] 19.35613 298.7854 0.7299670 19.88628 286.8222 39.29475 24.53555 7.769755 3.539886 2.594725
[19,] 19.68115 302.5667 0.9443742 19.98710 286.7731 39.21226 24.36289 7.768413 3.652891 2.624038
[20,] 19.67968 300.9683 0.9440974 19.98936 286.7840 39.20932 24.35985 7.770316 3.613611 2.624254
[21,] 19.67268 300.9542 0.9436394 20.01804 286.7851 39.22416 24.35413 7.768314 3.614799 2.623526
[22,] 19.67268 303.4542 0.9661394 20.01804 286.7799 39.22416 24.35413 7.755814 3.486305 2.623526
[23,] 19.75472 312.7099 0.8918185 17.35884 286.7949 39.13356 24.61168 7.752285 5.303074 2.672662
[24,] 19.75472 312.7099 0.8679123 17.40571 286.7949 39.13356 24.65231 7.752285 5.340574 2.696412
[25,] 19.78835 310.0777 0.9404759 18.19742 286.7996 39.19731 24.54081 7.755089 4.638191 2.696205
[26,] 19.78835 310.0777 0.9404759 18.19742 286.7996 39.19731 24.58144 7.755089 4.638191 2.696205
[27,] 19.75574 305.4947 0.8956215 17.59094 286.7972 39.18799 24.57783 7.754656 5.030114 2.693322
[28,] 19.75478 306.0708 0.9145105 17.59595 286.7957 39.18723 24.57879 7.755068 5.022990 2.692141
[29,] 19.75570 305.6779 0.9040007 17.59342 286.7967 39.18764 24.57827 7.754690 5.032075 2.692744
[30,] 19.75558 305.6300 0.8980360 17.59295 286.7965 39.18809 24.57815 7.754825 5.033080 2.692726
[31,] 19.75951 304.8356 0.8943763 17.66207 286.7960 39.18802 24.55962 7.755137 5.003311 2.693038
[32,] 19.99569 306.2346 0.9024921 17.59431 286.7978 39.18673 24.58083 7.755217 5.006457 2.694232
[33,] 19.98247 307.8585 0.9034493 17.59629 286.7952 39.18407 24.58089 7.755203 4.971346 2.694132
[34,] 20.00233 306.4782 0.9073459 17.57007 286.7986 39.18637 24.58662 7.755238 5.007008 2.694453
[35,] 19.97323 308.3736 0.9084315 17.62688 286.7990 39.18694 24.56940 7.755374 4.943846 2.689333
[36,] 19.99336 306.3546 0.9076047 17.63635 286.7974 39.17967 24.67417 7.755140 4.989519 2.690001
[37,] 19.99677 306.3629 0.9075652 17.63578 286.7964 39.17800 24.66670 7.755092 4.995386 2.690542
[38,] 19.99677 306.3629 0.9300652 17.63578 286.7964 39.17800 24.66670 7.755092 5.007886 2.684605
[39,] 20.06965 305.9708 0.9077085 17.50307 286.7967 39.18602 24.61658 7.756176 5.004083 2.685479
[40,] 19.98670 305.8533 0.9051303 17.61707 286.7939 39.18855 24.58693 7.757337 4.989215 2.677971
[41,] 19.98670 305.8533 0.9051303 17.61707 286.7939 39.18855 24.58693 7.757337 4.989215 2.677971

$neval
 [1]   106   255   406   836  1114  1931  6644  6762  8109  8219  9561  9666 10473 10878 11014
[16] 11093 11894 12571 13659 13798 13938 14046 16221 16332 17443 17791 18205 18342 18478 18752
[31] 19492 20169 20437 20574 24026 25201 25473 25557 26922 27666 30048

$fbest
[1] 763.9635

$xbest
 [1]  19.9866995 305.8533048   0.9051303  17.6170712 286.7938519  39.1885459  24.5869254
 [8]   7.7573373   4.9892149   2.6779705

$numeval
[1] 30048

$cpu_time
[1] 440.76

