$f
 [1] 1121.4618  492.5799  401.5017  337.7795  304.7812  298.3455  295.9010  294.9948  293.8385
[10]  290.9913  283.8976  263.0608  207.7153  194.0052  192.5938  191.4427  191.3368  191.2483
[19]  190.1562  189.4722  189.2969  188.0556  187.4306  186.3733  185.2222  184.8437  184.7257
[28]  184.5503  184.2639  184.2118  182.7812  181.9792  181.7969  181.5469  181.5469

$x
          [,1]     [,2]      [,3]     [,4]     [,5]     [,6]     [,7]     [,8]     [,9]    [,10]
 [1,] 24.82659 206.6863 0.4361616 20.39392 286.6037 39.83327 30.30570 4.190711 9.384056 1.800122
 [2,] 11.14550 358.6677 0.2885003 20.73550 285.2614 44.98132 29.49559 7.487177 5.007500 3.257238
 [3,] 11.14550 336.1677 0.2997503 20.82925 285.1489 44.88132 28.84559 7.487177 5.170000 3.221613
 [4,] 15.85870 277.1037 1.0000000 20.68044 285.3679 44.06388 27.58800 7.053903 6.854373 4.912702
 [5,] 15.90898 275.8103 0.9464242 20.65848 285.3627 44.07831 27.62927 7.042498 6.942839 4.667892
 [6,] 15.90898 275.8103 1.0000000 20.65848 285.3627 44.07831 27.62927 7.042107 6.967839 4.691642
 [7,] 15.88314 269.2529 1.0000000 20.67646 285.3902 44.00925 27.61248 6.997737 7.120492 4.771550
 [8,] 15.88314 269.3310 0.9323242 20.67646 285.3902 44.00925 27.61248 6.997737 7.120492 4.771550
 [9,] 20.99810 240.8853 0.5914202 21.79786 285.8497 39.61537 26.91941 6.448531 6.471222 4.817418
[10,] 21.00982 240.8853 0.5914202 21.79786 285.8497 39.71537 26.91941 6.448531 6.471222 4.817418
[11,] 22.78866 181.9999 0.4462318 24.25747 286.3162 40.04841 28.44596 5.873386 6.623896 4.328760
[12,] 22.22616 181.9999 0.4349818 24.63394 286.3162 40.04841 28.44596 5.873386 6.611396 4.316885
[13,] 20.62404 254.0397 0.6765655 20.20377 286.1029 41.35560 28.32250 7.001234 7.032588 4.394427
[14,] 20.62404 254.0397 0.6765655 20.20377 286.1029 41.15560 28.32250 7.002015 7.021650 4.370677
[15,] 20.74415 254.2192 0.6738722 19.88423 286.1020 41.24889 28.30756 7.000414 7.167172 4.385904
[16,] 20.67177 254.3816 0.6767515 19.81778 286.0974 41.24377 28.28450 7.001546 7.245857 4.378125
[17,] 20.64934 254.4740 0.6781823 19.78760 286.0954 41.24047 28.28442 7.001301 7.269631 4.380561
[18,] 20.64934 254.4740 0.6781823 19.78760 286.0954 41.24047 28.28442 7.001301 7.266506 4.380561
[19,] 20.62376 250.0390 0.6112599 20.19953 286.1007 41.18590 28.36774 7.001436 7.123988 4.362974
[20,] 20.63900 249.9293 0.5724498 20.18894 286.0999 41.19629 28.36517 7.001012 7.037428 4.375598
[21,] 20.55503 253.0304 0.5670329 20.19375 286.1020 41.18909 28.38118 6.999650 7.039110 4.376929
[22,] 20.60191 252.4054 0.5670329 20.02969 286.1020 41.18909 28.38118 6.999650 7.039110 4.379897
[23,] 20.45711 251.0912 0.5232446 20.16961 286.1089 41.16283 28.36006 6.999043 7.015448 4.369566
[24,] 20.28711 254.1304 0.5139177 20.14336 286.1021 41.16846 28.31650 6.998524 7.019799 4.393850
[25,] 20.14449 257.2289 0.5147762 20.14007 286.0963 41.16998 28.34741 7.000614 7.010720 4.371845
[26,] 20.01964 260.0786 0.5109057 20.12925 286.0964 41.17702 28.34701 7.000634 6.998561 4.374329
[27,] 20.02257 260.0786 0.5109057 20.12925 286.0964 41.17702 28.34701 7.000634 6.998561 4.374329
[28,] 20.10833 258.5418 0.5124043 20.11827 286.0985 41.16640 28.26278 6.999313 7.004206 4.394073
[29,] 20.10833 258.5418 0.5124043 20.11827 286.0985 41.16640 28.26278 6.999313 7.001081 4.394073
[30,] 20.11609 258.3062 0.5109788 20.12021 286.0984 41.16650 28.26536 6.999030 7.001082 4.385087
[31,] 20.19902 261.3093 0.5165538 20.09168 286.1014 41.16446 28.30717 6.992609 6.956630 4.554751
[32,] 20.18223 259.3183 0.5157875 20.10997 286.1015 41.16655 28.29759 6.993529 6.995426 4.541988
[33,] 20.17930 259.3183 0.5157875 20.10997 286.1015 41.16655 28.29759 6.993529 6.995426 4.541988
[34,] 20.02045 264.3975 0.5099660 20.18379 286.0991 41.16754 28.27088 6.999908 7.020580 4.386271
[35,] 20.02045 264.3975 0.5099660 20.18379 286.0991 41.16754 28.27088 6.999908 7.020580 4.386271

$neval
 [1]   106   258   407   690  1782  1875  2011  3303  4244  4723  6610  6722  7804  8185  9136
[16]  9404  9540  9614 14927 15811 16358 16453 16858 17131 17273 17411 17893 22395 22469 24349
[31] 25359 25762 25840 30090 30159

$fbest
[1] 181.5469

$xbest
 [1]  20.020453 264.397546   0.509966  20.183795 286.099116  41.167540  28.270876   6.999908
 [9]   7.020580   4.386271

$numeval
[1] 30159

$cpu_time
[1] 461.63

