$f
 [1] 1116.7934  610.9688  486.1667  482.1528  458.2066  420.5590  418.7691  398.4809  365.4410  338.6233  335.0764  323.9653  317.2830  304.2674  303.0868  297.3420  281.5087  277.7153  275.3437
[20]  270.7535  270.2431

$x
           [,1]       [,2]      [,3]      [,4]       [,5]       [,6]       [,7]      [,8]       [,9]
 [1,]  9.216575 455.681300 0.3835777 22.141010 286.336000  43.548440 33.0067600  5.802390   3.047651
 [2,] 10.932784 459.306700 0.5119742 21.187870 286.701200  47.576840 25.0298700  7.126824   2.000000
 [3,] 10.745284 479.306700 0.4617008 21.187870 286.701200  48.000000 24.9892400  7.126824   2.037500
 [4,] 10.244743 469.291100 0.4361390 21.418970 286.658700  48.000000 24.5175800  7.508646   2.036006
 [5,]  9.968545 470.878100 0.4479527 21.674510 286.632900  47.918260 24.0635300  7.679777   2.031225
 [6,] 10.449538 407.137700 0.4828793 21.094400 286.550400  46.280920 24.6478600  7.397497   3.881699
 [7,] 10.330517 424.203500 0.4781656 21.415380 286.579100  46.347220 26.5559200  7.466048   3.663717
 [8,] 10.330517 424.359700 0.5678141 21.415380 286.579100  46.347220 26.5559200  7.466048   3.663717
 [9,] 10.825955 433.209300 0.4813467 21.396980 286.598800  46.378350 25.0949000  7.415622   2.855274
[10,] 10.234932 475.553200 0.4790386 21.388300 286.646400  46.345210 24.6963400  7.493020   2.288548
[11,] 10.301392 472.371100 0.4669719 21.396230 286.646500  46.434350 24.8236400  7.482276   2.223989
[12,] 10.301392 473.699300 0.4729485 21.396230 286.627800  46.534350 24.6611400  7.482276   2.273989
[13,] 10.394710 445.023300 0.4811049 21.365560 286.637500  46.444600 25.0319200  7.494697   2.779811
[14,] 10.403490 450.074500 0.4810111 21.351820 286.666400  46.446990 25.0229600  7.508781   2.783182
[15,] 10.368483 460.233900 0.4626249 21.459820 286.646900  46.436600 25.0038900  7.500676   2.505363
[16,] 10.415077 451.501100 0.4608971 21.391050 286.648900  46.437690 25.0278000  7.495849   2.506748
[17,] 10.804624 444.422000 0.4806929 21.352860 286.650000  46.408350 25.0616100  7.489164   2.821520
[18,] 10.804624 444.500100 0.4801656 21.352860 286.650000  46.414600 25.0616100  7.488382   2.821520
[19,] 11.330477 407.122000 0.4110263 21.608970 286.648200  46.453710 25.0384500  7.499332   2.828844
[20,] 11.330477 407.122000 0.4110263 21.610440 286.648200  46.450590 25.0384500  7.499332   2.819469
[21,] 11.330477 407.122000 0.4110263 21.610440 286.648200  46.450590 25.0384500  7.499332   2.819469
[22,] 10.000000   3.796752 1.3124140  1.336164   1.200000   1.200000  1.4094990  1.406323   1.406323
[23,]  1.374541   1.332684 1.3457910  1.345791   1.340674   1.323764  1.3313290  1.333193   1.343963
[24,]  1.345447   1.339140 1.3391400  1.338397   9.216575 455.681300  0.3835777 22.141010 286.336000
[25,] 43.548440  33.006760 5.8023900  3.047651  10.932784 459.306700  0.5119742 21.187870 286.701200
[26,] 47.576840  25.029870 7.1268240  2.000000  10.745284 479.306700  0.4617008 21.187870 286.701200
[27,] 48.000000  24.989240 7.1268240  2.037500  10.244743 469.291100  0.4361390 21.418970 286.658700
[28,] 48.000000  24.517580 7.5086460  2.036006   9.968545 470.878100  0.4479527 21.674510 286.632900
[29,] 47.918260  24.063530 7.6797770  2.031225  10.449538 407.137700  0.4828793 21.094400 286.550400
[30,] 46.280920  24.647860 7.3974970  3.881699  10.330517 424.203500  0.4781656 21.415380 286.579100
[31,] 46.347220  26.555920 7.4660480  3.663717  10.330517 424.359700  0.5678141 21.415380 286.579100
[32,] 46.347220  26.555920 7.4660480  3.663717  10.825955 433.209300  0.4813467 21.396980 286.598800
[33,] 46.378350  25.094900 7.4156220  2.855274  10.234932 475.553200  0.4790386 21.388300 286.646400
[34,] 46.345210  24.696340 7.4930200  2.288548  10.301392 472.371100  0.4669719 21.396230 286.646500
[35,] 46.434350  24.823640 7.4822760  2.223989  10.301392 473.699300  0.4729485 21.396230 286.627800
[36,] 46.534350  24.661140 7.4822760  2.273989  10.394710 445.023300  0.4811049 21.365560 286.637500
[37,] 46.444600  25.031920 7.4946970  2.779811  10.403490 450.074500  0.4810111 21.351820 286.666400
[38,] 46.446990  25.022960 7.5087810  2.783182  10.368483 460.233900  0.4626249 21.459820 286.646900
[39,] 46.436600  25.003890 7.5006760  2.505363  10.415077 451.501100  0.4608971 21.391050 286.648900
[40,] 46.437690  25.027800 7.4958490  2.506748  10.804624 444.422000  0.4806929 21.352860 286.650000
[41,] 46.408350  25.061610 7.4891640  2.821520  10.804624 444.500100  0.4801656 21.352860 286.650000
[42,] 46.414600  25.061610 7.4883820  2.821520  11.330477 407.122000  0.4110263 21.608970 286.648200
[43,] 46.453710  25.038450 7.4993320  2.828844  11.330477 407.122000  0.4110263 21.610440 286.648200

$neval
 [1]   106   410   527  1359  1501  1637  1774  1997  2540  2809  3352  3467  3739  3874  4144  4421  4557  4925 28544 28637 30136

$fbest
[1] 270.2431

$xbest
 [1]  11.3304775 407.1220051   0.4110263  21.6104356 286.6482035  46.4505872  25.0384546   7.4993321   2.8194687   1.3383975

$numeval
[1] 30136

$cpu_time
[1] 450.44

$Refset
$Refset$x
             [,1]        [,2]        [,3]        [,4]        [,5]        [,6]        [,7]        [,8]
 [1,]   1.0000000  11.3304800   0.4110263 286.6482035  25.0384550   2.8194690  11.3304800   0.4110263
 [2,] 286.6482040   2.0000000 407.1220100  21.6104356  46.4505872   7.4993320   1.3391400 407.1220100
 [3,]  21.6104356  46.4505870   3.0000000  11.3053200 406.9385494   0.4110148  21.6107290 286.6480740
 [4,]  46.4535900  25.0340912   7.4994320   4.0000000  11.3681900 403.4033300   0.4164754  21.5995200
 [5,] 286.6481550  46.4548800  25.0374999   7.5006070   5.0000000  11.1357900 412.7637528   0.4101101
 [6,]  21.5895870 286.6490100  46.4556500  25.0143950   7.4990480   6.0000000  11.1328600 413.0074577
 [7,]   0.4101006  21.5911460 286.6493530  46.4545800  25.0170783   7.4992440   7.0000000  11.1344700
 [8,] 412.8887296   0.4101320  21.5830880 286.6493590  46.4534900  25.0170921   7.4997940   8.0000000
 [9,]  11.1489700 412.8271443   0.4101478  21.5735030 286.6492930  46.4508800  25.0150809   7.4990420
[10,]   9.0000000  11.1391200 412.3413541   0.4101893  21.5923350 286.6492270  46.4533500  25.0170277
[11,]   7.4990440  11.3625100 409.8087806   0.4097942  21.4346950 286.6477850  46.3481600  25.0264427
[12,]   7.4940020  11.1376400 412.2063960   0.4102024  21.5810490 286.6488670  46.4539700  25.0164729
[13,]   7.4945110  11.3346700 405.7216340   0.4235949  21.6601140 286.6449620  46.2850400  25.0285513
[14,]   7.3294840   9.0000000  10.0000000   1.0000000  25.0384550   2.8194690   2.0000000   7.4993320
[15,]   1.3391400   3.0000000   2.8404440   1.3387760   4.0000000   2.8713280   1.3387650   5.0000000
[16,]   2.8010530   1.3311610   6.0000000   2.7943340   1.3307120   7.0000000   2.8010970   1.3302350
[17,]   8.0000000   2.8001140   1.3309850   9.0000000   2.8074500   1.3314040   2.8510710   1.3319790
[18,]   2.8066830   1.3416850   2.8903790   1.3353960   1.0000000  11.3304800   0.4110263 286.6482035
[19,]  25.0384550   2.8194690  11.3304800   0.4110263 286.6482040   2.0000000 407.1220100  21.6104356
[20,]  46.4505872   7.4993320   1.3391400 407.1220100  21.6104356  46.4505870   3.0000000  11.3053200
[21,] 406.9385494   0.4110148  21.6107290 286.6480740  46.4535900  25.0340912   7.4994320   4.0000000
[22,]  11.3681900 403.4033300   0.4164754  21.5995200 286.6481550  46.4548800  25.0374999   7.5006070
[23,]   5.0000000  11.1357900 412.7637528   0.4101101  21.5895870 286.6490100  46.4556500  25.0143950
[24,]   7.4990480   6.0000000  11.1328600 413.0074577   0.4101006  21.5911460 286.6493530  46.4545800
[25,]  25.0170783   7.4992440   7.0000000  11.1344700 412.8887296   0.4101320  21.5830880 286.6493590

$Refset$f
 [1] 270.7535 270.7535 270.9115 274.5625 281.3663 281.3663 281.4288 282.7587 282.4219 285.1476 301.1233 326.1441

$Refset$fpen
 [1] 270.7535 270.7535 270.9115 274.5625 281.3663 281.3663 281.4288 282.7587 282.4219 285.1476 301.1233 326.1441

$Refset$const
 [1] 18.790970 14.389564  2.360161 33.180531  1.525814 33.180530  1.525814 18.790967 14.389564  2.360161 18.770280 33.159556 14.389271  1.525830  2.359801 18.728190 33.128672 14.400480  1.525821
[20]  2.359971 18.788530 33.198947 14.410413  1.525760  2.359001 18.796810 33.205666 14.408854  1.525727  2.359286 18.781990 33.198903 14.416912  1.525726  2.359320 18.773390 33.199886 14.426497
[39]  1.525733  2.359266 18.784890 33.192550 14.407665  1.525738  2.359277 18.583620 33.148929 14.565305  1.525821  2.362327 18.774370 33.193317 14.418951  1.525771  2.359112 18.769740 33.109621
[58] 14.339886  1.526048  2.363339

$Refset$penalty
 [1] 0 0 0 0 0 0 0 0 0 0 0 0


