$f
[1] 2110.0521 1691.2170 1197.0365 1125.4809 1095.6979 1093.3628  945.5156  854.1840  833.8750

$x
          [,1]     [,2]      [,3]     [,4]     [,5]     [,6]     [,7]     [,8]     [,9]    [,10]
 [1,] 29.66480 167.8293 0.8713741 23.05187 286.3935 32.35150 24.66562 5.117668 2.115429 2.207631
 [2,] 16.43358 254.4408 0.7288666 23.75119 286.5648 36.46956 28.10635 3.469673 7.018312 3.547348
 [3,] 16.28535 254.4408 0.3609117 23.65744 286.5685 34.82768 27.76164 4.706731 7.089023 3.498949
 [4,] 21.41994 190.4125 0.6063334 23.15622 286.4917 33.09967 24.87109 7.190116 6.790023 1.944803
 [5,] 18.88609 219.8177 0.4030948 23.17219 286.5045 35.79831 25.21806 5.546147 6.702040 2.823594
 [6,] 15.89679 231.7333 0.2983117 23.71147 286.5697 35.33836 27.38713 6.427935 6.900111 3.551038
 [7,] 10.68039 240.8510 0.3813457 23.44740 286.5368 45.97176 31.82945 7.173594 6.386906 1.200000
 [8,] 10.65338 239.8975 0.3794966 23.44740 286.5743 46.35735 31.82945 7.173594 6.448105 1.211875
 [9,] 10.55963 239.8975 0.3668431 23.25995 286.5743 46.35735 31.82945 7.173594 6.416855 1.211875

$neval
[1]   106   250   418  1121  1262  1538  1676  1964 30114

$fbest
[1] 833.875

$xbest
 [1]  10.5596265 239.8975409   0.3668431  23.2599452 286.5742648  46.3573505  31.8294534
 [8]   7.1735940   6.4168553   1.2118750

$numeval
[1] 30114

$cpu_time
[1] 428.27

