$f
 [1] 1704.5243 1013.9583  691.4931  652.2882  605.4861  605.4097  605.3507  605.2517  605.1615  605.1146  604.8142  604.5243  604.5243

$x
          [,1]     [,2]      [,3]     [,4]     [,5]     [,6]     [,7]     [,8]     [,9]    [,10]
 [1,] 15.87481 357.3825 0.4716944 17.26801 286.0582 33.89713 27.32867 5.760246 2.563064 4.112705
 [2,] 15.87519 416.7562 0.4353956 17.24497 286.3382 36.94480 29.67064 5.772737 2.660239 4.427251
 [3,] 15.87812 416.7562 0.4128956 17.24497 286.4086 38.74480 29.67064 5.722737 2.000000 4.617251
 [4,] 21.14197 108.3427 0.3926368 24.10899 286.6214 43.51055 24.26684 6.539410 3.733947 2.246310
 [5,] 21.14197 100.0000 0.3926368 24.13243 286.5417 43.51055 24.26684 6.539410 3.786157 2.245260
 [6,] 20.36961 166.6859 0.1812157 22.76119 286.6672 42.19320 26.27554 6.240717 3.703537 3.837009
 [7,] 20.37523 166.3932 0.1814990 22.77509 286.6673 42.19725 26.26742 6.240293 3.706590 3.841046
 [8,] 20.37523 166.3932 0.1814990 22.77509 286.6673 42.19725 26.26742 6.240293 3.706590 3.841788
 [9,] 20.37262 166.7519 0.1808299 22.82293 286.6658 42.19561 26.26524 6.240342 3.654610 3.849152
[10,] 20.37927 166.6333 0.1810976 22.76290 286.6672 42.19589 26.27022 6.240502 3.698654 3.846743
[11,] 20.38442 167.4263 0.1792157 22.69739 286.6673 42.19458 26.27553 6.239720 3.702185 3.849604
[12,] 20.38445 167.4644 0.1794219 22.69119 286.6673 42.19431 26.27585 6.239798 3.701717 3.849857
[13,] 20.38445 167.4644 0.1794219 22.69119 286.6673 42.19431 26.27585 6.239798 3.701717 3.849857

$time
elapsed elapsed elapsed elapsed elapsed elapsed elapsed elapsed elapsed elapsed elapsed elapsed elapsed 
   1.32    4.50    6.47   25.55   29.07  243.53  270.89  272.71  295.10  319.77  365.18  389.96  452.07 

$neval
 [1]   106   262   401  1668  1913 16380 18216 18289 19776 21319 24300 26007 30041

$fbest
[1] 604.5243

$xbest
 [1]  20.3844471 167.4643990   0.1794219  22.6911852 286.6672573  42.1943135  26.2758462   6.2397980   3.7017170   3.8498567

$numeval
[1] 30041

$end_crit
[1] 1

$cpu_time
elapsed 
 452.07 

$Refset
$Refset$x
             [,1]        [,2]       [,3]        [,4]        [,5]       [,6]       [,7]        [,8]        [,9]       [,10]
 [1,]   1.0000000  34.1506500 206.112900   0.7020756  28.8186900 286.715900  26.142480  39.2526000   2.9442740   2.2300730
 [2,]   1.6944750   2.0000000  20.382310 167.2722000   0.1797463  22.707730 286.666100  42.1896400  26.2746400   6.2398100
 [3,]   3.7019280   3.8517380   3.000000  20.3851100 167.4214000   0.179521  22.692170 286.6671000  42.1943400  26.2754100
 [4,]   6.2397770   3.7019870   3.849843   4.0000000  20.3763500 167.331800   0.179811  22.6975500 286.6667000  42.1931600
 [5,]  26.2719900   6.2398980   3.710990   3.8500060   5.0000000  20.378880 167.203000   0.1800521  22.7060700 286.6667000
 [6,]  42.1889800  26.2738200   6.239790   3.7090630   3.8499670   6.000000  20.379970 167.4631000   0.1796893  22.6946400
 [7,] 286.6672000  42.1938000  26.274570   6.2396570   3.7021250   3.849853   7.000000  20.3848300 167.1403000   0.1797928
 [8,]  22.7263500 286.6649000  42.194960  26.2559500   6.2404680   3.691635   3.849881   8.0000000  20.3913600 166.8557000
 [9,]   0.1801192  22.7232000 286.666700  42.1941800  26.2820700   6.240135   3.710293   3.8519730   9.0000000  20.3768600
[10,] 167.2533000   0.1804021  22.703880 286.6661000  42.1884500  26.274210   6.240220   3.7002160   3.8456610  20.3823900
[11,] 167.4234000   0.1888761  22.703400 286.6667000  42.1931200  26.241260   6.213972   3.7262230   4.0373150  20.3854000
[12,] 167.2215000   0.1834222  22.714880 286.6663000  42.1895500  26.267420   6.240524   3.5619870   3.8438810  20.3849300

$Refset$f
 [1] 1000000.0000     604.5243     604.5243     604.5243     604.5243     604.5243     604.8142     605.7361     606.0278     611.2622     617.1267     610.1250

$Refset$fpen
 [1] 9.999975e+11 6.045243e+02 6.045243e+02 6.045243e+02 6.045243e+02 6.045243e+02 6.048142e+02 6.057361e+02 6.060278e+02 6.112622e+02 6.171267e+02 6.101250e+02

$Refset$const
 [1] 1.000000e+06 1.000000e+06 1.000000e+06 1.000000e+06 1.000000e+06 1.900580e+01 3.229807e+01 1.329227e+01 1.518406e+00 2.586778e+00 1.899019e+01 3.229801e+01 1.330783e+01 1.518305e+00 2.587006e+00
[16] 1.898656e+01 3.228901e+01 1.330245e+01 1.518356e+00 2.586672e+00 1.899701e+01 3.229094e+01 1.329393e+01 1.518344e+00 2.586972e+00 1.899252e+01 3.229787e+01 1.330536e+01 1.518293e+00 2.587020e+00
[31] 1.903472e+01 3.230837e+01 1.327365e+01 1.518583e+00 2.584872e+00 1.901290e+01 3.228971e+01 1.327680e+01 1.518327e+00 2.587324e+00 1.900367e+01 3.229978e+01 1.329612e+01 1.518405e+00 2.586799e+00
[46] 1.897718e+01 3.227378e+01 1.329660e+01 1.518431e+00 2.584620e+00 1.915289e+01 3.243801e+01 1.328512e+01 1.518399e+00 2.586384e+00 1.899816e+01 3.229766e+01 1.329950e+01 1.519330e+00 2.583992e+00

$Refset$penalty
 [1] 999996.5      0.0      0.0      0.0      0.0      0.0      0.0      0.0      0.0      0.0      0.0      0.0


