$f
 [1] 3025.4010 2064.0781 1496.3368 1490.1910 1398.4097 1395.2674 1366.9375 1325.6806 1285.8003 1284.9097 1188.5694 1187.0434 1098.8368 1024.1736  998.9323  979.9010  973.3819  961.4028  932.8750
[20]  913.6302  911.6076  907.3038  907.0139  906.7153  906.7066  905.5903  905.3333  904.0972  903.9983  903.1771  903.0434  901.7101  898.9531  897.6875  897.4931  897.4792  896.7986  896.6510
[39]  896.1753  896.0955  896.0955

$x
           [,1]       [,2]       [,3]      [,4]       [,5]      [,6]      [,7]       [,8]      [,9]
 [1,] 13.109186 202.240700  0.8377443 18.908240 286.298700 47.095920 40.997590   3.329421 6.5159210
 [2,]  5.353616 174.263400  0.1185353 23.542400 284.184900 40.629640 37.135980   8.184673 5.2434050
 [3,]  5.000000 174.263400  0.1572464 23.303820 284.247800 46.796210 37.135980   8.269641 5.0197980
 [4,] 22.454736 202.586800  0.5883224 19.813950 286.331900 32.042550 24.000000   6.332160 2.0000000
 [5,] 23.341362 173.866100  0.5810677 20.012070 286.320700 32.137510 24.000000   8.166983 2.0000000
 [6,] 24.785250 136.488000  0.5857987 20.726250 286.297500 28.912910 24.000000   7.418848 2.0000000
 [7,] 21.257832 182.294500  0.4556566 20.650340 286.348900 32.555030 24.028720   7.327814 2.1701060
 [8,] 18.733918 251.514700  0.7313793 18.671120 286.663400 38.919570 24.000000   5.541367 2.3992080
 [9,] 18.733918 270.889700  0.7313793 18.671120 286.663400 38.907070 24.000000   5.528867 2.3992080
[10,] 16.725916 307.664400  0.6471649 17.207290 286.674300 37.863940 24.006230   6.359083 2.1749930
[11,] 15.212628 363.692700  0.6042975 16.815610 286.678700 38.177510 24.007130   6.510862 2.0018690
[12,] 16.513493 314.118200  0.6071697 16.714230 286.642800 38.635160 24.896810   6.564707 2.0129250
[13,] 17.009085 328.192300  0.6737021 17.018420 286.687100 38.769060 24.005990   6.493115 2.2245630
[14,] 15.661145 325.071600  0.6279361 15.990940 286.633600 39.411890 24.207130   6.555608 2.0015450
[15,] 15.614270 346.321600  0.5829361 15.990940 286.633600 39.399390 24.207130   6.555608 2.0281070
[16,] 15.499145 335.700900  0.6266653 17.068870 286.673900 39.449430 24.019430   6.533177 2.1629490
[17,] 15.499145 336.325900  0.6801028 17.068870 286.673900 39.449430 24.019430   6.533177 2.1660740
[18,] 15.517458 319.467000  0.6212439 17.586460 286.660100 38.646450 24.804420   6.527667 2.1078060
[19,] 15.517458 319.467000  0.5649939 17.586460 286.660100 38.646450 24.804420   6.527667 2.2828060
[20,] 15.887972 324.606000  0.8547877 17.411490 286.676800 38.650420 24.912410   6.535408 2.3356210
[21,] 15.887972 324.606000  0.8547877 17.411490 286.676800 38.650420 24.912410   6.535408 2.3606210
[22,] 15.916782 323.721800  1.0000000 17.290650 286.678100 38.650620 24.899460   6.535374 2.5326890
[23,] 15.915794 323.740800  0.9375325 17.304120 286.677100 38.652310 24.909700   6.535409 2.4993950
[24,] 15.904071 321.085200  0.9148464 17.081470 286.670700 38.650590 24.947590   6.535008 2.4478410
[25,] 15.910270 320.780100  0.9152941 17.070740 286.669500 38.652650 24.944440   6.535095 2.4569590
[26,] 15.851760 321.425400  0.9131247 17.105170 286.663500 38.658280 24.952270   6.539699 2.4334630
[27,] 15.854690 321.425400  0.9131247 17.105170 286.663500 38.658280 24.952270   6.539699 2.4334630
[28,] 15.946536 316.073900  0.8966740 17.100140 286.659500 38.653450 24.962790   6.539968 2.5118760
[29,] 15.946536 316.073900  0.8966740 17.100140 286.659500 38.653450 24.922160   6.539968 2.5243760
[30,] 15.946269 315.612800  0.8978960 17.100050 286.657100 38.653390 24.958220   6.540272 2.5339080
[31,] 15.944171 316.318900  0.8854236 17.101670 286.658400 38.655090 24.937540   6.540317 2.4903330
[32,] 16.011599 313.911000  0.8809175 17.084040 286.653500 38.654210 24.930990   6.541403 2.4879120
[33,] 15.967261 314.459700  0.8886225 17.096730 286.661400 38.656330 24.946970   6.540130 2.5062230
[34,] 15.961401 314.459700  0.8886225 17.096730 286.661400 38.656330 24.946970   6.540130 2.5093480
[35,] 15.971335 314.516900  0.8750274 17.088380 286.661700 38.657530 24.943340   6.540276 2.4965960
[36,] 15.972568 314.521100  0.8761014 17.085780 286.662800 38.657740 24.943730   6.540256 2.4905200
[37,] 15.970070 314.504100  0.8778247 17.088500 286.662700 38.657580 24.947510   6.540394 2.4925920
[38,] 15.963825 314.733800  0.8793066 17.084490 286.659500 38.657170 24.944500   6.540488 2.4946870
[39,] 15.965660 314.806100  0.8795553 17.089170 286.662400 38.657930 24.945580   6.540405 2.4965810
[40,] 15.970569 314.496000  0.8780508 17.089050 286.662700 38.657940 24.948460   6.540417 2.4947650
[41,] 15.970569 314.496000  0.8780508 17.089050 286.662700 38.657940 24.948460   6.540417 2.4947650
[42,] 10.000000   2.011427  4.6526060  4.356124   3.711288  3.686672  3.924706   3.694119 3.1485190
[43,]  3.166332   2.609829  1.8804300  2.223769   2.210478  1.827710  1.827710   2.162659 2.1596900
[44,]  1.937263   2.030779  2.0912500  2.091250   2.083136  2.086430  2.046510   2.046573 2.0462020
[45,]  2.046202   2.049701  2.0497010  2.051190   2.045471  2.046811  2.047441   2.047441 2.0464250
[46,]  2.046331   2.046296  2.0441460  2.046126   2.046232  2.046232 13.109186 202.240700 0.8377443
[47,] 18.908240 286.298700 47.0959200 40.997590   3.329421  6.515921  5.353616 174.263400 0.1185353
[48,] 23.542400 284.184900 40.6296400 37.135980   8.184673  5.243405  5.000000 174.263400 0.1572464
[49,] 23.303820 284.247800 46.7962100 37.135980   8.269641  5.019798 22.454736 202.586800 0.5883224
[50,] 19.813950 286.331900 32.0425500 24.000000   6.332160  2.000000 23.341362 173.866100 0.5810677
[51,] 20.012070 286.320700 32.1375100 24.000000   8.166983  2.000000 24.785250 136.488000 0.5857987
[52,] 20.726250 286.297500 28.9129100 24.000000   7.418848  2.000000 21.257832 182.294500 0.4556566
[53,] 20.650340 286.348900 32.5550300 24.028720   7.327814  2.170106 18.733918 251.514700 0.7313793
[54,] 18.671120 286.663400 38.9195700 24.000000   5.541367  2.399208 18.733918 270.889700 0.7313793
[55,] 18.671120 286.663400 38.9070700 24.000000   5.528867  2.399208 16.725916 307.664400 0.6471649
[56,] 17.207290 286.674300 37.8639400 24.006230   6.359083  2.174993 15.212628 363.692700 0.6042975
[57,] 16.815610 286.678700 38.1775100 24.007130   6.510862  2.001869 16.513493 314.118200 0.6071697
[58,] 16.714230 286.642800 38.6351600 24.896810   6.564707  2.012925 17.009085 328.192300 0.6737021
[59,] 17.018420 286.687100 38.7690600 24.005990   6.493115  2.224563 15.661145 325.071600 0.6279361
[60,] 15.990940 286.633600 39.4118900 24.207130   6.555608  2.001545 15.614270 346.321600 0.5829361
[61,] 15.990940 286.633600 39.3993900 24.207130   6.555608  2.028107 15.499145 335.700900 0.6266653
[62,] 17.068870 286.673900 39.4494300 24.019430   6.533177  2.162949 15.499145 336.325900 0.6801028
[63,] 17.068870 286.673900 39.4494300 24.019430   6.533177  2.166074 15.517458 319.467000 0.6212439
[64,] 17.586460 286.660100 38.6464500 24.804420   6.527667  2.107806 15.517458 319.467000 0.5649939
[65,] 17.586460 286.660100 38.6464500 24.804420   6.527667  2.282806 15.887972 324.606000 0.8547877
[66,] 17.411490 286.676800 38.6504200 24.912410   6.535408  2.335621 15.887972 324.606000 0.8547877
[67,] 17.411490 286.676800 38.6504200 24.912410   6.535408  2.360621 15.916782 323.721800 1.0000000
[68,] 17.290650 286.678100 38.6506200 24.899460   6.535374  2.532689 15.915794 323.740800 0.9375325
[69,] 17.304120 286.677100 38.6523100 24.909700   6.535409  2.499395 15.904071 321.085200 0.9148464
[70,] 17.081470 286.670700 38.6505900 24.947590   6.535008  2.447841 15.910270 320.780100 0.9152941
[71,] 17.070740 286.669500 38.6526500 24.944440   6.535095  2.456959 15.851760 321.425400 0.9131247
[72,] 17.105170 286.663500 38.6582800 24.952270   6.539699  2.433463 15.854690 321.425400 0.9131247
[73,] 17.105170 286.663500 38.6582800 24.952270   6.539699  2.433463 15.946536 316.073900 0.8966740
[74,] 17.100140 286.659500 38.6534500 24.962790   6.539968  2.511876 15.946536 316.073900 0.8966740
[75,] 17.100140 286.659500 38.6534500 24.922160   6.539968  2.524376 15.946269 315.612800 0.8978960
[76,] 17.100050 286.657100 38.6533900 24.958220   6.540272  2.533908 15.944171 316.318900 0.8854236
[77,] 17.101670 286.658400 38.6550900 24.937540   6.540317  2.490333 16.011599 313.911000 0.8809175
[78,] 17.084040 286.653500 38.6542100 24.930990   6.541403  2.487912 15.967261 314.459700 0.8886225
[79,] 17.096730 286.661400 38.6563300 24.946970   6.540130  2.506223 15.961401 314.459700 0.8886225
[80,] 17.096730 286.661400 38.6563300 24.946970   6.540130  2.509348 15.971335 314.516900 0.8750274
[81,] 17.088380 286.661700 38.6575300 24.943340   6.540276  2.496596 15.972568 314.521100 0.8761014
[82,] 17.085780 286.662800 38.6577400 24.943730   6.540256  2.490520 15.970070 314.504100 0.8778247
[83,] 17.088500 286.662700 38.6575800 24.947510   6.540394  2.492592 15.963825 314.733800 0.8793066

$time
elapsed elapsed elapsed elapsed elapsed elapsed elapsed elapsed elapsed elapsed elapsed elapsed elapsed elapsed elapsed elapsed elapsed elapsed elapsed elapsed elapsed elapsed elapsed elapsed elapsed 
   1.48    4.58    7.09   15.47   17.55   19.59   24.41   28.31   29.73   37.98   40.06   45.16   47.25   49.36   52.95   67.95   76.52   85.22  100.63  131.50  132.67  151.17  197.16  290.56  293.64 
elapsed elapsed elapsed elapsed elapsed elapsed elapsed elapsed elapsed elapsed elapsed elapsed elapsed elapsed elapsed elapsed 
 350.45  351.50  381.06  382.23  389.13  393.17  399.41  404.48  405.59  416.23  420.45  426.86  430.92  458.30  469.38  475.61 

$neval
 [1]   106   262   432   995  1134  1273  1542  1812  1909  2449  2584  2858  2997  3135  3375  4318  4828  5373  6296  8186  8265  9356 12313 18379 18582 22188 22261 24163 24242 24647 24918 25328
[33] 25606 25684 26372 26645 27059 27274 28998 29679 30018

$fbest
[1] 896.0955

$xbest
 [1]  15.9705686 314.4960245   0.8780508  17.0890465 286.6627260  38.6579438  24.9484644   6.5404174   2.4947647   2.0462321

$numeval
[1] 30018

$end_crit
[1] 1

$cpu_time
elapsed 
 475.61 

$Refset
$Refset$x
             [,1]        [,2]       [,3]        [,4]        [,5]        [,6]        [,7]        [,8]        [,9]       [,10]
 [1,]   1.0000000  15.9705700 314.496000   0.8780508  17.0890500 286.6627000  38.6579400  24.9484600   6.5404170   2.4947650
 [2,]   2.0462320   2.0000000  15.965660 314.8061000   0.8795553  17.0891700 286.6624000  38.6579300  24.9455800   6.5404050
 [3,]   2.4965810   2.0461260   3.000000  15.9732100 314.4743000   0.8774481  17.0904100 286.6630000  38.6582500  24.9431600
 [4,]   6.5404400   2.4981070   2.046257   4.0000000  15.9676900 314.5779000   0.8794948  17.0885700 286.6626000  38.6582300
 [5,]  24.9456000   6.5404170   2.503877   2.0459410   5.0000000  15.9670400 314.6861000   0.8797051  17.0895600 286.6625000
 [6,]  38.6580800  24.9457000   6.540419   2.4996310   2.0469210   6.0000000  15.9708300 314.6006000   0.8822356  17.0835800
 [7,] 286.6615000  38.6580000  24.945440   6.5404420   2.4951980   2.0460310   7.0000000  15.9638300 314.7338000   0.8793066
 [8,]  17.0844900 286.6595000  38.657170  24.9445000   6.5404880   2.4946870   2.0441460   8.0000000  15.9625500 314.9397000
 [9,]   0.8838222  17.0864000 286.662300  38.6580600  24.9466600   6.5404460   2.4960860   2.0453110   9.0000000  15.9638600
[10,] 315.2189000   0.8825181  17.056110 286.6615000  38.6583600  24.9467600   6.5404060   2.5057520   2.0455390  15.9652000
[11,] 314.7261000   0.8800240  17.094350 286.6624000  38.6578400  24.9452500   6.5404030   2.4957730   2.0461430  24.1078200
[12,] 446.2374000   0.6889726  26.713340 284.5524000  25.0163600  41.5073200   6.8505060   6.1256760   2.3242160  17.0230000

$Refset$f
 [1]     896.0955     896.1753     896.1753     896.1753     896.1753     896.4774     896.6510     896.6736     896.6736     896.1753 1000000.0000 1015100.7118

$Refset$fpen
 [1] 8.960955e+02 8.961753e+02 8.961753e+02 8.961753e+02 8.961753e+02 8.964774e+02 8.966510e+02 8.966736e+02 8.966736e+02 8.961753e+02 9.999975e+11 1.015101e+06

$Refset$const
 [1] 1.459428e+01 3.350524e+01 1.891095e+01 1.516326e+00 2.650184e+00 1.459259e+01 3.350342e+01 1.891083e+01 1.516370e+00 2.649844e+00 1.459231e+01 3.350189e+01 1.890959e+01 1.516313e+00 2.649874e+00
[16] 1.458470e+01 3.349612e+01 1.891143e+01 1.516354e+00 2.649889e+00 1.458993e+01 3.350037e+01 1.891044e+01 1.516360e+00 2.649881e+00 1.458838e+01 3.350480e+01 1.891642e+01 1.516473e+00 2.649472e+00
[31] 1.458980e+01 3.350531e+01 1.891551e+01 1.516683e+00 2.648709e+00 1.459031e+01 3.350391e+01 1.891360e+01 1.516377e+00 2.649884e+00 1.455035e+01 3.349425e+01 1.894389e+01 1.516461e+00 2.649585e+00
[46] 1.459858e+01 3.350423e+01 1.890565e+01 1.516373e+00 2.649815e+00 1.000000e+06 1.000000e+06 1.000000e+06 1.000000e+06 1.000000e+06 1.064743e+01 3.060785e+01 1.996042e+01 1.849881e+00 3.259570e+00

$Refset$penalty
 [1]      0.0      0.0      0.0      0.0      0.0      0.0      0.0      0.0      0.0      0.0 999996.5      0.0


