$f
 [1] 1176.8194 1042.2188  805.0694  771.5312  679.1944  597.1493  589.0174  525.1424  509.4722  493.5017  411.6806  411.6163  407.8229  405.7222  404.4531  403.4288  403.0295  402.9583  402.9271
[20]  402.3993  402.1997  402.0625  402.0104  401.8976  401.7812  401.2448  401.1684  401.1024  401.0920  385.7587  356.9896

$x
          [,1]     [,2]      [,3]     [,4]     [,5]     [,6]     [,7]     [,8]     [,9]    [,10]
 [1,] 10.84209 240.2633 0.9814299 23.04964 285.9639 40.73879 27.60791 9.330750 4.879375 1.898170
 [2,] 11.38930 336.3455 0.6063891 21.08702 285.9874 40.56744 28.45346 6.877103 3.739349 2.907331
 [3,] 11.38930 361.4994 0.5333286 20.33702 285.9874 40.56744 28.70471 6.977103 3.675695 2.954100
 [4,] 10.68090 377.7577 0.4892168 20.89750 285.8643 37.93382 27.19220 7.235039 3.277055 3.705290
 [5,] 11.77981 366.2216 0.4607162 20.85013 285.9548 39.00730 26.91314 7.341162 2.000000 3.603510
 [6,] 12.54113 344.9178 0.4560652 20.67748 285.9627 40.46903 26.82388 7.348271 2.081208 3.620489
 [7,] 11.38766 389.4460 0.4555995 21.20304 286.0588 39.50306 27.09988 7.437163 2.011322 3.420589
 [8,] 11.05607 381.9209 0.4922973 19.75068 286.0412 37.82463 27.41793 7.276896 2.451624 2.134558
 [9,] 11.77391 388.4316 0.4313967 20.51490 286.1455 39.76950 27.83621 7.338784 2.392524 3.467874
[10,] 11.14669 398.1143 0.4168273 20.50797 286.1358 40.25358 27.25567 7.330145 2.340492 3.513233
[11,] 11.14669 398.1143 0.4224523 20.50797 286.1404 40.85358 27.58067 7.330145 2.165492 3.655733
[12,] 11.18407 393.4869 0.4081584 20.95738 286.1189 38.31562 27.96742 7.331923 2.270656 3.327711
[13,] 11.29142 393.9162 0.3832068 20.47530 286.1189 38.33937 27.95786 7.334708 2.351915 3.330933
[14,] 11.37948 390.7318 0.3427024 20.33528 286.1279 38.27802 28.06317 7.329047 2.368866 3.320792
[15,] 11.40675 389.6113 0.3458185 20.29750 286.1311 38.25485 28.07038 7.330135 2.387938 3.319714
[16,] 11.21412 394.5795 0.3800061 20.55274 286.1156 38.30800 28.03748 7.333350 2.311199 3.330012
[17,] 11.21412 394.5795 0.3800061 20.55274 286.1156 38.30800 28.03748 7.333350 2.308074 3.330012
[18,] 11.22707 391.4140 0.3824889 20.64554 286.1124 38.32759 27.95503 7.334852 2.324617 3.332461
[19,] 11.22707 391.4140 0.3824889 20.64554 286.1124 38.32759 27.95503 7.334852 2.321492 3.332461
[20,] 11.24870 392.0270 0.3828222 20.60671 286.1094 38.31547 27.93225 7.334456 2.295053 3.340516
[21,] 11.24925 391.5724 0.3829068 20.64129 286.1102 38.34408 27.90835 7.334774 2.296199 3.331567
[22,] 11.24929 391.5712 0.3829179 20.64130 286.1103 38.34879 27.89667 7.334797 2.295946 3.330925
[23,] 11.24680 391.6614 0.3830559 20.64219 286.1094 38.34355 27.87935 7.334728 2.292872 3.324726
[24,] 11.24959 391.5436 0.3815031 20.63659 286.1112 38.34788 27.90165 7.334856 2.291939 3.331321
[25,] 11.24680 391.5038 0.3812818 20.61990 286.1089 38.35108 27.90426 7.336039 2.300080 3.324464
[26,] 11.24672 391.6629 0.3801867 20.61649 286.1115 38.36565 27.90409 7.336219 2.289466 3.326017
[27,] 11.25006 391.1939 0.3691779 20.61834 286.1115 38.33627 27.90171 7.335098 2.297035 3.327215
[28,] 11.25032 391.1661 0.3702174 20.61894 286.1115 38.33957 27.90074 7.335287 2.295420 3.326141
[29,] 11.25271 391.8285 0.3702033 20.63520 286.1115 38.33777 27.95404 7.335218 2.247115 3.326610
[30,] 11.38633 389.7754 0.4452440 20.12907 286.2197 42.43381 27.66473 7.398807 2.315717 3.044804
[31,] 11.38633 369.4629 0.3552440 20.12907 286.2209 42.43381 27.66473 7.398807 2.315717 3.044804

$neval
 [1]   106   253   427   715   856  1135  1274  1553  1696  1839  1971  3648  3854  4127  4396  4533  5143 10174 10248 10929 12226 12907 14612 18128 19014 20588 25329 27556 29562 29906 30043

$fbest
[1] 356.9896

$xbest
 [1]  11.386326 369.462921   0.355244  20.129070 286.220861  42.433810  27.664727   7.398807   2.315717   3.044804

$numeval
[1] 30043

$cpu_time
[1] 443.85

$Refset
$Refset$x
             [,1]        [,2]        [,3]        [,4]        [,5]        [,6]        [,7]        [,8]
 [1,]   1.0000000  11.3863300 389.7754208   0.4452440  20.1290700 286.2196890  42.4338100  27.6647271
 [2,]   7.3988070   2.0000000 391.8284800  20.6351954  38.3377746   7.3352180   3.3266100 391.8284800
 [3,]  20.6351954  38.3377750   3.0000000  11.2527100   0.3702033 286.1115134  27.9540430   2.2471150
 [4,]  11.2527100   0.3702033 286.1115130   4.0000000  11.2527100 391.8284757   0.3702033  20.6351950
 [5,] 286.1115130  38.3377700  27.9540429   7.3352180   5.0000000  11.2503200 391.1660613   0.3702174
 [6,]  20.6189360 286.1115260  38.3395700  27.9007406   7.3352870   6.0000000  11.2497300 391.2540041
 [7,]   0.3701125  20.6181220 286.1112040  38.3429600  27.8925460   7.3352120   7.0000000  11.2514400
 [8,] 391.0781881   0.3698094  20.6171820 286.1116210  38.3383000  27.9022903   7.3351530   8.0000000
 [9,]  11.2488000 390.7638532   0.3704000  20.6394670 286.1113450  38.3427600  27.9006381   7.3354480
[10,]   9.0000000  11.2510400 391.0395133   0.3699006  20.6261190 286.1114390  38.3454800  27.9015196
[11,]   7.3352200  11.2505200 391.1158744   0.3700346  20.6232240 286.1115280  38.3391800  27.9013213
[12,]   7.3352620  11.2934400 391.5528123   0.3706772  20.5482820 286.1118860  38.3470300  27.9286363
[13,]   7.3352390  11.4691500 389.4619651   0.4301786  20.1496070 286.1933850  42.4441800  27.7539026
[14,]   7.3876580   9.0000000  10.0000000   1.0000000   2.3157170   3.0448040   2.0000000   7.3352180
[15,]   3.3266100   3.0000000  27.9540430   2.2471150   4.0000000   2.2471150   3.3266100   5.0000000
[16,]   2.2954200   3.3261410   6.0000000   2.2930070   3.3230840   7.0000000   2.2974470   3.3265730
[17,]   8.0000000   2.3001570   3.3276960   9.0000000   2.2974310   3.3271520   2.2968480   3.3264400
[18,]   2.2862650   3.3299070   2.3036050   3.1353800   1.0000000  11.3863300 389.7754208   0.4452440
[19,]  20.1290700 286.2196890  42.4338100  27.6647271   7.3988070   2.0000000 391.8284800  20.6351954
[20,]  38.3377746   7.3352180   3.3266100 391.8284800  20.6351954  38.3377750   3.0000000  11.2527100
[21,]   0.3702033 286.1115134  27.9540430   2.2471150  11.2527100   0.3702033 286.1115130   4.0000000
[22,]  11.2527100 391.8284757   0.3702033  20.6351950 286.1115130  38.3377700  27.9540429   7.3352180
[23,]   5.0000000  11.2503200 391.1660613   0.3702174  20.6189360 286.1115260  38.3395700  27.9007406
[24,]   7.3352870   6.0000000  11.2497300 391.2540041   0.3701125  20.6181220 286.1112040  38.3429600
[25,]  27.8925460   7.3352120   7.0000000  11.2514400 391.0781881   0.3698094  20.6171820 286.1116210

$Refset$f
 [1] 385.7587 401.0920 401.0920 401.0920 401.1024 401.1024 401.1024 401.1684 401.1684 401.1684 402.0781 410.8403

$Refset$fpen
 [1] 385.7587 401.0920 401.0920 401.0920 401.1024 401.1024 401.1024 401.1684 401.1684 401.1684 402.0781 410.8403

$Refset$const
 [1] 17.813350 33.684283 15.870930  1.562939  2.518476 33.752880  1.569569 18.388080 15.364805  2.710059 18.388080 15.364805  2.710059 33.752885  1.569569 18.388080 33.752885 15.364805  1.569569
[20]  2.710059 18.323520 33.704580 15.381064  1.569699  2.705646 18.325120 33.706993 15.381878  1.569763  2.704683 18.319730 33.702553 15.382818  1.569682  2.705876 18.339310 33.699843 15.360533
[39]  1.569727  2.705392 18.328690 33.702569 15.373881  1.569718  2.705334 18.326380 33.703152 15.376776  1.569697  2.705716 18.262020 33.713735 15.451718  1.569603  2.707575 17.846000 33.696395
[58] 15.850393  1.565609  2.515902

$Refset$penalty
 [1] 0 0 0 0 0 0 0 0 0 0 0 0


