$f
 [1] 1403.1510 1163.2951  902.2101  877.3316  836.1806  836.0521  704.9514  674.4635  537.5556  533.5035

$x
          [,1]     [,2]      [,3]     [,4]     [,5]     [,6]     [,7]     [,8]     [,9]    [,10]
 [1,] 20.93640 428.0176 0.9919636 19.16388 285.7564 33.14078 24.02379 2.977210 3.507514 1.279113
 [2,] 12.89138 175.2535 0.8943743 27.39466 285.6706 40.56842 26.49476 9.957902 6.243114 3.956315
 [3,] 14.12622 155.2535 0.9552842 27.01966 285.6706 40.42700 26.49476 9.935355 6.243114 3.979406
 [4,] 22.94069 316.4273 0.6975225 17.87216 286.6840 39.28167 26.36531 3.978182 5.943440 2.451341
 [5,] 19.93805 266.7212 0.8768683 25.46395 286.4478 40.04094 29.72155 5.713960 2.776200 3.434595
 [6,] 19.67329 281.2797 0.9549123 25.34616 286.4450 40.20853 29.70534 6.044689 2.000000 3.376803
 [7,] 19.19837 281.3350 1.0000000 25.29644 286.4450 40.77317 29.60029 5.994689 2.075132 3.385200
 [8,] 20.28299 311.9586 0.5371251 16.97134 286.6906 39.22434 24.46580 6.344486 5.862778 1.297344
 [9,] 19.45431 331.9586 0.9964594 16.97134 286.6906 39.22434 24.14080 6.344486 6.709991 1.302327
[10,] 19.44259 331.9586 0.9964594 16.97720 286.6906 39.21809 24.13512 6.344486 6.709991 1.301585

$time
elapsed elapsed elapsed elapsed elapsed elapsed elapsed elapsed elapsed elapsed 
   1.30    3.47    5.48   17.97   19.88   23.83   28.52   74.84   76.95  440.80 

$neval
 [1]   106   257   402  1230  1365  1642  1976  5073  5223 30046

$fbest
[1] 533.5035

$xbest
 [1]  19.4425914 331.9586243   0.9964594  16.9771960 286.6905853  39.2180875  24.1351246   6.3444863   6.7099912   1.3015851

$numeval
[1] 30046

$end_crit
[1] 1

$cpu_time
elapsed 
  440.8 

$Refset
$Refset$x
             [,1]        [,2]       [,3]       [,4]       [,5]        [,6]        [,7]       [,8]        [,9]       [,10]
 [1,]   1.0000000  18.9538700 354.063700   0.999238  16.793750 286.4923000  42.7183300  25.196890   6.2441270   6.4001120
 [2,]   3.1875030   2.0000000  18.960370 353.804200   1.000000  16.7795700 286.4920000  42.714440  25.1940200   6.2472490
 [3,]   6.4082140   3.1872210   3.000000  18.968770 353.932400   0.9991679  16.7581000 286.491400  42.7289400  25.1959000
 [4,]   6.2440170   6.4212770   3.183099   4.000000  18.951540 353.8866000   0.9992521  16.781820 286.4930000  42.7219400
 [5,]  25.1952700   6.2442390   6.414380   3.186170   5.000000  18.9522700 353.5980000   1.000000  16.7873100 286.4934000
 [6,]  42.7037600  25.1925500   6.248863   6.420077   3.186772   6.0000000  18.9423100 353.662800   0.9990652  16.8885800
 [7,] 286.4948000  42.7109300  25.199010   6.244063   6.362036   3.1851960   7.0000000  18.931570 353.8557000   0.9992433
 [8,]  16.7963400 286.4923000  42.721230  25.528520   6.244560   6.4103350   3.1866470   8.000000  18.9611000 353.3560000
 [9,]   0.9986698  17.5451100 286.533500  42.750360  25.200270   6.2448370   6.4346550   3.180881   9.0000000  18.9596900
[10,] 353.5484000   0.9993118  17.548170 286.533600  42.746060  25.2016200   6.2446530   6.428065   3.1810520  18.9572700
[11,] 353.8578000   0.9978054  16.787680 286.492000  42.707110  25.1951100   6.2452840   6.409071   3.1870320  18.9519300
[12,] 353.8655000   0.9992694  16.779500 286.492900  42.689450  25.1828600   6.2430130   6.410899   3.1824240  18.5421700

$Refset$f
 [1]  595.6875  595.5278  595.8021  596.3229  594.5174  595.7500  599.4149  605.1406  605.2222  597.0069  608.0764 2513.5955

$Refset$fpen
 [1]  595.6875  595.5278  595.8021  596.3229  594.5174  595.7500  599.4149  605.1406  605.2222  597.0069  608.0764 2513.5955

$Refset$const
 [1] 10.393640 29.599890 19.206250  1.538369  2.438070 10.371360 29.591790 19.220430  1.538391  2.437967 10.336820 29.578720 19.241900  1.538464  2.437343 10.367440 29.585620 19.218180  1.538298
[20]  2.438093 10.367230 29.579920 19.212690  1.538256  2.438691 10.526550 29.637960 19.111420  1.538112  2.439297 10.386000 29.589670 19.203660  1.537989  2.458208 11.110460 29.565350 18.454890
[39]  1.534386  2.450525 11.120100 29.571930 18.451830  1.534372  2.450793 10.378610 29.590930 19.212320  1.538385  2.438295 10.368600 29.589100 19.220500  1.538307  2.438451  9.684420 29.616050
[58] 19.931630  1.660035  2.204586

$Refset$penalty
 [1] 0 0 0 0 0 0 0 0 0 0 0 0


