$f
 [1] 1773.9983 1773.1215 1345.8924 1281.1233 1257.0920 1229.1944 1218.5191 1207.3889 1156.8108 1138.8698 1064.8142 1043.3646 1042.2535 1040.3177 1039.5556 1035.1788 1031.1701 1029.8733 1027.9531
[20] 1003.6424 1002.5243  976.5417  974.7882  974.6267  973.1806  972.7014  972.5660  972.0382  971.8750  971.7066  971.6215  971.4965

$x
           [,1]       [,2]       [,3]      [,4]       [,5]      [,6]      [,7]       [,8]      [,9]
 [1,] 14.224362 350.929400  0.2911306 17.961780 286.507800 36.841890 28.990690   4.187694 5.3965510
 [2,]  5.561307 370.987600  0.8827388 21.461520 285.188300 47.174400 44.549950   2.054553 3.7154600
 [3,]  5.561307 370.987600  0.8939888 22.211520 285.413300 47.174400 43.249950   2.054553 4.1154600
 [4,]  5.601669 364.869000  0.9849909 23.518120 285.185600 47.944270 40.791860   2.125749 3.6685220
 [5,]  5.588600 362.395500  0.9880939 23.143780 285.166300 47.873250 40.380970   2.152254 3.5310640
 [6,]  5.595156 364.031200  0.9995045 22.952950 285.073800 47.865340 39.057890   2.220289 3.6315080
 [7,]  5.595156 365.281200  0.9966920 22.952950 285.073800 48.000000 38.976640   2.070289 3.6315080
 [8,] 18.155340 102.424500  0.1451003 23.380990 285.088400 35.032110 24.314270   6.449621 7.1341540
 [9,] 18.155340 100.000000  0.1449245 23.386850 285.088400 35.032110 24.314270   6.474621 7.1341540
[10,] 16.293299 145.735000  0.1749506 23.981130 285.201000 36.430540 24.888260   6.508374 4.4214440
[11,] 16.293299 145.735000  0.1749506 23.979660 285.182200 36.430540 24.888260   6.508374 4.4339440
[12,] 16.307615 146.350300  0.1761942 23.679970 285.190300 36.376060 24.902050   6.499655 4.6346080
[13,] 16.307615 146.350300  0.1762821 23.679970 285.190300 36.376060 24.902050   6.499655 4.6408580
[14,] 16.304753 143.616900  0.1825453 23.701580 285.187600 36.402500 24.852390   6.503761 4.7356080
[15,] 16.304753 143.616900  0.1825453 23.701580 285.187600 36.402500 24.852390   6.503761 4.7324830
[16,] 16.063186 144.721300  0.1797126 23.715180 285.180200 36.450190 24.833150   6.525819 4.8108510
[17,] 15.979820 145.204500  0.1789134 23.718140 285.179100 36.445450 24.823880   6.526699 4.8506460
[18,] 15.979820 145.204500  0.1789134 23.718140 285.179100 36.445450 24.823880   6.526699 4.8537710
[19,] 16.312608 142.548700  0.1897220 23.479130 285.257700 36.456790 25.186010   6.492081 4.8867380
[20,] 16.312608 142.626800  0.2118705 23.479130 285.253000 36.456790 25.226630   6.492081 4.8734800
[21,] 16.194342 142.306800  0.1922003 23.446040 285.225400 36.525900 25.128770   6.511543 4.9527870
[22,] 16.194342 142.306800  0.2161066 23.446040 285.230100 36.525900 25.128770   6.511543 4.9090370
[23,] 16.268099 142.445200  0.2099459 23.313860 285.228900 36.563290 25.099550   6.518140 4.9280380
[24,] 16.268099 142.445200  0.2099459 23.314040 285.228900 36.563290 25.099550   6.518140 4.9280380
[25,] 16.267694 142.435900  0.2075848 23.332000 285.230000 36.566500 25.099790   6.517819 4.9180260
[26,] 16.267541 142.433400  0.2074437 23.325380 285.230000 36.566390 25.100270   6.517850 4.9186680
[27,] 16.267175 142.410400  0.2084913 23.340050 285.230400 36.566050 25.101170   6.517803 4.9148030
[28,] 16.268023 142.383700  0.2073882 23.350470 285.230000 36.566370 25.101810   6.517935 4.9108480
[29,] 16.265208 142.445800  0.2071126 23.339330 285.229700 36.565380 25.100900   6.517898 4.9187430
[30,] 16.295675 142.403900  0.2070692 23.341130 285.234800 36.568290 25.096580   6.517721 4.8814660
[31,] 16.295675 142.403900  0.2070692 23.341130 285.234800 36.568290 25.096580   6.517721 4.8783410
[32,] 16.298605 142.403900  0.2070692 23.341130 285.234800 36.568290 25.096580   6.517721 4.8783410
[33,] 10.000000   3.019976  3.9461650  3.946165   4.221885  4.355764  4.535545   4.535545 1.3793160
[34,]  1.379316   1.334381  1.3343810  1.336147   1.336147  1.333732  1.333732   1.319208 1.3143170
[35,]  1.314317   1.323516  1.3235160  1.315851   1.315851  1.313339  1.313339   1.313394 1.3132890
[36,]  1.313603   1.313072  1.3134760  1.312973   1.312973  1.312973 14.224362 350.929400 0.2911306
[37,] 17.961780 286.507800 36.8418900 28.990690   4.187694  5.396551  5.561307 370.987600 0.8827388
[38,] 21.461520 285.188300 47.1744000 44.549950   2.054553  3.715460  5.561307 370.987600 0.8939888
[39,] 22.211520 285.413300 47.1744000 43.249950   2.054553  4.115460  5.601669 364.869000 0.9849909
[40,] 23.518120 285.185600 47.9442700 40.791860   2.125749  3.668522  5.588600 362.395500 0.9880939
[41,] 23.143780 285.166300 47.8732500 40.380970   2.152254  3.531064  5.595156 364.031200 0.9995045
[42,] 22.952950 285.073800 47.8653400 39.057890   2.220289  3.631508  5.595156 365.281200 0.9966920
[43,] 22.952950 285.073800 48.0000000 38.976640   2.070289  3.631508 18.155340 102.424500 0.1451003
[44,] 23.380990 285.088400 35.0321100 24.314270   6.449621  7.134154 18.155340 100.000000 0.1449245
[45,] 23.386850 285.088400 35.0321100 24.314270   6.474621  7.134154 16.293299 145.735000 0.1749506
[46,] 23.981130 285.201000 36.4305400 24.888260   6.508374  4.421444 16.293299 145.735000 0.1749506
[47,] 23.979660 285.182200 36.4305400 24.888260   6.508374  4.433944 16.307615 146.350300 0.1761942
[48,] 23.679970 285.190300 36.3760600 24.902050   6.499655  4.634608 16.307615 146.350300 0.1762821
[49,] 23.679970 285.190300 36.3760600 24.902050   6.499655  4.640858 16.304753 143.616900 0.1825453
[50,] 23.701580 285.187600 36.4025000 24.852390   6.503761  4.735608 16.304753 143.616900 0.1825453
[51,] 23.701580 285.187600 36.4025000 24.852390   6.503761  4.732483 16.063186 144.721300 0.1797126
[52,] 23.715180 285.180200 36.4501900 24.833150   6.525819  4.810851 15.979820 145.204500 0.1789134
[53,] 23.718140 285.179100 36.4454500 24.823880   6.526699  4.850646 15.979820 145.204500 0.1789134
[54,] 23.718140 285.179100 36.4454500 24.823880   6.526699  4.853771 16.312608 142.548700 0.1897220
[55,] 23.479130 285.257700 36.4567900 25.186010   6.492081  4.886738 16.312608 142.626800 0.2118705
[56,] 23.479130 285.253000 36.4567900 25.226630   6.492081  4.873480 16.194342 142.306800 0.1922003
[57,] 23.446040 285.225400 36.5259000 25.128770   6.511543  4.952787 16.194342 142.306800 0.2161066
[58,] 23.446040 285.230100 36.5259000 25.128770   6.511543  4.909037 16.268099 142.445200 0.2099459
[59,] 23.313860 285.228900 36.5632900 25.099550   6.518140  4.928038 16.268099 142.445200 0.2099459
[60,] 23.314040 285.228900 36.5632900 25.099550   6.518140  4.928038 16.267694 142.435900 0.2075848
[61,] 23.332000 285.230000 36.5665000 25.099790   6.517819  4.918026 16.267541 142.433400 0.2074437
[62,] 23.325380 285.230000 36.5663900 25.100270   6.517850  4.918668 16.267175 142.410400 0.2084913
[63,] 23.340050 285.230400 36.5660500 25.101170   6.517803  4.914803 16.268023 142.383700 0.2073882
[64,] 23.350470 285.230000 36.5663700 25.101810   6.517935  4.910848 16.265208 142.445800 0.2071126
[65,] 23.339330 285.229700 36.5653800 25.100900   6.517898  4.918743 16.295675 142.403900 0.2070692

$time
elapsed elapsed elapsed elapsed elapsed elapsed elapsed elapsed elapsed elapsed elapsed elapsed elapsed elapsed elapsed elapsed elapsed elapsed elapsed elapsed elapsed elapsed elapsed elapsed elapsed 
   1.83    5.61    7.73   23.81   34.73   37.61   40.36   74.50   76.31  107.03  108.87  141.72  143.45  239.69  241.26  264.81  281.36  302.83  336.62  338.76  414.62  416.72  513.26  514.86  517.53 
elapsed elapsed elapsed elapsed elapsed elapsed elapsed 
 528.84  535.56  538.62  544.47  600.80  602.37  667.86 

$neval
 [1]   106   255   367  1063  1608  1746  1843  3448  3537  4880  4964  6453  6532 10859 10933 12011 12751 13773 15264 15373 18794 18889 23114 23187 23324 23875 24152 24293 24571 27093 27167 30049

$fbest
[1] 971.4965

$xbest
 [1]  16.2986047 142.4038611   0.2070692  23.3411265 285.2348031  36.5682894  25.0965767   6.5177214   4.8783405   1.3129731

$numeval
[1] 30049

$end_crit
[1] 1

$cpu_time
elapsed 
 667.86 

$Refset
$Refset$x
             [,1]        [,2]       [,3]        [,4]        [,5]        [,6]        [,7]        [,8]        [,9]       [,10]
 [1,]   1.0000000  16.2771700 142.364100   0.2066869  23.3431300 285.2314000  36.5678400  25.1004300   6.5185430   4.9084830
 [2,]   1.3129100   2.0000000  16.272750 142.4255000   0.2069318  23.3440900 285.2307000  36.5645700  25.1031700   6.5178000
 [3,]   4.9112420   1.3134220   3.000000  16.2823300 142.4363000   0.2067063  23.3455600 285.2325000  36.5656200  25.1016700
 [4,]   6.5180090   4.8985520   1.312758   4.0000000  16.2659800 144.5472000   0.2067029  23.3431900 285.2327000  36.5599400
 [5,]  25.1024700   6.5178730   4.909906   1.3137130   5.0000000  16.1311400 144.1336000   0.2127704  22.8647300 285.2359000
 [6,]  36.2738300  25.2421700   6.516993   5.5361810   1.3590280   6.0000000  14.2259300 138.1172000   0.3811528  23.4547500
 [7,] 285.1847000  36.3747300  24.921110   7.3994200   4.4396250   1.5708430   7.0000000  16.2818900 143.8751000   0.2064162
 [8,]  23.3337300 285.2447000  36.371580  25.2644600   6.5356150   4.9060600   1.3290520   8.0000000  16.5210900 145.6087000
 [9,]   0.2281706  23.3346600 285.651000  37.0472800  25.2337700   5.7043080   6.7225740   1.3823410   9.0000000  16.2148900
[10,] 175.5265000   0.3428515  23.063000 285.6557000  37.0157000  25.3328400   7.1873010   4.8126260   3.4003710  14.1338900
[11,] 172.4924000   0.4636287  24.470940 286.1626000  36.6112000  31.2692700   3.6011180   5.8908730   1.9961570  16.8847400
[12,] 133.0016000   0.2151140  21.726270 285.9939000  35.3128000  25.7936600   7.4734650   5.5439200   1.4645110  14.6485500

$Refset$f
 [1]  971.7448  971.7448  971.9115 1015.4427 1134.2326 1329.1597 1155.7934 1464.2257 1619.3924 2571.2674 2393.8038 2412.5503

$Refset$fpen
 [1]  971.7448  971.7448  971.9115 1015.4427 1134.2326 1329.1597 1155.7934 1464.2257 1619.3924 2571.2674 2393.8038 2412.5503

$Refset$const
 [1] 18.434650 31.091520 12.656870  1.668082  2.376166 18.432850 31.088760 12.655910  1.668179  2.376388 18.447010 31.101450 12.654440  1.667971  2.376563 18.433280 31.090090 12.656810  1.667967
[20]  2.376930 17.328550 30.463820 13.135270  1.668842  2.401685 19.015130 31.560370 12.545250  1.672896  2.364700 18.427670 31.093940 12.666270  1.667718  2.399969 16.612090 29.277430 12.665340
[39]  1.622771  2.447197 18.250370 31.187370 12.937000  1.622398  2.457008 18.580070 30.109130 11.529060  1.544760  3.173737 16.182350 30.456080 14.273730  1.583297  2.677896 20.016920 31.644270
[58] 11.627350  1.669445  3.028295

$Refset$penalty
 [1] 0 0 0 0 0 0 0 0 0 0 0 0


