$f
 [1] 1904.1771  629.3038  507.8368  506.7691  473.0243  471.3437  460.4705  388.7205  384.4115  373.8594  373.4861  373.4705  373.4670  373.3906  373.0937  372.8628  372.5903  372.0885  371.6302
[20]  371.2726  369.9028  369.6858  369.6858

$x
          [,1]     [,2]      [,3]     [,4]     [,5]     [,6]     [,7]     [,8]      [,9]    [,10]
xbest 43.75324 171.9587 0.7497726 16.11650 286.0174 39.51891 28.83238 6.145195  9.897914 3.344908
xbest 36.55567 274.2640 0.2875489 15.87983 286.2774 40.04787 31.50375 6.679152  7.459812 3.505257
xbest 36.55567 274.2640 0.1850834 15.87983 286.2774 40.04787 32.56000 6.677351  7.304672 3.557640
xbest 36.55567 274.2640 0.2214512 15.87983 286.2774 40.04787 32.29757 6.678389  7.382551 3.555262
xbest 39.00584 186.3409 0.1031768 15.00000 286.1496 46.73932 24.64682 3.090744 10.000000 4.972067
xbest 39.00584 186.4971 0.1031768 15.00000 286.1496 46.73932 24.64682 3.090744  9.987500 4.972067
xbest 40.59687 178.6972 0.1189529 21.04133 286.0814 45.15937 26.49822 2.940192  5.995032 4.249681
xbest 40.59687 178.6972 0.1484591 21.04133 286.0814 45.15937 26.70134 2.890192  5.888902 4.177990
xbest 36.25095 216.4780 0.2443342 20.80528 286.0321 43.65440 30.87140 2.714619  6.718755 4.147808
xbest 36.15720 216.4780 0.2429280 20.80528 286.0133 43.62940 30.87140 2.714619  6.706255 4.147808
xbest 36.39690 228.8844 0.2455595 20.80480 286.0308 43.65134 30.92863 2.715011  6.258700 4.143863
xbest 36.40276 228.8844 0.2455595 20.80480 286.0308 43.65134 30.92863 2.715011  6.258700 4.143863
xbest 36.39433 227.2039 0.2456159 20.80100 286.0308 43.65094 30.92945 2.714960  6.311946 4.142901
xbest 36.39623 227.3540 0.2455328 20.80152 286.0312 43.65087 30.92315 2.714955  6.308693 4.142950
xbest 36.39197 227.5347 0.2454757 20.79760 286.0295 43.65321 30.92282 2.715506  6.306251 4.145029
xbest 36.56170 225.5738 0.2550089 20.83378 286.0266 43.65037 30.83068 2.714420  6.362728 4.154631
xbest 36.55160 226.9223 0.2488753 20.80274 286.0221 43.65085 30.81964 2.714985  6.321828 4.146517
xbest 36.54543 227.2779 0.2423469 20.81442 286.0178 43.65122 30.81712 2.715016  6.274061 4.139757
xbest 36.54161 228.4165 0.2399910 20.80950 286.0164 43.65275 30.80575 2.715430  6.224914 4.137745
xbest 36.51937 228.6751 0.2257308 20.78268 286.0116 43.65417 30.78902 2.715640  6.165466 4.131129
xbest 36.63466 227.0797 0.2358260 20.81507 286.0222 43.64555 30.84043 2.715313  6.209349 4.137300
xbest 36.63466 227.0797 0.2358260 20.81507 286.0222 43.64555 30.84043 2.715313  6.206224 4.137300
xbest 36.63466 227.0797 0.2358260 20.81507 286.0222 43.64555 30.84043 2.715313  6.206224 4.137300

$time
elapsed elapsed elapsed elapsed elapsed elapsed elapsed elapsed elapsed elapsed elapsed elapsed elapsed elapsed elapsed elapsed elapsed elapsed elapsed elapsed elapsed elapsed elapsed 
   1.02    2.70    4.34    9.00   12.52   21.00   58.48   60.31  160.77  161.83  209.59  210.47  234.39  246.39  263.34  268.19  285.27  289.59  291.23  297.52  299.03  302.94  354.52 

$neval
 [1]   106   262   409   837  1117  1869  4834  4980 13637 13735 17819 17892 19904 20939 22389 22809 24241 24580 24716 25264 25399 25747 30096

$fbest
[1] 369.6858

$xbest
 [1]  36.634661 227.079716   0.235826  20.815071 286.022225  43.645552  30.840428   2.715313   6.206224   4.137300

$numeval
[1] 30096

$end_crit
[1] 1

$cpu_time
elapsed 
 354.52 

$Refset
$Refset$x
          [,1]     [,2]      [,3]     [,4]     [,5]     [,6]     [,7]     [,8]     [,9]    [,10]
 [1,] 36.55564 225.6046 0.2407332 20.83637 286.0243 43.64603 30.84050 2.715500 6.283967 4.141836
 [2,] 36.55645 225.7614 0.2399444 20.83297 286.0242 43.64655 30.83736 2.715485 6.275235 4.142643
 [3,] 36.55028 225.4355 0.2404181 20.83888 286.0227 43.64520 30.84253 2.715481 6.292104 4.143443
 [4,] 36.55036 225.6619 0.2402099 20.81930 286.0249 43.64554 30.84477 2.715490 6.294537 4.144036
 [5,] 36.55341 225.7248 0.2402419 20.83477 286.0229 43.64510 30.84203 2.715430 6.280333 4.142851
 [6,] 36.52030 226.0968 0.2400353 20.83908 286.0242 43.64639 30.83903 2.715427 6.279071 4.146332
 [7,] 36.54948 226.8456 0.2387043 20.81961 286.0222 43.64394 30.83603 2.715438 6.250955 4.143962
 [8,] 36.54922 227.4401 0.2385760 20.81579 286.0215 43.64621 30.82613 2.715582 6.230523 4.143475
 [9,] 36.57123 226.6626 0.2402938 20.82029 286.0241 43.64901 30.83613 2.715602 6.253844 4.146609
[10,] 36.55150 225.6683 0.2404216 20.83594 286.0242 43.64593 30.84706 2.715486 6.286808 4.141172
[11,] 36.55417 226.9284 0.2394044 20.82203 286.0221 43.64292 30.82502 2.715633 6.264766 4.129296
[12,] 39.80029 208.8121 0.3849189 20.39004 285.9242 42.38345 29.42899 3.254727 6.550693 4.394391

$Refset$f
 [1] 370.0191 370.0191 370.0191 370.0191 370.0191 370.0365 370.2118 370.2413 370.0312 370.4462 372.0938 510.5486

$Refset$fpen
 [1] 370.0191 370.0191 370.0191 370.0191 370.0191 370.0365 370.2118 370.2413 370.0312 370.4462 372.0938 510.5486

$Refset$const
          [,1]     [,2]     [,3]     [,4]     [,5]
 [1,] 14.55240 29.71603 15.16363 1.581371 2.615385
 [2,] 14.55773 29.72476 15.16703 1.581388 2.615116
 [3,] 14.54677 29.70790 15.16112 1.581541 2.615115
 [4,] 14.52476 29.70546 15.18070 1.581292 2.615883
 [5,] 14.55444 29.71967 15.16523 1.581521 2.615138
 [6,] 14.56001 29.72093 15.16092 1.581378 2.615257
 [7,] 14.56866 29.74904 15.18039 1.581607 2.614584
 [8,] 14.58527 29.76948 15.18421 1.581703 2.613604
 [9,] 14.56645 29.74616 15.17971 1.581404 2.614888
[10,] 14.54914 29.71319 15.16406 1.581375 2.615798
[11,] 14.55727 29.73523 15.17797 1.581641 2.613842
[12,] 13.83935 29.44931 15.60996 1.593132 2.551791

$Refset$penalty
 [1] 0 0 0 0 0 0 0 0 0 0 0 0


