$f
 [1] 1343.4253 1015.1892  826.7222  809.0990  759.3351  719.6476  717.5347  709.1788  678.3194  656.4722  634.5382  625.2135  624.8802  624.2656  623.1979  623.0260  622.9861  622.5087  622.4236
[20]  621.6597  621.2344  619.3906  619.2222  617.3125  615.4705  612.2552  610.0208  608.3299  600.8177  599.3924  589.4184  587.1146  586.1302  581.3889  581.0278  577.0156  576.6424  575.8646
[39]  575.4444  575.3177  574.8681  572.9670  571.5312  571.2431  570.9323  566.4531  553.6788

$x
          [,1]     [,2]      [,3]     [,4]     [,5]     [,6]     [,7]     [,8]     [,9]    [,10]
xbest 20.68605 463.2673 0.3532200 17.54391 285.4852 36.57934 29.71421 9.090308 6.660291 3.422378
xbest 32.12529 209.6367 0.9562130 24.25247 285.3115 44.98589 24.68036 2.252559 6.590237 3.491533
xbest 32.12529 209.6367 0.2282580 24.25247 285.1524 44.98589 24.05745 2.000000 6.095262 5.000000
xbest 32.12529 209.6367 0.1367443 24.25247 285.0725 44.98589 24.16399 2.057859 5.866618 4.928303
xbest 28.50309 324.5917 0.1008887 23.72421 285.2200 47.51019 24.66769 2.249321 2.000000 3.773552
xbest 29.25199 307.3558 0.1096735 22.90312 285.2864 44.57694 24.45162 5.464971 2.287988 3.194208
xbest 29.23281 322.4960 0.1087988 23.75910 285.4595 47.01062 24.97552 2.440862 2.120879 4.031746
xbest 29.23644 318.6353 0.1090787 24.28737 285.5456 47.12265 24.89099 3.169028 2.137245 4.274726
xbest 27.30277 450.0156 0.1183747 20.88688 286.1760 45.33958 25.26256 2.984603 2.030627 3.321141
xbest 27.30277 448.7656 0.1182868 20.88688 286.2135 45.33958 25.23209 2.984603 2.006250 3.321141
xbest 30.68434 306.0753 0.1141723 24.06828 286.1611 46.06272 24.83067 2.925314 2.560749 3.353545
xbest 30.68434 306.0753 0.1141723 24.06242 286.1611 46.06272 24.83067 2.919064 2.523249 3.353545
xbest 30.90418 305.8547 0.1174702 24.01461 286.1555 46.07633 24.88620 2.921150 2.477011 3.348383
xbest 30.90418 305.8547 0.1167670 24.03805 286.1555 46.07633 24.92683 2.921150 2.489511 3.342446
xbest 30.90165 306.1908 0.1095025 24.01276 286.1512 46.08183 24.88510 2.920950 2.449344 3.348500
xbest 30.90954 306.2471 0.1099474 24.01255 286.1508 46.08208 24.89617 2.920907 2.442448 3.348548
xbest 30.90954 306.2471 0.1099474 24.01255 286.1508 46.08208 24.85554 2.920907 2.442448 3.348548
xbest 30.87391 307.5400 0.1118443 24.09916 286.1486 46.08228 24.85838 2.920169 2.364027 3.346355
xbest 30.87391 307.5400 0.1118443 24.09916 286.1674 46.08228 24.85838 2.920169 2.364027 3.346355
xbest 31.23059 307.3457 0.1096026 23.84584 286.1621 46.06343 24.77358 2.919855 2.409266 3.342891
xbest 31.23059 307.3457 0.1096026 23.84584 286.1621 46.06343 24.81421 2.919855 2.409266 3.342891
xbest 31.12820 306.4843 0.1103611 23.90250 286.1507 45.98510 24.59955 2.916162 2.474459 3.384642
xbest 31.12820 306.5038 0.1103611 23.90250 286.1507 45.98510 24.59955 2.916162 2.474459 3.384642
xbest 32.44720 296.2731 0.1169095 23.99133 286.1456 46.05932 25.01477 2.919823 2.406344 3.342480
xbest 33.07729 279.8595 0.1221798 24.00012 286.1522 46.06504 25.05671 2.919856 2.404741 3.345955
xbest 33.07436 279.5470 0.1221798 24.00012 286.1311 46.06504 25.05671 2.919856 2.417241 3.345955
xbest 34.49897 265.4841 0.1266547 24.00977 286.1545 46.06288 25.01943 2.919766 2.392306 3.348214
xbest 34.93500 262.9284 0.1270467 24.00783 286.1561 46.06172 25.03650 2.919742 2.393766 3.349060
xbest 36.32689 244.9665 0.1256116 24.00752 286.1558 46.06096 24.94432 2.919598 2.391132 3.343281
xbest 36.32689 244.9665 0.1000000 24.00752 286.1558 46.06096 24.94432 2.919549 2.391132 3.346250
xbest 36.31025 247.4422 0.1239700 23.97922 286.1551 46.05301 24.82399 2.920819 2.400501 3.356403
xbest 36.31025 247.4422 0.1239700 23.97922 286.1551 46.05301 24.82399 2.920844 2.394251 3.356403
xbest 37.46588 231.1140 0.1169772 23.96515 286.1592 46.06621 24.79517 2.920240 2.390950 3.355437
xbest 38.69460 219.8258 0.1161419 23.92932 286.1636 46.06837 24.77678 2.920384 2.392032 3.356187
xbest 37.33023 233.1363 0.1299648 23.97905 286.1585 46.05942 24.79376 2.920431 2.389408 3.358794
xbest 38.43435 223.3051 0.1250178 23.94042 286.1611 46.06642 24.78487 2.920400 2.390133 3.357093
xbest 38.44072 222.3303 0.1260625 23.96065 286.1622 46.06368 24.78182 2.920623 2.389715 3.360124
xbest 38.43259 223.3272 0.1253606 23.94099 286.1618 46.06647 24.78354 2.920408 2.389925 3.358320
xbest 38.76214 219.2530 0.1219494 23.96089 286.1608 46.06147 24.78863 2.920363 2.394572 3.356236
xbest 37.93241 229.8658 0.1121016 23.96300 286.1590 46.05886 24.78488 2.920362 2.390182 3.359087
xbest 37.91579 229.6234 0.1131759 23.96558 286.1603 46.05846 24.78634 2.920424 2.395599 3.359115
xbest 37.84300 229.8517 0.1104540 23.96246 286.1596 46.05956 24.78684 2.920279 2.390907 3.359042
xbest 37.99708 228.9632 0.1069576 23.96484 286.1591 46.05943 24.78661 2.920342 2.390207 3.359030
xbest 37.99708 228.9632 0.1069576 23.96484 286.1591 46.05943 24.78661 2.920342 2.393332 3.359030
xbest 38.01019 228.3965 0.1066695 23.97117 286.1619 46.05817 24.78350 2.920427 2.391257 3.359228
xbest 38.66883 228.6224 0.1143163 23.14328 286.1624 46.15605 24.51556 2.923759 2.386519 3.351989
xbest 38.66883 230.0200 0.1368163 23.14328 286.1624 46.15605 24.51556 2.925506 2.411519 3.375739

$time
elapsed elapsed elapsed elapsed elapsed elapsed elapsed elapsed elapsed elapsed elapsed elapsed elapsed elapsed elapsed elapsed elapsed elapsed elapsed elapsed elapsed elapsed elapsed elapsed elapsed 
   1.05    2.81    4.33    7.52   10.66   12.21   15.30   16.83   19.85   21.13   40.21   41.19   86.81   87.89   99.44  117.50  121.86  168.38  169.21  220.08  220.92  239.16  239.99  253.21  256.41 
elapsed elapsed elapsed elapsed elapsed elapsed elapsed elapsed elapsed elapsed elapsed elapsed elapsed elapsed elapsed elapsed elapsed elapsed elapsed elapsed elapsed elapsed 
 257.56  267.72  270.99  273.11  275.71  295.21  296.11  298.31  300.02  301.74  305.02  308.35  313.16  315.63  318.99  320.66  323.91  328.81  331.71  356.16  358.60  361.50 

$neval
 [1]   106   261   397   684   962  1103  1382  1519  1790  1902  3517  3606  7536  7631  8584 10135 10477 14274 14347 18563 18636 20125 20198 21272 21548 21650 22484 22756 22893 23115 24896 24976
[33] 25115 25257 25398 25671 25951 26364 26567 26837 26974 27243 27649 27858 29759 29964 30099

$fbest
[1] 553.6788

$xbest
 [1]  38.6688261 230.0199779   0.1368163  23.1432830 286.1623889  46.1560522  24.5155559   2.9255062   2.4115195   3.3757388

$numeval
[1] 30099

$end_crit
[1] 1

$cpu_time
elapsed 
  361.5 

$Refset
$Refset$x
           [,1]        [,2]        [,3]      [,4]       [,5]      [,6]       [,7]       [,8]      [,9]    [,10]
 [1,]  38.66883 228.6224354   0.1143163 23.143283 286.162389  46.15605 24.5155559   2.923759  2.386519 3.351989
 [2,]  38.01019   0.1066695 286.1619407 24.783496   2.391257  38.01019  0.1066695 286.161941 24.783496 2.391257
 [3,] 228.39651  23.9711725  46.0581651  2.920427   3.359228 228.39651 23.9711725  46.058165  2.920427 3.359228
 [4,]  38.01019 228.3965125   0.1066695 23.971172 286.161941  46.05817 24.7834963   2.920427  2.391257 3.359228
 [5,]  37.97153 228.6114197   0.1060421 23.992758 286.158149  46.06004 24.7876410   2.920371  2.391701 3.359299
 [6,]  38.02348 228.4343377   0.1078581 23.957781 286.167600  46.05734 24.7855972   2.920484  2.391054 3.359212
 [7,]  37.84095 230.0920342   0.1091898 23.962457 286.158946  46.06018 24.7884165   2.920295  2.390815 3.358201
 [8,]  38.41427 225.7594045   0.1144921 23.970972 286.162990  46.06269 24.7786432   2.920483  2.391116 3.359691
 [9,]  38.76946 219.8557813   0.1166561 23.961161 286.160150  46.06157 24.7876775   2.920383  2.394625 3.355918
[10,]  38.47380 228.6295210   0.1116450 23.536815 286.158568  46.02619 24.6021466   2.918549  2.381917 3.352633
[11,]  37.59661 228.6740924   0.1096264 23.982527 286.157031  46.72089 24.7875491   2.918413  2.389249 3.338114
[12,]  38.42019 226.5598715   0.1108668 23.840572 286.160818  46.01587 24.7878088   2.915279  2.391316 3.357393

$Refset$f
 [1] 566.4531 570.9323 570.9323 570.9323 571.5365 571.8802 572.6389 572.8542 575.3264 593.8872 622.0156 605.1858

$Refset$fpen
 [1] 566.4531 570.9323 570.9323 570.9323 571.5365 571.8802 572.6389 572.8542 575.3264 593.8872 622.0156 605.1858

$Refset$const
          [,1]      [,2]      [,3]      [,4]     [,5]
 [1,] 20.75676 33.613481 12.856717  1.566412 2.202770
 [2,] 21.57992 12.028828  2.218412 33.608743 1.566992
 [3,] 33.60874  1.566992 21.579916 12.028828 2.218412
 [4,] 21.57992 33.608743 12.028828  1.566992 2.218412
 [5,] 21.60106 33.608299 12.007242  1.567299 2.217618
 [6,] 21.56673 33.608946 12.042219  1.566545 2.219959
 [7,] 21.57164 33.609185 12.037543  1.567237 2.217852
 [8,] 21.57986 33.608884 12.029028  1.566897 2.218315
 [9,] 21.56654 33.605375 12.038839  1.567139 2.218080
[10,] 21.15490 33.618083 12.463185  1.566985 2.209465
[11,] 21.59328 33.610751 12.017473  1.566780 2.200089
[12,] 21.44926 33.608684 12.159428  1.567125 2.219472

$Refset$penalty
 [1] 0 0 0 0 0 0 0 0 0 0 0 0


