$f
 [1] 515.5295 435.4010 315.0955 312.4479 289.4861 283.4080 274.5955 273.4740 244.4757 239.7847 234.3177 216.5538 215.8594 205.2934 204.9167 204.6528 204.5295 204.2031 202.1736 202.1736

$x
          [,1]     [,2]      [,3]     [,4]     [,5]     [,6]     [,7]     [,8]     [,9]    [,10]
xbest 27.78263 295.1264 0.4513383 16.94801 285.5193 36.07473 31.39343 4.646619 7.849029 2.252831
xbest 27.87089 376.6817 0.4741449 18.02122 285.0372 41.99313 39.38766 5.033997 4.047500 1.586152
xbest 27.93640 373.5567 0.3991768 18.02122 284.9622 44.22920 42.30874 5.033997 3.972382 2.143771
xbest 27.97726 370.9304 0.3674418 18.02122 284.9598 45.18211 42.83333 5.033997 3.882198 2.673614
xbest 28.20988 252.6754 0.2557713 18.41546 284.8930 43.99555 40.34375 4.779403 6.556686 2.916237
xbest 28.29886 271.4878 0.2455252 18.31079 284.8652 44.00095 40.01867 4.832254 6.124512 3.002910
xbest 28.29886 271.8003 0.3355252 18.31079 284.8664 44.00095 39.85617 4.832254 6.124512 3.002910
xbest 28.60434 249.4017 0.3784374 18.25651 284.1887 42.26981 36.82534 4.623068 7.102958 3.324883
xbest 29.23007 236.8643 0.2909501 18.14059 284.2764 42.44924 36.51760 4.495464 7.284381 2.571291
xbest 29.23007 236.8643 0.2911258 18.14059 284.2770 42.43674 36.53791 4.495464 7.278131 2.571291
xbest 27.29655 252.8800 0.4198757 18.41894 284.4323 44.45009 38.31181 4.866055 6.905138 3.363464
xbest 27.29655 251.6300 0.4255007 18.41894 284.4323 44.65009 38.79931 4.866055 6.905138 3.387214
xbest 27.46570 253.0826 0.4238931 18.74393 284.4193 44.65618 38.52600 4.863791 6.709598 3.415275
xbest 27.28991 249.9576 0.3528772 18.74393 284.4193 44.65618 38.68850 4.863791 6.645145 3.421583
xbest 27.50583 253.2369 0.4223398 18.70054 284.4121 44.67839 38.59917 4.865903 6.627638 3.428412
xbest 27.50950 253.3687 0.4217156 18.69326 284.4124 44.67899 38.59868 4.866023 6.632950 3.431046
xbest 27.50950 253.3492 0.4217156 18.69326 284.4124 44.67899 38.59868 4.866023 6.632950 3.431046
xbest 27.84337 253.0445 0.4228162 18.67654 284.4113 44.67906 38.52013 4.866620 6.615214 3.431334
xbest 27.84337 252.9664 0.4003162 18.67654 284.4113 44.67906 38.52013 4.866620 6.615214 3.431334
xbest 27.84337 252.9664 0.4003162 18.67654 284.4113 44.67906 38.52013 4.866620 6.615214 3.431334

$time
elapsed elapsed elapsed elapsed elapsed elapsed elapsed elapsed elapsed elapsed elapsed elapsed elapsed elapsed elapsed elapsed elapsed elapsed elapsed elapsed 
   1.13    3.22    5.28   12.17   17.77   19.41   23.96   29.41   38.86   43.69   73.39   74.58   94.99   97.14  192.08  205.74  211.88  390.71  391.71  398.08 

$neval
 [1]   106   269   433   992  1404  1540  1904  2316  2993  3364  5540  5638  7126  7298 14520 15538 16024 29638 29718 30123

$fbest
[1] 202.1736

$xbest
 [1]  27.8433727 252.9664039   0.4003162  18.6765373 284.4113404  44.6790553  38.5201267   4.8666196   6.6152139   3.4313335

$numeval
[1] 30123

$end_crit
[1] 1

$cpu_time
elapsed 
 398.08 

$Refset
$Refset$x
           [,1]        [,2]        [,3]     [,4]       [,5]      [,6]       [,7]       [,8]      [,9]    [,10]
 [1,]  27.84337   0.4003162 284.4113404 38.52013   6.615214  27.84337  0.4003162 284.411340 38.520127 6.615214
 [2,] 252.96640  18.6765373  44.6790553  4.86662   3.431334 252.96640 18.6765373  44.679055  4.866620 3.431334
 [3,]  27.86352 253.0480655   0.4228474 18.66442 284.411418  44.67902 38.5212628   4.866512  6.615366 3.431234
 [4,]  27.49645 253.0447071   0.4225740 18.74572 284.413430  44.67762 38.5898541   4.866548  6.611383 3.428104
 [5,]  27.82725 253.0403714   0.4227992 18.68887 284.411278  44.67922 38.5197496   4.866620  6.617882 3.431642
 [6,]  27.81309 253.0192077   0.4229394 18.69202 284.410339  44.67849 38.5150958   4.867140  6.620946 3.431271
 [7,]  27.86450 253.0012704   0.4225223 18.66180 284.410510  44.66899 38.5767919   4.866065  6.625330 3.433753
 [8,]  27.80693 253.0354994   0.4227558 18.69151 284.411120  44.67911 38.5163246   4.866828  6.618485 3.431560
 [9,]  27.83641 252.9495536   0.4253041 18.68575 284.410202  44.67950 38.5733297   4.866406  6.614166 3.431071
[10,]  27.82183 252.9887042   0.4239424 18.66935 284.410162  44.67766 38.5798396   4.866319  6.621520 3.430876
[11,]  27.83654 251.8805089   0.4250362 18.73076 284.410685  44.67672 38.5934492   4.866632  6.616273 3.431265
[12,]  27.84430 252.9332640   0.4226097 18.66247 284.411219  44.67942 38.5648367   4.866389  6.625647 3.431049

$Refset$f
 [1] 202.1736 202.1736 204.1510 204.7205 204.7760 204.9201 205.0052 205.0122 205.0503 205.1580 205.3611 205.3681

$Refset$fpen
 [1] 202.1736 202.1736 204.1510 204.7205 204.7760 204.9201 205.0052 205.0122 205.0503 205.1580 205.3611 205.3681

$Refset$const
          [,1]      [,2]      [,3]      [,4]     [,5]
 [1,] 12.06132 17.323463  2.790501 29.384786 1.803424
 [2,] 29.38479  1.803424 12.061323 17.323463 2.790501
 [3,] 12.04906 29.384634 17.335577  1.803414 2.790604
 [4,] 12.13434 29.388617 17.254282  1.803282 2.796498
 [5,] 12.07099 29.382118 17.311126  1.803433 2.790452
 [6,] 12.07108 29.379054 17.307978  1.803580 2.790028
 [7,] 12.03647 29.374670 17.338201  1.803762 2.795738
 [8,] 12.07302 29.381515 17.308490  1.803449 2.790165
 [9,] 12.07159 29.385834 17.314246  1.803777 2.794683
[10,] 12.04783 29.378480 17.330650  1.803808 2.795339
[11,] 12.11449 29.383727 17.269238  1.803762 2.796570
[12,] 12.03682 29.374353 17.337534  1.803579 2.794101

$Refset$penalty
 [1] 0 0 0 0 0 0 0 0 0 0 0 0


