$f
 [1] 3473.1545  986.3003  736.5694  571.8003  566.0052  479.7153  474.8802  468.6944  439.7465  389.6944  386.1302  378.9774  374.0885  371.4549  366.8438  365.6892  364.7865  364.3906  364.3576
[20]  362.7552  362.3889  361.7274  361.1684  358.8941  358.6042  356.2778  350.7691  350.2187  350.1962  349.7812  349.3160  349.1580  348.9549  348.5885  348.4097  348.4097

$x
          [,1]     [,2]      [,3]     [,4]     [,5]     [,6]     [,7]     [,8]     [,9]    [,10]
xbest 33.11903 143.4514 0.7892766 17.83767 284.8871 44.95185 36.93420 2.687230 7.786450 4.412821
xbest 20.00000 236.7410 0.8894916 24.40747 284.0000 48.00000 28.00419 6.392773 2.472557 4.014370
xbest 20.00000 256.7410 0.5857416 24.19784 284.0000 48.00000 28.00419 6.392773 2.530631 3.919344
xbest 25.34773 500.0000 0.4495094 17.27137 286.7921 48.00000 24.85615 4.130211 2.137155 1.650307
xbest 26.84241 267.2473 0.5640904 23.54435 285.3477 44.99566 30.47908 3.351693 2.943464 3.848014
xbest 26.06070 465.4856 0.8094892 18.25608 286.7903 47.64605 28.78659 2.238538 2.126698 3.073438
xbest 26.02074 442.4271 0.8508668 19.37816 286.6251 47.25248 28.55435 2.133531 2.075105 3.258094
xbest 26.93218 372.4698 0.7112324 19.05992 285.6003 46.07977 30.51768 3.824558 3.096298 4.268250
xbest 26.05938 467.9627 0.8271766 18.41996 286.7914 47.56307 28.77086 2.215480 2.121507 3.021034
xbest 26.43438 467.9627 0.8271766 18.37309 286.8102 47.66263 28.61795 2.215480 2.121507 3.032909
xbest 26.84597 437.5936 0.8267140 18.85762 286.8262 47.68528 28.54848 2.198145 2.183928 3.056887
xbest 26.84597 437.5936 0.7789015 18.85762 286.8262 47.68528 28.71098 2.198145 2.158928 3.128137
xbest 26.85783 431.0997 0.8061768 18.83771 286.8254 47.68164 28.54234 2.212665 2.298138 3.018353
xbest 27.32563 426.8152 0.7888283 19.03029 286.8180 47.67230 28.73144 2.208907 2.125912 2.999235
xbest 27.15810 426.4633 0.8386208 18.89670 286.8090 47.65913 28.81102 2.213804 2.222147 3.022661
xbest 27.20756 427.8796 0.8210939 18.82094 286.8196 47.66889 28.72533 2.211655 2.255995 3.021162
xbest 27.27311 425.9541 0.8075826 18.81642 286.8290 47.67607 28.67267 2.211900 2.262298 3.020818
xbest 27.26725 425.8760 0.8075826 18.81642 286.8290 47.67607 28.67267 2.211900 2.262298 3.020818
xbest 27.27255 424.9508 0.8362318 18.79751 286.8050 47.64942 28.69922 2.214426 2.298498 3.032408
xbest 27.27712 424.6528 0.8309760 18.76239 286.8136 47.66421 28.65001 2.213896 2.321338 3.032411
xbest 27.28337 424.5494 0.8320091 18.75738 286.8219 47.66970 28.65013 2.213869 2.325729 3.032372
xbest 27.35267 424.4973 0.8395573 18.76441 286.8185 47.67058 28.66028 2.213759 2.312544 3.031915
xbest 27.35267 424.4973 0.9070573 18.76441 286.8185 47.67058 28.66028 2.213759 2.312544 3.031915
xbest 28.35794 418.8595 0.7976058 19.01824 286.8337 47.68794 28.44521 2.210914 2.046254 3.014808
xbest 28.26405 421.1873 0.8170740 18.89831 286.8217 47.67322 28.63298 2.212837 2.097364 3.025840
xbest 28.19169 423.2109 0.8366107 18.90977 286.8262 47.66649 28.74955 2.212387 2.067839 3.025328
xbest 28.14482 423.2109 1.0000000 18.92734 286.8309 47.66649 28.74955 2.209262 2.067839 3.026812
xbest 28.07047 424.0804 0.8890363 18.98248 286.7967 47.69292 28.43140 2.221398 2.015643 2.988592
xbest 28.07047 424.0609 0.8890363 18.98248 286.7967 47.69292 28.43140 2.221398 2.015643 2.988592
xbest 28.07117 424.0327 0.9887598 18.96567 286.7896 47.69593 28.42500 2.221823 2.020417 2.992334
xbest 28.07117 423.9545 1.0000000 18.96567 286.7896 47.69280 28.41992 2.221823 2.020417 2.992334
xbest 28.07045 424.2538 0.9975097 18.95501 286.7854 47.69580 28.42563 2.222637 2.020869 2.992061
xbest 28.07045 424.2538 0.9975097 18.95501 286.7854 47.69580 28.38500 2.222637 2.020869 2.992061
xbest 28.07599 424.0101 0.9647502 18.96333 286.7909 47.69408 28.37112 2.222467 2.021006 2.991889
xbest 28.07532 424.0055 0.9535125 18.96175 286.7896 47.69423 28.36989 2.222652 2.021015 2.991778
xbest 28.07532 424.0055 0.9535125 18.96175 286.7896 47.69423 28.36989 2.222652 2.021015 2.991778

$time
elapsed elapsed elapsed elapsed elapsed elapsed elapsed elapsed elapsed elapsed elapsed elapsed elapsed elapsed elapsed elapsed elapsed elapsed elapsed elapsed elapsed elapsed elapsed elapsed elapsed 
   1.32    3.44    5.27   10.21   12.80   17.79   24.11   26.27   28.44   30.19  134.39  135.83  140.08  142.24  151.32  155.72  158.77  160.21  167.27  174.27  176.39  182.96  184.10  188.63  197.86 
elapsed elapsed elapsed elapsed elapsed elapsed elapsed elapsed elapsed elapsed elapsed 
 202.14  208.39  374.41  375.47  409.19  410.58  445.24  446.32  465.46  468.08  472.38 

$neval
 [1]   106   266   387   678   820  1103  1516  1653  1793  1906  8424  8522  8795  8935  9489  9775  9926 10006 10417 10826 10961 11363 11439 11713 12253 12525 12907 23662 23736 26125 26221 28412
[33] 28486 29733 29873 30078

$fbest
[1] 348.4097

$xbest
 [1]  28.0753174 424.0055203   0.9535125  18.9617470 286.7895619  47.6942275  28.3698876   2.2226521   2.0210150   2.9917776

$numeval
[1] 30078

$end_crit
[1] 1

$cpu_time
elapsed 
 472.38 

$Refset
$Refset$x
           [,1]        [,2]        [,3]      [,4]       [,5]      [,6]       [,7]       [,8]      [,9]    [,10]
 [1,]  28.07532 424.0055203   0.9535125 18.961747 286.789562  47.69423 28.3698876   2.222652  2.021015 2.991778
 [2,]  28.08179 424.2325287   0.9996882 18.946986 286.784567  47.69313 28.4336801   2.222761  2.020918 2.994306
 [3,]  28.07045   0.9975097 286.7853787 28.385003   2.020869  28.07045  0.9975097 286.785379 28.385003 2.020869
 [4,] 424.25380  18.9550115  47.6957986  2.222637   2.992061 424.25380 18.9550115  47.695799  2.222637 2.992061
 [5,]  28.07867 424.2281223   0.9888445 18.964857 286.789106  47.69457 28.3654685   2.222100  2.023981 2.993078
 [6,]  28.07670 424.2186503   0.9981544 18.950551 286.784845  47.69369 28.4284243   2.222771  2.020936 2.991212
 [7,]  28.07902 424.2039222   0.9768822 18.965783 286.792845  47.69287 28.3888725   2.221906  2.020980 2.992185
 [8,]  28.07766 424.2419465   0.9911538 18.955340 286.787076  47.69560 28.4095749   2.222427  2.020353 2.992537
 [9,]  28.08046 424.0712147   0.9774999 18.960016 286.791324  47.69611 28.3914857   2.222438  2.020897 2.989955
[10,]  28.08460 421.1322788   0.9763769 18.941896 286.760966  47.64791 28.4608693   2.125688  2.232072 3.258668
[11,]  27.89644 424.4133518   0.8973936 18.966513 286.786848  47.74097 27.6839689   2.466558  2.002151 3.274167
[12,]  54.61413 484.1025942   0.3185860 24.771147 285.015036  43.54175 37.6140799   5.321574  2.130877 1.250693

$Refset$f
 [1]     348.4097     348.8403     348.9549     348.9549     349.0556     349.1458     349.1719     349.1979     348.9861     388.8177     393.7014 1171853.4549

$Refset$fpen
 [1]     348.4097     348.8403     348.9549     348.9549     349.0556     349.1458     349.1719     349.1979     348.9861     388.8177     393.7014 1171853.4549

$Refset$const
          [,1]     [,2]      [,3]      [,4]     [,5]
 [1,] 16.94073 33.97898 17.038253  1.508432 2.555242
 [2,] 16.92607 33.97908 17.053014  1.508807 2.557068
 [3,] 16.93414 17.04499  2.554476 33.979131 1.508830
 [4,] 33.97913  1.50883 16.934142 17.044988 2.554476
 [5,] 16.94088 33.97602 17.035143  1.508488 2.554803
 [6,] 16.92962 33.97906 17.049449  1.508791 2.556850
 [7,] 16.94480 33.97902 17.034217  1.508055 2.557629
 [8,] 16.93499 33.97965 17.044660  1.508604 2.556542
 [9,] 16.93912 33.97910 17.039984  1.508209 2.557091
[10,] 16.70982 33.76793 17.058104  1.511107 2.551306
[11,] 16.96436 33.99785 17.033487  1.510123 2.513596
[12,] 22.64027 33.86912 11.228853  1.706747 2.884998

$Refset$penalty
 [1] 0 0 0 0 0 0 0 0 0 0 0 0


