$f
 [1] 1371.1441 1061.9340  927.3073  921.7587  876.9358  774.8056  774.5625  774.4479  773.5747  772.6840  771.7378  771.6997  771.2569  771.2569

$x
          [,1]     [,2]      [,3]     [,4]     [,5]     [,6]     [,7]     [,8]     [,9]    [,10]
xbest 55.92898 161.5552 0.4750504 25.86358 286.4917 38.33154 30.01880 4.931936 3.805099 4.457151
xbest 49.91040 160.5516 0.2993104 25.60866 286.1600 41.68158 31.97699 2.837934 3.416013 3.854608
xbest 49.91040 160.5516 0.3254435 26.68940 286.4954 41.68158 31.61363 2.614328 3.416013 3.853778
xbest 49.88687 159.2993 0.3292878 25.27247 286.7353 44.54013 27.13536 2.923805 3.487139 3.799016
xbest 47.18567 150.8226 0.3940961 22.87314 286.2571 41.84679 32.03976 6.556063 3.989665 3.591222
xbest 47.18567 150.8226 0.3856586 22.87314 286.2571 41.54679 33.05539 6.556063 4.189665 3.594190
xbest 50.22809 163.2776 0.6289187 25.77653 286.4222 42.32145 30.96950 2.027734 3.774327 3.169520
xbest 50.20500 163.5570 0.6623493 25.78624 286.3879 42.31898 30.96228 2.028013 3.776926 3.189265
xbest 50.20485 163.5616 0.6875205 25.78609 286.3878 42.33360 30.96493 2.028028 3.776661 3.189551
xbest 50.20941 163.6748 0.6486109 25.79597 286.3971 42.31217 30.96127 2.029297 3.755339 3.164271
xbest 50.20891 163.5866 0.6779401 25.78335 286.3901 42.33447 30.96426 2.027973 3.776786 3.190617
xbest 50.25014 163.3749 0.6642764 25.76329 286.3912 42.33307 30.97651 2.028086 3.774888 3.188326
xbest 50.25014 163.3554 0.6642764 25.76329 286.3912 42.33307 30.97651 2.028086 3.774888 3.188326
xbest 50.25014 163.3554 0.6642764 25.76329 286.3912 42.33307 30.97651 2.028086 3.774888 3.188326

$time
elapsed elapsed elapsed elapsed elapsed elapsed elapsed elapsed elapsed elapsed elapsed elapsed elapsed elapsed 
   1.27    3.63    5.49    9.44   17.33   27.05  372.36  380.46  383.89  387.30  390.85  414.41  415.35  422.08 

$neval
 [1]   106   263   400   691  1247  1899 26477 27091 27367 27641 27920 29591 29665 30069

$fbest
[1] 771.2569

$xbest
 [1]  50.2501371 163.3553602   0.6642764  25.7632928 286.3911915  42.3330716  30.9765145   2.0280859   3.7748880   3.1883259

$numeval
[1] 30069

$end_crit
[1] 1

$cpu_time
elapsed 
 422.08 

$Refset
$Refset$x
           [,1]        [,2]        [,3]      [,4]       [,5]      [,6]       [,7]       [,8]      [,9]    [,10]
 [1,]  50.25014   0.6642764 286.3911915 30.976514   3.774888  50.25014  0.6642764 286.391192 30.976514 3.774888
 [2,] 163.35536  25.7632928  42.3330716  2.028086   3.188326 163.35536 25.7632928  42.333072  2.028086 3.188326
 [3,]  50.25014 163.3748915   0.6642764 25.763293 286.391192  42.33307 30.9765145   2.028086  3.774888 3.188326
 [4,]  50.20891 163.5865627   0.6779401 25.783346 286.390138  42.33447 30.9642606   2.027973  3.776786 3.190617
 [5,]  50.20682 163.5617192   0.6762063 25.786017 286.388881  42.33224 30.9631498   2.028026  3.776757 3.189135
 [6,]  50.21098 163.6398762   0.6721912 25.783817 286.389656  42.33340 30.9566554   2.028206  3.772465 3.188101
 [7,]  50.20577 163.6294593   0.6794209 25.782884 286.385166  42.34544 30.9700720   2.028277  3.773050 3.193874
 [8,]  50.20474 163.5651920   0.6875790 25.786109 286.387786  42.33101 30.9642226   2.028026  3.776697 3.189502
 [9,]  50.23247 163.6688252   0.6497450 25.786379 286.395075  42.30533 30.9609408   2.029059  3.752376 3.168682
[10,]  50.22369 163.0189983   0.6207740 25.780491 286.423487  42.32155 30.9701679   2.027606  3.780757 3.169849
[11,]  49.69985 166.6183901   0.5962979 25.770779 286.389314  42.33623 30.9846514   2.000000  3.772556 3.185889
[12,]  50.07768 164.9830024   0.6299621 25.805187 286.051895  42.06241 31.3112156   2.025003  3.828206 3.204116

$Refset$f
 [1] 771.2569 771.2569 771.6997 771.7378 771.7378 771.7587 771.9184 772.3715 772.8941 774.3906 826.7778 924.4097

$Refset$fpen
 [1] 771.2569 771.2569 771.6997 771.7378 771.7378 771.7587 771.9184 772.3715 772.8941 774.3906 826.7778 924.4097

$Refset$const
          [,1]      [,2]      [,3]      [,4]     [,5]
 [1,] 21.98840 10.236707  2.814172 32.225112 1.536231
 [2,] 32.22511  1.536231 21.988405 10.236707 2.814172
 [3,] 21.98840 32.225112 10.236707  1.536231 2.814172
 [4,] 22.00656 32.223214 10.216654  1.536399 2.812761
 [5,] 22.00926 32.223243 10.213983  1.536546 2.812336
 [6,] 22.01135 32.227535 10.216183  1.536478 2.812058
 [7,] 22.00983 32.226950 10.217116  1.536996 2.810755
 [8,] 22.00941 32.223303 10.213891  1.536670 2.812083
 [9,] 22.03400 32.247624 10.213621  1.535755 2.815974
[10,] 21.99973 32.219243 10.219509  1.532391 2.826390
[11,] 21.99822 32.227444 10.229221  1.536435 2.813926
[12,] 21.97698 32.171794 10.194813  1.575211 2.739145

$Refset$penalty
 [1] 0 0 0 0 0 0 0 0 0 0 0 0


