$f
 [1] 7647.7795 1106.1806  884.0712  865.8264  847.9653  754.0990  741.7222  739.8559  731.0417  639.6458  634.4219  629.1337  626.2101  620.6493  620.0191  618.8611  611.9062  611.3681  610.1719
[20]  608.9410  607.6302  607.1528  598.5660  597.3872

$x
          [,1]     [,2]      [,3]     [,4]     [,5]     [,6]     [,7]     [,8]     [,9]    [,10]
xbest 24.79000 337.0400 0.2529000 17.72000 285.5400 45.67000 29.49000 2.970000 2.000000 2.690000
xbest 31.96685 423.1614 0.3612609 15.00047 286.5599 47.97499 27.14623 2.000000 3.904990 1.447643
xbest 32.15435 443.1614 0.4540734 15.00000 286.5412 47.96836 27.30873 2.000000 3.886760 1.448168
xbest 32.56269 475.7840 0.4011729 15.15875 286.5460 47.98373 27.22525 2.000000 2.834194 1.560368
xbest 32.67844 468.3703 0.4545910 15.09820 286.6666 47.98551 28.14186 2.000000 2.689194 1.482975
xbest 35.34630 349.4280 0.5756230 15.64494 286.0357 47.05929 24.25462 2.143599 4.932812 1.746874
xbest 36.13679 385.4405 0.3994241 15.23404 286.3878 47.99084 24.61383 2.359184 2.894812 1.887526
xbest 38.01585 387.0031 0.4105375 15.17565 286.5222 46.92376 26.32713 2.183766 3.074322 1.686299
xbest 33.64473 451.4832 0.4796616 15.17947 286.7122 48.00000 28.48978 2.000000 2.985152 1.473094
xbest 34.09885 446.6393 1.0000000 15.18348 286.7122 48.00000 28.43412 2.000000 2.968026 1.429908
xbest 34.52347 460.5599 0.9347186 15.33105 286.7234 47.99780 28.70813 2.000199 2.536092 1.408376
xbest 34.52347 460.5599 1.0000000 15.33105 286.7234 47.99780 28.70813 2.000199 2.536092 1.408376
xbest 35.25923 422.1964 0.8590604 15.15999 286.7347 47.99661 28.60118 2.003670 3.118582 1.366875
xbest 34.89419 439.9121 0.8697061 15.17675 286.7210 47.99623 28.51310 2.002343 2.831181 1.426353
xbest 34.92248 437.4173 0.9242397 15.17163 286.7261 47.99679 28.62573 2.001391 2.938884 1.416788
xbest 35.15823 427.3170 0.8904542 15.14844 286.7373 47.99735 28.59035 2.002906 3.031054 1.366280
xbest 35.11135 427.3170 1.0000000 15.14844 286.7373 47.99365 28.57511 2.002906 3.031054 1.366280
xbest 34.88308 441.0836 0.9127261 15.10922 286.7192 47.99722 28.64462 2.001209 2.864042 1.431186
xbest 34.88308 441.0836 0.9127261 15.10922 286.7192 47.99722 28.64462 2.001209 2.860917 1.428218
xbest 34.98355 443.0744 0.9348694 15.40654 286.7247 47.97429 28.68669 2.001368 2.553336 1.426424
xbest 34.98355 443.0744 0.9573694 15.40654 286.7247 47.97429 28.68669 2.001368 2.553336 1.426424
xbest 34.98787 466.5757 0.8661907 15.28836 286.6253 48.00000 27.69992 2.005256 2.153473 1.592641
xbest 34.98787 466.5757 0.8661907 15.28181 286.6253 48.00000 27.82179 2.005256 2.106908 1.595960
xbest 34.98787 466.4975 0.8661907 15.28181 286.6253 48.00000 27.78117 2.005256 2.106908 1.595960

$time
elapsed elapsed elapsed elapsed elapsed elapsed elapsed elapsed elapsed elapsed elapsed elapsed elapsed elapsed elapsed elapsed elapsed elapsed elapsed elapsed elapsed elapsed elapsed elapsed 
   1.44    4.26    6.61   12.37   14.89   17.28   22.25   29.59   32.40   35.36   67.01   68.31   76.06   84.34   89.84   95.06   96.78  107.65  124.45  148.51  152.36  276.72  278.65  548.31 

$neval
 [1]   106   268   401   708   858   998  1280  1701  1837  2011  3668  3744  4165  4573  4842  5117  5222  5761  6640  7852  8060 14905 15017 30063

$fbest
[1] 597.3872

$xbest
 [1]  34.9878726 466.4975385   0.8661907  15.2818134 286.6253020  48.0000000  27.7811656   2.0052564   2.1069082   1.5959605

$numeval
[1] 30063

$end_crit
[1] 1

$cpu_time
elapsed 
 548.31 

$Refset
$Refset$x
          [,1]     [,2]      [,3]     [,4]     [,5]     [,6]     [,7]     [,8]     [,9]    [,10]
 [1,] 35.06931 405.1369 0.9999329 15.55585 286.7143 47.93554 28.46044 2.077196 3.374011 1.394997
 [2,] 49.77306 325.0464 0.4640962 18.86144 284.7982 20.82743 44.41624 7.789858 5.695484 4.457407
 [3,] 35.11707 405.3305 0.9999641 15.55007 286.7173 47.93353 28.46063 2.077287 3.357872 1.397624
 [4,] 35.12213 405.2425 0.9996140 15.54988 286.7167 47.93331 28.46161 2.077303 3.359239 1.398464
 [5,] 35.12086 405.2023 0.9999677 15.54946 286.7174 47.93340 28.46465 2.077614 3.360271 1.397407
 [6,] 35.07869 405.1603 0.9969014 15.54824 286.7143 47.93235 28.45834 2.076269 3.376734 1.395879
 [7,] 35.08428 405.2333 0.9953507 15.53452 286.7154 47.94753 28.43329 2.077715 3.378998 1.395563
 [8,] 35.11855 405.2117 0.9996533 15.55177 286.7133 47.92739 28.46181 2.077582 3.359929 1.397842
 [9,] 35.11740 405.3306 0.9995519 15.55007 286.7175 47.93467 28.46095 2.077282 3.358175 1.397580
[10,] 35.61154 402.8997 0.9445740 15.41763 286.7288 47.85970 28.37473 2.073654 3.381694 1.537910
[11,] 36.01087 370.3059 0.9980839 16.47739 286.7156 47.55347 27.20371 2.285892 3.336724 1.472924
[12,] 40.13553 179.1573 0.9302125 18.24782 286.0708 46.19794 39.38740 2.000000 3.363902 3.510439

$Refset$f
 [1]     611.5955 1000000.0000     612.0573     612.0573     612.0573     613.0156     614.1528     614.8264     612.0573     624.8750     675.9549    3253.7552

$Refset$fpen
 [1] 6.115955e+02 9.999975e+11 6.120573e+02 6.120573e+02 6.120573e+02 6.130156e+02 6.141528e+02 6.148264e+02 6.120573e+02 6.248750e+02 6.759549e+02 3.253755e+03

$Refset$const
              [,1]         [,2]         [,3]         [,4]         [,5]
 [1,] 1.218184e+01 3.262599e+01 2.044415e+01 1.516179e+00 2.524277e+00
 [2,] 1.000000e+06 1.000000e+06 1.000000e+06 1.000000e+06 1.000000e+06
 [3,] 1.219220e+01 3.264213e+01 2.044993e+01 1.515871e+00 2.525454e+00
 [4,] 1.219064e+01 3.264076e+01 2.045012e+01 1.515932e+00 2.525290e+00
 [5,] 1.218919e+01 3.263973e+01 2.045054e+01 1.515850e+00 2.525735e+00
 [6,] 1.217151e+01 3.262327e+01 2.045176e+01 1.516179e+00 2.524266e+00
 [7,] 1.215552e+01 3.262100e+01 2.046548e+01 1.516124e+00 2.522764e+00
 [8,] 1.219184e+01 3.264007e+01 2.044823e+01 1.516268e+00 2.524265e+00
 [9,] 1.219189e+01 3.264182e+01 2.044993e+01 1.515845e+00 2.525530e+00
[10,] 1.203593e+01 3.261831e+01 2.058237e+01 1.514783e+00 2.527291e+00
[11,] 1.314066e+01 3.266328e+01 1.952261e+01 1.517769e+00 2.467066e+00
[12,] 1.488392e+01 3.263610e+01 1.775218e+01 1.557426e+00 3.132614e+00

$Refset$penalty
 [1]      0.0 999996.5      0.0      0.0      0.0      0.0      0.0      0.0      0.0      0.0      0.0      0.0


