$f
 [1] 1433.47049  512.07118  170.07292  164.83854  157.98785  124.53646  124.52083  105.37847   97.26736   95.58854   95.56944   94.62674   94.28299   93.61111   89.48611   86.38889   83.88542
[18]   83.22743   81.20486   81.18229   80.99653   80.93924   80.58333   80.58333

$x
          [,1]     [,2]      [,3]     [,4]     [,5]     [,6]     [,7]     [,8]     [,9]    [,10]
xbest 24.58983 254.7449 0.7747973 22.91267 284.2783 40.30748 40.89077 6.249882 5.612700 4.625733
xbest 31.44373 324.8201 0.2623509 18.57415 285.8841 41.64494 27.47630 5.632668 4.629596 3.935215
xbest 30.38539 324.3552 0.9307260 19.59788 285.8091 43.24494 25.73045 5.632668 4.053115 2.152558
xbest 28.75481 222.0813 0.3526246 15.00000 284.1936 44.33828 28.43115 3.799709 9.156639 3.754267
xbest 28.68209 217.6626 0.3487544 15.50634 284.1112 44.73481 30.01740 3.804308 8.750384 4.139601
xbest 28.30463 217.6626 0.3202394 15.88134 284.1115 44.73481 29.85490 3.800592 8.735561 4.127726
xbest 28.64240 304.1888 0.3972303 18.67771 284.0000 35.78950 29.66773 5.000686 5.347224 2.671632
xbest 28.09677 304.1888 0.4053219 18.30271 284.0000 35.78950 29.63077 5.000686 5.522224 2.666229
xbest 25.58040 292.0967 0.4666661 17.28032 284.2944 45.81768 31.90381 3.934802 6.238339 2.805088
xbest 25.58040 292.0967 0.4441661 17.28032 284.2956 45.80518 31.90381 3.934802 6.225839 2.793213
xbest 25.62730 292.1628 0.4909663 17.27565 284.2956 45.79494 31.86247 3.936680 6.240104 2.785121
xbest 25.65073 292.0066 0.4902632 17.27565 284.2956 45.79494 31.86247 3.936680 6.233854 2.785121
xbest 25.82517 291.6248 0.5071049 17.25516 284.2833 45.64130 31.86336 3.925432 6.221101 2.839267
xbest 25.82517 291.3123 0.4831987 17.25516 284.2833 45.64130 31.86336 3.925432 6.221101 2.836298
xbest 25.71834 291.8450 0.4888911 17.33698 284.2943 45.65611 31.94800 3.932672 6.203272 2.530541
xbest 25.71820 291.7555 0.4487439 17.31828 284.2912 45.62051 31.94812 3.932937 6.200661 2.519761
xbest 25.71820 291.7555 0.4712439 17.31828 284.2912 45.62051 31.94812 3.932937 6.200661 2.522730
xbest 26.30461 289.7514 0.4863688 17.48056 284.3073 45.63457 31.87190 3.995591 6.000118 2.783396
xbest 26.23430 289.7514 0.4638688 17.48642 284.3073 45.63457 31.87190 3.996372 6.000118 2.783396
xbest 26.55244 287.7918 0.4895507 17.52197 284.3024 45.66941 31.74536 3.993503 5.952812 2.831540
xbest 26.57588 287.7918 0.4895507 17.52197 284.3024 45.66941 31.74536 3.993503 5.949687 2.831540
xbest 26.27490 290.1677 0.4704772 17.45085 284.2994 45.65540 31.82636 3.992369 6.016901 2.833108
xbest 26.27490 290.1677 0.4704772 17.45085 284.2994 45.65540 31.78573 3.992369 6.016901 2.833108
xbest 26.27490 290.1677 0.4704772 17.45085 284.2994 45.65540 31.78573 3.992369 6.016901 2.833108

$time
elapsed elapsed elapsed elapsed elapsed elapsed elapsed elapsed elapsed elapsed elapsed elapsed elapsed elapsed elapsed elapsed elapsed elapsed elapsed elapsed elapsed elapsed elapsed elapsed 
   1.39    3.67    6.43   19.34   27.14   29.18   39.90   51.89  145.12  146.56  204.86  206.18  223.14  228.53  232.78  244.22  251.58  347.40  348.76  430.11  431.25  462.43  463.54  464.70 

$neval
 [1]   106   256   439  1267  1802  1947  2611  3399  9496  9592 13379 13470 14549 14909 15179 15851 16331 22603 22697 28003 28082 30106 30180 30181

$fbest
[1] 80.58333

$xbest
 [1]  26.2749003 290.1676536   0.4704772  17.4508538 284.2994325  45.6554019  31.7857308   3.9923693   6.0169009   2.8331083

$numeval
[1] 30181

$end_crit
[1] 1

$cpu_time
elapsed 
  464.7 

$Refset
$Refset$x
           [,1]        [,2]        [,3]      [,4]       [,5]      [,6]       [,7]       [,8]      [,9]    [,10]
 [1,]  26.27490   0.4704772 284.2994325 31.785731   6.016901  26.27490  0.4704772 284.299433 31.785731 6.016901
 [2,] 290.16765  17.4508538  45.6554019  3.992369   2.833108 290.16765 17.4508538  45.655402  3.992369 2.833108
 [3,]  26.27490 290.1676536   0.4704772 17.450854 284.299433  45.65540 31.8263558   3.992369  6.016901 2.833108
 [4,]  26.36363 290.0604287   0.4715230 17.438943 284.300844  45.65460 31.8105391   3.993205  5.986928 2.828279
 [5,]  26.37877 289.8264682   0.4782439 17.442736 284.303658  45.65753 31.7890340   3.992738  5.991946 2.830412
 [6,]  26.28705 290.1364694   0.4752104 17.452267 284.300133  45.65681 31.8214894   3.992579  5.996633 2.830008
 [7,]  26.08385 287.7276456   0.4675371 17.507188 284.315819  45.61756 32.0514931   3.915699  5.964842 2.842309
 [8,]  26.08314 287.7870564   0.4727687 17.509231 284.317219  45.61601 32.0517347   3.915401  5.965123 2.842055
 [9,]  26.09176 287.5570234   0.4668235 17.504294 284.316286  45.61598 32.0522117   3.915687  5.964797 2.842339
[10,]  26.07521 287.9828979   0.4807976 17.503502 284.316510  45.62933 32.0360157   3.915600  5.977926 2.842417
[11,]  26.08800 287.7762671   0.4689730 17.506434 284.315454  45.62022 32.0476410   3.915735  5.964476 2.842281
[12,]  25.93557 288.4329448   0.4738269 17.819863 284.314433  45.63890 31.9891553   3.916166  5.965455 2.847210

$Refset$f
 [1] 80.58333 80.58333 80.93924 81.63542 82.03299 81.86458 89.17882 89.20833 89.23438 89.25521 89.38542 90.00694

$Refset$fpen
 [1] 80.58333 80.58333 80.93924 81.63542 82.03299 81.86458 89.17882 89.20833 89.23438 89.25521 89.38542 90.00694

$Refset$const
          [,1]      [,2]     [,3]      [,4]     [,5]
 [1,] 11.43395 18.549146  2.28154 29.983099 1.774505
 [2,] 29.98310  1.774505 11.43395 18.549146 2.281540
 [3,] 11.43395 29.983099 18.54915  1.774867 2.283771
 [4,] 11.45201 30.013072 18.56106  1.774564 2.283048
 [5,] 11.45079 30.008054 18.55726  1.774021 2.281985
 [6,] 11.45563 30.003367 18.54773  1.774732 2.283507
 [7,] 11.54235 30.035158 18.49281  1.775115 2.299030
 [8,] 11.54411 30.034877 18.49077  1.774958 2.299220
 [9,] 11.53950 30.035203 18.49571  1.775075 2.299170
[10,] 11.52558 30.022074 18.49650  1.774827 2.297768
[11,] 11.54196 30.035524 18.49357  1.775110 2.298681
[12,] 11.85441 30.034545 18.18014  1.774613 2.294624

$Refset$penalty
 [1] 0 0 0 0 0 0 0 0 0 0 0 0


