$f
 [1] 5526.7726 1229.0694  968.3976  955.7135  915.0694  861.7118  819.9410  803.0920  789.9097  768.6076  767.0278  757.6979  742.9010  740.2361  738.1823  732.7691  732.0451  726.5625  722.4497
[20]  719.3663  717.0174  714.7292  714.2969  713.0590  712.0990  712.0903  711.9236  711.2691  711.0260  710.9878  710.9549  710.5417  710.4792  710.2674  710.1181  710.0087  710.0087

$x
          [,1]     [,2]      [,3]     [,4]     [,5]     [,6]     [,7]     [,8]     [,9]    [,10]
xbest 30.92933 113.4851 0.4355119 21.56526 284.5767 44.95583 44.76265 2.171843 5.394137 1.222897
xbest 25.96563 339.7924 0.4478786 17.94639 285.2417 43.89696 37.36353 3.303930 4.593865 3.040352
xbest 25.96563 343.2159 0.3887767 17.94639 285.3829 43.89696 37.59010 3.203930 4.434365 3.035621
xbest 25.11034 341.4932 0.3735212 17.90682 285.1452 43.31419 39.75480 3.157783 4.516439 3.048233
xbest 23.64257 275.4170 0.4425871 19.92707 284.8738 45.28645 36.95217 3.269948 5.088340 3.153628
xbest 30.99839 336.4706 0.2229850 20.35346 286.6928 43.08572 26.21415 2.364393 2.865087 2.764563
xbest 24.67248 297.3400 0.4293196 19.31383 285.1046 45.13576 37.58041 3.168828 4.779568 3.027101
xbest 24.71936 297.0275 0.4054133 19.31383 285.1046 45.13576 37.58041 3.168828 4.779568 3.027101
xbest 24.72749 325.9126 0.3510980 17.96138 285.1110 44.64341 38.17403 3.131776 4.820489 3.174126
xbest 24.72749 325.2827 0.3539324 17.96138 285.0547 44.64341 38.17403 3.131776 4.807989 3.174126
xbest 30.64034 371.5592 0.2442288 18.10569 286.7645 44.58512 25.76751 2.642749 3.340660 2.855112
xbest 30.64034 371.5592 0.2440322 18.10569 286.7645 44.58512 25.64564 2.642749 3.328160 2.855112
xbest 31.57745 364.8619 0.2359931 17.85161 286.7756 44.55707 25.80187 2.641250 3.322266 2.834630
xbest 31.57745 364.8619 0.2359931 17.85161 286.7756 44.55707 25.72062 2.641250 3.322266 2.833146
xbest 32.14554 364.3952 0.2364866 17.86034 286.7726 44.56372 25.77736 2.642739 3.333798 2.839207
xbest 33.61032 336.2272 0.2140407 17.97207 286.7636 44.54566 25.81446 2.641479 3.372603 2.839638
xbest 33.19293 351.1313 0.2219629 17.85117 286.7838 44.54483 25.81518 2.639946 3.258308 2.825493
xbest 33.86875 324.3913 0.2036307 18.24787 286.7586 44.53777 25.81526 2.641470 3.375238 2.840693
xbest 33.30442 338.0248 0.2131991 18.07555 286.7770 44.54883 25.81078 2.640971 3.362465 2.837556
xbest 33.30442 338.0248 0.2131991 18.07555 286.7770 44.54883 25.81078 2.640971 3.365590 2.840525
xbest 32.73928 352.4684 0.1898575 18.11113 286.7877 44.54513 25.82937 2.639721 3.005313 2.803595
xbest 32.73928 352.4684 0.1895059 18.11113 286.7877 44.54513 25.82937 2.639721 2.992813 2.800627
xbest 32.84546 349.5213 0.1948313 18.00061 286.7900 44.53347 25.84076 2.640050 3.137033 2.800639
xbest 32.83960 349.5213 0.1948313 18.00061 286.7900 44.53347 25.84076 2.640050 3.137033 2.800639
xbest 32.81603 349.9253 0.1916902 17.89921 286.7842 44.54011 25.82037 2.640003 3.184205 2.802888
xbest 32.81404 349.9955 0.1917080 17.89847 286.7844 44.53679 25.82645 2.640184 3.184158 2.801629
xbest 32.83213 349.9387 0.1934713 17.96736 286.7891 44.54579 25.83340 2.639971 3.144702 2.802799
xbest 32.84654 349.8116 0.1938850 17.96726 286.7892 44.54746 25.83452 2.640013 3.144937 2.803028
xbest 32.81484 349.8134 0.1933919 17.93592 286.7863 44.54495 25.82773 2.640111 3.173123 2.800411
xbest 32.81549 349.8508 0.1924722 17.91674 286.7857 44.54485 25.82551 2.640154 3.178262 2.801380
xbest 32.81549 349.8703 0.1924722 17.91674 286.7857 44.54485 25.82551 2.640154 3.178262 2.801380
xbest 32.83835 349.8192 0.1937780 17.93577 286.7869 44.54438 25.83415 2.641489 3.167993 2.801764
xbest 32.83053 349.8851 0.1936905 17.94128 286.7873 44.54492 25.83654 2.641324 3.161870 2.801661
xbest 32.83136 349.8744 0.1928541 17.92135 286.7862 44.54444 25.82728 2.641049 3.169762 2.802103
xbest 32.81204 349.8433 0.1928496 17.93228 286.7870 44.54449 25.83107 2.641004 3.171325 2.802142
xbest 32.81204 349.8238 0.1928496 17.93228 286.7870 44.54449 25.83107 2.641004 3.171325 2.802142
xbest 32.81204 349.8238 0.1928496 17.93228 286.7870 44.54449 25.83107 2.641004 3.171325 2.802142

$time
elapsed elapsed elapsed elapsed elapsed elapsed elapsed elapsed elapsed elapsed elapsed elapsed elapsed elapsed elapsed elapsed elapsed elapsed elapsed elapsed elapsed elapsed elapsed elapsed elapsed 
   1.33    3.61    5.95   10.78   14.86   19.22   25.72   29.34   78.51   79.84  148.94  150.22  210.44  211.55  213.97  217.83  219.76  221.59  239.83  252.00  273.20  274.44  296.98  298.12  309.45 
elapsed elapsed elapsed elapsed elapsed elapsed elapsed elapsed elapsed elapsed elapsed elapsed 
 320.55  326.92  329.11  363.78  365.72  366.76  392.89  398.00  404.17  408.20  415.58  460.87 

$neval
 [1]   106   261   420   711   989  1270  1679  1914  5156  5251  9889  9975 13950 14029 14173 14455 14595 14732 16020 16901 18263 18351 19705 19779 20462 21152 21492 21625 23860 23996 24069 25723
[33] 26063 26471 26742 27221 30080

$fbest
[1] 710.0087

$xbest
 [1]  32.8120416 349.8237653   0.1928496  17.9322781 286.7870096  44.5444886  25.8310698   2.6410045   3.1713251   2.8021416

$numeval
[1] 30080

$end_crit
[1] 1

$cpu_time
elapsed 
 460.87 

$Refset
$Refset$x
          [,1]     [,2]      [,3]     [,4]     [,5]     [,6]     [,7]     [,8]     [,9]    [,10]
 [1,] 32.81313 349.8678 0.1926055 17.91636 286.7870 44.54438 25.83273 2.641289 3.179513 2.801588
 [2,] 32.83118 349.8604 0.1929133 17.92355 286.7874 44.54463 25.82967 2.641073 3.169161 2.801862
 [3,] 32.83123 349.8637 0.1929081 17.92322 286.7872 44.54461 25.82903 2.641061 3.169355 2.801954
 [4,] 32.82003 349.8550 0.1923833 17.91070 286.7850 44.54344 25.83126 2.641052 3.180190 2.802166
 [5,] 32.81884 349.8162 0.1928900 17.91096 286.7854 44.54362 25.83104 2.641173 3.184131 2.802161
 [6,] 32.84525 349.8739 0.1941560 17.95611 286.7871 44.54585 25.83420 2.641441 3.151500 2.801470
 [7,] 32.82708 349.8683 0.1935570 17.93538 286.7880 44.54457 25.83149 2.641118 3.170986 2.803195
 [8,] 32.83125 349.8579 0.1929097 17.92812 286.7867 44.54457 25.82946 2.641128 3.169163 2.801850
 [9,] 31.93734 391.8132 0.4168522 18.57701 286.9557 48.00000 24.00000 2.000000 2.000000 3.493522
[10,] 33.59376 331.9254 0.2232140 17.91820 286.7601 45.08441 26.01875 3.316075 3.199805 2.905849
[11,] 36.19396 372.1173 0.1414448 20.22680 286.5162 42.43496 32.24459 4.116046 5.983360 2.814517
[12,] 36.18691 355.1125 0.1960491 15.91265 286.7041 41.65565 24.91605 4.255635 3.000046 2.312310

$Refset$f
 [1]   710.1753   710.1858   710.1858   710.2899   710.2899   710.4792   710.4427   710.9271   901.0972   876.4045 14820.1684  1599.6042

$Refset$fpen
 [1]   710.1753   710.1858   710.1858   710.2899   710.2899   710.4792   710.4427   710.9271   901.0972   876.4045 14820.1684  1599.6042

$Refset$const
          [,1]     [,2]     [,3]     [,4]     [,5]
 [1,] 14.73684 32.82049 18.08364 1.510099 2.513812
 [2,] 14.75439 32.83084 18.07645 1.510067 2.513762
 [3,] 14.75386 32.83064 18.07678 1.510085 2.513659
 [4,] 14.73051 32.81981 18.08930 1.510302 2.513008
 [5,] 14.72683 32.81587 18.08904 1.510262 2.513138
 [6,] 14.80461 32.84850 18.04389 1.510089 2.513881
 [7,] 14.76439 32.82901 18.06462 1.510007 2.514080
 [8,] 14.75895 32.83084 18.07188 1.510141 2.513475
 [9,] 16.57701 34.00000 17.42299 1.500129 2.369919
[10,] 14.71840 32.80020 18.08180 1.513020 2.496353
[11,] 14.24344 30.01664 15.77320 1.516804 2.958228
[12,] 12.91260 32.99995 20.08735 1.516815 2.532587

$Refset$penalty
 [1] 0 0 0 0 0 0 0 0 0 0 0 0


