$f
 [1] 1198.7708  684.0312  528.2292  484.3368  476.1215  406.4236  402.2118  383.1701  376.5903  372.9514  371.7760  363.3247  362.6528  346.6406  339.4809  338.0764  336.7465  335.6372  335.1875
[20]  327.9375  327.8733

$x
          [,1]     [,2]      [,3]     [,4]     [,5]     [,6]     [,7]     [,8]     [,9]    [,10]
xbest 32.24614 264.6302 0.3886326 20.50378 284.6312 37.08585 29.13705 8.121573 5.964593 4.331146
xbest 37.70537 111.2161 0.6701992 28.63714 286.0365 43.63413 26.37361 5.975604 5.645486 1.435744
xbest 39.80168 100.0000 0.9844332 30.00000 286.0365 43.63413 26.26118 5.975604 5.221723 1.435744
xbest 41.43414 188.5732 0.9766670 20.02911 285.1815 44.76259 30.39282 3.429536 6.849860 3.922843
xbest 42.20205 182.3330 0.8847365 20.03898 285.1974 45.04262 29.88311 3.429431 6.849940 3.914359
xbest 42.20205 182.3330 0.9905584 20.03898 285.1974 44.87477 29.88311 3.429431 6.987884 4.940203
xbest 45.26128 148.6234 0.7846897 29.46513 286.6849 47.53990 27.44725 3.821408 2.366431 3.511203
xbest 45.26128 148.6234 0.7102292 28.71513 286.6849 47.53990 27.47597 3.821269 2.481336 3.519600
xbest 45.46005 132.2391 0.7590495 29.06747 286.4638 47.25229 26.06348 3.791081 3.045734 3.306028
xbest 44.70394 147.2819 0.8256454 29.26119 286.5440 47.34494 26.99379 3.800130 2.806026 3.375098
xbest 44.73339 142.7317 0.6643563 29.02297 286.4948 47.30204 26.32146 3.803078 2.917152 3.362058
xbest 44.73339 142.7317 0.8443563 29.04055 286.4995 47.30204 26.30115 3.803078 2.892152 3.362058
xbest 44.98921 132.9276 0.6277592 29.82579 286.5173 47.87114 25.82518 3.819123 2.677288 3.376473
xbest 45.17264 131.5300 0.6952592 30.00000 286.5199 47.88522 25.84789 3.819123 2.675527 3.389749
xbest 45.17446 133.9964 0.5164307 29.62134 286.4981 47.67182 26.45298 3.805899 2.723626 3.538293
xbest 45.17446 134.3089 0.4953370 29.62134 286.4981 47.67182 26.45298 3.805899 2.736126 3.538293
xbest 45.17390 133.9540 0.5164046 29.62373 286.4983 47.67184 26.44774 3.807541 2.723425 3.529009
xbest 45.17390 133.8759 0.5164046 29.62373 286.4983 47.67184 26.44774 3.807541 2.729675 3.529009
xbest 45.27674 134.2604 0.5175203 29.62087 286.4984 47.66928 26.52315 3.806657 2.727865 3.526831
xbest 45.55800 135.6666 1.0000000 29.62966 286.4984 47.66928 26.52315 3.806657 2.697449 3.526831
xbest 45.55800 135.6666 1.0000000 29.62966 286.4984 47.66909 26.56378 3.806657 2.697449 3.526831

$time
elapsed elapsed elapsed elapsed elapsed elapsed elapsed elapsed elapsed elapsed elapsed elapsed elapsed elapsed elapsed elapsed elapsed elapsed elapsed elapsed elapsed 
   1.23    3.17    5.45   14.59   23.92   25.50   77.70   79.30   89.31   91.47   94.70   97.78  144.89  146.70  309.42  310.64  335.41  336.48  405.86  407.81  429.47 

$neval
 [1]   106   258   396  1095  1774  1899  5542  5665  6478  6616  6882  7119 10392 10529 22071 22162 23784 23866 28598 28745 30115

$fbest
[1] 327.8733

$xbest
 [1]  45.557999 135.666647   1.000000  29.629659 286.498427  47.669085  26.563780   3.806657   2.697449   3.526831

$numeval
[1] 30115

$end_crit
[1] 1

$cpu_time
elapsed 
 429.47 

$Refset
$Refset$x
           [,1]      [,2]        [,3]      [,4]       [,5]      [,6]     [,7]       [,8]      [,9]    [,10]
 [1,] 135.66665  29.62966  47.6692803  3.806657   3.526831 135.66665 29.62966  47.669280  3.806657 3.526831
 [2,]  45.55800   1.00000 286.4984265 26.523155   2.697449  45.55800  1.00000 286.498427 26.523155 2.697449
 [3,]  45.22286 134.05806   0.5155301 29.627364 286.498409  47.66915 26.52924   3.806654  2.722371 3.527074
 [4,]  45.28862 133.92431   0.5191475 29.565479 286.498505  47.67176 26.43450   3.807589  2.721074 3.529733
 [5,]  45.08449 134.79852   0.5154680 29.644206 286.494504  47.68395 26.41651   3.807012  2.743399 3.528521
 [6,]  45.41161 133.10884   0.5207292 29.582771 286.498494  47.67101 26.43550   3.807500  2.719836 3.529095
 [7,]  46.10711 127.36808   0.5435074 29.287324 286.468013  47.37265 26.06989   3.808167  2.849430 3.371680
 [8,]  46.26409 128.96719   0.5314375 29.335526 286.490463  47.32071 26.04578   3.794048  2.720831 3.544011
 [9,]  45.25703 135.35818   0.4942525 29.635185 286.489216  47.67380 26.38928   3.808147  2.763785 3.527841
[10,]  45.10735 133.94721   0.4862906 29.659055 286.495592  47.68282 26.43879   3.810102  2.686524 3.528332
[11,]  46.57731 135.85351   0.6259562 29.319698 286.382629  44.16915 27.28809   3.949376  3.090747 3.612508
[12,]  47.01278 145.22950   0.5601955 25.682305 286.405363  46.06766 27.68251   2.875692  3.862747 3.716579

$Refset$f
 [1] 327.9375 327.9375 335.0000 336.2031 337.1267 337.5590 351.7170 353.2309 357.3993 348.1875 442.7986 528.9340

$Refset$fpen
 [1] 327.9375 327.9375 335.0000 336.2031 337.1267 337.5590 351.7170 353.2309 357.3993 348.1875 442.7986 528.9340

$Refset$const
          [,1]      [,2]      [,3]      [,4]     [,5]
 [1,] 33.30255  1.538856 26.932210  6.370341 2.355510
 [2,] 26.93221  6.370341  2.355510 33.302551 1.538856
 [3,] 26.90499 33.277629  6.372636  1.538856 2.355823
 [4,] 26.84441 33.278926  6.434521  1.538882 2.350882
 [5,] 26.90081 33.256601  6.355794  1.539249 2.348378
 [6,] 26.86293 33.280164  6.417229  1.538882 2.350952
 [7,] 26.43789 33.150570  6.712676  1.541649 2.331348
 [8,] 26.61470 33.279169  6.664474  1.539657 2.338370
 [9,] 26.87140 33.236215  6.364815  1.539730 2.345647
[10,] 26.97253 33.313476  6.340945  1.539144 2.349892
[11,] 26.22895 32.909253  6.680302  1.547859 2.476581
[12,] 21.81956 32.137253 10.317695  1.546342 2.439302

$Refset$penalty
 [1] 0 0 0 0 0 0 0 0 0 0 0 0


