$f
 [1] 4528.8767 1298.0712 1076.4149 1012.1997  966.6840  944.7986  913.0243  908.7847  892.0903  886.1128  874.9115  867.0035  836.9809  836.3003  826.7535  812.9740  791.7604  791.6493  788.8281
[20]  788.6389  788.5608  788.5608

$x
          [,1]     [,2]      [,3]     [,4]     [,5]     [,6]     [,7]     [,8]     [,9]    [,10]
xbest 24.79000 337.0400 0.2529000 17.72000 285.5400 45.67000 29.49000 2.970000 2.000000 2.690000
xbest 23.71750 434.9934 0.1000000 18.15479 286.3799 45.63196 28.42343 2.937320 2.000000 3.633655
xbest 23.70029 434.9934 0.1202934 18.33398 286.3617 46.41898 31.01597 2.946502 2.032212 3.501934
xbest 25.53512 497.4757 0.1007923 15.16064 286.8541 47.78002 24.00000 2.152905 2.159844 1.290785
xbest 25.75563 492.7088 0.1531998 16.04103 286.7567 47.39661 28.23033 2.869373 2.329266 2.387296
xbest 27.52452 499.8404 0.1000000 15.76596 286.5216 43.82020 26.14227 2.581052 2.000000 3.917425
xbest 27.25936 499.6539 0.1089493 15.88002 286.5853 43.77601 26.08482 2.531052 2.000000 3.941175
xbest 26.51951 499.7232 0.1083433 15.36501 286.5343 45.28872 25.64012 2.724470 2.096467 3.823498
xbest 26.51951 500.0000 0.1000000 15.36501 286.5343 45.28872 25.64012 2.724470 2.096467 3.823498
xbest 28.02364 496.4307 0.1092582 15.30148 286.5410 44.60565 25.35665 2.933293 2.000120 4.176619
xbest 28.02269 497.2785 0.1066530 15.23558 286.5723 44.96465 25.59008 2.746452 2.062879 3.446117
xbest 27.87692 497.2431 0.1067484 15.23797 286.5797 44.96914 25.59020 2.753585 2.064333 3.543202
xbest 27.81630 497.7655 0.1052848 15.37666 286.5425 44.82054 25.42146 2.840667 2.023285 3.345686
xbest 28.09053 499.6506 0.1000000 15.05908 286.5972 45.01867 25.46520 2.797923 2.000000 3.562366
xbest 28.02022 500.0000 0.1000000 15.05908 286.5972 44.91867 25.46520 2.797142 2.000000 3.562366
xbest 28.01662 488.4365 0.1090613 15.57605 286.5333 44.81813 25.38778 2.821578 2.016058 3.398637
xbest 28.01662 488.4768 0.1083582 15.57605 286.5333 44.80525 25.55028 2.821578 2.014447 3.410512
xbest 28.65163 491.4425 0.1384728 15.31643 286.5494 44.73759 25.71824 2.826030 2.127955 3.404052
xbest 28.65163 491.4425 0.1384728 15.31497 286.5494 44.73759 25.71824 2.826030 2.121705 3.407021
xbest 28.68856 490.6675 0.1387519 15.37481 286.5476 44.74330 25.73230 2.827494 2.082860 3.406602
xbest 28.68856 490.6675 0.1387519 15.37481 286.5476 44.74330 25.73230 2.827494 2.082860 3.405859
xbest 28.68856 490.6675 0.1387519 15.37481 286.5476 44.74330 25.73230 2.827494 2.082860 3.405859

$time
elapsed elapsed elapsed elapsed elapsed elapsed elapsed elapsed elapsed elapsed elapsed elapsed elapsed elapsed elapsed elapsed elapsed elapsed elapsed elapsed elapsed elapsed 
   1.42    3.80    6.47   12.76   23.31   27.34   29.44   81.06   82.23   84.41   91.19   95.53   97.66  102.28  105.92  112.39  129.11  392.92  394.20  444.89  446.00  477.98 

$neval
 [1]   106   267   445   872  1551  1823  1963  5195  5273  5411  5820  6099  6235  6507  6743  7146  8185 24856 24941 28050 28124 30032

$fbest
[1] 788.5608

$xbest
 [1]  28.6885626 490.6674742   0.1387519  15.3748102 286.5476200  44.7432968  25.7322994   2.8274939   2.0828602   3.4058594

$numeval
[1] 30032

$end_crit
[1] 1

$cpu_time
elapsed 
 477.98 

$Refset
$Refset$x
           [,1]        [,2]        [,3]      [,4]       [,5]      [,6]       [,7]       [,8]      [,9]    [,10]
 [1,]  28.68856   0.1387519 286.5476200 25.732299   2.082860  28.68856  0.1387519 286.547620 25.732299 2.082860
 [2,] 490.66747  15.3748102  44.7432968  2.827494   3.405859 490.66747 15.3748102  44.743297  2.827494 3.405859
 [3,]  28.63981 491.4363416   0.1387643 15.319681 286.546859  44.73881 25.7281225   2.826497  2.125558 3.404565
 [4,]  28.68856 490.6674742   0.1387519 15.374810 286.547620  44.74330 25.7322994   2.827494  2.082860 3.406602
 [5,]  28.64500 491.2993647   0.1386793 15.322369 286.548387  44.74016 25.7340471   2.827045  2.121213 3.404728
 [6,]  28.66220 486.0285147   0.1445809 15.524845 286.542851  44.73296 25.7426140   2.829150  2.110651 3.383333
 [7,]  28.67946 483.4631822   0.1386927 15.367123 286.566412  45.15649 25.6947772   2.829942  2.128775 3.408314
 [8,]  28.63404 487.2820190   0.1414097 15.333959 286.549415  45.06457 25.7028254   2.828461  2.109769 3.399212
 [9,]  29.00908 494.0368522   0.1376571 15.321604 286.543684  44.76037 25.6753863   2.818911  2.086340 3.399342
[10,]  28.63544 491.3402765   0.1419553 15.575602 286.547031  44.75903 25.7485955   2.818535  2.113459 3.444092
[11,]  39.80974 480.5178347   0.3137366 15.106025 285.852184  32.95546 25.0367594   4.055031  2.079552 2.607491
[12,]  28.29538 483.0034100   0.1019383 15.000000 286.574889  44.46158 24.5917806   3.083780  2.271720 3.375205

$Refset$f
 [1]  788.5608  788.5608  788.6111  788.6389  789.1788  790.1476  794.6493  805.5938  811.3142  813.1476 1376.0174 1074.2153

$Refset$fpen
 [1]  788.5608  788.5608  788.6111  788.6389  789.1788  790.1476  794.6493  805.5938  811.3142  813.1476 1376.0174 1074.2153

$Refset$const
          [,1]      [,2]      [,3]      [,4]     [,5]
 [1,] 13.29195 20.625190  2.418049 33.917140 1.533722
 [2,] 33.91714  1.533722 13.291950 20.625190 2.418049
 [3,] 13.19412 33.874442 20.680319  1.533796 2.417711
 [4,] 13.29195 33.917140 20.625190  1.533722 2.418049
 [5,] 13.20116 33.878787 20.677631  1.533646 2.418501
 [6,] 13.41419 33.889349 20.475155  1.534159 2.417432
 [7,] 13.23835 33.871225 20.632877  1.532209 2.408620
 [8,] 13.22419 33.890231 20.666041  1.533751 2.406517
 [9,] 13.23526 33.913660 20.678396  1.534158 2.412969
[10,] 13.46214 33.886541 20.424398  1.533771 2.418272
[11,] 13.02647 33.920448 20.893975  1.598129 2.728032
[12,] 12.72828 33.728280 21.000000  1.532001 2.371342

$Refset$penalty
 [1] 0 0 0 0 0 0 0 0 0 0 0 0


