$f
 [1] 1245.1458 1089.1163  467.1580  441.3264  403.4149  379.3924  342.5191  323.8229  317.0764  314.4514  310.1892  310.1354  309.3819  309.1753  309.0191  308.9948  308.9931  308.9062  308.8073
[20]  308.5764  308.2257  308.2257

$x
          [,1]     [,2]      [,3]     [,4]     [,5]     [,6]     [,7]     [,8]     [,9]    [,10]
xbest 25.73754 137.3610 0.8641692 24.32036 284.2227 46.61490 32.22265 9.460708 3.329341 4.513266
xbest 60.79597 126.8793 0.8543664 25.91028 284.4101 28.73740 28.10083 3.240321 6.763707 4.965715
xbest 54.79245 126.8793 0.1363213 25.91028 284.0507 29.21828 27.71011 3.480763 5.692887 3.080755
xbest 62.25929 127.9026 0.1438811 25.86643 284.0000 29.44439 24.00000 3.412076 4.091886 3.476024
xbest 62.44679 127.9026 0.1301701 25.86643 284.0750 29.49439 24.00000 3.412076 4.032511 3.526493
xbest 34.31987 202.9265 0.8829413 23.70950 284.8086 43.87973 37.64337 6.119152 3.904350 3.005502
xbest 34.31987 205.4265 0.9943750 23.70950 284.8086 43.87973 37.60275 6.219152 3.904350 2.981752
xbest 35.00402 199.3459 0.8490008 23.72046 284.7362 43.67489 37.33231 6.125000 4.081735 2.915744
xbest 35.00402 198.7209 1.0000000 23.74389 284.7358 43.68114 37.32215 6.125000 4.053610 2.918712
xbest 34.55250 190.5557 0.8643928 23.51410 284.7456 43.77490 37.85028 6.123468 4.527314 2.819600
xbest 34.55250 190.5557 1.0000000 23.51263 284.7456 43.77490 37.85028 6.123468 4.527314 2.819600
xbest 35.10572 198.8650 0.9344349 23.48879 284.7335 43.59106 37.52637 6.067704 4.088733 2.995979
xbest 35.10572 198.8259 0.9569349 23.48879 284.7335 43.59106 37.52637 6.067704 4.088733 2.995979
xbest 35.06478 198.4153 0.9267944 23.54335 284.7322 43.58998 37.42527 6.068177 4.079148 2.997345
xbest 35.06478 198.4153 0.9492944 23.54335 284.7322 43.58998 37.42527 6.068177 4.079148 2.997345
xbest 35.03914 198.8249 0.9228847 23.54087 284.7327 43.58911 37.50297 6.067754 4.081836 2.995701
xbest 35.05657 198.3723 0.9232270 23.54009 284.7326 43.58970 37.47119 6.068107 4.081270 2.996154
xbest 35.04883 198.7660 0.9228376 23.51392 284.7283 43.58986 37.49596 6.068344 4.115754 2.995454
xbest 35.07100 198.2295 0.9231804 23.53880 284.7326 43.59048 37.46758 6.068215 4.081687 2.995812
xbest 35.06430 198.4763 0.9263585 23.53906 284.7321 43.58964 37.47353 6.068113 4.074217 2.995990
xbest 35.05190 198.1849 0.9272606 23.54006 284.7328 43.59189 37.47527 6.068279 4.089619 2.995279
xbest 35.05190 198.1849 0.9272606 23.54006 284.7328 43.59189 37.47527 6.068279 4.089619 2.995279

$time
elapsed elapsed elapsed elapsed elapsed elapsed elapsed elapsed elapsed elapsed elapsed elapsed elapsed elapsed elapsed elapsed elapsed elapsed elapsed elapsed elapsed elapsed 
   1.09    2.97    5.12   22.06   25.89   74.03   75.42  132.67  134.31  182.58  183.86  283.70  284.75  313.64  314.59  351.76  362.84  370.51  375.23  384.98  392.45  424.23 

$neval
 [1]   106   255   421  1673  1953  5316  5422  9593  9717 13102 13186 20272 20350 22378 22451 25026 25778 26325 26663 27335 27878 30002

$fbest
[1] 308.2257

$xbest
 [1]  35.0518986 198.1849431   0.9272606  23.5400614 284.7327842  43.5918891  37.4752717   6.0682789   4.0896187   2.9952794

$numeval
[1] 30002

$end_crit
[1] 1

$cpu_time
elapsed 
 424.23 

$Refset
$Refset$x
           [,1]        [,2]        [,3]      [,4]       [,5]      [,6]       [,7]       [,8]      [,9]    [,10]
 [1,]  35.05190   0.9272606 284.7327842 37.475272   4.089619  35.05190  0.9272606 284.732784 37.475272 4.089619
 [2,] 198.18494  23.5400614  43.5918891  6.068279   2.995279 198.18494 23.5400614  43.591889  6.068279 2.995279
 [3,]  35.05190 198.1849431   0.9272606 23.540061 284.732784  43.59189 37.4752717   6.068279  4.089619 2.995279
 [4,]  35.04606 198.5694592   0.9290376 23.528005 284.729533  43.59034 37.4848151   6.068109  4.083783 2.996723
 [5,]  35.03968 198.8077749   0.9248619 23.545003 284.732293  43.58856 37.4753155   6.067880  4.078828 2.996851
 [6,]  35.03439 198.7453543   0.9247381 23.531922 284.732663  43.59284 37.4791791   6.068359  4.082679 2.996134
 [7,]  34.92319 198.4709213   0.9382593 23.545683 284.742268  43.59011 37.4869778   6.069451  4.142941 3.000418
 [8,]  34.93723 198.6162907   0.9393778 23.688053 284.729236  43.58974 37.4923397   6.103821  4.070061 2.996382
 [9,]  35.02581 206.9444069   0.9254635 23.460669 284.698075  43.38641 37.4825673   6.070841  4.082956 2.997469
[10,]  35.91749 187.5541931   0.8540578 23.495707 284.729283  43.48597 37.4206802   6.070670  4.689071 3.044810
[11,]  35.78475 199.3736473   0.8860044 23.959832 284.748305  41.43100 36.9366804   6.158972  4.084150 3.946713
[12,]  36.17574 199.0382179   0.9089069 23.700297 284.747117  41.02910 37.1607283   6.196517  4.104558 3.308125

$Refset$f
 [1] 308.2257 308.2257 308.2257 308.7344 308.9601 317.1701 325.6458 333.5972 353.8681 398.1024 415.4653 436.2569

$Refset$fpen
 [1] 308.2257 308.2257 308.2257 308.7344 308.9601 317.1701 325.6458 333.5972 353.8681 398.1024 415.4653 436.2569

$Refset$const
          [,1]      [,2]      [,3]      [,4]     [,5]
 [1,] 19.45044 12.459939  2.821904 31.910381 1.750554
 [2,] 31.91038  1.750554 19.450443 12.459939 2.821904
 [3,] 19.45044 31.910381 12.459939  1.750554 2.821904
 [4,] 19.44422 31.916217 12.471995  1.751082 2.822333
 [5,] 19.46618 31.921172 12.454997  1.750635 2.822074
 [6,] 19.44924 31.917321 12.468078  1.750577 2.822144
 [7,] 19.40274 31.857059 12.454317  1.749066 2.824422
 [8,] 19.61799 31.929939 12.311947  1.751139 2.822961
 [9,] 19.37771 31.917044 12.539331  1.756313 2.832356
[10,] 18.80664 31.310929 12.504293  1.751152 2.824444
[11,] 19.87568 31.915850 12.040168  1.748901 2.945239
[12,] 19.59574 31.895442 12.299703  1.749017 3.002438

$Refset$penalty
 [1] 0 0 0 0 0 0 0 0 0 0 0 0


