$f
 [1] 536.1059 371.4427 322.0556 264.2517 229.9688 206.7830 204.8559 193.2083 192.4792 171.3576 132.0243 130.0972 129.6719 129.4444 129.0851 127.1840 123.9288 123.5417 123.2153 123.0399 122.8958
[22] 122.8837 122.7587 122.7465 122.6285 122.6163 122.5816 122.5347 122.5191 122.5191

$x
          [,1]     [,2]      [,3]     [,4]     [,5]     [,6]     [,7]     [,8]     [,9]    [,10]
xbest 44.91520 113.8698 0.3479125 21.50296 286.6954 40.34078 25.22236 5.071481 5.848074 3.447954
xbest 43.75803 111.7119 0.3430952 19.53490 286.9061 44.48804 24.75164 5.107074 7.134117 3.858841
xbest 43.75803 111.5814 0.2404545 18.78490 286.9042 44.48804 24.73467 5.107074 7.310893 3.857601
xbest 43.75803 111.3521 0.1454702 17.97294 286.9044 44.48804 24.74950 5.107074 7.217197 3.856415
xbest 44.04468 160.2848 0.1411441 20.61014 286.8559 40.51856 24.00000 5.386097 4.358696 3.858423
xbest 43.71498 100.0000 0.1426163 19.12568 286.9036 44.86740 24.38534 5.057086 7.388240 3.856048
xbest 47.33792 109.8454 0.1006028 21.07890 286.8173 40.33294 25.01831 5.265351 5.655177 3.453357
xbest 43.72327 104.1255 0.1645834 19.09093 286.9038 44.84888 24.40724 5.055397 7.247351 3.855990
xbest 43.71899 100.9897 0.1485722 19.10349 286.9036 44.86916 24.38230 5.056123 7.384445 3.856009
xbest 43.72040 105.5421 0.1609322 19.08947 286.9037 44.84408 24.39963 5.055671 7.313232 3.855988
xbest 43.72040 105.5421 0.1500338 19.08947 286.8849 44.84408 24.56213 5.055280 7.297607 3.861926
xbest 47.14882 105.8761 0.1036076 21.29984 286.7784 40.93588 25.09068 5.199807 5.716469 3.282810
xbest 47.14882 105.8761 0.1036076 21.29984 286.7784 40.93588 25.09068 5.199807 5.719594 3.282810
xbest 47.25426 106.1325 0.1019172 21.11210 286.7665 40.92579 25.01576 5.205364 5.735141 3.293365
xbest 47.25426 106.1325 0.1019172 21.11210 286.7665 40.92579 25.01576 5.205364 5.728891 3.293365
xbest 47.29140 105.4239 0.1017817 21.14020 286.7771 41.00420 25.03256 5.212396 5.732981 3.257013
xbest 47.29140 105.4239 0.1011225 21.14020 286.7584 40.99170 24.87006 5.212396 5.734544 3.257013
xbest 47.26206 105.6998 0.1019312 21.20089 286.7853 41.00441 25.01509 5.210248 5.706736 3.258861
xbest 47.31191 105.6921 0.1020755 21.21417 286.7845 40.99525 25.05721 5.209823 5.692234 3.256334
xbest 47.31191 105.6921 0.1021414 21.21417 286.7846 40.99525 25.05721 5.209823 5.692234 3.256334
xbest 47.28091 105.6784 0.1018924 21.15705 286.7829 40.99611 25.04994 5.209915 5.730455 3.262209
xbest 47.28596 105.6680 0.1019007 21.15587 286.7825 40.99495 25.05186 5.209853 5.730675 3.261271
xbest 47.29402 105.6654 0.1019083 21.16160 286.7828 40.99514 25.04846 5.209731 5.726175 3.261951
xbest 47.29402 105.6654 0.1019303 21.16160 286.7828 40.99514 25.04846 5.209731 5.726175 3.261951
xbest 47.35294 105.3698 0.1019218 21.16169 286.7825 40.99677 25.03453 5.209935 5.729925 3.261193
xbest 47.35810 105.3136 0.1019192 21.16488 286.7825 40.99654 25.02978 5.209944 5.729886 3.261476
xbest 47.30341 105.6254 0.1019192 21.15405 286.7833 40.99993 25.04791 5.209985 5.730020 3.258201
xbest 47.30332 105.6296 0.1019092 21.15392 286.7833 40.99954 25.04633 5.209946 5.730356 3.258494
xbest 47.30258 105.6315 0.1019228 21.15359 286.7833 40.99962 25.04345 5.210002 5.730335 3.258215
xbest 47.30258 105.6315 0.1019228 21.15359 286.7833 40.99962 25.04345 5.210002 5.730335 3.258215

$time
elapsed elapsed elapsed elapsed elapsed elapsed elapsed elapsed elapsed elapsed elapsed elapsed elapsed elapsed elapsed elapsed elapsed elapsed elapsed elapsed elapsed elapsed elapsed elapsed elapsed 
   1.49    6.44    8.28   10.38   16.35   18.56   22.44   24.30   26.21   28.63   30.47  160.27  161.27  193.83  194.83  228.64  230.13  257.78  300.03  301.16  339.69  371.55  379.44  395.69  439.46 
elapsed elapsed elapsed elapsed elapsed 
 442.55  457.85  473.92  477.97  479.10 

$neval
 [1]   106   405   538   685  1103  1247  1520  1655  1792  1931  2055 10149 10222 12278 12352 14520 14627 16398 19051 19133 21448 23425 23901 24931 27568 27774 28733 29752 30025 30026

$fbest
[1] 122.5191

$xbest
 [1]  47.3025757 105.6314748   0.1019228  21.1535928 286.7833105  40.9996242  25.0434466   5.2100024   5.7303347   3.2582152

$numeval
[1] 30026

$end_crit
[1] 1

$cpu_time
elapsed 
  479.1 

$Refset
$Refset$x
           [,1]        [,2]        [,3]      [,4]       [,5]      [,6]       [,7]       [,8]      [,9]    [,10]
 [1,]  47.30332 105.6295547   0.1019092 21.153916 286.783261  40.99954 25.0463262   5.209946  5.730356 3.258494
 [2,]  47.30341 105.6253730   0.1019192 21.154054 286.783273  40.99993 25.0479063   5.209985  5.730020 3.258201
 [3,]  47.30279 105.6312629   0.1019301 21.153336 286.783461  40.99999 25.0451142   5.210000  5.730264 3.258045
 [4,]  47.30312 105.6288534   0.1019256 21.154043 286.783264  40.99990 25.0457752   5.209986  5.729898 3.258427
 [5,]  47.30258 105.6314748   0.1019228 21.153593 286.783310  40.99962 25.0434466   5.210002  5.730335 3.258215
 [6,]  47.34409 105.3536982   0.1019243 21.166562 286.782407  40.99689 25.0355088   5.209951  5.729850 3.261787
 [7,]  47.35820 105.3124225   0.1019299 21.164750 286.782500  40.99654 25.0297800   5.209942  5.730046 3.261476
 [8,]  47.35799 105.3136341   0.1019201 21.164889 286.782441  40.99654 25.0296979   5.209954  5.729886 3.261477
 [9,]  47.35326 105.3421342   0.1019076 21.162567 286.782737  40.99739 25.0366828   5.209937  5.730593 3.261872
[10,]  47.35294   0.1019218 286.7824977 25.034527   5.729925  47.35294  0.1019218 286.782498 25.034527 5.729925
[11,] 105.36978  21.1616912  40.9967695  5.209935   3.261193 105.36978 21.1616912  40.996769  5.209935 3.261193
[12,]  47.34676 105.3782975   0.1019266 21.163561 286.782715  40.99659 25.0358377   5.209935  5.729591 3.261662

$Refset$f
 [1] 122.5347 122.5816 122.5816 122.5816 122.5191 122.5885 122.6163 122.6163 122.6163 122.6285 122.6285 122.6163

$Refset$fpen
 [1] 122.5347 122.5816 122.5816 122.5816 122.5191 122.5885 122.6163 122.6163 122.6163 122.6285 122.6285 122.6163

$Refset$const
          [,1]      [,2]      [,3]      [,4]     [,5]
 [1,] 15.42356 30.269644 14.846084  1.507395 2.597535
 [2,] 15.42403 30.269980 14.845946  1.507390 2.597631
 [3,] 15.42307 30.269736 14.846664  1.507378 2.597510
 [4,] 15.42415 30.270102 14.845957  1.507397 2.597483
 [5,] 15.42326 30.269665 14.846407  1.507398 2.597352
 [6,] 15.43671 30.270150 14.833438  1.507509 2.596573
 [7,] 15.43470 30.269954 14.835250  1.507514 2.596230
 [8,] 15.43500 30.270114 14.835111  1.507520 2.596202
 [9,] 15.43197 30.269407 14.837433  1.507472 2.596760
[10,] 15.43177 14.838309  2.596546 30.270075 1.507502
[11,] 30.27008  1.507502 15.431766 14.838309 2.596546
[12,] 15.43397 30.270409 14.836439  1.507475 2.596728

$Refset$penalty
 [1] 0 0 0 0 0 0 0 0 0 0 0 0


