$f
 [1] 3317.8490 1655.9913 1374.9201 1299.4792 1285.2378 1003.9844  840.9375  768.4653  719.9844  718.8559  718.0069  717.2760  717.1771  717.1319  717.1302  716.7535  716.3316  716.3194  716.1806
[20]  715.8056  715.8056

$x
          [,1]     [,2]      [,3]     [,4]     [,5]     [,6]     [,7]     [,8]     [,9]    [,10]
xbest 28.92099 124.6161 0.8148087 27.39007 285.4247 46.11241 25.53395 7.219608 4.431901 1.980161
xbest 38.38805 431.2459 0.2803956 15.17860 286.2335 36.31463 24.50584 5.639981 2.908720 2.907451
xbest 36.13805 430.6209 0.2128956 15.92860 286.2335 36.31463 24.50584 5.627481 2.883720 2.895576
xbest 27.00306 100.0000 0.8165769 30.00000 285.3471 47.43155 24.51600 6.821907 4.235131 1.959438
xbest 36.35108 426.7388 0.1681678 16.13142 286.4691 36.09472 24.00000 5.554949 2.797932 3.192825
xbest 26.15416 100.0000 0.8109070 30.00000 285.3556 47.80236 24.40648 6.933975 4.010348 1.877802
xbest 26.15416 100.0000 0.9859182 29.43750 285.3558 47.80236 24.29852 6.933975 4.041491 1.887745
xbest 31.43910 293.6001 0.3014005 15.08603 286.8477 45.93345 26.60430 5.770089 6.015398 2.007180
xbest 31.33965 290.0967 0.3556997 15.08603 286.8477 45.75317 26.57841 5.770089 6.013406 1.989368
xbest 34.67925 282.2050 0.3061410 16.06362 286.8180 44.96627 24.93739 5.115896 4.949011 2.310326
xbest 34.67925 282.2831 0.3061410 16.06362 286.8180 44.96783 24.93739 5.115896 4.949011 2.308841
xbest 34.00636 287.1423 0.3069458 15.99812 286.8081 45.00131 25.16290 5.091871 5.084882 2.358132
xbest 34.00636 287.1228 0.3069458 15.99812 286.8081 45.00131 25.16290 5.091871 5.084882 2.358132
xbest 33.98323 286.1909 0.3104122 15.99957 286.8128 44.99336 25.18043 5.091012 5.109991 2.357532
xbest 33.98457 286.1676 0.3095563 15.99929 286.8126 44.99153 25.18482 5.091024 5.109341 2.357316
xbest 33.97824 286.2387 0.3107182 15.99809 286.8109 44.99928 25.17392 5.091337 5.108871 2.357695
xbest 33.97824 286.2387 0.3107182 15.99809 286.8109 44.99928 25.17392 5.091410 5.111996 2.357695
xbest 33.98095 286.2277 0.3107063 15.99821 286.8102 44.99945 25.16911 5.091459 5.110228 2.358052
xbest 33.98593 285.9364 0.3096267 16.00076 286.8092 44.99795 25.17541 5.091444 5.109209 2.358050
xbest 33.98593 285.9364 0.3096267 16.00076 286.8092 44.99795 25.17541 5.091444 5.112334 2.358050
xbest 33.98593 285.9364 0.3096267 16.00076 286.8092 44.99795 25.17541 5.091444 5.112334 2.358050

$time
elapsed elapsed elapsed elapsed elapsed elapsed elapsed elapsed elapsed elapsed elapsed elapsed elapsed elapsed elapsed elapsed elapsed elapsed elapsed elapsed elapsed 
   1.29    3.44    5.23    7.31    9.40   11.39   27.81   70.73   72.78  168.94  170.19  279.83  280.87  295.29  297.39  301.51  302.69  327.28  338.12  348.69  451.45 

$neval
 [1]   106   260   382   527   670   807  1912  4724  4869 11652 11740 19076 19150 20090 20226 20499 20581 22080 22840 23596 30067

$fbest
[1] 715.8056

$xbest
 [1]  33.9859304 285.9364273   0.3096267  16.0007573 286.8091765  44.9979471  25.1754056   5.0914438   5.1123337   2.3580496

$numeval
[1] 30067

$end_crit
[1] 1

$cpu_time
elapsed 
 451.45 

$Refset
$Refset$x
          [,1]     [,2]      [,3]     [,4]     [,5]     [,6]     [,7]     [,8]     [,9]    [,10]
 [1,] 33.98297 286.1930 0.3103808 16.00032 286.8104 44.99833 25.17581 5.091443 5.108236 2.357878
 [2,] 33.98268 286.2089 0.3103931 15.99771 286.8103 44.99831 25.17409 5.091437 5.109601 2.357900
 [3,] 33.98270 286.2000 0.3105041 15.99945 286.8103 44.99844 25.17133 5.091439 5.108799 2.357879
 [4,] 33.98253 286.1790 0.3120980 16.00544 286.8103 44.99853 25.16800 5.091302 5.108829 2.358551
 [5,] 33.98268 286.1893 0.3106205 16.00118 286.8104 44.99839 25.17266 5.091424 5.108369 2.357698
 [6,] 33.98189 286.1844 0.3105487 16.00334 286.8099 44.99842 25.16975 5.091575 5.107797 2.357906
 [7,] 33.98296 286.1931 0.3103802 16.00033 286.8103 44.99834 25.17570 5.091442 5.108203 2.357871
 [8,] 33.96513 286.1401 0.3011954 15.99788 286.8098 44.99729 25.17168 5.091504 5.110239 2.358622
 [9,] 34.00609 286.1884 0.3102483 16.00416 286.8109 45.00261 25.16833 5.091308 5.108867 2.358570
[10,] 33.98180 286.1572 0.3119743 16.01406 286.8106 44.99821 25.17143 5.091530 5.110430 2.357545
[11,] 33.38794 286.9719 0.3509070 15.36634 286.8224 45.39247 25.28379 5.146673 5.579600 2.199235
[12,] 43.13683 168.0579 0.3036189 16.21456 286.8160 39.84429 24.00000 6.052020 4.356952 1.968684

$Refset$f
 [1]  715.8385  715.8385  715.8385  715.8472  715.8385  715.8594  715.8385  717.3385  721.8646  718.9323  737.3333 2353.0503

$Refset$fpen
 [1]  715.8385  715.8385  715.8385  715.8472  715.8385  715.8594  715.8385  717.3385  721.8646  718.9323  737.3333 2353.0503

$Refset$const
          [,1]     [,2]     [,3]     [,4]     [,5]
 [1,] 10.89208 30.89176 19.99968 1.509526 2.468174
 [2,] 10.88811 30.89040 20.00229 1.509533 2.468058
 [3,] 10.89065 30.89120 20.00055 1.509537 2.467897
 [4,] 10.89661 30.89117 19.99456 1.509541 2.467707
 [5,] 10.89281 30.89163 19.99882 1.509528 2.468003
 [6,] 10.89554 30.89220 19.99666 1.509582 2.467646
 [7,] 10.89213 30.89180 19.99967 1.509527 2.468164
 [8,] 10.88764 30.88976 20.00212 1.509582 2.467781
 [9,] 10.89529 30.89113 19.99584 1.509495 2.467781
[10,] 10.90363 30.88957 19.98594 1.509510 2.468011
[11,]  9.78674 30.42040 20.63366 1.508552 2.466117
[12,] 11.85761 31.64305 19.78544 1.504921 2.586230

$Refset$penalty
 [1] 0 0 0 0 0 0 0 0 0 0 0 0


