$f
 [1] 12611.3906  1564.7465  1246.3142  1182.3229  1134.9618  1032.5417  1009.6875   864.4063   848.2274   819.6510   756.4670   743.5417   732.7587   725.1163   720.5000   716.5243   715.4444
[18]   713.8698   713.2622   712.9844   712.1163   694.0521   690.1198   688.4219   678.9896   678.0660   677.7726   677.6580   676.3177   675.6476   675.5156   674.7309   674.2708   674.2153
[35]   673.8281   673.4444   673.3351   673.3351

$x
          [,1]     [,2]      [,3]     [,4]     [,5]     [,6]     [,7]     [,8]     [,9]    [,10]
xbest 22.50331 384.5338 0.8256881 15.71547 285.8840 33.31007 26.75670 6.813754 4.105045 2.121702
xbest 20.28097 101.5165 0.1439568 15.00000 286.2938 44.20353 26.27825 3.818306 5.806958 3.142261
xbest 20.00000 121.2016 0.1439568 15.08267 286.3688 43.40353 26.36013 3.818306 6.594361 2.952261
xbest 21.11079 132.8405 0.1081475 16.99362 286.4260 36.53622 26.67673 4.878092 6.809139 3.878458
xbest 20.12132 114.1336 0.1000000 15.06433 286.4984 45.02324 24.00000 2.871205 8.783098 3.482462
xbest 20.00000 148.4603 0.1004791 15.00000 286.7891 44.21161 25.77306 4.823833 6.910838 2.778723
xbest 21.14299 151.0901 0.1689833 17.43855 286.4940 33.23537 27.27554 5.929698 5.594746 3.259102
xbest 20.80065 161.7328 0.1000000 17.84390 286.7575 38.16910 25.76005 5.626671 4.839764 3.171623
xbest 20.79863 163.9624 0.1054815 17.29602 286.6694 38.18307 25.21831 5.139946 4.905178 3.185334
xbest 20.84423 163.6492 0.1000000 17.55192 286.7285 39.06856 24.66296 5.318511 4.799302 3.178642
xbest 21.26079 163.8486 0.1000000 17.65029 286.5923 37.15002 24.09583 5.663074 4.623743 3.191325
xbest 20.91153 163.6988 0.1000000 17.64109 286.6520 37.22126 24.12289 5.664219 5.046773 3.223792
xbest 20.72403 163.6988 0.1000000 17.64109 286.6520 37.22126 24.12289 5.676719 5.040523 3.217855
xbest 21.04311 163.9436 0.1008406 17.43985 286.6933 37.00619 25.14388 5.623221 5.023016 3.159626
xbest 20.91600 163.8352 0.1006842 17.70379 286.7124 37.11609 25.07101 5.629895 4.922019 3.165788
xbest 20.94483 163.8610 0.1006953 17.72056 286.7150 37.05830 25.42572 5.633937 4.911406 3.156975
xbest 20.80102 163.7507 0.1025826 17.61653 286.7109 37.30770 24.82458 5.628353 5.092669 3.164652
xbest 20.98326 164.2692 0.1000013 17.76532 286.7237 37.03639 25.69057 5.637405 4.639808 3.071618
xbest 20.82759 163.7754 0.1027125 17.62322 286.7089 37.25048 24.49228 5.626703 5.095525 3.165830
xbest 20.95377 163.9579 0.1001756 17.71376 286.7138 37.04843 25.57005 5.635698 4.735176 3.132464
xbest 20.94205 163.9579 0.1001756 17.71376 286.7137 37.04843 25.48880 5.635698 4.735176 3.132464
xbest 20.63576 159.3973 0.1006025 17.74059 286.7398 37.19003 25.71549 5.618569 5.273214 3.196781
xbest 20.45795 159.8681 0.1006553 17.93370 286.7505 37.24042 25.65475 5.617013 5.310640 3.194296
xbest 20.45795 159.8681 0.1000000 17.93370 286.7505 37.24042 25.65475 5.617013 5.323140 3.194296
xbest 20.34763 164.5803 0.1005489 17.80237 286.7395 37.21284 25.58166 5.620985 5.145377 3.145508
xbest 20.34763 164.6584 0.1005489 17.80237 286.7394 37.21284 25.62229 5.620985 5.145377 3.145508
xbest 20.33693 164.7362 0.1004722 17.79913 286.7397 37.21602 25.57071 5.627304 5.142701 3.114853
xbest 20.22817 166.4345 0.1005442 17.79954 286.7344 37.20364 25.55997 5.635462 5.142571 3.075777
xbest 20.19206 166.7365 0.1006300 17.80022 286.7347 37.20363 25.56187 5.632393 5.142902 3.052746
xbest 20.10480 166.8619 0.1005171 17.85144 286.7340 37.20128 25.54629 5.633313 5.154121 3.045691
xbest 20.16038 166.7633 0.1006021 17.81051 286.7343 37.20223 25.55357 5.632761 5.148869 3.051651
xbest 20.16038 166.7633 0.1000000 17.81051 286.7346 37.20223 25.55357 5.632761 5.148869 3.048682
xbest 20.23575 165.5052 0.1000062 17.85149 286.7448 37.21323 25.60098 5.630073 5.139474 3.095087
xbest 20.24465 165.3946 0.1000000 17.85075 286.7449 37.21590 25.59588 5.630207 5.144869 3.097684
xbest 20.23761 165.5064 0.1000000 17.85305 286.7441 37.21605 25.60206 5.630093 5.139235 3.098619
xbest 20.22738 165.4271 0.1000445 17.85652 286.7404 37.21688 25.59315 5.630256 5.148971 3.099644
xbest 20.21687 165.7633 0.1000243 17.85344 286.7400 37.21582 25.60699 5.629434 5.135535 3.078244
xbest 20.21687 165.7633 0.1000243 17.85344 286.7400 37.21582 25.60699 5.629434 5.135535 3.078244

$time
elapsed elapsed elapsed elapsed elapsed elapsed elapsed elapsed elapsed elapsed elapsed elapsed elapsed elapsed elapsed elapsed elapsed elapsed elapsed elapsed elapsed elapsed elapsed elapsed elapsed 
   1.71    4.53    6.69    8.89   10.96   13.28   15.30   17.32   19.83   21.83   23.80   27.86   29.30   31.53   35.75   37.91   40.00   41.89   43.96   48.18   51.33   53.64   56.32   75.18   94.08 
elapsed elapsed elapsed elapsed elapsed elapsed elapsed elapsed elapsed elapsed elapsed elapsed elapsed 
  99.61  112.88  115.11  117.36  119.47  121.74  122.77  346.21  352.72  354.85  422.94  446.88  750.08 

$neval
 [1]   106   268   420   570   717   874  1016  1155  1295  1437  1582  1870  1960  2100  2383  2521  2660  2796  2935  3212  3433  3571  3710  4869  5965  6320  7134  7270  7408  7543  7683  7768
[33] 22673 23153 23291 27960 29524 50039

$fbest
[1] 673.3351

$xbest
 [1]  20.2168654 165.7632518   0.1000243  17.8534355 286.7400274  37.2158168  25.6069893   5.6294340   5.1355349   3.0782439

$numeval
[1] 50039

$end_crit
[1] 1

$cpu_time
elapsed 
 750.08 

$Refset
$Refset$x
          [,1]     [,2]      [,3]     [,4]     [,5]     [,6]     [,7]     [,8]     [,9]    [,10]
 [1,] 65.16057 275.6263 0.8626880 18.95342 286.2904 31.17089 36.54807 6.350338 2.690258 4.001112
 [2,] 20.21230 165.6841 0.1000545 17.85660 286.7402 37.21511 25.62586 5.629664 5.139540 3.069738
 [3,] 20.21229 165.6820 0.1000523 17.86021 286.7396 37.21594 25.61435 5.629438 5.138722 3.073608
 [4,] 20.21234 165.6924 0.1000528 17.85653 286.7401 37.21480 25.62588 5.629719 5.139292 3.069131
 [5,] 20.21192 165.7029 0.1000070 17.85648 286.7403 37.21428 25.62366 5.630327 5.139222 3.071091
 [6,] 20.20967 165.7076 0.1000509 17.85609 286.7401 37.21517 25.62625 5.629725 5.140972 3.069138
 [7,] 20.21188 165.7079 0.1000579 17.85582 286.7402 37.21482 25.62651 5.629760 5.138805 3.070331
 [8,] 20.21200 165.6989 0.1000541 17.86245 286.7395 37.21484 25.60278 5.629870 5.135937 3.070959
 [9,] 20.21154 166.1355 0.1000581 17.85488 286.7405 37.21430 25.62609 5.629777 5.109682 3.069335
[10,] 20.21220 165.8245 0.1000422 17.84570 286.7402 37.21561 25.62621 5.629693 5.137593 3.069010
[11,] 20.21402 165.4549 0.1000500 17.87404 286.7413 37.21369 25.66583 5.630108 5.140221 3.073248
[12,] 20.15923 165.6872 0.1000230 17.88229 286.7395 37.20473 25.57331 5.636851 5.138348 3.049758

$Refset$f
 [1] 1692569.0000     673.3351     673.3351     673.3351     673.3351     673.3351     673.3351     673.3351     673.7187     673.3351     673.8247     675.5243

$Refset$fpen
 [1] 3763661.8445     673.3351     673.3351     673.3351     673.3351     673.3351     673.3351     673.3351     673.7187     673.3351     673.8247     675.5243

$Refset$const
          [,1]     [,2]     [,3]     [,4]     [,5]
 [1,] 16.26317 33.30974 17.04658 1.418418 5.571093
 [2,] 12.71706 30.86046 18.14340 1.501864 2.812849
 [3,] 12.72149 30.86128 18.13979 1.501980 2.811572
 [4,] 12.71724 30.86071 18.14347 1.501872 2.812836
 [5,] 12.71726 30.86078 18.14352 1.501859 2.812751
 [6,] 12.71512 30.85903 18.14391 1.501872 2.812844
 [7,] 12.71702 30.86119 18.14418 1.501860 2.812921
 [8,] 12.72651 30.86406 18.13755 1.502040 2.810587
 [9,] 12.74520 30.89032 18.14512 1.501822 2.813057
[10,] 12.70810 30.86241 18.15430 1.501863 2.812853
[11,] 12.73382 30.85978 18.12596 1.501563 2.816842
[12,] 12.74394 30.86165 18.11771 1.502134 2.808657

$Refset$penalty
 [1] 2.071093 0.000000 0.000000 0.000000 0.000000 0.000000 0.000000 0.000000 0.000000 0.000000 0.000000 0.000000


