$f
 [1] 2801.4253  780.1719  772.7500  771.9531  771.6024  771.4306  756.8872  755.6944  754.8142  747.1354  742.2569  740.1198  739.4479  737.6528  737.2812  737.2014  737.0816  736.7865  735.6354
[20]  735.4184  733.9427  733.9132  733.7535  733.4253  733.1736  732.7500  732.1788  732.0747  731.4931  731.1771  730.5434  730.4427  730.4115  721.5069  683.0764  682.7222  677.1823  670.4010
[39]  668.6406  660.3889  659.2187  658.1111  638.0990  637.7760  634.1510  632.3472  606.4288  602.1007  519.5208  519.5208

$x
          [,1]     [,2]      [,3]     [,4]     [,5]     [,6]     [,7]     [,8]     [,9]    [,10]
xbest 20.73009 466.7996 0.5777648 15.18163 285.7781 41.21556 24.91841 4.794271 6.846731 1.912896
xbest 22.13270 165.1999 0.7088859 26.08714 285.4637 35.74571 24.00000 5.468511 6.307503 2.475021
xbest 22.13270 165.1999 0.7088859 26.27464 285.4637 35.74571 24.00000 5.468511 6.288753 2.475021
xbest 22.13270 165.1999 0.7088859 26.29267 285.4637 35.74571 24.00000 5.468511 6.288286 2.475021
xbest 22.13270 165.1999 0.7088859 26.29789 285.4637 35.74571 24.00000 5.468511 6.290462 2.475021
xbest 22.13270 165.1999 0.7088859 26.29864 285.4637 35.74571 24.00000 5.468511 6.290697 2.475021
xbest 20.04314 231.8243 1.0000000 29.89054 286.7494 47.98319 24.01908 2.000000 2.000000 4.982674
xbest 21.87968 164.5250 0.7423540 26.42914 285.4697 35.74802 24.00265 5.455574 6.366179 2.500963
xbest 22.08539 164.9203 0.7421379 26.28893 285.4624 35.71426 24.01216 5.506833 6.385019 2.972337
xbest 22.08539 164.9203 0.7871379 26.28893 285.4624 35.71426 24.01216 5.506833 6.385019 2.975305
xbest 21.73986 162.6657 0.7305728 26.44310 285.4731 35.96252 24.03325 5.552164 6.351642 2.512423
xbest 21.73986 162.6657 0.7080728 26.44310 285.4731 35.96252 24.03325 5.552164 6.326642 2.512423
xbest 21.68556 162.6292 0.7320260 26.44200 285.4731 35.98299 24.02709 5.552069 6.349921 2.514960
xbest 21.68556 162.6292 0.7095260 26.44053 285.4731 35.98299 24.02709 5.552069 6.349921 2.514960
xbest 21.69850 162.7760 0.7325957 26.44042 285.4732 35.97637 24.03028 5.552424 6.352409 2.517350
xbest 21.72244 164.0231 0.7281719 26.44980 285.4750 35.75680 24.03833 5.542020 6.381037 2.517093
xbest 21.72244 164.0231 0.7281719 26.44980 285.4750 35.75680 24.03833 5.542020 6.381037 2.517835
xbest 21.72537 163.2592 0.7325193 26.60014 285.4747 35.94422 24.07405 5.547272 6.214030 2.517972
xbest 21.72537 163.2592 0.7325193 26.61772 285.4747 35.94422 24.07405 5.546490 6.212468 2.523909
xbest 21.52457 165.6985 0.7302846 26.44196 285.4143 35.85700 24.02811 5.550483 6.340594 2.524654
xbest 21.48409 166.0576 0.7303975 26.44201 285.4135 35.85678 24.02552 5.552032 6.336335 2.526361
xbest 21.48376 166.0836 0.7304384 26.44243 285.4138 35.84850 24.02329 5.552067 6.333478 2.526170
xbest 21.47888 166.0424 0.7303523 26.44182 285.4120 35.86055 24.03716 5.551404 6.337627 2.526396
xbest 21.47856 166.0736 0.7306976 26.59393 285.4156 35.89185 24.03259 5.551963 6.242567 2.531214
xbest 21.47856 166.0736 0.7306976 26.59411 285.4156 35.89185 24.03259 5.551963 6.242567 2.531214
xbest 21.47547 165.3895 0.7301875 26.85945 285.4192 35.86191 24.03491 5.551495 6.141643 2.526267
xbest 21.46540 167.2207 0.7306938 26.64777 285.4188 35.85210 24.03122 5.551391 6.169959 2.526085
xbest 21.46540 167.2207 0.7306938 26.64777 285.4188 35.85210 24.03122 5.551391 6.166834 2.526085
xbest 21.47784 165.3547 0.7298193 27.04396 285.4209 35.88049 24.04524 5.550697 6.028412 2.526803
xbest 21.47696 166.2934 0.7269724 27.22697 285.4188 35.87695 24.05231 5.550947 5.887589 2.527257
xbest 21.42079 169.7756 0.7315826 26.96337 285.4260 35.87691 24.06540 5.549451 5.901715 2.523592
xbest 21.42079 169.7365 0.7315826 26.96337 285.4260 35.87691 24.06540 5.549451 5.904840 2.523592
xbest 21.47634 165.7606 0.7303705 27.23625 285.4177 35.88202 24.04926 5.549972 5.910918 2.529969
xbest 21.38728 142.1401 0.8550558 27.28867 285.4273 34.58200 24.03062 6.159542 6.700300 2.520371
xbest 21.38728 147.1401 0.8325558 27.28867 285.3717 34.58200 24.00000 6.147042 6.525300 2.520371
xbest 20.64147 194.3147 0.8375074 25.95776 285.8530 35.73037 26.15265 6.250203 5.795458 2.420192
xbest 20.63999 194.3147 0.8150074 25.95776 285.8524 35.73037 26.15265 6.250203 5.795458 2.414254
xbest 20.92723 152.9052 0.8690810 26.48499 285.6042 35.06566 24.87402 6.177508 6.514548 2.422508
xbest 20.36592 188.6034 0.8519122 26.42253 285.8964 35.70581 26.33272 6.250447 5.853690 2.435147
xbest 20.36592 188.7597 0.8955059 26.39796 285.8964 35.70581 26.40085 6.250447 5.859941 2.421612
xbest 20.57463 159.4561 0.9966808 26.34030 285.8609 34.36487 26.33592 6.260754 6.973115 2.436572
xbest 20.57463 159.4561 1.0000000 26.34030 285.8609 34.36487 26.33592 6.260754 6.973115 2.436572
xbest 20.55655 188.9479 0.8458889 27.03239 285.8858 35.00430 26.34449 7.126029 4.586911 2.412457
xbest 20.57619 179.8170 0.8514733 26.59013 285.8862 34.45556 26.35972 6.257909 6.017238 2.404272
xbest 20.57619 179.8170 0.8964733 26.59013 285.8862 34.45556 26.35972 6.257909 6.017238 2.404272
xbest 20.45160 180.1650 0.9170238 26.32219 285.9343 33.10374 26.34838 6.787285 6.646990 2.416054
xbest 20.45160 180.1650 1.0000000 26.32219 285.9343 33.10374 26.34838 6.786845 6.468080 2.396010
xbest 24.87332 143.4356 0.9925098 26.09230 286.3137 27.68628 24.44292 8.286154 6.868205 1.676445
xbest 24.01528 154.5268 1.0000000 26.09230 286.3150 27.74218 24.28042 8.286154 6.961217 1.679764
xbest 24.01528 154.5268 1.0000000 26.09230 286.3150 27.74218 24.28042 8.286154 6.961217 1.679764

$time
elapsed elapsed elapsed elapsed elapsed elapsed elapsed elapsed elapsed elapsed elapsed elapsed elapsed elapsed elapsed elapsed elapsed elapsed elapsed elapsed elapsed elapsed elapsed elapsed elapsed 
   1.97    5.64    7.08   12.06   17.34   19.89   27.17   45.66   50.50   58.64  150.14  151.63  186.67  188.03  253.27  306.34  307.70  399.38  401.08  408.28  413.75  424.27  432.58  444.64  453.67 
elapsed elapsed elapsed elapsed elapsed elapsed elapsed elapsed elapsed elapsed elapsed elapsed elapsed elapsed elapsed elapsed elapsed elapsed elapsed elapsed elapsed elapsed elapsed elapsed elapsed 
 470.89  483.00  507.19  525.02  536.55  546.28  560.25  660.83  695.13  697.03  755.06  756.69  766.61  771.95  783.91  794.13  810.55  818.50  833.66  837.58  845.36  865.89  886.09  894.00  917.88 

$neval
 [1]   106   278   359   647   937  1075  1495  2522  2794  3281  8334  8418 10320 10404 13971 16896 16969 21917 22019 22432 22708 23253 23732 24417 24895 25850 26469 27801 28760 29371 29907 30660
[33] 36280 38102 38221 41342 41439 41977 42245 42929 43475 44358 44772 45577 45784 46191 47276 48363 48787 50001

$fbest
[1] 519.5208

$xbest
 [1]  24.015278 154.526814   1.000000  26.092300 286.315015  27.742179  24.280420   8.286154   6.961217   1.679764

$numeval
[1] 50001

$end_crit
[1] 1

$cpu_time
elapsed 
 917.88 

$Refset
$Refset$x
           [,1]     [,2]        [,3]      [,4]       [,5]      [,6]     [,7]       [,8]      [,9]    [,10]
 [1,]  24.01528   1.0000 286.3150148 24.280420   6.961217  24.01528  1.00000 286.315015 24.280420 6.961217
 [2,] 154.52681  26.0923  27.7421789  8.286154   1.679764 154.52681 26.09230  27.742179  8.286154 1.679764
 [3,]  20.45160   1.0000 285.9343356 26.348377   6.468080  20.45160  1.00000 285.934336 26.348377 6.468080
 [4,]  21.61321 182.5658   0.8002674 26.331661 285.963754  34.57668 26.32611   6.124520  5.968959 2.272060
 [5,]  20.46591 184.4420   0.8965456 26.417920 285.962372  36.02889 26.53940   6.263075  6.029534 2.403415
 [6,]  21.49374 183.1721   0.7924332 26.144290 285.923598  34.47886 26.19502   6.123997  6.012508 2.306617
 [7,]  21.42201 183.9086   0.8112355 26.318989 285.933651  34.56319 26.30547   6.124531  5.991493 2.304236
 [8,]  20.33270 190.8802   0.8829611 26.267864 285.949437  34.22881 26.23772   7.072131  5.784617 2.618861
 [9,]  20.48505 183.5052   0.9810956 26.460080 285.992305  36.26041 26.66048   6.298516  5.705504 2.432924
[10,]  20.11462 157.6318   0.8775927 26.302699 285.681974  33.90960 25.67892   7.121630  6.541052 2.420436
[11,]  20.32277 188.2911   0.8489878 26.239212 285.897450  35.72647 26.36050   6.252264  5.993682 2.419905
[12,]  20.31840 176.6156   0.8128086 26.072810 285.876192  34.84062 26.30539   6.625063  6.262576 2.313878

$Refset$f
 [1] 519.5208 519.5208 606.4288 624.8455 630.4184 631.2951 611.2066 610.9149 657.9844 662.1406 663.9149 673.2153

$Refset$fpen
 [1] 519.5208 519.5208 606.4288 624.8455 630.4184 631.2951 611.2066 610.9149 657.9844 662.1406 663.9149 673.2153

$Refset$const
          [,1]      [,2]      [,3]      [,4]     [,5]
 [1,] 19.13108  9.907700  3.327220 29.038783 1.519684
 [2,] 29.03878  1.519684 19.131083  9.907700 3.327220
 [3,] 19.85411  9.677811  2.873376 29.531920 1.584222
 [4,] 20.36270 30.031041  9.668339  1.584282 2.766388
 [5,] 20.38839 29.970466  9.582080  1.586561 2.687572
 [6,] 20.13178 29.987492  9.855710  1.589363 2.748966
 [7,] 20.32750 30.008507  9.681011  1.588009 2.756300
 [8,] 20.48325 30.215383  9.732136  1.585546 2.778826
 [9,] 20.75458 30.294496  9.539920  1.583116 2.692246
[10,] 19.76165 29.458948  9.697301  1.619165 2.674069
[11,] 20.24553 30.006318  9.760788  1.594186 2.672546
[12,] 19.81023 29.737424  9.927190  1.595547 2.720006

$Refset$penalty
 [1] 0 0 0 0 0 0 0 0 0 0 0 0


