$f
 [1] 38570.2674  2172.3472   809.4184   791.9635   643.4670   530.5174   508.8229   503.5417   483.9184   472.6198   471.9531   457.9132   452.1545   445.5365   444.2483   442.4531   430.4427
[18]   430.1962   429.9931   429.8733   429.5920   429.2187   429.0191   428.7326   428.2257   428.2066   428.1910   428.1319   428.0295   427.8663   427.6632   427.4635   427.4427   427.2674
[35]   427.2552   426.9635   426.6476   426.5191   426.3316   426.0122   425.9028   425.7066   425.2830   424.8906   424.7413   424.3038   424.0903   423.7778   423.5747   423.5590   423.4792
[52]   423.4358   423.3090   423.2361   423.1788   422.8472   422.7448   422.6510   422.6510

$x
          [,1]     [,2]      [,3]     [,4]     [,5]     [,6]     [,7]     [,8]     [,9]    [,10]
xbest 24.79000 337.0400 0.2529000 17.72000 285.5400 45.67000 29.49000 2.970000 2.000000 2.690000
xbest 20.00000 100.0000 0.1000000 19.28691 286.0575 47.98418 32.30954 2.448991 2.000000 2.470200
xbest 20.00000 140.0000 0.1000000 19.31332 286.1557 46.80000 24.50954 2.342079 4.709955 2.005207
xbest 21.42714 237.4635 0.1417767 20.25122 286.3321 27.88098 24.74136 4.590210 3.311371 3.486766
xbest 20.00000 140.3888 0.1000000 22.05921 286.1770 37.17835 24.40452 2.121140 5.662102 2.419849
xbest 20.07391 130.3825 0.1006526 22.52067 286.1664 36.03442 24.42412 2.168300 5.978216 2.580445
xbest 20.06076 123.1735 0.1009934 22.75141 286.1662 36.05346 24.43732 2.213894 6.290797 2.573641
xbest 20.15938 145.1827 0.1021182 21.58624 286.4789 35.84945 24.60168 2.333797 5.694217 1.716446
xbest 20.00692 160.0246 0.1018224 21.63115 286.4735 35.72163 24.52892 2.298770 4.996559 2.303882
xbest 20.13950 137.8444 0.1004191 21.83252 286.5554 36.61177 24.78018 2.361332 5.822919 1.216418
xbest 20.13950 137.8444 0.1000879 21.83252 286.5554 36.61177 24.78018 2.361332 5.822919 1.216418
xbest 20.04385 146.8045 0.1071207 22.00964 286.4828 36.17545 24.44090 2.371317 5.562853 2.541636
xbest 20.00000 137.4644 0.1017122 23.05005 286.5247 36.45297 24.60096 2.211966 5.426044 2.460036
xbest 20.01004 134.9388 0.1043644 22.98065 286.6183 36.89919 24.58376 2.083864 5.550985 2.318154
xbest 20.03796 137.2569 0.1041718 22.73722 286.5073 36.39131 24.51767 2.339522 5.547608 2.465450
xbest 20.00332 134.9176 0.1001213 23.10773 286.5000 36.39041 24.61271 2.280384 5.510662 2.480512
xbest 20.00000 134.9176 0.1000000 23.10773 286.5000 36.39041 24.28771 2.280384 5.535710 1.814214
xbest 20.03044 133.1189 0.1023660 23.04730 286.4892 36.36352 24.17760 2.680465 5.576352 2.494862
xbest 20.03044 133.1189 0.1023440 23.04730 286.4892 36.36352 24.17760 2.680465 5.576352 2.494862
xbest 20.02947 133.0093 0.1023106 23.05028 286.4892 36.36994 24.14854 2.751742 5.580202 2.456022
xbest 20.02961 133.2061 0.1022711 23.03927 286.4900 36.36951 24.14959 2.749362 5.591392 2.528784
xbest 20.00390 133.1090 0.1022038 23.04877 286.4875 36.29755 24.14969 2.725045 5.621086 2.516727
xbest 20.00000 133.1085 0.1021966 23.04860 286.4867 36.29263 24.15022 2.725086 5.621353 2.513972
xbest 20.02953 133.0471 0.1020075 23.03498 286.4890 36.41285 24.11900 2.725342 5.610009 2.496671
xbest 20.02614 132.8072 0.1019027 23.06459 286.4880 36.30758 24.12077 2.724509 5.613843 2.499753
xbest 20.02932 133.0310 0.1018658 23.05089 286.4877 36.33340 24.09527 2.719212 5.607155 2.515580
xbest 20.00362 133.0037 0.1021718 23.04919 286.4865 36.30494 24.10095 2.731937 5.618018 2.514526
xbest 20.01802 133.0734 0.1018109 23.05775 286.4892 36.33523 24.14369 2.727443 5.604585 2.490618
xbest 20.00270 132.9767 0.1021562 23.04811 286.4865 36.30480 24.09823 2.730938 5.623258 2.513302
xbest 20.00776 132.9190 0.1020383 23.07957 286.4865 36.32117 24.10525 2.731322 5.621335 2.512815
xbest 20.00795 132.8117 0.1019719 23.08904 286.4866 36.31942 24.10644 2.731699 5.620577 2.512108
xbest 20.00616 132.8126 0.1019061 23.09037 286.4871 36.31928 24.10563 2.731257 5.622140 2.508563
xbest 20.00508 132.7727 0.1019137 23.09148 286.4872 36.31375 24.10620 2.755999 5.623144 2.508565
xbest 20.01593 133.3022 0.1012965 23.10674 286.4829 36.31723 24.09087 2.731747 5.579522 2.494512
xbest 20.01733 133.2999 0.1012762 23.10302 286.4802 36.31710 24.08952 2.752058 5.584182 2.540752
xbest 20.01733 133.2999 0.1012762 23.10302 286.4802 36.31710 24.00827 2.752058 5.584182 2.540752
xbest 20.01433 134.4586 0.1013057 23.07864 286.4812 36.33367 24.08862 2.758464 5.538676 3.269681
xbest 20.01433 134.4586 0.1013057 23.07864 286.4812 36.33367 24.08862 2.764714 5.538676 3.269681
xbest 20.01430 134.9655 0.1013010 23.07826 286.4829 36.33481 24.08849 2.758188 5.499376 3.463367
xbest 20.01430 134.9655 0.1013010 23.07826 286.4829 36.33481 24.08849 2.758188 5.505626 3.463367
xbest 20.01688 133.8707 0.1012687 23.16484 286.4829 36.30470 24.09387 2.765443 5.495168 3.463842
xbest 20.02292 134.1265 0.1012631 23.15332 286.4790 36.24501 24.08803 2.784243 5.496065 3.546159
xbest 20.02878 134.2046 0.1012631 23.15332 286.4790 36.24501 24.08803 2.784243 5.496065 3.546159
xbest 20.02613 133.8856 0.1013028 23.14950 286.4784 36.24110 24.09230 2.773408 5.531553 3.649007
xbest 20.02625 134.0022 0.1013064 23.15280 286.4763 36.22471 24.09111 2.782560 5.521384 3.693031
xbest 20.02603 134.0113 0.1013107 23.15208 286.4760 36.22433 24.09239 2.782584 5.521461 3.704579
xbest 20.02603 134.0113 0.1012887 23.15208 286.4760 36.22433 24.09239 2.782584 5.521461 3.704579
xbest 20.02600 134.0519 0.1009655 23.15104 286.4744 36.21460 24.09189 2.771752 5.528965 3.654922
xbest 20.02600 134.0519 0.1009435 23.15104 286.4744 36.21460 24.09189 2.771752 5.528965 3.654922
xbest 20.02634 133.9875 0.1009855 23.15083 286.4760 36.21464 24.09150 2.778593 5.528745 3.590324
xbest 20.02629 134.0116 0.1009821 23.15102 286.4756 36.21463 24.09162 2.777609 5.528924 3.645158
xbest 20.01934 133.9756 0.1008173 23.15483 286.4769 36.23634 24.11179 2.773935 5.545626 3.535216
xbest 20.02671 133.9087 0.1010011 23.15493 286.4778 36.24333 24.09166 2.777196 5.529102 3.555649
xbest 20.01716 134.0672 0.1007056 23.15870 286.4765 36.22482 24.10991 2.772897 5.539886 3.565917
xbest 20.02040 133.9185 0.1007786 23.17181 286.4775 36.24057 24.10359 2.774302 5.537388 3.543677
xbest 20.01679 134.5724 0.1005388 23.11542 286.4770 36.23359 24.10660 2.775565 5.539719 3.559399
xbest 20.01679 134.5724 0.1005388 23.11542 286.4770 36.23359 24.10660 2.769315 5.539719 3.559399
xbest 20.01445 134.9327 0.1004318 23.08503 286.4771 36.23467 24.10675 2.775774 5.540321 3.560552
xbest 20.01445 134.9327 0.1004318 23.08503 286.4771 36.23467 24.10675 2.775774 5.540321 3.560552

$time
elapsed elapsed elapsed elapsed elapsed elapsed elapsed elapsed elapsed elapsed elapsed elapsed elapsed elapsed elapsed elapsed elapsed elapsed elapsed elapsed elapsed elapsed elapsed elapsed elapsed 
   1.93    5.78    8.57   19.16   21.58   23.94   26.44   28.91   31.75   34.25   35.55   40.68   45.99   50.99   55.89   61.22   63.14  116.96  118.13  128.30  130.71  133.14  135.41  137.68  140.16 
elapsed elapsed elapsed elapsed elapsed elapsed elapsed elapsed elapsed elapsed elapsed elapsed elapsed elapsed elapsed elapsed elapsed elapsed elapsed elapsed elapsed elapsed elapsed elapsed elapsed 
 152.85  155.14  159.80  162.00  208.91  212.72  244.82  288.19  374.19  413.30  414.60  605.88  607.11  612.14  634.05  642.16  658.21  662.10  664.83  667.55  683.64  689.64  721.89  723.19  733.66 
elapsed elapsed elapsed elapsed elapsed elapsed elapsed elapsed elapsed 
 738.61  740.96  760.07  783.63  832.13  868.24  869.43  879.43  913.58 

$neval
 [1]   106   275   432  1027  1166  1310  1453  1590  1730  1875  1954  2236  2517  2795  3071  3345  3455  6307  6381  6934  7073  7214  7358  7499  7645  8395  8529  8796  8929 11593 11798 13517
[33] 15919 20792 22876 22950 33625 33698 33971 35140 35552 36371 36587 36728 36865 37678 38021 39655 39729 40287 40563 40702 41715 42994 45799 47753 47827 48374 50115

$fbest
[1] 422.651

$xbest
 [1]  20.0144454 134.9327259   0.1004318  23.0850324 286.4770907  36.2346653  24.1067527   2.7757740   5.5403210   3.5605525

$numeval
[1] 50115

$end_crit
[1] 1

$cpu_time
elapsed 
 913.58 

$Refset
$Refset$x
           [,1]        [,2]        [,3]      [,4]       [,5]      [,6]       [,7]       [,8]      [,9]    [,10]
 [1,]  20.01445 134.9327259   0.1004318 23.085032 286.477091  36.23467 24.1067527   2.775774  5.540321 3.560552
 [2,]  20.01438 134.9306950   0.1004334 23.085036 286.477156  36.23482 24.1053800   2.775516  5.540342 3.560540
 [3,]  20.01679   0.1005388 286.4769998 24.106603   5.539719  20.01679  0.1005388 286.477000 24.106603 5.539719
 [4,] 134.57242  23.1154177  36.2335941  2.769315   3.559399 134.57242 23.1154177  36.233594  2.769315 3.559399
 [5,]  20.01441 134.9021034   0.1004480 23.087851 286.478615  36.23204 24.1188159   2.774648  5.539806 3.560709
 [6,]  20.01425 134.9983466   0.1004099 23.081937 286.475314  36.23644 24.0885797   2.778635  5.536829 3.560494
 [7,]  61.21072 460.3001498   0.1521013 25.381669 284.839466  33.98184 41.5381394   8.409609  7.816025 2.867120
 [8,]  20.01522 134.0155275   0.1007622 23.161681 286.477002  36.23229 24.1082426   2.772613  5.540081 3.555492
 [9,]  20.01675 134.0406300   0.1007205 23.159312 286.477134  36.23499 24.1040137   2.772621  5.540067 3.562237
[10,]  20.02021 134.3679414   0.1004903 23.138043 286.477691  36.23875 24.0491798   2.775517  5.535649 3.556615
[11,]  20.02727 134.8354022   0.1003793 23.089443 286.478502  36.23408 24.1262095   2.772610  5.536652 3.560184
[12,]  20.01453 128.5694148   0.1006418 23.517165 286.472867  36.23458 24.1078636   2.740502  5.630875 3.537166

$Refset$f
 [1]     422.6510     422.6510     422.7448     422.7448     422.8472     423.0313 1978678.0000     423.2361     423.2361     423.6510     423.2274     433.6615

$Refset$fpen
 [1]     422.6510     422.6510     422.7448     422.7448     422.8472     423.0313 4020630.0859     423.2361     423.2361     423.6510     423.2274     433.6615

$Refset$const
          [,1]      [,2]      [,3]      [,4]     [,5]
 [1,] 17.54471 30.459679 12.914968  1.534353 2.640392
 [2,] 17.54469 30.459658 12.914964  1.534350 2.640296
 [3,] 17.57570 12.884582  2.640406 30.460281 1.534361
 [4,] 30.46028  1.534361 17.575699 12.884582 2.640406
 [5,] 17.54804 30.460194 12.912149  1.534147 2.642045
 [6,] 17.54511 30.463171 12.918063  1.534601 2.638206
 [7,] 17.56564 28.183975 10.618331  1.640015 5.541952
 [8,] 17.62160 30.459919 12.838319  1.534354 2.640608
 [9,] 17.61924 30.459933 12.840688  1.534356 2.640169
[10,] 17.60239 30.464351 12.861957  1.534455 2.635749
[11,] 17.55279 30.463348 12.910557  1.534142 2.642493
[12,] 17.88629 30.369125 12.482835  1.534812 2.638996

$Refset$penalty
 [1] 0.000000 0.000000 0.000000 0.000000 0.000000 0.000000 2.041952 0.000000 0.000000 0.000000 0.000000 0.000000


