$f
 [1] 52928.807  4075.401  1875.295  1675.707  1565.252  1499.674  1382.882  1380.549  1372.882  1367.622  1341.792  1336.398  1334.535  1332.417  1328.618  1324.688  1324.672  1315.337  1309.816
[20]  1305.830  1305.231  1299.510  1298.769  1297.635  1295.339  1292.998  1292.995  1291.580  1290.918  1290.512  1290.281  1290.224  1289.832  1289.698  1289.158  1289.076  1288.816  1288.747
[39]  1199.273  1090.236  1087.571  1084.160  1082.078  1079.545  1079.417  1078.766  1078.715  1078.554  1078.332  1078.019  1076.806  1076.276  1075.969  1075.969

$x
          [,1]     [,2]      [,3]     [,4]     [,5]     [,6]     [,7]     [,8]     [,9]    [,10]
xbest 24.79000 337.0400 0.2529000 17.72000 285.5400 45.67000 29.49000 2.970000 2.000000 2.690000
xbest 20.00000 185.2677 0.1000000 15.09483 285.0747 44.75705 26.83591 2.000000 2.000000 3.218455
xbest 20.00000 136.4480 0.1000000 16.67705 285.5778 44.75705 24.04542 3.691026 3.691026 2.209430
xbest 20.00000 114.4636 0.1000000 22.90471 286.9138 45.44323 24.00000 4.476485 3.250204 1.349144
xbest 20.57149 115.0718 0.1000230 22.00006 286.6202 45.08037 24.20489 4.544584 2.610807 2.881133
xbest 20.58091 115.2202 0.1000000 21.77625 286.6673 44.46441 24.20526 4.501211 2.778868 1.798410
xbest 20.93782 107.4973 0.1000260 23.00361 286.8125 44.00042 24.64827 4.695571 3.105786 5.000000
xbest 20.61482 115.2331 0.1000000 20.96240 286.6688 44.42281 24.44778 5.443559 3.550788 1.724805
xbest 20.96856 104.7332 0.1000222 23.21882 286.7950 43.98631 24.59602 4.686883 3.138588 4.556739
xbest 20.92636 108.6840 0.1001108 23.18403 286.8127 44.02106 24.63193 4.686031 3.036882 4.954155
xbest 20.95594 106.6686 0.1000735 23.20803 286.8039 43.98589 24.58934 4.686647 3.133280 4.540520
xbest 20.95922 108.0443 0.1000000 23.20803 286.7851 43.98589 24.58934 4.686647 3.108280 4.564270
xbest 20.18340 101.4416 0.1810786 21.01109 286.5396 36.83472 24.07924 2.389539 6.974861 2.730262
xbest 20.16508 103.5696 0.1952193 22.17305 286.6014 36.61190 24.59363 2.604237 6.061025 3.373765
xbest 20.01053 101.2696 0.1834496 20.11784 286.6238 37.07092 24.30873 2.414651 7.857647 3.019304
xbest 20.00255 100.7659 0.1918102 20.01549 286.6012 36.95687 24.21927 2.406089 7.872527 2.858911
xbest 20.01039 100.9023 0.1844697 20.11242 286.5885 36.85438 24.32834 2.411836 7.834137 3.000523
xbest 20.03383 100.9023 0.1842939 20.11242 286.5698 36.85438 24.32834 2.411836 7.834137 3.000523
xbest 20.13308 102.0472 0.1649210 21.44624 286.5889 36.87274 24.37317 2.448087 6.804694 4.230648
xbest 20.13308 102.0472 0.1649210 21.44624 286.5889 36.87274 24.41380 2.448087 6.804694 4.230648
xbest 20.12146 102.1373 0.1650386 21.40647 286.5910 36.87616 24.36783 2.445423 6.863668 3.642588
xbest 20.12146 102.1373 0.1648628 21.40647 286.5910 36.87616 24.40846 2.445423 6.857418 3.642588
xbest 20.10406 101.4755 0.1660653 21.48866 286.5879 36.87244 24.37477 2.448108 6.858472 3.927865
xbest 20.17061 101.9298 0.1535770 22.89510 286.5873 36.85568 24.40752 2.493516 5.816329 4.573151
xbest 20.17058 101.8989 0.1522526 23.02706 286.5872 36.85440 24.41236 2.496391 5.756363 4.986997
xbest 20.14715 101.8989 0.1522526 23.03034 286.5886 36.85440 24.41236 2.496391 5.762613 4.986997
xbest 20.18463 101.6024 0.1518792 22.81596 286.5879 36.85196 24.44475 2.488283 5.912957 4.661325
xbest 20.20623 100.5499 0.1512615 22.91657 286.5877 36.84238 24.46166 2.480599 5.911250 5.000000
xbest 20.20564 100.0000 0.1513375 22.99904 286.5877 36.84372 24.45852 2.480817 5.904115 4.997843
xbest 20.20564 100.0000 0.1513375 22.99904 286.5877 36.84372 24.45852 2.480817 5.900990 4.997843
xbest 20.19631 100.0000 0.1516406 22.98904 286.5921 36.85469 24.45414 2.493097 5.916385 4.996677
xbest 20.23063 100.0458 0.1510894 22.96395 286.5909 36.85784 24.44884 2.486651 5.914089 4.928162
xbest 20.17754 100.0026 0.1530446 22.99390 286.5919 36.85345 24.45418 2.492057 5.917265 4.995458
xbest 20.19373 100.0000 0.1521120 22.98715 286.5900 36.85265 24.45378 2.487469 5.921201 4.996347
xbest 20.19614 100.0369 0.1520918 22.98211 286.5917 36.85498 24.45367 2.488151 5.919309 4.995166
xbest 20.19261 100.0003 0.1521197 22.98494 286.5899 36.85212 24.45362 2.478318 5.924804 4.996012
xbest 20.16003 100.0049 0.1530369 23.01981 286.5919 36.85126 24.45807 2.497268 5.916762 4.992534
xbest 20.19089 100.0011 0.1521756 22.98496 286.5905 36.85261 24.45227 2.485615 5.924983 4.998718
xbest 20.16408 100.0109 0.1408913 23.11494 286.5902 36.79356 24.69024 5.955488 5.919803 4.992181
xbest 20.00000 100.0000 0.1408913 22.41181 286.5902 36.99356 24.00000 5.961738 6.082303 4.905000
xbest 20.10272 101.0033 0.1337834 22.47964 286.6276 36.93984 24.17471 5.949719 5.974665 4.981560
xbest 20.10272 100.9642 0.1337834 22.47964 286.6276 36.93984 24.17471 5.955969 5.974665 4.981560
xbest 20.00931 101.0027 0.1336306 22.62945 286.6445 37.01351 24.18853 5.963393 5.981020 4.991379
xbest 20.03063 100.8691 0.1300182 22.66565 286.6359 36.99152 24.20878 5.965983 5.979809 4.998801
xbest 20.05464 100.8665 0.1298698 22.65205 286.6416 36.99460 24.21148 5.964973 5.977172 4.999512
xbest 20.05464 100.8665 0.1297819 22.65205 286.6416 36.99929 24.17086 5.964973 5.977172 4.999512
xbest 20.04687 100.8442 0.1295400 22.68737 286.6396 36.94520 24.21666 5.965221 5.963736 4.967250
xbest 20.04688 100.8440 0.1290723 22.68518 286.6376 36.94325 24.21337 5.965051 5.967381 4.968907
xbest 20.05252 100.8441 0.1270463 22.68489 286.6379 36.94453 24.21655 5.965064 5.955604 4.966143
xbest 20.05591 100.8133 0.1276455 22.65446 286.6342 36.94389 24.21396 5.964792 5.963484 4.971995
xbest 20.05591 100.8133 0.1276455 22.65446 286.6342 36.94389 24.25459 5.964792 5.963484 4.971995
xbest 20.03935 100.8233 0.1270472 22.68378 286.6309 36.95106 24.21312 5.965863 5.967373 4.999479
xbest 20.04327 100.8324 0.1270126 22.68255 286.6311 36.95551 24.21389 5.964566 5.968139 4.998589
xbest 20.04327 100.8324 0.1270126 22.68255 286.6311 36.95551 24.21389 5.964566 5.968139 4.998589

$time
elapsed elapsed elapsed elapsed elapsed elapsed elapsed elapsed elapsed elapsed elapsed elapsed elapsed elapsed elapsed elapsed elapsed elapsed elapsed elapsed elapsed elapsed elapsed elapsed elapsed 
   2.02    5.86    8.55   14.06   16.50   18.95   21.41   26.13   28.28   30.67   33.00   34.80   60.59   72.00   74.38   84.73   87.17   88.58  155.06  156.28  183.63  185.02  241.38  262.03  267.25 
elapsed elapsed elapsed elapsed elapsed elapsed elapsed elapsed elapsed elapsed elapsed elapsed elapsed elapsed elapsed elapsed elapsed elapsed elapsed elapsed elapsed elapsed elapsed elapsed elapsed 
 268.69  370.92  387.19  400.78  425.03  464.98  476.28  486.66  494.88  499.78  507.31  532.83  548.19  561.45  568.34  614.50  615.81  618.31  621.13  634.34  643.38  660.92  687.91  711.00  720.53 
elapsed elapsed elapsed elapsed 
 721.75  781.44  863.05  907.11 

$neval
 [1]   106   280   432   744   885  1027  1173  1464  1603  1745  1884  1990  3352  3959  4093  4635  4771  4855  8411  8484  9968 10052 13188 14340 14611 14703 20546 21413 22157 23456 25634 26249
[33] 26792 27263 27531 27938 29396 30279 31098 31510 33991 34069 34211 34357 35052 35558 36492 37935 39245 39803 39876 43173 47775 50040

$fbest
[1] 1075.969

$xbest
 [1]  20.0432713 100.8323649   0.1270126  22.6825477 286.6311190  36.9555102  24.2138943   5.9645660   5.9681389   4.9985893

$numeval
[1] 50040

$end_crit
[1] 1

$cpu_time
elapsed 
 907.11 

$Refset
$Refset$x
           [,1]        [,2]        [,3]      [,4]       [,5]      [,6]       [,7]       [,8]      [,9]    [,10]
 [1,] 100.83236  22.6825477  36.9555102  5.964566   4.998589 100.83236 22.6825477  36.955510  5.964566 4.998589
 [2,]  20.04327   0.1270126 286.6311190 24.213894   5.968139  20.04327  0.1270126 286.631119 24.213894 5.968139
 [3,]  20.04327 100.8323649   0.1270126 22.682548 286.631119  36.95551 24.2138943   5.964566  5.968139 4.998589
 [4,]  20.04169 100.8262580   0.1270068 22.681685 286.630788  36.95383 24.2134613   5.965257  5.970270 4.997908
 [5,]  20.04858 100.6259700   0.1270150 22.702284 286.630640  36.95091 24.2116830   5.964385  5.967506 4.997797
 [6,]  20.04301 100.8422806   0.1270159 22.681798 286.631071  36.95935 24.2124255   5.964193  5.968358 4.998741
 [7,]  20.04356 100.8304721   0.1270239 22.682292 286.631113  36.95491 24.2134010   5.964191  5.968413 4.998420
 [8,]  20.04180 100.8194786   0.1270022 22.682281 286.630717  36.94949 24.2129240   5.964920  5.970018 4.998149
 [9,]  20.04285 100.8301032   0.1270131 22.682443 286.631093  36.95485 24.2139293   5.964820  5.968208 4.998572
[10,]  20.04152 100.6895156   0.1257493 22.680853 286.630977  36.95256 24.2068635   5.965736  5.976086 4.984782
[11,]  20.01993 101.0315030   0.1272334 22.673423 286.629796  36.95583 24.2151170   5.969775  5.969594 4.946047
[12,]  20.04494 101.1856250   0.1261644 22.564010 286.631336  36.95691 24.2070702   5.966638  6.012032 5.000000

$Refset$f
 [1] 1075.969 1075.969 1075.969 1075.969 1075.969 1075.969 1075.969 1076.276 1076.276 1077.097 1077.328 1077.703

$Refset$fpen
 [1] 1075.969 1075.969 1075.969 1075.969 1075.969 1075.969 1075.969 1076.276 1076.276 1077.097 1077.328 1077.703

$Refset$const
          [,1]      [,2]      [,3]      [,4]     [,5]
 [1,] 30.03186  1.518616 16.714409 13.317452 2.667105
 [2,] 16.71441 13.317452  2.667105 30.031861 1.518616
 [3,] 16.71441 30.031861 13.317452  1.518616 2.667105
 [4,] 16.71141 30.029730 13.318315  1.518650 2.667033
 [5,] 16.73478 30.032494 13.297716  1.518665 2.666988
 [6,] 16.71344 30.031642 13.318202  1.518633 2.666769
 [7,] 16.71388 30.031587 13.317708  1.518617 2.667094
 [8,] 16.71226 30.029982 13.317719  1.518650 2.667190
 [9,] 16.71423 30.031792 13.317557  1.518617 2.667132
[10,] 16.70477 30.023914 13.319147  1.518647 2.666644
[11,] 16.70383 30.030406 13.326577  1.518757 2.666686
[12,] 16.55198 29.987968 13.435990  1.518617 2.666569

$Refset$penalty
 [1] 0 0 0 0 0 0 0 0 0 0 0 0


