$f
 [1] 5084.764 2018.771 1665.514 1636.731 1613.545 1598.891 1595.512 1574.411 1531.536 1490.043 1487.168 1484.356 1468.915 1424.403 1418.783 1408.951 1406.991 1388.264 1356.269 1344.958 1342.323
[22] 1317.967 1315.648 1312.382 1311.332 1308.483 1307.970 1306.201 1305.438 1304.359 1304.297 1297.497 1296.962 1295.316 1294.885 1294.837 1294.635 1294.502 1292.882 1292.627 1292.444 1292.325
[43] 1291.788 1291.472 1291.312 1291.057 1290.806 1290.212 1290.125 1290.082 1289.380 1288.951 1288.936

$x
          [,1]     [,2]      [,3]     [,4]     [,5]     [,6]     [,7]     [,8]     [,9]    [,10]
xbest 21.50220 124.8577 0.1693253 21.95774 285.7433 47.41341 36.86506 5.410238 4.329884 3.981646
xbest 20.00000 343.3807 0.1136326 15.08290 286.5298 38.89440 24.47068 2.981355 3.508611 2.734740
xbest 20.00000 363.3807 0.1001965 15.07962 286.6440 37.69440 24.09084 2.447214 3.955825 3.114740
xbest 20.20134 327.5133 0.1113613 15.14821 286.5499 36.97177 24.24635 5.004856 4.677862 2.102514
xbest 20.05951 341.0985 0.1071215 15.66775 286.5005 36.82158 24.29148 4.930433 4.494916 1.976302
xbest 20.00000 329.2033 0.1035455 16.05054 286.5110 36.82128 24.27881 4.999020 4.584153 2.182483
xbest 20.10518 337.9217 0.1123700 15.98028 286.5038 36.73459 24.27611 4.960529 4.394328 2.079760
xbest 20.30587 210.7149 0.1039089 17.97230 286.5535 36.89047 24.33663 6.990226 6.802410 1.957536
xbest 20.30587 210.0899 0.1028125 17.97230 286.5488 36.89047 24.33663 7.021476 6.852410 1.957536
xbest 20.11672 286.1392 0.1044155 17.00509 286.5308 36.82577 24.27716 6.216206 4.255046 1.937797
xbest 20.51535 228.5591 0.1258230 18.38393 286.5701 36.91160 24.22672 6.140677 5.365858 2.357501
xbest 20.64627 220.7788 0.1350914 18.97410 286.5755 37.09658 24.00000 6.268554 4.737990 2.374730
xbest 20.75446 237.0134 0.1189531 17.94265 286.5721 36.95781 24.21806 6.112229 5.406398 2.238448
xbest 20.78125 234.0232 0.1137798 18.11520 286.5703 36.99804 24.23959 6.146670 5.339439 2.180312
xbest 20.66914 229.7549 0.1253372 18.25485 286.5734 37.04046 24.10970 6.122521 5.345146 2.267543
xbest 20.96754 225.1885 0.1147348 17.88828 286.6005 37.08060 24.23936 6.145262 5.584572 2.224856
xbest 20.45888 244.1045 0.1071732 18.15897 286.5551 36.96741 24.15360 6.131535 4.908913 1.893947
xbest 20.47120 247.3943 0.1101251 17.78509 286.5545 36.98570 24.24180 6.140287 5.143070 1.862113
xbest 20.54628 230.6856 0.1002687 18.43993 286.4964 36.95672 24.18681 6.111896 5.197935 1.740122
xbest 20.54176 224.3477 0.1063498 18.64096 286.4976 36.96466 24.12663 6.134139 5.096111 1.640626
xbest 20.50248 229.9718 0.1063218 18.44026 286.5146 36.97937 24.12174 6.128879 5.194418 1.832718
xbest 20.48552 231.2825 0.1010858 18.41880 286.5126 36.98472 24.19489 6.112137 5.182033 1.682498
xbest 20.44944 231.6220 0.1003884 18.44963 286.5123 36.95696 24.18769 6.110986 5.121990 1.675786
xbest 20.44944 231.6220 0.1003884 18.44963 286.5123 36.95696 24.26894 6.110986 5.159490 1.675786
xbest 20.43306 202.8016 0.1050554 20.64553 286.5087 36.97365 24.14178 6.117461 4.878528 1.656541
xbest 20.43368 206.1958 0.1048322 20.36094 286.5102 36.97177 24.16013 6.117449 4.956421 1.698829
xbest 20.44539 207.9296 0.1036890 20.27834 286.5111 36.97276 24.15634 6.113000 4.917049 1.697154
xbest 20.44539 207.9296 0.1036890 20.27834 286.5111 36.97276 24.15634 6.113000 4.920174 1.695670
xbest 20.41816 196.8254 0.1031536 21.10331 286.5103 36.98954 24.16030 6.112236 4.733035 1.696138
xbest 20.45283 202.0647 0.1036843 20.82451 286.5069 36.98633 24.15380 6.115184 4.813063 1.690580
xbest 20.46507 204.3211 0.1041643 20.56277 286.5093 36.98113 24.14651 6.113467 4.919086 1.696641
xbest 20.45967 201.7250 0.1031096 20.84216 286.5092 36.97820 24.14631 6.113789 4.811127 1.677166
xbest 20.45836 201.7745 0.1039031 20.82648 286.5064 36.98067 24.15221 6.114953 4.811657 1.677452
xbest 20.41462 178.5924 0.1026472 23.02982 286.5092 36.98591 24.14616 6.113571 4.344048 1.674703
xbest 20.41462 178.5924 0.1026472 23.02982 286.5092 36.98591 24.10554 6.113571 4.344048 1.671734
xbest 20.42483 202.4341 0.1040830 20.97621 286.5097 36.98801 24.17159 6.115177 4.667097 1.673882
xbest 20.38604 172.3955 0.1037620 22.93943 286.5111 36.98004 24.15393 6.113740 4.771643 1.680185
xbest 20.38604 172.3955 0.1037620 22.93943 286.5111 36.98004 24.19455 6.113740 4.771643 1.680185
xbest 20.59236 201.4003 0.1041878 21.07944 286.5081 37.01144 24.17104 6.115362 4.534178 1.674426
xbest 20.59236 201.4003 0.1041878 21.07944 286.5081 37.01144 24.17104 6.115362 4.537303 1.674426
xbest 20.60772 200.5817 0.1041544 21.11113 286.5078 37.01032 24.20402 6.114767 4.545159 1.674388
xbest 20.55947 201.5814 0.1049259 21.12716 286.5114 37.01058 24.18570 6.114597 4.505124 1.673628
xbest 20.56906 201.6704 0.1049877 21.13789 286.5138 37.00912 24.19785 6.113823 4.485146 1.672623
xbest 20.59273 201.4211 0.1044855 21.11226 286.5130 37.00997 24.20151 6.114978 4.508505 1.673526
xbest 20.49729 202.5367 0.1049131 21.54428 286.5134 37.00371 24.17474 6.115560 4.181463 1.672759
xbest 20.49653 202.5350 0.1052462 21.54812 286.5134 37.00235 24.16090 6.113391 4.180035 1.672158
xbest 20.49357 202.2891 0.1054827 21.60490 286.5137 37.00325 24.13949 6.113872 4.151517 1.673015
xbest 20.50348 202.7053 0.1048757 21.68029 286.5087 36.99635 24.19829 6.115408 4.066895 1.676668
xbest 20.50211 202.6047 0.1048883 21.60248 286.5096 36.99851 24.19383 6.115018 4.132972 1.675090
xbest 20.52345 201.0555 0.1053121 21.61343 286.5116 36.99527 24.16576 6.115239 4.184265 1.679486
xbest 20.20334 202.3614 0.1086208 21.55853 286.5183 37.00861 24.37593 6.179146 4.176881 1.672853
xbest 20.20334 202.3614 0.1086208 21.55853 286.5183 37.00861 24.33530 6.179146 4.176881 1.672853
xbest 20.20334 202.3810 0.1086208 21.55853 286.5183 37.00861 24.33530 6.179146 4.176881 1.672853

$time
elapsed elapsed elapsed elapsed elapsed elapsed elapsed elapsed elapsed elapsed elapsed elapsed elapsed elapsed elapsed elapsed elapsed elapsed elapsed elapsed elapsed elapsed elapsed elapsed elapsed 
   1.36    3.81    5.64   14.29   16.00   17.64   20.83   23.14   24.34   27.64   31.03   32.73   34.37   36.08   37.75   41.06   45.62   47.39   49.06   50.68   55.56   57.64   59.26   60.20   65.39 
elapsed elapsed elapsed elapsed elapsed elapsed elapsed elapsed elapsed elapsed elapsed elapsed elapsed elapsed elapsed elapsed elapsed elapsed elapsed elapsed elapsed elapsed elapsed elapsed elapsed 
  73.81   77.22   78.11   87.18   88.86   90.54   92.31   94.48   96.09   97.08  152.04  178.08  178.89  225.06  226.34  243.34  250.84  259.06  308.08  317.45  348.65  368.76  383.06  436.51  450.43 
elapsed elapsed elapsed 
 512.09  513.04  614.37 

$neval
 [1]   106   274   432  1148  1289  1427  1705  1841  1946  2218  2491  2628  2765  2906  3042  3323  3664  3802  3940  4075  4480  4617  4756  4838  5247  5923  6201  6279  6963  7100  7237  7375
[33]  7517  7655  7735 12247 14455 14528 18214 18287 19642 20266 20946 24979 25720 28268 29989 31133 35581 36738 41485 41559 50133

$fbest
[1] 1288.936

$xbest
 [1]  20.2033356 202.3809552   0.1086208  21.5585253 286.5182536  37.0086063  24.3353011   6.1791462   4.1768809   1.6728525

$numeval
[1] 50133

$end_crit
[1] 1

$cpu_time
elapsed 
 614.37 

$Refset
$Refset$x
          [,1]     [,2]      [,3]     [,4]     [,5]     [,6]     [,7]     [,8]     [,9]    [,10]
 [1,] 20.52316 200.9589 0.1060516 21.64392 286.5120 36.98783 24.17600 6.113207 4.176556 1.682886
 [2,] 20.52690 200.2864 0.1061770 21.65201 286.5111 36.99225 24.19522 6.113391 4.187005 1.669457
 [3,] 20.52854 200.6612 0.1061875 21.64107 286.5121 36.96951 24.18017 6.113076 4.181388 1.683035
 [4,] 20.52104 199.9096 0.1060167 21.58580 286.5088 37.00689 24.18425 6.113522 4.251342 1.683107
 [5,] 20.52879 199.9679 0.1058956 21.64945 286.5159 37.00650 24.18419 6.113493 4.216786 1.676723
 [6,] 20.49844 201.1359 0.1056458 21.62857 286.5156 37.00996 24.17924 6.113535 4.185839 1.681902
 [7,] 20.50919 200.7116 0.1065626 21.62304 286.5154 36.98367 24.20177 6.113482 4.200602 1.675883
 [8,] 20.54384 200.5927 0.1060305 21.64525 286.5150 36.99075 24.18541 6.113165 4.184206 1.683032
 [9,] 20.52014 200.4264 0.1060331 21.62928 286.4981 36.97115 24.15280 6.115095 4.201800 1.680029
[10,] 20.52416 200.9607 0.1060530 21.63909 286.5124 36.98868 24.18272 6.113212 4.173587 1.682882
[11,] 20.51962 199.7989 0.1059826 21.69088 286.5116 37.00960 24.18438 6.113360 4.183452 1.694553
[12,] 20.51944 199.9852 0.1061710 21.60026 286.5062 36.99235 24.18126 6.113461 4.234149 1.675718

$Refset$f
 [1] 1290.141 1290.894 1290.917 1290.918 1291.170 1290.898 1291.328 1290.580 1289.502 1291.903 1295.295 1294.240

$Refset$fpen
 [1] 1290.141 1290.894 1290.917 1290.918 1291.170 1290.898 1291.328 1290.580 1289.502 1291.903 1295.295 1294.240

$Refset$const
          [,1]     [,2]     [,3]     [,4]     [,5]
 [1,] 17.46736 31.82344 14.35608 1.531729 2.618855
 [2,] 17.46501 31.81300 14.34799 1.531776 2.619828
 [3,] 17.45968 31.81861 14.35893 1.531670 2.620164
 [4,] 17.33446 31.74866 14.41420 1.532079 2.617414
 [5,] 17.43267 31.78321 14.35055 1.531310 2.619950
 [6,] 17.44273 31.81416 14.37143 1.531363 2.619278
 [7,] 17.42244 31.79940 14.37696 1.531286 2.622279
 [8,] 17.46104 31.81579 14.35475 1.531380 2.620517
 [9,] 17.42748 31.79820 14.37072 1.533259 2.612999
[10,] 17.46550 31.82641 14.36091 1.531669 2.619476
[11,] 17.50742 31.81655 14.30912 1.531790 2.618249
[12,] 17.36612 31.76585 14.39974 1.532346 2.616992

$Refset$penalty
 [1] 0 0 0 0 0 0 0 0 0 0 0 0


