$f
 [1] 1894.0851 1224.0382 1100.8142  822.1910  786.6094  720.7899  712.9444  686.5955  675.1840  660.9722  620.0035  613.0955  594.5087  591.9097  549.8472  546.0208  543.8472  540.3438  537.5816
[20]  529.2326  528.1458  525.4965  523.9427  523.7552  523.7222  523.5156  523.5104  523.3837  523.3438  523.1753  522.8003  522.2500  522.0625  521.3125  521.2205  521.1441  521.0521  520.7917
[39]  520.7639  520.7153  520.3819  517.0069  507.8733  507.8733

$x
          [,1]     [,2]      [,3]     [,4]     [,5]     [,6]     [,7]     [,8]     [,9]    [,10]
xbest 23.81598 381.0324 0.4413544 15.88584 284.5330 27.27577 24.58019 2.706197 8.258437 3.193104
xbest 21.04863 335.5922 0.1129466 17.58876 285.9770 45.90583 29.29119 2.000000 2.010110 2.551059
xbest 20.00000 345.8999 0.1000000 18.15126 286.0157 46.73045 29.12869 2.206155 2.051539 2.648983
xbest 20.10344 345.3582 0.2744574 18.72993 286.5839 36.88986 24.00000 5.425622 5.942469 2.439367
xbest 20.00000 333.0363 0.3335396 19.09206 286.7578 36.89053 24.27603 6.149064 6.314157 2.594291
xbest 25.40467 242.2397 0.2130883 19.53315 286.7165 38.04172 24.89194 5.904166 5.527598 4.407770
xbest 20.00000 400.7585 0.3052660 18.93001 286.6203 38.72401 24.16550 4.003144 4.481740 2.458657
xbest 22.64771 250.3634 0.2258800 22.39008 286.6301 38.32897 24.03019 5.573139 4.566488 4.286258
xbest 21.50718 293.4862 0.3976876 20.60485 286.6246 36.87870 24.00000 5.824289 5.886360 3.161228
xbest 22.97318 321.8036 0.4568862 19.75543 286.6081 35.57915 25.32168 3.058540 5.984748 3.006599
xbest 22.97318 321.8036 0.4822042 19.75543 286.6081 35.47915 25.32168 3.108540 5.847248 3.101599
xbest 23.24840 284.0587 0.5742759 20.35511 286.6407 34.82144 25.78461 3.764865 6.164519 2.071393
xbest 25.00202 198.7958 0.4442935 24.22984 286.6202 35.03837 25.34296 3.885748 5.757719 2.426581
xbest 25.09314 192.6026 0.4417127 24.52934 286.6212 34.99808 25.31681 3.900970 5.759630 2.366525
xbest 25.09314 192.6026 0.4628065 24.52934 286.6962 34.99808 25.31681 3.855657 5.859630 2.366525
xbest 25.15861 196.4175 0.4423226 24.18665 286.6037 34.85012 25.10847 3.929813 5.851791 2.576548
xbest 25.15861 196.2612 0.4423226 24.18665 286.6037 34.85012 25.06785 3.929813 5.864291 2.576548
xbest 24.89588 212.7762 0.9368160 23.72857 286.6197 34.77265 25.16569 3.909825 6.035493 2.569727
xbest 24.89328 213.2541 0.9368261 23.66876 286.6196 34.78712 25.17053 3.939376 6.036231 2.576746
xbest 24.89267 213.6535 0.9368296 23.64291 286.6196 34.80196 25.17473 3.947578 6.036384 2.574114
xbest 24.85276 214.9021 0.9543537 23.64443 286.6213 34.79141 25.16663 3.930276 5.988470 2.583322
xbest 24.85593 215.1052 0.9567501 23.64524 286.6209 34.79028 25.16772 3.920436 5.989970 2.587143
xbest 24.85593 215.1052 0.9792501 23.64524 286.6209 34.79028 25.33022 3.920436 5.989970 2.599018
xbest 24.93195 210.8728 0.9019050 23.75029 286.6172 34.79227 25.20665 3.926177 6.057844 2.578927
xbest 24.92422 210.3702 0.9019409 23.75786 286.6162 34.79066 25.21583 3.926109 6.055700 2.583654
xbest 24.93130 211.1182 0.9072975 23.71359 286.6165 34.79719 25.20279 3.926561 6.049075 2.577360
xbest 24.91373 210.8463 0.9025442 23.77987 286.6197 34.79120 25.20506 3.926297 6.047800 2.570667
xbest 24.93116 211.2839 0.9048578 23.70582 286.6187 34.79549 25.16029 3.926452 6.052437 2.575749
xbest 24.92341 211.2461 0.9047775 23.73031 286.6194 34.79783 25.13649 3.926009 6.041000 2.567600
xbest 24.92484 210.9472 0.9050072 23.76443 286.6175 34.79130 25.14902 3.925373 6.030685 2.577412
xbest 24.91700 210.9213 0.9040199 23.78979 286.6418 34.79672 24.93597 3.925256 6.031858 2.581900
xbest 24.94044 210.9213 0.9040199 23.78979 286.6418 34.79672 24.97659 3.925256 6.031858 2.581900
xbest 24.91527 210.8532 0.9034807 23.81486 286.6595 34.80090 24.77124 3.925190 6.032376 2.583102
xbest 24.91821 210.9368 0.9049934 23.80160 286.6441 34.79836 25.04533 3.925194 6.032731 2.583168
xbest 24.91872 210.9260 0.9049963 23.80161 286.6443 34.79902 25.03708 3.925252 6.032758 2.583491
xbest 24.92647 210.8420 0.9050705 23.80175 286.6443 34.79783 25.03807 3.925030 6.033681 2.574820
xbest 24.92807 210.8379 0.9056537 23.79931 286.6437 34.79685 25.07790 3.925039 6.034801 2.574148
xbest 24.92732 211.0112 0.9165305 23.80190 286.6489 34.79724 25.03880 3.924426 6.028110 2.579004
xbest 24.92722 210.9402 0.9064651 23.79554 286.6435 34.79714 25.06859 3.925002 6.031873 2.571136
xbest 24.92545 211.0345 0.9168615 23.80161 286.6439 34.79809 25.06087 3.924740 6.027183 2.577239
xbest 24.92429 211.0052 0.9156804 23.80390 286.6434 34.79796 25.06428 3.924837 6.026764 2.572782
xbest 24.78739 189.8977 0.9209333 24.23856 286.6436 34.79884 25.94199 3.924625 6.419381 2.568573
xbest 24.78739 189.8977 1.0000000 24.23856 286.6436 34.79884 25.94199 3.924625 6.417037 2.578221
xbest 24.78739 189.8977 1.0000000 24.23856 286.6436 34.79884 25.94199 3.924625 6.417037 2.578221

$time
elapsed elapsed elapsed elapsed elapsed elapsed elapsed elapsed elapsed elapsed elapsed elapsed elapsed elapsed elapsed elapsed elapsed elapsed elapsed elapsed elapsed elapsed elapsed elapsed elapsed 
   2.06    5.36    7.89   10.48   15.55   18.67   23.61   26.12   28.36   33.42   35.45   47.76   53.33   58.47   62.45   83.28   89.80   92.80  101.59  104.19  112.00  114.59  118.56  155.45  165.00 
elapsed elapsed elapsed elapsed elapsed elapsed elapsed elapsed elapsed elapsed elapsed elapsed elapsed elapsed elapsed elapsed elapsed elapsed elapsed 
 174.37  184.48  186.42  203.19  207.08  380.37  381.84  397.64  404.81  415.72  425.51  430.25  451.84  463.37  468.36  484.23  667.11  668.89  896.67 

$neval
 [1]   106   263   401   549   838   978  1259  1400  1539  1819  1941  2618  2891  3164  3401  4487  4848  4993  5409  5549  5960  6098  6320  8225  8840  9383  9989 10126 11075 11287 21127 21206
[33] 22029 22439 23051 23595 23869 25047 25660 25935 26882 37169 37272 50119

$fbest
[1] 507.8733

$xbest
 [1]  24.787386 189.897696   1.000000  24.238556 286.643645  34.798845  25.941990   3.924625   6.417037   2.578221

$numeval
[1] 50119

$end_crit
[1] 1

$cpu_time
elapsed 
 896.67 

$Refset
$Refset$x
          [,1]     [,2]      [,3]     [,4]     [,5]     [,6]     [,7]     [,8]     [,9]    [,10]
 [1,] 33.04371 233.6167 0.8492651 25.54010 284.5644 36.40404 43.62738 4.035930 9.476044 3.308730
 [2,] 24.67665 198.3751 0.9239130 23.75366 286.6633 34.79734 25.92313 3.919245 6.424421 2.582425
 [3,] 24.68267 198.3334 0.9240454 23.75344 286.6646 34.79746 25.94850 3.919477 6.423238 2.585175
 [4,] 24.67667 198.3779 0.9238152 23.75406 286.6629 34.79740 25.93043 3.919414 6.423569 2.584819
 [5,] 24.67659 198.3862 0.9237668 23.75814 286.6630 34.79813 25.94673 3.919555 6.420022 2.585135
 [6,] 24.67669 198.3633 0.9238432 23.75695 286.6632 34.79731 25.92625 3.919432 6.422364 2.583458
 [7,] 24.67871 198.4002 0.9238058 23.75747 286.6632 34.79741 25.94675 3.919117 6.419527 2.585073
 [8,] 24.68642 198.6144 0.9229683 23.77700 286.6501 34.79946 25.90112 3.921120 6.395559 2.575188
 [9,] 24.67870 198.3668 0.9238400 23.75784 286.6624 34.79751 25.93458 3.919312 6.420472 2.584456
[10,] 24.67952 198.3967 0.9239158 23.75364 286.6638 34.80994 25.93714 3.954195 6.420548 2.584015
[11,] 24.47639 198.9202 0.9287601 23.60526 286.6613 34.79749 25.95167 3.919375 6.402787 2.583527
[12,] 24.66114 198.4000 0.9244081 23.78374 286.6626 34.79727 25.93133 3.915438 6.403888 2.571549

$Refset$f
 [1] 1447981.5625     507.9219     507.9219     507.9219     507.9219     507.9219     507.9219     508.5191     507.9219     512.5330     516.2830     516.2535

$Refset$fpen
 [1] 3073416.0558     507.9219     507.9219     507.9219     507.9219     507.9219     507.9219     508.5191     507.9219     512.5330     516.2830     516.2535

$Refset$const
          [,1]     [,2]     [,3]     [,4]     [,5]
 [1,] 16.06406 26.52396 10.45990 1.714907 5.125434
 [2,] 17.32924 29.57558 12.24634 1.501550 2.968312
 [3,] 17.33020 29.57676 12.24656 1.501271 2.971395
 [4,] 17.33049 29.57643 12.24594 1.501565 2.968854
 [5,] 17.33811 29.57998 12.24186 1.501471 2.970485
 [6,] 17.33459 29.57764 12.24305 1.501549 2.968572
 [7,] 17.33794 29.58047 12.24253 1.501444 2.970631
 [8,] 17.38144 29.60444 12.22300 1.503266 2.960202
 [9,] 17.33737 29.57953 12.24216 1.501602 2.969052
[10,] 17.33309 29.57945 12.24636 1.501470 2.968979
[11,] 17.20248 29.59721 12.39474 1.501648 2.970294
[12,] 17.37985 29.59611 12.21626 1.501592 2.968837

$Refset$penalty
 [1] 1.625434 0.000000 0.000000 0.000000 0.000000 0.000000 0.000000 0.000000 0.000000 0.000000 0.000000 0.000000


