$f
 [1] 13246.351  2280.781  1690.017  1622.497  1482.993  1477.295  1468.130  1465.179  1451.866  1451.710  1448.931  1445.538  1410.769  1400.946  1381.811  1379.016  1372.208  1343.141  1335.361
[20]  1334.745  1329.439  1329.163  1328.642  1327.747  1326.061  1321.733  1321.609  1318.470  1316.431  1315.512  1312.771  1311.495  1310.757  1310.217  1309.425  1309.127  1309.111  1308.780
[39]  1308.516  1308.439  1307.514  1307.198  1276.813  1011.337  1011.295

$x
          [,1]     [,2]      [,3]     [,4]     [,5]     [,6]     [,7]     [,8]     [,9]    [,10]
xbest 27.90757 150.9869 0.4612630 23.72894 285.7378 27.20319 25.03606 4.274646 8.915048 2.128326
xbest 20.00000 196.1039 0.1010678 15.35090 285.5986 48.00000 24.00000 2.029925 2.000000 1.200000
xbest 20.00000 175.8663 0.1123192 15.21028 285.5834 44.80000 24.00000 3.192425 2.297624 1.200000
xbest 28.72733 105.7577 0.1014678 22.43655 286.4498 29.42561 24.40980 5.249201 5.428712 2.051144
xbest 20.13394 184.6839 0.1399678 15.07373 286.4858 46.01600 24.00000 3.545703 2.000000 1.200000
xbest 20.13354 184.5552 0.1400215 15.06501 286.4869 45.89581 24.00000 3.552896 2.000000 1.200000
xbest 20.08860 184.5031 0.1520236 15.43239 286.4678 45.95571 24.08669 3.460633 2.054066 1.203149
xbest 20.09149 187.3321 0.1587863 15.50502 286.4560 45.78753 24.16059 3.413516 2.066320 1.205246
xbest 20.30288 184.4998 0.1406190 15.07390 286.4795 46.02502 24.02209 3.519627 2.016911 1.201510
xbest 20.28501 184.9660 0.1404709 15.08068 286.4704 46.03453 24.02335 3.521549 2.016920 1.201317
xbest 20.28501 184.9660 0.1409681 15.08068 286.4696 46.03453 24.00000 3.521549 2.000000 1.201317
xbest 20.28352 183.7104 0.1433648 15.11892 286.4827 46.03470 24.02809 3.179130 2.028825 1.200249
xbest 23.14136 123.8318 0.5322501 18.18461 286.6465 37.24178 24.18276 2.474762 6.444351 2.256711
xbest 22.97190 126.9898 0.5048982 18.07588 286.5771 37.07008 24.05868 2.581293 6.525218 2.289832
xbest 21.92174 134.2280 0.5942697 17.96731 286.5764 37.00071 24.01691 2.672720 7.790859 2.286221
xbest 21.82125 113.3637 0.8575768 18.47434 286.5779 36.98973 24.04485 2.366551 8.674375 2.289602
xbest 21.85543 113.4687 0.8362535 18.35870 286.5544 37.01727 24.06441 2.308739 8.666499 2.037493
xbest 21.85543 113.4687 0.9985938 18.54620 286.6294 37.01727 24.00000 2.258739 8.766499 2.132493
xbest 23.66692 127.4519 0.9412874 17.45352 286.5552 36.67562 24.00294 2.368336 6.595106 1.509312
xbest 23.66692 127.4519 0.9862874 17.45352 286.5552 36.67562 24.00294 2.368336 6.595106 1.509312
xbest 23.65450 126.6390 0.9584106 17.70462 286.5610 36.70170 24.05095 2.338170 6.550116 1.507638
xbest 23.66033 124.8071 0.9926052 17.69495 286.5598 36.73480 24.06234 2.345425 6.660159 1.506034
xbest 23.72346 123.6108 1.0000000 17.71078 286.5602 36.73457 24.06046 2.343708 6.658095 1.506078
xbest 23.72346 123.6108 1.0000000 17.71078 286.5789 36.73379 24.06046 2.343708 6.670595 1.506078
xbest 23.29510 128.0326 1.0000000 18.19180 286.5609 36.67721 24.01481 2.213255 6.407355 1.854133
xbest 23.28338 127.5638 0.9550000 18.21523 286.5562 36.67896 24.01481 2.138255 6.407355 1.854133
xbest 23.33585 128.3809 0.9758262 18.45384 286.5641 36.69076 24.00101 2.181846 6.143739 2.002072
xbest 23.70865 126.8166 0.9422770 17.62691 286.5596 36.74135 24.04216 2.284326 6.504175 1.855083
xbest 23.67906 126.7213 0.9468363 17.64229 286.5597 36.73992 24.04863 2.189081 6.597306 1.760510
xbest 23.65672 128.0909 0.9496773 17.78252 286.5531 36.70413 24.01731 2.209226 6.419969 1.845387
xbest 23.67818 126.7656 0.9492693 17.72482 286.5565 36.72767 24.02535 2.193328 6.467277 1.787799
xbest 23.67627 127.2315 0.9782525 17.99907 286.5592 36.75340 24.01369 2.257890 6.264377 1.962509
xbest 23.67634 127.2678 0.9752447 18.04318 286.5599 36.75258 24.01303 2.258579 6.233389 1.978298
xbest 23.67430 127.1925 0.9765680 18.06941 286.5608 36.73190 24.01314 2.184046 6.239931 1.997706
xbest 23.53066 128.8097 0.9787901 18.45519 286.5624 36.70363 24.00568 2.159117 6.215561 1.960139
xbest 23.53066 128.8097 1.0000000 18.45519 286.5624 36.70363 24.00568 2.159117 6.228061 1.960139
xbest 23.67593 127.2368 0.9685197 18.07452 286.5605 36.67923 24.01352 2.172906 6.238785 2.018110
xbest 23.67593 127.2368 0.9460197 18.07452 286.5605 36.68001 24.01352 2.172906 6.238785 2.018110
xbest 23.68791 127.6977 0.9809443 18.07784 286.5636 36.72403 24.01477 2.180514 6.238324 2.015004
xbest 23.68738 127.6608 0.9899600 18.08066 286.5622 36.72618 24.01683 2.182394 6.239144 2.012098
xbest 23.68778 127.6225 0.9955039 18.08138 286.5624 36.73242 24.01825 2.182381 6.241589 2.015920
xbest 23.70305 127.9229 0.9238896 17.99561 286.5622 36.72971 24.01644 2.183338 6.226833 2.019376
xbest 21.18045 124.7093 0.8321996 17.98991 286.6356 37.79477 24.00141 6.398432 5.750785 1.823963
xbest 20.00293 125.0219 0.4939962 19.48991 286.6333 37.40708 24.00141 6.398432 6.650785 2.203963
xbest 20.00293 125.0219 0.4939962 19.48991 286.6333 37.40708 24.00141 6.398432 6.650785 2.204705

$time
elapsed elapsed elapsed elapsed elapsed elapsed elapsed elapsed elapsed elapsed elapsed elapsed elapsed elapsed elapsed elapsed elapsed elapsed elapsed elapsed elapsed elapsed elapsed elapsed elapsed 
   2.10    5.47    8.38   11.71   14.18   24.61   27.11   29.61   32.47   34.96   36.63   39.24   44.41   46.99   49.72   52.38   57.29   64.57  220.50  221.77  230.05  235.19  248.24  249.58  280.68 
elapsed elapsed elapsed elapsed elapsed elapsed elapsed elapsed elapsed elapsed elapsed elapsed elapsed elapsed elapsed elapsed elapsed elapsed elapsed elapsed 
 282.69  308.29  317.49  327.99  330.46  333.00  335.54  342.55  370.44  375.40  391.43  422.71  424.05  429.43  436.05  438.96  741.74  926.10  928.82  937.80 

$neval
 [1]   106   273   441   602   748  1316  1457  1597  1740  1881  1972  2113  2386  2522  2663  2804  3075  3462 11873 11946 12353 12624 13298 13382 14868 14984 16494 16975 17522 17656 17795 17932
[33] 18269 19706 19978 20860 22499 22582 22856 23136 23274 39345 49468 49628 50030

$fbest
[1] 1011.295

$xbest
 [1]  20.0029311 125.0219052   0.4939962  19.4899094 286.6332820  37.4070766  24.0014079   6.3984323   6.6507854   2.2047051

$numeval
[1] 50030

$end_crit
[1] 1

$cpu_time
elapsed 
  937.8 

$Refset
$Refset$x
           [,1]        [,2]        [,3]      [,4]       [,5]      [,6]       [,7]       [,8]      [,9]    [,10]
 [1,]  20.00293   0.4939962 286.6332820 24.001408   6.650785  20.00293  0.4939962 286.633282 24.001408 6.650785
 [2,] 125.02191  19.4899094  37.4070766  6.398432   2.203963 125.02191 19.4899094  37.407077  6.398432 2.203963
 [3,]  20.73594 123.4629406   0.7348507 17.985306 286.639756  38.68501 24.0026334   6.549016  5.636368 1.764385
 [4,]  23.69625 128.0818719   0.9087062 17.981256 286.563275  36.73302 24.0176455   2.183191  6.236798 2.014902
 [5,]  23.69170 127.5328686   0.9828334 18.073426 286.562288  36.73273 24.0174303   2.183287  6.243866 2.016057
 [6,]  23.70346 127.3956400   0.8661307 17.982302 286.562047  36.73046 24.0170856   2.183508  6.234585 2.015073
 [7,]  23.70033 127.4962686   0.8685951 17.976713 286.562093  36.73040 24.0170850   2.183698  6.236400 2.015225
 [8,]  23.70117 127.2427241   0.8667727 18.002011 286.562071  36.73037 24.0171257   2.182195  6.233057 2.016009
 [9,]  23.67198 127.5656592   0.9489741 18.045241 286.562139  36.68379 24.0566129   2.182291  6.235021 2.014477
[10,]  23.69631 126.9563852   0.9412968 18.041150 286.563194  36.74141 24.0175500   2.223425  6.254556 2.015401
[11,]  23.55604 127.6801675   0.9728651 18.484002 286.562864  36.71633 24.0124844   2.183612  6.244565 2.006367
[12,]  21.31942 258.2053432   0.8639704 18.544700 286.782832  39.37814 24.0000000   2.628841  7.091203 1.826022

$Refset$f
 [1] 1011.337 1011.337 1248.104 1307.323 1307.429 1307.450 1307.450 1307.497 1308.856 1309.061 1309.856 5024.545

$Refset$fpen
 [1] 1011.337 1011.337 1248.104 1307.323 1307.429 1307.450 1307.450 1307.497 1308.856 1309.061 1309.856 5024.545

$Refset$const
          [,1]      [,2]      [,3]      [,4]     [,5]
 [1,] 12.83912 16.510091  2.628298 29.349215 1.519917
 [2,] 29.34921  1.519917 12.839124 16.510091 2.628298
 [3,] 12.34894 30.363632 18.014694  1.521382 2.570689
 [4,] 11.74446 29.763202 18.018744  1.526156 2.637916
 [5,] 11.82956 29.756134 17.926574  1.526263 2.637555
 [6,] 11.74772 29.765415 18.017698  1.526286 2.637558
 [7,] 11.74031 29.763600 18.023287  1.526281 2.637577
 [8,] 11.76895 29.766943 17.997989  1.526283 2.637574
 [9,] 11.81022 29.764979 17.954759  1.526072 2.643150
[10,] 11.78659 29.745444 17.958850  1.526181 2.637445
[11,] 12.23944 29.755435 17.515998  1.526184 2.638222
[12,] 11.45350 28.908797 17.455300  1.507595 2.593381

$Refset$penalty
 [1] 0 0 0 0 0 0 0 0 0 0 0 0


