$f
 [1] 6019.5382 1751.0903  912.7257  751.1962  746.4774  724.2517  671.0764  650.6875  614.1215  609.1285

$x
          [,1]     [,2]      [,3]     [,4]     [,5]     [,6]     [,7]     [,8]     [,9]    [,10]
xbest 24.79000 337.0400 0.2529000 17.72000 285.5400 45.67000 29.49000 2.970000 2.000000 2.690000
xbest 25.18401 116.4490 1.0000000 24.37434 286.6482 37.27216 28.01224 3.487813 6.693833 2.102534
xbest 25.18401 136.4490 1.0000000 24.36113 286.6112 34.27216 24.00000 3.544150 7.591781 2.985613
xbest 20.85558 165.7872 0.1363109 23.14336 286.2012 33.94344 27.64432 4.250891 7.054184 2.738435
xbest 20.00000 176.0071 0.1000000 22.95069 286.1885 34.02953 29.28158 4.338396 6.974261 2.944116
xbest 20.66273 144.9001 0.1000000 23.64948 286.0857 33.12590 28.66955 4.499093 7.087082 1.688609
xbest 20.48861 152.1188 0.1000000 23.55026 286.0603 33.38324 28.39349 4.463544 7.123132 1.200000
xbest 20.00000 174.6994 0.1019740 22.76636 286.2346 33.42897 28.82911 4.267228 6.979518 2.946913
xbest 20.00000 174.6994 0.1000000 22.76636 286.3119 33.42897 28.82911 4.267228 6.929518 2.946913
xbest 20.00000 174.6994 0.1000879 22.95386 286.3119 33.42897 28.82911 4.267228 6.929518 2.946913

$time
elapsed elapsed elapsed elapsed elapsed elapsed elapsed elapsed elapsed elapsed 
   1.43    3.72    5.33    9.21   12.99   18.57   20.29   21.93   24.50  617.22 

$neval
 [1]   106   268   404   708   997  1420  1567  1705  1935 50047

$fbest
[1] 609.1285

$xbest
 [1]  20.0000000 174.6994282   0.1000879  22.9538610 286.3119402  33.4289704  28.8291080   4.2672278   6.9295179   2.9469131

$numeval
[1] 50047

$end_crit
[1] 1

$cpu_time
elapsed 
 617.22 

$Refset
$Refset$x
          [,1]     [,2]      [,3]     [,4]     [,5]     [,6]     [,7]     [,8]     [,9]    [,10]
 [1,] 22.61274 106.8841 0.9419729 22.50805 286.5372 37.02304 24.12510 3.174020 9.865640 1.237476
 [2,] 22.61374 106.8880 0.9420567 22.50800 286.5372 37.02304 24.12509 3.174120 9.865636 1.237483
 [3,] 22.91771 104.6867 0.9444425 22.39183 286.5346 37.00604 24.12602 3.202284 9.938540 1.366786
 [4,] 22.78660 104.7788 0.9453310 22.51783 286.5366 37.01686 24.13375 3.184895 9.852890 1.331967
 [5,] 22.79548 104.8825 0.9517891 22.47949 286.5385 37.01578 24.13607 3.158580 9.872274 1.313318
 [6,] 22.78324 104.8425 0.9525419 22.42325 286.5399 37.01495 24.13808 3.164624 9.909206 1.312782
 [7,] 22.78572 104.7576 0.9428425 22.51889 286.5375 37.01875 24.13352 3.177209 9.856987 1.334344
 [8,] 22.70646 105.0671 0.9573410 22.39667 286.5370 37.02941 24.13129 3.235403 9.915892 1.302365
 [9,] 22.72666 105.7086 0.9573639 22.47443 286.5397 37.04911 24.08524 3.218660 9.830238 1.261499
[10,] 22.69879 105.6701 0.9498413 22.66331 286.5371 37.01633 24.14476 3.166996 9.819542 1.301450
[11,] 22.68788 105.4291 0.9483558 22.61619 286.5361 37.02041 24.13974 3.162396 9.855217 1.293490
[12,] 22.80843 107.6343 0.9461596 22.49014 286.5374 37.01821 24.13416 3.161080 9.784229 1.312457

$Refset$f
 [1] 746.2344 747.2743 752.6267 754.5920 754.7569 754.7587 754.8160 755.2951 755.4514 757.8142 757.8507 758.8507

$Refset$fpen
 [1] 746.2344 747.2743 752.6267 754.5920 754.7569 754.7587 754.8160 755.2951 755.4514 757.8142 757.8507 758.8507

$Refset$const
          [,1]     [,2]     [,3]     [,4]     [,5]
 [1,] 12.64241 26.13436 13.49195 1.529204 2.622088
 [2,] 12.64236 26.13436 13.49200 1.529204 2.622086
 [3,] 12.45329 26.06146 13.60817 1.529452 2.622089
 [4,] 12.66494 26.14711 13.48217 1.529235 2.622856
 [5,] 12.60722 26.12773 13.52051 1.529027 2.623757
 [6,] 12.51404 26.09079 13.57675 1.528864 2.624473
 [7,] 12.66190 26.14301 13.48111 1.529143 2.623062
 [8,] 12.48078 26.08411 13.60333 1.529223 2.622165
 [9,] 12.64419 26.16976 13.52557 1.529088 2.618566
[10,] 12.84376 26.18046 13.33669 1.529153 2.623912
[11,] 12.76097 26.14478 13.38381 1.529279 2.622964
[12,] 12.70591 26.21577 13.50986 1.529147 2.623116

$Refset$penalty
 [1] 0 0 0 0 0 0 0 0 0 0 0 0


