$f
 [1] 3079.1944 1067.0469  929.9618  667.7083  613.8993  587.5781  541.8403  517.6458  492.9861  492.8247  492.3889  489.9375  480.5243  479.4809  479.1684  477.3212  477.0208  476.6562  476.3524
[20]  476.3299  476.2587  476.2569  476.2153  476.1806  476.1806

$x
          [,1]     [,2]      [,3]     [,4]     [,5]     [,6]     [,7]     [,8]      [,9]    [,10]
xbest 28.24563 197.7419 0.6619096 23.82663 285.4918 36.04019 26.09418 3.281056  2.521902 3.021537
xbest 20.00000 119.3179 0.1724815 18.87027 286.0908 48.00000 24.01178 5.172688 10.000000 1.266547
xbest 20.00000 101.5662 0.2171313 18.86923 286.0908 47.99555 24.00000 5.171575  9.991092 1.264432
xbest 20.00000 100.0000 0.1053782 19.38640 286.1475 48.00000 24.00000 6.603081 10.000000 1.207499
xbest 20.00293 100.0000 0.1000000 19.38054 286.1510 48.00000 24.00000 6.603081 10.000000 1.204530
xbest 20.42055 113.6680 0.1365303 22.96298 286.0487 42.93714 25.03887 6.312543  7.027443 1.482008
xbest 20.04688 113.9805 0.1361787 22.96298 286.0481 42.94964 25.05918 6.306293  6.989943 1.482008
xbest 20.33172 130.7375 0.1336261 20.90070 286.0550 44.78195 24.66762 6.285013  6.686652 1.516728
xbest 20.40203 130.7375 0.1545809 20.90070 286.0503 44.78195 24.66762 6.285013  6.691072 1.520926
xbest 20.48134 129.9446 0.1315888 21.18288 286.0493 44.78082 24.66861 6.285518  6.663310 1.513595
xbest 20.46052 130.1529 0.1317396 20.99532 286.0507 44.78872 24.66852 6.285493  6.749145 1.509835
xbest 20.53644 128.6068 0.1302113 21.33610 286.0497 44.74889 24.66876 6.285582  6.587455 1.521839
xbest 20.54325 129.0556 0.1298984 21.26734 286.0497 44.74427 24.66879 6.285579  6.640808 1.520838
xbest 20.54325 129.0556 0.1298984 21.26734 286.0497 44.74427 24.66879 6.285579  6.640808 1.519354
xbest 20.44105 129.2008 0.1297535 21.25204 286.0494 44.75143 24.74130 6.288182  6.717052 1.514776
xbest 20.39418 129.2008 0.1302507 21.25204 286.0494 44.75143 24.74130 6.288182  6.710802 1.514776
xbest 20.46270 128.0872 0.1306341 21.31080 286.0502 44.75046 24.68839 6.287075  6.685745 1.516621
xbest 20.46157 128.0898 0.1306314 21.31075 286.0501 44.75054 24.68591 6.287062  6.687465 1.516618
xbest 20.45971 128.0758 0.1312559 21.31251 286.0501 44.75019 24.68569 6.287016  6.679014 1.516671
xbest 20.45971 128.0758 0.1312779 21.31251 286.0501 44.75019 24.68569 6.287016  6.679014 1.516671
xbest 20.38227 128.1004 0.1304557 21.35387 286.0508 44.74606 24.70526 6.286861  6.707320 1.516923
xbest 20.38227 128.1004 0.1304557 21.35387 286.0508 44.74606 24.70526 6.286861  6.707320 1.516181
xbest 20.37174 128.4964 0.1309071 21.32343 286.0483 44.74960 24.67890 6.287992  6.703639 1.516972
xbest 20.37326 128.0823 0.1304738 21.36125 286.0498 44.74704 24.70437 6.287477  6.706789 1.516656
xbest 20.37326 128.0823 0.1304738 21.36125 286.0498 44.74704 24.70437 6.287477  6.706789 1.516656

$time
elapsed elapsed elapsed elapsed elapsed elapsed elapsed elapsed elapsed elapsed elapsed elapsed elapsed elapsed elapsed elapsed elapsed elapsed elapsed elapsed elapsed elapsed elapsed elapsed elapsed 
   3.73    8.76   14.09   24.25   51.51   92.60   95.35  153.67  156.17  179.67  186.31  197.70  208.46  227.01  334.60  336.60  462.03  499.57  545.04  546.70  855.92  857.43 1012.10 1130.10 1135.57 

$neval
 [1]   106   269   416   714  1913  3661  3782  6207  6320  7264  7533  8005  8407  9154 13665 13751 19043 20604 22440 22513 36364 36438 44044 49900 50103

$fbest
[1] 476.1806

$xbest
 [1]  20.3732562 128.0823034   0.1304738  21.3612548 286.0498111  44.7470388  24.7043690   6.2874768   6.7067888   1.5166559

$numeval
[1] 50103

$end_crit
[1] 1

$cpu_time
elapsed 
1135.57 

$Refset
$Refset$x
          [,1]     [,2]      [,3]     [,4]     [,5]     [,6]     [,7]     [,8]     [,9]    [,10]
 [1,] 20.37326 128.0823 0.1304738 21.36125 286.0498 44.74704 24.70437 6.287477 6.706789 1.516656
 [2,] 20.38186 128.0757 0.1307228 21.36627 286.0501 44.74697 24.71376 6.286442 6.699257 1.517102
 [3,] 20.38829 128.1343 0.1296880 21.41125 286.0503 44.74369 24.71775 6.286422 6.670952 1.517741
 [4,] 20.38797 128.0175 0.1306208 21.36294 286.0500 44.74762 24.71014 6.286969 6.718046 1.516072
 [5,] 20.38549 128.0689 0.1305185 21.37939 286.0498 44.74703 24.69487 6.286848 6.705681 1.517165
 [6,] 20.51405 127.6130 0.1307585 21.46945 286.0573 44.69273 24.76709 6.276255 6.808252 1.516900
 [7,] 20.44093 128.5654 0.1303405 21.38764 286.0564 44.74182 24.76087 6.323524 6.709669 1.591403
 [8,] 20.35132 127.9623 0.1340948 21.37688 286.0839 44.76253 24.71104 6.283808 6.842012 1.509292
 [9,] 20.38458 128.0446 0.1310701 21.35676 286.0502 44.67501 24.71972 6.321051 6.655849 1.593984
[10,] 20.88976 107.6255 0.1357568 21.65445 285.9788 43.87181 24.42036 6.322799 7.622896 1.378138
[11,] 20.67662 127.3363 0.1278883 21.31073 286.0400 43.68420 24.52549 6.291715 6.658314 1.486764
[12,] 20.38145 127.7412 0.1293164 21.73431 286.0500 44.74434 24.78828 6.287407 6.669833 1.558353

$Refset$f
 [1] 476.1806 476.9531 477.2674 477.8021 478.1354 483.0938 483.2743 494.1771 504.2934 525.6441 532.1111 536.0486

$Refset$fpen
 [1] 476.1806 476.9531 477.2674 477.8021 478.1354 483.0938 483.2743 494.1771 504.2934 525.6441 532.1111 536.0486

$Refset$const
          [,1]     [,2]     [,3]     [,4]     [,5]
 [1,] 14.65447 29.29321 14.63875 1.577130 2.222849
 [2,] 14.66701 29.30074 14.63373 1.577121 2.223411
 [3,] 14.74030 29.32905 14.58875 1.577117 2.223754
 [4,] 14.64489 29.28195 14.63706 1.577123 2.223179
 [5,] 14.67371 29.29432 14.62061 1.577111 2.222367
 [6,] 14.66120 29.19175 14.53055 1.576700 2.229398
 [7,] 14.67797 29.29033 14.61236 1.576709 2.227473
 [8,] 14.53487 29.15799 14.62312 1.574355 2.231016
 [9,] 14.70091 29.34415 14.64324 1.577207 2.225760
[10,] 14.03155 28.37710 14.34555 1.583298 2.216443
[11,] 14.65241 29.34169 14.68927 1.578707 2.241969
[12,] 15.06448 29.33017 14.26569 1.577275 2.227275

$Refset$penalty
 [1] 0 0 0 0 0 0 0 0 0 0 0 0


