$f
 [1] 6482.762 2280.936 1417.450 1379.722 1346.259 1223.097 1207.486 1201.547 1168.316 1121.191 1115.215 1108.474 1065.550 1065.345 1058.373 1055.023 1054.932 1054.547 1052.503 1051.193 1051.191
[22] 1051.023 1050.868 1050.688 1050.354 1049.806 1049.634 1049.618 1049.606 1049.559 1049.559

$x
          [,1]     [,2]      [,3]     [,4]     [,5]     [,6]     [,7]     [,8]     [,9]    [,10]
xbest 21.11060 102.6936 0.3650788 15.87429 284.6180 38.08214 26.21405 4.459056 4.514376 3.811746
xbest 20.00000 100.0000 0.1000000 15.00000 284.7097 45.09409 24.00000 2.399390 5.070562 3.184804
xbest 20.29646 101.8529 0.1000000 15.00000 285.3097 37.57786 24.32500 2.019764 7.451889 5.000000
xbest 20.04187 100.0000 0.1748972 15.89062 286.0249 40.59668 24.59849 5.005671 5.009326 3.155990
xbest 20.00000 100.0000 0.2057670 15.91960 286.5863 42.38988 24.83124 5.605055 2.922098 3.189318
xbest 20.01292 103.4604 0.2118744 15.82985 286.5896 42.95477 24.76769 6.097329 2.869208 4.767452
xbest 20.00000 100.3001 0.2427635 15.87443 286.8823 43.47332 24.75013 5.532659 3.009945 2.609391
xbest 20.00000 100.0000 0.2427635 15.12443 286.8823 43.47332 24.75013 5.532659 3.009945 2.609391
xbest 20.05284 107.5140 0.2285270 15.97317 286.8571 43.38635 24.68420 4.986059 3.929124 3.684006
xbest 20.00000 104.0608 0.2366893 16.02110 286.8420 43.38274 24.00000 5.008983 3.549384 3.553415
xbest 20.00000 100.0000 0.2366893 16.77110 286.8420 43.38274 24.00000 5.008983 3.549384 3.547477
xbest 20.36174 103.6019 0.1354250 15.74444 286.8602 43.28928 24.00000 4.975545 5.617842 4.337144
xbest 20.36320 103.5921 0.1579250 15.74444 286.8493 43.28928 24.22981 4.975935 5.717842 4.234343
xbest 20.38996 106.3585 0.1324516 15.62334 286.8585 43.34406 24.01626 4.935689 6.012620 4.400376
xbest 20.40610 105.5391 0.1327982 15.62467 286.8588 43.33956 24.00888 4.966938 6.012218 4.402417
xbest 20.39828 110.1100 0.1267152 15.70315 286.8675 43.32575 24.04343 4.925583 5.866529 4.385574
xbest 20.38220 106.3784 0.1318365 15.69556 286.8630 43.34295 24.03604 4.932056 6.022716 4.380959
xbest 20.31984 107.3454 0.1310569 15.76551 286.8654 43.34490 24.04891 4.928020 6.028088 4.381436
xbest 20.37002 109.6803 0.1271330 15.80126 286.8651 43.32450 24.03404 4.929089 5.904591 4.384529
xbest 20.37002 109.6803 0.1271330 15.80126 286.8651 43.32450 24.07467 4.929089 5.898341 4.384529
xbest 20.39898 108.5460 0.1273526 15.83952 286.8649 43.33355 24.03511 4.928205 5.944238 4.386772
xbest 20.40587 108.3438 0.1273399 15.84210 286.8648 43.33624 24.03544 4.928372 5.952396 4.387196
xbest 20.37842 108.2489 0.1275460 15.77636 286.8638 43.33791 24.01104 4.931145 6.025749 4.387878
xbest 20.38548 108.0856 0.1281627 15.73712 286.8634 43.34850 24.05364 4.930798 6.033361 4.393487
xbest 20.38548 108.0856 0.1281627 15.73712 286.8634 43.34850 24.05364 4.930798 6.030236 4.393487
xbest 20.37032 108.7585 0.1267392 15.89253 286.8611 43.34382 24.06296 4.929073 5.946664 4.383104
xbest 20.34403 108.4269 0.1281729 15.83327 286.8618 43.34838 24.04438 4.930899 6.000368 4.380056
xbest 20.34403 108.4269 0.1281949 15.83327 286.8618 43.34838 24.04438 4.930899 6.000368 4.380056
xbest 20.35118 108.7484 0.1278841 15.85010 286.8610 43.34184 24.04578 4.931759 5.958732 4.382893
xbest 20.34729 109.9226 0.1268360 15.74105 286.8620 43.35365 24.04741 4.930733 5.957323 4.383616
xbest 20.34729 109.9226 0.1268360 15.74105 286.8620 43.35365 24.04741 4.930733 5.957323 4.383616

$time
elapsed elapsed elapsed elapsed elapsed elapsed elapsed elapsed elapsed elapsed elapsed elapsed elapsed elapsed elapsed elapsed elapsed elapsed elapsed elapsed elapsed elapsed elapsed elapsed elapsed 
   2.09    5.18    8.23   13.42   16.33   18.56   27.93   34.34   46.48   59.04   60.40  127.09  129.31  143.93  151.06  164.53  169.33  174.62  179.23  180.45  190.15  196.90  207.65  216.72  228.79 
elapsed elapsed elapsed elapsed elapsed elapsed 
 300.53  321.04  327.06  382.15  802.11  863.97 

$neval
 [1]   106   262   441   738   884  1025  1593  1948  2629  3299  3383  7055  7190  8006  8413  9164  9441  9719  9996 10074 10631 11038 11644 12183 12927 17041 18206 18556 21439 46580 50103

$fbest
[1] 1049.559

$xbest
 [1]  20.347287 109.922559   0.126836  15.741054 286.861982  43.353651  24.047406   4.930733   5.957323   4.383616

$numeval
[1] 50103

$end_crit
[1] 1

$cpu_time
elapsed 
 863.97 

$Refset
$Refset$x
          [,1]     [,2]      [,3]     [,4]     [,5]     [,6]     [,7]     [,8]     [,9]    [,10]
 [1,] 20.35110 108.5508 0.1281301 15.85350 286.8621 43.35365 24.05312 4.932162 5.967727 4.384396
 [2,] 20.34697 108.7391 0.1280312 15.85431 286.8620 43.35274 24.05016 4.930903 5.955925 4.385452
 [3,] 20.34829 108.8508 0.1278710 15.84653 286.8620 43.35240 24.05050 4.930914 5.957486 4.385242
 [4,] 20.34802 107.8496 0.1286097 15.83309 286.8598 43.43709 24.09963 4.987107 5.982854 4.463692
 [5,] 20.35297 108.8751 0.1290719 15.85559 286.8557 43.24363 24.05516 4.931787 5.904949 4.258042
 [6,] 20.53240 109.8342 0.1232166 15.40635 286.9108 43.45436 24.06092 5.002978 6.037797 4.284558
 [7,] 20.28588 108.9240 0.1262112 15.15643 286.8955 45.39368 24.02696 4.533305 5.849748 4.522089
 [8,] 20.34316 109.3712 0.1271359 15.85342 286.8283 43.37727 24.05350 4.879404 5.700292 4.370404
 [9,] 20.14330 103.7238 0.1701975 15.49192 286.8433 43.52801 24.05469 4.969363 5.971455 4.408539
[10,] 20.23589 111.3920 0.1236053 15.47525 286.8385 44.77228 24.14935 4.664319 5.791788 4.339073
[11,] 20.33850 108.4157 0.1240467 15.79548 286.8529 43.52756 24.09998 4.926089 5.902340 4.446966
[12,] 20.34432 114.1816 0.1237967 17.54052 286.8259 43.72158 24.02323 4.921502 4.778657 4.517255

$Refset$f
 [1] 1049.606 1049.634 1050.398 1059.773 1059.924 1074.309 1122.160 1080.526 1115.976 1167.354 1085.356 1176.297

$Refset$fpen
 [1] 1049.606 1049.634 1050.398 1059.773 1059.924 1074.309 1122.160 1080.526 1115.976 1167.354 1085.356 1176.297

$Refset$const
           [,1]     [,2]     [,3]     [,4]     [,5]
 [1,]  9.885772 30.03227 20.14650 1.504891 2.475065
 [2,]  9.898386 30.04408 20.14569 1.504909 2.474865
 [3,]  9.889040 30.04251 20.15347 1.504911 2.474885
 [4,]  9.850234 30.01715 20.16691 1.505118 2.474202
 [5,]  9.950644 30.09505 20.14441 1.505389 2.476508
 [6,]  9.368553 29.96220 20.59365 1.500258 2.490535
 [7,]  9.306683 30.15025 20.84357 1.503697 2.421467
 [8,] 10.153128 30.29971 20.14658 1.508185 2.461766
 [9,]  9.520468 30.02854 20.50808 1.506893 2.462336
[10,]  9.683464 30.20821 20.52475 1.508325 2.426405
[11,]  9.893145 30.09766 20.20452 1.505876 2.468652
[12,] 12.761859 31.22134 18.45948 1.508799 2.447751

$Refset$penalty
 [1] 0 0 0 0 0 0 0 0 0 0 0 0


