$f
 [1] 14968.8385  1565.1059  1351.8976   823.2361   705.5278   635.4080   548.0642   426.0069   408.9062   373.4931   294.7153   293.3281   279.6615   270.7691   263.9462   259.8316   257.8490
[18]   257.2656   256.9618   249.7431   245.6701   243.5208   242.8594   241.5156   240.3628   237.9149   237.7274   237.7014   237.7014

$x
          [,1]     [,2]      [,3]     [,4]     [,5]     [,6]     [,7]     [,8]     [,9]    [,10]
xbest 24.79000 337.0400 0.2529000 17.72000 285.5400 45.67000 29.49000 2.970000 2.000000 2.690000
xbest 20.00000 138.7139 0.7707631 28.07341 285.3232 28.86943 24.00000 8.632442 3.585369 2.341469
xbest 20.00000 118.7139 0.7735756 28.82341 285.3232 28.86943 24.02031 8.582442 3.685369 2.341469
xbest 21.25544 348.3786 0.3720058 18.85872 286.2899 36.42797 25.68643 2.000000 2.261379 3.830471
xbest 20.00000 434.9299 0.3089678 15.19608 286.5829 36.65328 24.05970 2.000000 2.315941 3.547030
xbest 21.71663 274.5103 0.3238195 21.46735 286.6633 35.68968 25.02187 2.000000 2.301759 3.622026
xbest 20.00000 410.0843 0.1000000 15.64107 286.6426 37.68907 24.07880 2.240568 2.477869 3.530567
xbest 20.00000 278.6567 0.1000000 21.55225 286.6478 37.82504 24.00000 2.100944 2.677740 3.681209
xbest 20.34044 122.2512 0.1000000 21.69461 286.7830 45.80236 26.10767 6.476288 7.172402 1.955964
xbest 20.28279 195.4551 0.1000000 22.96597 286.5848 36.61940 25.86760 6.070341 5.038450 3.098540
xbest 20.00000 195.4551 0.1429795 22.96597 286.5711 36.61940 24.23650 6.070341 4.941424 2.920062
xbest 20.28165 193.5720 0.1001853 21.61621 286.6344 37.48103 24.88227 6.410487 5.607019 3.352577
xbest 20.00000 193.5720 0.1000000 21.80371 286.6344 37.48103 24.88227 6.410487 5.625769 3.388202
xbest 20.26456 160.9953 0.1011696 21.43365 286.6309 37.44904 24.81687 6.401513 7.356297 3.441541
xbest 20.26456 160.9953 0.1056250 21.43365 286.5559 37.44904 24.81687 6.401513 7.306297 3.394041
xbest 20.28362 147.1869 0.1004583 21.64865 286.6286 37.48539 24.76914 6.409763 7.781515 3.388534
xbest 20.28495 147.4323 0.1006851 21.66720 286.6291 37.49962 24.76874 6.412728 7.759380 3.414255
xbest 20.27321 155.5133 0.1007749 21.64199 286.6296 37.47541 24.81602 6.402598 7.453540 3.312841
xbest 20.28517 147.3648 0.1001787 21.65827 286.6393 37.49866 24.84178 6.411584 7.762409 3.388678
xbest 20.27913 146.1132 0.1003103 21.55054 286.6308 37.48873 25.38703 6.401692 7.962865 3.386241
xbest 20.27434 145.4581 0.1002635 21.49575 286.6317 37.48863 25.41940 6.400221 8.055772 3.419568
xbest 20.27434 145.4581 0.1004393 21.49575 286.5942 37.48863 25.33815 6.400221 8.055772 3.419568
xbest 20.20801 157.9096 0.1003250 21.32043 286.6388 37.68679 25.21949 6.411886 7.528184 3.352035
xbest 20.20801 157.9096 0.1003250 21.32043 286.6201 37.68679 25.21949 6.411886 7.528184 3.343129
xbest 20.27440 156.6728 0.1003124 21.35348 286.6284 37.71643 25.14279 6.411469 7.536116 3.338087
xbest 20.27733 156.6728 0.1000000 21.35348 286.6096 37.71643 25.13772 6.411469 7.523616 3.349962
xbest 20.29822 157.4362 0.1000000 21.27501 286.5863 37.58633 25.16547 6.405637 7.552536 3.440961
xbest 20.29805 157.4326 0.1000000 21.27492 286.5863 37.59338 25.15236 6.405761 7.552058 3.441699
xbest 20.29805 157.4326 0.1000000 21.27492 286.5863 37.59338 25.15236 6.405761 7.552058 3.441699

$time
elapsed elapsed elapsed elapsed elapsed elapsed elapsed elapsed elapsed elapsed elapsed elapsed elapsed elapsed elapsed elapsed elapsed elapsed elapsed elapsed elapsed elapsed elapsed elapsed elapsed 
   1.42    4.06    5.41    7.66   10.33   12.33   14.31   18.56   20.63   22.73   28.88   79.94   81.69  117.55  118.86  127.03  131.06  135.02  137.00  141.98  144.08  161.30  361.70  362.92  377.70 
elapsed elapsed elapsed elapsed 
 384.97  539.22  545.95  728.09 

$neval
 [1]   106   274   375   526   678   824   969  1257  1401  1547  1985  5360  5472  7781  7878  8433  8707  8979  9114  9459  9597 10763 24764 24847 25811 26314 36934 37409 50044

$fbest
[1] 237.7014

$xbest
 [1]  20.298046 157.432647   0.100000  21.274916 286.586332  37.593383  25.152355   6.405761   7.552058   3.441699

$numeval
[1] 50044

$end_crit
[1] 1

$cpu_time
elapsed 
 728.09 

$Refset
$Refset$x
          [,1]     [,2]      [,3]     [,4]     [,5]     [,6]     [,7]     [,8]     [,9]    [,10]
 [1,] 58.96770 450.3883 0.5864288 28.86790 286.1648 19.73301 29.54234 7.458240 9.696069 4.432121
 [2,] 20.29874 157.3922 0.1000160 21.27455 286.5852 37.59725 25.14198 6.405793 7.553382 3.436347
 [3,] 20.29741 157.4195 0.1000066 21.27343 286.5863 37.59427 25.14421 6.405886 7.553438 3.438310
 [4,] 20.29733 157.4054 0.1000378 21.27582 286.5858 37.59565 25.14119 6.405928 7.552121 3.436245
 [5,] 20.29687 157.4043 0.1000275 21.27516 286.5860 37.59652 25.13806 6.405967 7.552800 3.435591
 [6,] 20.29777 157.3944 0.1000070 21.27440 286.5850 37.59836 25.14356 6.405834 7.553650 3.435531
 [7,] 20.29774 157.4127 0.1000105 21.27428 286.5860 37.59346 25.13821 6.405995 7.553110 3.434764
 [8,] 20.29878 157.3991 0.1000062 21.27376 286.5854 37.59454 25.14469 6.405868 7.553536 3.436762
 [9,] 20.29746 157.6675 0.1000139 21.25251 286.5837 37.59645 25.14637 6.407995 7.553649 3.424754
[10,] 22.09537 122.9786 0.1423696 21.09593 286.5190 40.18748 25.07863 6.409854 7.265959 3.322014
[11,] 24.20543 192.3566 0.1000000 20.72217 285.4194 37.23604 24.97371 5.201847 5.075909 3.513673
[12,] 20.00000 129.0146 0.1000835 19.79092 286.6014 41.78133 31.18203 6.694490 7.271428 4.811361

$Refset$f
 [1] 1455936.9531     237.7014     237.7014     237.7014     237.7014     237.7014     237.7014     237.7014     237.8681     685.9861    1945.0069    1574.4844

$Refset$fpen
 [1] 3.804527e+08 2.377014e+02 2.377014e+02 2.377014e+02 2.377014e+02 2.377014e+02 2.377014e+02 2.377014e+02 2.378681e+02 6.859861e+02 1.945007e+03 1.574484e+03

$Refset$const
          [,1]     [,2]      [,3]     [,4]       [,5]
 [1,] 19.17183 26.30393  7.132103 1.037541 382.496803
 [2,] 13.72117 28.44662 14.725448 1.522064   2.689916
 [3,] 13.71999 28.44656 14.726568 1.521925   2.690678
 [4,] 13.72370 28.44788 14.724183 1.521998   2.690158
 [5,] 13.72236 28.44720 14.724838 1.521992   2.689926
 [6,] 13.72075 28.44635 14.725605 1.522082   2.689914
 [7,] 13.72117 28.44689 14.725721 1.521980   2.690118
 [8,] 13.72022 28.44646 14.726243 1.522024   2.690364
 [9,] 13.69886 28.44635 14.747489 1.522216   2.689741
[10,] 13.82997 28.73404 14.904069 1.533586   2.538126
[11,] 15.64626 30.92409 15.277833 1.646347   2.370825
[12,] 12.51949 28.72857 16.209080 1.508787   2.946423

$Refset$penalty
 [1] 378.9968   0.0000   0.0000   0.0000   0.0000   0.0000   0.0000   0.0000   0.0000   0.0000   0.0000   0.0000


