$f
 [1] 23587.7431  1176.7274  1114.0573  1027.8559   963.6024   959.8611   935.7187   911.8073   905.6024   887.0399   886.2743   884.3576   881.7378   876.5000   851.3299   845.8385   823.5069
[18]   823.0990   812.7188   804.6024   796.8316   769.9948   759.9427   751.1892   750.6580   750.0469   749.1146   748.6389   739.2535   732.9896   732.7014   732.5347   731.9184   731.6858
[35]   731.5000   731.3750   729.9965   729.8993   729.7587   729.7153   727.8455   727.1372   717.2969   717.1233   715.6997   714.7830   713.9514   713.6858   713.6858

$x
          [,1]     [,2]      [,3]     [,4]     [,5]     [,6]     [,7]     [,8]     [,9]    [,10]
xbest 24.79000 337.0400 0.2529000 17.72000 285.5400 45.67000 29.49000 2.970000 2.000000 2.690000
xbest 20.00000 323.7484 0.1048693 15.37751 286.8029 47.97366 24.06415 2.198734 2.224583 1.206238
xbest 20.00000 323.7484 0.1000000 15.94001 286.7279 47.97366 24.06415 2.198734 2.024583 1.206238
xbest 20.01875 288.2492 0.5166265 18.29292 286.6213 37.96396 24.81449 4.685781 5.224011 1.958300
xbest 21.03662 267.2086 0.7302820 20.43258 286.5850 38.17950 24.35128 3.808281 4.312120 2.477561
xbest 21.36724 270.5765 0.6678278 19.60753 286.5586 38.17070 24.14958 3.826450 4.062994 2.565171
xbest 21.41445 285.7821 0.7087272 19.49263 286.5232 37.75082 24.04420 3.750310 3.953776 3.169782
xbest 20.07391 267.5168 0.5056479 17.08499 286.6680 38.51779 24.20938 5.668666 5.998746 2.065743
xbest 20.10000 278.8915 0.5076994 16.93998 286.6631 38.50328 24.07380 5.577368 5.685177 2.070082
xbest 20.10000 278.8915 0.5301994 16.93998 286.6631 38.50328 24.00000 5.577368 5.735177 2.103670
xbest 20.05599 233.4795 0.7540484 17.02398 286.6610 38.31006 24.35379 5.488449 8.085717 2.392188
xbest 20.00000 191.5162 0.7770024 16.34003 286.7296 38.27589 24.44769 6.151008 9.640203 2.063183
xbest 20.04847 236.6101 0.4661773 17.27956 286.6646 38.20474 24.51546 5.597663 7.193048 2.049968
xbest 20.08967 225.1567 0.5455818 16.59930 286.6924 38.35644 24.23225 5.563941 8.284359 2.068490
xbest 20.08967 225.1567 0.5199373 16.59275 286.6832 38.35644 24.55725 5.563941 8.213396 2.121596
xbest 20.21045 216.1278 0.5893046 17.50326 286.6036 38.17254 24.59686 5.719139 7.755427 2.004911
xbest 20.21045 216.1278 0.9970934 17.50326 286.6101 38.17254 24.59686 5.719139 8.067927 2.004911
xbest 20.32664 183.4552 0.5912521 18.71223 286.6220 38.21858 24.42817 5.681106 8.246477 2.013902
xbest 20.32664 183.4552 0.5912521 18.70637 286.6009 38.21858 24.40785 5.668606 8.246477 2.025777
xbest 20.00000 171.6099 0.6391911 19.23375 286.6178 38.42967 24.56833 5.709770 8.394637 2.011297
xbest 20.04427 183.5247 0.6340182 19.11815 286.6260 38.54266 24.55849 5.711864 7.799298 1.996184
xbest 20.05480 179.6489 0.6346256 19.05560 286.6265 38.61468 24.55277 5.711381 7.945370 1.993474
xbest 20.05480 179.6489 0.5896256 19.05560 286.6265 38.61468 24.55277 5.711381 7.970370 1.993474
xbest 20.00957 150.1818 0.6687313 19.54984 286.6196 38.63018 24.52228 5.746014 9.182943 2.001555
xbest 20.01543 150.2599 0.6687313 19.55277 286.6196 38.63018 24.52228 5.746014 9.182943 2.001555
xbest 20.01153 152.3800 0.6660497 19.42812 286.6195 38.62901 24.52286 5.745244 9.160726 2.002087
xbest 20.01153 152.3800 0.6885497 19.42812 286.6195 38.62901 24.52286 5.745244 9.154476 2.002087
xbest 20.03831 148.7549 0.6409701 19.37558 286.6202 38.62283 24.52712 5.743558 9.348772 2.003372
xbest 20.03242 158.3522 0.6522127 18.86648 286.6205 38.63021 24.52333 5.743345 9.315978 2.003935
xbest 20.04300 151.0569 0.6543615 18.60147 286.6194 38.62960 24.52544 5.744654 9.908504 2.002123
xbest 20.04289 151.4641 0.6542933 18.59701 286.6194 38.62940 24.52542 5.745535 9.896493 2.003488
xbest 20.02884 154.1077 0.6521776 18.32088 286.6192 38.62900 24.52523 5.745715 9.980800 2.002139
xbest 20.02884 154.0295 0.6296776 18.32088 286.6195 38.62900 24.52523 5.745715 9.980800 2.002139
xbest 20.05904 153.9463 0.6547730 18.34012 286.6200 38.62908 24.52466 5.743986 9.964130 2.000626
xbest 20.05904 153.9463 0.6547730 18.34012 286.6200 38.62908 24.52466 5.743986 9.964130 2.001369
xbest 20.06232 154.0720 0.6548271 18.33975 286.6204 38.62994 24.52468 5.743864 9.955763 2.000682
xbest 20.52456 150.4662 0.6518497 18.36164 286.6188 38.63347 24.47548 5.741118 9.880350 1.998041
xbest 20.52456 150.4662 0.6518497 18.36164 286.6188 38.63347 24.47548 5.741118 9.877225 1.995073
xbest 20.74893 149.3480 0.6522896 18.36767 286.6183 38.63365 24.45282 5.738846 9.822428 1.998446
xbest 20.52964 150.7853 0.6533003 18.35876 286.6199 38.63375 24.50428 5.743676 9.859022 1.999665
xbest 20.75063 148.3646 0.6516102 18.36087 286.6199 38.63293 24.49359 5.742234 9.855063 1.999594
xbest 20.75062 148.3669 0.6515659 18.36053 286.6200 38.63258 24.48694 5.744642 9.854557 2.000183
xbest 20.75062 148.3669 0.6515659 18.35760 286.6200 38.63258 24.52757 5.744642 9.867057 2.000183
xbest 20.79943 147.0596 0.6519267 18.36076 286.6194 38.63657 24.48593 5.744821 9.910305 1.999255
xbest 20.79750 146.8613 0.6519648 18.36133 286.6195 38.63637 24.48704 5.744958 9.908405 1.999249
xbest 20.79761 146.8703 0.6520055 18.36149 286.6195 38.63638 24.48685 5.745068 9.910019 1.999254
xbest 20.78608 147.1591 0.6589615 18.35928 286.6191 38.63733 24.49965 5.744135 9.911940 1.998906
xbest 20.77979 147.4350 0.6629883 18.36029 286.6219 38.63705 24.49402 5.745120 9.904491 2.004797
xbest 20.77979 147.4350 0.6629883 18.36029 286.6219 38.63705 24.49402 5.745120 9.904491 2.004797

$time
elapsed elapsed elapsed elapsed elapsed elapsed elapsed elapsed elapsed elapsed elapsed elapsed elapsed elapsed elapsed elapsed elapsed elapsed elapsed elapsed elapsed elapsed elapsed elapsed elapsed 
   1.77    5.05    6.75   12.28   14.78   23.06   25.74   28.27   33.33   34.88   42.28   44.89   52.77   58.24   62.88  105.00  107.27  149.25  151.24  161.50  166.55  169.14  178.42  231.05  232.50 
elapsed elapsed elapsed elapsed elapsed elapsed elapsed elapsed elapsed elapsed elapsed elapsed elapsed elapsed elapsed elapsed elapsed elapsed elapsed elapsed elapsed elapsed elapsed elapsed 
 258.38  259.74  267.33  272.42  298.74  303.52  308.27  312.10  430.94  432.25  467.95  541.83  543.20  550.20  552.85  558.60  565.78  569.89  572.55  582.88  593.39  629.06  718.88  923.91 

$neval
 [1]   106   273   373   670   812  1225  1365  1501  1777  1866  2274  2409  2812  3079  3338  5513  5635  7812  7927  8470  8740  8876  9371 12095 12180 13540 13618 14029 14296 15721 15991 16263
[33] 16485 23138 23211 25112 29149 29229 29638 29773 30047 30453 30678 30813 31349 31887 33762 38623 50007

$fbest
[1] 713.6858

$xbest
 [1]  20.7797895 147.4349797   0.6629883  18.3602908 286.6219479  38.6370550  24.4940237   5.7451204   9.9044912   2.0047966

$numeval
[1] 50007

$end_crit
[1] 1

$cpu_time
elapsed 
 923.91 

$Refset
$Refset$x
          [,1]     [,2]      [,3]     [,4]     [,5]     [,6]     [,7]     [,8]     [,9]    [,10]
 [1,] 20.79114 147.0983 0.6622127 18.36261 286.6193 38.63785 24.49825 5.744118 9.912458 1.999042
 [2,] 20.79064 147.1090 0.6618954 18.36012 286.6196 38.63912 24.49738 5.744357 9.913536 1.998907
 [3,] 20.79232 147.0456 0.6615533 18.36257 286.6195 38.63858 24.50028 5.744190 9.913409 1.998023
 [4,] 20.79168 147.0491 0.6618329 18.36306 286.6197 38.63784 24.49915 5.744334 9.913785 1.999866
 [5,] 20.79106 147.1029 0.6619464 18.35949 286.6194 38.63815 24.49801 5.744416 9.913463 1.998378
 [6,] 20.79092 147.0912 0.6621473 18.36314 286.6202 38.63783 24.49604 5.744376 9.912716 1.998667
 [7,] 20.79124 147.0928 0.6619909 18.36278 286.6200 38.63846 24.49851 5.744229 9.910865 1.996962
 [8,] 20.79201 147.0749 0.6620776 18.37901 286.6194 38.63896 24.49843 5.743945 9.729302 1.999019
 [9,] 20.94382 132.6706 0.6654365 18.36115 286.7466 38.53042 24.51197 5.718783 9.969423 1.208951
[10,] 20.64319 145.0454 0.6597717 18.36820 286.7328 38.49458 24.51324 5.845089 9.678917 1.312525
[11,] 20.68501 150.3364 0.6635175 18.35989 286.6528 39.19974 24.49989 5.752840 9.639276 1.968802
[12,] 20.81265 165.4784 0.6618101 18.36049 286.6264 38.64465 24.52813 5.911039 9.007467 1.941831

$Refset$f
 [1] 713.9514 713.9514 713.9514 713.9514 713.9514 716.0903 713.9514 733.5365 743.4896 756.5642 791.5104 926.1424

$Refset$fpen
 [1] 713.9514 713.9514 713.9514 713.9514 713.9514 716.0903 713.9514 733.5365 743.4896 756.5642 791.5104 926.1424

$Refset$const
          [,1]     [,2]     [,3]     [,4]     [,5]
 [1,] 8.450155 26.08754 17.63739 1.522206 2.601453
 [2,] 8.446588 26.08646 17.63988 1.522177 2.601445
 [3,] 8.449165 26.08659 17.63743 1.522174 2.601663
 [4,] 8.449274 26.08621 17.63694 1.522161 2.601669
 [5,] 8.446029 26.08654 17.64051 1.522189 2.601483
 [6,] 8.450428 26.08728 17.63686 1.522117 2.601616
 [7,] 8.451919 26.08913 17.63722 1.522126 2.601720
 [8,] 8.649705 26.27070 17.62099 1.522198 2.601446
 [9,] 8.391728 26.03058 17.63885 1.508360 2.655710
[10,] 8.689284 26.32108 17.63180 1.509768 2.652156
[11,] 8.720613 26.36072 17.64011 1.519576 2.588155
[12,] 9.353026 26.99253 17.63951 1.521378 2.605957

$Refset$penalty
 [1] 0 0 0 0 0 0 0 0 0 0 0 0


