$f
 [1] 12147.1458  1515.3958  1477.5573  1468.9271  1462.9549  1390.8455  1286.9774  1184.5365  1026.1233   947.1285   925.6458   918.2361   914.9566   913.9392   910.3420   908.6944   907.1701
[18]   906.5000   902.3177   896.5556   895.8056   895.7465   895.4306   893.1372   893.1181   892.1007   891.8889   891.6892   887.9826   885.5503   885.5503

$x
          [,1]     [,2]      [,3]     [,4]     [,5]     [,6]     [,7]     [,8]     [,9]    [,10]
xbest 24.79000 337.0400 0.2529000 17.72000 285.5400 45.67000 29.49000 2.970000 2.000000 2.690000
xbest 20.00000 178.2839 0.3132884 30.00000 286.3691 38.13215 29.05583 2.000000 2.185568 1.661640
xbest 20.00000 178.2839 0.3315697 30.00000 286.3716 38.02907 28.91491 2.066406 2.185568 1.764433
xbest 33.12522 100.0000 1.0000000 16.73218 286.5130 33.18917 24.18436 2.000000 9.024713 2.632727
xbest 24.94522 185.3072 0.2128627 24.24923 286.5349 33.29869 27.50822 7.160003 2.907497 3.450265
xbest 20.06643 213.1224 0.2035121 23.65928 286.4686 38.47781 24.57470 5.388983 4.670565 1.901160
xbest 20.06876 208.3546 0.2222524 21.58405 286.4859 39.24584 24.92903 6.552416 4.358642 1.888716
xbest 20.00000 225.0539 0.1000000 19.10906 286.4238 43.34445 24.60145 7.188623 2.684644 1.339495
xbest 20.00000 233.1183 0.1000000 16.10956 286.4531 43.66194 24.20767 7.465499 2.888044 1.253140
xbest 20.00000 232.7326 0.1000292 16.48665 286.4440 43.60527 24.15540 7.473157 3.150603 1.237003
xbest 20.00146 230.8576 0.1000000 17.23518 286.4423 43.60527 24.15540 7.473157 3.131072 1.239972
xbest 23.60263 168.6078 0.9964609 18.42478 286.5135 36.79752 24.63193 5.996705 7.168630 1.461456
xbest 23.60263 168.6078 0.9325000 18.42478 286.5135 36.79752 24.63193 5.996705 7.181130 1.461456
xbest 23.60010 171.5138 0.9545782 18.34134 286.5580 36.90371 25.14526 6.004258 7.394467 1.443864
xbest 23.60010 171.5138 0.9995782 18.34573 286.5580 36.90371 25.14526 6.004258 7.388217 1.443864
xbest 23.36942 154.6261 0.9277409 18.37364 286.5859 36.92471 25.23528 6.001883 8.698587 1.450360
xbest 23.36942 154.6261 0.9502409 18.37364 286.5859 36.92471 25.23528 6.001883 8.698587 1.450360
xbest 23.36719 152.2126 0.9117878 18.37785 286.5874 36.91824 25.17072 6.001850 8.336428 1.450881
xbest 23.36719 152.0529 0.9122850 18.37785 286.5874 36.91824 25.17072 6.002402 8.336428 1.449397
xbest 23.61204 153.7049 0.9387884 18.35005 286.5904 36.94083 25.19340 6.001328 8.080440 1.450803
xbest 23.64904 153.2898 0.9458417 18.32861 286.5939 36.94420 25.21239 6.001934 8.077520 1.450564
xbest 23.59805 153.6711 0.9352313 18.36124 286.5904 36.94226 25.19304 6.001860 8.065890 1.444998
xbest 23.61046 153.6959 0.9388283 18.35218 286.5904 36.94177 25.19347 6.001616 8.075617 1.451868
xbest 23.61046 153.6959 1.0000000 18.35365 286.5904 36.94177 25.19347 6.001616 8.075617 1.451868
xbest 23.55514 155.3609 1.0000000 18.34314 286.5896 36.93948 25.18729 6.002860 8.061522 1.449288
xbest 23.53675 155.4890 0.9940272 18.34687 286.5901 36.93639 25.19002 6.003453 8.061096 1.448070
xbest 23.53898 155.4079 0.9931514 18.35249 286.5901 36.93637 25.19037 6.003392 8.060943 1.448020
xbest 23.53898 155.4079 0.9931733 18.35249 286.5901 36.93637 25.19037 6.003392 8.060943 1.448020
xbest 23.54238 155.7484 0.9913941 18.24829 286.5929 36.93578 25.25198 6.002759 8.127002 1.448745
xbest 23.54238 155.7484 1.0000000 18.24829 286.5929 36.93578 25.25198 6.002759 8.115283 1.449488
xbest 23.54238 155.7484 1.0000000 18.24829 286.5929 36.93578 25.25198 6.002759 8.115283 1.449488

$time
elapsed elapsed elapsed elapsed elapsed elapsed elapsed elapsed elapsed elapsed elapsed elapsed elapsed elapsed elapsed elapsed elapsed elapsed elapsed elapsed elapsed elapsed elapsed elapsed elapsed 
   1.64    4.76    7.12   10.17   12.56   15.01   17.37   19.67   26.59   31.92   34.25  474.12  475.42  564.84  566.22  587.45  589.11  609.06  613.00  618.40  632.75  635.19  637.50  638.87  708.76 
elapsed elapsed elapsed elapsed elapsed elapsed 
 725.92  751.67  756.95  847.98  849.65  850.98 

$neval
 [1]   106   265   408   566   708   850   989  1127  1541  1819  1948 28075 28155 33350 33436 34785 34858 36071 36304 36577 37399 37535 37670 37752 41676 42707 44284 44627 49992 50092 50093

$fbest
[1] 885.5503

$xbest
 [1]  23.542378 155.748363   1.000000  18.248291 286.592889  36.935784  25.251980   6.002759   8.115283   1.449488

$numeval
[1] 50093

$end_crit
[1] 1

$cpu_time
elapsed 
 850.98 

$Refset
$Refset$x
           [,1]      [,2]        [,3]      [,4]       [,5]      [,6]     [,7]       [,8]      [,9]    [,10]
 [1,]  23.54238   1.00000 286.5928895 25.251980   8.115283  23.54238  1.00000 286.592889 25.251980 8.115283
 [2,] 155.74836  18.24829  36.9357838  6.002759   1.449488 155.74836 18.24829  36.935784  6.002759 1.449488
 [3,]  23.54699 155.37837   0.9929513 18.346145 286.589845  36.93824 25.19899   6.002892  8.063512 1.448625
 [4,]  23.54647 155.41927   0.9956959 18.348656 286.590130  36.93929 25.19265   6.003080  8.059793 1.448745
 [5,]  23.55024 155.27732   0.9939835 18.350171 286.589717  36.93780 25.18953   6.002858  8.063549 1.449215
 [6,]  23.54757 155.35314   0.9930410 18.346981 286.590050  36.94017 25.19803   6.002893  8.063587 1.448702
 [7,]  23.55510 155.24998   0.9953639 18.348792 286.590206  36.93738 25.19810   6.002358  8.064804 1.449431
 [8,]  23.55120 155.31552   0.9935884 18.342881 286.590126  36.93769 25.19651   6.002796  8.064883 1.449076
 [9,]  23.55001 155.24043   0.9897495 18.349290 286.589914  36.93754 25.19080   6.003018  8.064981 1.448891
[10,]  23.54238 155.74836   0.9913941 18.248291 286.592889  36.93578 25.25198   6.002759  8.127002 1.448745
[11,]  22.89887 147.92630   0.9902375 19.385671 286.553761  37.11934 25.11287   6.011700  8.102247 1.212267
[12,]  23.59322 161.24329   0.9920922 18.343219 286.588028  36.97183 25.23871   6.004858  7.994366 1.409295

$Refset$f
 [1] 885.5503 885.5503 892.4306 892.4306 892.4306 892.4306 892.7066 892.8420 892.4306 887.9826 911.5278 974.0972

$Refset$fpen
 [1] 885.5503 885.5503 892.4306 892.4306 892.4306 892.4306 892.7066 892.8420 892.4306 887.9826 911.5278 974.0972

$Refset$const
          [,1]      [,2]      [,3]      [,4]     [,5]
 [1,] 10.13301 17.751709  2.738238 27.884717 1.519325
 [2,] 27.88472  1.519325 10.133007 17.751709 2.738238
 [3,] 10.28263 27.936488 17.653855  1.519862 2.732518
 [4,] 10.28886 27.940207 17.651344  1.519854 2.732042
 [5,] 10.28662 27.936451 17.649829  1.519908 2.731708
 [6,] 10.28339 27.936413 17.653019  1.519847 2.732408
 [7,] 10.28399 27.935196 17.651208  1.519822 2.732632
 [8,] 10.27800 27.935117 17.657119  1.519838 2.732451
 [9,] 10.28431 27.935019 17.650710  1.519881 2.731904
[10,] 10.12129 27.872998 17.751709  1.519325 2.738238
[11,] 11.28342 27.897753 16.614329  1.524621 2.701660
[12,] 10.34885 28.005634 17.656781  1.520008 2.733216

$Refset$penalty
 [1] 0 0 0 0 0 0 0 0 0 0 0 0


