$f
 [1] 8564.1250  991.5677  766.3090  687.8177  668.7344  657.4062  627.5764  546.5469  531.2882  525.9844  525.2031  523.8733  523.1094  522.9045  522.0851  521.3611  520.5990  520.4184  519.9236
[20]  519.9149  519.4705  519.3524  519.1667  518.7778  517.7812  517.6840  514.7101  514.3194  513.4774  512.9462  512.0608  510.7413  510.4670  510.3663  510.1580  509.8750  509.6111  509.5781
[39]  509.2917  509.2622  509.1354  509.0608  508.8177  508.8177

$x
          [,1]     [,2]      [,3]     [,4]     [,5]     [,6]     [,7]     [,8]     [,9]    [,10]
xbest 21.60846 163.5215 0.5324978 18.21576 284.4398 45.87425 24.64465 2.302943 4.621343 2.488627
xbest 24.13494 240.8691 0.7227863 20.17970 286.2010 27.82519 25.02861 6.355184 5.252683 4.367262
xbest 24.13494 225.9080 0.9254614 20.17970 286.2010 27.82519 24.37861 6.355184 5.252683 4.367262
xbest 22.51956 202.1139 0.7267647 19.89898 286.5255 39.02665 24.82032 5.922974 3.944182 4.285449
xbest 21.76417 224.6698 0.7533685 19.65110 286.7110 38.88522 24.17821 5.969369 3.863945 4.384833
xbest 23.45511 232.7487 0.7420217 17.49773 286.6072 38.24361 24.02474 5.908321 3.774312 4.357253
xbest 23.93145 211.6778 0.7797650 17.82679 286.6832 38.05537 24.91047 5.909879 3.714854 4.311377
xbest 22.34232 222.0053 0.8009253 19.12344 286.7455 38.70987 24.89657 5.885216 3.819887 4.298487
xbest 22.34232 221.3791 0.9887280 19.12344 286.7619 38.70987 24.93727 5.885216 3.919887 4.319309
xbest 22.49787 215.8360 0.7804673 19.20530 286.6491 38.55712 24.52750 5.866036 3.854468 4.425466
xbest 22.49787 215.8360 0.7579673 19.20530 286.6491 38.55712 24.52750 5.866036 3.854468 4.425466
xbest 22.52320 216.0194 0.7826216 19.24191 286.6488 38.55599 24.52753 5.865546 3.813700 4.454397
xbest 22.57553 215.2858 0.7735121 19.16945 286.6198 38.55755 24.34563 5.868409 3.824838 4.442402
xbest 22.52405 215.7128 0.7825816 19.18385 286.6158 38.62346 24.25944 5.868820 3.845069 4.449393
xbest 22.52405 215.7128 0.7825816 19.18385 286.6158 38.62346 24.30006 5.868820 3.845069 4.452362
xbest 22.52355 215.8557 0.7712477 19.20338 286.6321 38.58180 24.32143 5.868079 3.818841 4.445032
xbest 22.54962 215.6590 0.7749387 19.18917 286.6361 38.60579 24.34653 5.868137 3.808540 4.448221
xbest 22.56889 215.2184 0.7738961 19.17249 286.6365 38.59131 24.35203 5.868096 3.799649 4.448188
xbest 22.56748 215.4357 0.7752714 19.18524 286.6362 38.61516 24.34507 5.868141 3.801518 4.448592
xbest 22.57015 215.3811 0.7752408 19.18500 286.6360 38.62205 24.34297 5.868167 3.799606 4.450226
xbest 22.57015 215.3811 0.7977408 19.18500 286.6360 38.62205 24.34297 5.868167 3.799606 4.450226
xbest 22.60307 213.2603 0.7733228 19.22596 286.6400 38.57605 24.35111 5.867640 3.821471 4.448615
xbest 22.61794 212.5840 0.7717164 19.24866 286.6366 38.60310 24.34476 5.867771 3.818405 4.446698
xbest 22.61469 212.3316 0.7703991 19.27331 286.6375 38.60956 24.34035 5.867743 3.815267 4.447288
xbest 22.63789 211.3363 0.7704338 19.31523 286.6376 38.61324 24.34091 5.867698 3.814655 4.446584
xbest 22.63620 211.0414 0.7708879 19.33211 286.6371 38.61684 24.33832 5.867631 3.821834 4.454094
xbest 22.86458 195.0658 0.8014906 20.05552 286.6124 38.62173 24.23375 5.867743 3.862831 4.451028
xbest 22.85872 195.0658 0.8014906 20.05552 286.6124 38.62173 24.23375 5.867743 3.862831 4.451028
xbest 22.96373 192.1139 0.8016204 20.09624 286.5968 38.62177 24.17568 5.868270 3.908633 4.461121
xbest 22.98355 188.8604 0.7756770 20.18335 286.6468 38.62670 24.38565 5.868500 3.976355 4.452614
xbest 22.98355 188.8604 0.7756770 20.18335 286.6468 38.62670 24.38565 5.868500 3.970105 4.452614
xbest 22.95501 189.9646 0.8135309 20.37957 286.6351 38.65811 24.28803 5.869004 3.799076 4.449392
xbest 22.95501 189.9646 0.8135309 20.37957 286.6351 38.65811 24.28803 5.869004 3.795951 4.449392
xbest 23.16336 187.4118 0.9272819 20.24708 286.6351 38.66170 24.29105 5.869685 3.801191 4.436428
xbest 23.17063 186.5835 0.9707041 20.34062 286.6341 38.66170 24.28818 5.869614 3.795534 4.429147
xbest 23.22889 185.0164 0.9830239 20.42245 286.6337 38.66281 24.28427 5.869795 3.783276 4.429252
xbest 23.18270 186.1574 0.9605728 20.38419 286.6331 38.66015 24.27991 5.869761 3.804175 4.425584
xbest 23.17286 186.6699 0.9610797 20.36597 286.6337 38.66089 24.28169 5.869706 3.799797 4.433619
xbest 23.19630 184.1136 0.9392421 20.47710 286.6340 38.66038 24.28800 5.869768 3.787150 4.429510
xbest 23.19244 184.2032 0.9428731 20.45632 286.6343 38.66075 24.28762 5.869789 3.802032 4.428425
xbest 23.19629 184.0577 0.9478181 20.52535 286.6351 38.66002 24.28869 5.869604 3.799703 4.428886
xbest 23.22837 181.7671 0.9486008 20.61401 286.6340 38.66389 24.28174 5.869711 3.782092 4.426262
xbest 23.19142 182.7615 0.9440445 20.60682 286.6352 38.64136 24.29878 5.869074 3.806637 4.450645
xbest 23.19142 182.7615 0.9440445 20.60682 286.6352 38.64136 24.29878 5.869074 3.806637 4.450645

$time
elapsed elapsed elapsed elapsed elapsed elapsed elapsed elapsed elapsed elapsed elapsed elapsed elapsed elapsed elapsed elapsed elapsed elapsed elapsed elapsed elapsed elapsed elapsed elapsed elapsed 
   1.95    5.26    6.85   14.78   17.21   21.93   24.15   28.93   33.68   58.71   60.10   72.64   77.92   80.46   86.50   89.17  101.82  106.65  109.17  111.62  112.85  147.14  150.87  154.18  159.32 
elapsed elapsed elapsed elapsed elapsed elapsed elapsed elapsed elapsed elapsed elapsed elapsed elapsed elapsed elapsed elapsed elapsed elapsed elapsed 
 180.12  317.06  318.50  323.78  339.56  346.40  471.68  472.96  503.25  506.93  522.23  527.25  559.46  591.37  617.92  639.92  680.50  869.67  902.23 

$neval
 [1]   106   283   385   821   963  1242  1380  1655  1937  3318  3392  4083  4351  4488  4843  4978  5651  5923  6060  6198  6271  8058  8265  8404  8683  9836 17492 17566 17843 18649 18994 25952
[33] 26026 27668 27870 28678 28948 30765 32446 33880 35055 37289 48282 50115

$fbest
[1] 508.8177

$xbest
 [1]  23.1914200 182.7615492   0.9440445  20.6068158 286.6351783  38.6413614  24.2987830   5.8690741   3.8066368   4.4506452

$numeval
[1] 50115

$end_crit
[1] 1

$cpu_time
elapsed 
 902.23 

$Refset
$Refset$x
            [,1]      [,2]       [,3]      [,4]       [,5]       [,6]      [,7]      [,8]      [,9]    [,10]
 [1,] 182.761549  20.60682 38.6413614  5.869074   4.450645 182.761549  20.60682 38.641361  5.869074 4.450645
 [2,]   4.450645 182.76155 20.6068158 38.641361   5.869074   4.450645 182.76155 20.606816 38.641361 5.869074
 [3,]  23.191420 182.76155  0.9440445 20.606816 286.635178  38.641361  24.29878  5.869074  3.806637 4.450645
 [4,]  23.191272 182.78174  0.9431636 20.605186 286.635322  38.649474  24.29960  5.869009  3.807802 4.455724
 [5,]  23.195255 182.72752  0.9439875 20.622823 286.633733  38.652568  24.29269  5.869139  3.790741 4.457859
 [6,]  23.191720 182.79324  0.9445544 20.606504 286.634560  38.642925  24.29615  5.869137  3.805324 4.454252
 [7,]  23.183894 183.38652  0.9444270 20.591563 286.635159  38.637523  24.30197  5.868892  3.793529 4.455642
 [8,]  23.191962 182.76104  0.9438701 20.606835 286.635146  38.644221  24.29841  5.869072  3.806185 4.449860
 [9,]  23.192161 182.83345  0.9439988 20.622699 286.634679  38.658921  24.29112  5.869638  3.785831 4.471744
[10,]  23.183045 183.05192  0.9439778 20.619366 286.635753  38.657054  24.29177  5.869226  3.790521 4.476407
[11,]  23.182429 183.18305  0.9448366 20.583967 286.635386  38.650118  24.30175  5.869054  3.809906 4.448083
[12,]  23.223958 183.09100  0.9430374 20.620467 286.635389  38.571738  24.44095  5.865967  3.803715 4.457065

$Refset$f
 [1] 508.8177 508.8177 508.8177 508.8177 508.8177 508.8177 508.8177 508.8177 509.1163 509.1163 509.2465 512.6667

$Refset$fpen
 [1] 508.8177 508.8177 508.8177 508.8177 508.8177 508.8177 508.8177 508.8177 509.1163 509.1163 509.2465 512.6667

$Refset$const
           [,1]      [,2]      [,3]      [,4]      [,5]
 [1,] 32.193363  1.521048 16.800179 15.393184  2.592487
 [2,]  2.592487 32.193363  1.521048 16.800179 15.393184
 [3,] 16.800179 32.193363 15.393184  1.521048  2.592487
 [4,] 16.797384 32.192198 15.394814  1.521044  2.592227
 [5,] 16.832081 32.209259 15.377177  1.521234  2.591000
 [6,] 16.801180 32.194676 15.393496  1.521123  2.591997
 [7,] 16.798034 32.206471 15.408437  1.521036  2.592889
 [8,] 16.800650 32.193815 15.393165  1.521057  2.592316
 [9,] 16.836868 32.214169 15.377301  1.521149  2.590940
[10,] 16.828845 32.209479 15.380634  1.521031  2.591465
[11,] 16.774062 32.190094 15.416033  1.521033  2.592378
[12,] 16.816752 32.196285 15.379533  1.520537  2.606227

$Refset$penalty
 [1] 0 0 0 0 0 0 0 0 0 0 0 0


