$f
 [1] 32129.752  5166.580  1586.628  1563.780  1423.361  1380.191  1337.941  1323.255  1309.014  1291.590  1271.123  1264.125  1252.181  1229.892  1223.229  1167.384  1166.457  1164.964  1164.776
[20]  1163.363  1162.660  1162.470  1160.835  1160.503  1160.503

$x
          [,1]     [,2]      [,3]     [,4]     [,5]     [,6]     [,7]     [,8]      [,9]    [,10]
xbest 23.97822 369.5477 0.7842508 17.08692 284.9000 36.09166 27.39344 4.329880  2.465366 1.794598
xbest 21.13172 131.7467 0.3507715 21.32010 286.5902 43.16224 30.72188 2.364454  6.075171 1.200000
xbest 20.00000 100.0000 1.0000000 15.00000 286.5902 43.16224 24.90811 2.000000 10.000000 1.226553
xbest 20.00000 108.9414 1.0000000 15.08724 286.5901 42.96693 24.82255 2.000000  8.915375 1.200000
xbest 20.00000 134.0876 0.9878161 15.48426 286.8618 43.69333 24.00000 5.135211  6.559681 5.000000
xbest 20.00000 110.2513 0.9678023 15.75262 286.8685 43.78093 24.55613 4.993817  7.841066 3.687560
xbest 20.00000 109.5298 0.9703588 15.77757 286.8571 43.79238 24.43136 4.111705  7.528813 3.647448
xbest 20.00001 110.6495 0.9654903 15.75483 286.8918 44.13859 24.35982 4.941339  7.009183 4.274774
xbest 20.00014 110.2227 0.9714667 15.63348 286.7943 43.15054 24.21801 3.559508  7.588050 2.027720
xbest 20.00000 109.4838 0.9708056 15.84671 286.8922 44.11128 24.35039 4.954175  7.441523 4.277903
xbest 20.00020 111.1378 0.9717740 15.89268 286.8409 43.50523 24.00000 3.524003  6.663633 2.208838
xbest 20.00000 111.0204 1.0000000 15.89268 286.8409 43.50523 24.04070 3.524003  6.763633 2.208838
xbest 20.06914 114.3683 0.9900429 15.78149 286.8508 43.14560 25.90528 3.668834  7.524301 2.343752
xbest 20.00000 100.0000 0.8200000 15.78149 286.8508 43.14560 25.90528 3.668834  7.524301 2.343752
xbest 20.12842 112.0843 0.9967984 16.26285 286.8475 43.23845 25.92112 3.669652  7.074634 2.212554
xbest 20.00000 100.6250 1.0000000 16.54410 286.8429 43.23845 25.92112 3.669652  7.687134 2.224429
xbest 20.00231 100.0000 1.0000000 17.41118 286.8385 43.14894 26.06664 3.667920  6.644625 2.266678
xbest 20.00000 100.0000 1.0000000 17.41118 286.8385 43.14894 26.06664 3.667920  6.657125 2.266678
xbest 20.00141 100.0000 0.9999795 17.41041 286.8385 43.15579 26.09129 3.667015  6.651105 2.268524
xbest 20.00146 100.0000 0.9999715 17.37541 286.8385 43.15037 26.01065 3.663780  6.674051 2.240312
xbest 20.00417 100.0000 0.9999689 17.36610 286.8385 43.14470 26.00978 3.663789  6.683007 2.240271
xbest 20.00497 100.0000 0.9999710 17.35825 286.8386 43.14394 25.99695 3.664708  6.696558 2.241166
xbest 20.00294 100.0000 0.9999108 17.37783 286.8385 43.14929 25.94389 3.664605  6.660015 2.240141
xbest 20.00157 100.0059 0.9998696 17.37896 286.8385 43.15167 25.94877 3.664629  6.662561 2.244150
xbest 20.00157 100.0059 0.9998696 17.37896 286.8385 43.15167 25.94877 3.664629  6.662561 2.244150

$time
elapsed elapsed elapsed elapsed elapsed elapsed elapsed elapsed elapsed elapsed elapsed elapsed elapsed elapsed elapsed elapsed elapsed elapsed elapsed elapsed elapsed elapsed elapsed elapsed elapsed 
   2.14    5.68    7.98   11.64   14.35   19.54   21.84   24.28   26.60   28.96   31.28   35.39   77.15   78.56  139.18  141.20  538.81  540.12  545.15  550.23  555.67  558.20  563.10  588.56  853.12 

$neval
 [1]   106   273   407   571   722  1010  1149  1295  1434  1574  1713  1957  4243  4329  7732  7860 31483 31562 31832 32108 32385 32521 32794 34227 50058

$fbest
[1] 1160.503

$xbest
 [1]  20.0015731 100.0058887   0.9998696  17.3789572 286.8384826  43.1516690  25.9487678   3.6646294   6.6625611   2.2441498

$numeval
[1] 50058

$end_crit
[1] 1

$cpu_time
elapsed 
 853.12 

$Refset
$Refset$x
          [,1]     [,2]      [,3]     [,4]     [,5]     [,6]     [,7]     [,8]     [,9]    [,10]
 [1,] 43.83239 444.0690 0.3109046 24.39302 284.9267 42.05870 28.29449 3.139049 3.970766 2.881472
 [2,] 20.00107 100.0122 0.9992656 17.38213 286.8381 43.14931 25.94568 3.664434 6.660705 2.246424
 [3,] 20.00156 100.0096 0.9998332 17.38262 286.8382 43.14936 25.96776 3.663778 6.661518 2.247186
 [4,] 20.00095 100.0100 0.9997860 17.38183 286.8383 43.14987 25.95186 3.663543 6.666343 2.252319
 [5,] 20.00117 100.0143 0.9997943 17.37802 286.8386 43.14842 25.94556 3.664752 6.662663 2.241000
 [6,] 20.00102 100.0136 0.9997781 17.38149 286.8382 43.14886 25.95496 3.664166 6.662880 2.246425
 [7,] 20.00097 100.0000 0.9998707 17.38274 286.8385 43.14894 25.95490 3.663711 6.663329 2.246730
 [8,] 20.00102 100.0133 0.9998138 17.38092 286.8378 43.14932 25.95472 3.664232 6.662107 2.245462
 [9,] 20.00099 100.0124 0.9998267 17.38109 286.8382 43.14927 25.95470 3.664213 6.662728 2.246609
[10,] 20.00101 100.0132 0.9998382 17.38079 286.8382 43.15048 25.95411 3.664257 6.662066 2.246301
[11,] 20.00134 100.0124 0.9998205 17.40348 286.8382 43.15040 25.95563 3.664528 6.669488 2.247692
[12,] 20.00068 100.0000 0.9995584 18.74928 286.8791 44.61763 25.85145 3.797060 6.897916 2.303194

$Refset$f
 [1] 1521955.304    1160.503    1160.503    1160.503    1160.503    1160.503    1160.503    1160.503    1160.503    1160.503    1161.219    1519.222

$Refset$fpen
 [1] 1521955.304    1160.503    1160.503    1160.503    1160.503    1160.503    1160.503    1160.503    1160.503    1160.503    1161.219    1519.222

$Refset$const
          [,1]     [,2]     [,3]     [,4]     [,5]
 [1,] 20.42226 32.02923 11.60698 1.697723 2.293205
 [2,] 10.72142 29.33929 18.61787 1.502749 2.591907
 [3,] 10.72110 29.33848 18.61738 1.502675 2.593404
 [4,] 10.71548 29.33366 18.61817 1.502710 2.592376
 [5,] 10.71536 29.33734 18.62198 1.502698 2.592125
 [6,] 10.71861 29.33712 18.61851 1.502712 2.592574
 [7,] 10.71941 29.33667 18.61726 1.502683 2.592677
 [8,] 10.71881 29.33789 18.61908 1.502759 2.592367
 [9,] 10.71836 29.33727 18.61891 1.502716 2.592532
[10,] 10.71872 29.33793 18.61921 1.502721 2.592441
[11,] 10.73399 29.33051 18.59652 1.502712 2.592561
[12,] 11.85136 29.10208 17.25072 1.500901 2.547367

$Refset$penalty
 [1] 0 0 0 0 0 0 0 0 0 0 0 0


