$f
 [1] 3529.0365  616.1649  518.0417  509.4566  492.0885  488.7066  470.2847  447.2622  440.1701  437.8299  437.2448  435.3872  414.5087  413.5990  412.1267  409.1875  407.4913  395.5278  394.7969
[20]  390.2083  383.2760  375.6892  374.4062  373.5747  372.0226  371.7344  370.6111  364.2066  363.6163  362.6528  362.3247  361.5538  361.3368  361.0139  361.0069  360.5990  360.3924  359.7413
[39]  359.5122  359.2222  359.2031  358.9722  358.8490  358.0174  357.9722  357.7483  357.6146  357.3837  356.5642  355.7500  355.7170  355.7083  355.6997  355.5000  355.1545  354.9271  354.8958
[58]  354.8455  354.8333  354.8316  354.8056  354.7691  354.5816  354.2535  354.2535

$x
          [,1]     [,2]      [,3]     [,4]     [,5]     [,6]     [,7]     [,8]     [,9]    [,10]
xbest 28.29742 166.3671 0.1049309 22.71740 286.2986 36.02464 29.93243 2.473428 8.797279 1.748644
xbest 20.00000 118.7001 0.1000000 21.36767 286.7813 48.00000 31.00159 2.000000 9.866970 1.502453
xbest 20.00000 118.7001 0.2508296 21.36767 286.6313 48.00000 29.97385 2.000000 9.869440 1.502453
xbest 22.62370 184.5832 0.3822894 23.68403 286.2799 38.48621 28.33478 3.103443 6.149036 3.045656
xbest 21.35436 235.4258 0.3486588 21.09494 286.0721 38.25124 28.20091 2.838682 6.117590 2.999776
xbest 21.77457 209.3929 0.3693550 21.11231 286.0866 37.48834 28.50295 2.781162 7.183923 3.011715
xbest 21.49974 220.8056 0.3618563 21.10639 286.0804 38.33223 28.11782 2.851003 6.538353 2.996467
xbest 21.23551 209.6970 0.3702597 20.61319 286.1064 38.25353 29.40491 2.418869 7.464977 3.003519
xbest 21.23551 209.6970 0.3922324 20.61319 286.1064 38.25353 29.32366 2.418869 7.464977 3.003519
xbest 21.22716 188.4006 0.3779980 22.71671 286.1381 38.31882 29.73477 2.996171 7.007638 3.686857
xbest 21.22716 188.4006 0.3779980 22.71671 286.1381 38.31882 29.73477 3.002421 7.007638 3.686857
xbest 20.62941 135.3522 0.1947971 22.45933 286.1934 38.52199 29.84982 2.397298 9.121532 2.754260
xbest 21.27287 145.4054 0.3650956 22.30378 286.1821 38.49606 29.43804 2.442746 9.052422 3.098888
xbest 21.01931 136.3567 0.2191614 22.42273 286.1955 38.51197 29.92006 2.425070 9.116759 2.773556
xbest 21.10144 138.6052 0.2551252 22.45492 286.1937 38.50111 29.41345 2.443846 9.056852 3.071683
xbest 21.10858 138.3721 0.2688282 22.45578 286.1935 38.49711 29.09452 2.454921 9.042797 3.238861
xbest 21.00335 132.3819 0.2420741 22.47240 286.2005 38.51863 28.91536 2.421849 9.400224 3.390326
xbest 21.00335 132.3382 0.2362526 22.47240 286.2005 38.51863 28.87473 2.496849 9.403718 3.342826
xbest 22.01107 137.8542 0.6558143 22.43466 286.0230 38.40749 28.34419 2.974287 8.930823 3.585637
xbest 22.05794 137.5417 0.6515956 22.62216 286.0324 38.40749 28.34419 3.061787 8.930823 3.585637
xbest 22.01354 138.0675 0.8753821 22.70295 286.0514 38.44236 27.91854 2.892065 8.894213 3.588152
xbest 21.99991 132.0685 0.8040620 23.05924 285.9626 38.42747 27.54156 3.076182 8.898988 3.550833
xbest 21.96034 131.4990 0.8020046 23.06491 285.9606 38.42954 27.53232 3.071674 8.900517 3.554601
xbest 21.97401 131.3563 0.8080158 23.07496 285.9609 38.42286 27.52941 3.071124 8.908456 3.576392
xbest 21.97401 131.0438 0.8305158 23.07496 285.9609 38.42286 27.52941 3.096124 8.908456 3.576392
xbest 21.78647 136.9206 0.7931261 22.85471 285.9695 38.43756 27.69414 3.085848 8.865682 3.538276
xbest 21.76917 137.2870 0.8296501 22.87334 285.9799 38.43561 27.69925 3.043205 8.862820 3.537458
xbest 21.42413 155.5143 0.8013631 22.74244 285.9763 38.43716 27.69945 3.084693 8.296297 3.530075
xbest 21.42413 155.5143 0.8238631 22.74244 285.9763 38.43716 27.69945 3.084693 8.296297 3.530075
xbest 21.50589 155.3997 0.8033699 22.70249 285.9850 38.44521 27.68045 3.034788 8.276595 3.509528
xbest 21.51455 155.1422 0.8037103 22.70186 285.9879 38.44364 27.67800 3.034590 8.274130 3.510000
xbest 21.55275 154.6951 0.8107585 22.70722 285.9807 38.46351 27.63984 3.034872 8.278498 3.511023
xbest 21.55861 154.6951 0.8107585 22.70722 285.9807 38.46351 27.63984 3.034872 8.278498 3.511023
xbest 21.59649 153.7921 0.8396275 22.77720 285.9851 38.43118 27.69766 3.039594 8.268827 3.512676
xbest 21.59480 159.0657 0.8844259 22.75553 285.9862 38.43713 27.70056 3.017253 8.079099 3.576645
xbest 21.59519 160.4517 0.8912647 22.75651 285.9867 38.43706 27.70034 3.023303 8.016334 3.563230
xbest 21.64268 153.9523 0.8392095 22.74903 285.9845 38.44271 27.69032 3.030512 8.262382 3.476319
xbest 21.58484 156.4714 0.8657831 22.74592 285.9836 38.47222 27.79343 3.019955 8.215694 3.671922
xbest 21.58484 156.4714 0.8657831 22.74592 285.9836 38.47222 27.79343 3.019955 8.209444 3.671922
xbest 21.62158 156.9613 0.8707912 22.70917 285.9891 38.49104 27.84581 3.021540 8.186039 3.690207
xbest 21.62158 156.9613 0.8707912 22.70917 285.9891 38.49104 27.88644 3.021540 8.186039 3.690207
xbest 21.61118 158.9106 0.9386423 22.66304 285.9917 38.45800 27.81665 3.019932 8.156519 3.617646
xbest 21.61118 158.9106 0.9386423 22.66304 285.9730 38.45800 27.81665 3.019932 8.156519 3.617646
xbest 21.63099 159.3129 0.9844199 22.64999 285.9918 38.46264 27.90261 3.018721 8.138919 3.523548
xbest 21.62060 159.1249 0.9961233 22.64624 286.0019 38.46358 27.81460 3.018562 8.158064 3.725017
xbest 21.63339 159.1400 0.9918500 22.64382 286.0051 38.46604 27.81768 3.019274 8.152835 3.701462
xbest 21.64664 159.1600 0.9893387 22.64830 286.0015 38.46536 27.86826 3.019033 8.145293 3.689410
xbest 21.65456 159.1132 0.9934310 22.64994 286.0112 38.46596 27.85589 3.019267 8.145807 3.710267
xbest 21.65456 159.1132 0.9934310 22.64994 286.0299 38.46596 27.85589 3.019267 8.158307 3.710267
xbest 21.65931 159.8775 0.9971163 22.61724 286.0142 38.46523 27.73343 3.018359 8.154172 3.676338
xbest 21.65345 159.8775 0.9971163 22.61651 286.0142 38.46523 27.73343 3.018359 8.154172 3.676338
xbest 21.63998 158.9440 0.9917759 22.65086 286.0206 38.48966 27.77285 3.018076 8.179773 3.699572
xbest 21.64700 158.9000 0.9917723 22.64971 286.0206 38.49010 27.77318 3.017781 8.177231 3.699241
xbest 21.66016 160.0329 0.9948888 22.61055 286.0197 38.49536 27.77322 3.015616 8.132179 3.703935
xbest 21.66197 160.4623 0.9950939 22.59362 286.0194 38.49583 27.77321 3.014894 8.146669 3.705666
xbest 21.66197 160.4623 0.9950939 22.59362 286.0194 38.49583 27.77321 3.014894 8.149794 3.705666
xbest 21.65525 159.7531 0.9905711 22.72826 286.0256 38.50259 27.79272 3.016463 8.091073 3.696252
xbest 21.65525 159.7141 0.9905711 22.72826 286.0256 38.50259 27.79272 3.022713 8.091073 3.696252
xbest 21.66004 160.2834 0.9896751 22.74369 286.0226 38.49996 27.79301 3.017538 8.055956 3.693770
xbest 21.66004 160.2639 0.9896751 22.74369 286.0226 38.49996 27.79301 3.017538 8.055956 3.693770
xbest 21.64515 160.5907 0.9902650 22.73354 286.0221 38.49518 27.79939 3.016684 8.053978 3.694481
xbest 21.64515 160.5516 0.9902650 22.73354 286.0221 38.49518 27.79939 3.022934 8.053978 3.694481
xbest 21.63995 161.0428 0.9945773 22.94676 286.0221 38.49329 27.79961 3.015282 7.899924 3.697437
xbest 21.63263 161.1596 0.9955447 23.08715 286.0226 38.49333 27.80368 3.014456 7.806426 3.697724
xbest 21.63263 161.1596 0.9955447 23.08715 286.0226 38.49333 27.80368 3.014456 7.806426 3.697724

$time
elapsed elapsed elapsed elapsed elapsed elapsed elapsed elapsed elapsed elapsed elapsed elapsed elapsed elapsed elapsed elapsed elapsed elapsed elapsed elapsed elapsed elapsed elapsed elapsed elapsed 
   1.90    4.79    6.39   11.42   15.89   20.73   25.22   27.33   30.89   54.59   55.83   58.03   61.89   63.97   72.78   74.64   76.90   78.72  120.40  122.25  127.51  129.75  143.58  145.84  147.26 
elapsed elapsed elapsed elapsed elapsed elapsed elapsed elapsed elapsed elapsed elapsed elapsed elapsed elapsed elapsed elapsed elapsed elapsed elapsed elapsed elapsed elapsed elapsed elapsed elapsed 
 155.06  167.20  180.22  197.75  213.86  219.01  221.31  222.56  229.95  255.22  262.22  271.98  313.09  314.84  335.58  338.95  370.65  371.92  384.06  393.34  405.48  417.04  419.36  420.68  532.37 
elapsed elapsed elapsed elapsed elapsed elapsed elapsed elapsed elapsed elapsed elapsed elapsed elapsed elapsed elapsed 
 533.72  598.03  607.87  612.12  614.86  622.56  650.29  652.06  713.01  714.15  737.84  739.14  741.36  782.28  852.01 

$neval
 [1]   106   263   365   663   942  1219  1490  1625  1847  3205  3278  3411  3680  3815  4356  4490  4623  4738  7166  7279  7553  7689  8501  8639  8729  9138  9824 10573 11592 12546 12819 12956
[33] 13029 13434 14851 15261 15804 18186 18260 19476 19683 21465 21539 22225 22773 23522 24196 24332 24411 31055 31135 34857 35474 35746 35885 36364 37994 38072 41877 41951 43307 43385 43521 45893
[65] 50062

$fbest
[1] 354.2535

$xbest
 [1]  21.6326330 161.1595547   0.9955447  23.0871459 286.0226154  38.4933278  27.8036793   3.0144563   7.8064263   3.6977241

$numeval
[1] 50062

$end_crit
[1] 1

$cpu_time
elapsed 
 852.01 

$Refset
$Refset$x
          [,1]     [,2]      [,3]     [,4]     [,5]     [,6]     [,7]     [,8]     [,9]    [,10]
 [1,] 21.63909 160.5339 0.9880853 22.73266 286.0220 38.49829 27.77833 3.021417 8.059895 3.706029
 [2,] 21.64320 160.5343 0.9907285 22.74622 286.0223 38.49424 27.79270 3.021952 8.047846 3.701776
 [3,] 21.63674 160.5598 0.9911215 22.73461 286.0224 38.49916 27.78545 3.023041 8.060209 3.694349
 [4,] 21.63883 160.6612 0.9896284 22.72745 286.0225 38.49923 27.79329 3.021520 8.059394 3.706064
 [5,] 21.64864 160.5162 0.9913631 22.73006 286.0220 38.49356 27.78681 3.017635 8.058478 3.707381
 [6,] 21.64627 160.5424 0.9878783 22.72625 286.0229 38.49259 27.78232 3.016836 8.060064 3.686513
 [7,] 21.64096 160.5295 0.9902027 22.73880 286.0222 38.49647 27.78475 3.021417 8.053776 3.697451
 [8,] 21.64277 160.5125 0.9915969 22.74343 286.0224 38.49592 27.78942 3.019162 8.053070 3.703362
 [9,] 21.64325 160.6305 0.9912444 22.73015 286.0223 38.49890 27.78009 3.016580 8.056060 3.700551
[10,] 21.65195 160.7843 0.9905503 22.74296 286.0220 38.49591 27.78808 3.016193 8.038649 3.680116
[11,] 21.58860 160.3748 0.9845203 22.71282 286.0464 38.50888 27.74250 3.016188 8.110441 3.693435
[12,] 26.45899 218.5490 1.0000000 22.50788 286.0300 38.48448 30.66990 2.891163 4.811394 2.358434

$Refset$f
 [1]  354.7448  354.7691  354.7708  354.7708  354.8056  354.8056  354.8056  354.8073  354.8056  354.8316  364.0122 2272.7917

$Refset$fpen
 [1]  354.7448  354.7691  354.7708  354.7708  354.8056  354.8056  354.8056  354.8073  354.8056  354.8316  364.0122 2272.7917

$Refset$const
          [,1]     [,2]     [,3]     [,4]     [,5]
 [1,] 14.67276 27.94010 13.26734 1.580663 2.659227
 [2,] 14.69838 27.95215 13.25378 1.580586 2.660699
 [3,] 14.67441 27.93979 13.26539 1.580596 2.659876
 [4,] 14.66805 27.94061 13.27255 1.580570 2.660518
 [5,] 14.67159 27.94152 13.26994 1.580640 2.660163
 [6,] 14.66618 27.93994 13.27375 1.580534 2.660154
 [7,] 14.68503 27.94622 13.26120 1.580616 2.659917
 [8,] 14.69036 27.94693 13.25657 1.580585 2.660369
 [9,] 14.67409 27.94394 13.26985 1.580620 2.659434
[10,] 14.70431 27.96135 13.25704 1.580636 2.660142
[11,] 14.60238 27.88956 13.28718 1.577905 2.663159
[12,] 17.69649 31.18861 13.49212 1.571821 2.907960

$Refset$penalty
 [1] 0 0 0 0 0 0 0 0 0 0 0 0


