$f
 [1] 29496.719  3102.104  2889.189  1992.405  1858.714  1800.552  1772.262  1756.493  1716.809  1642.245  1619.962  1540.967  1540.043  1504.132  1503.507  1497.724  1495.307  1494.276  1491.979
[20]  1489.816  1486.036  1441.332  1416.922  1413.964  1412.646  1412.646

$x
          [,1]     [,2]      [,3]     [,4]     [,5]     [,6]     [,7]      [,8]      [,9]    [,10]
xbest 24.79000 337.0400 0.2529000 17.72000 285.5400 45.67000 29.49000  2.970000  2.000000 2.690000
xbest 20.04900 197.3944 0.1000000 15.00095 285.7824 47.77189 24.00000  2.000000  2.000000 2.590304
xbest 20.04900 217.0818 0.1000000 15.04690 285.8855 48.00000 24.65000  2.000000  2.000000 2.596244
xbest 20.00000 100.0000 0.1191647 15.00000 286.4294 44.70183 24.00000 10.000000 10.000000 4.245527
xbest 20.01272 100.0000 0.1204686 15.00902 286.6251 42.76333 24.00000 10.000000  9.776107 4.223445
xbest 20.10367 100.0000 0.1000000 15.00000 286.4832 46.77830 24.00015 10.000000 10.000000 4.999151
xbest 20.01254 101.3943 0.2217362 15.01692 286.6817 42.67596 24.92858 10.000000  8.380291 4.401317
xbest 20.01274 100.8476 0.1344741 15.02136 286.6506 42.07994 24.15693 10.000000  9.172020 4.305354
xbest 20.00223 100.5023 0.1466359 15.09372 286.6443 42.06795 24.09040 10.000000  9.114185 4.318041
xbest 20.18973 100.0000 0.1691359 15.00000 286.6443 42.06795 24.00000 10.000000  9.114966 4.318041
xbest 20.17210 112.3623 0.2903613 16.46268 286.5084 43.55332 24.96700  7.601107  5.669543 3.877650
xbest 20.16130 111.0524 0.2780167 16.20993 286.4779 43.52393 24.96238  7.602037  5.682385 3.908224
xbest 20.16050 111.1344 0.2767652 16.21412 286.4810 43.51851 24.96065  7.604052  5.678903 3.925293
xbest 20.00414 112.0719 0.2824523 16.11623 286.4810 43.53619 24.93193  7.604052  5.652387 3.922324
xbest 20.12322 101.7423 0.3551903 16.37027 286.4724 43.46509 24.93272  7.597813  5.922042 3.990112
xbest 20.12557 102.5038 0.4202155 16.34277 286.4683 43.45933 24.88715  7.597837  5.923106 3.990096
xbest 20.12729 103.8753 0.4159037 16.02733 286.4691 43.45896 24.89498  7.597677  5.930564 3.989862
xbest 20.12835 101.7426 0.4348692 16.46377 286.4669 43.45224 24.87378  7.597086  5.852392 4.010669
xbest 20.12835 101.7426 0.4348692 16.46377 286.4669 43.45224 24.83316  7.597086  5.852392 4.013638
xbest 20.09686 105.2095 0.3565620 15.95572 286.4215 43.29632 24.85792  7.598722  5.965957 4.006408
xbest 20.35811 100.0467 0.3088655 15.92573 286.4033 43.60606 24.28390  7.617414  5.959607 3.921628
xbest 20.41145 100.0000 0.2607476 16.00985 286.3625 43.76710 24.00000  7.638232  5.942186 3.756342
xbest 20.41145 100.0000 0.2607476 16.00985 286.3438 43.76710 24.00000  7.638232  5.942186 3.750404
xbest 20.17767 100.0125 0.3524301 15.65474 286.4898 44.78898 24.63848  7.628015  5.982005 4.021597
xbest 20.20110 100.0125 0.3522543 15.65474 286.4898 44.78898 24.63848  7.628015  5.975755 4.021597
xbest 20.20110 100.0125 0.3522543 15.65474 286.4898 44.78898 24.63848  7.628015  5.975755 4.021597

$time
elapsed elapsed elapsed elapsed elapsed elapsed elapsed elapsed elapsed elapsed elapsed elapsed elapsed elapsed elapsed elapsed elapsed elapsed elapsed elapsed elapsed elapsed elapsed elapsed elapsed 
   1.19    3.75    5.61    7.58    9.15   13.83   15.39   19.01   22.11   23.34   30.25   37.34   40.59   42.08   61.31   72.50   76.89   88.42   96.14  111.25  126.26  131.28  132.17  661.44  663.42 
elapsed 
 940.56 

$neval
 [1]   106   283   427   593   738  1167  1306  1587  1859  1958  2496  3036  3310  3450  4962  6006  6423  7299  7909  9129 10286 10693 10777 38727 38812 50071

$fbest
[1] 1412.646

$xbest
 [1]  20.2011036 100.0125461   0.3522543  15.6547435 286.4898338  44.7889819  24.6384784   7.6280145   5.9757552   4.0215969

$numeval
[1] 50071

$end_crit
[1] 1

$cpu_time
elapsed 
 940.56 

$Refset
$Refset$x
          [,1]     [,2]      [,3]     [,4]     [,5]     [,6]     [,7]     [,8]     [,9]    [,10]
 [1,] 20.18021 101.6880 0.3269638 15.56048 286.4901 44.04478 24.58168 7.636095 6.038728 3.965563
 [2,] 20.18030 101.6886 0.3269615 15.56440 286.4901 44.04503 24.58195 7.636094 6.036936 3.964908
 [3,] 20.18019 101.7173 0.3268501 15.56327 286.4901 44.04505 24.58109 7.636084 6.036590 3.966946
 [4,] 20.18043 101.7033 0.3268751 15.56220 286.4901 44.04499 24.58041 7.636083 6.037156 3.966665
 [5,] 20.17988 101.6816 0.3268974 15.56613 286.4900 44.04454 24.59208 7.636058 6.037670 3.964539
 [6,] 20.18025 101.6985 0.3268349 15.56645 286.4900 44.04455 24.58614 7.636059 6.035981 3.966041
 [7,] 79.35600 235.5391 0.3304820 27.19234 284.1253 20.90157 36.35777 3.434880 3.261722 2.169151
 [8,] 20.17944 101.4460 0.3272660 15.67081 286.4897 44.04290 24.58568 7.636001 6.035525 3.965991
 [9,] 57.87845 173.0684 0.1649112 22.35771 284.2019 36.24902 44.33384 6.062377 4.870383 2.860965
[10,] 20.18055 100.9848 0.3290506 15.66812 286.4901 44.04250 24.59162 7.635991 6.035154 3.967297
[11,] 20.20894 101.0409 0.3253665 15.55309 286.4894 44.04030 24.59080 7.636000 6.080874 3.968341
[12,] 20.16938 103.5300 0.3305299 15.66875 286.4591 44.09915 24.67149 7.645010 6.384853 3.829902

$Refset$f
 [1]    1458.729    1458.729    1458.729    1458.729    1458.734    1458.734 1000000.000    1460.486 1777315.000    1460.661    1460.785    1567.267

$Refset$fpen
 [1] 1.458729e+03 1.458729e+03 1.458729e+03 1.458729e+03 1.458734e+03 1.458734e+03 9.999975e+11 1.460486e+03 3.712569e+06 1.460661e+03 1.460785e+03 1.567267e+03

$Refset$const
              [,1]         [,2]         [,3]         [,4]         [,5]
 [1,] 9.521754e+00 2.996127e+01 2.043952e+01 1.539583e+00 2.357147e+00
 [2,] 9.527469e+00 2.996306e+01 2.043560e+01 1.539580e+00 2.357161e+00
 [3,] 9.526681e+00 2.996341e+01 2.043673e+01 1.539583e+00 2.357105e+00
 [4,] 9.525048e+00 2.996284e+01 2.043780e+01 1.539583e+00 2.357069e+00
 [5,] 9.528464e+00 2.996233e+01 2.043387e+01 1.539579e+00 2.357735e+00
 [6,] 9.530473e+00 2.996402e+01 2.043355e+01 1.539586e+00 2.357387e+00
 [7,] 1.000000e+06 1.000000e+06 1.000000e+06 1.000000e+06 1.000000e+06
 [8,] 9.635280e+00 2.996447e+01 2.032919e+01 1.539612e+00 2.357323e+00
 [9,] 1.748732e+01 3.112962e+01 1.364229e+01 1.790443e+00 5.435254e+00
[10,] 9.632966e+00 2.996485e+01 2.033188e+01 1.539578e+00 2.357776e+00
[11,] 9.472215e+00 2.991913e+01 2.044691e+01 1.539637e+00 2.357597e+00
[12,] 9.283900e+00 2.961515e+01 2.033125e+01 1.542354e+00 2.351036e+00

$Refset$penalty
 [1] 0.000000e+00 0.000000e+00 0.000000e+00 0.000000e+00 0.000000e+00 0.000000e+00 9.999965e+05 0.000000e+00 1.935254e+00 0.000000e+00 0.000000e+00 0.000000e+00


