$f
 [1] 12874.2222  2855.2431  1548.8281  1496.2604  1274.4497  1147.9219  1009.0365   986.6910   886.9688   883.6823   871.0972   861.9323   861.2726   847.8281   840.8455   840.6753   840.1580
[18]   836.5677   835.7917   833.8038   817.3142   816.8715   815.6997   814.2743   814.1302   812.9740   809.2292   806.9861   806.6753   806.2500   805.4896   805.4705   804.5556   804.2726
[35]   797.8976   797.5556   797.2396   796.5330   796.3785   796.2135   795.8351   795.4531   795.0972   794.9306   794.6719   794.6719

$x
          [,1]     [,2]      [,3]     [,4]     [,5]     [,6]     [,7]     [,8]     [,9]    [,10]
xbest 20.20432 317.3048 0.9488960 16.79721 285.2458 36.47844 32.31263 4.670943 2.416695 4.503023
xbest 20.00000 100.0000 1.0000000 16.49788 284.6082 37.61950 24.50542 2.000000 2.159842 4.565770
xbest 20.00000 100.0000 0.2350000 18.00000 286.6819 47.39533 24.00000 5.269091 2.907447 1.933227
xbest 20.00599 105.1130 0.1000000 19.44296 286.9318 47.94802 24.00000 7.341429 2.564604 1.484925
xbest 20.00854 104.3819 0.1017796 20.15393 286.9321 47.95569 24.01582 7.687420 2.632419 1.458647
xbest 20.11637 113.6303 0.1294465 20.75811 286.6112 43.45751 24.08724 6.690744 2.877918 3.192643
xbest 20.12189 113.1063 0.1219012 17.93707 286.6662 43.19796 24.20002 7.329669 2.126168 1.716948
xbest 20.05982 108.6924 0.1081314 18.23981 286.6449 44.50056 24.51921 7.421408 2.257479 1.648593
xbest 20.05982 108.6924 0.1081314 18.43317 286.6449 44.50056 24.43796 7.471408 2.257479 1.648593
xbest 20.19271 102.8089 0.1120509 19.37447 286.7196 44.54801 24.59911 7.458140 2.595449 1.674669
xbest 20.19271 102.8089 0.1120509 19.57369 286.7196 44.53551 24.57880 7.458140 2.495449 1.673184
xbest 20.20499 104.3788 0.1145288 18.87205 286.6830 44.47206 24.67667 7.446209 2.994086 1.734344
xbest 20.20499 104.3788 0.1145288 18.87205 286.6830 44.47206 24.67667 7.446209 3.000336 1.734344
xbest 20.20429 104.5270 0.1160779 18.91421 286.6817 44.46565 24.62989 7.446391 2.993899 1.735009
xbest 20.20385 104.5522 0.1155335 18.92985 286.6824 44.46021 24.64628 7.446407 2.993848 1.735028
xbest 20.20400 104.5545 0.1152911 18.94054 286.6825 44.46207 24.63675 7.446407 2.994049 1.735063
xbest 20.20396 104.6380 0.1151085 18.94773 286.6825 44.46110 24.61342 7.446411 2.994159 1.735131
xbest 20.20462 104.6491 0.1145869 18.86753 286.6822 44.46512 24.60598 7.446401 2.994004 1.734768
xbest 20.20421 104.5324 0.1144765 18.95277 286.6821 44.46513 24.59551 7.447355 2.993830 1.732918
xbest 20.20403 104.4883 0.1136278 18.95161 286.6822 44.47013 24.59115 7.445622 2.993890 1.733849
xbest 20.20232 104.4925 0.1144425 18.91444 286.6820 44.46739 24.62451 7.447152 2.996089 1.727231
xbest 20.20269 104.4846 0.1144257 18.92125 286.6820 44.46873 24.62658 7.447228 2.995728 1.727457
xbest 20.20381 104.4769 0.1140627 18.96106 286.6822 44.47136 24.58886 7.445957 2.994925 1.730725
xbest 20.20381 104.4769 0.1140627 18.96106 286.6822 44.47136 24.58886 7.445957 2.998050 1.730725
xbest 20.22723 103.9663 0.1086162 19.06277 286.6729 44.38674 24.54581 7.456753 3.126502 1.694459
xbest 20.25862 104.2494 0.1076965 19.07184 286.6729 44.38723 24.53793 7.456672 3.125031 1.694232
xbest 20.16983 103.8917 0.1102806 19.01278 286.6768 44.45765 24.41938 7.460422 3.076054 1.690305
xbest 20.16983 103.8917 0.1101927 19.01278 286.6768 44.45765 24.41938 7.460422 3.088554 1.690305
xbest 20.25112 103.8269 0.1052660 19.12876 286.6735 44.38217 24.54022 7.456717 3.458980 1.693453
xbest 20.26278 103.8353 0.1050094 19.14239 286.6735 44.38177 24.53946 7.456706 3.473864 1.693331
xbest 20.22847 103.8071 0.1057726 19.13588 286.6729 44.38353 24.54696 7.456731 3.453819 1.693379
xbest 20.22944 103.7504 0.1054530 19.20991 286.6729 44.38407 24.54560 7.456706 3.455106 1.693443
xbest 20.22612 103.7890 0.1052629 19.21606 286.6728 44.38373 24.54678 7.456735 3.462428 1.693269
xbest 20.24426 103.7531 0.1049992 19.18443 286.6730 44.38095 24.53696 7.456676 3.482042 1.693163
xbest 20.23572 103.7308 0.1051782 19.20477 286.6729 44.38136 24.54077 7.456813 3.464116 1.692096
xbest 20.23464 103.7351 0.1051112 19.19325 286.6730 44.38567 24.53583 7.457027 3.481890 1.692211
xbest 20.23722 103.6703 0.1051908 19.20680 286.6699 44.34197 24.53830 7.455563 3.460707 1.692583
xbest 20.24308 103.6703 0.1051908 19.20680 286.6699 44.34197 24.53830 7.455563 3.460707 1.692583
xbest 20.24104 103.6304 0.1051981 19.20599 286.6691 44.34014 24.53787 7.455540 3.459563 1.692659
xbest 20.24247 103.6003 0.1052092 19.19743 286.6670 44.33609 24.53953 7.455598 3.458732 1.692905
xbest 20.24247 103.6003 0.1052092 19.19743 286.6670 44.33609 24.53953 7.455598 3.461857 1.692905
xbest 20.24242 103.5800 0.1052824 19.18918 286.6668 44.33589 24.54005 7.455617 3.458672 1.692884
xbest 20.24242 103.5800 0.1052824 19.18918 286.6668 44.33589 24.54005 7.455617 3.458672 1.693626
xbest 20.24239 103.5732 0.1053229 19.18530 286.6666 44.33588 24.54036 7.455635 3.458744 1.692942
xbest 20.24239 103.5732 0.1053449 19.18530 286.6666 44.33588 24.54036 7.455635 3.458744 1.692942
xbest 20.24239 103.5732 0.1053449 19.18530 286.6666 44.33588 24.54036 7.455635 3.458744 1.692942

$time
elapsed elapsed elapsed elapsed elapsed elapsed elapsed elapsed elapsed elapsed elapsed elapsed elapsed elapsed elapsed elapsed elapsed elapsed elapsed elapsed elapsed elapsed elapsed elapsed elapsed 
   2.17    5.72    9.53   12.34   19.97   24.47   26.80   31.59   35.95  114.50  116.25  162.19  163.44  165.89  175.64  183.72  186.20  188.77  195.67  198.20  201.00  206.48  214.37  218.36  286.41 
elapsed elapsed elapsed elapsed elapsed elapsed elapsed elapsed elapsed elapsed elapsed elapsed elapsed elapsed elapsed elapsed elapsed elapsed elapsed elapsed elapsed 
 301.95  304.25  312.66  443.58  447.12  452.59  459.34  461.62  489.30  582.73  604.31  670.14  671.45  717.20  754.06  755.72  797.53  798.72  823.69  825.00  914.80 

$neval
 [1]   106   283   502   656  1091  1371  1512  1790  2014  6332  6443  8868  8941  9076  9620 10029 10164 10299 10637 10771 10907 11173 11575 11788 15378 16266 16404 16896 24231 24437 24719 25132
[33] 25271 26843 32160 33324 36975 37048 39514 41495 41568 43781 43854 45231 45304 50132

$fbest
[1] 794.6719

$xbest
 [1]  20.2423877 103.5732394   0.1053449  19.1852986 286.6666455  44.3358831  24.5403586   7.4556355   3.4587438   1.6929416

$numeval
[1] 50132

$end_crit
[1] 1

$cpu_time
elapsed 
  914.8 

$Refset
$Refset$x
          [,1]     [,2]      [,3]     [,4]     [,5]     [,6]     [,7]     [,8]     [,9]    [,10]
 [1,] 20.24212 103.5905 0.1053296 19.18645 286.6660 44.33606 24.54008 7.455652 3.456614 1.693103
 [2,] 20.24307 103.5685 0.1053413 19.18400 286.6680 44.33741 24.53949 7.455452 3.461417 1.693535
 [3,] 20.24241 103.5464 0.1054464 19.18567 286.6673 44.33708 24.54149 7.455568 3.456214 1.693353
 [4,] 20.23993 103.5709 0.1053494 19.18618 286.6662 44.33679 24.53753 7.455716 3.460286 1.692928
 [5,] 20.24214 103.5898 0.1053223 19.18608 286.6666 44.33621 24.54259 7.455610 3.458122 1.693387
 [6,] 20.24322 103.5676 0.1053555 19.18575 286.6678 44.33821 24.53784 7.455634 3.457739 1.693190
 [7,] 20.24559 103.9433 0.1053228 19.10080 286.6666 44.34037 24.52832 7.455785 3.512335 1.693107
 [8,] 20.24239 103.6300 0.1056095 19.18734 286.6658 44.33505 24.53903 7.455754 3.459025 1.692775
 [9,] 20.24208 103.5965 0.1055323 19.18634 286.6661 44.33557 24.54247 7.455643 3.458821 1.693777
[10,] 20.23579 103.8814 0.1050372 19.20644 286.6722 44.37451 24.53748 7.456623 3.463186 1.692470
[11,] 20.24214 103.5637 0.1053288 19.18728 286.6665 44.32169 24.57380 7.455610 3.461172 1.693361
[12,] 20.24289 103.5703 0.1053351 19.18592 286.6679 44.33663 24.52987 7.455404 3.461338 1.693042

$Refset$f
 [1] 794.6719 794.6719 794.6719 794.6719 794.6719 794.6719 795.5851 795.9253 796.4219 798.7361 815.8385 795.0278

$Refset$fpen
 [1] 794.6719 794.6719 794.6719 794.6719 794.6719 794.6719 795.5851 795.9253 796.4219 798.7361 815.8385 795.0278

$Refset$const
          [,1]     [,2]     [,3]     [,4]     [,5]
 [1,] 15.72983 32.54339 16.81355 1.523601 2.402196
 [2,] 15.72258 32.53858 16.81600 1.523415 2.402794
 [3,] 15.72946 32.54379 16.81433 1.523478 2.402683
 [4,] 15.72589 32.53971 16.81382 1.523587 2.402087
 [5,] 15.72796 32.54188 16.81392 1.523541 2.402541
 [6,] 15.72801 32.54226 16.81425 1.523437 2.402605
 [7,] 15.58847 32.48767 16.89920 1.523556 2.401608
 [8,] 15.72831 32.54098 16.81266 1.523624 2.402087
 [9,] 15.72752 32.54118 16.81366 1.523593 2.402365
[10,] 15.74325 32.53681 16.79356 1.523050 2.402923
[11,] 15.72610 32.53883 16.81272 1.523506 2.404750
[12,] 15.72458 32.53866 16.81408 1.523433 2.402243

$Refset$penalty
 [1] 0 0 0 0 0 0 0 0 0 0 0 0


