$f
[1] 13370.7205   981.3368   650.8906   641.4722   550.0417   547.8542   497.2778   366.1701   357.1597

$x
          [,1]     [,2]      [,3]     [,4]     [,5]     [,6]     [,7]     [,8]     [,9]    [,10]
xbest 24.79000 337.0400 0.2529000 17.72000 285.5400 45.67000 29.49000 2.970000 2.000000 2.690000
xbest 20.06764 226.7136 1.0000000 15.00000 286.1284 48.00000 24.00000 2.514898 2.000000 5.000000
xbest 20.00000 219.3133 1.0000000 15.00000 285.8814 48.00000 24.91924 2.914898 2.000000 4.715000
xbest 20.46106 157.2175 0.9984271 16.30638 286.1655 42.43979 29.57187 6.363118 4.671954 4.733792
xbest 20.00000 119.3475 0.9998009 17.40851 286.4654 39.17967 31.72821 9.608655 6.614001 4.861860
xbest 20.12672 114.3543 0.9095458 16.39956 286.0129 43.70658 29.03398 9.735595 5.239735 4.846871
xbest 20.03003 129.2533 0.9625494 16.90262 285.9598 40.65134 30.18182 9.742902 4.469133 4.880452
xbest 20.40503 109.2533 0.3700000 16.90262 285.9598 40.60941 30.00619 9.742902 4.619142 5.000000
xbest 20.36987 109.2533 0.3700000 16.90262 285.9598 40.61097 30.00619 9.749152 4.619142 5.000000

$time
elapsed elapsed elapsed elapsed elapsed elapsed elapsed elapsed elapsed 
   3.06    8.34   11.68   26.50   32.97   42.75   46.09   49.11 1380.90 

$neval
[1]   106   278   417  1012  1287  1705  1846  1974 50005

$fbest
[1] 357.1597

$xbest
 [1]  20.369874 109.253251   0.370000  16.902621 285.959843  40.610973  30.006190   9.749152   4.619142   5.000000

$numeval
[1] 50005

$end_crit
[1] 1

$cpu_time
elapsed 
 1380.9 

$Refset
$Refset$x
          [,1]     [,2]      [,3]     [,4]     [,5]     [,6]     [,7]     [,8]     [,9]    [,10]
 [1,] 22.48009 137.1696 0.9977957 15.03455 285.9506 47.43456 25.29397 3.309492 2.090677 4.670933
 [2,] 22.47910 137.2492 0.9978576 15.03188 285.9504 47.43624 25.29555 3.309505 2.085492 4.671750
 [3,] 22.48003 137.1811 0.9971784 15.03553 285.9498 47.43401 25.29397 3.309529 2.088398 4.671165
 [4,] 22.48856 137.6392 0.9977938 15.03666 285.9507 47.43488 25.29534 3.309495 2.091078 4.670716
 [5,] 22.48010 137.1698 0.9977956 15.03365 285.9508 47.43673 25.29070 3.309732 2.086151 4.646817
 [6,] 22.47886 137.2381 0.9978448 15.03156 285.9508 47.43545 25.30065 3.309612 2.086611 4.667369
 [7,] 22.49279 137.4656 0.9984605 15.04078 285.9507 47.43343 25.29659 3.309584 2.095449 4.672512
 [8,] 22.47856 137.8069 0.9977993 15.07208 285.9564 47.43231 25.33761 3.310008 2.106233 4.634677
 [9,] 22.46122 137.7546 0.9985264 15.05789 285.9576 47.42867 25.33244 3.308747 2.132772 4.635900
[10,] 22.47027 137.1546 0.9978979 15.02494 285.9510 47.44901 25.28384 3.316330 2.065827 4.603324
[11,] 22.50412 137.1915 0.9973152 15.03478 285.9495 47.43934 25.29445 3.309530 2.086262 4.668392
[12,] 24.27627 123.3494 0.9688491 16.84938 285.9509 42.23030 26.73201 3.432804 2.586463 4.673436

$Refset$f
 [1] 548.4670 548.4670 548.4670 548.8472 548.8906 548.5590 548.9323 549.6458 549.9653 550.1476 549.5104 628.1372

$Refset$fpen
 [1] 548.4670 548.4670 548.4670 548.8472 548.8906 548.5590 548.9323 549.6458 549.9653 550.1476 549.5104 628.1372

$Refset$const
          [,1]     [,2]     [,3]     [,4]     [,5]
 [1,] 12.94387 33.90932 20.96545 1.582782 2.157701
 [2,] 12.94639 33.91451 20.96812 1.582798 2.157692
 [3,] 12.94713 33.91160 20.96447 1.582844 2.157532
 [4,] 12.94558 33.90892 20.96334 1.582781 2.157769
 [5,] 12.94750 33.91385 20.96635 1.582754 2.157542
 [6,] 12.94495 33.91339 20.96844 1.582782 2.158041
 [7,] 12.94533 33.90455 20.95922 1.582783 2.157877
 [8,] 12.96584 33.89377 20.92792 1.582477 2.161058
 [9,] 12.92512 33.86723 20.94211 1.582378 2.161179
[10,] 12.95912 33.93417 20.97506 1.582702 2.156965
[11,] 12.94852 33.91374 20.96522 1.582861 2.157353
[12,] 14.26291 33.41354 19.15062 1.590476 2.393835

$Refset$penalty
 [1] 0 0 0 0 0 0 0 0 0 0 0 0


