$f
 [1] 9365.3854 1352.2361 1113.2292 1107.3715 1067.6372 1053.3160 1042.3038 1034.6458 1029.8056 1000.7604  959.6302  954.0069  943.3438  941.0156  939.0538  938.9687  936.5295  935.6753  931.2517
[20]  929.6198  928.6215  927.9601  927.5330  926.8785  926.6354  925.6181  924.9444  923.8941  923.4931  923.4688  923.0139  922.6580  921.7118  921.5938  919.0104  918.6788  916.0764  912.6458
[39]  911.7847  911.3090  910.1753  904.7743  903.1823  900.4948  900.4948

$x
          [,1]     [,2]      [,3]     [,4]     [,5]     [,6]     [,7]     [,8]     [,9]    [,10]
xbest 22.70685 181.1496 0.4265105 26.60134 285.7576 30.54773 27.80223 2.255085 4.535808 4.677015
xbest 20.02649 182.8708 0.1704882 17.29141 286.5066 34.02082 24.01249 2.235989 4.510796 4.971034
xbest 20.00000 174.1208 0.1461197 18.04141 286.5564 36.68383 24.01249 2.103113 4.510796 4.971034
xbest 20.00000 175.9763 0.1453720 18.13568 286.5913 36.93531 24.00976 2.097351 4.596872 5.000000
xbest 20.01234 171.9019 0.1219931 18.22367 286.5514 36.91048 24.01249 2.089115 4.510796 4.971034
xbest 20.00379 171.2317 0.1243841 18.29042 286.5967 36.93167 24.01422 2.100612 4.563441 4.968332
xbest 20.01291 173.8256 0.1102874 18.36765 286.5801 36.89428 24.03945 2.344918 4.452840 4.968668
xbest 20.00324 170.3892 0.1149201 18.40100 286.6110 36.95811 24.01368 2.110028 4.667490 4.967677
xbest 20.29769 151.3714 0.1076348 21.67951 286.6781 37.09005 24.58896 2.329651 3.713044 4.919264
xbest 20.31877 154.5654 0.1032400 21.08379 286.6811 37.07139 24.64694 2.362350 3.522570 4.892201
xbest 20.00000 154.5654 0.1025369 21.83379 286.6835 37.07139 24.63679 2.368600 3.497570 4.892201
xbest 20.00484 141.3087 0.1074789 21.89715 286.6103 37.01081 24.04358 2.372086 4.638318 4.839770
xbest 20.00000 143.2765 0.1065730 21.71430 286.6108 37.01082 24.02450 2.375207 4.454892 4.831911
xbest 20.00226 137.9449 0.1081044 21.84696 286.6335 37.06261 24.03848 2.372664 4.711599 4.834837
xbest 20.00000 137.9449 0.1081044 21.84696 286.6335 37.06261 24.20098 2.372664 4.711599 4.834837
xbest 20.01847 128.9237 0.1066110 23.01771 286.6127 37.09170 24.03717 2.355508 4.679221 4.883417
xbest 20.01205 139.7934 0.1033727 21.28265 286.6378 37.17227 24.13410 2.367029 5.015723 4.906643
xbest 20.01293 139.4356 0.1039553 21.32879 286.6407 37.18882 24.12054 2.369351 4.999390 4.916944
xbest 20.01581 126.2563 0.1176332 22.34747 286.6110 37.06013 24.03632 2.347735 5.057692 4.677621
xbest 20.01581 126.2563 0.1176332 22.34747 286.6298 37.06013 24.03632 2.347735 5.051442 4.677621
xbest 20.04161 137.7902 0.1046206 23.21125 286.6428 37.12499 24.08977 2.370047 3.729060 4.895501
xbest 20.04161 137.7902 0.1046206 23.21125 286.6428 37.12499 24.08977 2.376297 3.729060 4.895501
xbest 20.05005 136.2351 0.1048278 23.17562 286.6428 37.13068 24.09275 2.369898 3.870806 4.897357
xbest 20.05005 136.2351 0.1048278 23.17562 286.6428 37.13068 24.09275 2.376148 3.870806 4.897357
xbest 20.05089 134.0853 0.1049656 23.27364 286.6428 37.14476 24.07362 2.370127 3.945938 4.901533
xbest 20.05089 134.0853 0.1049656 23.27364 286.6244 37.14476 24.00000 2.370127 3.945938 4.901533
xbest 20.04785 131.0946 0.1050823 23.74775 286.6430 37.19799 24.12301 2.373144 3.852161 4.880910
xbest 20.04785 131.0946 0.1050823 23.74775 286.6430 37.19799 24.08239 2.373144 3.839661 4.880910
xbest 20.02022 138.9813 0.1027060 22.93121 286.6451 37.19365 24.14973 2.369376 3.905458 4.895206
xbest 20.06108 129.2442 0.1046549 23.95820 286.6435 37.14594 24.12316 2.372999 3.835229 4.897325
xbest 20.06108 129.2442 0.1046549 23.95820 286.6435 37.14594 24.16378 2.372999 3.835229 4.897325
xbest 20.05906 129.4584 0.1046627 23.93151 286.6433 37.14377 24.12156 2.376193 3.839334 4.906048
xbest 20.04910 128.7002 0.1033603 24.11399 286.6536 37.20643 24.10975 2.373417 3.782080 4.892192
xbest 20.03868 128.5143 0.1030068 24.23382 286.6605 37.25756 24.09573 2.377162 3.732730 4.918876
xbest 20.03244 128.5257 0.1020981 24.35338 286.6613 37.34509 24.08051 2.379394 3.663900 4.917331
xbest 20.03244 128.5062 0.1020981 24.35338 286.6613 37.34509 24.08051 2.379394 3.663900 4.917331
xbest 20.00000 134.5527 0.1021216 23.94405 286.6622 37.29908 24.10486 2.373052 3.520614 5.000000
xbest 20.00000 134.5527 0.1021216 23.94405 286.6810 37.29908 24.10486 2.373052 3.520614 5.000000
xbest 20.00000 134.1050 0.1020804 23.95466 286.6591 37.26633 24.11157 2.373059 3.552623 4.980032
xbest 20.00000 134.1050 0.1020804 23.95466 286.6591 37.26633 24.11157 2.373059 3.546373 4.980032
xbest 20.03111 116.8854 0.1012223 25.56993 286.6592 37.26377 24.09362 2.371519 3.727036 4.798672
xbest 20.01939 116.8854 0.1006949 25.56993 286.6592 37.26377 24.09362 2.377769 3.727036 4.798672
xbest 20.02955 103.8573 0.1000434 27.28019 286.6588 37.27996 24.09949 2.377546 3.845516 4.710706
xbest 20.02955 103.9354 0.1000434 27.28019 286.6588 37.27996 24.01824 2.377546 3.845516 4.710706
xbest 20.02955 103.9354 0.1000434 27.28019 286.6588 37.27996 24.01824 2.377546 3.845516 4.710706

$time
elapsed elapsed elapsed elapsed elapsed elapsed elapsed elapsed elapsed elapsed elapsed elapsed elapsed elapsed elapsed elapsed elapsed elapsed elapsed elapsed elapsed elapsed elapsed elapsed elapsed 
   1.54    4.69    6.94   11.54   13.58   17.83   19.98   22.00   23.98   26.48   29.92   43.34   45.56   52.00   53.23   55.39   57.58   61.76   68.09   75.95  111.40  112.42  152.19  153.25  161.22 
elapsed elapsed elapsed elapsed elapsed elapsed elapsed elapsed elapsed elapsed elapsed elapsed elapsed elapsed elapsed elapsed elapsed elapsed elapsed elapsed 
 175.64  193.83  199.58  206.44  252.81  253.87  303.33  314.79  318.72  325.09  326.31  353.17  354.28  365.17  376.53  444.26  445.50  505.22  506.34  767.59 

$neval
 [1]   106   276   401   700   848  1147  1292  1434  1572  1719  1960  2798  2943  3364  3443  3580  3719  3990  4393  4879  7055  7128  9683  9756 10287 11174 12264 12626 13043 15968 16041 19210
[33] 19966 20246 20652 20726 22367 22440 23120 23862 28223 28310 32227 32307 50111

$fbest
[1] 900.4948

$xbest
 [1]  20.0295548 103.9354131   0.1000434  27.2801920 286.6588061  37.2799621  24.0182388   2.3775461   3.8455163   4.7107056

$numeval
[1] 50111

$end_crit
[1] 1

$cpu_time
elapsed 
 767.59 

$Refset
$Refset$x
          [,1]     [,2]      [,3]     [,4]     [,5]     [,6]     [,7]     [,8]     [,9]    [,10]
 [1,] 20.03112 130.7196 0.1021151 24.16659 286.6587 37.26632 24.10872 2.376195 3.629004 4.734337
 [2,] 20.03181 130.6896 0.1021336 24.16730 286.6590 37.26702 24.10894 2.377245 3.629142 4.734861
 [3,] 20.03144 130.6960 0.1020841 24.18203 286.6591 37.26646 24.10866 2.376112 3.620950 4.745027
 [4,] 20.03218 130.7129 0.1021771 24.14767 286.6594 37.26716 24.11031 2.376896 3.640199 4.775349
 [5,] 20.02899 130.7131 0.1021430 24.16834 286.6588 37.26627 24.10895 2.376160 3.629159 4.736246
 [6,] 20.02984 130.6932 0.1021510 24.16829 286.6588 37.26699 24.10869 2.375929 3.629634 4.735396
 [7,] 20.03010 130.6700 0.1021470 24.17019 286.6588 37.26635 24.10876 2.376810 3.630398 4.735104
 [8,] 20.03495 130.6859 0.1021548 24.15206 286.6588 37.26701 24.10836 2.377380 3.638265 4.752345
 [9,] 20.03097 130.6755 0.1021404 24.16817 286.6587 37.26523 24.11079 2.376245 3.629359 4.734269
[10,] 20.02880 130.5912 0.1022820 24.27336 286.6589 37.26159 24.11026 2.375721 3.560394 4.513492
[11,] 20.02169 130.7168 0.1022489 24.30947 286.6691 37.24777 24.00000 2.493153 3.617530 4.736075
[12,] 22.07041 148.1647 0.6573743 24.84819 286.6497 34.11599 24.61579 5.612634 4.306249 2.467177

$Refset$f
 [1]  910.0486  910.0486  910.0486  910.0486  910.0486  910.0486  910.0486  910.9288  910.4740  914.5469  959.5139 3244.7882

$Refset$fpen
 [1]  910.0486  910.0486  910.0486  910.0486  910.0486  910.0486  910.0486  910.9288  910.4740  914.5469  959.5139 3244.7882

$Refset$const
          [,1]     [,2]     [,3]     [,4]     [,5]
 [1,] 20.53758 32.37100 11.83341 1.516576 2.653243
 [2,] 20.53816 32.37086 11.83270 1.516550 2.653319
 [3,] 20.56108 32.37905 11.81797 1.516543 2.653350
 [4,] 20.50747 32.35980 11.85233 1.516498 2.653588
 [5,] 20.53918 32.37084 11.83166 1.516568 2.653289
 [6,] 20.53865 32.37037 11.83171 1.516575 2.653216
 [7,] 20.53979 32.36960 11.82981 1.516571 2.653263
 [8,] 20.51379 32.36173 11.84794 1.516569 2.653217
 [9,] 20.53881 32.37064 11.83183 1.516577 2.653429
[10,] 20.71297 32.43961 11.72664 1.516544 2.653668
[11,] 20.69194 32.38247 11.69053 1.515752 2.649612
[12,] 20.54194 31.69375 11.15181 1.507178 2.882381

$Refset$penalty
 [1] 0 0 0 0 0 0 0 0 0 0 0 0


