$f
 [1] 22903.4219  2026.3542   873.7153   866.5469   865.1736   852.2066   843.4861   836.9913   832.5156   824.5122   823.4392   822.8559   821.3455   817.9062   815.8247   814.4340   811.2292
[18]   808.6545   808.3194   807.9844   804.0243   800.2222   800.1233

$x
          [,1]     [,2]      [,3]     [,4]     [,5]     [,6]     [,7]     [,8]     [,9]    [,10]
xbest 24.79000 337.0400 0.2529000 17.72000 285.5400 45.67000 29.49000 2.970000 2.000000 2.690000
xbest 23.42099 158.6214 0.7918401 24.52449 285.2309 25.41059 24.00000 5.526953 5.361021 1.790718
xbest 20.00000 158.6214 0.1000000 26.11548 285.6531 25.36640 24.00000 5.078382 4.795336 1.795966
xbest 20.00000 162.6494 0.1008887 26.01580 285.5406 24.93068 24.01302 5.056668 4.513057 1.724854
xbest 20.00140 159.8248 0.1012987 26.12075 285.5430 24.90989 24.01146 5.084882 4.465437 1.749014
xbest 20.08057 157.8662 0.1000000 25.85192 285.6821 25.11735 24.00465 5.023125 4.941312 1.781741
xbest 20.15320 156.4444 0.1000000 25.71646 285.6656 25.12029 24.01131 5.043609 5.153046 1.777429
xbest 20.03598 154.7219 0.1002171 25.61743 285.5971 25.35473 24.00422 5.051868 4.889611 1.806349
xbest 20.04437 157.6213 0.1001030 25.57232 285.5974 25.35658 24.00412 5.050802 4.860578 1.811675
xbest 20.04437 157.6213 0.1000000 25.56646 285.5974 25.35658 24.00412 5.075802 4.860578 1.823550
xbest 20.02956 150.5275 0.1002741 25.95745 285.5811 25.32833 24.00959 5.034751 4.933398 1.798758
xbest 20.00661 147.2722 0.1005917 26.19581 285.5758 25.31057 24.00158 5.031681 4.963662 1.793596
xbest 20.00687 145.7824 0.1006007 26.35277 285.5758 25.31072 24.00115 5.031661 4.967786 1.792735
xbest 20.00000 145.7824 0.1000000 26.35277 285.5752 25.31072 24.00622 5.031661 4.967786 1.804610
xbest 20.02439 151.4078 0.1003351 26.11322 285.5862 25.33034 24.00999 5.036065 4.889010 1.806879
xbest 20.02439 151.4078 0.1000000 26.11322 285.5862 25.33034 24.00999 5.036065 4.889010 1.806879
xbest 20.00583 146.3829 0.1004189 26.25941 285.5845 25.33542 24.00284 5.033919 5.055168 1.803490
xbest 20.00000 146.3829 0.1000000 26.25648 285.5810 25.33542 24.00284 5.033919 5.055168 1.803490
xbest 20.02686 148.1996 0.1001182 26.28902 285.5880 25.34314 24.01438 5.101494 4.872788 1.781449
xbest 20.02686 148.1996 0.1000000 26.28902 285.5880 25.34314 24.01438 5.101494 4.872788 1.781449
xbest 20.02596 149.2179 0.1001127 26.30404 285.5979 25.54714 24.01720 4.937320 4.840214 2.048106
xbest 20.00000 149.2179 0.1001127 26.30404 285.5792 25.54714 24.01720 4.937320 4.852714 2.048106
xbest 20.00000 149.2179 0.1001127 26.30404 285.5792 25.54714 24.01720 4.937320 4.855839 2.048106

$time
elapsed elapsed elapsed elapsed elapsed elapsed elapsed elapsed elapsed elapsed elapsed elapsed elapsed elapsed elapsed elapsed elapsed elapsed elapsed elapsed elapsed elapsed elapsed 
   1.42    3.95    5.81   11.76   17.84   19.70   21.56   23.36   25.26   26.44   34.78   38.55   44.19   47.31   77.19   78.16   92.34   99.26  501.41  502.41  632.70  633.81  693.30 

$neval
 [1]   106   265   409   853  1281  1426  1570  1707  1848  1938  2487  2755  3169  3402  5428  5502  6474  6980 36403 36477 45906 45990 50122

$fbest
[1] 800.1233

$xbest
 [1]  20.0000000 149.2178835   0.1001127  26.3040410 285.5791955  25.5471403  24.0171988   4.9373197   4.8558390   2.0481064

$numeval
[1] 50122

$end_crit
[1] 1

$cpu_time
elapsed 
  693.3 

$Refset
$Refset$x
          [,1]     [,2]      [,3]     [,4]     [,5]     [,6]     [,7]     [,8]     [,9]    [,10]
 [1,] 20.03253 148.4355 0.1001992 26.30059 285.5822 25.32360 24.04089 5.034780 4.948175 1.801322
 [2,] 20.03047 148.4418 0.1002022 26.30655 285.5812 25.32390 24.03903 5.034777 4.945265 1.801639
 [3,] 20.03172 148.4842 0.1001955 26.30271 285.5822 25.32007 24.04502 5.034994 4.945429 1.800650
 [4,] 20.02977 148.4204 0.1002219 26.28906 285.5833 25.33343 24.03391 5.057710 4.923899 1.823695
 [5,] 20.03135 148.6554 0.1000000 26.28997 285.5840 25.33115 24.03114 5.057489 4.909262 1.823567
 [6,] 20.02978 148.5762 0.1001317 26.29555 285.5833 25.32919 24.00265 5.034632 4.933259 1.801166
 [7,] 20.03088 148.6819 0.1001963 26.30143 285.5833 25.33404 24.03969 5.062082 4.915515 1.822082
 [8,] 20.03340 148.1498 0.1002412 26.28163 285.5870 25.32559 24.04902 4.894013 4.977992 2.199676
 [9,] 20.02521 148.4343 0.1001457 26.30201 285.5842 25.28125 24.03970 5.021613 4.928158 1.808783
[10,] 20.02851 160.6845 0.1105211 26.30255 286.1170 26.83016 24.01157 4.444393 4.298916 3.183789
[11,] 20.03056 148.2737 0.1039927 26.23229 285.7200 25.54729 24.03064 4.513173 4.949474 1.805700
[12,] 20.01151 147.3631 0.1061702 26.36049 285.5840 25.37762 24.01849 5.066043 4.934065 1.819468

$Refset$f
 [1] 803.9757 805.4253 804.1354 807.4097 807.4688 808.8003 808.9045 809.4149 826.3038 954.6424 912.3507 854.0017

$Refset$fpen
 [1] 803.9757 805.4253 804.1354 807.4097 807.4688 808.8003 808.9045 809.4149 826.3038 954.6424 912.3507 854.0017

$Refset$const
          [,1]     [,2]     [,3]     [,4]     [,5]
 [1,] 21.35242 31.05183 9.699406 1.608509 3.395199
 [2,] 21.36129 31.05474 9.693446 1.608681 3.394461
 [3,] 21.35728 31.05457 9.697289 1.608446 3.396664
 [4,] 21.36516 31.07610 9.710942 1.608478 3.392361
 [5,] 21.38071 31.09074 9.710032 1.608382 3.392450
 [6,] 21.36229 31.06674 9.704447 1.608719 3.387022
 [7,] 21.38592 31.08449 9.698568 1.608440 3.393364
 [8,] 21.30363 31.02201 9.718374 1.607715 3.397967
 [9,] 21.37385 31.07184 9.697991 1.607870 3.403514
[10,] 22.00363 31.70108 9.697453 1.542323 3.332053
[11,] 21.28282 31.05053 9.767706 1.589427 3.398111
[12,] 21.42643 31.06593 9.639506 1.608859 3.381418

$Refset$penalty
 [1] 0 0 0 0 0 0 0 0 0 0 0 0


