$f
 [1] 18794.4306  1122.4479   852.3003   793.2535   791.4757   726.6563   716.9792   696.4531   692.9757   681.2639   679.8194   671.8003   665.4878   656.9861   645.4444   642.0868   637.9983
[18]   637.9271   637.0347   635.2240   634.4670   633.6858   633.5938   632.3924   632.2986   632.0469   629.9549   622.4965   617.5399   612.2274   604.9948   578.9444   577.4740   575.3177
[35]   573.2361   571.7274   571.3854   570.4878   569.9896   569.8177   569.7986   568.6580   568.2743   567.3576   566.6406   566.3316   566.0052   565.9878   565.9427   565.8733   565.4896
[52]   565.3663   565.2656   565.0069   564.8663   564.7622   564.5955   564.4410   564.3594   564.3594

$x
          [,1]     [,2]      [,3]     [,4]     [,5]     [,6]     [,7]     [,8]     [,9]    [,10]
xbest 24.79000 337.0400 0.2529000 17.72000 285.5400 45.67000 29.49000 2.970000 2.000000 2.690000
xbest 20.00000 162.7222 0.1000000 25.73417 285.7871 38.68599 24.00000 2.000000 3.336728 4.364497
xbest 20.00000 162.5475 0.1000000 25.35917 285.9371 41.89298 24.18168 2.000437 3.002191 2.877512
xbest 24.51803 124.3307 0.1186788 25.66278 286.6147 38.64635 24.00000 2.000316 4.340021 5.000000
xbest 20.20306 162.4981 0.1251949 25.54721 286.6635 38.24059 25.37236 3.929880 4.040692 4.506590
xbest 23.63385 113.7431 0.1263044 25.70945 286.6717 37.10484 24.00000 2.000526 5.511367 5.000000
xbest 23.58438 120.0669 0.1138884 25.62075 286.6561 37.69759 24.02596 2.972525 5.247902 4.917486
xbest 20.55461 164.3831 0.1600343 25.07794 286.5427 37.36412 24.36115 3.166131 4.361643 4.106371
xbest 20.46815 163.4593 0.1473840 25.27414 286.5303 37.33803 24.37871 3.420897 4.062830 4.036768
xbest 23.66736 118.5586 0.1142215 25.66922 286.6563 37.30353 24.00924 3.061101 5.207512 4.944068
xbest 23.66736 118.5586 0.1142215 25.66922 286.6563 37.30353 24.00924 3.061101 5.204387 4.944068
xbest 23.82791 113.5042 0.1135242 25.67875 286.6493 37.25582 24.01004 3.095065 5.320647 4.992804
xbest 23.82791 113.5042 0.1135242 25.67875 286.6497 37.25582 24.01004 3.120065 5.295647 4.992804
xbest 21.74116 149.9354 0.1306097 25.62891 286.5784 37.07427 24.02743 3.214354 4.550969 5.000000
xbest 21.74116 149.9354 0.1306097 25.82227 286.5807 37.07427 24.00000 3.214354 4.525969 5.000000
xbest 22.10638 143.8643 0.1379276 25.78982 286.5851 37.11966 24.00867 3.259709 4.525560 4.449475
xbest 22.10638 143.8643 0.1382792 25.78982 286.5851 37.11966 24.00867 3.278459 4.513060 4.449475
xbest 21.83188 143.6999 0.1393006 25.96828 286.5896 37.15747 24.00950 3.273625 4.561182 4.548834
xbest 21.83188 143.6999 0.1393006 25.96828 286.5896 37.15747 24.00950 3.286125 4.561182 4.548834
xbest 21.87005 144.4625 0.1366195 25.85442 286.5882 37.14447 24.01294 3.282565 4.563314 4.483950
xbest 21.87005 144.4625 0.1366195 25.85442 286.5882 37.14447 24.01294 3.288815 4.563314 4.483950
xbest 21.80033 144.1715 0.1376051 25.97346 286.5870 37.12600 24.01248 3.291400 4.546481 4.432300
xbest 21.79891 144.2667 0.1368138 25.98116 286.5872 37.11086 24.01306 3.295481 4.537261 4.399455
xbest 21.80194 144.1942 0.1371848 25.97192 286.5867 37.11528 24.01449 3.291152 4.545500 4.405320
xbest 21.84213 144.1622 0.1363610 25.91523 286.5911 37.15732 24.01750 3.289319 4.568224 4.449354
xbest 21.84213 144.1622 0.1363610 25.91523 286.5911 37.15732 24.01750 3.289319 4.568224 4.449354
xbest 20.75689 142.0044 0.1337038 26.04488 286.5808 36.99541 24.00428 6.104308 4.923926 4.908849
xbest 20.00000 142.0044 0.1337038 26.04781 286.5808 36.99541 24.00428 6.104308 4.911428 5.000000
xbest 20.47641 141.0685 0.1327025 26.00412 286.5793 36.94508 24.00737 5.774156 4.890343 4.917394
xbest 20.00000 139.4617 0.1323341 26.05387 286.5774 36.92360 24.00498 6.022045 5.059665 4.963758
xbest 20.55093 139.9800 0.1325340 26.02615 286.5803 37.07421 24.00109 5.802245 4.906752 4.959751
xbest 20.55093 140.0190 0.1437840 26.02615 286.5826 37.07421 24.06094 5.827245 4.944252 4.971626
xbest 21.76376 139.4063 0.1299421 25.42216 286.6028 37.13232 24.00471 6.097859 4.421908 4.173932
xbest 21.76376 139.4063 0.1299421 25.42216 286.6028 37.03232 24.00471 6.097859 4.421908 4.173932
xbest 21.52402 140.8788 0.1228774 25.46822 286.6157 37.14218 24.00309 6.105391 4.416769 4.122161
xbest 21.52402 140.8788 0.1228774 25.46895 286.6157 37.14218 24.00309 6.105391 4.419894 4.122161
xbest 21.27787 144.1887 0.1336274 25.24876 286.6289 37.13606 24.00030 6.102276 4.495935 4.110184
xbest 21.27787 144.1106 0.1336274 25.24876 286.6477 37.13606 24.00030 6.102276 4.495935 4.110184
xbest 21.24559 143.7791 0.1313951 25.25156 286.6314 37.12266 24.00670 6.102372 4.552033 4.134414
xbest 21.14033 144.6294 0.1424626 25.25741 286.6331 37.13800 24.00019 6.101592 4.504599 4.124197
xbest 21.21990 143.1359 0.1313088 25.25888 286.6298 37.12863 24.00002 6.102235 4.595870 4.134556
xbest 21.16690 144.4513 0.1439348 25.25861 286.6295 37.13415 24.00092 6.101833 4.500546 4.128058
xbest 21.25584 143.7966 0.1413267 25.25642 286.6336 37.13574 24.00047 6.102129 4.505430 4.121738
xbest 21.20261 143.9611 0.1419700 25.24470 286.6207 37.02959 24.01410 6.100902 4.515147 4.134977
xbest 21.19351 144.3145 0.1432384 25.25820 286.6337 37.07842 24.00548 6.101079 4.502474 4.132342
xbest 21.15924 144.5674 0.1489934 25.26289 286.6339 37.04334 24.00622 6.100211 4.498478 4.134969
xbest 21.20395 144.0377 0.1448974 25.24506 286.6205 37.04196 24.01507 6.100632 4.502181 4.134962
xbest 21.25094 143.9390 0.1427283 25.24300 286.6279 37.05739 24.00759 6.101142 4.503330 4.128417
xbest 21.23280 143.9537 0.1424716 25.24952 286.6214 37.07078 24.00741 6.101956 4.508484 4.128532
xbest 21.23696 143.9688 0.1440543 25.24655 286.6271 37.06355 24.01164 6.101295 4.504910 4.133246
xbest 21.23696 143.9492 0.1440543 25.24655 286.6271 37.06355 24.01164 6.101295 4.504910 4.133246
xbest 21.23461 143.9875 0.1447642 25.24550 286.6267 37.06178 24.01137 6.101387 4.505058 4.133846
xbest 21.23688 143.9913 0.1432735 25.24861 286.6301 37.04793 24.00722 6.100706 4.504473 4.130856
xbest 21.22632 144.0711 0.1440001 25.24838 286.6306 37.04694 24.00891 6.100644 4.506303 4.132830
xbest 21.23422 144.0173 0.1436984 25.24854 286.6291 37.04170 24.00524 6.100564 4.504493 4.130860
xbest 21.24079 143.9854 0.1446581 25.24790 286.6300 37.05216 24.00978 6.100973 4.503754 4.131496
xbest 21.22724 144.0497 0.1444643 25.24718 286.6290 37.04750 24.01080 6.100615 4.506111 4.130452
xbest 21.22576 144.0827 0.1449446 25.24570 286.6290 37.04971 24.01489 6.100707 4.506359 4.131139
xbest 21.22558 144.0854 0.1449687 25.24602 286.6291 37.05027 24.01542 6.100696 4.506316 4.129503
xbest 21.22558 144.0854 0.1449687 25.24602 286.6291 37.05027 24.01542 6.100696 4.506316 4.129503

$time
elapsed elapsed elapsed elapsed elapsed elapsed elapsed elapsed elapsed elapsed elapsed elapsed elapsed elapsed elapsed elapsed elapsed elapsed elapsed elapsed elapsed elapsed elapsed elapsed elapsed 
   1.90    4.93    7.00   15.17   17.45   19.75   22.03   24.25   28.78   31.09   32.33   37.42   57.31   99.87  101.37  136.23  137.65  207.40  208.50  245.03  246.17  251.93  263.34  265.75  294.28 
elapsed elapsed elapsed elapsed elapsed elapsed elapsed elapsed elapsed elapsed elapsed elapsed elapsed elapsed elapsed elapsed elapsed elapsed elapsed elapsed elapsed elapsed elapsed elapsed elapsed 
 295.39  345.14  346.90  351.62  356.45  370.78  373.03  567.39  568.72  634.06  635.31  734.61  735.98  750.00  752.29  754.72  757.03  759.31  767.79  770.22  772.51  774.76  779.53  782.09  784.59 
elapsed elapsed elapsed elapsed elapsed elapsed elapsed elapsed elapsed elapsed 
 786.29  788.87  796.54  798.75  800.93  813.97  816.59  829.79  832.03  860.37 

$neval
 [1]   106   271   400   842   986  1127  1268  1410  1691  1834  1912  2184  3348  5652  5747  7780  7866 11970 12043 14337 14410 14677 15358 15501 17201 17274 20381 20491 20769 21044 21855 21993
[33] 33396 33470 37178 37257 42875 42959 43781 43916 44053 44189 44326 44797 44934 45072 45208 45482 45618 45757 45831 45971 46377 46512 46650 47407 47548 48365 48501 50105

$fbest
[1] 564.3594

$xbest
 [1]  21.2255833 144.0853654   0.1449687  25.2460178 286.6291008  37.0502650  24.0154218   6.1006961   4.5063162   4.1295033

$numeval
[1] 50105

$end_crit
[1] 1

$cpu_time
elapsed 
 860.37 

$Refset
$Refset$x
          [,1]     [,2]      [,3]     [,4]     [,5]     [,6]     [,7]     [,8]     [,9]    [,10]
 [1,] 21.22558 144.0854 0.1449687 25.24602 286.6291 37.05027 24.01542 6.100696 4.506316 4.129503
 [2,] 21.23574 143.9985 0.1447153 25.24772 286.6291 37.05125 24.00960 6.100995 4.504194 4.131566
 [3,] 21.22666 144.0509 0.1450212 25.24579 286.6298 37.05118 24.01352 6.100526 4.507892 4.134956
 [4,] 21.22716 144.0726 0.1449563 25.24616 286.6298 37.04972 24.01412 6.100485 4.506531 4.131286
 [5,] 21.23029 144.0132 0.1442812 25.24730 286.6286 37.04942 24.01236 6.100705 4.506241 4.134151
 [6,] 21.22247 144.0426 0.1450417 25.25262 286.6299 37.04929 24.01355 6.100539 4.506920 4.131223
 [7,] 21.23250 144.0521 0.1445576 25.24730 286.6288 37.04751 24.00750 6.100383 4.503866 4.129796
 [8,] 21.23662 144.0089 0.1437408 25.25005 286.6290 37.04115 24.00524 6.099645 4.504897 4.142767
 [9,] 21.22174 143.9720 0.1450487 25.24989 286.6293 37.07237 24.01244 6.100703 4.516898 4.131606
[10,] 21.23109 143.9977 0.1425820 25.24432 286.6298 37.05162 24.01252 6.100468 4.499819 4.135847
[11,] 20.88883 142.8871 0.1438381 25.22563 286.6333 37.03867 24.00856 6.128104 4.762066 3.831686
[12,] 21.22711 151.1185 0.1445800 25.32253 286.6450 37.06521 24.01386 6.101321 4.224107 4.132421

$Refset$f
 [1] 564.3594 564.3594 564.4410 564.4410 564.4826 564.5816 564.5955 564.8663 567.1684 566.0122 585.4149 611.7066

$Refset$fpen
 [1] 564.3594 564.3594 564.4410 564.4410 564.4826 564.5816 564.5955 564.8663 567.1684 566.0122 585.4149 611.7066

$Refset$const
          [,1]     [,2]     [,3]     [,4]     [,5]
 [1,] 20.73970 31.49368 10.75398 1.519643 2.645739
 [2,] 20.74353 31.49581 10.75228 1.519658 2.645247
 [3,] 20.73790 31.49211 10.75421 1.519578 2.645796
 [4,] 20.73963 31.49347 10.75384 1.519571 2.645925
 [5,] 20.74106 31.49376 10.75270 1.519702 2.645367
 [6,] 20.74570 31.49308 10.74738 1.519557 2.645953
 [7,] 20.74343 31.49613 10.75270 1.519695 2.645143
 [8,] 20.74516 31.49510 10.74995 1.519664 2.645377
 [9,] 20.73299 31.48310 10.75011 1.519674 2.644454
[10,] 20.74450 31.50018 10.75568 1.519581 2.645696
[11,] 20.46357 31.23793 10.77437 1.519191 2.647348
[12,] 21.09842 31.77589 10.67747 1.517952 2.650838

$Refset$penalty
 [1] 0 0 0 0 0 0 0 0 0 0 0 0


