$f
 [1] 4933.0434  666.5920  530.1649  447.3611  444.3854  423.9983  400.8993  391.4740  378.9080  377.2274  355.8594  345.0712  341.6389  338.1649  336.4688  333.9757  333.7326  333.4792  331.2622
[20]  323.0208  321.8889  320.0694  317.1684  317.1580  317.0156  316.8681  316.6163  316.2344  315.9045  315.7622  315.7031  315.4687  315.3038  315.2222  315.2031  315.0955  314.8073  314.6128
[39]  314.4288  314.1441  314.0556  314.0556

$x
          [,1]     [,2]      [,3]     [,4]     [,5]     [,6]     [,7]     [,8]      [,9]    [,10]
xbest 24.79000 337.0400 0.2529000 17.72000 285.5400 45.67000 29.49000 2.970000  2.000000 2.690000
xbest 20.00000 330.6410 1.0000000 15.00000 285.9462 43.34742 28.30428 2.000000 10.000000 4.857438
xbest 20.00000 329.3910 0.9943750 15.47982 285.9507 45.30021 27.38504 2.000000  9.575736 5.000000
xbest 23.52351 356.8246 0.6961399 15.00000 286.7855 43.93491 24.76220 4.857600  7.873899 4.671184
xbest 21.46439 210.6986 0.3131312 24.29941 285.5678 33.28316 29.30184 2.810444  6.778320 4.082619
xbest 24.13618 363.1202 0.6149573 17.78521 286.7192 44.17240 25.15594 3.247334  5.661173 4.443141
xbest 20.26191 427.1016 0.9426816 20.39693 286.8326 44.82463 28.12687 3.471988  3.559798 1.533216
xbest 21.86898 376.9445 0.8298947 20.54033 286.8157 45.07735 27.59596 3.629517  3.922675 4.784576
xbest 21.55597 382.3414 0.8588142 20.82646 286.8189 45.21419 27.37032 3.700806  3.899135 4.483689
xbest 21.26110 386.4199 0.8535158 20.89976 286.8118 45.16256 27.44994 3.750957  4.079688 5.000000
xbest 20.93292 395.1713 0.9803094 20.89976 286.8118 45.16256 27.44994 3.743221  3.886096 4.989608
xbest 21.81335 356.7538 0.5045664 23.77421 286.7951 44.35907 25.14267 3.652318  2.119203 4.059659
xbest 21.27550 410.9369 0.4499395 22.16391 286.7957 44.34797 25.12258 3.762539  2.087140 3.086756
xbest 21.26379 410.9369 0.4949395 22.16391 286.7957 44.34797 25.12258 3.762539  2.087140 3.086756
xbest 21.36228 366.5631 0.7665358 20.34200 286.7965 44.24560 25.43806 3.763114  5.013057 3.400516
xbest 21.36869 366.4603 0.7676835 20.35461 286.8012 44.24464 25.40463 3.757357  5.038406 3.414105
xbest 21.36869 366.4213 0.7676835 20.35461 286.8012 44.24464 25.44526 3.757357  5.038406 3.414105
xbest 21.43574 365.7031 0.7511619 20.34236 286.7752 44.24744 25.19467 3.747916  5.058940 3.582052
xbest 21.30346 369.5658 0.7598089 20.28476 286.7507 44.24326 25.15274 3.772744  5.054989 3.420896
xbest 21.10393 395.6230 0.7345928 20.26107 286.7674 44.35335 24.76859 3.866962  4.387670 3.006052
xbest 21.19076 395.7986 0.7435102 20.25510 286.7685 44.39548 24.70824 3.864087  4.329900 2.937762
xbest 21.17015 403.5231 0.7431921 20.25649 286.7845 44.36000 24.81771 3.858339  4.055787 2.988914
xbest 21.17015 403.5231 0.7431921 20.26235 286.7845 44.36000 24.89896 3.883339  4.055787 2.982977
xbest 21.08790 407.7092 0.7313930 19.97838 286.7733 44.38675 24.81399 3.888371  4.235003 2.986015
xbest 21.01395 410.2770 0.7283334 19.98247 286.7755 44.40213 24.81476 3.888341  4.198499 2.985841
xbest 21.11864 405.1267 0.7203804 20.01811 286.7721 44.37844 24.80989 3.887706  4.210651 2.986922
xbest 21.17459 403.2013 0.7140860 20.08348 286.7751 44.38488 24.85371 3.887937  4.169790 2.982410
xbest 21.17496 403.9910 0.7129690 20.07786 286.7750 44.37977 24.86816 3.888044  4.168446 2.982451
xbest 21.14902 407.5056 0.7190865 19.94602 286.7752 44.38179 24.81132 3.887873  4.192670 2.982551
xbest 21.19139 403.4529 0.7168485 20.08435 286.7745 44.38374 24.83313 3.888126  4.168325 2.986410
xbest 21.46563 402.6332 0.7289326 20.14375 286.7782 44.36534 24.90716 3.887083  4.018324 2.989040
xbest 21.46563 402.6332 0.7514326 20.14375 286.7782 44.36534 24.90716 3.887083  4.018324 2.989040
xbest 21.50689 399.9406 0.7328051 20.19641 286.7776 44.36586 24.94306 3.886517  4.026461 2.987884
xbest 21.50689 399.9406 0.7328051 20.19641 286.7776 44.36586 24.98368 3.886517  4.026461 2.987884
xbest 21.43150 404.5367 0.7312052 20.07282 286.7784 44.37347 24.94221 3.887165  4.045078 2.990859
xbest 21.41690 406.0917 0.7309679 20.00708 286.7785 44.37370 24.94173 3.887148  4.058871 2.990309
xbest 21.42561 404.6185 0.7585579 20.05548 286.7771 44.38297 24.94066 3.887579  4.065289 2.972198
xbest 21.42561 404.5013 0.7810579 20.05548 286.7771 44.38297 24.94066 3.887579  4.065289 2.972198
xbest 21.41790 406.6969 0.7427752 19.99571 286.7785 44.37359 24.94220 3.887063  4.056683 2.990233
xbest 21.41856 407.2493 0.7421849 19.97390 286.7809 44.38115 24.94560 3.887509  4.055808 2.988778
xbest 21.41293 407.4287 0.7473078 19.98711 286.7778 44.37420 24.93995 3.886974  4.046916 2.990826
xbest 21.41293 407.4287 0.7473078 19.98711 286.7778 44.37420 24.93995 3.886974  4.046916 2.990826

$time
elapsed elapsed elapsed elapsed elapsed elapsed elapsed elapsed elapsed elapsed elapsed elapsed elapsed elapsed elapsed elapsed elapsed elapsed elapsed elapsed elapsed elapsed elapsed elapsed elapsed 
   1.86    5.28    7.83   10.44   15.64   18.30   20.75   23.39   28.49   31.05   36.22   53.55   55.95   62.30   78.28   80.92   90.19  103.75  112.11  124.05  132.14  142.59  147.34  256.56  260.14 
elapsed elapsed elapsed elapsed elapsed elapsed elapsed elapsed elapsed elapsed elapsed elapsed elapsed elapsed elapsed elapsed elapsed 
 274.78  279.70  286.03  288.63  322.86  433.41  434.80  501.56  503.00  513.64  518.97  521.53  531.20  557.91  589.00  728.42  958.17 

$neval
 [1]   106   274   419   563   845   987  1123  1264  1538  1678  1953  2905  3040  3384  4192  4328  4805  5485  5887  6497  6906  7450  7674 13376 13581 14388 14658 15000 15137 16963 22853 22926
[33] 26360 26433 26983 27257 27391 27876 29221 30794 37954 50018

$fbest
[1] 314.0556

$xbest
 [1]  21.4129286 407.4287305   0.7473078  19.9871121 286.7778498  44.3742045  24.9399543   3.8869742   4.0469159   2.9908259

$numeval
[1] 50018

$end_crit
[1] 1

$cpu_time
elapsed 
 958.17 

$Refset
$Refset$x
          [,1]     [,2]      [,3]     [,4]     [,5]     [,6]     [,7]     [,8]     [,9]    [,10]
 [1,] 21.41682 407.2507 0.7484712 19.98616 286.7754 44.37189 24.90977 3.887032 4.052776 2.994301
 [2,] 21.42038 407.2375 0.7452158 19.98719 286.7747 44.37134 24.89143 3.886911 4.047653 2.992369
 [3,] 21.41908 407.2181 0.7472180 19.98625 286.7754 44.37155 24.90487 3.887211 4.051434 2.994243
 [4,] 21.42062 407.2606 0.7497938 19.98806 286.7754 44.36860 24.90726 3.886575 4.049034 2.991212
 [5,] 21.41917 407.2734 0.7467021 19.98831 286.7762 44.37133 24.91064 3.887120 4.047625 2.991055
 [6,] 21.41603 407.2530 0.7475211 19.98908 286.7760 44.37286 24.88339 3.887060 4.049823 2.994754
 [7,] 21.40722 407.6461 0.7442812 19.96695 286.7744 44.37486 24.89573 3.887294 4.060379 2.991801
 [8,] 21.39569 407.2509 0.7537928 19.98601 286.7767 44.36982 24.91241 3.886124 4.055932 2.986508
 [9,] 21.41965 407.2426 0.7543559 19.98615 286.7753 44.37213 24.92379 3.887332 4.054459 2.994802
[10,] 21.41767 407.1757 0.7459839 19.98786 286.7752 44.37010 24.87668 3.886883 4.050424 2.990822
[11,] 21.41125 407.0686 0.7508747 19.98296 286.7761 44.37020 24.89076 3.886396 4.048869 2.987903
[12,] 21.44047 406.5095 0.7500786 19.98697 286.7776 44.35456 24.90954 3.887055 4.053929 2.994358

$Refset$f
 [1] 314.0556 314.0556 314.0556 314.0556 314.0556 314.0556 314.2483 314.2604 314.2656 314.1441 314.6632 315.7847

$Refset$fpen
 [1] 314.0556 314.0556 314.0556 314.0556 314.0556 314.0556 314.2483 314.2604 314.2656 314.1441 314.6632 315.7847

$Refset$const
          [,1]     [,2]     [,3]     [,4]     [,5]
 [1,] 15.93338 31.94722 16.01384 1.512758 2.460465
 [2,] 15.93953 31.95235 16.01281 1.512851 2.459174
 [3,] 15.93481 31.94857 16.01375 1.512767 2.460187
 [4,] 15.93903 31.95097 16.01194 1.512759 2.460429
 [5,] 15.94068 31.95238 16.01169 1.512680 2.460819
 [6,] 15.93926 31.95018 16.01092 1.512740 2.459118
 [7,] 15.90657 31.93962 16.03305 1.512882 2.459179
 [8,] 15.93008 31.94407 16.01399 1.512628 2.461150
 [9,] 15.93169 31.94554 16.01385 1.512739 2.461268
[10,] 15.93743 31.94958 16.01214 1.512832 2.458505
[11,] 15.93409 31.95113 16.01704 1.512724 2.459645
[12,] 15.93305 31.94607 16.01303 1.512531 2.461814

$Refset$penalty
 [1] 0 0 0 0 0 0 0 0 0 0 0 0


