$f
 [1] 9309.7135  785.6389  535.2830  479.6094  468.1476  431.4115  338.9115  322.5903  303.3958  238.3403  232.9913  221.9774  213.5312  210.8681  210.5399  205.4774  204.4392  195.6545  195.1267
[20]  191.0747  170.1719  169.2309  167.9983  167.9983

$x
          [,1]     [,2]      [,3]     [,4]     [,5]     [,6]     [,7]      [,8]     [,9]    [,10]
xbest 24.79000 337.0400 0.2529000 17.72000 285.5400 45.67000 29.49000  2.970000 2.000000 2.690000
xbest 29.82647 100.0000 0.1334716 26.83876 286.4591 31.08249 26.23149 10.000000 4.967793 4.271182
xbest 29.82647 100.0098 0.1000000 26.83876 286.4567 33.88249 24.00000 10.000000 4.967793 4.271182
xbest 29.82647 100.0120 0.1051138 26.83876 286.4570 33.58946 24.00000 10.000000 4.967793 4.271182
xbest 20.23619 432.8401 0.1607215 15.11491 286.6484 36.96835 25.94672  2.780767 5.335137 1.200000
xbest 29.07117 100.0042 0.1013502 26.91257 286.5011 34.67134 25.37980  9.037238 5.108361 4.120653
xbest 22.36128 161.4942 0.1241554 26.84895 286.5462 35.96921 26.35302  6.792976 5.144078 4.032862
xbest 21.13620 169.0728 0.1279974 26.81858 286.6144 36.16585 26.95680  6.788511 5.344599 3.943151
xbest 20.94771 199.6690 0.1317915 24.64508 286.6276 36.50302 26.45791  6.403486 5.315254 3.780533
xbest 20.94771 197.7265 0.1007861 24.62465 286.5962 36.50302 26.36531  6.438841 5.527386 3.828033
xbest 23.75710 178.3724 0.1025595 26.23053 286.5133 36.29653 25.33447  9.135535 3.844112 3.880669
xbest 23.20959 192.2414 0.1024558 25.33840 286.5179 36.41118 25.97366  9.144840 3.803831 3.877391
xbest 23.20959 192.2414 0.1003516 25.33840 286.5179 36.41118 25.97366  9.144840 3.803831 3.874422
xbest 24.04282 171.2292 0.1039674 26.94285 286.5440 36.97983 24.42743  9.142176 3.101357 3.774760
xbest 24.01938 171.2292 0.1039674 26.94578 286.5440 36.98608 24.42743  9.142176 3.101357 3.774018
xbest 24.07857 159.0302 0.1068377 26.96494 286.5353 36.64557 24.97283  9.145043 3.751668 3.890443
xbest 24.07857 159.0302 0.1068377 26.96494 286.5353 36.64557 24.97283  9.145043 3.754793 3.890443
xbest 23.58604 160.2879 0.1086646 26.79850 286.5164 36.38008 25.01397  9.140972 4.261046 3.889070
xbest 23.74975 158.4894 0.1074690 26.75749 286.5364 36.59483 24.47842  9.124823 4.191535 3.891721
xbest 23.75238 158.9697 0.1076426 26.78658 286.5469 36.51492 24.92417  9.128974 4.197501 3.891118
xbest 23.75238 158.9260 0.1000000 26.83346 286.5516 36.51492 24.76167  9.128974 4.274617 3.885180
xbest 23.03014 164.3234 0.1037146 27.28396 286.5401 36.47016 25.06506  9.146020 4.078215 3.833505
xbest 23.03014 164.1672 0.1037146 27.28396 286.5401 36.47016 25.06506  9.146020 4.071965 3.833505
xbest 23.03014 164.1672 0.1037146 27.28396 286.5401 36.47016 25.06506  9.146020 4.071965 3.833505

$time
elapsed elapsed elapsed elapsed elapsed elapsed elapsed elapsed elapsed elapsed elapsed elapsed elapsed elapsed elapsed elapsed elapsed elapsed elapsed elapsed elapsed elapsed elapsed elapsed 
   1.99    5.30    7.14   12.61   15.16   19.97   22.55   30.50   32.94   36.24   46.19   48.83   63.03  127.47  129.61  165.78  167.10  169.64  188.05  190.66  195.69  336.78  338.22  937.36 

$neval
 [1]   106   268   370   664   807  1085  1226  1642  1778  1961  2514  2652  3415  6786  6877  8771  8844  8979  9928 10064 10336 17834 17916 50102

$fbest
[1] 167.9983

$xbest
 [1]  23.0301377 164.1671797   0.1037146  27.2839577 286.5401348  36.4701557  25.0650617   9.1460203   4.0719646   3.8335046

$numeval
[1] 50102

$end_crit
[1] 1

$cpu_time
elapsed 
 937.36 

$Refset
$Refset$x
          [,1]     [,2]      [,3]     [,4]     [,5]     [,6]     [,7]     [,8]     [,9]    [,10]
 [1,] 22.87707 166.0682 0.1062965 27.04748 286.5472 36.51105 24.97933 9.144717 4.174985 3.856047
 [2,] 22.87707 166.0680 0.1062965 27.04762 286.5472 36.51105 24.97935 9.144718 4.174904 3.856045
 [3,] 22.86678 166.1986 0.1063893 27.04798 286.5472 36.51173 24.98263 9.144700 4.172640 3.856170
 [4,] 22.87690 165.8782 0.1063767 27.04261 286.5473 36.51109 24.97918 9.144743 4.186684 3.856794
 [5,] 22.87691 165.8749 0.1063755 27.04262 286.5473 36.51109 24.97926 9.144742 4.186695 3.856796
 [6,] 22.85983 166.0829 0.1070314 27.04586 286.5473 36.51085 24.98174 9.144241 4.177498 3.858440
 [7,] 22.87755 166.0491 0.1066741 27.04753 286.5471 36.51109 24.97959 9.144412 4.171012 3.856569
 [8,] 22.87087 166.1316 0.1063753 27.04380 286.5472 36.51160 24.98096 9.144735 4.176106 3.856093
 [9,] 22.68025 166.5719 0.1094917 27.04675 286.5476 36.54104 24.88764 9.146266 4.184322 3.768869
[10,] 22.57860 166.1342 0.1064487 27.04674 286.5472 36.51519 24.97931 9.144728 4.176376 3.854301
[11,] 22.67109 165.8976 0.1067763 27.09336 286.5598 36.58560 24.78464 9.167165 4.178081 3.890632
[12,] 22.88208 165.7650 0.1061390 27.05506 286.5455 36.54306 24.95704 9.142101 4.174984 3.851449

$Refset$f
 [1] 169.4531 169.4531 169.4531 169.5313 169.5313 169.6510 169.6510 169.5608 195.4757 172.6059 232.9410 198.4219

$Refset$fpen
 [1] 169.4531 169.4531 169.4531 169.5313 169.5313 169.6510 169.6510 169.5608 195.4757 172.6059 232.9410 198.4219

$Refset$const
          [,1]     [,2]     [,3]     [,4]     [,5]
 [1,] 22.87250 31.82502 8.952517 1.524420 2.722331
 [2,] 22.87272 31.82510 8.952379 1.524420 2.722332
 [3,] 22.87534 31.82736 8.952019 1.524412 2.722563
 [4,] 22.85592 31.81332 8.957394 1.524412 2.722346
 [5,] 22.85592 31.81331 8.957383 1.524411 2.722353
 [6,] 22.86836 31.82250 8.954139 1.524402 2.722575
 [7,] 22.87652 31.82899 8.952467 1.524428 2.722322
 [8,] 22.86769 31.82389 8.956203 1.524421 2.722421
 [9,] 22.86243 31.81568 8.953252 1.524760 2.713107
[10,] 22.87037 31.82362 8.953259 1.524435 2.722077
[11,] 22.91528 31.82192 8.906641 1.523833 2.706648
[12,] 22.88008 31.82502 8.944937 1.524764 2.717996

$Refset$penalty
 [1] 0 0 0 0 0 0 0 0 0 0 0 0


