$f
 [1] 17301.7830  1738.7066  1195.2604  1048.9792  1023.8194   991.8056   960.7413   952.3854   942.3160   938.9444   922.5347   919.2604   869.1562   866.9219   862.5816   850.8472   824.7483
[18]   820.5903   814.3542   804.6302   798.0816   795.5365   795.1701   794.6076   794.3264   793.2101   793.1528   792.8212   791.7500   789.9514   781.3003   696.6597   694.2066   693.2396
[35]   692.2118   689.0226   684.3316   684.2292   683.6806   683.5799   683.4392   683.3351   683.1649   682.8455   682.7083   678.9965   675.0104   673.2517   669.9149   668.9479   668.7795
[52]   668.0347   667.1302   665.0868   664.7708   664.5486   663.8854   663.8229   663.5955   663.3368   663.3368

$x
          [,1]     [,2]      [,3]     [,4]     [,5]     [,6]     [,7]     [,8]     [,9]    [,10]
xbest 21.60793 260.2248 0.5251327 28.43658 286.7105 42.78668 24.88045 2.617945 4.161468 4.008213
xbest 20.62776 176.4028 0.2166750 15.10134 286.4557 47.99755 24.00000 2.148798 2.000000 1.364749
xbest 20.00000 156.4028 0.1265837 18.78305 286.3010 48.00000 24.00000 2.000000 2.000000 1.340268
xbest 20.02518 108.6159 0.8070763 26.78351 286.2972 35.43156 24.00000 2.628725 3.757061 4.433139
xbest 20.02542 104.6171 0.7007834 27.00968 286.5963 37.96634 24.00263 2.678018 3.678255 4.525416
xbest 20.02529 104.2011 0.7038400 26.96880 286.6354 37.96484 24.00328 2.679583 3.905954 4.455353
xbest 20.10958 100.6711 1.0000000 28.59976 286.5911 35.73874 24.40515 2.670309 3.866010 4.706680
xbest 20.06594 104.1488 0.7327402 27.84195 286.6405 36.98817 24.09828 2.678771 3.884988 4.463345
xbest 20.00528 100.0000 0.5543380 29.53967 286.5311 36.92200 24.00000 2.861955 2.967351 5.000000
xbest 20.08644 102.3110 1.0000000 28.38337 286.5609 36.42481 24.26709 2.619413 3.845325 4.317875
xbest 20.08644 102.3110 0.9982422 28.38337 286.5609 36.62481 24.59209 2.619413 3.790400 4.370982
xbest 20.03457 103.2824 0.8094549 27.20262 286.5322 35.72553 24.19688 3.256957 4.146122 4.506280
xbest 20.00000 100.0000 0.7419549 27.19280 286.5322 36.52553 24.19688 3.256957 4.285876 4.824919
xbest 20.03445 103.2240 0.1001234 27.20961 286.2578 47.11854 24.02032 2.079015 2.045632 4.001513
xbest 20.03445 103.2240 0.1001234 27.20961 286.2203 47.11854 24.02032 2.066515 2.045632 4.001513
xbest 20.03738 104.8769 0.1000138 26.65021 286.3673 47.29491 24.01449 2.031258 2.240814 3.211196
xbest 20.04712 118.1298 0.1000000 27.83788 286.5586 35.87353 24.31106 2.847550 3.006183 4.487857
xbest 20.04712 118.7548 0.1000000 27.83788 286.5399 35.87353 24.47356 2.847550 2.981183 4.487857
xbest 20.00042 103.7040 0.1007742 29.12031 286.5627 36.54449 24.22565 2.000000 3.136377 4.971175
xbest 20.00042 103.7040 0.1000000 29.12031 286.5627 36.54449 24.55065 2.000000 3.136377 4.971175
xbest 20.00113 103.7799 0.1000000 29.02313 286.4335 36.50491 24.00000 5.785393 2.974494 4.718804
xbest 20.00113 103.7799 0.1000000 29.02313 286.4335 36.50491 24.00000 5.791643 2.986994 4.718804
xbest 20.00173 107.5390 0.1002642 28.14710 286.5500 36.70267 24.38573 2.139536 3.344663 4.697186
xbest 20.00173 107.5390 0.1002642 28.14710 286.5500 36.70267 24.38573 2.152036 3.344663 4.697186
xbest 20.00591 104.4667 0.1005702 28.46521 286.5554 36.68693 24.32066 2.161828 3.404131 4.487194
xbest 20.00000 104.4667 0.1005702 28.46521 286.5554 36.68693 24.32066 2.211828 3.404131 4.867380
xbest 20.00653 104.8038 0.1001041 28.41733 286.5494 36.71691 24.24845 2.227055 3.400769 4.603227
xbest 20.01384 104.7224 0.1002342 28.47209 286.5511 36.70929 24.28587 2.221037 3.375517 4.600486
xbest 20.01037 103.9552 0.1023144 28.39450 286.5560 36.85729 24.22419 2.211845 3.429961 4.706921
xbest 20.00000 103.9552 0.1023144 28.39450 286.5560 36.85729 24.22419 2.211845 3.429961 4.706921
xbest 21.22749 101.6597 0.1008268 28.59559 286.6302 36.90419 24.14085 6.308735 2.660386 4.701560
xbest 21.22749 100.1562 0.1000000 28.87684 286.6302 36.90419 24.00000 5.883735 2.604136 4.464060
xbest 20.00904 104.4166 0.1000002 28.11324 286.6025 36.79134 24.03933 5.855880 3.283755 4.738631
xbest 20.00000 104.4166 0.1000002 28.11470 286.6025 36.79134 24.03933 5.855880 3.283755 4.738631
xbest 20.01587 103.9962 0.1000527 28.51723 286.5595 36.77281 24.04784 5.862405 3.247921 4.702687
xbest 20.01769 104.2504 0.1000522 28.49055 286.5490 36.77206 24.03845 5.869711 3.237425 4.728829
xbest 20.01769 104.2504 0.1000522 28.49055 286.5490 36.77206 24.03845 5.875961 3.274925 4.752579
xbest 20.01164 104.1251 0.1000477 28.59687 286.5593 36.77742 24.04372 5.872176 3.227569 4.711180
xbest 20.01394 104.4237 0.1000488 28.57241 286.5554 36.77817 24.04764 5.872446 3.229578 4.664451
xbest 20.01267 104.1174 0.1000420 28.60250 286.5557 36.77836 24.04333 5.872614 3.225385 4.710444
xbest 20.03925 104.0964 0.1000100 28.61699 286.5510 36.77171 24.03580 5.874393 3.222455 4.712527
xbest 20.02324 104.2344 0.1000983 28.53402 286.5514 36.77985 24.03593 5.872683 3.244633 4.694694
xbest 20.01524 104.4176 0.1000763 28.58176 286.5447 36.76614 24.00000 5.871657 3.213658 4.701330
xbest 20.03459 104.4706 0.1000991 28.93496 286.5500 36.77160 24.03302 5.871994 3.019847 4.698624
xbest 20.02725 105.0316 0.1013322 28.20597 286.5451 36.75499 24.04242 5.891364 3.222178 4.301872
xbest 20.04829 104.8909 0.1022145 27.95483 286.5411 36.74782 24.05024 5.904243 3.293681 4.030829
xbest 20.04829 104.8909 0.1029176 27.95483 286.5786 36.74782 24.00000 5.904243 3.293681 4.030829
xbest 20.02747 104.9042 0.1009426 28.20317 286.5481 36.76476 24.03662 5.893745 3.202137 4.361163
xbest 20.00000 104.9042 0.1009426 28.20317 286.5481 36.76476 24.03662 5.893745 3.202137 4.361163
xbest 20.02557 104.7961 0.1016208 28.17829 286.5454 36.76476 24.03907 5.896836 3.205868 4.338327
xbest 20.02507 104.8232 0.1020706 28.19903 286.5460 36.76337 24.04031 5.896841 3.191587 4.329469
xbest 20.02551 104.4416 0.1020037 28.22448 286.5418 36.72224 24.05321 5.896512 3.194042 4.324988
xbest 20.02366 104.8448 0.1021804 28.22709 286.5475 36.76348 24.04171 5.896817 3.175590 4.316509
xbest 20.02379 104.8697 0.1026132 28.34208 286.5524 36.76322 24.04898 5.896587 3.108035 4.315505
xbest 20.01827 104.4290 0.1027108 28.32237 286.5481 36.75417 24.05427 5.896261 3.156545 4.315461
xbest 20.02107 104.7903 0.1028778 28.23034 286.5477 36.75572 24.04232 5.896842 3.174636 4.321575
xbest 20.02478 104.7981 0.1033247 28.20303 286.5372 36.75357 24.04155 5.898203 3.172714 4.296205
xbest 20.02117 104.7505 0.1033167 28.23145 286.5479 36.75505 24.04728 5.896809 3.174901 4.322000
xbest 20.02389 104.8373 0.1035632 28.20421 286.5466 36.76121 24.03427 5.896959 3.170900 4.326998
xbest 20.02389 104.8373 0.1035632 28.20421 286.5466 36.76121 24.00000 5.896959 3.170900 4.326998
xbest 20.02389 104.8373 0.1035632 28.20421 286.5466 36.76121 24.00000 5.896959 3.170900 4.326998

$time
elapsed elapsed elapsed elapsed elapsed elapsed elapsed elapsed elapsed elapsed elapsed elapsed elapsed elapsed elapsed elapsed elapsed elapsed elapsed elapsed elapsed elapsed elapsed elapsed elapsed 
   2.15    6.31    8.81   14.54   17.78   20.42   25.62   30.73   33.29   35.62   37.39   57.92   64.98  134.40  135.70  164.51  167.53  169.00  209.31  210.46  227.06  232.17  280.53  281.60  298.95 
elapsed elapsed elapsed elapsed elapsed elapsed elapsed elapsed elapsed elapsed elapsed elapsed elapsed elapsed elapsed elapsed elapsed elapsed elapsed elapsed elapsed elapsed elapsed elapsed elapsed 
 304.68  318.37  387.76  416.90  417.90  437.92  442.04  476.73  478.32  486.81  498.32  501.81  510.73  517.82  524.42  589.15  609.54  642.57  667.04  681.14  687.57  690.89  720.17  721.25  730.67 
elapsed elapsed elapsed elapsed elapsed elapsed elapsed elapsed elapsed elapsed elapsed 
 732.79  734.90  736.82  739.03  743.43  751.42  753.64  759.87  774.43  790.09  824.06 

$neval
 [1]   106   280   420   722   866  1009  1290  1567  1705  1840  1939  3044  3435  7241  7320  8548  8684  8773 11078 11161 12256 12604 15722 15795 16887 17256 18087 22547 24491 24565 25808 26097
[33] 28172 28273 28822 29507 29733 30277 30689 31094 35178 36470 38605 40287 41177 41585 41813 43623 43697 44256 44397 44533 44671 44813 45092 45575 45714 46122 47012 48041 50111

$fbest
[1] 663.3368

$xbest
 [1]  20.0238886 104.8372745   0.1035632  28.2042142 286.5465666  36.7612077  24.0000000   5.8969594   3.1708996   4.3269982

$numeval
[1] 50111

$end_crit
[1] 1

$cpu_time
elapsed 
 824.06 

$Refset
$Refset$x
           [,1]        [,2]        [,3]      [,4]       [,5]      [,6]       [,7]       [,8]      [,9]    [,10]
 [1,]  20.02389   0.1035632 286.5465666 24.000000   3.170900  20.02389  0.1035632 286.546567 24.000000 3.170900
 [2,] 104.83727  28.2042142  36.7612077  5.896959   4.326998 104.83727 28.2042142  36.761208  5.896959 4.326998
 [3,]  20.02417 104.8956158   0.1035675 28.201043 286.546540  36.75950 24.0397564   5.897229  3.166473 4.317744
 [4,]  20.02338 104.8681104   0.1035599 28.207480 286.546410  36.75903 24.0414495   5.897113  3.166434 4.320463
 [5,]  20.02170 104.8514466   0.1035512 28.211740 286.546136  36.75895 24.0365482   5.896983  3.166949 4.319771
 [6,]  20.02216 104.8296092   0.1034986 28.208467 286.547299  36.75521 24.0438423   5.896770  3.170545 4.320314
 [7,]  20.02365 104.8490481   0.1035275 28.209537 286.546511  36.75799 24.0420173   5.897080  3.167428 4.319054
 [8,]  20.02211 104.7494997   0.1033186 28.231849 286.548019  36.75470 24.0497772   5.896799  3.174697 4.321545
 [9,]  20.02353 104.7455263   0.1033160 28.234756 286.546746  36.75549 24.0483301   5.897007  3.171096 4.319468
[10,]  20.02487 104.8394328   0.1031973 28.210419 286.545753  36.74994 24.0430646   5.896724  3.178430 4.320162
[11,]  20.00698 144.2292854   0.1069032 23.626743 286.553112  36.58152 24.0111333   5.990615  3.245152 2.545120
[12,]  20.01028 157.3127900   0.1128401 25.535946 286.486104  32.20248 24.0254502   5.827564  3.283135 4.317704

$Refset$f
 [1]  663.3368  663.3368  663.5069  663.5069  663.5955  663.7083  663.5955  663.8229  663.8229  663.9340  750.7639 1116.8750

$Refset$fpen
 [1]  663.3368  663.3368  663.5069  663.5069  663.5955  663.7083  663.5955  663.8229  663.8229  663.9340  750.7639 1116.8750

$Refset$const
          [,1]      [,2]      [,3]      [,4]     [,5]
 [1,] 25.03331  7.795786  2.629020 32.829100 1.528068
 [2,] 32.82910  1.528068 25.033315  7.795786 2.629020
 [3,] 25.03457 32.833527  7.798957  1.527956 2.632230
 [4,] 25.04105 32.833566  7.792520  1.527964 2.632342
 [5,] 25.04479 32.833051  7.788260  1.528008 2.631860
 [6,] 25.03792 32.829455  7.791533  1.527854 2.633049
 [7,] 25.04211 32.832572  7.790463  1.527950 2.632476
 [8,] 25.05715 32.825303  7.768151  1.527758 2.633803
 [9,] 25.06366 32.828904  7.765244  1.527902 2.633189
[10,] 25.03199 32.821570  7.789581  1.528014 2.632701
[11,] 20.38159 32.754848 12.373257  1.526990 2.641585
[12,] 22.25281 32.716865 10.464054  1.522747 2.898332

$Refset$penalty
 [1] 0 0 0 0 0 0 0 0 0 0 0 0


