$f
[1] 517.9444 513.1111 357.6632 354.8819 346.0712 318.0885 189.8351 189.8351

$x
          [,1]     [,2]      [,3]     [,4]     [,5]     [,6]     [,7]     [,8]     [,9]    [,10]
xbest 24.09590 383.1785 0.3515270 15.87714 285.8442 33.16053 29.85645 4.836329 6.814963 1.853870
xbest 24.80494 414.5968 0.3181469 15.00000 286.5193 35.81743 29.87429 4.462667 7.626249 1.908187
xbest 24.80494 394.5968 0.4081469 15.00000 286.5147 35.81743 29.87429 4.562667 7.526249 2.003187
xbest 25.47264 400.3938 0.4112992 15.01806 286.4761 35.22103 29.82002 4.554819 7.529598 2.374788
xbest 25.47264 400.3938 0.4253617 15.00000 286.4761 35.22103 29.49502 4.554819 7.529598 2.446038
xbest 24.63708 382.3626 0.3479215 15.10612 286.2616 45.10938 25.73278 7.651085 2.621051 2.955129
xbest 24.70146 401.3378 1.0000000 15.10612 286.2542 45.10938 26.05778 7.649552 3.466861 2.955129
xbest 24.70146 401.3378 1.0000000 15.10612 286.2542 45.10938 26.05778 7.649552 3.466861 2.955129

$time
elapsed elapsed elapsed elapsed elapsed elapsed elapsed elapsed 
   1.72    4.04    5.54   36.40   37.82   44.36   63.90  777.88 

$neval
[1]   106   256   356  2289  2389  2791  3924 50133

$fbest
[1] 189.8351

$xbest
 [1]  24.701457 401.337763   1.000000  15.106116 286.254156  45.109381  26.057781   7.649552   3.466861   2.955129

$numeval
[1] 50133

$end_crit
[1] 1

$cpu_time
elapsed 
 777.88 

$Refset
$Refset$x
          [,1]     [,2]      [,3]     [,4]     [,5]     [,6]     [,7]     [,8]     [,9]    [,10]
 [1,] 27.49629 390.9527 0.3097546 15.00322 286.4568 35.17068 28.32231 4.406152 7.000624 1.805601
 [2,] 27.49692 391.0307 0.3097468 15.00332 286.4545 35.16814 28.32500 4.406110 6.997601 1.805584
 [3,] 27.49724 391.0131 0.3098398 15.00333 286.4568 35.16900 28.33443 4.406036 6.998739 1.805578
 [4,] 27.49093 391.0516 0.3097621 15.00329 286.4554 35.16878 28.32727 4.406148 6.999519 1.805616
 [5,] 27.48736 391.0239 0.3097654 15.00315 286.4557 35.17055 28.32422 4.406270 7.001462 1.805747
 [6,] 27.49932 390.9924 0.3097969 15.00333 286.4561 35.17030 28.32528 4.406121 6.998127 1.805679
 [7,] 27.49341 390.9972 0.3096692 15.00360 286.4548 35.17292 28.31990 4.407977 6.997597 1.807444
 [8,] 27.49766 391.0106 0.3097561 15.00331 286.4557 35.16867 28.32519 4.406127 6.998694 1.805618
 [9,] 27.51157 391.0934 0.3097657 15.00365 286.4556 35.16878 28.32783 4.406607 6.993426 1.810738
[10,] 27.59836 389.6351 0.3097803 15.00329 286.4553 35.16984 28.32501 4.405770 7.002831 1.805558
[11,] 27.52819 391.1757 0.3131457 15.00329 286.4566 35.19831 28.32571 4.410816 6.996168 1.809171
[12,] 30.70485 379.7855 0.2474265 15.31404 286.4655 33.90087 28.37558 4.685148 6.780615 1.944580

$Refset$f
 [1] 299.3160 299.3160 299.3160 299.3160 299.3160 299.3976 299.4271 299.6233 299.6684 300.0538 302.3073 590.0278

$Refset$fpen
 [1] 299.3160 299.3160 299.3160 299.3160 299.3160 299.3976 299.4271 299.6233 299.6684 300.0538 302.3073 590.0278

$Refset$const
          [,1]     [,2]     [,3]     [,4]     [,5]
 [1,] 8.002595 28.99938 20.99678 1.515899 3.100198
 [2,] 8.005721 29.00240 20.99668 1.516158 3.099761
 [3,] 8.004587 29.00126 20.99667 1.515827 3.101661
 [4,] 8.003772 29.00048 20.99671 1.516035 3.100331
 [5,] 8.001688 28.99854 20.99685 1.516029 3.099945
 [6,] 8.005203 29.00187 20.99667 1.515971 3.100255
 [7,] 8.006005 29.00240 20.99640 1.516175 3.098893
 [8,] 8.004618 29.00131 20.99669 1.516012 3.100229
 [9,] 8.010220 29.00657 20.99635 1.516007 3.100478
[10,] 8.000454 28.99717 20.99671 1.516076 3.099914
[11,] 8.007125 29.00383 20.99671 1.516025 3.098072
[12,] 8.533422 29.21939 20.68596 1.508245 3.230473

$Refset$penalty
 [1] 0 0 0 0 0 0 0 0 0 0 0 0


