$f
 [1] 34179.5677  1124.0747   730.6753   695.8785   691.2830   686.3941   685.0469   680.3090   679.4826   677.6059   670.1545   663.7135   661.4948   651.7795   651.1337   650.8663   650.5538
[18]   649.9965   649.5312   649.3715   648.8108   648.6753   647.7361   646.9965   646.8264   646.0347   645.9566   645.9236   645.8854   645.8403   645.7622   645.6875   645.1927   645.1927

$x
          [,1]     [,2]      [,3]     [,4]     [,5]     [,6]     [,7]     [,8]     [,9]    [,10]
xbest 27.69158 230.6590 0.4667596 24.11329 286.4692 42.59056 24.25251 6.809976 4.707799 4.706838
xbest 20.00000 100.0000 0.4366874 29.15532 286.3565 37.50424 24.00000 5.445606 2.000000 4.914140
xbest 20.00000 100.0000 0.5166961 26.46946 286.7215 37.50424 24.00000 4.879920 3.458173 2.360601
xbest 20.10050 100.1058 0.4898042 25.14027 286.6390 37.30002 24.00214 4.869629 3.723077 2.705002
xbest 20.14277 100.0000 0.4903268 25.07120 286.6366 37.27938 24.01128 4.869676 3.985285 2.611438
xbest 20.03897 100.7665 0.5903355 25.94028 286.6487 36.85506 24.43815 4.856589 3.557972 2.742145
xbest 20.02230 100.6227 0.6721837 26.30698 286.6531 36.91588 24.63065 4.859426 3.469386 2.732681
xbest 20.00000 100.6227 0.6271837 26.30698 286.6489 36.91588 24.79315 4.859426 3.469386 2.803931
xbest 20.07394 100.0000 0.4646138 24.94592 286.6403 37.22434 24.08084 4.895081 3.799969 2.724200
xbest 20.07405 100.0827 0.3580521 25.18804 286.6395 37.20480 24.11207 4.892279 3.675534 2.683017
xbest 20.07409 100.0690 0.3146497 25.32663 286.6395 37.19812 24.13001 4.891603 3.621708 2.657559
xbest 20.07235 100.0020 0.2531798 24.76859 286.6286 37.19379 24.16234 4.889325 4.271766 2.579392
xbest 20.09461 100.0913 0.3143054 25.62575 286.6362 37.21283 24.11307 4.897910 3.461163 2.649922
xbest 20.07498 100.1059 0.3092408 25.37411 286.6302 37.19931 24.12561 4.891817 3.682060 2.608635
xbest 20.06287 100.1071 0.3102905 25.29033 286.6279 37.19807 24.12928 4.891095 3.771096 2.620406
xbest 20.06287 100.1071 0.3102905 25.29033 286.6279 37.19807 24.12928 4.891095 3.777346 2.620406
xbest 20.10313 100.2597 0.3039774 25.54514 286.6336 37.21615 24.14466 4.890461 3.559784 2.625247
xbest 20.08983 100.2002 0.3057857 25.54491 286.6343 37.20026 24.15795 4.894373 3.543277 2.612680
xbest 20.08613 100.1467 0.3049173 25.42976 286.6343 37.19431 24.16478 4.895120 3.657259 2.603944
xbest 20.08613 100.1467 0.3049173 25.43049 286.6343 37.19431 24.16478 4.895120 3.657259 2.603202
xbest 20.08957 100.2138 0.3028298 25.54831 286.6332 37.20735 24.14603 4.898893 3.532493 2.585841
xbest 20.09543 100.2138 0.3028298 25.54904 286.6332 37.20735 24.14603 4.898893 3.532493 2.585841
xbest 20.10057 100.4848 0.3037401 25.54365 286.6290 37.20938 24.14296 4.950085 3.482193 2.733722
xbest 20.10057 100.4848 0.3037401 25.54365 286.6290 37.20938 24.14296 4.950085 3.491568 2.733722
xbest 20.10103 100.3985 0.3041996 25.54381 286.6291 37.20941 24.13974 4.951074 3.488957 2.712095
xbest 20.10103 100.3985 0.3041996 25.54381 286.6291 37.20941 24.13974 4.951074 3.498332 2.712095
xbest 20.09548 100.5126 0.3088501 25.51101 286.6276 37.20678 24.14500 4.950801 3.503529 2.710052
xbest 20.09469 100.5520 0.3109847 25.44109 286.6313 37.19880 24.15024 4.950159 3.548232 2.727528
xbest 20.09469 100.5520 0.3109847 25.44109 286.6313 37.19880 24.15024 4.950159 3.551357 2.727528
xbest 20.09487 100.5522 0.3107069 25.49349 286.6277 37.19693 24.15352 4.949217 3.458749 2.503936
xbest 20.09354 100.4978 0.3100229 25.49573 286.6258 37.18082 24.16077 4.947837 3.475460 2.505611
xbest 20.08495 100.5580 0.3106934 25.49350 286.6259 37.19215 24.15695 4.949259 3.475537 2.503919
xbest 20.08678 100.5902 0.3105973 25.47520 286.6265 37.19999 24.15878 4.948029 3.480626 2.491584
xbest 20.08678 100.5902 0.3105973 25.47520 286.6265 37.19999 24.15878 4.948029 3.480626 2.491584

$time
elapsed elapsed elapsed elapsed elapsed elapsed elapsed elapsed elapsed elapsed elapsed elapsed elapsed elapsed elapsed elapsed elapsed elapsed elapsed elapsed elapsed elapsed elapsed elapsed elapsed 
   1.74    5.13    7.71   23.41   25.50   27.52   29.55   31.10   33.55   35.97   38.69   43.36   45.60   47.83   52.16   55.21   76.11   78.41   98.16  103.80  208.11  209.32  282.69  283.89  306.05 
elapsed elapsed elapsed elapsed elapsed elapsed elapsed elapsed elapsed 
 307.10  436.39  571.25  572.36  581.35  667.11  697.28  711.82  801.89 

$neval
 [1]   106   281   463  1472  1616  1755  1895  1996  2140  2276  2413  2690  2832  2972  3252  3462  4690  4828  5995  6341 12792 12871 17415 17491 18836 18912 27124 35693 35766 36302 41726 43552
[33] 44429 50031

$fbest
[1] 645.1927

$xbest
 [1]  20.0867803 100.5901584   0.3105973  25.4752047 286.6265020  37.1999948  24.1587811   4.9480295   3.4806257   2.4915842

$numeval
[1] 50031

$end_crit
[1] 1

$cpu_time
elapsed 
 801.89 

$Refset
$Refset$x
          [,1]     [,2]      [,3]     [,4]     [,5]     [,6]     [,7]     [,8]     [,9]    [,10]
 [1,] 20.08438 100.5976 0.3108573 25.49396 286.6267 37.19576 24.15860 4.949035 3.470368 2.494986
 [2,] 20.08417 100.5720 0.3107457 25.48828 286.6277 37.20264 24.15586 4.949272 3.474807 2.495121
 [3,] 20.08373 100.5598 0.3110550 25.46709 286.6263 37.19408 24.16721 4.949488 3.491134 2.498118
 [4,] 20.08391 100.5830 0.3106873 25.49326 286.6265 37.19706 24.15836 4.949292 3.472578 2.495119
 [5,] 20.08397 100.6031 0.3104271 25.48886 286.6262 37.19923 24.15794 4.949561 3.473236 2.494730
 [6,] 20.08465 100.5838 0.3106168 25.48488 286.6256 37.19878 24.15673 4.949393 3.476100 2.494594
 [7,] 20.08349 100.5955 0.3105259 25.48798 286.6260 37.19689 24.15739 4.949392 3.474115 2.494359
 [8,] 20.08707 100.5861 0.3107840 25.48015 286.6267 37.20015 24.15309 4.949363 3.476916 2.497787
 [9,] 20.08397 100.5892 0.3108369 25.49350 286.6266 37.19573 24.15837 4.949150 3.471905 2.495034
[10,] 20.09455 100.5901 0.3065062 25.49239 286.6268 37.19128 24.18624 4.949447 3.464079 2.493146
[11,] 20.08379 100.5125 0.3154510 25.45624 286.6267 37.19765 24.15756 4.949296 3.491132 2.498094
[12,] 20.10487 100.5777 0.3120730 25.45611 286.6302 37.21505 24.16043 4.946865 3.484892 2.499050

$Refset$f
 [1] 645.1927 645.1927 645.1927 645.1927 645.1927 645.1927 645.1927 645.1927 645.1927 647.6076 647.5660 648.8889

$Refset$fpen
 [1] 645.1927 645.1927 645.1927 645.1927 645.1927 645.1927 645.1927 645.1927 645.1927 647.6076 647.5660 648.8889

$Refset$const
          [,1]     [,2]     [,3]     [,4]     [,5]
 [1,] 22.02359 32.52963 10.50604 1.519760 2.648656
 [2,] 22.01348 32.52519 10.51172 1.519669 2.648481
 [3,] 21.97596 32.50887 10.53291 1.519767 2.649291
 [4,] 22.02068 32.52742 10.50674 1.519782 2.648504
 [5,] 22.01562 32.52676 10.51114 1.519819 2.648253
 [6,] 22.00878 32.52390 10.51512 1.519883 2.647968
 [7,] 22.01387 32.52589 10.51202 1.519837 2.648258
 [8,] 22.00323 32.52308 10.51985 1.519776 2.648030
 [9,] 22.02159 32.52810 10.50650 1.519767 2.648617
[10,] 22.02831 32.53592 10.50761 1.519652 2.651105
[11,] 21.96510 32.50887 10.54376 1.519763 2.648490
[12,] 21.97122 32.51511 10.54389 1.519407 2.649146

$Refset$penalty
 [1] 0 0 0 0 0 0 0 0 0 0 0 0


