$f
 [1] 5386.7396 1575.9740 1431.7587 1256.6250 1190.2257 1082.1441 1056.4201 1042.3767 1036.7066 1023.4167 1012.6736 1008.2535 1006.4653  840.0469  831.5781  830.1285  814.6302  809.7101  786.1389
[20]  783.9167  779.3542  779.3385  767.2587  756.8976  752.4705  737.8524  734.0000  732.2378  722.5174  722.2934  722.1337  722.0156  721.7812  721.2465  721.0677  720.3003  719.8559  719.6910
[39]  719.6094  719.6094

$x
          [,1]     [,2]      [,3]     [,4]     [,5]     [,6]     [,7]     [,8]     [,9]    [,10]
xbest 22.46675 192.0347 0.5225676 15.21307 284.5182 41.51003 26.91518 2.805214 4.975454 2.567971
xbest 20.33998 270.8276 0.2769937 19.63037 286.4427 47.61496 24.85998 2.509248 2.788800 2.680862
xbest 20.33998 285.2026 0.1898062 19.63037 286.4333 48.00000 24.81936 2.509248 2.751300 2.633362
xbest 21.63340 222.4655 0.5092821 22.50917 286.5500 38.74826 25.17375 2.906628 5.109602 2.427241
xbest 22.09763 202.5297 0.5053315 23.52340 286.5707 38.60413 25.33102 2.925632 5.474697 2.028472
xbest 22.21481 193.3488 0.5448632 25.22968 286.5839 36.95927 25.68451 3.027637 5.465106 1.797594
xbest 21.81120 177.3651 0.4060666 23.66468 286.5204 37.36296 24.25319 3.859068 6.572370 3.078551
xbest 21.56035 250.5514 0.9231004 22.21001 286.6830 44.34019 24.98424 3.416551 3.064361 2.054340
xbest 21.75490 246.1883 0.8053411 22.20382 286.6385 42.60818 25.45368 3.598887 4.177216 2.509309
xbest 21.77050 234.7857 0.9566386 22.56642 286.8043 44.92966 25.50762 3.574128 3.177726 1.802570
xbest 21.62987 234.7857 0.9971875 22.56642 286.8090 44.92966 25.50762 3.574128 3.180851 1.801086
xbest 21.76067 234.8018 0.8998060 22.56317 286.8134 44.93521 25.48713 3.598106 3.448446 1.838564
xbest 21.75417 234.8069 0.9014397 22.56064 286.8134 44.93720 25.48368 3.597011 3.432638 1.834342
xbest 22.04081 205.8375 0.6936132 23.00705 286.6396 42.18095 26.65316 3.987004 4.074497 1.200000
xbest 22.04081 205.8375 0.7161132 23.00705 286.6021 42.18095 26.65316 3.987004 4.074497 1.200000
xbest 21.87173 216.2804 0.8292437 24.01337 286.5941 42.25425 26.23248 4.045308 3.014652 1.357820
xbest 21.87173 213.5428 0.9084592 24.01337 286.5958 42.25425 26.27142 4.045308 3.314652 1.357820
xbest 22.05284 206.6681 0.7593549 22.72799 286.5714 42.27081 26.29607 4.082346 4.287688 1.319086
xbest 22.01353 206.6681 0.7589619 22.75142 286.5996 42.27081 26.45857 4.089333 4.337688 1.319086
xbest 21.79366 214.5310 0.7765017 22.62941 286.5785 42.45561 26.03605 4.057829 4.252074 1.353253
xbest 21.79366 214.5310 0.7765017 22.62941 286.5598 42.45561 26.03605 4.057829 4.252074 1.350284
xbest 21.16781 220.3186 0.7723031 22.69938 286.5790 42.47780 25.88488 4.085914 4.277977 1.351723
xbest 21.16781 219.6936 0.7694906 22.88688 286.5415 42.47780 25.88488 4.085914 4.352977 1.351723
xbest 20.55082 230.9084 0.7810969 22.46618 286.5485 42.50361 25.89866 4.119491 4.440997 1.326312
xbest 20.56712 232.2039 0.7966328 22.42212 286.5483 42.52021 25.80884 4.129118 4.498577 1.320806
xbest 20.54628 236.4661 0.9163065 22.39371 286.5428 42.52406 25.77166 4.135483 4.604931 1.314175
xbest 20.42536 236.9001 0.9360713 22.32602 286.5387 42.55611 25.76598 4.134175 4.694045 1.314973
xbest 20.36016 237.4213 0.9566332 22.16948 286.5409 42.55591 25.76587 4.135151 4.815272 1.315012
xbest 20.25020 236.1459 1.0000000 22.12208 286.5403 42.54278 25.76782 4.136045 5.002981 1.312423
xbest 20.25606 236.1459 1.0000000 22.12208 286.5403 42.54278 25.76782 4.136045 5.002981 1.312423
xbest 20.16252 236.2634 0.9837988 22.56122 286.5550 42.51475 25.84857 4.133823 4.774927 1.322881
xbest 20.15583 235.9892 0.9864892 22.55614 286.5550 42.51482 25.84850 4.133832 4.780464 1.322877
xbest 20.14073 236.3968 0.9806183 22.54264 286.5550 42.51508 25.84661 4.133675 4.783716 1.322917
xbest 20.11424 236.7597 0.9795498 22.51802 286.5551 42.51971 25.84432 4.133676 4.808477 1.321894
xbest 20.10997 236.2354 0.9931208 22.53354 286.5552 42.51434 25.84521 4.133786 4.828286 1.323734
xbest 20.10656 236.3377 0.9978839 22.52985 286.5550 42.52062 25.84324 4.133712 4.825425 1.321632
xbest 20.10545 236.2362 1.0000000 22.53089 286.5550 42.52060 25.84370 4.133750 4.829473 1.321588
xbest 20.10802 236.0647 0.9977317 22.51484 286.5553 42.52321 25.84368 4.135574 4.843862 1.321536
xbest 20.10883 235.9198 0.9998430 22.52435 286.5553 42.52273 25.84492 4.136137 4.844509 1.322350
xbest 20.10883 235.9198 0.9998430 22.52435 286.5553 42.52273 25.84492 4.136137 4.844509 1.322350

$time
elapsed elapsed elapsed elapsed elapsed elapsed elapsed elapsed elapsed elapsed elapsed elapsed elapsed elapsed elapsed elapsed elapsed elapsed elapsed elapsed elapsed elapsed elapsed elapsed elapsed 
   2.00    5.59    8.01   10.66   13.09   15.59   17.98   24.42   29.59   31.94   33.61   38.03   40.28   46.75   57.25  107.69  109.81  136.64  138.58  194.09  195.48  222.09  223.73  228.53  230.81 
elapsed elapsed elapsed elapsed elapsed elapsed elapsed elapsed elapsed elapsed elapsed elapsed elapsed elapsed elapsed 
 238.26  243.17  246.06  248.28  249.41  351.22  354.87  363.98  366.47  368.72  373.84  381.92  433.70  471.47  863.70 

$neval
 [1]   106   265   402   550   699   846   987  1404  1683  1819  1923  2198  2334  2736  3355  6178  6301  7937  8054 11161 11241 12744 12841 13118 13253 13676 13953 14093 14234 14307 20065 20272
[33] 20815 20952 21086 21357 21835 24902 26997 50117

$fbest
[1] 719.6094

$xbest
 [1]  20.108827 235.919827   0.999843  22.524350 286.555322  42.522729  25.844925   4.136137   4.844509   1.322350

$numeval
[1] 50117

$end_crit
[1] 1

$cpu_time
elapsed 
  863.7 

$Refset
$Refset$x
          [,1]     [,2]      [,3]     [,4]     [,5]     [,6]     [,7]     [,8]     [,9]    [,10]
 [1,] 20.10800 235.9371 0.9995537 22.52409 286.5552 42.52245 25.84468 4.136883 4.843490 1.321994
 [2,] 20.10767 235.9447 0.9996086 22.52418 286.5550 42.52248 25.84265 4.135719 4.844311 1.321965
 [3,] 20.10817 235.8852 0.9993494 22.52468 286.5550 42.52233 25.84256 4.136622 4.845253 1.322196
 [4,] 20.10515 235.9664 0.9992148 22.52477 286.5551 42.52233 25.84462 4.136162 4.844282 1.322151
 [5,] 20.10861 235.9807 0.9992761 22.52078 286.5551 42.52153 25.84495 4.136326 4.844481 1.322143
 [6,] 20.10606 235.9624 0.9991484 22.52481 286.5552 42.52178 25.84442 4.136118 4.844162 1.322287
 [7,] 20.10523 235.9484 0.9986210 22.52495 286.5551 42.52207 25.84459 4.136454 4.844803 1.322100
 [8,] 20.10765 235.9353 0.9992929 22.52366 286.5552 42.52251 25.84394 4.136375 4.844706 1.322027
 [9,] 20.10754 235.3306 0.9980724 22.52508 286.5548 42.52284 25.83137 4.133457 4.852178 1.321774
[10,] 20.27657 238.9423 0.9872370 20.44868 286.3922 42.23636 26.05144 4.257301 5.142411 1.321911
[11,] 20.68270 216.1779 0.9994441 22.42448 286.5584 42.52168 25.64211 4.246266 4.903184 1.279301
[12,] 20.00000 222.0503 0.3598721 23.26113 286.6659 44.65310 28.74457 4.146192 4.364618 1.352501

$Refset$f
 [1]  719.6094  719.6094  719.6094  719.6094  719.6094  719.6094  719.6094  719.6094  723.4896  878.2917  896.6684 1360.5625

$Refset$fpen
 [1]  719.6094  719.6094  719.6094  719.6094  719.6094  719.6094  719.6094  719.6094  723.4896  878.2917  896.6684 1360.5625

$Refset$const
          [,1]     [,2]     [,3]     [,4]     [,5]
 [1,] 17.68060 31.15651 13.47591 1.531105 2.506268
 [2,] 17.67987 31.15569 13.47582 1.531121 2.506097
 [3,] 17.67943 31.15475 13.47532 1.531120 2.506098
 [4,] 17.68049 31.15572 13.47523 1.531111 2.506251
 [5,] 17.67630 31.15552 13.47922 1.531114 2.506284
 [6,] 17.68064 31.15584 13.47519 1.531100 2.506293
 [7,] 17.68015 31.15520 13.47505 1.531114 2.506245
 [8,] 17.67895 31.15529 13.47634 1.531108 2.506215
 [9,] 17.67290 31.14782 13.47492 1.531167 2.505280
[10,] 15.30627 30.85759 15.55132 1.546946 2.476927
[11,] 17.52130 31.09682 13.57552 1.531112 2.494612
[12,] 18.89651 31.63538 12.73887 1.516175 2.646615

$Refset$penalty
 [1] 0 0 0 0 0 0 0 0 0 0 0 0


