$f
 [1] 4030.7726  513.3108  344.0486  336.9931  277.4306  247.2066  230.3021  202.8299  183.6806  145.5469  137.9288  131.8108  131.2205  131.1753  130.9444  130.9201  130.4201  129.1198  128.8229
[20]  126.8802  126.7500  126.7101  126.6667  126.5451  125.5833  125.3993  124.9062  124.6389  122.1111  121.0312  120.3142  120.3108

$x
          [,1]     [,2]      [,3]     [,4]     [,5]     [,6]     [,7]     [,8]     [,9]    [,10]
xbest 21.12971 195.2676 0.6785558 23.81171 284.7779 33.90275 29.99517 3.013613 5.669124 4.183580
xbest 20.00000 367.9035 0.1000000 15.69116 286.3858 31.47481 24.63132 8.362061 2.617108 1.200000
xbest 20.00000 326.9153 0.1000000 17.19116 286.3991 31.47481 24.59828 8.503483 3.014779 1.200000
xbest 20.70283 337.2681 0.1606425 17.68979 286.2359 34.68692 24.87681 6.795141 3.500101 2.264463
xbest 20.01271 318.1526 0.1051057 17.27940 286.1731 31.91021 24.61508 7.687336 2.965370 1.369532
xbest 20.58845 328.6699 0.1452158 17.96857 286.2254 34.93692 24.46814 7.087141 3.480300 2.826317
xbest 20.00000 290.9793 0.1210316 18.57745 286.3424 36.43381 24.25265 6.727294 5.009926 2.076871
xbest 20.78136 307.4375 0.1436540 18.17320 286.1721 35.08053 24.00414 6.998907 3.884795 2.609468
xbest 20.21665 313.6538 0.1269672 18.33519 286.3123 35.77508 24.73431 7.025145 3.676766 2.378343
xbest 20.00586 313.6538 0.1000000 18.34105 286.2771 35.77508 24.72415 7.025145 3.651754 2.425843
xbest 20.22919 304.5144 0.1117699 18.10174 286.3053 36.23890 24.07366 7.046095 4.068943 2.379272
xbest 20.22332 302.0095 0.1000000 18.10247 286.3053 36.23890 24.07366 7.049226 4.093943 2.379272
xbest 20.28363 304.5529 0.1093191 18.10180 286.3026 36.23851 24.06519 7.051258 3.943465 2.377971
xbest 20.27777 304.5529 0.1093191 18.10180 286.3026 36.23851 24.06519 7.051258 3.943465 2.377971
xbest 20.28486 304.5487 0.1082364 18.10213 286.3013 36.23965 24.05320 7.051373 3.944292 2.378095
xbest 20.30888 304.5393 0.1074354 18.09596 286.3005 36.23945 24.03857 7.051691 3.944602 2.378351
xbest 20.20484 304.5340 0.1079187 18.09781 286.3024 36.23910 24.06442 7.050894 4.021390 2.378424
xbest 20.20484 304.5340 0.1000000 18.09781 286.3024 36.23910 24.06442 7.050894 4.008890 2.378424
xbest 20.27397 308.4742 0.1017293 18.10870 286.2853 35.92072 24.15151 7.039062 3.875995 2.395599
xbest 20.34428 308.4742 0.1000000 18.10870 286.2853 35.92072 24.15151 7.039062 3.872870 2.395599
xbest 20.27275 307.9812 0.1044138 18.13707 286.2863 35.91724 24.19127 7.039031 3.881430 2.393052
xbest 20.27700 308.2996 0.1028463 18.11716 286.2873 35.91637 24.19312 7.038922 3.885317 2.391330
xbest 20.27707 309.1229 0.1019818 18.10049 286.2823 35.91556 24.15230 7.038999 3.878857 2.397208
xbest 20.27154 307.8587 0.1031942 18.14633 286.2869 35.91742 24.19207 7.038974 3.882388 2.392923
xbest 20.27672 309.2121 0.1013449 18.08904 286.2782 35.91496 24.13160 7.039480 3.877953 2.401299
xbest 20.27736 310.1309 0.1006314 18.06590 286.2777 35.91506 24.09964 7.039953 3.873185 2.401393
xbest 20.27667 309.8049 0.1007364 18.06417 286.2730 35.91544 24.04553 7.041283 3.873362 2.402509
xbest 20.27587 308.8083 0.1000000 18.08777 286.2744 35.91675 24.08313 7.040687 3.906547 2.403128
xbest 20.27928 309.3949 0.1004867 18.06181 286.2653 35.91604 24.00000 7.042007 3.866085 2.417086
xbest 20.28444 309.4125 0.1004491 18.03751 286.2631 35.91582 24.00000 7.042263 3.860166 2.418907
xbest 20.28444 309.4125 0.1000000 18.03751 286.2631 35.91582 24.00000 7.042263 3.897666 2.418907
xbest 20.28444 309.3929 0.1000000 18.03751 286.2631 35.91582 24.00000 7.042263 3.897666 2.418907

$time
elapsed elapsed elapsed elapsed elapsed elapsed elapsed elapsed elapsed elapsed elapsed elapsed elapsed elapsed elapsed elapsed elapsed elapsed elapsed elapsed elapsed elapsed elapsed elapsed elapsed 
   1.68    4.53    6.90   15.07   17.03   19.00   22.89   24.82   26.73   28.59   61.37   62.85  101.82  102.85  109.51  111.43  121.45  124.59  170.95  172.54  201.07  208.48  220.39  227.23  231.37 
elapsed elapsed elapsed elapsed elapsed elapsed elapsed 
 237.93  243.87  253.03  256.71  258.64  265.32  761.81 

$neval
 [1]   106   272   407   982  1120  1259  1541  1680  1816  1946  4107  4214  6806  6880  7293  7429  8096  8315 11440 11550 13447 13922 14729 15207 15484 15900 16312 16935 17208 17346 17833 50005

$fbest
[1] 120.3108

$xbest
 [1]  20.284442 309.392930   0.100000  18.037513 286.263076  35.915820  24.000000   7.042263   3.897666   2.418907

$numeval
[1] 50005

$end_crit
[1] 1

$cpu_time
elapsed 
 761.81 

$Refset
$Refset$x
          [,1]     [,2]      [,3]     [,4]     [,5]     [,6]     [,7]     [,8]     [,9]    [,10]
 [1,] 20.25448 309.1953 0.1000511 18.08769 286.2737 35.91895 24.09301 7.040861 3.901054 2.403782
 [2,] 20.25395 309.1963 0.1000575 18.08746 286.2737 35.91850 24.09306 7.040972 3.900833 2.403720
 [3,] 20.25346 309.1882 0.1000548 18.08889 286.2737 35.91910 24.09262 7.040860 3.900881 2.403865
 [4,] 20.25353 309.1995 0.1000518 18.08817 286.2737 35.91869 24.09312 7.040865 3.900936 2.403723
 [5,] 20.25378 309.1763 0.1000564 18.08923 286.2737 35.91857 24.09333 7.040871 3.900833 2.403744
 [6,] 20.25425 309.2155 0.1000621 18.08444 286.2737 35.91841 24.09292 7.040862 3.903147 2.404103
 [7,] 20.23984 309.4542 0.1001083 18.08736 286.2737 35.91858 24.09384 7.040951 3.898717 2.403797
 [8,] 20.25137 309.1874 0.1000546 18.08827 286.2737 35.91861 24.09272 7.040808 3.902797 2.403505
 [9,] 20.25248 309.2246 0.1000746 18.08799 286.2736 35.91942 24.08694 7.040872 3.900935 2.404360
[10,] 20.25410 310.7520 0.1000375 17.74836 286.2726 35.90704 24.08740 7.040369 4.139531 2.406397
[11,] 20.23431 309.2075 0.1001902 18.09110 286.2731 35.91438 24.09047 7.040794 3.903372 2.403929
[12,] 20.33834 274.1872 0.1000000 18.91446 286.2757 36.40622 24.00000 6.937045 4.425820 1.952302

$Refset$f
 [1] 123.5955 123.5955 123.5955 123.5955 123.5955 123.5955 123.9375 123.9375 123.8785 124.7274 125.4132 312.9427

$Refset$fpen
 [1] 123.5955 123.5955 123.5955 123.5955 123.5955 123.5955 123.9375 123.9375 123.8785 124.7274 125.4132 312.9427

$Refset$const
          [,1]     [,2]     [,3]     [,4]     [,5]
 [1,] 14.18664 32.09895 17.91231 1.556045 2.587878
 [2,] 14.18662 32.09917 17.91254 1.556049 2.587892
 [3,] 14.18801 32.09912 17.91111 1.556045 2.587842
 [4,] 14.18723 32.09906 17.91183 1.556044 2.587900
 [5,] 14.18839 32.09917 17.91077 1.556046 2.587918
 [6,] 14.18129 32.09685 17.91556 1.556047 2.587892
 [7,] 14.18865 32.10128 17.91264 1.556048 2.587949
 [8,] 14.18547 32.09720 17.91173 1.556046 2.587870
 [9,] 14.18706 32.09906 17.91201 1.556076 2.587317
[10,] 13.60883 31.86047 18.25164 1.556157 2.587722
[11,] 14.18772 32.09663 17.90890 1.556111 2.587722
[12,] 14.48864 31.57418 17.08554 1.556616 2.555893

$Refset$penalty
 [1] 0 0 0 0 0 0 0 0 0 0 0 0


