$f
 [1] 12416.316  2124.842  1685.932  1631.043  1502.531  1498.707  1485.467  1467.958  1436.684  1425.175  1421.925  1385.241  1310.502  1300.741  1300.340  1298.125  1296.106  1290.387  1289.411
[20]  1288.717  1288.498  1288.193  1287.918  1287.184  1286.575  1286.003  1285.675  1285.667  1285.653  1285.453  1285.233  1285.063  1283.677  1283.530  1283.378  1282.944  1282.649  1282.332
[39]  1282.201  1281.929  1281.483  1281.141  1281.017  1280.960  1280.425  1279.938  1279.925  1279.925

$x
          [,1]     [,2]      [,3]     [,4]     [,5]     [,6]     [,7]     [,8]     [,9]    [,10]
xbest 26.76685 149.2008 0.1132201 19.86538 285.9241 37.72008 24.24938 7.592962 3.771596 4.535230
xbest 21.02573 104.5414 0.1001069 23.41770 286.6209 33.77111 24.00000 7.578514 2.306367 4.518877
xbest 21.02573 124.5414 0.1000000 23.32395 286.6209 33.77111 24.00000 7.228514 2.306367 4.803877
xbest 20.68129 196.9949 0.1000000 16.69708 286.6477 37.12309 24.02071 2.881465 2.138937 2.604875
xbest 20.78344 120.4555 0.1018341 24.31490 286.6109 35.26618 24.36724 6.248842 2.365846 3.982070
xbest 20.80182 109.9175 0.1202975 24.73081 286.6135 35.52136 24.81705 6.208311 2.405467 2.598828
xbest 21.82968 120.0409 0.1021939 21.97373 286.6080 35.66641 24.83104 5.902314 2.438595 3.789767
xbest 20.40911 110.2185 0.1170399 24.26977 286.6166 35.57450 24.78098 6.397818 2.415236 2.712434
xbest 20.40911 110.1209 0.1135243 24.66690 286.6166 35.57450 24.73020 6.397452 2.427736 2.682746
xbest 20.96387 145.3268 0.1125501 20.87694 286.5595 36.51123 24.11296 6.081898 2.176658 3.306155
xbest 20.93909 144.3431 0.1131050 20.85653 286.5592 36.51599 24.06947 6.081679 2.000000 3.332237
xbest 20.93678 145.1931 0.1105165 21.02485 286.5603 36.51678 24.20679 6.084000 2.043206 3.371882
xbest 20.93678 145.1931 0.1073030 21.03376 286.5791 36.51678 24.36929 6.111325 2.009504 3.376396
xbest 20.62374 129.4915 0.1001235 23.10044 286.5762 36.39398 24.41611 6.093361 2.402121 3.511983
xbest 20.68533 129.4401 0.1000000 23.36643 286.5762 36.39998 24.41176 6.093421 2.394120 3.513768
xbest 20.53384 131.0193 0.1091487 22.69999 286.5785 36.36295 24.40276 6.095030 2.653638 3.494763
xbest 20.61224 132.6872 0.1083779 22.52447 286.5727 36.42349 24.39421 6.094143 2.563197 3.491244
xbest 20.61224 132.5310 0.1083779 22.53033 286.5727 36.42349 24.39421 6.100393 2.563197 3.489759
xbest 20.65128 131.7719 0.1078540 22.43317 286.5660 36.39626 24.42232 6.097610 2.691939 3.497707
xbest 20.65021 132.0861 0.1073214 22.45425 286.5665 36.40694 24.40289 6.101175 2.668971 3.486807
xbest 20.56427 131.0120 0.1069084 22.67365 286.5665 36.38915 24.45268 6.098201 2.689830 3.500802
xbest 20.61482 131.9283 0.1078821 22.43759 286.5658 36.39648 24.42013 6.098261 2.702007 3.497445
xbest 20.61482 131.9283 0.1078821 22.43759 286.5658 36.39648 24.42013 6.098261 2.698882 3.497445
xbest 20.65014 131.8232 0.1072927 22.45425 286.5664 36.39790 24.40879 6.100604 2.669822 3.488822
xbest 20.63622 131.8669 0.1065014 22.56947 286.5655 36.39883 24.39226 6.100294 2.628085 3.491495
xbest 20.63622 131.8669 0.1065234 22.56947 286.5655 36.39883 24.39226 6.100294 2.628085 3.491495
xbest 20.63243 130.9090 0.1073586 22.61843 286.5678 36.39752 24.41060 6.099569 2.641431 3.494132
xbest 20.62702 131.1129 0.1074545 22.59191 286.5671 36.39708 24.40818 6.099582 2.662167 3.489094
xbest 20.61287 130.9473 0.1074162 22.65369 286.5674 36.39766 24.40668 6.099509 2.641730 3.495828
xbest 20.63165 131.0050 0.1072183 22.60831 286.5672 36.39735 24.40964 6.099579 2.660114 3.489678
xbest 20.62343 130.6777 0.1070921 22.63696 286.5660 36.39204 24.40078 6.097484 2.648615 3.473312
xbest 20.61696 130.6181 0.1074064 22.63106 286.5669 36.39927 24.36336 6.097182 2.666433 3.483780
xbest 20.61696 130.6181 0.1074064 22.63106 286.5669 36.39927 24.36336 6.097182 2.660183 3.483780
xbest 20.61923 130.3681 0.1076992 22.62924 286.5675 36.39932 24.29523 6.095942 2.683224 3.488083
xbest 20.61337 130.3681 0.1076992 22.62924 286.5675 36.39932 24.29523 6.095942 2.683224 3.488083
xbest 20.61947 130.1453 0.1077849 22.63205 286.5675 36.39920 24.32467 6.095885 2.693742 3.488486
xbest 20.61947 130.1062 0.1077849 22.63205 286.5675 36.39920 24.36530 6.095885 2.693742 3.488486
xbest 20.62009 129.9692 0.1078705 22.63625 286.5675 36.39897 24.32492 6.095452 2.701861 3.488301
xbest 20.61297 130.3378 0.1076378 22.62543 286.5678 36.39572 24.31529 6.096604 2.692926 3.491743
xbest 20.62009 129.9208 0.1080246 22.63716 286.5674 36.40030 24.30909 6.095143 2.709025 3.497505
xbest 20.62117 130.1401 0.1077633 22.61151 286.5649 36.39668 24.30905 6.096918 2.706848 3.494647
xbest 20.62156 130.1118 0.1077571 22.60975 286.5653 36.39667 24.30787 6.096839 2.712829 3.494591
xbest 20.63858 129.6517 0.1078905 22.64482 286.5669 36.39948 24.30747 6.095784 2.708752 3.496431
xbest 20.63858 129.6517 0.1078905 22.64482 286.5669 36.39948 24.30747 6.095784 2.708752 3.497173
xbest 20.62104 129.9940 0.1077861 22.62363 286.5633 36.39556 24.31683 6.096923 2.708519 3.494383
xbest 20.60811 129.9581 0.1077920 22.63231 286.5642 36.39681 24.31816 6.096954 2.717427 3.494450
xbest 20.60891 130.0319 0.1077855 22.62299 286.5642 36.39671 24.31784 6.096802 2.717538 3.494447
xbest 20.60891 130.0319 0.1077855 22.62299 286.5642 36.39671 24.31784 6.096802 2.717538 3.494447

$time
elapsed elapsed elapsed elapsed elapsed elapsed elapsed elapsed elapsed elapsed elapsed elapsed elapsed elapsed elapsed elapsed elapsed elapsed elapsed elapsed elapsed elapsed elapsed elapsed elapsed 
   2.07    5.68    7.48   15.06   17.59   22.15   27.14   31.54   33.54   40.87   48.61   51.17   60.87  121.54  129.70  134.43  138.90  147.62  157.59  162.34  167.28  169.78  173.39  182.03  192.29 
elapsed elapsed elapsed elapsed elapsed elapsed elapsed elapsed elapsed elapsed elapsed elapsed elapsed elapsed elapsed elapsed elapsed elapsed elapsed elapsed elapsed elapsed elapsed 
 201.14  260.43  273.07  299.39  316.09  590.09  620.79  621.98  659.20  660.42  688.12  689.45  691.90  696.93  711.93  714.29  718.07  736.70  742.95  777.61  802.14  833.75  892.61 

$neval
 [1]   106   283   386   830   978  1257  1530  1801  1922  2327  2729  2867  3416  6579  7060  7335  7613  8110  8650  8924  9196  9331  9539  9940 10474 10951 14091 14837 16402 17415 33525 35224
[33] 35298 37346 37420 38919 38997 39133 39411 40231 40368 40571 41523 41870 43668 44988 46728 50116

$fbest
[1] 1279.925

$xbest
 [1]  20.6089063 130.0319175   0.1077855  22.6229863 286.5641730  36.3967057  24.3178351   6.0968018   2.7175380   3.4944469

$numeval
[1] 50116

$end_crit
[1] 1

$cpu_time
elapsed 
 892.61 

$Refset
$Refset$x
          [,1]     [,2]      [,3]     [,4]     [,5]     [,6]     [,7]     [,8]     [,9]    [,10]
 [1,] 20.60884 130.0157 0.1077789 22.62429 286.5630 36.39661 24.30681 6.096956 2.717865 3.494311
 [2,] 20.60882 130.0390 0.1077813 22.62332 286.5641 36.39519 24.31934 6.096822 2.717193 3.494411
 [3,] 20.60888 130.0140 0.1077741 22.62813 286.5639 36.39581 24.31705 6.096860 2.717519 3.493759
 [4,] 20.60878 130.0932 0.1078027 22.62478 286.5628 36.39696 24.31706 6.096885 2.716529 3.498920
 [5,] 20.66758 129.9934 0.1077926 22.48598 286.5634 36.40387 24.31433 6.097961 2.763008 3.467317
 [6,] 20.60365 130.1454 0.1078597 22.63066 286.5648 36.39668 24.30164 6.096781 2.689886 3.492601
 [7,] 20.55688 123.5588 0.1078794 23.44768 286.5176 36.66790 24.31063 6.202487 2.000000 2.582203
 [8,] 20.51865 127.9582 0.1038243 23.06117 286.5513 36.42795 24.28057 6.114036 2.493914 3.019896
 [9,] 20.34904 126.3617 0.1075966 22.63799 286.5630 36.98206 24.24840 6.776592 2.708501 3.963743
[10,] 21.44438 122.4954 0.1072662 22.62363 286.5747 36.39603 24.39671 6.093424 2.861120 3.505783
[11,] 20.69697 128.7085 0.1050737 22.75292 286.5592 36.43407 24.34165 5.393763 2.748816 3.253748
[12,] 20.64893 129.2918 0.1060935 22.65321 286.6340 36.42615 24.25041 5.480911 2.620188 3.449706

$Refset$f
 [1] 1279.938 1279.938 1281.198 1282.726 1283.561 1296.623 1386.438 1319.417 1412.849 1341.502 1419.844 1529.108

$Refset$fpen
 [1] 1279.938 1279.938 1281.198 1282.726 1283.561 1296.623 1386.438 1319.417 1412.849 1341.502 1419.844 1529.108

$Refset$const
          [,1]     [,2]     [,3]     [,4]     [,5]
 [1,] 19.90643 33.28214 13.37571 1.524629 2.678970
 [2,] 19.90613 33.28281 13.37668 1.524459 2.680500
 [3,] 19.91062 33.28248 13.37187 1.524496 2.680181
 [4,] 19.90826 33.28347 13.37522 1.524619 2.679715
 [5,] 19.72297 33.23699 13.51402 1.524576 2.679336
 [6,] 19.94078 33.31011 13.36934 1.524446 2.679215
 [7,] 21.44768 34.00000 12.55232 1.530154 2.648116
 [8,] 20.56725 33.50609 12.93883 1.526071 2.670792
 [9,] 19.92949 33.29150 13.36201 1.525993 2.643149
[10,] 19.76251 33.13888 13.37637 1.523039 2.690745
[11,] 20.00411 33.25118 13.24708 1.525017 2.678365
[12,] 20.03302 33.37981 13.34679 1.517019 2.699537

$Refset$penalty
 [1] 0 0 0 0 0 0 0 0 0 0 0 0


