$f
 [1] 3892.4670 2244.1649 1409.7760 1230.3611 1226.9566 1187.2986 1176.9809 1090.2170 1089.3212 1082.0764 1067.6059 1033.7292  977.0972  975.4878  896.4653  895.4896  887.2049  885.6267  865.5694
[20]  864.4288  864.1528  862.6007  861.9861  861.2118  860.7118  860.7101  860.5312  860.0538  859.8906  858.9583  858.2222  857.5677  857.0035  856.9983  856.8872  854.3090  854.0139  852.7552
[39]  851.0139  850.6927  850.2222  850.2170  850.1788  850.0434  849.6840  848.9219  848.8611

$x
          [,1]     [,2]      [,3]     [,4]     [,5]     [,6]     [,7]     [,8]     [,9]    [,10]
xbest 24.06528 152.3185 0.6065884 17.56393 285.4763 34.38174 25.06015 7.973139 2.523909 2.491743
xbest 20.00000 177.4712 0.3612938 28.10904 285.9085 34.08347 30.41067 5.576246 5.275795 2.142360
xbest 20.02344 157.4712 1.0000000 28.29654 285.9085 34.08347 27.81067 5.576246 5.275795 2.332360
xbest 20.55613 359.4560 0.6419633 24.24956 286.5814 36.78206 24.61558 3.246863 2.014102 2.609860
xbest 20.52687 199.6852 0.4207586 23.12545 286.4312 36.33171 24.57529 2.000000 7.324842 2.510832
xbest 21.05428 331.3860 0.1167316 15.22884 286.6854 36.22670 25.51391 2.146304 7.499219 2.733712
xbest 20.58011 212.3904 0.2487582 20.50005 286.7178 37.08927 24.32967 2.000000 8.915442 2.519373
xbest 20.44094 211.7362 0.4474113 22.05099 286.5101 36.71102 24.57339 5.538755 6.898582 2.519064
xbest 21.24598 209.1960 0.7113212 24.25547 286.5139 35.60820 25.86603 5.815547 5.438725 1.791340
xbest 21.10125 293.7895 0.1377173 17.63898 286.6763 36.12200 25.53731 2.289942 7.496326 2.735054
xbest 21.10125 293.7895 0.1377173 17.63898 286.6658 36.12200 25.41544 2.339942 7.552228 2.681948
xbest 20.20265 220.0073 0.5870286 24.23291 286.6558 35.15377 25.81323 5.927014 5.816324 1.905826
xbest 20.00000 220.0073 0.8570286 24.22998 286.6558 35.15377 25.81323 5.927404 5.816324 1.905826
xbest 20.37581 223.7517 0.1376126 19.82676 286.6539 36.18332 25.53578 5.220790 7.799269 2.243166
xbest 20.35924 225.0017 0.1317390 20.01426 286.5618 36.18332 25.53578 5.227420 7.836011 2.234769
xbest 20.22075 194.4842 0.1296648 19.75757 286.6279 36.91549 25.77535 5.234015 8.947663 1.454130
xbest 20.22075 194.4842 0.1296648 19.75757 286.6279 37.01549 25.69410 5.234015 8.947663 1.460067
xbest 20.09236 237.0973 0.1280651 19.58333 286.6078 36.33722 25.24225 5.219950 7.787078 2.186205
xbest 20.09236 237.0973 0.1290782 19.58333 286.5874 36.33722 25.24225 5.188700 7.824578 2.186205
xbest 20.19423 236.8765 0.1299577 19.48008 286.6092 36.33418 25.28967 5.198173 7.877360 2.219641
xbest 20.19423 236.8961 0.1299577 19.48008 286.6092 36.33418 25.28967 5.198173 7.877360 2.219641
xbest 20.17591 231.5948 0.1296663 19.49032 286.6107 36.36229 25.23825 5.202605 8.063669 2.235736
xbest 20.17005 231.6729 0.1296663 19.49032 286.6107 36.36229 25.23825 5.202605 8.063669 2.235736
xbest 20.26707 227.6738 0.1296711 19.46523 286.6105 36.36469 25.21481 5.202475 8.199816 2.243825
xbest 20.18944 228.2746 0.1288419 19.46913 286.6105 36.36352 25.21954 5.202462 8.195812 2.243314
xbest 20.18944 228.2746 0.1288419 19.46913 286.6105 36.36352 25.21954 5.202462 8.195812 2.244056
xbest 20.24900 231.4374 0.1391804 19.52758 286.6083 36.34815 25.27327 5.205137 8.050550 2.264425
xbest 20.24900 231.5155 0.1391804 19.52758 286.6083 36.34815 25.23264 5.205137 8.050550 2.264425
xbest 20.25655 231.4075 0.1432923 19.53172 286.6081 36.34589 25.27318 5.203577 8.049246 2.257507
xbest 20.23802 231.4692 0.1397980 19.49965 286.6094 36.35653 25.20548 5.201016 8.084300 2.249863
xbest 20.22816 229.2511 0.1415909 19.49813 286.6100 36.35222 25.24516 5.202393 8.174377 2.259361
xbest 20.22910 229.0944 0.1415691 19.51023 286.6097 36.34251 25.27146 5.202726 8.171930 2.263645
xbest 20.26752 230.2185 0.1391793 19.45666 286.6092 36.35314 25.19361 5.202666 8.148733 2.252069
xbest 20.26752 230.1990 0.1391793 19.45666 286.6092 36.35314 25.19361 5.202666 8.148733 2.252069
xbest 20.23140 228.2159 0.1417737 19.50798 286.6078 36.34188 25.21096 5.200412 8.209118 2.245529
xbest 20.24839 229.8924 0.1399232 19.47671 286.6083 36.34583 25.21299 5.201100 8.189967 2.241063
xbest 20.25377 229.7198 0.1397624 19.47617 286.6083 36.34442 25.21290 5.200903 8.195471 2.240975
xbest 20.24115 229.3702 0.1400469 19.49808 286.6083 36.34321 25.21035 5.200662 8.196860 2.238880
xbest 20.22370 229.2642 0.1409140 19.50077 286.6085 36.34528 25.21423 5.201495 8.206174 2.243720
xbest 20.23755 229.2157 0.1411010 19.50475 286.6080 36.34151 25.21178 5.200905 8.201156 2.245415
xbest 20.23323 228.6026 0.1412484 19.52906 286.6079 36.34095 25.20985 5.200889 8.206410 2.244224
xbest 20.23372 228.7129 0.1409969 19.52313 286.6080 36.34084 25.21076 5.200663 8.206122 2.244814
xbest 20.24407 228.1067 0.1401751 19.49272 286.6074 36.34136 25.22056 5.203860 8.243993 2.252811
xbest 20.25653 227.7960 0.1398909 19.48171 286.5921 36.33522 25.13184 5.201498 8.253793 2.252674
xbest 20.26447 227.4715 0.1392780 19.47549 286.5887 36.33380 25.09260 5.201560 8.267952 2.252869
xbest 20.25861 227.4715 0.1392780 19.47622 286.5887 36.33380 25.09260 5.201560 8.267952 2.252869
xbest 20.25861 227.4715 0.1392780 19.47622 286.5887 36.33380 25.09260 5.201560 8.267952 2.252127

$time
elapsed elapsed elapsed elapsed elapsed elapsed elapsed elapsed elapsed elapsed elapsed elapsed elapsed elapsed elapsed elapsed elapsed elapsed elapsed elapsed elapsed elapsed elapsed elapsed elapsed 
   1.70    4.64    6.36   11.20   14.19   16.50   21.00   23.22   27.64   29.73   31.34   47.64   56.53   86.11   88.86  176.19  177.50  217.87  219.78  288.08  289.11  309.70  310.69  316.17  329.55 
elapsed elapsed elapsed elapsed elapsed elapsed elapsed elapsed elapsed elapsed elapsed elapsed elapsed elapsed elapsed elapsed elapsed elapsed elapsed elapsed elapsed elapsed 
 330.50  373.75  374.73  378.87  380.70  391.56  393.31  424.59  425.51  434.36  451.58  453.31  456.64  458.28  464.90  476.92  509.58  644.76  654.55  658.08  664.23  731.87 

$neval
 [1]   106   265   375   672   813   954  1232  1373  1646  1779  1882  2830  3330  5087  5234 10122 10205 12641 12764 16982 17055 18534 18613 19014 19953 20026 23283 23362 23639 23779 24600 24734
[33] 26957 27031 27713 29138 29277 29551 29689 30178 31142 33645 43640 44388 44657 45134 50072

$fbest
[1] 848.8611

$xbest
 [1]  20.258608 227.471539   0.139278  19.476223 286.588707  36.333804  25.092601   5.201560   8.267952   2.252127

$numeval
[1] 50072

$end_crit
[1] 1

$cpu_time
elapsed 
 731.87 

$Refset
$Refset$x
          [,1]     [,2]      [,3]     [,4]     [,5]     [,6]     [,7]     [,8]     [,9]    [,10]
 [1,] 20.24960 226.7737 0.1397030 19.46049 286.6086 36.35005 25.19632 5.202782 8.309183 2.247182
 [2,] 20.24571 227.2491 0.1403640 19.48412 286.6065 36.34292 25.20580 5.202572 8.280891 2.249229
 [3,] 20.24009 227.6425 0.1403514 19.48791 286.6063 36.34057 25.20356 5.202963 8.265105 2.249396
 [4,] 20.24097 227.6249 0.1402737 19.49382 286.6067 36.34300 25.21843 5.202576 8.260354 2.246919
 [5,] 20.23353 227.5600 0.1403875 19.49242 286.6061 36.34524 25.20101 5.203014 8.268351 2.249243
 [6,] 20.23192 228.0985 0.1405420 19.49093 286.6069 36.35351 25.20488 5.202726 8.251110 2.247242
 [7,] 20.23716 227.7819 0.1403334 19.48961 286.6065 36.34430 25.20382 5.202331 8.260306 2.249057
 [8,] 29.30066 373.1158 0.5479201 19.92302 284.4735 24.76231 25.62884 8.039595 3.644615 3.159532
 [9,] 20.24080 227.8926 0.1404329 19.49651 286.6073 36.34127 25.21854 5.202825 8.250495 2.248310
[10,] 20.23991 228.2741 0.1407675 19.49990 286.6064 36.34158 25.21485 5.203026 8.237003 2.248232
[11,] 20.23441 228.2725 0.1407518 19.51405 286.6064 36.33904 25.21872 5.201723 8.227099 2.251080
[12,] 20.19333 227.9421 0.1515964 19.50567 286.6073 36.37548 25.82780 6.464058 7.772077 2.347019

$Refset$f
 [1]    849.5799    849.8333    849.8507    849.8507    849.7934    850.1788    849.8507 112607.4549    850.1788    852.5382    851.1372    971.1181

$Refset$fpen
 [1]    849.5799    849.8333    849.8507    849.8507    849.7934    850.1788    849.8507 228917.4416    850.1788    852.5382    851.1372    971.1181

$Refset$const
          [,1]     [,2]     [,3]     [,4]     [,5]
 [1,] 11.15130 27.69082 16.53951 1.516254 2.773851
 [2,] 11.20323 27.71911 16.51588 1.516443 2.774254
 [3,] 11.22281 27.73490 16.51209 1.516466 2.774132
 [4,] 11.23346 27.73965 16.50618 1.516362 2.775455
 [5,] 11.22407 27.73165 16.50758 1.516504 2.773577
 [6,] 11.23982 27.74889 16.50907 1.516424 2.773716
 [7,] 11.22930 27.73969 16.51039 1.516454 2.774002
 [8,] 16.27841 32.35538 16.07698 1.790483 3.616310
 [9,] 11.24602 27.74950 16.50349 1.516294 2.775785
[10,] 11.26290 27.76300 16.50010 1.516414 2.775085
[11,] 11.28696 27.77290 16.48595 1.516392 2.775574
[12,] 11.73359 28.22792 16.49433 1.513951 2.827175

$Refset$penalty
 [1] 0.00000 0.00000 0.00000 0.00000 0.00000 0.00000 0.00000 0.11631 0.00000 0.00000 0.00000 0.00000


