$f
 [1] 8155.1372 1892.4115 1280.5920 1239.9809 1238.9948 1166.8403 1166.2240 1140.2656 1121.4115 1114.2153 1087.0434 1086.9479 1086.1615 1083.1875 1081.0486 1080.9288 1080.6771 1080.2917 1078.2535
[20] 1076.3368 1075.9792 1069.2708 1051.0972 1026.4948 1024.4358 1022.4531 1019.2743  978.4288  974.5260  972.6163  955.4306  953.6632  944.1962  895.9774  854.8177  837.1580  833.6059  807.0469
[39]  806.5885  800.9479  797.4497  796.4531  785.4427  782.2118  781.4722  779.7413  779.6753  778.6233  778.4253  778.1944  777.9757  777.4375  776.7882  776.2899  775.9705  775.7378  775.4896
[58]  774.7847  774.6476  774.5556  774.1753  774.1753

$x
          [,1]     [,2]      [,3]     [,4]     [,5]     [,6]     [,7]     [,8]      [,9]    [,10]
xbest 20.16854 126.6312 0.4702175 16.58685 284.8214 39.29015 24.46543 4.821834  7.201072 1.621294
xbest 20.00000 100.0000 0.1878477 15.00000 286.3840 35.45676 24.00000 2.000000 10.000000 1.200000
xbest 20.00000 140.0000 0.1003303 15.18168 286.3132 35.45676 24.00000 2.023490  8.962829 1.737401
xbest 20.00000 154.0605 0.1000000 15.00287 286.6227 37.42745 24.00000 2.000000  8.200320 1.741558
xbest 20.00000 142.5365 0.1024919 15.77431 286.5221 36.14974 24.13248 2.177336  9.101334 2.190954
xbest 20.00000 153.8899 0.1000000 15.00000 286.6343 37.19410 24.00000 2.000000  8.194478 1.745107
xbest 20.08903 133.8292 0.1001513 15.10939 286.5763 37.08933 24.01715 2.434584  9.901456 1.632683
xbest 20.13458 147.9893 0.1000497 16.58541 286.5908 37.10621 24.10914 2.201421  7.421996 1.960458
xbest 20.21115 150.9703 0.1002649 17.19578 286.5855 37.13415 24.03775 2.207241  6.729305 1.975487
xbest 20.18607 150.9821 0.1001186 17.12134 286.5860 37.13034 24.01586 2.212195  6.864905 1.981542
xbest 20.00000 152.2321 0.1000000 17.12134 286.5860 37.10534 24.01107 2.112195  6.878880 1.981542
xbest 20.00000 148.7925 0.1005141 17.37264 286.5687 36.92801 24.23939 2.149344  7.384730 2.121068
xbest 20.00000 148.7925 0.1005141 17.37264 286.5687 36.92801 24.28002 2.111844  7.384730 2.121068
xbest 20.00000 150.0029 0.1005553 17.42724 286.5696 36.92451 24.24574 2.130897  7.308177 2.372629
xbest 20.00494 149.9219 0.1006604 17.42839 286.5694 36.93100 24.24470 2.131082  7.310680 2.256406
xbest 20.00613 148.8419 0.1005489 17.89474 286.5716 36.90678 24.27170 2.158799  7.025050 2.165860
xbest 20.00613 148.8419 0.1005489 17.89474 286.5716 36.90678 24.27170 2.165049  7.025050 2.165860
xbest 20.00626 149.7399 0.1006484 17.62984 286.5692 36.92965 24.24584 2.130437  7.167339 2.276822
xbest 20.03330 149.2832 0.1005351 17.50451 286.5744 36.96006 24.24263 2.150211  6.764093 2.188401
xbest 20.03330 149.2832 0.1000000 17.50451 286.5744 36.96631 24.24263 2.125211  6.764093 2.200276
xbest 20.00173 150.4155 0.1000000 17.58358 286.4936 36.63721 24.18439 4.950138  6.460045 2.130903
xbest 20.00173 150.4155 0.1009944 17.60015 286.4561 36.63721 24.00000 4.950138  6.460045 2.130903
xbest 20.01744 149.9258 0.1004377 17.44489 286.5591 36.72791 24.22337 4.984899  6.975037 2.173099
xbest 20.24950 149.5864 0.1010964 17.23050 286.5592 36.84139 24.24672 4.951219  6.665570 2.163184
xbest 20.06814 148.0568 0.1011299 17.37181 286.5666 36.91578 24.25547 5.091628  6.653867 2.163129
xbest 20.06814 148.0568 0.1011299 17.37181 286.5666 36.91578 24.25547 5.097878  6.653867 2.161644
xbest 20.13898 146.8579 0.1010521 17.18897 286.5702 37.00587 24.25940 6.143238  6.482176 2.037205
xbest 20.13771 148.4478 0.1011025 17.21015 286.5701 36.89343 24.24913 6.077237  6.464046 2.100097
xbest 20.15216 148.2482 0.1010702 17.20597 286.5702 36.89411 24.24908 6.078972  6.461908 2.107895
xbest 20.12352 147.5072 0.1011248 17.21415 286.5700 36.89806 24.22880 6.077471  6.463095 2.100060
xbest 20.12352 147.5072 0.1014063 17.37821 286.5700 36.89806 24.31005 6.077471  6.413095 2.135685
xbest 20.08744 147.1794 0.1005078 17.88320 286.5611 36.48705 24.27673 6.194601  6.469103 3.113381
xbest 20.00000 147.1794 0.1005078 17.88320 286.5611 36.48705 24.27673 6.194601  6.494103 3.137131
xbest 20.04713 145.7769 0.1005052 18.30212 286.5543 36.27913 24.32142 6.380395  6.055988 3.477824
xbest 20.02618 145.4438 0.1004975 18.44074 286.5553 36.28124 24.34008 6.380284  6.175079 3.601727
xbest 20.02618 145.4438 0.1005415 18.46418 286.5553 36.38124 24.25883 6.380284  6.147735 3.577977
xbest 20.01470 146.1690 0.1004974 18.24997 286.5595 36.46695 24.34200 6.357304  6.170132 3.048153
xbest 20.00000 146.1690 0.1000000 18.23826 286.5548 36.56695 24.34200 6.357304  6.163882 3.036278
xbest 20.01193 143.2908 0.1004892 18.62978 286.5569 36.53209 24.34751 6.353625  6.022728 3.026554
xbest 20.01193 143.2908 0.1011924 18.63051 286.5569 36.54459 24.34751 6.359875  6.029760 3.020616
xbest 20.02504 142.2677 0.1005169 18.86371 286.5589 36.58375 24.31645 6.352106  5.919370 3.047635
xbest 20.03456 145.2250 0.1005289 18.78631 286.5587 36.57883 24.32012 6.353601  5.768494 3.028702
xbest 20.03547 146.4353 0.1005346 18.77676 286.5591 36.57447 24.32486 6.353164  5.724958 3.028567
xbest 20.03750 147.2033 0.1005477 18.98318 286.5590 36.57019 24.34606 6.353158  5.485104 3.052667
xbest 20.04226 147.0558 0.1005455 18.92960 286.5588 36.57629 24.34367 6.353986  5.535233 3.041191
xbest 20.03643 146.7888 0.1005452 18.99075 286.5591 36.59750 24.33283 6.353025  5.517111 3.041010
xbest 20.05970 146.7347 0.1005480 19.42099 286.5578 36.57919 24.34886 6.353389  5.171302 3.038108
xbest 20.03994 146.7787 0.1005478 19.36752 286.5581 36.57532 24.34553 6.353366  5.226212 3.038220
xbest 20.04635 146.7938 0.1005476 19.31435 286.5581 36.57458 24.34497 6.353362  5.245520 3.038179
xbest 20.04055 146.5630 0.1005424 19.50065 286.5581 36.57979 24.33982 6.353506  5.124810 3.029077
xbest 20.04040 146.7944 0.1005455 19.38410 286.5581 36.58322 24.34209 6.353602  5.207634 3.032906
xbest 20.04042 146.4156 0.1005433 19.61162 286.5581 36.58008 24.33778 6.353478  5.046144 3.024822
xbest 20.04170 146.3964 0.1005398 19.59717 286.5584 36.59549 24.34297 6.353566  5.057157 3.035558
xbest 20.04220 146.4752 0.1005443 19.44079 286.5584 36.59956 24.34268 6.353697  5.177937 3.033340
xbest 20.04220 146.4752 0.1005443 19.44079 286.5584 36.59956 24.34268 6.353697  5.181062 3.033340
xbest 20.03893 146.5850 0.1005408 19.57918 286.5601 36.61195 24.33536 6.353463  5.071201 3.037628
xbest 20.01482 146.6400 0.1005439 19.48692 286.5589 36.60403 24.33526 6.353785  5.147574 3.032399
xbest 20.01643 146.5987 0.1005450 19.53679 286.5593 36.60306 24.33899 6.353772  5.111109 3.034925
xbest 20.01945 146.5955 0.1005452 19.63740 286.5603 36.60935 24.33658 6.353527  5.031125 3.037235
xbest 20.01892 146.6048 0.1005466 19.60969 286.5588 36.60871 24.34249 6.353566  5.052327 3.038156
xbest 20.01835 146.3741 0.1001646 19.61897 286.5587 36.60869 24.33735 6.354107  5.099951 3.088885
xbest 20.01835 146.3741 0.1001646 19.61897 286.5587 36.60869 24.33735 6.354107  5.099951 3.088885

$time
elapsed elapsed elapsed elapsed elapsed elapsed elapsed elapsed elapsed elapsed elapsed elapsed elapsed elapsed elapsed elapsed elapsed elapsed elapsed elapsed elapsed elapsed elapsed elapsed elapsed 
   1.99    5.08    7.53   13.06   18.20   20.92   23.33   25.67   27.97   33.16   35.06   96.42   97.72  100.44  102.66  112.13  122.02  131.28  136.19  147.89  189.83  191.75  206.50  211.53  216.91 
elapsed elapsed elapsed elapsed elapsed elapsed elapsed elapsed elapsed elapsed elapsed elapsed elapsed elapsed elapsed elapsed elapsed elapsed elapsed elapsed elapsed elapsed elapsed elapsed elapsed 
 218.08  226.60  231.99  243.39  246.00  247.91  486.70  488.06  490.50  498.02  515.14  542.97  544.85  573.49  575.33  585.00  590.42  592.88  613.63  615.80  633.55  635.80  640.42  645.74  653.60 
elapsed elapsed elapsed elapsed elapsed elapsed elapsed elapsed elapsed elapsed elapsed elapsed 
 655.92  658.83  661.78  673.08  676.44  701.20  717.16  722.89  757.80  784.44  839.24  894.61 

$neval
 [1]   106   272   392   697   983  1126  1264  1404  1543  1821  1932  5483  5564  5703  5840  6390  7005  7538  7805  8433 10612 10704 11515 11786 12059 12137 12550 12820 13371 13516 13631 27543
[33] 27628 27765 28172 29101 30464 30572 32115 32226 32774 33052 33193 34355 34489 35523 35667 35942 36222 36698 36835 36972 37107 37782 37990 39477 40356 40629 42597 44028 47001 50085

$fbest
[1] 774.1753

$xbest
 [1]  20.0183512 146.3741130   0.1001646  19.6189696 286.5587391  36.6086937  24.3373465   6.3541069   5.0999513   3.0888852

$numeval
[1] 50085

$end_crit
[1] 1

$cpu_time
elapsed 
 894.61 

$Refset
$Refset$x
          [,1]     [,2]      [,3]     [,4]     [,5]     [,6]     [,7]     [,8]     [,9]    [,10]
 [1,] 20.01643 146.4112 0.1001647 19.62092 286.5587 36.60857 24.33231 6.353944 5.097392 3.083241
 [2,] 20.01663 146.3789 0.1002026 19.61317 286.5590 36.60795 24.33492 6.353693 5.105239 3.084496
 [3,] 20.01449 146.4707 0.1003368 19.62416 286.5590 36.60800 24.33830 6.352536 5.085347 3.078348
 [4,] 20.01891 146.5020 0.1001575 19.61868 286.5594 36.60792 24.33585 6.352998 5.086687 3.071959
 [5,] 20.01863 146.5164 0.1006125 19.61661 286.5606 36.60766 24.34017 6.353354 5.052574 3.038092
 [6,] 20.01588 146.4166 0.1002445 19.60855 286.5589 36.60799 24.33945 6.353723 5.101706 3.082502
 [7,] 20.01365 146.4172 0.1000887 19.62467 286.5586 36.60551 24.32323 6.353747 5.094726 3.081684
 [8,] 20.16777 115.8422 0.1009200 19.33059 286.5376 35.89815 24.47605 9.396357 5.070486 3.070635
 [9,] 20.00280 133.6588 0.1001924 19.68409 286.4482 41.48990 24.33251 6.524897 5.246087 3.031676
[10,] 21.85913 147.2196 0.1000736 19.84835 286.5286 36.98321 26.40147 6.383579 2.649437 3.445315
[11,] 20.13220 131.6661 0.1876430 19.59593 286.6321 36.65261 24.32780 6.140271 4.673006 3.079095
[12,] 20.00000 153.0095 0.1073250 18.74948 286.4905 42.81396 24.76174 6.330724 5.088559 3.118801

$Refset$f
 [1]  774.1753  774.1753  774.3003  774.3003  774.5556  774.5729  775.3472 1123.5260 1425.5347 1382.5729 1231.2552 2125.7240

$Refset$fpen
 [1]  774.1753  774.1753  774.3003  774.3003  774.5556  774.5729  775.3472 1123.5260 1425.5347 1382.5729 1231.2552 2125.7240

$Refset$const
          [,1]     [,2]     [,3]     [,4]     [,5]
 [1,] 14.52353 30.90261 16.37908 1.525471 2.667956
 [2,] 14.50793 30.89476 16.38683 1.525425 2.668321
 [3,] 14.53881 30.91465 16.37584 1.525413 2.668597
 [4,] 14.53200 30.91331 16.38132 1.525373 2.668563
 [5,] 14.56403 30.94743 16.38339 1.525233 2.669349
 [6,] 14.50684 30.89829 16.39145 1.525425 2.668639
 [7,] 14.52994 30.90527 16.37533 1.525500 2.667361
 [8,] 14.26010 30.92951 16.66941 1.525790 2.711604
 [9,] 14.43801 30.75391 16.31591 1.542731 2.415452
[10,] 17.19891 33.35056 16.15165 1.522572 2.808436
[11,] 14.92293 31.32699 16.40407 1.517485 2.692781
[12,] 13.66092 30.91144 17.25052 1.538997 2.408054

$Refset$penalty
 [1] 0 0 0 0 0 0 0 0 0 0 0 0


