$f
 [1] 3166.7795 2268.2326 1505.6198 1423.7205 1417.0538 1410.6684 1393.3299 1387.0972 1345.3611 1324.7292 1322.2448 1245.6701 1138.0174 1137.3073 1123.8194 1122.8073 1121.2882 1120.8576 1117.6944
[20] 1112.8819 1086.0660 1053.3802 1053.3194 1048.6146 1016.6389 1002.5191 1000.8194  996.7344  994.6875  994.3090  993.5503  988.9080  968.7639  968.3733  966.7899  961.2309  957.1354  956.7483
[39]  956.1580  954.7188  953.9236  951.3524  950.4757  950.3594  949.6406  948.7361  946.6823  944.2153  940.0122  936.9531  932.8785  928.4983  928.0017  926.4201  925.1858  924.8212  924.3160
[58]  924.0903  924.0399  923.4462  923.0903  922.7639  922.7639

$x
          [,1]     [,2]      [,3]     [,4]     [,5]     [,6]     [,7]     [,8]      [,9]    [,10]
xbest 20.11870 101.5615 0.5290307 19.09771 285.8590 39.05361 36.08587 5.973215  5.969616 2.780702
xbest 21.81675 110.3705 0.4911426 15.00000 286.6007 34.89593 26.80879 9.869674  4.316953 2.931091
xbest 21.83667 177.1475 0.1311426 18.00000 286.6007 34.89593 25.50879 9.869674  4.987773 2.931091
xbest 20.27992 173.9590 0.8429001 18.81915 286.6065 35.25324 27.24184 9.493971  4.938330 3.084531
xbest 20.57504 244.7636 0.5849373 17.53342 286.6055 38.31132 25.34244 7.332868  3.908116 3.332733
xbest 20.55306 245.3767 0.5845069 17.55652 286.6044 38.61146 25.30617 7.334333  3.722056 3.322593
xbest 21.03684 195.8791 0.5982749 17.59481 286.7070 39.00929 25.44972 7.373472  5.777303 3.327650
xbest 20.89910 244.8506 0.5896246 17.59938 286.6056 38.22643 25.33893 7.332996  3.749550 3.339156
xbest 20.86836 244.3743 1.0000000 17.65709 286.6056 38.29898 25.27023 7.332996  3.920970 3.339156
xbest 20.83686 207.9732 0.4756070 17.72231 286.6008 38.56182 25.58179 7.374957  4.509985 3.382152
xbest 20.00000 253.8382 0.4784277 16.79361 286.5842 38.77003 24.38698 7.511132  3.859899 3.534597
xbest 20.16821 261.2051 0.4795130 16.57026 286.5786 38.83116 24.23443 7.527055  3.785567 3.641163
xbest 20.00000 257.6696 0.9681802 16.61714 286.6123 38.83116 24.23443 7.527055  3.878748 3.557194
xbest 20.73799 138.5295 0.7784905 17.97386 286.6288 38.67106 25.47248 7.373334  8.772928 3.352012
xbest 20.73799 138.5295 0.8234905 17.97386 286.6311 38.66949 25.47248 7.373334  8.816727 3.334245
xbest 20.79316 134.5459 0.7997632 17.97205 286.6291 38.65785 25.49724 7.372728  9.008301 3.353744
xbest 20.79316 134.5459 0.7997632 17.97278 286.6291 38.65785 25.49724 7.372728  9.005176 3.353744
xbest 21.02653 118.4217 0.7954291 17.99544 286.6324 38.39271 25.86563 7.366503  9.887087 3.360874
xbest 21.23206 114.5348 0.7892856 17.99369 286.6326 38.19954 25.89074 7.365391 10.000000 3.361279
xbest 21.23206 114.5348 0.7892856 17.99369 286.6326 38.19954 25.93137 7.365391 10.000000 3.361279
xbest 20.84736 115.8446 0.7978142 17.93330 286.6206 40.13663 24.93924 7.703719  9.436027 3.241938
xbest 20.00000 115.8446 0.7978142 18.68330 286.6206 40.13975 24.61424 7.703719  9.436027 3.241938
xbest 20.85997 118.5469 0.7977684 17.91253 286.6254 38.76496 25.05191 7.653751  9.752599 3.337503
xbest 20.85980 118.2007 0.7970575 17.91270 286.6244 38.88619 24.74170 7.654412  9.755469 3.319846
xbest 20.85980 118.2007 0.8420575 17.91270 286.6244 38.88619 24.57920 7.654412  9.755469 3.319846
xbest 20.85990 118.5619 0.7975798 17.91900 286.6220 38.80624 25.02416 7.655573  9.801702 3.369099
xbest 20.86132 118.5599 0.7975700 17.91811 286.6222 38.80619 25.00219 7.655540  9.798625 3.374096
xbest 20.85902 115.4282 0.8186346 17.91773 286.6223 38.80469 25.00266 7.654462  9.802892 3.368204
xbest 20.83558 115.4282 0.8861346 17.91773 286.6223 38.80469 25.00266 7.654462  9.802892 3.368204
xbest 20.85903 115.4728 0.8193706 17.91796 286.6190 38.81418 24.97486 7.655932  9.797046 3.374233
xbest 20.85903 115.4728 0.8418706 17.91870 286.6190 38.81418 24.97486 7.655932  9.797046 3.374233
xbest 20.86554 114.9007 0.8067678 17.92113 286.6179 38.77928 24.97313 7.655369  9.797316 3.374504
xbest 20.91202 109.6430 0.8275451 17.52703 286.5885 39.87856 24.93407 7.719913  9.503455 3.401037
xbest 20.91191 108.8143 0.8276323 17.51366 286.5888 39.86594 24.94010 7.719959  9.503029 3.400222
xbest 20.91310 110.1047 0.8275966 17.54334 286.5910 39.87129 24.94132 7.721353  9.532848 3.398217
xbest 20.91310 110.1047 0.9400966 17.54334 286.5910 39.87129 24.94132 7.721353  9.582848 3.398217
xbest 20.90942 110.4145 0.8290186 17.54048 286.5935 39.96572 24.94022 7.722489  9.423262 3.396147
xbest 20.90356 110.4145 0.8290186 17.54048 286.5935 39.96572 24.94022 7.722489  9.423262 3.396147
xbest 20.79791 109.8945 0.8430885 17.59015 286.5898 39.86090 24.93163 7.720284  9.590015 3.402299
xbest 20.80865 109.7860 0.8372172 17.53497 286.5886 39.85030 24.93534 7.720155  9.590062 3.402038
xbest 20.80865 109.7860 0.8147172 17.53497 286.5886 39.85030 24.93534 7.720155  9.590062 3.402038
xbest 20.74024 108.5603 0.8326779 17.56133 286.5894 40.05872 24.89335 7.727012  9.614841 3.345316
xbest 20.76368 108.5603 0.8326779 17.56133 286.5894 40.05872 24.89335 7.727012  9.611716 3.345316
xbest 20.73740 109.3497 0.8327165 17.54524 286.5883 40.00820 24.82870 7.727294  9.626483 3.385202
xbest 20.69699 109.8844 0.8344323 17.54522 286.5886 40.00868 24.89787 7.726487  9.642895 3.385851
xbest 20.63891 109.9125 0.8327943 17.55580 286.5884 40.09860 24.86342 7.729573  9.672065 3.382670
xbest 20.57253 109.9099 0.8325550 17.55703 286.5879 40.14384 24.86257 7.729761  9.719181 3.379761
xbest 20.67078 109.1151 0.8305492 17.54938 286.5892 40.13955 24.88020 7.727860  9.649844 3.384772
xbest 20.67078 109.1151 0.8530492 17.55817 286.5892 40.13955 24.88020 7.727860  9.649844 3.387741
xbest 20.52278 110.1477 0.8519949 17.57076 286.5857 40.07109 24.87756 7.731118  9.899334 3.360306
xbest 20.51106 109.9914 0.8969949 17.57662 286.5845 40.07109 24.87756 7.731118  9.899334 3.360306
xbest 20.38305 110.1470 0.8964792 17.57097 286.5835 40.07567 24.86781 7.731695 10.000000 3.347786
xbest 20.38318 110.5750 0.8355333 17.57303 286.5831 40.06985 24.86310 7.732052  9.984399 3.356383
xbest 20.39453 110.1469 0.8909437 17.57091 286.5841 40.07215 24.86812 7.731709 10.000000 3.359503
xbest 20.40024 110.2363 0.9015919 17.57377 286.5842 40.07213 24.86604 7.731702 10.000000 3.359413
xbest 20.34779 111.3581 0.9387938 17.57215 286.5828 40.07477 24.86752 7.732407  9.980062 3.356963
xbest 20.30588 112.0957 0.9755361 17.57125 286.5825 40.07465 24.86829 7.732684  9.981287 3.355740
xbest 20.31767 111.7534 0.9583913 17.57003 286.5818 40.07428 24.86833 7.732790  9.971749 3.355184
xbest 20.28035 112.6210 0.9733370 17.56928 286.5818 40.07569 24.86857 7.732869  9.965301 3.353847
xbest 20.34187 112.1024 0.9926157 17.56933 286.5818 40.07318 24.86826 7.732406  9.969479 3.355944
xbest 20.41666 111.2112 1.0000000 17.57125 286.5837 40.08595 24.87760 7.732548  9.990747 3.358428
xbest 20.36732 111.0410 0.9955416 17.61491 286.5818 40.07303 24.87362 7.732331  9.969815 3.358219
xbest 20.36732 111.0410 0.9955416 17.61491 286.5818 40.07303 24.87362 7.732331  9.969815 3.358219

$time
elapsed elapsed elapsed elapsed elapsed elapsed elapsed elapsed elapsed elapsed elapsed elapsed elapsed elapsed elapsed elapsed elapsed elapsed elapsed elapsed elapsed elapsed elapsed elapsed elapsed 
   1.45    4.25    6.17   14.05   17.86   22.14   23.97   25.87   27.94   37.76   41.61   43.53   49.48  134.11  135.64  212.31  213.36  226.98  231.36  234.20  372.48  373.66  380.16  384.00  394.84 
elapsed elapsed elapsed elapsed elapsed elapsed elapsed elapsed elapsed elapsed elapsed elapsed elapsed elapsed elapsed elapsed elapsed elapsed elapsed elapsed elapsed elapsed elapsed elapsed elapsed 
 418.05  426.89  430.91  439.69  449.83  461.37  505.34  516.01  521.62  525.39  526.56  542.97  548.42  565.28  569.97  570.94  610.94  611.92  615.91  617.86  619.73  623.39  625.30  633.19  668.20 
elapsed elapsed elapsed elapsed elapsed elapsed elapsed elapsed elapsed elapsed elapsed elapsed elapsed 
 669.45  673.41  675.45  677.41  681.36  693.37  699.08  700.87  705.17  708.87  716.36  724.31  725.39 

$neval
 [1]   106   275   419   993  1270  1543  1679  1817  1972  2654  2922  3057  3470  9382  9497 14924 15003 15963 16239 16449 26395 26484 26893 27165 27927 29424 30037 30311 30933 31603 32351 35234
[33] 36004 36419 36694 36784 37864 38206 39314 39587 39661 42254 42333 42604 42744 42880 43150 43284 43778 46104 46198 46475 46615 46753 47034 47921 48323 48457 48723 48994 49471 50025 50026

$fbest
[1] 922.7639

$xbest
 [1]  20.3673162 111.0409697   0.9955416  17.6149126 286.5818444  40.0730280  24.8736182   7.7323313   9.9698153   3.3582190

$numeval
[1] 50026

$end_crit
[1] 1

$cpu_time
elapsed 
 725.39 

$Refset
$Refset$x
           [,1]        [,2]        [,3]      [,4]       [,5]      [,6]       [,7]       [,8]      [,9]    [,10]
 [1,]  20.41990 111.2510973   0.9998498 17.570790 286.583725  40.08858 24.8783639   7.732632  9.991126 3.358041
 [2,]  20.37935 110.3550750   0.9634932 17.648188 286.583014  40.07273 24.8759188   7.732245  9.985711 3.359807
 [3,]  20.34187   0.9926157 286.5818366 24.868261   9.969479  20.34187  0.9926157 286.581837 24.868261 9.969479
 [4,] 112.10236  17.5693253  40.0731848  7.732406   3.355944 112.10236 17.5693253  40.073185  7.732406 3.355944
 [5,]  20.36732 111.0409697   0.9955416 17.614913 286.581844  40.07303 24.8736182   7.732331  9.969815 3.358219
 [6,]  20.40284 111.0428811   0.9951893 17.570608 286.582555  40.08648 24.8777727   7.732181  9.992414 3.358312
 [7,]  20.39321 110.8580972   0.9489804 17.571896 286.582702  40.07951 24.8681347   7.732091  9.987786 3.357693
 [8,]  20.40402 111.0813057   0.9909058 17.571861 286.583691  40.08559 24.8736809   7.732500  9.990061 3.359291
 [9,]  20.40878 111.0011290   0.9983205 17.572403 286.583685  40.08740 24.8858543   7.732166  9.992300 3.358916
[10,]  20.44165 110.9845956   0.9985795 17.550057 286.583365  40.09195 24.8641361   7.732498  9.989409 3.358636
[11,]  20.41841 111.3134116   1.0000000 17.552450 286.584571  40.09176 24.8777136   7.732464  9.996450 3.358356
[12,]  20.47511 168.9584265   0.9188503 20.902813 286.615213  43.70907 24.6208198   6.681238  6.867982 2.664662

$Refset$f
 [1]  922.8559  923.2656  923.4462  923.4462  922.7639  923.8090  924.1372  923.9271  923.8351  923.2170  923.0903 2701.9236

$Refset$fpen
 [1]  922.8559  923.2656  923.4462  923.4462  922.7639  923.8090  924.1372  923.9271  923.8351  923.2170  923.0903 2701.9236

$Refset$const
           [,1]      [,2]      [,3]      [,4]     [,5]
 [1,]  7.579664 26.008874 18.429210  1.527185 2.551028
 [2,]  7.662477 26.014289 18.351812  1.527242 2.551288
 [3,]  7.599847 18.430675  2.550327 26.030521 1.527381
 [4,] 26.030521  1.527381  7.599847 18.430675 2.550327
 [5,]  7.645097 26.030185 18.385087  1.527369 2.550705
 [6,]  7.578194 26.007586 18.429392  1.527304 2.550666
 [7,]  7.584110 26.012214 18.428104  1.527300 2.550352
 [8,]  7.581800 26.009939 18.428139  1.527194 2.550822
 [9,]  7.580102 26.007700 18.427597  1.527171 2.551581
[10,]  7.560647 26.010591 18.449943  1.527257 2.549779
[11,]  7.556000 26.003550 18.447550  1.527103 2.551145
[12,] 14.034831 29.132018 15.097187  1.527879 2.410071

$Refset$penalty
 [1] 0 0 0 0 0 0 0 0 0 0 0 0


