$f
 [1] 2302.8056 1047.5139  895.7865  842.6997  815.8941  783.0278  758.9010  735.5417  726.7274  721.8299  718.5764  718.1493  712.7882  712.2795  712.1233  710.4375  710.0017  709.1233  709.0903
[20]  704.3212  704.0868  699.1771  697.6684  697.4063  696.9219  696.5156  696.4479  696.3247  695.9844  695.9358  695.5990  695.5660  695.5365  695.3455  695.3160  695.0608  695.0312  695.0052
[39]  694.7882  694.6441  694.6441

$x
          [,1]     [,2]      [,3]     [,4]     [,5]     [,6]     [,7]     [,8]     [,9]    [,10]
xbest 21.15514 397.9841 0.6132287 18.53094 285.8450 37.34766 28.01930 4.645152 4.226284 3.737193
xbest 20.00000 296.3542 1.0000000 19.57330 285.7845 35.02027 24.10385 2.544492 6.350729 3.752509
xbest 20.00000 316.5752 0.9363604 19.57330 285.8595 36.62027 24.00000 2.000000 6.350729 2.232509
xbest 20.00000 333.7312 0.9415788 19.46189 286.3101 36.65118 24.00000 2.233507 5.644285 3.976778
xbest 20.15645 346.0327 0.9419989 19.63910 286.3238 36.64470 24.00305 2.233303 5.451541 4.002479
xbest 20.01518 326.3707 0.9691846 19.60782 286.3613 36.96001 24.00234 2.318435 5.868006 2.462872
xbest 20.02441 317.9877 1.0000000 19.59342 286.3540 37.10106 24.01112 2.518654 5.979130 1.684928
xbest 20.28099 310.8878 0.8731253 19.53995 286.3479 36.59834 24.29563 2.459785 5.904160 1.200000
xbest 20.28099 310.8878 0.8731253 19.53995 286.3479 36.60459 24.33626 2.484785 5.954160 1.200000
xbest 20.55866 310.2702 0.8285696 19.59504 286.3677 36.59949 24.30788 2.415566 6.128276 1.222393
xbest 20.83573 299.8761 0.8325840 19.56286 286.3668 36.59011 24.35153 2.405690 6.324723 1.227270
xbest 20.19239 300.5788 0.3402320 18.95322 286.3609 36.57255 24.42146 2.510582 6.494381 1.302118
xbest 20.19239 300.5788 0.3402320 18.95322 286.3609 36.48505 24.42146 2.510582 6.506881 1.337743
xbest 20.00000 300.3685 0.2446229 18.34838 286.3572 36.52579 24.37273 2.517701 6.762550 1.343116
xbest 20.00000 300.3685 0.2446229 18.34838 286.3572 36.52579 24.33211 2.517701 6.762550 1.343116
xbest 20.40433 311.7812 0.4075757 19.51744 286.3698 36.62640 24.42434 2.491721 5.760530 1.201692
xbest 20.40433 311.7617 0.4075757 19.51744 286.3698 36.62640 24.42434 2.491721 5.760530 1.201692
xbest 20.39714 312.3339 0.3929262 19.50445 286.3672 36.62345 24.45803 2.492207 5.704466 1.201856
xbest 20.34316 301.3110 0.3426037 18.91450 286.3625 36.54864 24.43278 2.471674 6.436847 1.202425
xbest 20.34316 301.3110 0.3426037 18.91450 286.3812 36.54864 24.43278 2.471674 6.418097 1.202425
xbest 20.52003 304.5313 0.7927056 18.96666 286.3739 36.63771 24.45865 2.480735 6.528370 1.203720
xbest 20.52003 304.5313 0.7484088 18.95494 286.3692 36.43771 24.45865 2.474485 6.528370 1.200000
xbest 20.63241 303.6856 0.8705235 18.34394 286.3829 36.66277 24.45610 2.483024 7.042435 1.200000
xbest 20.60570 305.6595 0.8818814 18.44763 286.3799 36.63680 24.49913 2.487258 6.912322 1.201009
xbest 20.60570 305.6595 0.8818814 18.44763 286.3799 36.63680 24.49913 2.493508 6.912322 1.201009
xbest 20.60395 302.7724 0.7418182 18.41007 286.3817 36.64768 24.47017 2.482548 6.974415 1.200730
xbest 20.60963 302.6682 0.7655314 18.41174 286.3818 36.66121 24.47418 2.482750 6.987796 1.200454
xbest 20.60243 302.7750 0.7353605 18.40973 286.3818 36.64521 24.46893 2.482681 6.973686 1.200600
xbest 20.60720 302.3558 0.7316214 18.41124 286.3775 36.64751 24.46746 2.495319 6.972445 1.200696
xbest 20.61169 302.3723 0.7249019 18.40996 286.3816 36.64710 24.46925 2.495322 6.972844 1.200296
xbest 20.61091 302.4252 0.7304426 18.44686 286.3700 36.64730 24.46543 2.493930 6.943815 1.200279
xbest 20.61182 302.3401 0.7314778 18.44689 286.3679 36.64584 24.46520 2.495857 6.944355 1.200264
xbest 20.63350 302.7314 0.7423795 18.42035 286.3758 36.64923 24.47519 2.490446 6.949156 1.200365
xbest 20.60662 303.0055 0.7167677 18.40285 286.3787 36.65030 24.47343 2.493284 6.957758 1.200000
xbest 20.61382 302.5396 0.7165855 18.40354 286.3777 36.64697 24.47050 2.493507 6.967764 1.200741
xbest 20.60272 303.8591 0.7155274 18.37337 286.3798 36.65073 24.47358 2.494380 6.956494 1.200035
xbest 20.60272 303.8591 0.7155274 18.37355 286.3798 36.65073 24.47358 2.494380 6.956494 1.200035
xbest 20.60950 303.5183 0.7205407 18.33075 286.3768 36.64764 24.48745 2.495391 7.000582 1.200886
xbest 20.60950 303.5183 0.7205407 18.33075 286.3768 36.64764 24.48745 2.495391 7.000582 1.200144
xbest 20.61472 303.2704 0.7204708 18.33189 286.3768 36.64803 24.48829 2.497302 7.006789 1.200347
xbest 20.61472 303.2704 0.7204708 18.33189 286.3768 36.64803 24.48829 2.497302 7.006789 1.200347

$time
elapsed elapsed elapsed elapsed elapsed elapsed elapsed elapsed elapsed elapsed elapsed elapsed elapsed elapsed elapsed elapsed elapsed elapsed elapsed elapsed elapsed elapsed elapsed elapsed elapsed 
   1.98    5.37    7.62   13.98   19.44   27.36   33.01   35.64   37.39   58.94   61.73   64.42   66.14  100.25  101.67  142.59  144.01  149.23  154.70  172.61  252.30  254.23  344.73  364.61  374.01 
elapsed elapsed elapsed elapsed elapsed elapsed elapsed elapsed elapsed elapsed elapsed elapsed elapsed elapsed elapsed elapsed 
 399.42  406.50  411.95  426.22  431.67  443.95  449.97  452.62  472.22  474.83  477.14  488.56  785.01  786.41  840.41  985.44 

$neval
 [1]   106   273   388   687   969  1391  1670  1810  1901  2999  3138  3275  3369  5000  5074  7106  7180  7452  7725  8614 12568 12675 17272 18286 18767 19988 20332 20611 21304 21586 22207 22482
[33] 22619 23625 23760 23893 24501 39846 39920 42633 50021

$fbest
[1] 694.6441

$xbest
 [1]  20.6147185 303.2703830   0.7204708  18.3318889 286.3767536  36.6480265  24.4882931   2.4973017   7.0067891   1.2003469

$numeval
[1] 50021

$end_crit
[1] 1

$cpu_time
elapsed 
 985.44 

$Refset
$Refset$x
          [,1]     [,2]      [,3]     [,4]     [,5]     [,6]     [,7]     [,8]     [,9]    [,10]
 [1,] 20.61572 303.3723 0.7214660 18.33203 286.3762 36.64052 24.49117 2.495797 7.003654 1.200071
 [2,] 20.61635 303.3167 0.7210888 18.33255 286.3762 36.64736 24.49405 2.493393 7.004488 1.200965
 [3,] 20.61476 303.4751 0.7215580 18.33050 286.3782 36.64455 24.49335 2.494425 7.002382 1.200853
 [4,] 20.61589 303.3700 0.7216276 18.33240 286.3764 36.64685 24.49182 2.495266 7.003117 1.200187
 [5,] 20.61441 303.3706 0.7209193 18.33217 286.3769 36.64720 24.49387 2.493315 7.004021 1.200428
 [6,] 20.61449 303.3832 0.7214444 18.33119 286.3774 36.64456 24.49300 2.493721 7.004887 1.200477
 [7,] 20.61631 303.3678 0.7214698 18.33194 286.3770 36.64189 24.49319 2.495630 7.003745 1.200085
 [8,] 20.61576 303.3679 0.7215789 18.33212 286.3763 36.64326 24.49151 2.495660 7.003458 1.200065
 [9,] 20.61562 303.4049 0.7215067 18.33199 286.3766 36.64068 24.49277 2.494716 7.002984 1.200148
[10,] 20.59990 317.6947 0.7132758 18.18329 286.3534 36.63242 24.49708 2.507935 7.007199 1.242044
[11,] 21.58139 297.1720 0.6881886 18.36486 286.3775 36.62079 24.51036 2.543140 6.982400 1.469948
[12,] 20.28885 258.7886 0.8115403 18.30205 286.5867 43.47865 24.47518 2.371627 7.398523 1.200187

$Refset$f
 [1] 694.6441 694.6441 694.6441 694.6441 694.6441 694.6441 694.6441 694.6441 694.6441 748.0694 766.7552 834.5833

$Refset$fpen
 [1] 694.6441 694.6441 694.6441 694.6441 694.6441 694.6441 694.6441 694.6441 694.6441 748.0694 766.7552 834.5833

$Refset$const
          [,1]     [,2]     [,3]     [,4]     [,5]
 [1,] 11.32838 28.99635 17.66797 1.545077 2.614711
 [2,] 11.32806 28.99551 17.66745 1.545081 2.614578
 [3,] 11.32812 28.99762 17.66950 1.544864 2.615331
 [4,] 11.32928 28.99688 17.66760 1.545062 2.614501
 [5,] 11.32815 28.99598 17.66783 1.545006 2.614804
 [6,] 11.32630 28.99511 17.66881 1.544945 2.615054
 [7,] 11.32820 28.99625 17.66806 1.544989 2.615060
 [8,] 11.32866 28.99654 17.66788 1.545074 2.614614
 [9,] 11.32901 28.99702 17.66801 1.545033 2.614953
[10,] 11.17609 28.99280 17.81671 1.547533 2.607992
[11,] 11.38246 29.01760 17.63514 1.544856 2.617709
[12,] 10.90353 28.60148 17.69795 1.530564 2.399775

$Refset$penalty
 [1] 0 0 0 0 0 0 0 0 0 0 0 0


