$f
 [1] 8141.0191  918.1319  847.6892  747.0764  739.6510  720.7604  707.3385  692.2604  689.1406  687.0156  680.9132  680.4063  679.1198  673.3142  672.0729  671.3351  671.0955  671.0417  670.8351
[20]  670.1788  670.1736  669.8976  669.7917  669.4028  668.8819  668.0243  667.7535  667.2691  666.2309  666.1632  666.0573  665.4705  520.5122  516.5642  501.2604  495.3767  492.2899  491.7031
[39]  489.9080  484.8351  483.4653  482.8646  482.7431  482.5816  482.1007  481.5382  480.5590  479.5017  479.2135  478.4670  478.1406  477.2552  465.9792  460.9965  460.7708

$x
          [,1]     [,2]      [,3]     [,4]     [,5]     [,6]     [,7]     [,8]     [,9]    [,10]
xbest 24.79000 337.0400 0.2529000 17.72000 285.5400 45.67000 29.49000 2.970000 2.000000 2.690000
xbest 24.13095 167.4999 0.9884794 26.72540 286.2750 37.45713 25.97584 2.000000 5.977829 4.034663
xbest 24.14267 187.4999 0.9997294 26.35040 286.2750 37.45713 25.97584 2.000000 5.802829 3.939663
xbest 23.18003 272.4204 1.0000000 25.93560 286.1479 38.36046 27.47148 2.098734 2.966512 5.000000
xbest 23.17464 188.2406 1.0000000 22.36345 286.5391 42.46098 25.44499 2.369399 7.831357 3.093832
xbest 22.80025 261.8860 1.0000000 25.32373 286.1385 38.38983 27.33923 2.237899 3.558257 4.970820
xbest 23.43301 231.2817 0.9787969 26.00428 286.1696 36.31914 28.10232 2.000000 4.038384 4.003824
xbest 23.13359 237.0987 0.9847549 26.07215 286.1709 36.41335 28.07569 2.033312 4.158858 3.845011
xbest 23.30954 237.6735 0.9883674 26.00304 286.1783 36.30963 28.13639 2.000000 4.044643 3.186813
xbest 23.30954 237.6735 1.0000000 26.00304 286.1408 36.30963 27.81139 2.000000 4.144643 3.186813
xbest 23.27716 214.0000 0.9697532 27.85200 286.1244 35.77443 28.23414 2.006592 3.904820 1.701357
xbest 23.27716 214.0000 0.9697532 27.85200 286.1244 35.77443 28.23414 2.019092 3.904820 1.701357
xbest 23.50618 224.3585 0.9282264 28.40266 286.1966 36.55014 28.36734 2.394666 3.219715 3.335973
xbest 23.50618 224.0460 1.0000000 28.39094 286.1966 36.15014 28.36734 2.404041 3.219715 3.335973
xbest 23.50924 223.2228 0.9198249 28.37952 286.1974 36.44240 28.29950 2.366003 3.249332 4.518128
xbest 23.50924 223.3009 0.9198249 28.37952 286.1974 36.44240 28.29950 2.372253 3.249332 4.518128
xbest 23.51923 224.5471 0.9333391 28.31125 286.1992 36.42465 28.33017 2.376183 3.218147 4.405093
xbest 23.51842 224.2946 0.9275615 28.31163 286.1970 36.40506 28.33378 2.369926 3.228352 4.424780
xbest 23.51842 224.2946 0.9275615 28.31163 286.1970 36.40506 28.33378 2.388676 3.215852 4.424780
xbest 23.55516 220.5395 0.9390472 28.68212 286.1948 36.40091 28.34896 2.369034 3.134066 4.096360
xbest 23.57218 222.3555 0.9110025 28.38872 286.1963 36.41094 28.33521 2.364846 3.210788 4.472913
xbest 23.59961 223.8359 0.9114006 28.26833 286.1959 36.40585 28.35488 2.365609 3.205286 4.492244
xbest 23.60309 223.6163 0.9178207 28.28140 286.1959 36.40823 28.34950 2.365319 3.205488 4.545172
xbest 23.60309 223.6163 0.9178207 28.28140 286.1959 36.40823 28.34950 2.390319 3.205488 4.545172
xbest 23.58227 227.3253 0.9932736 28.09592 286.1960 36.42009 28.29053 2.370489 3.191847 4.493439
xbest 23.58227 227.2472 0.9932736 28.09592 286.1960 36.42009 28.29053 2.389239 3.191847 4.493439
xbest 23.57779 229.6511 0.9790340 28.04201 286.1977 36.42451 28.32104 2.381490 3.128277 4.519757
xbest 23.57779 229.6511 0.9790340 28.04201 286.1977 36.42451 28.32104 2.387740 3.128277 4.519757
xbest 23.56906 234.3954 0.9998055 27.80290 286.1976 36.42827 28.31340 2.387320 3.088650 4.527393
xbest 23.57509 233.3605 0.9993574 27.82427 286.1964 36.42177 28.28930 2.387014 3.112448 4.506500
xbest 23.57556 233.1998 0.9999469 27.82648 286.1964 36.42179 28.28904 2.386917 3.117394 4.517239
xbest 21.86993 233.5590 0.9891006 27.08041 286.1602 37.26366 28.35500 7.449279 3.070102 4.274612
xbest 20.00000 233.5590 1.0000000 27.07455 286.1579 37.26366 28.35500 7.449279 3.120102 4.274612
xbest 20.30170 249.4977 0.9931643 26.61561 286.1798 37.28663 28.27803 7.452902 3.023023 4.545237
xbest 20.00000 249.4977 1.0000000 26.61561 286.1798 37.28663 28.27803 7.449771 3.166858 4.545237
xbest 20.16052 248.3076 0.9757404 26.66006 286.1796 37.11295 28.28643 7.446511 3.031622 4.482474
xbest 20.17910 248.2390 0.9954389 26.64233 286.1767 37.11857 28.27274 7.446903 3.027499 4.472358
xbest 20.17910 248.2390 0.9954389 26.64233 286.1767 37.11857 28.27274 7.446903 3.033749 4.472358
xbest 20.31644 245.5231 0.9884399 26.81363 286.1551 37.03885 28.27479 7.440909 3.003109 4.470924
xbest 20.31644 244.8981 1.0000000 26.81363 286.1551 37.03885 28.19354 7.440909 2.978109 4.470924
xbest 20.20112 247.6012 0.9874379 26.73868 286.1623 37.04673 28.24980 7.440900 2.976598 4.470987
xbest 20.05360 247.7754 0.9907501 26.79160 286.1597 37.05097 28.21577 7.442562 3.002053 4.435540
xbest 20.01051 247.9066 0.9929770 26.81512 286.1595 37.04342 28.21224 7.443555 3.014792 4.429241
xbest 20.00335 247.9803 0.9936531 26.80392 286.1577 37.03986 28.18070 7.444189 3.020226 4.419033
xbest 20.00555 248.6310 0.9961238 26.79020 286.1611 37.04740 28.23426 7.443476 2.999962 4.434659
xbest 20.16066 247.7966 0.9987230 26.77391 286.1585 36.96460 28.23707 7.440702 2.972383 4.430998
xbest 20.17639 247.8249 0.9985922 26.76369 286.1587 36.91964 28.22918 7.441613 2.967829 4.437662
xbest 20.17055 247.8422 0.9999176 26.76330 286.1539 36.88122 28.22647 7.442417 2.970163 4.424182
xbest 20.08021 247.7792 0.9969891 26.79249 286.1595 37.02862 27.84799 7.438010 2.981450 4.441381
xbest 20.09192 247.7792 0.9969891 26.79249 286.1595 37.02862 27.84799 7.438010 2.981450 4.441381
xbest 20.10896 248.2331 0.9931665 26.78681 286.1575 37.03625 27.86041 7.440384 2.989658 4.419059
xbest 20.02344 248.2331 0.9931665 26.78681 286.1575 37.03625 27.86041 7.440384 2.989658 4.419059
xbest 20.06941 248.4696 0.9995067 26.80823 286.1002 36.86385 27.47713 7.433090 2.969053 4.502945
xbest 20.06941 249.0946 0.9995067 26.79994 286.1035 36.86385 27.47713 7.433090 2.968137 4.497008
xbest 20.06355 249.0946 0.9995067 26.79994 286.1035 36.86385 27.47713 7.433090 2.968137 4.497008

$time
elapsed elapsed elapsed elapsed elapsed elapsed elapsed elapsed elapsed elapsed elapsed elapsed elapsed elapsed elapsed elapsed elapsed elapsed elapsed elapsed elapsed elapsed elapsed elapsed elapsed 
   1.92    5.15    6.90   11.84   14.25   19.83   22.22   24.61   31.78   33.44   55.89   59.90   97.89   99.61  141.44  142.79  160.29  168.69  170.11  175.72  180.90  183.67  189.01  198.29  261.31 
elapsed elapsed elapsed elapsed elapsed elapsed elapsed elapsed elapsed elapsed elapsed elapsed elapsed elapsed elapsed elapsed elapsed elapsed elapsed elapsed elapsed elapsed elapsed elapsed elapsed 
 262.75  303.06  304.31  321.73  386.73  428.42  455.23  456.75  484.83  486.76  502.47  512.83  514.17  570.26  571.79  574.65  591.78  603.19  615.23  619.83  636.00  638.47  640.94  645.59  649.53 
elapsed elapsed elapsed elapsed elapsed 
 670.14  676.26  894.31  895.92  926.44 

$neval
 [1]   106   272   379   676   818  1101  1240  1382  1797  1886  3112  3320  5334  5439  7613  7692  8647  9057  9138  9411  9685  9821 10091 10572 13854 13935 16095 16168 17106 20682 22913 24328
[33] 24424 25958 26067 26890 27433 27506 30514 30604 30745 31704 32318 32995 33266 34157 34292 34432 34710 34924 36019 36367 48371 48472 50100

$fbest
[1] 460.7708

$xbest
 [1]  20.0635474 249.0945726   0.9995067  26.7999395 286.1035486  36.8638536  27.4771347   7.4330902   2.9681375   4.4970076

$numeval
[1] 50100

$end_crit
[1] 1

$cpu_time
elapsed 
 926.44 

$Refset
$Refset$x
           [,1]        [,2]        [,3]     [,4]       [,5]      [,6]       [,7]       [,8]      [,9]    [,10]
 [1,]  20.06941   0.9995067 286.1035486 27.47713   2.968137  20.06941  0.9995067 286.103549 27.477135 2.968137
 [2,] 249.09457  26.7999395  36.8638536  7.43309   4.497008 249.09457 26.7999395  36.863854  7.433090 4.497008
 [3,]  20.06188 248.4637497   1.0000000 26.81022 286.060360  36.84818 27.0825342   7.432142  2.969551 4.523835
 [4,]  20.06785 248.4694494   0.9995596 26.80840 286.100386  36.86377 27.4723998   7.433307  2.969066 4.503093
 [5,]  20.07584 248.4859617   0.9995869 26.80340 286.146243  36.91624 28.1749666   7.444214  2.962013 4.427304
 [6,]  20.08748 248.4498524   0.9997050 26.80220 286.154494  36.90633 28.2304427   7.442899  2.964032 4.429361
 [7,]  20.08739 248.4573708   0.9997087 26.80123 286.154474  36.90614 28.2293138   7.442936  2.963960 4.428328
 [8,]  20.08661 248.3273055   0.9998494 26.77922 286.154538  36.91530 28.2314423   7.443608  2.981829 4.428443
 [9,]  20.08811 248.4491546   0.9997171 26.79671 286.154428  36.91322 28.2276518   7.442991  2.966734 4.429418
[10,]  20.08653 248.4817138   0.9980494 26.80223 286.155669  36.90833 28.2291644   7.442981  2.962899 4.429235
[11,]  20.08812 248.4792180   0.9981805 26.80299 286.155638  36.90519 28.2391005   7.442905  2.962104 4.434246
[12,]  20.08749 248.4497728   0.9997053 26.80162 286.154493  36.90711 28.2304228   7.442900  2.964205 4.429355

$Refset$f
 [1] 460.9965 460.9965 465.9722 465.9792 478.2778 478.3767 478.3767 478.3767 478.3767 478.3767 478.3767 478.3767

$Refset$fpen
 [1] 460.9965 460.9965 465.9722 465.9792 478.2778 478.3767 478.3767 478.3767 478.3767 478.3767 478.3767 478.3767

$Refset$const
          [,1]      [,2]      [,3]      [,4]     [,5]
 [1,] 23.83180  9.200060  2.758660 33.031863 1.568909
 [2,] 33.03186  1.568909 23.831802  9.200060 2.758660
 [3,] 23.84067 33.030449  9.189777  1.575076 2.712140
 [4,] 23.83934 33.030934  9.191596  1.569302 2.757234
 [5,] 23.84138 33.037987  9.196604  1.561652 2.831177
 [6,] 23.83816 33.035968  9.197805  1.560420 2.839707
 [7,] 23.83727 33.036040  9.198768  1.560425 2.839611
 [8,] 23.79739 33.018171  9.220781  1.560434 2.839189
 [9,] 23.82997 33.033266  9.203295  1.560456 2.838951
[10,] 23.83933 33.037101  9.197770  1.560285 2.839853
[11,] 23.84089 33.037896  9.197006  1.560245 2.840966
[12,] 23.83742 33.035795  9.198380  1.560422 2.839651

$Refset$penalty
 [1] 0 0 0 0 0 0 0 0 0 0 0 0


