$f
 [1] 31474.6875  2477.0330  1152.5851  1125.2465  1109.9965  1072.6875  1037.9010  1032.3038  1026.7726  1018.8003   951.8924   951.0677   934.2413   931.3212   926.2448   922.4149   920.5747
[18]   918.2639   912.4861   901.6128   896.5312   895.7118   894.4826   893.3628   880.4809   879.2378   878.6910   877.4167   877.2969   876.9253   875.8472   873.5365   873.1198   871.6302
[35]   871.0590   868.7170   867.5295   864.9583   864.8611   864.4531   864.2951   864.2135   863.9010   863.5330   862.9444   862.5052   861.7083   860.2604   860.1823   859.7188   859.5295
[52]   859.3542   859.3507   859.3507

$x
          [,1]     [,2]      [,3]     [,4]     [,5]     [,6]     [,7]     [,8]     [,9]    [,10]
xbest 34.58512 159.5811 0.1133619 20.03576 285.7206 41.53950 25.63844 5.829237 2.427203 4.088360
xbest 20.00000 274.3820 0.1000000 15.00000 286.4951 41.74240 24.00000 4.380931 4.619972 3.107215
xbest 20.00000 210.1821 0.1366705 15.00000 286.5978 37.83873 24.00000 4.999817 5.674888 4.960101
xbest 20.21629 213.1906 0.1287282 17.00793 286.6508 36.72886 24.97204 4.904230 4.259755 3.052649
xbest 20.23361 205.6894 0.1288389 16.82598 286.6004 36.81754 24.76582 5.119615 4.264989 3.295585
xbest 20.27098 213.0335 0.1253549 16.64377 286.5986 36.91614 24.52647 5.040809 4.274004 3.090866
xbest 20.42228 214.3743 0.1195852 17.06064 286.5986 36.75587 24.80966 5.049481 3.605579 1.880004
xbest 20.12055 208.2686 0.1212558 16.60676 286.6177 36.88829 24.67033 5.086837 4.949363 3.274046
xbest 20.27838 206.2100 0.1311911 16.72414 286.6073 36.80301 24.60706 5.131998 4.525348 2.587026
xbest 20.10694 203.1582 0.1297887 16.00930 286.6638 37.08794 24.48206 6.079910 5.019425 4.643161
xbest 20.10694 203.1582 0.1732164 16.00930 286.6585 37.08794 24.48206 6.067410 5.072918 4.690661
xbest 20.06741 205.3243 0.1310664 16.64951 286.6507 37.02422 24.50036 6.172640 4.622778 4.096032
xbest 20.00000 204.6993 0.1310664 16.64951 286.6507 36.98672 24.50036 6.172640 4.635278 4.090094
xbest 20.08755 193.7350 0.1324069 16.17282 286.6678 37.03982 24.53318 6.129570 5.421343 3.866117
xbest 20.08755 193.8912 0.1320554 16.17282 286.6678 37.03982 24.37068 6.129570 5.421343 3.866117
xbest 20.08772 193.7310 0.1314104 16.09297 286.6682 37.03017 24.48463 6.131918 5.591407 3.829595
xbest 20.05257 193.4185 0.1314104 16.09297 286.6693 37.03017 24.48463 6.138168 5.591407 3.829595
xbest 20.05639 186.5309 0.1379642 16.02739 286.6698 37.02768 24.42576 6.142917 5.958891 3.768575
xbest 20.00000 186.5309 0.1379642 16.00395 286.6698 37.02768 24.42068 6.142917 5.896391 3.768575
xbest 20.02822 175.6410 0.1421015 15.95374 286.6704 37.03011 24.46576 6.143030 6.403849 3.774802
xbest 20.02822 175.6410 0.1646015 15.59632 286.6704 37.03011 24.46576 6.143030 6.403458 3.780739
xbest 20.03301 188.7248 0.1398303 16.23066 286.6679 37.00645 24.42437 6.141999 5.473200 3.780821
xbest 20.05058 188.7248 0.1398303 16.23066 286.6679 37.00645 24.42437 6.141999 5.473200 3.780821
xbest 20.02788 184.8335 0.1431948 16.43153 286.6681 37.01034 24.49008 6.142781 5.556437 3.781167
xbest 20.01514 183.4301 0.1499563 16.37879 286.6685 37.00747 24.52333 6.142356 5.698103 3.767954
xbest 20.00246 188.4875 0.1533432 16.49970 286.6687 37.02268 24.50044 6.141953 5.248256 3.773476
xbest 20.02256 183.8209 0.1498838 16.39746 286.6677 37.02413 24.47168 6.142125 5.634633 3.766760
xbest 20.02308 183.8152 0.1496825 16.41014 286.6676 37.02248 24.48026 6.142741 5.630326 3.760883
xbest 20.01299 184.6708 0.1503101 16.53160 286.6692 37.02403 24.48575 6.141831 5.507891 3.766008
xbest 20.00967 184.5916 0.1503716 16.58358 286.6696 37.02385 24.48653 6.141853 5.489904 3.767362
xbest 20.00407 187.3926 0.1529468 16.57480 286.6694 37.02345 24.48932 6.141938 5.296983 3.772334
xbest 20.00629 185.4570 0.1507315 16.98624 286.6710 37.02400 24.48169 6.141495 5.139242 3.767062
xbest 20.01129 184.7423 0.1502556 16.90389 286.6674 37.02353 24.48098 6.142758 5.245372 3.768137
xbest 20.00000 186.6038 0.1518345 17.38231 286.6677 37.02292 24.48275 6.141497 4.780441 3.765688
xbest 20.01758 186.6038 0.1518345 17.38231 286.6677 37.02292 24.48275 6.141497 4.780441 3.765688
xbest 20.01498 184.6658 0.1524348 17.38639 286.6673 37.02352 24.47080 6.142729 4.869162 3.780979
xbest 20.01434 184.1911 0.1575154 17.39602 286.6675 37.01780 24.47379 6.142940 4.844487 3.784470
xbest 20.01925 185.4599 0.1551632 17.40565 286.6655 37.01926 24.48519 6.142769 4.815922 3.777139
xbest 20.01493 184.5375 0.1569114 17.37429 286.6668 37.01951 24.47234 6.142816 4.852888 3.783479
xbest 20.01795 185.1900 0.1552344 17.40243 286.6659 37.01927 24.47977 6.142780 4.839671 3.777304
xbest 20.01614 184.9704 0.1557124 17.39277 286.6661 37.02040 24.47312 6.142743 4.845226 3.780326
xbest 20.01614 184.9704 0.1557124 17.39277 286.6661 37.02040 24.47312 6.142743 4.848351 3.780326
xbest 20.01515 184.8314 0.1565965 17.34671 286.6671 37.02105 24.47255 6.143006 4.857039 3.775473
xbest 20.01466 184.7538 0.1563601 17.34733 286.6671 37.02148 24.47160 6.142969 4.864480 3.777871
xbest 20.01438 184.9365 0.1562605 17.34697 286.6675 37.02287 24.47139 6.143065 4.853458 3.773692
xbest 20.01573 184.7954 0.1564347 17.34716 286.6629 37.03732 24.45482 6.143668 4.857100 3.773044
xbest 20.02200 184.8411 0.1551901 17.33747 286.6662 37.02793 24.45960 6.145301 4.857012 3.767577
xbest 20.02786 184.8411 0.1551901 17.33747 286.6662 37.02793 24.45960 6.145301 4.857012 3.767577
xbest 20.03605 184.9026 0.1548005 17.33783 286.6670 37.02146 24.46621 6.145022 4.857549 3.770025
xbest 20.03747 184.7887 0.1546670 17.37874 286.6660 37.02474 24.46478 6.144789 4.851282 3.767878
xbest 20.03788 184.5859 0.1546457 17.38088 286.6659 37.02520 24.46387 6.144979 4.847377 3.767325
xbest 20.04027 184.4407 0.1545809 17.39686 286.6661 37.02653 24.46407 6.145098 4.839622 3.766062
xbest 20.04010 184.9042 0.1541808 17.37770 286.6657 37.02669 24.45712 6.144886 4.842475 3.766579
xbest 20.04010 184.9042 0.1541808 17.37770 286.6657 37.02669 24.45712 6.144886 4.842475 3.766579

$time
elapsed elapsed elapsed elapsed elapsed elapsed elapsed elapsed elapsed elapsed elapsed elapsed elapsed elapsed elapsed elapsed elapsed elapsed elapsed elapsed elapsed elapsed elapsed elapsed elapsed 
   1.99    5.13    8.05   15.50   17.63   20.50   22.53   26.78   28.96   31.05   32.63   53.55   57.21   92.19   93.41  125.10  126.38  164.91  166.38  189.10  190.52  221.69  222.88  229.35  231.38 
elapsed elapsed elapsed elapsed elapsed elapsed elapsed elapsed elapsed elapsed elapsed elapsed elapsed elapsed elapsed elapsed elapsed elapsed elapsed elapsed elapsed elapsed elapsed elapsed elapsed 
 237.66  242.60  250.41  265.66  270.89  272.94  281.19  299.21  301.21  312.49  328.60  348.10  352.44  354.64  356.80  358.88  360.50  362.69  367.36  402.38  423.27  494.30  495.35  533.44  594.47 
elapsed elapsed elapsed elapsed 
 631.52  635.11  744.78  811.02 

$neval
 [1]   106   266   456   914  1058  1201  1342  1622  1767  1907  2012  3240  3472  5481  5569  7466  7558  9855  9955 11328 11425 13322 13398 13804 13940 14350 14624 15103 16058 16402 16540 17091
[33] 18259 18395 19149 20108 21268 21536 21672 21809 21950 22023 22161 22437 24674 25989 30578 30651 32994 36777 39042 39246 46193 50126

$fbest
[1] 859.3507

$xbest
 [1]  20.0400981 184.9041512   0.1541808  17.3776963 286.6657117  37.0266884  24.4571172   6.1448861   4.8424752   3.7665794

$numeval
[1] 50126

$end_crit
[1] 1

$cpu_time
elapsed 
 811.02 

$Refset
$Refset$x
          [,1]     [,2]      [,3]     [,4]     [,5]     [,6]     [,7]     [,8]     [,9]    [,10]
 [1,] 20.03918 184.9802 0.1540449 17.38317 286.6654 37.03324 24.44975 6.144910 4.834646 3.768929
 [2,] 20.03017 184.8843 0.1547916 17.38007 286.6657 37.02169 24.46010 6.144958 4.836009 3.768330
 [3,] 20.03058 185.1412 0.1542096 17.36453 286.6658 37.02537 24.46936 6.145216 4.839115 3.767145
 [4,] 20.03080 183.2826 0.1571278 17.49100 286.6355 36.88678 24.43992 6.142624 4.828235 3.803354
 [5,] 20.04245 184.9251 0.1541987 17.37878 286.6646 37.02722 24.45577 6.144196 4.840587 3.787865
 [6,] 20.03046 185.0143 0.1547529 17.37537 286.6606 37.01418 24.47378 6.145051 4.841227 3.774376
 [7,] 20.02809 185.2671 0.1542399 17.37763 286.6657 37.02546 24.47346 6.144128 4.837789 3.778365
 [8,] 20.03709 185.0664 0.1540492 17.37009 286.6658 37.01612 24.46605 6.144557 4.831921 3.768825
 [9,] 20.04073 184.9756 0.1540383 17.40278 286.6639 36.99744 24.44974 6.144378 4.805279 3.773337
[10,] 20.04050 184.0019 0.1558174 17.41671 286.6330 36.93234 24.44823 6.142698 4.841341 3.779918
[11,] 20.02994 189.8745 0.1530915 17.20561 286.6350 36.96346 24.45061 6.135683 4.693193 3.815775
[12,] 20.04061 185.1095 0.1564235 17.41185 286.6641 37.03250 24.45393 6.141965 4.804880 3.767135

$Refset$f
 [1] 859.3507 859.5295 859.8559 861.1823 861.9983 862.8715 864.7222 864.4184 865.5486 867.8455 888.7188 874.8750

$Refset$fpen
 [1] 859.3507 859.5295 859.8559 861.1823 861.9983 862.8715 864.7222 864.4184 865.5486 867.8455 888.7188 874.8750

$Refset$const
          [,1]     [,2]     [,3]     [,4]     [,5]
 [1,] 12.54853 31.16535 18.61683 1.514243 2.695062
 [2,] 12.54406 31.16399 18.61993 1.514149 2.696629
 [3,] 12.52541 31.16088 18.63547 1.514112 2.697231
 [4,] 12.66277 31.17176 18.50900 1.517247 2.690595
 [5,] 12.53819 31.15941 18.62122 1.514300 2.695548
 [6,] 12.53414 31.15877 18.62463 1.514650 2.696157
 [7,] 12.53984 31.16221 18.62237 1.514117 2.697490
 [8,] 12.53817 31.16808 18.62991 1.514111 2.697427
 [9,] 12.59750 31.19472 18.59722 1.514331 2.696382
[10,] 12.57537 31.15866 18.58329 1.517600 2.687853
[11,] 12.51242 31.30681 18.79439 1.517439 2.687150
[12,] 12.60697 31.19512 18.58815 1.514374 2.694922

$Refset$penalty
 [1] 0 0 0 0 0 0 0 0 0 0 0 0


