$f
 [1] 5601.3715  874.7743  740.9601  700.7882  645.0382  640.9965  622.6528  614.1858  611.2222  601.1267  597.1458  585.5365  581.3194  575.7986  575.5781  575.4306  575.0642  575.0556  574.4358
[20]  573.6875  573.4601  573.3733  573.1562  572.5017  571.7066  570.3785  570.3090  569.8906  569.7257  569.2101  569.0868  569.0503  568.8229  568.6997  568.6962  568.6441  568.5208  568.5208

$x
          [,1]     [,2]      [,3]     [,4]     [,5]     [,6]     [,7]     [,8]     [,9]    [,10]
xbest 25.57893 258.6047 0.2732201 28.78527 285.4043 35.63327 24.01958 3.183571 4.246154 4.794032
xbest 20.00000 500.0000 0.4182011 15.00000 286.8267 48.00000 25.80089 2.000000 2.000000 2.696712
xbest 20.00000 440.1562 0.3732011 16.87914 286.9017 48.00000 25.80089 2.000000 2.100000 2.744212
xbest 20.00000 419.6872 0.5164081 17.68694 285.8521 34.60410 27.66186 3.098596 5.084966 3.063018
xbest 20.19430 282.4110 0.3157668 20.95107 285.4158 35.38405 24.55265 7.660568 4.207671 4.049456
xbest 20.84597 418.1332 0.3978310 19.42986 286.0359 37.11488 27.53277 2.720789 2.691577 3.896966
xbest 20.00385 419.9937 0.3714833 19.66738 286.2216 36.85049 28.17388 2.167894 3.625169 3.809273
xbest 20.32824 428.6940 0.3979587 19.56074 286.2187 37.91242 28.33953 2.652412 2.637986 3.879687
xbest 20.26524 434.2111 0.4152135 19.53377 286.2180 37.80406 28.30691 2.599980 2.627471 3.886511
xbest 20.23485 430.6909 0.4241735 19.81519 286.0112 38.11429 27.32509 2.907980 2.346826 3.945193
xbest 20.08731 421.5134 0.3682368 19.42720 286.1311 37.75633 27.99077 2.125251 3.461278 3.989109
xbest 20.09770 430.5868 0.4418496 20.11579 285.9787 38.09054 27.15394 3.057677 2.249823 4.032195
xbest 20.09770 430.5868 0.4418496 20.11579 285.9974 38.09054 27.15394 3.045177 2.274823 4.032195
xbest 20.07065 388.3514 0.4189574 19.52206 286.0849 37.53923 27.83658 2.289241 4.177555 3.652619
xbest 20.07065 388.3514 0.4189574 19.52206 286.0849 37.53923 27.83658 2.295491 4.177555 3.652619
xbest 20.10298 380.3461 0.4397364 19.57166 286.2595 37.61560 28.30161 2.299994 4.375850 3.859724
xbest 20.10298 380.3461 0.4397364 19.57166 286.2595 37.61560 28.30161 2.293744 4.375850 3.859724
xbest 20.06319 384.7977 0.4259940 19.55157 286.2505 37.61973 28.23234 2.302103 4.249338 3.808169
xbest 20.04066 385.2822 0.4295324 19.56874 286.2473 37.64384 28.16059 2.281601 4.241280 3.792533
xbest 20.05427 381.2818 0.4383106 19.66640 286.2477 37.64361 28.15314 2.288557 4.306226 3.714613
xbest 20.05151 381.3007 0.4381359 19.66892 286.2477 37.64178 28.15383 2.288788 4.306349 3.712456
xbest 20.03501 384.0916 0.4346719 19.58723 286.2474 37.63721 28.16117 2.282643 4.297127 3.796676
xbest 20.01303 385.3553 0.4335666 19.59877 286.0332 37.62044 27.39229 2.351973 4.276744 3.770477
xbest 20.01303 385.3553 0.4335666 19.59877 286.0332 37.62044 27.35166 2.351973 4.264244 3.758602
xbest 20.11132 382.6154 0.4353332 19.61246 286.0342 37.62565 27.40041 2.334663 4.278987 3.794936
xbest 20.11132 382.4591 0.4339269 19.61246 286.0389 37.62565 27.44103 2.359663 4.278987 3.794936
xbest 20.11846 382.3998 0.4353294 19.61651 286.0263 37.63371 27.29849 2.367115 4.279115 3.791707
xbest 20.11260 382.3998 0.4353294 19.61651 286.0263 37.63371 27.29849 2.367115 4.279115 3.791707
xbest 20.11990 382.4096 0.4370871 19.61458 286.0262 37.64820 27.24788 2.366194 4.279348 3.803823
xbest 20.12133 381.3101 0.4368351 19.63866 286.0282 37.63694 27.27582 2.368740 4.295606 3.736075
xbest 20.11914 381.3735 0.4368786 19.63885 286.0282 37.63702 27.27698 2.368921 4.294657 3.736175
xbest 20.09311 382.0585 0.4360720 19.63959 286.0282 37.63924 27.27240 2.382527 4.286212 3.756511
xbest 20.09130 382.0177 0.4362088 19.64825 286.0265 37.63990 27.25645 2.383757 4.282519 3.758549
xbest 20.09905 381.9889 0.4357987 19.64900 286.0269 37.63790 27.24939 2.380808 4.278290 3.854526
xbest 20.09908 381.9505 0.4338045 19.64254 286.0279 37.63776 27.26431 2.379666 4.280683 3.877173
xbest 20.09756 381.9515 0.4337631 19.64372 286.0279 37.63643 27.26452 2.379650 4.280907 3.878474
xbest 20.09751 381.9611 0.4334725 19.64325 286.0281 37.63707 27.26396 2.379623 4.280363 3.866012
xbest 20.09751 381.9611 0.4334725 19.64325 286.0281 37.63707 27.26396 2.379623 4.280363 3.866012

$time
elapsed elapsed elapsed elapsed elapsed elapsed elapsed elapsed elapsed elapsed elapsed elapsed elapsed elapsed elapsed elapsed elapsed elapsed elapsed elapsed elapsed elapsed elapsed elapsed elapsed 
   1.53    4.39    6.82    9.55   11.71   16.10   18.07   20.00   22.11   24.25   26.28   28.39   30.24   91.97   93.11  113.78  117.10  153.61  160.60  187.08  219.13  244.99  303.53  304.82  326.91 
elapsed elapsed elapsed elapsed elapsed elapsed elapsed elapsed elapsed elapsed elapsed elapsed elapsed 
 328.28  363.52  364.74  377.00  437.83  449.72  453.21  460.27  544.89  731.58  746.63  760.80  922.99 

$neval
 [1]   106   275   422   566   708   984  1123  1259  1399  1544  1680  1818  1901  5579  5652  6869  7079  9510  9982 11670 13767 15610 19345 19431 20926 21021 23178 23252 24063 27671 28558 28829
[33] 29306 33902 42170 42794 43337 50138

$fbest
[1] 568.5208

$xbest
 [1]  20.0975119 381.9610648   0.4334725  19.6432546 286.0280735  37.6370729  27.2639606   2.3796230   4.2803632   3.8660122

$numeval
[1] 50138

$end_crit
[1] 1

$cpu_time
elapsed 
 922.99 

$Refset
$Refset$x
          [,1]     [,2]      [,3]     [,4]     [,5]     [,6]     [,7]     [,8]     [,9]    [,10]
 [1,] 20.09720 381.9300 0.4335487 19.64400 286.0283 37.63757 27.26357 2.379889 4.280683 3.840115
 [2,] 20.09728 381.9729 0.4334856 19.64271 286.0281 37.63688 27.26364 2.379637 4.280524 3.857970
 [3,] 20.09716 381.9685 0.4333553 19.64276 286.0279 37.63717 27.26549 2.379314 4.280420 3.877331
 [4,] 20.09720 381.9796 0.4334423 19.64274 286.0279 37.63715 27.26345 2.379896 4.280137 3.859195
 [5,] 20.09757 381.9409 0.4333640 19.64265 286.0279 37.63790 27.26480 2.379931 4.280981 3.845275
 [6,] 20.09698 381.9717 0.4334566 19.64232 286.0279 37.63869 27.26493 2.379934 4.280810 3.841399
 [7,] 20.09746 381.9655 0.4335024 19.64265 286.0279 37.63720 27.26453 2.379505 4.280539 3.848531
 [8,] 20.09742 381.9537 0.4334993 19.64271 286.0278 37.63833 27.26027 2.379842 4.280686 3.856748
 [9,] 20.09765 381.9407 0.4334926 19.64261 286.0278 37.63836 27.26484 2.379937 4.281097 3.834149
[10,] 20.09759 381.9702 0.4331665 19.64273 286.0279 37.63745 27.26375 2.379366 4.279631 3.872179
[11,] 20.96998 381.8921 0.4089268 18.50605 285.9684 37.56312 27.05936 2.335268 4.515500 3.863558
[12,] 26.49711 337.1257 0.3231405 22.90893 286.6726 47.56456 24.00000 2.284349 2.879109 4.189546

$Refset$f
 [1]  568.5208  568.5208  568.5208  568.5208  568.5208  568.5208  568.5208  568.5208  568.5208  568.5208  601.4635 5595.1944

$Refset$fpen
 [1]  568.5208  568.5208  568.5208  568.5208  568.5208  568.5208  568.5208  568.5208  568.5208  568.5208  601.4635 5595.1944

$Refset$const
          [,1]     [,2]     [,3]     [,4]     [,5]
 [1,] 15.36332 31.71932 16.35600 1.579720 2.669681
 [2,] 15.36219 31.71948 16.35729 1.579746 2.669657
 [3,] 15.36234 31.71958 16.35724 1.579761 2.669743
 [4,] 15.36261 31.71986 16.35726 1.579760 2.669592
 [5,] 15.36167 31.71902 16.35735 1.579760 2.669652
 [6,] 15.36151 31.71919 16.35768 1.579759 2.669623
 [7,] 15.36211 31.71946 16.35735 1.579765 2.669658
 [8,] 15.36203 31.71931 16.35729 1.579781 2.669233
 [9,] 15.36152 31.71890 16.35739 1.579772 2.669600
[10,] 15.36309 31.72037 16.35727 1.579763 2.669592
[11,] 13.99055 31.48450 17.49395 1.586948 2.639966
[12,] 20.02982 33.12089 13.09107 1.524400 2.284738

$Refset$penalty
 [1] 0 0 0 0 0 0 0 0 0 0 0 0


