$f
 [1] 42329.8125  1724.2587  1664.8767  1551.3507  1544.9427  1509.4444  1389.1858  1311.1406  1232.4184  1117.7760  1079.3160  1042.2014  1034.1910  1030.2257  1028.3038  1018.5833  1014.4531
[18]   997.7778   986.2569   982.3038   976.4878   962.6441   954.6094   951.4792   950.9965   950.3750   949.7812   948.2847   945.1632   943.6858   941.3542   938.7049   937.9896   937.5729
[35]   937.5729

$x
          [,1]     [,2]      [,3]     [,4]     [,5]     [,6]     [,7]     [,8]     [,9]    [,10]
xbest 24.79000 337.0400 0.2529000 17.72000 285.5400 45.67000 29.49000 2.970000 2.000000 2.690000
xbest 21.65590 100.0000 0.6619167 17.33204 286.7894 37.45664 24.10578 3.415529 8.247868 2.007918
xbest 21.65590 120.0000 0.6619167 17.32032 286.7894 37.45664 24.02453 3.463967 8.197868 2.007918
xbest 21.54945 102.1965 0.3535544 18.07541 286.6317 38.11895 24.08463 3.144486 8.372259 2.350729
xbest 21.65171 100.0000 0.2982748 15.00000 286.6245 37.79537 24.00000 2.937603 9.432981 2.299198
xbest 21.79896 100.1791 0.3858363 15.16025 286.6313 37.83927 24.00000 2.885372 8.835306 2.572080
xbest 22.11826 143.6593 0.1000000 19.90537 286.4875 35.50747 24.21335 5.704527 4.772138 2.795849
xbest 21.85747 125.6465 0.1231964 17.46136 286.4428 35.57103 24.25934 6.258981 6.462675 2.397547
xbest 21.15931 179.7831 0.1000000 20.97337 286.4508 34.50965 24.53538 6.366114 2.000000 4.946168
xbest 21.15931 179.4706 0.1000000 21.30149 286.4473 34.50965 24.53538 6.347364 2.237500 5.000000
xbest 22.10736 145.4193 0.1055887 16.55284 286.4890 35.98191 24.26524 6.303889 6.107913 3.656771
xbest 21.84039 165.7687 0.1000000 19.03068 286.4884 35.76354 24.45652 6.041293 3.691635 3.132714
xbest 21.84039 165.7687 0.1000000 18.84171 286.4884 35.76354 24.45652 6.041293 3.691635 3.132714
xbest 22.14796 152.4573 0.1003195 18.45147 286.4902 35.99180 24.25242 6.303146 5.145023 3.663414
xbest 22.14796 152.4573 0.1000000 18.45147 286.4902 35.99180 24.25242 6.303146 5.170806 3.663414
xbest 21.00486 166.4455 0.1012950 18.31232 286.4816 36.00898 24.38290 6.304764 5.087299 3.592723
xbest 21.04007 166.4367 0.1011759 18.28950 286.4835 36.02211 24.45290 6.305195 5.029180 3.572379
xbest 21.04007 166.4367 0.1000000 18.26601 286.4838 36.02211 24.45290 6.305195 5.002614 3.576840
xbest 20.54555 174.9128 0.1011015 19.39105 286.4756 36.04507 24.44398 6.306091 4.296069 3.588446
xbest 20.21309 186.9107 0.1002991 17.98097 286.4902 35.98380 24.25740 6.310291 4.627608 3.559951
xbest 20.21309 186.9107 0.1002991 17.98097 286.4902 35.98380 24.25740 6.310291 4.649483 3.559951
xbest 20.04932 178.2076 0.1013434 19.56197 286.4776 36.05711 24.43384 6.309578 4.199985 3.604134
xbest 20.05088 174.6079 0.1013007 19.78191 286.4771 36.05072 24.43282 6.308840 4.146979 3.604972
xbest 20.05681 176.8509 0.1012856 19.56427 286.4785 36.04700 24.46202 6.312898 4.142382 3.540378
xbest 20.06123 177.5732 0.1012800 19.43253 286.4792 36.04445 24.47343 6.313923 4.139855 3.528197
xbest 20.06124 177.6029 0.1014674 19.45221 286.4792 36.04545 24.47444 6.314226 4.141543 3.520184
xbest 20.06272 177.3682 0.1015204 19.44473 286.4791 36.04521 24.48405 6.314954 4.138864 3.521895
xbest 20.07017 178.3599 0.1004962 19.63910 286.4806 36.04190 24.48191 6.311058 4.061511 3.528789
xbest 20.09426 178.3435 0.1001466 19.79373 286.4804 36.04140 24.50036 6.312978 3.863626 3.496382
xbest 20.09869 179.5890 0.1000000 19.87301 286.4809 36.03888 24.50895 6.314438 3.684523 3.490670
xbest 20.09869 179.5890 0.1000000 19.87301 286.4809 36.03888 24.50895 6.314438 3.697023 3.490670
xbest 20.00262 187.8391 0.1000000 18.67991 286.4834 36.00897 24.60434 6.313270 4.269864 3.503137
xbest 20.00361 187.1544 0.1000103 18.69097 286.4849 36.00456 24.62358 6.314026 4.307584 3.497118
xbest 20.00947 187.1544 0.1000103 18.69097 286.4849 36.00456 24.62358 6.314026 4.307584 3.497118
xbest 20.00947 187.1544 0.1000103 18.69097 286.4849 36.00456 24.62358 6.314026 4.307584 3.497118

$time
elapsed elapsed elapsed elapsed elapsed elapsed elapsed elapsed elapsed elapsed elapsed elapsed elapsed elapsed elapsed elapsed elapsed elapsed elapsed elapsed elapsed elapsed elapsed elapsed elapsed 
   1.61    4.55    5.87    8.08   10.12   12.11   14.11   18.01   22.06   28.17   42.28   46.03   49.12  114.31  115.56  132.69  134.80  138.44  156.72  161.12  162.20  166.55  173.11  182.01  187.31 
elapsed elapsed elapsed elapsed elapsed elapsed elapsed elapsed elapsed elapsed 
 189.41  195.28  197.37  199.45  201.62  207.19  213.62  215.86  229.72  744.98 

$neval
 [1]   106   273   373   524   670   818   965  1253  1531  1936  2902  3175  3397  7630  7723  8811  8950  9197 10279 10554 10633 10907 11326 11876 12222 12359 12765 12903 13042 13178 13525 13939
[33] 14077 14967 50059

$fbest
[1] 937.5729

$xbest
 [1]  20.0094686 187.1543639   0.1000103  18.6909667 286.4849078  36.0045644  24.6235809   6.3140259   4.3075843   3.4971180

$numeval
[1] 50059

$end_crit
[1] 1

$cpu_time
elapsed 
 744.98 

$Refset
$Refset$x
          [,1]     [,2]      [,3]     [,4]     [,5]     [,6]     [,7]     [,8]     [,9]    [,10]
 [1,] 20.00161 187.9514 0.1000125 19.00406 286.4837 36.02760 24.60571 6.311340 4.018283 3.525120
 [2,] 48.57191 455.4014 0.3889377 22.91479 285.5133 26.45816 37.84449 9.364177 4.146421 3.583883
 [3,] 20.00184 187.2829 0.1000153 18.99685 286.4836 36.04388 24.51967 6.311416 4.029488 3.526206
 [4,] 20.00160 187.2790 0.1000200 18.99686 286.4836 36.04405 24.51864 6.311454 4.029469 3.525196
 [5,] 20.00173 187.2992 0.1000150 18.99551 286.4838 36.04586 24.51995 6.311279 4.029806 3.524615
 [6,] 20.00183 187.2940 0.1000161 18.99612 286.4836 36.04386 24.52446 6.311432 4.029330 3.526212
 [7,] 20.00170 187.3070 0.1000283 19.00243 286.4837 36.04518 24.53868 6.311371 4.022380 3.524843
 [8,] 20.00648 187.1709 0.1000180 19.00026 286.4837 36.04583 24.53487 6.311418 4.028418 3.524066
 [9,] 20.00299 187.1074 0.1000174 19.02320 286.4810 36.04674 24.50545 6.311164 4.026453 3.527624
[10,] 20.00167 187.2877 0.1000175 18.96899 286.4878 36.06599 24.54205 6.311398 4.061539 3.497961
[11,] 20.00154 187.8592 0.1000112 19.00248 286.4874 36.04577 24.52610 6.311780 3.986456 3.525118
[12,] 20.00116 188.4180 0.1000177 19.44971 286.4837 36.04437 24.51095 6.310986 4.023060 3.524455

$Refset$f
 [1]     938.2465 1816585.2500     939.9340     939.9340     939.9340     939.9340     940.2691     940.8681     940.6823     946.2483     946.9566     964.0573

$Refset$fpen
 [1] 9.382465e+02 1.675284e+07 9.399340e+02 9.399340e+02 9.399340e+02 9.399340e+02 9.402691e+02 9.408681e+02 9.406823e+02 9.462483e+02 9.469566e+02 9.640573e+02

$Refset$const
          [,1]     [,2]     [,3]     [,4]      [,5]
 [1,] 14.98577 31.98172 16.99594 1.531707  2.695234
 [2,] 18.76837 31.85358 13.08521 1.290261 18.436251
 [3,] 14.96737 31.97051 17.00315 1.532024  2.687090
 [4,] 14.96739 31.97053 17.00314 1.532028  2.686993
 [5,] 14.96570 31.97019 17.00449 1.531999  2.687093
 [6,] 14.96679 31.97067 17.00388 1.532005  2.687500
 [7,] 14.98005 31.97762 16.99757 1.531953  2.688644
 [8,] 14.97185 31.97158 16.99974 1.531964  2.688298
 [9,] 14.99675 31.97355 16.97680 1.532367  2.684798
[10,] 14.90745 31.93846 17.03101 1.531532  2.689221
[11,] 15.01602 32.01354 16.99752 1.531584  2.688893
[12,] 15.42665 31.97694 16.55029 1.532041  2.686372

$Refset$penalty
 [1]  0.00000 14.93625  0.00000  0.00000  0.00000  0.00000  0.00000  0.00000  0.00000  0.00000  0.00000  0.00000


