$f
 [1] 28500.4948  2924.8767  1024.6840   800.2222   607.9566   600.2378   586.9514   577.0920   574.3351   556.1719   556.0781   554.0677   553.3472   550.8420   550.6615   550.4931   550.3767
[18]   550.2170   550.2101   549.8906   549.4566   547.6719   547.5729   537.8281   537.3767   537.3767

$x
          [,1]     [,2]      [,3]     [,4]     [,5]     [,6]     [,7]     [,8]     [,9]    [,10]
xbest 24.79000 337.0400 0.2529000 17.72000 285.5400 45.67000 29.49000 2.970000 2.000000 2.690000
xbest 20.00000 100.0000 0.3064861 15.00000 285.5634 48.00000 27.41599 2.044075 2.000000 2.823179
xbest 20.00000 100.0000 0.2135814 20.90896 286.6351 47.82494 24.00000 5.272942 5.349627 4.617662
xbest 20.00000 100.0000 0.1000000 22.42534 286.5742 47.76379 24.00000 6.503575 5.346275 5.000000
xbest 20.00000 100.0000 0.1000000 22.57066 286.6354 47.74870 24.00000 6.558211 5.266859 4.929850
xbest 20.00000 100.0000 0.1000000 23.23823 286.6380 47.67451 24.00000 6.565539 5.254742 4.751297
xbest 20.00002 100.0000 0.1000000 23.35883 286.6647 47.69273 24.00000 6.623388 4.795910 4.174577
xbest 20.03181 100.6624 0.1002301 23.05448 286.6530 47.71929 24.00010 6.621355 5.045311 4.340493
xbest 20.03906 100.9749 0.1004017 22.97556 286.6539 47.73059 24.00008 6.624509 4.886878 4.392427
xbest 20.00000 100.9749 0.1000000 22.95212 286.6539 47.73059 24.00008 6.624509 4.735316 4.392427
xbest 20.00109 100.1330 0.1001398 22.32245 286.6394 47.71844 24.22020 6.627493 5.269712 4.158976
xbest 20.00000 100.0000 0.1001398 22.32245 286.6394 47.71844 24.22020 6.627884 5.269712 4.170851
xbest 20.00310 100.1759 0.1001746 22.27922 286.6394 47.72219 24.07377 6.625601 5.277473 4.245609
xbest 20.00000 100.1759 0.1000000 22.27922 286.6394 47.72219 24.07377 6.625601 5.327473 4.245609
xbest 20.00000 100.2072 0.1000000 22.32222 286.6434 47.71755 24.10532 6.627232 5.275951 4.275806
xbest 20.00014 100.1990 0.1002020 22.32186 286.6419 47.71626 24.08504 6.626842 5.260176 4.275175
xbest 20.00073 100.2008 0.1000032 22.30675 286.6421 47.72085 24.08143 6.627223 5.302954 4.277405
xbest 20.00029 100.2052 0.1000000 22.28926 286.6415 47.71873 24.10208 6.627248 5.315675 4.272729
xbest 20.00040 100.1485 0.1000002 21.80134 286.6417 47.72066 24.09641 6.626969 5.614988 4.267849
xbest 20.00000 100.2163 0.1000001 21.78200 286.6418 47.72315 24.09662 6.627099 5.649212 4.262590
xbest 20.00008 100.2434 0.1000000 21.68201 286.6417 47.73209 24.09637 6.627159 5.737071 4.254615
xbest 20.00000 100.2419 0.1000000 21.38044 286.6423 47.73663 24.09579 6.627265 5.964127 4.256409
xbest 20.00000 100.2615 0.1000000 21.38044 286.6423 47.73663 24.09579 6.627265 5.964127 4.256409
xbest 20.00313 100.0209 0.1000405 22.25240 286.6389 47.71438 24.00000 6.624752 5.321292 4.393850
xbest 20.00000 100.0209 0.1000405 22.25240 286.6389 47.71438 24.00000 6.624752 5.321292 4.393850
xbest 20.00000 100.0209 0.1000405 22.25240 286.6389 47.71438 24.00000 6.624752 5.321292 4.393850

$time
elapsed elapsed elapsed elapsed elapsed elapsed elapsed elapsed elapsed elapsed elapsed elapsed elapsed elapsed elapsed elapsed elapsed elapsed elapsed elapsed elapsed elapsed elapsed elapsed elapsed 
   2.06    5.41    8.92   12.20   14.77   23.06   30.63   33.27   35.77   37.56  115.56  117.08  146.80  148.85  309.94  333.45  335.81  345.00  492.27  495.99  498.50  503.41  520.64  658.61  659.75 
elapsed 
 910.33 

$neval
 [1]   106   275   483   653   797  1237  1659  1803  1944  2045  6422  6513  7987  8072 16895 18227 18365 18844 27049 27256 27399 27671 28560 36001 36075 50034

$fbest
[1] 537.3767

$xbest
 [1]  20.0000000 100.0208514   0.1000405  22.2524023 286.6389365  47.7143831  24.0000000   6.6247521   5.3212922   4.3938505

$numeval
[1] 50034

$end_crit
[1] 1

$cpu_time
elapsed 
 910.33 

$Refset
$Refset$x
          [,1]     [,2]      [,3]     [,4]     [,5]     [,6]     [,7]     [,8]     [,9]    [,10]
 [1,] 59.93551 234.9173 0.6059486 15.09518 285.5005 31.14753 39.85615 3.254208 9.055253 4.908938
 [2,] 20.01571 100.7185 0.1004054 22.20102 286.6031 47.73253 24.00151 6.631024 5.290756 4.311025
 [3,] 20.01297 100.7849 0.1003813 22.20324 286.6032 47.73862 24.00676 6.631098 5.285810 4.310271
 [4,] 20.01415 100.7136 0.1004404 22.20368 286.5993 47.73279 24.00433 6.630999 5.287325 4.312301
 [5,] 20.01274 100.7077 0.1004393 22.20389 286.6009 47.72748 24.00303 6.631061 5.290026 4.312122
 [6,] 20.01661 100.7075 0.1003093 22.19822 286.6007 47.72777 24.00598 6.631031 5.296093 4.311901
 [7,] 20.01325 100.7822 0.1003380 22.20418 286.6047 47.73923 24.00642 6.631095 5.286247 4.308547
 [8,] 20.01353 100.7088 0.1003688 22.20145 286.6028 47.72583 24.00723 6.631161 5.293383 4.307844
 [9,] 20.01653 100.7186 0.1004065 22.20064 286.6025 47.73137 24.00148 6.630792 5.290780 4.311190
[10,] 20.01742 100.7732 0.1003428 22.19914 286.6032 47.73739 24.00655 6.631090 5.286303 4.310138
[11,] 20.00000 100.8008 0.1003108 22.20250 286.6073 47.73503 24.00598 6.638517 5.297706 4.312431
[12,] 20.01555 100.8970 0.1003993 22.18942 286.6007 47.73375 24.00329 6.631280 5.290872 4.308066

$Refset$f
 [1] 1981086.0000     545.4826     545.4826     545.4826     545.4826     545.4826     545.4826     545.4826     545.4826     545.4826     551.2118     548.4601

$Refset$fpen
 [1] 5492070.9153     545.4826     545.4826     545.4826     545.4826     545.4826     545.4826     545.4826     545.4826     545.4826     551.2118     548.4601

$Refset$const
           [,1]     [,2]     [,3]     [,4]     [,5]
 [1,]  6.039928 26.94475 20.90482 1.472598 7.010985
 [2,] 16.910269 30.70924 13.79898 1.530126 2.259102
 [3,] 16.917430 30.71419 13.79676 1.530113 2.259259
 [4,] 16.916352 30.71268 13.79632 1.530431 2.258096
 [5,] 16.913867 30.70997 13.79611 1.530307 2.258626
 [6,] 16.902131 30.70391 13.80178 1.530321 2.258714
 [7,] 16.917933 30.71375 13.79582 1.529992 2.259676
 [8,] 16.908065 30.70662 13.79855 1.530148 2.259470
 [9,] 16.909865 30.70922 13.79936 1.530171 2.258959
[10,] 16.912836 30.71370 13.80086 1.530115 2.259268
[11,] 16.904791 30.70229 13.79750 1.529781 2.260548
[12,] 16.898550 30.70913 13.81058 1.530316 2.258447

$Refset$penalty
 [1] 3.510985 0.000000 0.000000 0.000000 0.000000 0.000000 0.000000 0.000000 0.000000 0.000000 0.000000 0.000000


