$f
 [1] 41305.6649  1669.5625  1226.1892  1107.6997  1018.5295   923.8056   759.8177   741.1615   701.6007   685.8490   661.4010   647.8698   610.1823   609.2639   607.5556   607.0712   606.8976
[18]   605.9757   605.8663   605.7205   605.3333   605.2257   603.6215   602.6285   602.5660   593.9167   592.1823   590.2431   590.2431

$x
          [,1]     [,2]      [,3]     [,4]     [,5]     [,6]     [,7]     [,8]     [,9]    [,10]
xbest 24.79000 337.0400 0.2529000 17.72000 285.5400 45.67000 29.49000 2.970000 2.000000 2.690000
xbest 20.61170 110.0497 0.1073461 15.00000 285.6342 46.44623 27.64673 2.594840 2.000000 1.297819
xbest 20.61170 130.0497 0.1073461 15.75000 285.8592 46.44623 27.64673 2.844840 3.300000 1.200000
xbest 20.39875 188.7587 0.1067202 15.06385 286.7317 46.01120 24.00000 4.992802 2.292825 1.406068
xbest 20.44103 100.9964 0.5076790 22.17857 286.2240 32.87860 25.35882 6.276697 7.916506 4.087178
xbest 20.12606 131.1625 0.5782378 22.06167 286.4944 36.80760 24.17461 2.522592 3.781114 4.963548
xbest 20.21132 131.3864 0.6471240 22.01893 286.6122 36.83731 24.20411 2.000000 4.128529 4.560137
xbest 20.16382 141.5107 0.6467677 22.15556 286.6266 37.71588 24.00000 2.744227 4.247312 4.681515
xbest 20.15579 146.7576 0.9346366 21.95618 286.6385 37.24919 24.07108 2.000000 4.325805 4.870906
xbest 20.27154 125.2732 0.6200519 20.76764 286.5391 36.37476 24.35900 2.879832 6.511922 4.157003
xbest 20.06629 124.8312 0.8119843 20.76764 286.5391 36.37476 24.35900 2.888671 6.511922 4.157003
xbest 20.37334 127.5980 0.4959361 22.34499 286.5601 36.39211 24.50077 5.667767 4.669049 4.786477
xbest 20.00000 127.5980 0.5409361 22.34499 286.5601 36.39211 24.50077 5.692767 4.858577 5.000000
xbest 20.34092 122.0658 0.9387444 23.01029 286.5607 36.38264 24.41310 5.658376 4.788119 4.764556
xbest 20.33472 122.1253 0.9922868 22.82716 286.5632 36.37833 24.44546 5.661354 4.926253 4.681609
xbest 20.33815 121.8548 0.9992314 22.82527 286.5611 36.37396 24.44269 5.658974 4.967235 4.708897
xbest 20.33761 121.7984 1.0000000 22.79295 286.5615 36.36986 24.45227 5.658996 4.995907 4.693533
xbest 20.34043 121.7661 1.0000000 22.78124 286.5618 36.33609 24.58854 5.657888 5.004753 4.689569
xbest 20.34551 121.2370 1.0000000 22.77830 286.5619 36.30953 24.68192 5.657770 5.046255 4.682706
xbest 20.34551 121.2370 1.0000000 22.77830 286.5619 36.30953 24.68192 5.664020 5.046255 4.682706
xbest 20.34141 122.0757 0.9928476 22.72130 286.5573 36.50933 24.00000 5.668066 4.993147 4.671812
xbest 20.34141 122.0757 0.9928476 22.72130 286.5573 36.50933 24.00000 5.668066 4.996272 4.671812
xbest 20.33381 122.3582 0.9893006 22.82063 286.5638 36.35799 24.56756 5.680858 4.901156 4.655817
xbest 20.33277 122.5766 0.9892270 22.82936 286.5651 36.35945 24.61145 5.681043 4.881820 4.673016
xbest 20.33323 122.5404 0.9889230 22.82474 286.5648 36.35998 24.61156 5.681563 4.886495 4.672301
xbest 20.32414 123.8599 0.9901177 22.82111 286.5607 36.75240 24.42805 5.670975 4.923474 4.674163
xbest 20.02056 116.8934 0.9995200 22.67305 286.6707 37.04401 24.54226 5.747238 5.487503 4.597020
xbest 20.00000 116.8152 0.9998715 22.67305 286.6707 37.04401 24.54226 5.747629 5.487503 4.597020
xbest 20.00000 116.8152 0.9998715 22.67305 286.6707 37.04401 24.54226 5.747629 5.487503 4.597020

$time
elapsed elapsed elapsed elapsed elapsed elapsed elapsed elapsed elapsed elapsed elapsed elapsed elapsed elapsed elapsed elapsed elapsed elapsed elapsed elapsed elapsed elapsed elapsed elapsed elapsed 
   1.82    5.22    7.15   10.01   12.61   14.89   17.29   26.53   28.75   31.04   32.59   56.25   57.97  128.20  148.11  158.76  167.87  172.26  176.78  177.89  199.86  203.36  248.73  263.51  270.92 
elapsed elapsed elapsed elapsed 
 306.36  796.36  797.79  824.03 

$neval
 [1]   106   276   395   555   711   853   996  1548  1690  1829  1933  3302  3413  7616  8759  9374  9918 10191 10463 10536 11784 11991 14536 15409 15813 17946 48516 48607 50095

$fbest
[1] 590.2431

$xbest
 [1]  20.0000000 116.8152341   0.9998715  22.6730471 286.6707397  37.0440069  24.5422575   5.7476290   5.4875026   4.5970203

$numeval
[1] 50095

$end_crit
[1] 1

$cpu_time
elapsed 
 824.03 

$Refset
$Refset$x
           [,1]        [,2]        [,3]      [,4]       [,5]      [,6]       [,7]       [,8]      [,9]    [,10]
 [1,] 116.81523  22.6730471  37.0440069  5.747629   4.597020 116.81523 22.6730471  37.044007  5.747629 4.597020
 [2,]  20.00000   0.9998715 286.6707397 24.542257   5.487503  20.00000  0.9998715 286.670740 24.542257 5.487503
 [3,]  60.71531 362.8401801   0.2441059 17.847505 286.261305  34.37077 45.8994689   6.336881  2.210834 1.450009
 [4,]  20.33123 122.3685072   0.9976896 22.809354 286.559328  36.34335 24.5707334   5.686294  4.886613 4.537767
 [5,]  20.33034 122.3559798   0.9976447 22.808220 286.559486  36.34644 24.5700270   5.686154  4.888181 4.541877
 [6,]  20.33056 122.3434864   0.9976817 22.808432 286.559248  36.34442 24.5700405   5.686240  4.888914 4.541112
 [7,]  20.33065 122.3371105   0.9976904 22.809222 286.559508  36.34620 24.5712097   5.686249  4.888532 4.541163
 [8,]  20.33140 122.2928568   0.9976916 22.808653 286.559325  36.34516 24.5705282   5.686236  4.891407 4.540885
 [9,]  20.33154 122.3526932   0.9976860 22.806420 286.559298  36.34630 24.5701699   5.686272  4.888774 4.541949
[10,]  20.33110 122.3931731   0.9976639 22.808927 286.559374  36.34655 24.5709597   5.686218  4.885060 4.540339
[11,]  20.33136 122.3063650   0.9977023 22.792977 286.559128  36.35261 24.4722159   5.689318  4.900389 4.543875
[12,]  20.27191 121.8440816   0.9977754 22.816356 286.559328  36.29857 24.5347071   5.679671  5.049841 4.523438

$Refset$f
 [1]     590.2431     590.2431 1922820.0000     601.7014     601.7014     601.7014     601.7014     601.7014     601.7014     601.7014     606.4410     659.5556

$Refset$fpen
 [1]     590.2431     590.2431 8274883.8944     601.7014     601.7014     601.7014     601.7014     601.7014     601.7014     601.7014     606.4410     659.5556

$Refset$const
          [,1]      [,2]      [,3]      [,4]     [,5]
 [1,] 30.51250  1.513361 17.185544 13.326953 2.704047
 [2,] 17.18554 13.326953  2.704047 30.512497 1.513361
 [3,] 15.63667 33.789166 18.152495  1.311132 9.852064
 [4,] 17.92274 31.113387 13.190646  1.524056 2.702317
 [5,] 17.92004 31.111819 13.191780  1.524048 2.702144
 [6,] 17.91952 31.111086 13.191568  1.524070 2.702169
 [7,] 17.92069 31.111468 13.190778  1.524041 2.702264
 [8,] 17.91725 31.108593 13.191347  1.524061 2.702197
 [9,] 17.91765 31.111226 13.193580  1.524068 2.702093
[10,] 17.92387 31.114940 13.191073  1.524058 2.702173
[11,] 17.89259 31.099611 13.207023  1.524426 2.693561
[12,] 17.76651 30.950159 13.183644  1.524075 2.701839

$Refset$penalty
 [1] 0.000000 0.000000 6.352064 0.000000 0.000000 0.000000 0.000000 0.000000 0.000000 0.000000 0.000000 0.000000


