$f
 [1] 1423.6493  967.2465  631.9826  599.0174  564.3611  561.4878  552.4219  515.7170  470.1198  467.5417  465.0295  453.3299  448.0312  444.1823  439.0260  438.8299  413.3889  412.9479  412.6962
[20]  411.9462  409.3611  405.5087  401.5990  400.0694  396.3976  392.2413  391.7309  391.6667  391.6250  391.3142  391.1858  391.0955  390.9288  390.9184  390.8646  390.6128  390.6042  390.5521
[39]  390.2708  389.8958  389.8455  384.2309  380.2257  379.6441  379.6389  379.5903  379.2240  379.1701  379.0920  377.9878  377.5017  377.2413  377.2413

$x
          [,1]     [,2]      [,3]     [,4]     [,5]     [,6]     [,7]     [,8]     [,9]    [,10]
xbest 24.79000 337.0400 0.2529000 17.72000 285.5400 45.67000 29.49000 2.970000 2.000000 2.690000
xbest 23.71402 223.1553 0.4247684 28.23816 284.9729 33.78022 24.00000 5.961825 2.629742 2.254507
xbest 20.00000 222.7279 0.3347684 28.19542 285.1229 33.78022 24.59151 5.967523 4.029742 2.253154
xbest 20.00000 223.6016 0.2489431 28.99232 285.1248 31.48616 27.20034 5.684812 3.715415 2.294118
xbest 21.43556 201.5159 0.1106843 30.00000 284.8241 33.08159 26.41463 5.272528 2.531581 1.867245
xbest 20.01711 223.1326 0.2940972 28.39435 285.1423 32.39844 27.53706 6.135123 3.744979 2.303379
xbest 20.03200 227.4398 0.3163818 28.31930 285.1409 32.48527 27.59075 6.291285 3.697574 2.518514
xbest 20.00163 208.5433 0.1547184 27.94100 285.0019 31.49948 24.36732 6.409573 4.189932 2.506149
xbest 20.00000 205.4183 0.1526090 27.83553 284.9925 31.49948 24.36732 6.373635 4.108682 2.500211
xbest 20.00017 218.1343 0.1000000 29.81911 285.1089 34.61978 26.60906 5.614836 2.303169 1.687993
xbest 20.00000 221.2921 0.1006689 29.78755 285.1078 34.71402 26.40994 5.452826 2.301660 1.537279
xbest 20.00000 220.6277 0.1000000 29.81171 285.1030 34.71402 26.73494 5.452826 2.301660 1.537279
xbest 20.06176 230.4570 0.1100195 28.91840 285.1169 34.37843 27.04924 5.823688 2.012876 1.200000
xbest 20.06346 232.5504 0.1100715 28.71987 285.1208 34.29672 27.02031 5.841182 2.019375 1.209082
xbest 20.07307 223.9391 0.1181110 29.03814 285.1241 33.20824 27.40349 5.803178 2.181658 1.200000
xbest 20.13155 227.9798 0.1234025 28.76362 285.1239 32.48824 27.61557 5.817473 2.149272 1.200000
xbest 20.00000 227.9798 0.1000000 28.76362 285.1239 32.43814 27.61557 5.817473 2.249272 1.200000
xbest 20.03023 225.8772 0.1101166 29.29964 285.1302 33.28269 27.42273 5.772104 2.015435 1.200000
xbest 20.03609 225.8772 0.1101166 29.29964 285.1302 33.28269 27.42273 5.772104 2.015435 1.200000
xbest 20.04393 224.4642 0.1092080 29.03481 285.1373 33.34025 27.42064 5.758467 2.163686 1.200000
xbest 20.02718 269.1174 0.1000000 25.94575 285.1319 33.31508 27.44279 5.767355 2.333959 1.201188
xbest 20.00000 269.1271 0.1003516 25.94575 285.1331 33.31508 27.43771 5.767355 2.333959 1.200000
xbest 20.03928 323.6615 0.1011308 22.52749 285.1334 33.31857 27.44045 5.765928 2.709756 1.201304
xbest 20.03928 323.6224 0.1011308 22.52749 285.1334 33.31857 27.44045 5.772178 2.709756 1.201304
xbest 20.01027 318.6890 0.1000368 22.18276 285.1331 33.31512 27.42485 5.752081 3.215560 1.202051
xbest 20.00000 318.6890 0.1001758 22.18276 285.1343 33.28494 27.42485 5.756501 3.179889 1.202051
xbest 20.02879 323.6866 0.1000156 21.81325 285.1318 33.32442 27.42837 5.755677 3.269302 1.200619
xbest 20.00208 313.5593 0.1003647 21.61753 285.1337 33.30719 27.43419 5.752809 3.786901 1.202086
xbest 20.03149 322.1077 0.1001378 21.81681 285.1324 33.33549 27.43089 5.756147 3.326234 1.201209
xbest 20.00374 307.5013 0.1004506 21.83406 285.1337 33.31507 27.43080 5.753747 3.795764 1.201978
xbest 20.00000 313.5359 0.1003378 21.61217 285.1337 33.30793 27.43419 5.752715 3.787074 1.202023
xbest 20.00139 312.1143 0.1003563 21.64963 285.1336 33.31340 27.43317 5.752606 3.793796 1.202333
xbest 20.00405 309.7659 0.1004542 21.73036 285.1337 33.31389 27.43083 5.753663 3.794707 1.201882
xbest 20.00074 313.7523 0.1003469 21.59884 285.1337 33.31146 27.43435 5.752734 3.788852 1.201954
xbest 20.00060 313.8674 0.1003474 21.59049 285.1337 33.30989 27.43443 5.752717 3.789193 1.201853
xbest 20.01805 309.8542 0.1000833 21.73841 285.1336 33.31814 27.43005 5.754190 3.781472 1.201834
xbest 20.01805 309.8737 0.1000833 21.73841 285.1336 33.31814 27.43005 5.754190 3.781472 1.201834
xbest 20.00195 313.2140 0.1003887 21.60044 285.1337 33.31472 27.43118 5.753304 3.794651 1.202208
xbest 20.00195 313.2140 0.1004107 21.60044 285.1337 33.31472 27.43086 5.753304 3.794651 1.202208
xbest 20.00393 310.2875 0.1061779 21.71455 285.1324 33.28449 27.42491 5.751134 3.805636 1.201376
xbest 20.00393 310.2875 0.1061779 21.71437 285.1324 33.28449 27.42491 5.751134 3.805636 1.201376
xbest 20.00655 306.4164 0.1003628 21.45086 285.1385 33.28414 27.46620 5.977765 3.980868 1.201046
xbest 20.00000 306.4164 0.1003543 21.45086 285.1385 33.28414 27.46620 5.977568 3.943368 1.201046
xbest 20.00754 306.4886 0.1026227 21.39085 285.1370 33.28314 27.46284 5.979137 3.975389 1.200000
xbest 20.00754 306.4690 0.1026227 21.39085 285.1370 33.28314 27.46284 5.979137 3.975389 1.200000
xbest 20.00758 306.5058 0.1028472 21.38777 285.1369 33.28244 27.46134 5.978959 3.978615 1.200318
xbest 20.02471 306.3247 0.1019058 21.37612 285.1369 33.30529 27.46810 5.987075 3.972603 1.200000
xbest 20.02471 306.3247 0.1019058 21.37612 285.1369 33.30529 27.46810 5.987075 3.969478 1.200000
xbest 20.00096 306.3953 0.1022551 21.41280 285.1370 33.29195 27.46057 5.983247 3.968261 1.200812
xbest 20.01448 306.3879 0.1020764 21.38052 285.1370 33.28773 27.46285 5.983949 3.975171 1.202066
xbest 20.01955 306.0391 0.1018196 21.37980 285.1371 33.28784 27.47167 5.983903 3.979924 1.202339
xbest 20.01955 306.0391 0.1018416 21.37980 285.1370 33.28784 27.47167 5.983903 3.979924 1.202339
xbest 20.01955 306.0391 0.1018416 21.37980 285.1370 33.28784 27.47167 5.983903 3.979924 1.202339

$time
elapsed elapsed elapsed elapsed elapsed elapsed elapsed elapsed elapsed elapsed elapsed elapsed elapsed elapsed elapsed elapsed elapsed elapsed elapsed elapsed elapsed elapsed elapsed elapsed elapsed 
   1.48    4.19    6.33   14.97   17.33   24.13   26.77   28.91   31.55   47.31   51.52   55.41   66.86   69.06   76.67   78.61   80.08  161.98  162.94  188.28  217.09  218.69  253.03  254.34  284.69 
elapsed elapsed elapsed elapsed elapsed elapsed elapsed elapsed elapsed elapsed elapsed elapsed elapsed elapsed elapsed elapsed elapsed elapsed elapsed elapsed elapsed elapsed elapsed elapsed elapsed 
 286.77  356.70  368.72  373.53  375.69  385.27  389.55  391.69  396.56  410.50  414.59  426.00  474.39  475.80  492.56  500.81  559.47  561.22  584.41  585.55  613.08  646.19  647.91  650.16  652.14 
elapsed elapsed elapsed 
 666.25  671.98  828.59 

$neval
 [1]   106   260   406   973  1112  1526  1664  1800  1959  2922  3196  3440  4124  4260  4668  4805  4903  9807  9880 11369 13048 13149 15181 15259 17140 17274 21485 22235 22507 22643 23258 23530
[33] 23668 23941 24823 25097 25851 28858 28942 29906 30381 33938 34052 35428 35502 37118 39094 39168 39306 39447 40290 40647 50102

$fbest
[1] 377.2413

$xbest
 [1]  20.0195536 306.0391004   0.1018416  21.3798036 285.1370497  33.2878372  27.4716697   5.9839029   3.9799236   1.2023392

$numeval
[1] 50102

$end_crit
[1] 1

$cpu_time
elapsed 
 828.59 

$Refset
$Refset$x
          [,1]     [,2]      [,3]     [,4]     [,5]     [,6]     [,7]     [,8]     [,9]    [,10]
 [1,] 20.00902 305.9821 0.1017068 21.36801 285.1350 33.29414 27.45565 5.985722 3.996114 1.200720
 [2,] 20.01691 305.8079 0.1022216 21.36821 285.1347 33.28765 27.45662 5.985011 3.995173 1.201287
 [3,] 20.00941 306.8767 0.1010827 21.36996 285.1354 33.29282 27.46029 5.985295 3.969193 1.200485
 [4,] 20.00933 306.8744 0.1010862 21.37020 285.1355 33.29274 27.46017 5.985364 3.969255 1.200316
 [5,] 20.00361 306.9781 0.1013086 21.36846 285.1358 33.29535 27.45845 5.985160 3.969851 1.200336
 [6,] 20.00850 306.9312 0.1011208 21.37137 285.1360 33.29299 27.46659 5.985360 3.967277 1.200258
 [7,] 20.01163 306.8097 0.1011613 21.35713 285.1353 33.28659 27.46397 5.984434 3.980442 1.200686
 [8,] 20.01021 306.5472 0.1013153 21.37242 285.1349 33.29370 27.45894 5.985663 3.976385 1.201153
 [9,] 20.01414 306.6151 0.1013256 21.36568 285.1354 33.29274 27.45919 5.985379 3.977216 1.200385
[10,] 20.00547 306.5248 0.1019257 21.36358 285.1318 33.27989 27.47326 5.985826 3.980224 1.200572
[11,] 20.01161 306.7044 0.1011212 21.37098 285.1350 33.28906 27.45688 5.984494 3.974246 1.200663
[12,] 20.01684 305.7898 0.1023476 21.36709 285.1352 33.28758 27.46377 5.985057 3.994933 1.201015

$Refset$f
 [1] 377.4306 377.5087 377.5399 377.5399 377.5399 377.5399 377.5399 377.5538 377.5399 378.3628 377.5399 378.1510

$Refset$fpen
 [1] 377.4306 377.5087 377.5399 377.5399 377.5399 377.5399 377.5399 377.5538 377.5399 378.3628 377.5399 378.1510

$Refset$const
          [,1]     [,2]     [,3]     [,4]     [,5]
 [1,] 17.37189 32.00389 14.63199 1.689557 2.768115
 [2,] 17.37304 32.00483 14.63179 1.689595 2.768710
 [3,] 17.40076 32.03081 14.63004 1.689497 2.768786
 [4,] 17.40094 32.03075 14.62980 1.689493 2.768787
 [5,] 17.39861 32.03015 14.63154 1.689445 2.768457
 [6,] 17.40409 32.03272 14.62863 1.689422 2.769525
 [7,] 17.37669 32.01956 14.64287 1.689510 2.769675
 [8,] 17.39603 32.02362 14.62758 1.689575 2.768465
 [9,] 17.38847 32.02278 14.63432 1.689506 2.768669
[10,] 17.38335 32.01978 14.63642 1.690012 2.770497
[11,] 17.39673 32.02575 14.62902 1.689554 2.768675
[12,] 17.37215 32.00507 14.63291 1.689534 2.769537

$Refset$penalty
 [1] 0 0 0 0 0 0 0 0 0 0 0 0


