$f
 [1] 8815.6163  993.3316  725.1285  650.6337  468.0712  370.2517  335.0052  319.9670  281.5885  281.4757  279.6927  278.7604  278.1823  277.9566  277.4097  274.7552  272.3594  271.6927  268.6632
[20]  267.9392  266.7882  266.4479  265.9219  265.1250  265.0521  264.8715  264.4375  264.4358  264.3681  264.3524  261.8351  260.8056  257.4913  255.8802  255.4497  252.9948  252.9167  251.5938
[39]  250.7153  250.7083  249.4427  249.1319  248.4757  248.4167  248.1684  248.1354  247.5781  247.0816  246.3594  246.3368  246.2899  246.2899

$x
          [,1]     [,2]      [,3]     [,4]     [,5]     [,6]     [,7]     [,8]      [,9]    [,10]
xbest 24.79000 337.0400 0.2529000 17.72000 285.5400 45.67000 29.49000 2.970000  2.000000 2.690000
xbest 24.82483 311.3418 0.4334583 19.54781 284.1213 24.60945 24.06562 5.082175  5.897360 3.702584
xbest 24.25457 311.3418 0.9686022 19.69038 284.1213 23.80945 24.00000 5.082175  6.096818 3.722403
xbest 20.00000 379.7004 0.2792939 19.82799 285.8428 41.01759 24.62473 2.000000  2.000000 1.566457
xbest 21.24331 249.7844 0.7049179 15.62208 285.9851 35.38291 24.03077 6.005427  9.984283 2.174199
xbest 22.30708 262.5980 0.7228325 15.12768 286.0090 25.77135 24.15331 8.267268 10.000000 1.339181
xbest 22.31148 262.2855 1.0000000 15.12768 286.0101 25.77135 24.15331 8.267268 10.000000 1.339181
xbest 20.75630 247.9484 0.7568014 16.37025 285.4852 36.56752 25.09382 5.689261  9.587409 4.126626
xbest 20.00000 247.9484 0.4986022 16.46418 285.4803 36.56752 25.01116 5.689261  9.738278 4.040775
xbest 20.76267 243.7454 0.8961192 16.28811 285.5605 36.73355 25.06918 5.910785  9.798848 4.351031
xbest 20.76267 243.6672 0.8736192 16.28811 285.5605 36.72730 25.07934 5.910785  9.798848 4.351031
xbest 20.76825 242.8098 0.9264649 16.34442 285.5550 36.72645 25.06934 5.909941  9.777637 4.193160
xbest 20.76544 243.4144 0.9486516 16.33819 285.5576 36.73586 25.06531 5.910365  9.807807 4.280458
xbest 20.76590 243.4068 0.9652899 16.31837 285.5563 36.73665 25.06745 5.910344  9.822867 4.314185
xbest 20.76493 243.3228 0.9930664 16.30023 285.5564 36.73329 25.06518 5.910461  9.826011 4.291256
xbest 20.75475 243.6346 0.9924063 16.32180 285.5545 36.73199 25.08762 5.909480  9.847498 4.305303
xbest 20.75237 243.9156 0.9892588 16.32509 285.5552 36.72957 25.09284 5.910094  9.824781 4.333951
xbest 20.75237 243.9156 0.9892588 16.32509 285.5552 36.72957 25.05221 5.910094  9.824781 4.333951
xbest 20.78940 241.8843 1.0000000 16.57435 285.5523 36.83096 24.91131 5.911435  9.688487 4.304674
xbest 20.78940 241.8843 1.0000000 16.57435 285.5523 36.83096 24.95194 5.911435  9.688487 4.304674
xbest 20.79628 240.6904 0.9875664 16.57698 285.5451 36.80261 24.92895 5.915633  9.699783 4.310390
xbest 20.78917 242.4555 0.9996646 16.53041 285.5537 36.85607 24.90216 5.914187  9.691429 4.314324
xbest 20.78123 242.4703 0.9963893 16.50660 285.5488 36.80764 24.88881 5.914723  9.708886 4.314698
xbest 20.78652 241.1436 0.9942599 16.62232 285.5486 36.79142 24.94056 5.915035  9.670605 4.319985
xbest 20.78652 241.1436 0.9942599 16.62232 285.5486 36.79142 24.94056 5.915035  9.673730 4.319985
xbest 20.78183 242.3945 0.9875127 16.51069 285.5448 36.80087 24.90890 5.914531  9.705321 4.327821
xbest 20.76390 242.6389 0.9998498 16.50027 285.5418 36.82261 24.82869 5.914365  9.716072 4.325534
xbest 20.76171 242.7539 0.9996363 16.50307 285.5398 36.81937 24.83363 5.914504  9.711601 4.324316
xbest 20.74747 242.9218 0.9995245 16.50359 285.5394 36.81957 24.82756 5.914284  9.715123 4.317939
xbest 20.75659 242.9405 0.9995263 16.50375 285.5407 36.81718 24.83965 5.914458  9.711268 4.331668
xbest 20.68735 250.5102 0.9895512 16.36576 285.5203 36.80296 24.85739 5.914379  9.585897 4.359451
xbest 20.68735 250.3540 1.0000000 16.37162 285.5203 36.80296 24.77614 5.914379  9.585897 4.359451
xbest 20.71360 231.5977 0.9870312 16.74732 285.5019 36.81049 24.74610 5.917440  9.823102 4.155464
xbest 20.70937 231.5984 0.9855242 16.69960 285.5031 36.81131 24.74318 5.914676  9.818467 4.165799
xbest 20.61542 229.5375 0.9908262 17.05922 285.4877 36.93107 24.68575 5.920638  9.762428 4.046442
xbest 20.67325 231.6863 0.9874231 16.80393 285.5036 36.84344 24.74228 5.918523  9.783927 4.149341
xbest 20.67325 231.6863 0.9874231 16.80393 285.5036 36.84344 24.74228 5.918523  9.780802 4.149341
xbest 20.34657 246.6431 0.9804961 16.67519 285.5030 36.79620 24.69401 5.902109  9.602281 4.210563
xbest 20.31260 248.0677 0.9796128 16.68174 285.5028 36.79232 24.69403 5.901102  9.599067 4.233382
xbest 20.32048 248.1486 0.9795935 16.68173 285.5023 36.78612 24.69640 5.900627  9.588085 4.233341
xbest 20.42211 237.2816 0.9766865 16.78051 285.5101 36.82349 24.76346 5.916473  9.774840 4.180043
xbest 20.40111 236.1832 0.9864844 16.80808 285.5057 36.82635 24.75531 5.919331  9.799606 4.159166
xbest 20.40192 235.3434 0.9876961 16.83589 285.5077 36.83337 24.76350 5.919455  9.834045 4.150546
xbest 20.40192 235.3434 1.0000000 16.83589 285.5077 36.83337 24.76350 5.919455  9.834045 4.150546
xbest 20.41003 235.4322 0.9854717 16.80749 285.5043 36.84054 24.75584 5.919640  9.844107 4.151914
xbest 20.41003 235.4126 0.9854717 16.80749 285.5043 36.84054 24.75584 5.919640  9.844107 4.151914
xbest 20.42069 234.2363 0.9926322 16.81309 285.5043 36.83950 24.75734 5.921211  9.868219 4.157970
xbest 20.37382 234.8613 0.9550000 16.81309 285.5043 36.83950 24.75734 5.921211  9.868219 4.157970
xbest 20.19271 236.7807 0.9815229 16.81140 285.5025 36.83502 24.72365 5.920510  9.852489 4.163708
xbest 20.15546 237.4759 0.9797061 16.81130 285.5021 36.82702 24.70642 5.920492  9.847566 4.164536
xbest 20.12196 238.2568 0.9757126 16.81111 285.4998 36.82211 24.69398 5.920044  9.834366 4.164904
xbest 20.12196 238.2568 0.9757126 16.81111 285.4998 36.82211 24.69398 5.920044  9.834366 4.164904

$time
elapsed elapsed elapsed elapsed elapsed elapsed elapsed elapsed elapsed elapsed elapsed elapsed elapsed elapsed elapsed elapsed elapsed elapsed elapsed elapsed elapsed elapsed elapsed elapsed elapsed 
   1.90    5.16    8.54   11.74   14.27   16.93   35.41   80.99   83.82  149.58  151.30  158.79  161.29  171.38  176.24  182.96  195.16  204.22  239.13  240.44  247.85  252.90  258.33  260.71  266.80 
elapsed elapsed elapsed elapsed elapsed elapsed elapsed elapsed elapsed elapsed elapsed elapsed elapsed elapsed elapsed elapsed elapsed elapsed elapsed elapsed elapsed elapsed elapsed elapsed elapsed 
 274.35  310.80  321.44  326.66  368.13  423.35  424.93  434.35  439.72  446.58  448.96  450.19  488.61  492.16  497.11  499.54  501.99  512.36  516.04  526.10  542.40  581.66  583.08  600.90  643.21 
elapsed elapsed 
 659.24  911.66 

$neval
 [1]   106   268   452   603   749   893  1958  4376  4538  8068  8166  8572  8706  9245  9514  9863 10540 11023 12945 13018 13428 13704 13981 14119 14464 14870 16841 17451 17732 20105 23071 23160
[33] 23712 23992 24403 24540 24614 26521 26728 27001 27137 27280 27834 28045 28584 29464 31515 31600 32554 34958 35853 50095

$fbest
[1] 246.2899

$xbest
 [1]  20.1219637 238.2567722   0.9757126  16.8111088 285.4998026  36.8221083  24.6939792   5.9200444   9.8343657   4.1649042

$numeval
[1] 50095

$end_crit
[1] 1

$cpu_time
elapsed 
 911.66 

$Refset
$Refset$x
          [,1]     [,2]      [,3]     [,4]     [,5]     [,6]     [,7]     [,8]     [,9]    [,10]
 [1,] 20.44223 234.1428 0.9732344 16.81892 285.5073 36.84301 24.76005 5.921261 9.868910 4.166990
 [2,] 20.44218 234.2131 0.9654526 16.81663 285.5059 36.84945 24.74440 5.921059 9.867921 4.164000
 [3,] 20.44555 234.1987 0.9705343 16.81543 285.5078 36.84311 24.75018 5.920717 9.870231 4.166319
 [4,] 20.43533 234.2534 0.9712554 16.81888 285.5072 36.84250 24.75365 5.920754 9.868734 4.162936
 [5,] 20.44363 234.2696 0.9706935 16.81700 285.5070 36.83245 24.75787 5.920591 9.867747 4.165065
 [6,] 20.43668 234.2767 0.9693499 16.81600 285.5076 36.84326 24.75558 5.920734 9.869904 4.165369
 [7,] 20.44398 234.2458 0.9675654 16.81467 285.5083 36.83498 24.76453 5.920760 9.870046 4.165523
 [8,] 20.44091 234.1488 0.9742683 16.81896 285.5070 36.84304 24.75808 5.921251 9.869302 4.166869
 [9,] 20.43863 234.2902 0.9777184 16.82025 285.5082 36.84568 24.75541 5.920750 9.866229 4.164997
[10,] 20.44219 234.1642 0.9706323 16.81795 285.5073 36.84633 24.74746 5.920998 9.868661 4.165795
[11,] 20.44250 234.1442 0.9732362 16.81891 285.5073 36.84312 24.76013 5.921258 9.868790 4.166984
[12,] 20.44223 234.2665 0.9741596 16.81847 285.5073 36.84149 24.75027 5.920844 9.868463 4.166181

$Refset$f
 [1] 246.7778 246.7778 246.7778 246.7778 246.7778 246.7778 246.7778 246.7778 246.7778 246.7778 246.7778 246.8125

$Refset$fpen
 [1] 246.7778 246.7778 246.7778 246.7778 246.7778 246.7778 246.7778 246.7778 246.7778 246.7778 246.7778 246.8125

$Refset$const
          [,1]     [,2]     [,3]     [,4]     [,5]
 [1,] 6.950011 26.13109 19.18108 1.637352 2.392030
 [2,] 6.948705 26.13208 19.18337 1.637447 2.390346
 [3,] 6.945196 26.12977 19.18457 1.637273 2.391442
 [4,] 6.950145 26.13127 19.18112 1.637349 2.391582
 [5,] 6.949249 26.13225 19.18300 1.637394 2.392315
 [6,] 6.946096 26.13010 19.18400 1.637315 2.391757
 [7,] 6.944622 26.12995 19.18533 1.637266 2.392941
 [8,] 6.949658 26.13070 19.18104 1.637376 2.391834
 [9,] 6.954018 26.13377 19.17975 1.637247 2.391757
[10,] 6.949294 26.13134 19.18205 1.637316 2.390993
[11,] 6.950123 26.13121 19.18109 1.637354 2.392026
[12,] 6.950007 26.13154 19.18153 1.637328 2.391423

$Refset$penalty
 [1] 0 0 0 0 0 0 0 0 0 0 0 0


