$f
 [1] 5022.6094 1458.3681 1343.1285 1137.5660 1136.6441 1099.1215 1040.1493 1021.4010  984.5087  946.7309  944.0000  927.5625  912.7014  885.4653  876.4722  849.6441  845.4722  842.2865  814.8854
[20]  791.6944  783.2257  782.1302  764.4375  730.0347  724.3021  724.2170  722.9080  722.5451  721.1424  720.9392  720.1858  718.9705  718.5642  717.9618  717.8247  717.8194  717.7656  717.4323
[39]  716.8958  716.8281  716.5278  715.8698  715.8628  715.5642  715.3125  714.8490  714.6233  714.6076  714.5608  714.3368  714.2691  714.2691

$x
          [,1]     [,2]      [,3]     [,4]     [,5]     [,6]     [,7]     [,8]     [,9]    [,10]
xbest 23.67244 240.8052 0.5443807 17.34731 285.4616 35.51860 31.02841 3.062143 7.240389 4.900474
xbest 25.05229 103.0489 0.1856391 26.89447 286.6994 37.31844 24.00000 2.228755 7.623598 1.200000
xbest 25.05229 104.2989 0.1772016 26.89447 286.5775 37.41844 24.97500 2.000000 7.573598 1.200000
xbest 24.54098 193.9009 0.1787079 26.74325 286.5490 35.87611 25.20792 5.702806 2.336616 1.948359
xbest 21.45585 104.1252 0.9260218 26.90055 286.5536 45.21518 24.00000 2.715081 7.942964 1.200000
xbest 21.76877 185.2282 0.5861303 21.23320 286.2943 40.97945 24.60402 5.963677 6.362250 2.935837
xbest 23.55533 189.7706 0.1000000 28.20799 286.5840 35.54600 25.60681 6.351564 2.000000 2.053907
xbest 22.61889 242.1400 0.1000000 25.13686 286.5396 35.24448 25.10069 5.919289 2.000000 1.882083
xbest 22.43139 242.1400 0.1225000 25.13686 286.5396 35.24448 25.10069 5.919289 2.000000 1.876146
xbest 24.37001 158.2471 0.4152278 22.39418 286.5488 37.17957 24.18723 5.155075 6.555490 1.602648
xbest 24.43032 148.0346 0.4215252 22.98221 286.6100 37.97370 24.32828 5.202358 6.351364 1.409541
xbest 24.47793 158.8329 0.4155949 22.50928 286.5156 37.18079 24.17654 5.148924 6.311361 1.598057
xbest 24.47793 158.8329 0.4198137 22.32178 286.5109 37.18079 24.01404 5.148924 6.361361 1.598057
xbest 23.50697 160.6212 0.8404624 23.67617 286.5206 37.23340 24.39765 5.229483 6.232146 1.407746
xbest 23.50697 168.1212 0.8682740 23.67617 286.5206 37.23340 24.00000 5.229483 5.932146 1.405891
xbest 23.68694 163.6128 0.5847447 23.47984 286.5290 36.07057 24.41441 5.777464 5.917321 1.448447
xbest 23.68694 163.6128 0.5850962 23.47984 286.5290 36.07057 24.41441 5.783714 5.929821 1.448447
xbest 23.43324 161.1273 0.7101752 23.28855 286.5245 36.36892 24.36704 5.905698 5.981302 1.463644
xbest 23.43324 161.4398 0.5526752 23.28855 286.5245 36.35954 24.36704 5.905698 5.982083 1.463644
xbest 22.56600 171.1195 0.9766651 22.75043 286.5374 37.02465 24.06016 6.347181 6.402309 1.449188
xbest 22.56600 171.1293 1.0000000 22.77387 286.4999 37.02465 24.00000 6.347181 6.402309 1.472938
xbest 22.10998 183.5921 0.9662028 22.36210 286.5124 37.25329 24.10252 5.980729 6.502367 1.390590
xbest 22.10998 183.5921 1.0000000 22.36210 286.5118 37.25329 24.26502 5.981510 6.482054 1.389106
xbest 22.56785 179.3935 0.9638357 22.34365 286.4998 36.55075 24.15701 5.987169 6.458455 1.417511
xbest 22.59129 179.0810 0.9638357 22.34365 286.4998 36.54450 24.07576 5.987169 6.458455 1.417894
xbest 22.52284 179.4822 0.9660864 22.34520 286.4940 36.51002 24.14990 5.987609 6.485880 1.417204
xbest 22.52284 179.4822 1.0000000 22.35398 286.4940 36.51002 24.14990 5.987609 6.498380 1.417204
xbest 22.58428 177.9234 0.9680289 22.44125 286.5174 36.52847 24.31232 5.982981 6.469111 1.420004
xbest 22.58428 177.9234 0.9905289 22.44125 286.5174 36.52847 24.23107 5.982981 6.469111 1.420004
xbest 22.54968 178.6977 0.9637219 22.36431 286.5178 36.52346 24.25384 5.982729 6.502177 1.419602
xbest 22.57186 181.5799 0.9846987 22.18508 286.5173 36.50643 24.23067 5.980383 6.499148 1.422565
xbest 22.59101 182.7449 0.9967635 22.07869 286.5173 36.49933 24.16798 5.979479 6.508836 1.424118
xbest 22.56209 184.5652 1.0000000 21.99205 286.5171 36.50080 24.21196 5.981121 6.504594 1.420647
xbest 22.55608 181.3320 0.9900423 22.21988 286.5175 36.50934 24.25334 5.981899 6.502783 1.419961
xbest 22.56523 181.4232 0.9984520 22.20783 286.5173 36.50670 24.23774 5.981681 6.503824 1.420346
xbest 22.56083 182.8192 1.0000000 22.13161 286.5173 36.50934 24.25308 5.981871 6.502799 1.420018
xbest 22.56083 182.8192 1.0000000 22.13161 286.5173 36.50934 24.25308 5.981871 6.502799 1.419276
xbest 22.59755 181.2713 0.9986154 22.18595 286.5169 36.50614 24.23937 5.981612 6.505105 1.420199
xbest 22.59755 181.2908 0.9986154 22.18595 286.5169 36.50614 24.23937 5.981685 6.505105 1.420199
xbest 22.59913 179.6756 0.9943772 22.25487 286.5085 36.51221 24.24048 5.984337 6.500203 1.420192
xbest 22.63987 178.8562 0.9959406 22.27623 286.5048 36.51345 24.23806 5.984665 6.500126 1.419700
xbest 22.63987 178.8562 0.9959406 22.27623 286.5048 36.51345 24.23806 5.984665 6.509501 1.419700
xbest 22.72194 179.3464 0.9987510 22.20795 286.5095 36.49944 24.29316 5.980267 6.494142 1.423890
xbest 22.72194 179.3464 0.9987510 22.20795 286.5095 36.49944 24.25254 5.980267 6.494142 1.423890
xbest 22.70423 180.3826 0.9980991 22.15223 286.5121 36.50341 24.27194 5.981147 6.496495 1.423205
xbest 22.70423 180.3826 0.9980991 22.15297 286.5121 36.50341 24.27194 5.981147 6.499620 1.423205
xbest 22.71740 180.3511 0.9985003 22.14851 286.5120 36.50270 24.27174 5.981140 6.495700 1.424144
xbest 22.71740 180.3706 0.9985003 22.14851 286.5120 36.50270 24.27174 5.981140 6.495700 1.424144
xbest 22.69636 180.6920 0.9972556 22.13558 286.5120 36.50416 24.27218 5.982320 6.500895 1.422835
xbest 22.69559 180.6906 0.9974883 22.13608 286.5114 36.50405 24.27214 5.982354 6.501010 1.422827
xbest 22.70216 180.5422 0.9974974 22.13884 286.5114 36.50382 24.27229 5.982329 6.501221 1.422725
xbest 22.70216 180.5422 0.9974974 22.13884 286.5114 36.50382 24.27229 5.982329 6.501221 1.422725

$time
elapsed elapsed elapsed elapsed elapsed elapsed elapsed elapsed elapsed elapsed elapsed elapsed elapsed elapsed elapsed elapsed elapsed elapsed elapsed elapsed elapsed elapsed elapsed elapsed elapsed 
   1.95    5.54    8.09   10.95   13.42   16.00   21.00   28.37   35.17   45.20   56.00   61.11   62.81  102.95  104.69  115.12  132.54  174.40  176.12  250.79  252.67  329.89  331.64  408.03  409.59 
elapsed elapsed elapsed elapsed elapsed elapsed elapsed elapsed elapsed elapsed elapsed elapsed elapsed elapsed elapsed elapsed elapsed elapsed elapsed elapsed elapsed elapsed elapsed elapsed elapsed 
 424.98  436.54  544.65  546.06  550.89  553.42  558.01  565.53  570.95  590.40  592.76  596.51  634.81  636.26  649.79  662.50  663.86  697.51  698.83  740.28  741.73  749.76  769.48  780.47  820.98 
elapsed elapsed 
 924.48  932.83 

$neval
 [1]   106   279   421   570   718   861  1146  1560  1916  2454  2995  3264  3363  5388  5495  6045  6943  9109  9207 13417 13518 17723 17832 21933 22034 22861 23489 29243 29321 29597 29741 30016
[33] 30425 30700 31843 31978 32187 34243 34325 35004 35686 35762 37536 37610 39785 39864 40274 41297 41839 43951 49689 50033

$fbest
[1] 714.2691

$xbest
 [1]  22.7021635 180.5421804   0.9974974  22.1388395 286.5113941  36.5038171  24.2722906   5.9823295   6.5012208   1.4227248

$numeval
[1] 50033

$end_crit
[1] 1

$cpu_time
elapsed 
 932.83 

$Refset
$Refset$x
           [,1]        [,2]        [,3]      [,4]       [,5]      [,6]       [,7]       [,8]      [,9]    [,10]
 [1,]  22.70216   0.9974974 286.5113941 24.272291   6.501221  22.70216  0.9974974 286.511394 24.272291 6.501221
 [2,] 180.54218  22.1388395  36.5038171  5.982329   1.422725 180.54218 22.1388395  36.503817  5.982329 1.422725
 [3,]  22.69608 180.7371032   0.9974700 22.133057 286.511472  36.50204 24.2727198   5.982296  6.500929 1.422729
 [4,]  22.69586 180.6997272   0.9974229 22.135281 286.511562  36.50358 24.2728356   5.982395  6.500721 1.422653
 [5,]  22.69661 180.6751774   0.9971934 22.135230 286.511468  36.50326 24.2740010   5.982281  6.501640 1.422734
 [6,]  22.69812 180.6816391   0.9973905 22.133815 286.511428  36.50341 24.2723457   5.982323  6.501234 1.422662
 [7,]  22.70223 180.6772798   0.9959517 22.130312 286.511469  36.50274 24.2722671   5.982391  6.500657 1.422702
 [8,]  22.71731 180.8039657   0.9971728 22.110559 286.511745  36.50108 24.2621285   5.981308  6.502482 1.423743
 [9,]  22.70382 180.5639094   0.9965965 22.135342 286.511480  36.50328 24.2727451   5.982318  6.499760 1.422759
[10,]  22.65715 181.3236560   0.9959402 22.131377 286.511634  36.50570 24.2713805   5.981885  6.498918 1.422857
[11,]  22.76053 180.6767119   0.9725993 22.051626 286.522813  36.35960 24.2705610   6.128573  6.814357 1.473026
[12,]  22.30090 182.9787833   0.9959092 22.468597 286.511942  36.50175 24.2770697   5.983194  6.500966 1.420918

$Refset$f
 [1] 714.2691 714.2691 714.3368 714.3368 714.3368 714.3368 714.3576 714.3576 714.3576 716.1944 816.7049 750.1892

$Refset$fpen
 [1] 714.2691 714.2691 714.3368 714.3368 714.3368 714.3368 714.3576 714.3576 714.3576 716.1944 816.7049 750.1892

$Refset$const
          [,1]      [,2]      [,3]      [,4]     [,5]
 [1,] 15.63762 13.861161  2.651529 29.498779 1.530634
 [2,] 29.49878  1.530634 15.637619 13.861161 2.651529
 [3,] 15.63213 29.499071 13.866943  1.530620 2.651687
 [4,] 15.63456 29.499279 13.864719  1.530613 2.651646
 [5,] 15.63359 29.498360 13.864770  1.530619 2.651723
 [6,] 15.63258 29.498766 13.866185  1.530629 2.651568
 [7,] 15.62965 29.499343 13.869688  1.530623 2.651612
 [8,] 15.60808 29.497518 13.889441  1.530619 2.650984
 [9,] 15.63558 29.500240 13.864658  1.530622 2.651625
[10,] 15.63246 29.501082 13.868623  1.530613 2.651441
[11,] 15.23727 29.185643 13.948374  1.529098 2.663285
[12,] 15.96763 29.499034 13.531403  1.530555 2.652222

$Refset$penalty
 [1] 0 0 0 0 0 0 0 0 0 0 0 0


