$f
 [1] 3658.1146  859.7292  320.3490  295.9809  280.9097  278.7361  277.0365  248.5174  220.0642  191.9097  179.5434  165.5139  163.0052  161.3177  155.2934  153.6528  144.9375  138.3438  134.6823
[20]  131.6128  130.8177  127.8906  127.8837  127.1719  124.4913  122.8785  122.5556  122.2622  121.8872  121.8819  121.8733  121.7483  121.7431  121.7361  121.6997  121.5972  121.5608  121.2344
[39]  121.2326  121.1458  121.1007  121.0868  121.0851  120.9306  120.8472  120.7951  120.7951

$x
          [,1]     [,2]      [,3]     [,4]     [,5]     [,6]     [,7]     [,8]     [,9]    [,10]
xbest 32.73944 104.4193 0.5328523 24.04794 285.6035 32.02336 25.28404 2.391953 3.212740 4.778131
xbest 21.38617 100.0000 0.7453891 27.37848 285.6831 45.73708 24.00000 2.000000 3.477434 5.000000
xbest 21.38617 120.0000 0.4586893 27.81739 286.7574 48.00000 24.00000 2.111803 3.337680 5.000000
xbest 20.00000 211.8815 0.4781740 21.11497 286.7394 47.77664 24.05909 6.041625 2.853442 4.544917
xbest 20.00000 201.7151 0.4565415 21.58701 286.7564 47.92032 24.00335 6.033861 2.971617 4.417547
xbest 20.00543 203.5097 0.4360688 21.50953 286.7515 47.90439 24.00157 6.034209 2.959491 4.479104
xbest 20.00543 203.5097 0.4360688 21.50953 286.7515 47.90439 24.04220 6.034209 2.959491 4.479104
xbest 21.83302 261.8147 0.4684674 20.93281 286.4538 36.68934 26.54392 6.543700 2.647961 4.547788
xbest 22.30168 301.1391 0.4671784 19.71641 286.5580 35.78392 25.06200 6.223429 2.646093 4.547836
xbest 22.32933 301.1391 0.6471784 19.74278 286.5580 35.83392 24.73700 6.224211 2.646093 4.500336
xbest 20.07614 230.2407 0.5211520 22.27040 286.5028 42.69102 25.19030 6.237223 3.057167 4.507655
xbest 20.07614 230.0845 0.7011520 22.27040 286.5028 42.69102 25.19030 6.237223 3.057167 4.507655
xbest 23.07344 216.4337 0.4674003 21.83790 286.7274 38.63811 25.07163 6.364670 2.923686 4.623502
xbest 23.06172 216.4337 0.4674003 21.83754 286.7274 38.63811 25.07163 6.364670 2.923686 4.623502
xbest 23.46788 200.4964 0.4663762 21.86674 286.7325 38.54869 25.08982 6.382824 2.910043 4.507983
xbest 23.48138 203.5716 0.4142010 21.57407 286.7411 38.54376 25.11910 6.385049 2.875450 4.502337
xbest 23.48138 203.5716 0.2490220 21.41557 286.7411 38.54376 25.11910 6.385049 2.850731 4.502337
xbest 22.28220 202.7236 0.4488824 22.99813 286.6498 38.09166 24.82758 6.384637 3.483837 4.498193
xbest 22.28220 202.8017 0.4933550 22.99813 286.6498 38.09791 24.82758 6.384637 3.483837 4.498193
xbest 22.72871 202.3079 0.4337884 22.94670 286.6158 37.92641 24.78109 6.381533 3.095362 4.502284
xbest 22.73086 202.2333 0.4337943 22.95361 286.6138 37.92364 24.78874 6.381080 3.072434 4.502253
xbest 22.66795 202.3130 0.4386818 22.95407 286.6308 37.96190 24.80057 6.381428 3.147530 4.499998
xbest 22.66795 202.3130 0.4386818 22.95407 286.6308 37.96190 24.80057 6.381428 3.144405 4.499998
xbest 22.02372 201.8702 0.4469604 22.92037 286.6304 37.94607 24.79072 6.381406 3.940348 4.506459
xbest 22.46134 201.8644 0.4467033 22.99929 286.6448 37.96467 24.81122 6.378992 3.296186 4.576384
xbest 22.41819 201.7030 0.4496062 22.99836 286.6454 37.96961 24.81117 6.378333 3.463969 4.567142
xbest 22.48585 201.0783 0.4479938 22.99925 286.6449 37.96225 24.81262 6.376236 3.362595 4.595981
xbest 22.38802 201.3019 0.4392647 23.02339 286.6419 37.96320 24.81033 6.378377 3.468951 4.582529
xbest 22.38802 201.3019 0.4392647 23.02339 286.6419 37.96320 24.81033 6.378377 3.465826 4.582529
xbest 22.29522 204.9457 0.4433421 23.07792 286.6372 37.97232 24.75974 6.378758 3.322643 4.581866
xbest 22.29522 204.9262 0.4433421 23.07792 286.6372 37.97232 24.75974 6.378758 3.322643 4.581866
xbest 22.29252 204.9493 0.4429722 23.07879 286.6373 37.97266 24.75957 6.378739 3.319283 4.581792
xbest 22.29252 204.9493 0.4429722 23.07879 286.6373 37.97266 24.75957 6.378739 3.319283 4.581049
xbest 22.28687 205.9936 0.4425440 23.06946 286.6360 37.97147 24.76475 6.378583 3.274032 4.582165
xbest 22.29906 205.1164 0.4420998 23.07885 286.6376 37.97893 24.75733 6.378762 3.300801 4.581678
xbest 22.34384 202.2530 0.4414973 23.11528 286.6378 37.96310 24.79601 6.378972 3.378871 4.574629
xbest 22.34586 202.2908 0.4404300 23.11536 286.6373 37.96277 24.79603 6.378970 3.371626 4.574477
xbest 22.30763 205.2047 0.4422820 23.07454 286.6384 37.97808 24.76072 6.378856 3.290719 4.581960
xbest 22.30763 205.2047 0.4422820 23.07454 286.6384 37.97808 24.76072 6.378856 3.290719 4.581218
xbest 22.30137 205.8367 0.4465882 23.17007 286.6416 37.96505 24.79288 6.379041 3.202814 4.583078
xbest 22.31244 205.3890 0.4413349 23.06943 286.6393 37.98045 24.76073 6.378930 3.279711 4.581975
xbest 22.30041 206.4515 0.4457534 23.01617 286.6371 37.97329 24.76494 6.378785 3.281805 4.579446
xbest 22.29840 206.6981 0.4457484 23.01588 286.6364 37.97248 24.76551 6.378748 3.271958 4.579339
xbest 22.29796 207.1473 0.4505055 23.00341 286.6365 37.97212 24.76699 6.377159 3.272486 4.574607
xbest 22.30018 206.3810 0.4499446 23.03989 286.6367 37.97045 24.76654 6.377096 3.280428 4.574296
xbest 22.29217 206.9766 0.4506528 23.01716 286.6358 37.97150 24.76651 6.377402 3.274259 4.572383
xbest 22.29217 206.9766 0.4506528 23.01716 286.6358 37.97150 24.76651 6.377402 3.274259 4.572383

$time
elapsed elapsed elapsed elapsed elapsed elapsed elapsed elapsed elapsed elapsed elapsed elapsed elapsed elapsed elapsed elapsed elapsed elapsed elapsed elapsed elapsed elapsed elapsed elapsed elapsed 
   1.89    4.57    7.03   17.40   22.07   31.73   33.01   37.68   47.28   58.87  126.70  128.17  269.40  270.73  273.09  290.26  297.51  362.62  364.20  373.81  381.29  386.04  389.87  395.00  400.28 
elapsed elapsed elapsed elapsed elapsed elapsed elapsed elapsed elapsed elapsed elapsed elapsed elapsed elapsed elapsed elapsed elapsed elapsed elapsed elapsed elapsed elapsed 
 405.79  438.36  461.09  466.79  541.07  542.39  589.62  590.79  606.14  613.90  622.54  629.89  641.76  642.93  667.98  671.67  747.29  771.86  814.51  844.75  883.86  898.54 

$neval
 [1]   106   259   415  1003  1278  1821  1894  2162  2693  3362  7200  7284 15436 15515 15648 16581 16989 20535 20627 21180 21591 21860 22070 22342 22616 22885 24732 26029 26373 30536 30610 33189
[33] 33263 34077 34493 34962 35369 36041 36115 37476 37682 41847 43154 45559 47244 49352 50103

$fbest
[1] 120.7951

$xbest
 [1]  22.2921702 206.9766427   0.4506528  23.0171577 286.6358451  37.9715015  24.7665121   6.3774015   3.2742585   4.5723832

$numeval
[1] 50103

$end_crit
[1] 1

$cpu_time
elapsed 
 898.54 

$Refset
$Refset$x
           [,1]        [,2]        [,3]      [,4]       [,5]      [,6]       [,7]       [,8]      [,9]    [,10]
 [1,]  22.29217   0.4506528 286.6358451 24.766512   3.274259  22.29217  0.4506528 286.635845 24.766512 3.274259
 [2,] 206.97664  23.0171577  37.9715015  6.377402   4.572383 206.97664 23.0171577  37.971501  6.377402 4.572383
 [3,]  22.29217 206.9766427   0.4506528 23.017158 286.635845  37.97150 24.7665121   6.377402  3.274259 4.572383
 [4,]  76.90233 182.9389308   0.2900614 26.448384 285.050108  17.46622 29.2506369   7.918929  4.028466 1.516989
 [5,]  22.29310 206.9600830   0.4508615 23.017737 286.635830  37.97250 24.7671762   6.377019  3.274056 4.571046
 [6,]  22.29591 207.1369790   0.4516840 23.006285 286.636465  37.97220 24.7653199   6.377306  3.273879 4.572753
 [7,]  22.31008 205.7872815   0.4455688 23.045159 286.637353  37.97358 24.7653701   6.378642  3.287066 4.580531
 [8,]  22.29478 206.8329836   0.4481284 23.010209 286.637278  37.97320 24.7665126   6.378484  3.276774 4.576743
 [9,]  22.29235 206.9621218   0.4507318 23.019358 286.635666  37.97202 24.7665302   6.377330  3.274200 4.571573
[10,]  22.28677 207.0272310   0.4499086 23.012080 286.635851  37.97137 24.7662394   6.377661  3.274270 4.561123
[11,]  22.29098 206.3397864   0.4506834 23.006250 286.635841  37.96981 24.7658875   6.378346  3.274204 4.572278
[12,]  22.23232 206.3049144   0.5963843 22.901105 286.536065  36.95635 24.7420005   6.392777  3.751692 4.543410

$Refset$f
 [1]     120.7951     120.7951     120.7951 1000000.0000     120.8472     120.9306     121.0851     121.0868     120.9306     121.1059     125.5816     168.4219

$Refset$fpen
 [1] 1.207951e+02 1.207951e+02 1.207951e+02 9.999975e+11 1.208472e+02 1.209306e+02 1.210851e+02 1.210868e+02 1.209306e+02 1.211059e+02 1.255816e+02 1.684219e+02

$Refset$const
              [,1]         [,2]         [,3]         [,4]         [,5]
 [1,] 1.974290e+01 1.298284e+01 2.660128e+00 3.272574e+01 1.518448e+00
 [2,] 3.272574e+01 1.518448e+00 1.974290e+01 1.298284e+01 2.660128e+00
 [3,] 1.974290e+01 3.272574e+01 1.298284e+01 1.518448e+00 2.660128e+00
 [4,] 1.000000e+06 1.000000e+06 1.000000e+06 1.000000e+06 1.000000e+06
 [5,] 1.974368e+01 3.272594e+01 1.298226e+01 1.518449e+00 2.660124e+00
 [6,] 1.973241e+01 3.272612e+01 1.299372e+01 1.518385e+00 2.660235e+00
 [7,] 1.975809e+01 3.271293e+01 1.295484e+01 1.518291e+00 2.660505e+00
 [8,] 1.973343e+01 3.272323e+01 1.298979e+01 1.518295e+00 2.660583e+00
 [9,] 1.974516e+01 3.272580e+01 1.298064e+01 1.518468e+00 2.660036e+00
[10,] 1.973781e+01 3.272573e+01 1.298792e+01 1.518448e+00 2.660116e+00
[11,] 1.973205e+01 3.272580e+01 1.299375e+01 1.518447e+00 2.660164e+00
[12,] 1.914941e+01 3.224831e+01 1.309890e+01 1.527414e+00 2.673983e+00

$Refset$penalty
 [1]      0.0      0.0      0.0 999996.5      0.0      0.0      0.0      0.0      0.0      0.0      0.0      0.0


