$f
 [1] 2429.7170  881.2795  681.7188  280.3785  264.2917  257.5920  237.6285  236.2812  234.0226  229.3438  228.5920  227.3993  227.0833  227.0503  226.4253  225.5122  225.4028  225.3056  223.2587
[20]  208.3160  202.2135  175.4132  175.3420  174.3681  174.1024  174.0972  173.9358  173.6580  173.0729  172.8663  172.5538  171.6753  164.4462  164.2031  157.2847  156.9931  147.4184  144.0851
[39]  138.4010  136.9687  135.7014  135.1649  133.6319  133.1059  132.7292

$x
          [,1]     [,2]      [,3]     [,4]     [,5]     [,6]     [,7]     [,8]     [,9]    [,10]
xbest 36.92961 162.4724 0.7992075 20.15863 285.3611 25.80739 24.15839 5.324187 5.928217 3.371990
xbest 32.02455 137.4076 0.1000000 22.45592 286.1515 27.03383 24.18915 6.325863 6.462087 1.925962
xbest 31.83705 117.4076 0.1000000 23.20592 286.0015 27.02685 24.22977 6.325863 6.212087 2.115962
xbest 20.14426 184.9112 0.1000000 22.96153 286.2201 31.58319 24.17742 6.663128 6.461404 2.016444
xbest 20.00000 178.8886 0.1000000 22.98942 286.2062 32.30134 24.16111 6.667125 6.433499 1.715213
xbest 20.30016 193.8617 0.1092944 22.35001 286.2419 32.54502 24.45398 6.720122 6.035126 1.947389
xbest 20.00000 194.1742 0.1007031 22.36172 286.2419 32.54502 24.45398 6.720122 6.035126 1.947389
xbest 20.06827 189.3927 0.1011078 22.86200 286.2081 31.97282 24.33275 6.664066 6.142601 2.012987
xbest 20.06827 189.3927 0.1000000 22.86200 286.2081 31.97282 24.33275 6.670319 6.142601 2.024862
xbest 20.06571 192.3449 0.1011628 22.97996 286.2088 31.99062 24.33684 6.663842 5.877444 2.008935
xbest 20.06432 195.5676 0.1011729 23.04680 286.2089 31.99166 24.33793 6.663898 5.874970 2.008346
xbest 20.06432 195.5676 0.1000000 23.04680 286.2089 31.99166 24.33793 6.663898 5.874970 2.008346
xbest 20.07109 191.3174 0.1006313 22.68638 286.2159 32.06064 24.38863 6.667541 6.082542 2.002564
xbest 20.07108 191.3029 0.1006842 22.69237 286.2179 32.06661 24.38571 6.667279 6.077369 2.005727
xbest 20.07107 191.2982 0.1006955 22.69401 286.2174 32.06927 24.38532 6.667201 6.075981 2.004845
xbest 20.07107 191.3763 0.1000000 22.69401 286.2174 32.06927 24.38532 6.667201 6.075981 2.004845
xbest 20.09909 192.8045 0.1006797 22.61890 286.2172 32.08172 24.39131 6.667565 6.046772 2.000657
xbest 20.07537 193.3551 0.1009070 22.64287 286.2181 32.07818 24.39262 6.668281 6.009182 2.000728
xbest 20.05387 187.9820 0.1006685 22.66948 286.2130 32.08278 24.39691 7.243646 6.053055 2.044402
xbest 20.05387 188.5289 0.1000000 21.91948 286.2177 32.08278 24.39691 7.243646 6.398368 2.044402
xbest 20.08087 194.8567 0.1055578 22.62493 286.5027 33.79410 26.21900 7.216775 5.276564 2.055130
xbest 20.00000 194.5442 0.1000000 22.62493 286.4980 33.79410 26.25963 7.210525 5.239064 2.052161
xbest 20.08290 194.5435 0.1003769 22.63534 286.4879 33.79462 26.09789 7.208742 5.211551 2.056581
xbest 20.08290 194.5435 0.1000693 22.63534 286.4879 33.79462 26.09789 7.208742 5.214676 2.056581
xbest 20.08218 194.6042 0.1000480 22.63265 286.4889 33.79727 26.10677 7.208675 5.214013 2.056739
xbest 20.08114 194.6105 0.1001878 22.63328 286.4891 33.80130 26.10114 7.208641 5.213826 2.056736
xbest 20.08185 194.7186 0.1000643 22.64120 286.4891 33.82864 26.03014 7.208957 5.199801 2.056708
xbest 20.08185 194.7186 0.1000000 22.64120 286.4890 33.82864 26.03014 7.208957 5.199801 2.056708
xbest 20.08176 194.7761 0.1000000 22.64544 286.4891 33.82580 26.01482 7.209014 5.198562 2.056698
xbest 20.07590 194.7761 0.1000000 22.64544 286.4891 33.82580 26.01482 7.209014 5.198562 2.056698
xbest 20.06471 194.7942 0.1000206 22.64254 286.4890 33.82577 26.01604 7.209005 5.204734 2.056672
xbest 20.00059 201.9595 0.1001900 22.60314 286.5393 33.24594 26.32488 7.160923 5.167746 1.912311
xbest 20.00000 201.9595 0.1000000 22.60314 286.5369 33.24594 26.48738 7.160923 5.216183 1.912311
xbest 20.01169 204.4617 0.1001516 22.58110 286.5770 33.26024 26.39296 7.140636 5.177014 1.881886
xbest 20.00000 204.1396 0.1000000 22.58110 286.5782 33.26024 26.35234 7.140636 5.161004 1.878917
xbest 20.03207 232.5432 0.1001203 21.01117 286.5820 33.23434 26.43714 7.157453 5.112888 1.885116
xbest 20.00000 232.5432 0.1000000 21.01117 286.5820 33.33434 26.43714 7.157453 5.062888 1.861366
xbest 20.01142 255.2825 0.1001624 19.77851 286.5821 33.29143 26.38940 7.144458 5.162835 1.885271
xbest 20.00000 255.2825 0.1001624 19.42695 286.5821 33.29143 26.38940 7.147583 5.256585 1.885271
xbest 20.00366 261.2584 0.1001701 19.10910 286.5799 33.34282 26.42522 7.145764 5.198440 1.883317
xbest 20.00000 261.2584 0.1001701 19.10763 286.5799 33.34282 26.42522 7.145764 5.198440 1.886286
xbest 20.00538 268.6721 0.1001500 18.90381 286.5840 33.28755 26.42492 7.146999 5.221128 1.883848
xbest 20.00358 283.7524 0.1001679 17.95013 286.5800 33.30317 26.41931 7.155356 5.246021 1.878261
xbest 20.00358 283.7524 0.1000000 17.94720 286.5812 33.30317 26.41931 7.155356 5.234302 1.878261
xbest 20.00358 283.7524 0.1000000 17.94720 286.5812 33.30317 26.37869 7.155356 5.234302 1.875292

$time
elapsed elapsed elapsed elapsed elapsed elapsed elapsed elapsed elapsed elapsed elapsed elapsed elapsed elapsed elapsed elapsed elapsed elapsed elapsed elapsed elapsed elapsed elapsed elapsed elapsed 
   1.71    4.11    5.75    9.72   19.61   23.50   26.49   50.41   51.69   57.36   63.36   72.13   86.41   88.38   90.33   93.63  124.91  133.58  135.49  146.57  254.24  256.80  338.75  339.85  364.00 
elapsed elapsed elapsed elapsed elapsed elapsed elapsed elapsed elapsed elapsed elapsed elapsed elapsed elapsed elapsed elapsed elapsed elapsed elapsed elapsed 
 372.86  416.38  417.57  440.03  441.13  550.91  582.61  584.27  614.10  615.71  649.71  651.24  670.86  672.28  693.35  694.53  711.57  713.52  716.85  726.47 

$neval
 [1]   106   265   390   680  1395  1675  1906  3541  3639  4043  4451  5065  6009  6145  6281  6498  8548  9154  9290 10085 17645 17783 23743 23827 25476 26088 28996 29076 30605 30679 38412 40534
[33] 40636 42717 42839 45033 45141 46515 46623 48011 48095 49180 49317 49547 50084

$fbest
[1] 132.7292

$xbest
 [1]  20.003584 283.752354   0.100000  17.947197 286.581155  33.303171  26.378689   7.155356   5.234302   1.875292

$numeval
[1] 50084

$end_crit
[1] 1

$cpu_time
elapsed 
 726.47 

$Refset
$Refset$x
           [,1]        [,2]        [,3]      [,4]       [,5]      [,6]       [,7]       [,8]      [,9]    [,10]
 [1,]  20.00358   0.1000000 286.5811554 26.419314   5.234302  20.00358  0.1000000 286.581155 26.419314 5.234302
 [2,] 283.75235  17.9471975  33.3031711  7.155356   1.878261 283.75235 17.9471975  33.303171  7.155356 1.878261
 [3,]  20.00448 276.0481468   0.1001661 18.402482 286.580948  33.31250 26.4213783   7.152335  5.158074 1.887041
 [4,] 261.25838  19.1076321  33.3428217  7.145764   1.886286 261.25838 19.1076321  33.342822  7.145764 1.886286
 [5,]  20.00000   0.1001701 286.5798962 26.425223   5.198440  20.00000  0.1001701 286.579896 26.425223 5.198440
 [6,]  20.00266 278.1194603   0.1001539 18.232874 286.580695  33.31369 26.4211817   7.153117  5.171204 1.884083
 [7,]  20.00071 261.3557082   0.1001725 19.162111 286.577661  33.33443 26.4207664   7.145905  5.172302 1.887380
 [8,]  20.00535 275.9733223   0.1001678 18.574138 286.580672  33.32171 26.4251691   7.154124  5.030959 1.886146
 [9,]  20.00380 261.0102702   0.1001698 19.116320 286.579804  33.34108 26.4278377   7.145767  5.198719 1.882161
[10,]  20.00194 276.8141187   0.1001506 18.293699 286.582291  33.30179 26.4218196   7.150094  5.211717 1.886572
[11,]  20.01148 256.7781823   0.1001639 19.530956 286.586529  33.36252 26.4543387   7.140981  5.051805 1.893785
[12,]  80.00000 100.0000000   1.0000000 15.000000 284.000000  48.00000 27.0342207  10.000000  7.317520 2.122775

$Refset$f
 [1]     133.1059     133.1059     135.5069     135.7014     135.7014     135.5608     136.1076     136.1406     136.6146     136.8906     140.5799 1623978.0000

$Refset$fpen
 [1]     133.1059     133.1059     135.5069     135.7014     135.7014     135.5608     136.1076     136.1406     136.6146     136.8906     140.5799 1623978.0000

$Refset$const
          [,1]      [,2]      [,3]      [,4]     [,5]
 [1,] 12.71290 18.052803  3.108646 30.765698 1.502539
 [2,] 30.76570  1.502539 12.712895 18.052803 3.108646
 [3,] 13.24441 30.841926 17.597518  1.502597 3.107942
 [4,] 30.80156  1.502850 13.909193 16.892368 3.105160
 [5,] 13.90919 16.892368  3.105160 30.801560 1.502850
 [6,] 13.06167 30.828796 17.767126  1.502635 3.107698
 [7,] 13.98981 30.827698 16.837889  1.503117 3.104413
 [8,] 13.54318 30.969041 17.425862  1.502653 3.107416
 [9,] 13.91760 30.801281 16.883680  1.502837 3.105576
[10,] 13.08198 30.788283 17.706301  1.502374 3.109568
[11,] 14.47915 30.948195 16.469044  1.501936 3.109673
[12,]  7.68248 28.682480 21.000000  1.729171 1.965636

$Refset$penalty
 [1] 0 0 0 0 0 0 0 0 0 0 0 0


