$f
 [1] 34179.2031  3597.9774  2132.8177  1896.9323  1746.0868  1635.1128  1521.1858  1434.5260  1415.3160  1410.8003  1391.9792  1369.2292  1362.4931  1352.5868  1137.6545  1083.1736  1035.5122
[18]  1013.1250  1011.8906  1002.4045   996.0920   995.7569   995.2031   994.0990   991.0833   990.9618   989.3264   988.7483   985.7882   976.8611   975.0868   974.9653   971.5729   971.1753
[35]   970.8073   966.6059   961.9826   956.1458   955.0174   954.8958   952.7639   949.6927   948.4705   947.4340   947.2656   945.6198   944.3056   943.6146   943.5052   943.3021   942.8854
[52]   942.6823   942.6823

$x
          [,1]     [,2]      [,3]     [,4]     [,5]     [,6]     [,7]     [,8]      [,9]    [,10]
xbest 21.57649 455.1894 0.1057492 15.53902 285.1236 29.47663 25.92427 4.142099  7.846509 2.407929
xbest 22.19764 100.0000 0.2514556 15.59525 285.6170 47.65226 24.00000 2.000000  4.976814 2.798154
xbest 20.00000 100.0000 0.1614556 15.40775 285.6920 48.00000 24.36336 2.200000  6.376814 2.784877
xbest 20.00000 174.8886 0.1402412 15.00000 285.8116 27.55802 24.00000 2.000000 10.000000 3.149479
xbest 20.00000 161.7899 0.1672524 15.00000 286.1466 28.84469 24.00000 2.000000 10.000000 3.998446
xbest 20.00000 167.6593 0.1674882 15.27736 286.2318 28.97957 24.12060 2.000000  9.869342 4.762853
xbest 20.01391 154.1748 0.1000000 16.96914 286.4373 35.75185 24.42994 5.204137  7.015410 1.886086
xbest 20.00000 147.9283 0.1631252 15.33772 286.5990 36.98236 24.33379 2.087455  9.213271 3.176411
xbest 20.00000 147.5684 0.1625089 15.34539 286.6014 36.86669 24.33358 2.088718  9.205068 3.144571
xbest 20.89216 187.4430 0.1053987 15.42031 286.5481 36.43414 24.17125 2.028810  6.418607 4.337234
xbest 20.89216 187.4430 0.1000000 15.42031 286.5481 36.43414 24.17125 2.028810  6.431107 4.337234
xbest 20.00463 158.9311 0.1376853 16.26821 286.4494 33.73125 24.44800 6.957462  6.866641 2.361285
xbest 20.39024 149.4668 0.1089424 15.44673 286.5696 36.89103 24.13138 2.037818  8.760753 3.261623
xbest 20.28932 154.9190 0.1002763 15.38699 286.5695 36.89345 24.03952 2.050584  8.772079 2.997233
xbest 20.03268 140.5928 0.1539560 15.28398 286.4979 36.85877 24.29893 6.675991  7.132145 2.440597
xbest 20.00000 138.9982 0.1682684 15.34672 286.4974 36.87390 24.09427 6.876469  7.649513 2.942215
xbest 20.00000 138.9982 0.1682684 15.33894 286.5073 36.80319 24.00000 6.876469  7.914932 3.042977
xbest 20.00906 141.2211 0.1583911 15.32837 286.4952 36.74202 24.05857 6.889277  8.027222 2.977536
xbest 20.00000 141.2211 0.1583911 15.32837 286.4952 36.74202 24.05857 6.889277  8.027222 2.974567
xbest 20.05907 142.1376 0.1475338 15.40304 286.5138 36.77924 24.04193 6.912823  7.797586 2.778480
xbest 20.03704 141.6175 0.1472905 16.12919 286.5438 36.83753 24.11988 6.691757  7.651160 2.437230
xbest 20.03704 141.6371 0.1472905 16.12919 286.5438 36.83753 24.11988 6.691757  7.651160 2.437230
xbest 20.05249 142.1320 0.1473510 15.40264 286.5138 36.77378 24.04124 6.913065  7.809978 2.814831
xbest 20.05941 142.1472 0.1475932 15.40352 286.5139 36.77709 24.04156 6.914256  7.799523 2.796529
xbest 20.05941 142.1472 0.1475932 15.40352 286.5139 36.77709 24.04156 6.914256  7.805773 2.796529
xbest 20.01464 139.6416 0.1305920 15.43082 286.4932 36.69275 24.09832 6.901403  8.124035 2.762673
xbest 20.01464 139.6416 0.1305920 15.43082 286.4932 36.69275 24.09832 6.901403  8.117785 2.762673
xbest 20.05123 139.6504 0.1262787 15.49939 286.4921 36.68576 24.10120 6.905140  8.094381 2.795186
xbest 20.01726 139.0881 0.1347099 15.46206 286.4956 36.69100 24.12025 6.906486  8.100896 2.820593
xbest 20.03457 141.6361 0.1256675 15.40045 286.4900 36.73431 24.01745 6.915616  7.989355 2.785495
xbest 20.00912 139.2343 0.1296807 15.48203 286.4949 36.69017 24.12537 6.912884  8.108197 2.827824
xbest 20.01123 138.1195 0.1312624 15.50869 286.4955 36.69897 24.12599 6.912067  8.121062 2.816142
xbest 20.00497 137.0261 0.1347765 15.58360 286.4951 36.70200 24.09390 6.910417  8.142188 2.814308
xbest 20.00515 135.3850 0.1344290 15.71755 286.4949 36.70699 24.07642 6.910420  8.157404 2.813022
xbest 20.02901 141.8351 0.1222268 15.46113 286.4919 36.71981 24.00832 6.915352  8.037599 2.800369
xbest 20.02901 141.7570 0.1225783 15.46113 286.4919 36.71981 24.04894 6.915352  8.037599 2.800369
xbest 20.01775 137.9337 0.1271629 15.80637 286.4893 36.72741 24.05886 6.911044  8.117895 2.808522
xbest 20.01775 137.9337 0.1285691 15.85324 286.4893 36.72741 24.05886 6.911044  8.108520 2.814460
xbest 20.00780 136.0105 0.1357651 15.64883 286.4890 36.69284 24.11528 6.909593  8.118837 2.815724
xbest 20.00129 135.8815 0.1380719 15.64629 286.4883 36.69293 24.11026 6.909508  8.117859 2.820803
xbest 20.01510 135.8772 0.1376241 15.64572 286.4916 36.68391 24.14692 6.909596  8.123144 2.814392
xbest 20.00703 136.9579 0.1369126 15.69190 286.4877 36.67847 24.12747 6.909711  8.042553 2.816969
xbest 20.01185 135.8772 0.1375415 15.64573 286.4901 36.68426 24.12814 6.909554  8.121167 2.815066
xbest 20.01185 135.8772 0.1375415 15.64866 286.4901 36.68426 24.12814 6.909554  8.118042 2.812097
xbest 20.01229 137.1378 0.1333440 15.67735 286.4904 36.68355 24.12788 6.908200  8.082604 2.831679
xbest 20.01259 137.0635 0.1336356 15.66738 286.4901 36.68158 24.13095 6.908986  8.096990 2.817462
xbest 20.00000 137.0635 0.1336356 15.67324 286.4901 36.68158 24.13095 6.908986  8.100115 2.820431
xbest 20.01172 136.6885 0.1337311 15.67940 286.4886 36.68308 24.12245 6.909472  8.113508 2.819092
xbest 20.03729 136.4464 0.1324858 15.67068 286.4869 36.67413 24.12287 6.909336  8.145822 2.818511
xbest 20.03729 136.4464 0.1324858 15.67068 286.4869 36.67413 24.12287 6.909336  8.145822 2.819253
xbest 20.01255 137.2196 0.1326085 15.67052 286.4871 36.67449 24.12343 6.909034  8.110234 2.820187
xbest 20.01255 137.2196 0.1326085 15.67052 286.4871 36.67449 24.12343 6.909034  8.110234 2.820929
xbest 20.01255 137.2196 0.1326085 15.67052 286.4871 36.67449 24.12343 6.909034  8.110234 2.820929

$time
elapsed elapsed elapsed elapsed elapsed elapsed elapsed elapsed elapsed elapsed elapsed elapsed elapsed elapsed elapsed elapsed elapsed elapsed elapsed elapsed elapsed elapsed elapsed elapsed elapsed 
   1.91    5.30    7.34   10.23   12.70   15.30   20.06   22.39   29.97   32.16   33.31   35.89   41.25   43.91   46.30   58.58   60.95  107.45  108.89  134.00  139.84  161.33  181.81  186.81  187.89 
elapsed elapsed elapsed elapsed elapsed elapsed elapsed elapsed elapsed elapsed elapsed elapsed elapsed elapsed elapsed elapsed elapsed elapsed elapsed elapsed elapsed elapsed elapsed elapsed elapsed 
 246.30  247.45  269.76  272.14  278.26  280.50  285.61  288.09  290.62  293.28  299.42  345.66  347.30  357.53  362.41  364.91  367.00  372.23  373.61  389.51  395.25  401.91  426.09  480.11  481.19 
elapsed elapsed elapsed 
 555.94  557.12  895.84 

$neval
 [1]   106   277   395   556   705   856  1145  1289  1707  1848  1927  2066  2348  2489  2632  3316  3463  5930  6010  7365  7702  8858  9933 10201 10274 13427 13503 14729 14866 15207 15340 15610
[33] 15748 15883 16019 16375 18813 18907 19444 19722 19857 19994 20265 20350 21181 21453 21815 23055 26149 26222 30407 30480 50127

$fbest
[1] 942.6823

$xbest
 [1]  20.0125487 137.2195996   0.1326085  15.6705241 286.4870868  36.6744926  24.1234262   6.9090341   8.1102342   2.8209289

$numeval
[1] 50127

$end_crit
[1] 1

$cpu_time
elapsed 
 895.84 

$Refset
$Refset$x
          [,1]     [,2]      [,3]     [,4]     [,5]     [,6]     [,7]     [,8]     [,9]    [,10]
 [1,] 20.01179 137.2656 0.1325424 15.66362 286.4871 36.67193 24.12594 6.909076 8.114591 2.820654
 [2,] 20.01297 137.3404 0.1325353 15.66695 286.4871 36.67266 24.12567 6.909094 8.104588 2.820461
 [3,] 20.01034 137.3387 0.1316678 15.66390 286.4872 36.67257 24.12603 6.909240 8.122663 2.820469
 [4,] 20.01340 137.4067 0.1314822 15.66964 286.4865 36.67648 24.12356 6.908774 8.115565 2.820878
 [5,] 20.02214 137.3196 0.1315667 15.65904 286.4861 36.66644 24.12416 6.909468 8.111565 2.817120
 [6,] 20.01246 137.2821 0.1328598 15.66562 286.4870 36.67292 24.12618 6.908911 8.104330 2.821702
 [7,] 20.01208 134.3943 0.1338329 16.03027 286.4871 36.67188 24.12816 6.908600 8.168945 2.820253
 [8,] 20.01275 137.4039 0.1306111 15.66861 286.4895 36.66612 24.15434 6.908407 8.109367 2.820633
 [9,] 20.11811 136.9680 0.1180795 16.22338 286.4943 36.67723 24.15440 6.911305 8.111134 2.813026
[10,] 20.01665 137.2757 0.1320300 15.66558 286.4891 36.66647 24.14638 6.910068 8.115554 2.845383
[11,] 20.00151 123.5693 0.1147594 15.64442 286.4619 39.94433 24.07881 7.355124 5.996643 1.957473
[12,] 20.54267 100.0000 0.2278389 17.27580 286.9621 38.01137 24.00000 8.070604 5.473008 2.972918

$Refset$f
 [1]  942.6823  942.6823  942.7517  942.9549  943.1597  943.4062  951.0208  950.0729  959.3125  945.3490 1047.3663 2144.2344

$Refset$fpen
 [1]   942.6823   942.6823   942.7517   942.9549   943.1597   943.4062   951.0208   950.0729   959.3125   945.3490  1047.3663 16531.2480

$Refset$const
           [,1]     [,2]     [,3]     [,4]     [,5]
 [1,]  7.549027 27.88541 20.33638 1.534003 2.622380
 [2,]  7.562366 27.89541 20.33305 1.534006 2.622318
 [3,]  7.541240 27.87734 20.33610 1.533990 2.622399
 [4,]  7.554072 27.88444 20.33036 1.534076 2.621764
 [5,]  7.547478 27.88844 20.34096 1.534100 2.622191
 [6,]  7.561293 27.89567 20.33438 1.534010 2.622327
 [7,]  7.861325 27.83106 19.96973 1.533997 2.622555
 [8,]  7.559239 27.89063 20.33139 1.533655 2.625769
 [9,]  8.112247 27.88887 19.77662 1.533155 2.626884
[10,]  7.550027 27.88445 20.33442 1.533720 2.624983
[11,]  9.647774 30.00336 20.35558 1.540709 2.462172
[12,] 11.802794 30.52699 18.72420 1.485613 2.730582

$Refset$penalty
 [1] 0.00000000 0.00000000 0.00000000 0.00000000 0.00000000 0.00000000 0.00000000 0.00000000 0.00000000 0.00000000 0.00000000 0.01438701


