$f
 [1] 1324.1302 1146.8073 1115.4601 1029.4878 1026.9340  870.2309  843.1997  824.4045  806.5694  779.1806  757.2413  724.5556  704.6042  686.2674  685.5625  672.2951  663.8333  662.0625  653.3837
[20]  653.3247  648.9149  648.4497  647.0625  646.9427  646.6233  646.3472  577.8247  569.7847  564.7674  562.6910  557.1163  553.7031  552.3316  552.0503  551.7760  551.0955  550.5087  550.0868
[39]  550.0382  549.4479  543.7344  542.4809  540.0399  539.8316  539.7222  535.8455  534.6510  533.8733  533.4653  533.4653

$x
          [,1]     [,2]      [,3]     [,4]     [,5]     [,6]     [,7]     [,8]     [,9]    [,10]
xbest 25.94478 183.9651 0.8699040 17.09724 286.6553 34.70633 26.10481 3.786496 9.117167 3.547759
xbest 20.06580 277.5929 0.1000000 19.49316 286.6068 44.50132 24.00000 6.144203 2.155710 2.720538
xbest 20.06580 277.5929 0.1000000 19.49316 286.6068 44.50132 24.00000 6.131703 2.093210 2.673038
xbest 20.00556 276.4708 0.1000000 19.97153 286.7282 47.05145 24.00000 6.782957 2.000000 3.345731
xbest 20.04891 132.3094 0.1000000 29.74613 286.7470 47.72034 24.00662 6.424275 2.014997 1.454421
xbest 20.00000 136.4716 0.1000000 27.92064 286.5074 45.82646 24.13043 5.945440 2.000000 1.263384
xbest 20.29761 110.5617 0.1419851 29.63338 286.7534 47.39271 24.04666 6.332323 2.162241 1.349389
xbest 20.20758 110.7386 0.1511567 29.44269 286.7500 47.36562 24.04892 6.329810 2.162063 1.386005
xbest 20.00000 110.7386 0.1501020 29.44269 286.7500 47.36562 24.05400 6.304810 2.162063 1.386005
xbest 20.00000 152.3779 0.1000000 26.78196 286.6425 46.86167 24.11066 6.301117 2.047343 1.497910
xbest 20.00000 152.2217 0.1000000 26.78196 286.6425 46.86167 24.02941 6.301117 2.047343 1.496426
xbest 20.10343 150.9740 0.1000000 26.66849 286.6506 47.84778 24.09022 6.389836 2.038196 1.475834
xbest 20.01929 145.8553 0.1000088 26.89436 286.6518 47.74818 24.10673 6.310450 2.056482 1.371025
xbest 20.00000 145.8553 0.1003604 26.89436 286.6518 47.74818 24.10673 6.335450 2.056482 1.371025
xbest 20.03837 141.5816 0.1003296 27.12886 286.6698 47.77739 24.12891 6.302315 2.089996 1.403403
xbest 20.00042 141.9228 0.1001963 27.34424 286.6683 47.78257 24.13934 6.304013 2.110615 1.404319
xbest 20.00000 140.7509 0.1000000 27.34424 286.6659 47.78257 24.11902 6.304013 2.110615 1.404319
xbest 20.04860 137.5602 0.1010473 27.09237 286.6637 47.76988 24.11339 6.304052 2.151038 1.404072
xbest 20.04860 137.5602 0.1006515 27.09237 286.6614 47.76988 24.15402 6.304052 2.176038 1.405193
xbest 20.00084 138.7557 0.1004897 27.02337 286.6781 47.79965 24.16151 6.328539 2.154113 1.405404
xbest 20.00045 138.9571 0.1006262 26.84859 286.6789 47.80744 24.15240 6.327714 2.174557 1.422812
xbest 20.00064 139.0737 0.1006736 26.86787 286.6788 47.81297 24.15192 6.327083 2.176989 1.420500
xbest 20.00064 139.0737 0.1006736 26.86787 286.6788 47.81297 24.15192 6.327083 2.173864 1.420500
xbest 20.00210 139.4120 0.1003855 26.85650 286.6765 47.81702 24.13465 6.328653 2.180083 1.419978
xbest 20.00000 139.4120 0.1003855 26.85576 286.6765 47.81702 24.13465 6.328653 2.180083 1.419978
xbest 20.00103 139.2283 0.1003857 26.85052 286.6761 47.82036 24.11205 6.328831 2.201890 1.422348
xbest 20.00000 100.0000 0.1000000 27.60052 286.6761 47.82036 24.11205 6.328831 4.983124 1.422348
xbest 20.00008 100.0000 0.1000000 26.41462 286.6749 47.81810 24.11630 6.330337 5.502690 1.422302
xbest 20.05241 100.3494 0.1000000 26.39497 286.6749 47.81810 24.11630 6.330337 5.502690 1.420818
xbest 20.00561 102.6347 0.1000263 25.30845 286.6752 47.81866 24.12003 6.329230 6.063603 1.421187
xbest 20.00601 103.1352 0.1000392 24.59453 286.6752 47.81874 24.12207 6.329326 6.417579 1.421231
xbest 20.00358 103.8455 0.1000482 24.16769 286.6761 47.81768 24.11672 6.329155 6.648392 1.423239
xbest 20.00496 102.8322 0.1000416 23.79053 286.6743 47.81815 24.12393 6.328989 6.985126 1.421345
xbest 20.00000 102.8322 0.1000000 23.79053 286.6743 47.81815 24.12393 6.328989 6.985126 1.421345
xbest 20.00371 102.5268 0.1000385 23.19752 286.6739 47.81652 24.12355 6.329735 7.429111 1.420804
xbest 20.00522 102.6536 0.1000467 23.48140 286.6744 47.81847 24.12392 6.328758 7.191595 1.421210
xbest 20.00282 104.4109 0.1000093 23.87933 286.6753 47.81848 24.12641 6.329147 6.772739 1.422356
xbest 20.00000 104.4109 0.1000093 23.87933 286.6753 47.81848 24.12641 6.329147 6.775864 1.422356
xbest 20.00310 102.0719 0.1000455 22.96974 286.6737 47.81769 24.12337 6.329542 7.617095 1.420973
xbest 20.00310 102.0719 0.1000455 22.96974 286.6737 47.81769 24.12337 6.329542 7.620220 1.420973
xbest 20.00397 103.0752 0.1001998 23.55412 286.6753 47.81366 24.12498 6.332142 7.080988 1.423791
xbest 20.00397 103.1534 0.1000000 23.55412 286.6753 47.81366 24.12498 6.332142 7.080988 1.423791
xbest 20.00744 102.9396 0.1000088 23.60888 286.6753 47.81802 24.12618 6.333002 7.122346 1.425381
xbest 20.00407 102.9686 0.1000152 23.66581 286.6743 47.81521 24.12237 6.332981 7.086531 1.426091
xbest 20.00552 102.9230 0.1000389 23.63926 286.6746 47.81602 24.12189 6.332176 7.108335 1.426396
xbest 20.00507 103.1090 0.1000293 23.67220 286.6753 47.81814 24.12584 6.335331 7.072640 1.426058
xbest 20.00511 103.1004 0.1000320 23.61311 286.6744 47.81671 24.12589 6.335488 7.102923 1.425799
xbest 20.00848 103.0042 0.1000240 23.58459 286.6748 47.81648 24.12657 6.335239 7.127704 1.426310
xbest 20.00848 103.0042 0.1000460 23.58459 286.6748 47.81648 24.12657 6.335239 7.127704 1.426310
xbest 20.00848 103.0042 0.1000460 23.58459 286.6748 47.81648 24.12657 6.335239 7.127704 1.426310

$time
elapsed elapsed elapsed elapsed elapsed elapsed elapsed elapsed elapsed elapsed elapsed elapsed elapsed elapsed elapsed elapsed elapsed elapsed elapsed elapsed elapsed elapsed elapsed elapsed elapsed 
   2.14   10.28   12.40   18.47   24.29   27.29   30.67   45.54   47.76   63.28   80.34   89.14   99.89  120.34  141.06  144.50  157.29  231.20  233.78  316.34  343.68  347.17  355.62  389.72  391.45 
elapsed elapsed elapsed elapsed elapsed elapsed elapsed elapsed elapsed elapsed elapsed elapsed elapsed elapsed elapsed elapsed elapsed elapsed elapsed elapsed elapsed elapsed elapsed elapsed elapsed 
 491.18  494.03  825.20  827.09  837.20  846.22  849.17  858.50  859.98  868.86  874.64  877.50  890.11  914.40  921.75 1001.50 1003.03 1005.81 1014.45 1018.12 1021.03 1056.78 1095.11 1096.59 1130.68 

$neval
 [1]   106   428   522   811  1092  1229  1368  1914  2008  2685  3441  3713  4117  4877  5695  5830  6342  9255  9363 12799 13838 13976 14321 15670 15750 20004 20140 35933 36026 36450 36867 37006
[33] 37423 37503 37912 38183 38322 38936 40008 40349 44076 44155 44292 44700 44838 44974 46666 48533 48606 50094

$fbest
[1] 533.4653

$xbest
 [1]  20.008478 103.004215   0.100046  23.584594 286.674775  47.816482  24.126571   6.335239   7.127704   1.426310

$numeval
[1] 50094

$end_crit
[1] 1

$cpu_time
elapsed 
1130.68 

$Refset
$Refset$x
           [,1]       [,2]        [,3]      [,4]       [,5]      [,6]      [,7]       [,8]      [,9]    [,10]
 [1,]  20.00848   0.100046 286.6747749 24.126571   7.127704  20.00848  0.100046 286.674775 24.126571 7.127704
 [2,] 103.00422  23.584594  47.8164818  6.335239   1.426310 103.00422 23.584594  47.816482  6.335239 1.426310
 [3,]  20.01858 103.012722   0.1000389 23.605978 286.674597  47.81344 24.126027   6.335152  7.112357 1.426018
 [4,]  20.00743 103.256757   0.1000243 23.614382 286.675339  47.81928 24.127097   6.335653  7.093797 1.426134
 [5,]  20.00186 102.915246   0.1000361 23.644586 286.675162  47.81658 24.118363   6.332155  7.106988 1.423657
 [6,]  20.00213 102.914422   0.1000374 23.643754 286.675185  47.81678 24.119550   6.332139  7.107504 1.423640
 [7,]  20.00245 102.887285   0.1000367 23.646167 286.675036  47.81777 24.117338   6.332361  7.107008 1.423721
 [8,]  20.00207 102.912613   0.1000363 23.644483 286.675138  47.81734 24.118484   6.332214  7.107111 1.423701
 [9,]  20.00098 102.963439   0.1000000 23.607855 286.674771  47.82407 24.114401   6.332729  7.127433 1.424047
[10,]  20.00276 102.953972   0.1000123 23.626438 286.675179  47.81692 24.122759   6.332172  7.115790 1.423784
[11,]  20.00397 102.930068   0.1001540 23.560489 286.675379  47.80846 24.146099   6.332349  7.111076 1.415393
[12,]  20.00454 102.942801   0.1001593 23.544844 286.675123  47.80950 24.144151   6.332766  7.115913 1.414448

$Refset$f
 [1] 533.4653 533.4653 534.6250 534.9740 535.9566 535.9566 535.9566 535.9566 535.9774 536.3073 541.3663 541.3889

$Refset$fpen
 [1] 533.4653 533.4653 534.6250 534.9740 535.9566 535.9566 535.9566 535.9566 535.9774 536.3073 541.3663 541.3889

$Refset$const
          [,1]      [,2]      [,3]      [,4]     [,5]
 [1,] 16.45689 12.415406  2.285383 28.872296 1.524223
 [2,] 28.87230  1.524223 16.456889 12.415406 2.285383
 [3,] 16.49362 28.887643 12.394022  1.524238 2.285376
 [4,] 16.52059 28.906203 12.385618  1.524176 2.285518
 [5,] 16.53760 28.893012 12.355414  1.524192 2.285097
 [6,] 16.53625 28.892496 12.356246  1.524190 2.285158
 [7,] 16.53916 28.892992 12.353833  1.524203 2.284976
 [8,] 16.53737 28.892889 12.355517  1.524194 2.285076
 [9,] 16.48042 28.872567 12.392145  1.524226 2.284590
[10,] 16.51065 28.884210 12.373562  1.524190 2.285311
[11,] 16.44941 28.888924 12.439511  1.524169 2.286742
[12,] 16.42893 28.884087 12.455156  1.524191 2.286538

$Refset$penalty
 [1] 0 0 0 0 0 0 0 0 0 0 0 0


