$f
 [1] 55992.1319  2808.0035  1174.4913  1107.1146   999.6840   964.2049   960.9427   902.0642   898.2535   884.4826   879.4792   877.1111   877.0191   875.3785   875.2569   875.0122   874.9010
[18]   874.8351   874.6597   874.4514   874.3889   874.3125   866.7691   866.5295

$x
          [,1]     [,2]      [,3]     [,4]     [,5]     [,6]     [,7]     [,8]     [,9]    [,10]
xbest 24.79000 337.0400 0.2529000 17.72000 285.5400 45.67000 29.49000 2.970000 2.000000 2.690000
xbest 20.58054 100.0000 0.1013185 19.12906 286.6047 47.52505 35.11358 4.848734 6.214688 5.000000
xbest 20.00000 100.0000 0.1000000 15.00000 286.6047 45.76135 30.91709 2.000000 6.214688 1.211973
xbest 20.00000 100.1336 0.1000000 21.76449 286.4089 46.18459 28.85823 2.585048 2.000000 1.984191
xbest 23.41236 100.0000 0.1033086 17.65882 286.6010 43.01204 24.68773 4.798940 2.135936 3.648369
xbest 23.41236 100.0000 0.1033086 18.40882 286.6010 43.01204 24.68773 4.798940 2.160936 3.648369
xbest 20.30012 100.3254 0.1000457 21.38340 286.5304 43.83112 24.14640 5.316972 2.648877 1.723955
xbest 20.30012 100.0000 0.1000000 22.13340 286.5491 43.83112 24.14640 5.316972 2.698877 1.769796
xbest 20.17568 101.1852 0.1003990 22.25659 286.6480 44.35200 24.30896 5.372191 2.538291 1.857195
xbest 20.17568 101.1852 0.1013184 22.42359 286.6480 44.25200 24.47146 5.372191 2.513291 1.880945
xbest 20.28124 101.6377 0.1004749 22.18395 286.6417 44.34608 24.16367 5.364704 2.589987 1.908421
xbest 20.28124 101.6377 0.1004749 22.18395 286.6417 44.34608 24.32617 5.364704 2.589987 1.908421
xbest 20.29552 101.2027 0.1030830 21.76841 286.6483 44.27202 24.57535 5.363391 2.558648 1.884623
xbest 20.29552 101.2027 0.1030830 21.77134 286.6483 44.27202 24.57535 5.363391 2.583648 1.884623
xbest 20.28879 101.1022 0.1018428 21.90024 286.6501 44.31065 24.66161 5.365517 2.561026 1.881753
xbest 20.29888 100.9687 0.1019468 21.92306 286.6504 44.30831 24.67868 5.365454 2.562588 1.879701
xbest 20.27092 101.0216 0.1036766 21.87380 286.6434 44.32763 24.48775 5.365358 2.555199 1.885534
xbest 20.27092 101.0216 0.1036766 21.87380 286.6434 44.32763 24.48775 5.365358 2.552074 1.885534
xbest 20.26730 101.0390 0.1038173 21.86555 286.6433 44.32952 24.48383 5.365377 2.553960 1.886275
xbest 20.26730 101.0390 0.1038173 21.86555 286.6433 44.32952 24.48383 5.365377 2.553960 1.885533
xbest 20.26785 101.0437 0.1037792 21.85906 286.6430 44.33995 24.48355 5.365932 2.552733 1.884928
xbest 20.29733 100.7175 0.1189142 21.14682 286.6438 44.33394 24.47914 5.365378 2.537568 1.884166
xbest 20.29733 100.3125 0.1189142 21.14682 286.6438 44.33394 24.47914 5.365378 2.537568 1.887135
xbest 20.29733 100.3125 0.1189142 21.14682 286.6438 44.33394 24.47914 5.365378 2.534443 1.887135

$time
elapsed elapsed elapsed elapsed elapsed elapsed elapsed elapsed elapsed elapsed elapsed elapsed elapsed elapsed elapsed elapsed elapsed elapsed elapsed elapsed elapsed elapsed elapsed elapsed 
   2.07    5.79    8.21   13.53   16.09   33.89  508.76  510.60  566.45  568.32  606.85  608.14  673.60  675.00  699.96  710.78  725.64  726.87  759.15  760.43  778.85  858.15  859.50  872.32 

$neval
 [1]   106   283   428   739   883  1939 29636 29744 33001 33118 35022 35098 38928 39013 40366 40969 41769 41843 43476 43550 44637 49259 49344 50018

$fbest
[1] 866.5295

$xbest
 [1]  20.2973314 100.3125000   0.1189142  21.1468228 286.6437876  44.3339436  24.4791403   5.3653780   2.5344427   1.8871348

$numeval
[1] 50018

$end_crit
[1] 1

$cpu_time
elapsed 
 872.32 

$Refset
$Refset$x
            [,1]      [,2]       [,3]      [,4]       [,5]       [,6]      [,7]      [,8]      [,9]    [,10]
 [1,] 100.312500  21.14682 44.3339436  5.365378   1.887135 100.312500  21.14682 44.333944  5.365378 1.887135
 [2,]   1.887135 100.31250 21.1468228 44.333944   5.365378   1.887135 100.31250 21.146823 44.333944 5.365378
 [3,]  20.264101 101.57027  0.1036497 21.826580 286.642903  44.317862  24.45035  5.366470  2.532890 1.885317
 [4,]  20.297331 100.71746  0.1189142 21.146823 286.643788  44.333944  24.47914  5.365378  2.537568 1.884166
 [5,]  20.246089 100.94234  0.1042053 21.873773 286.644417  44.321258  24.48146  5.365208  2.565054 1.884721
 [6,]  20.265391 101.04481  0.1038779 21.847965 286.645061  44.324308  24.48732  5.365856  2.561853 1.884573
 [7,]  20.226228 101.06163  0.1036307 21.900357 286.644154  44.332825  24.49312  5.365335  2.531742 1.885630
 [8,]  20.248514 100.95367  0.1041122 21.886860 286.644392  44.311853  24.48376  5.365383  2.555164 1.884562
 [9,]  20.246835 101.31129  0.1039882 21.855468 286.644269  44.317590  24.48182  5.365326  2.548733 1.885055
[10,]  20.240835 100.98086  0.1042324 21.825551 286.642979  44.318064  24.48896  5.365042  2.559495 1.885255
[11,]  20.267841 101.06598  0.1037016 21.829232 286.643306  44.303271  24.45153  5.366297  2.542376 1.882966
[12,]  20.228827 101.53590  0.1044865 21.824423 286.644073  44.308385  24.49089  5.365522  2.548415 1.888096

$Refset$f
 [1] 866.7691 866.7691 874.2431 874.3125 874.4514 874.4514 874.5417 874.4514 874.6597 874.8524 874.8542 875.5625

$Refset$fpen
 [1] 866.7691 866.7691 874.2431 874.3125 874.4514 874.4514 874.5417 874.4514 874.6597 874.8524 874.8542 875.5625

$Refset$const
           [,1]      [,2]      [,3]      [,4]      [,5]
 [1,] 33.462432  1.525719 18.609255 14.853177  2.391391
 [2,]  2.391391 33.462432  1.525719 18.609255 14.853177
 [3,] 19.293690 33.467110 14.173420  1.525820  2.389969
 [4,] 18.609255 33.462432 14.853177  1.525719  2.391391
 [5,] 19.308719 33.434946 14.126227  1.525652  2.392128
 [6,] 19.286112 33.438147 14.152035  1.525588  2.392578
 [7,] 19.368615 33.468258 14.099643  1.525671  2.392340
 [8,] 19.331697 33.444836 14.113140  1.525647  2.392545
 [9,] 19.306736 33.451267 14.144532  1.525663  2.392214
[10,] 19.266056 33.440505 14.174449  1.525775  2.392177
[11,] 19.286856 33.457624 14.170768  1.525774  2.390626
[12,] 19.276008 33.451585 14.175577  1.525667  2.392953

$Refset$penalty
 [1] 0 0 0 0 0 0 0 0 0 0 0 0


