$f
 [1] 42963.6250  3612.8576  1544.3003  1332.7465  1281.8715  1250.1823  1217.0469  1216.9288  1147.1250  1107.8490  1107.5087  1090.6910  1056.3993  1054.4479  1034.1719  1015.6997  1006.2812
[18]  1005.2986  1003.9792   997.8281   995.1962   994.0677   992.4705   989.2778   986.0938   980.5885   980.3854   980.2726   980.1701   980.1701

$x
          [,1]     [,2]      [,3]     [,4]     [,5]     [,6]     [,7]     [,8]     [,9]    [,10]
xbest 28.96078 239.8170 0.4434399 29.11572 286.3799 28.75710 24.39571 9.806139 6.879980 3.827517
xbest 20.00000 286.4178 0.1000000 17.23401 286.9280 48.00000 24.53572 2.000000 2.000000 1.200000
xbest 20.00000 206.4178 0.1000000 16.47229 286.9280 48.00000 24.53572 2.000000 2.150000 1.200000
xbest 20.00000 114.7710 0.1093261 17.06551 286.6639 48.00000 24.00000 6.627167 3.966622 1.430410
xbest 20.05373 152.5219 0.1091274 16.30984 286.6542 47.26799 24.09149 5.204130 2.752465 1.214925
xbest 20.00000 111.0934 0.1066679 17.26087 286.6433 48.00000 24.03581 6.859561 4.345612 1.405646
xbest 20.11237 110.0492 0.1038032 17.23985 286.5845 47.79940 24.00000 6.254642 5.453727 1.510817
xbest 20.34829 115.4485 0.1119351 17.24016 286.5585 45.95734 24.18985 6.274141 5.175994 1.382684
xbest 20.05365 124.8822 0.1047807 16.95554 286.6438 47.59759 24.05657 5.875586 4.498295 1.270625
xbest 20.04906 120.5805 0.1043171 16.88658 286.6631 47.43889 24.07622 5.760841 5.664583 1.276948
xbest 20.01316 115.0141 0.1042352 17.39769 286.6827 47.39445 24.06702 5.762745 5.997960 1.282447
xbest 20.50841 141.9315 0.1305862 17.07309 286.6972 46.85740 24.67872 5.589362 3.790487 2.006264
xbest 20.50841 141.9315 0.1080862 17.83481 286.7066 46.85740 24.75997 5.589362 3.822809 2.006264
xbest 20.29133 142.0318 0.1212804 16.73473 286.7071 47.10667 24.61899 5.654696 2.533852 1.344039
xbest 20.29133 142.0318 0.1212804 16.92223 286.7071 47.10667 24.61899 5.654696 2.533852 1.344039
xbest 20.22001 119.6704 0.1200047 17.17224 286.7069 47.00851 24.66992 5.599400 5.577026 1.478479
xbest 20.16761 119.6704 0.1200047 17.17879 286.7069 47.00851 24.66992 5.599400 5.583276 1.484417
xbest 20.15505 119.9518 0.1195595 17.20994 286.7019 47.01420 24.61488 5.592849 5.572041 1.477435
xbest 20.13518 120.5152 0.1196568 17.23895 286.7029 47.00117 24.57948 5.596002 5.572146 1.482181
xbest 20.13518 120.5152 0.1194810 17.25652 286.7029 47.00117 24.57948 5.595221 5.569021 1.485150
xbest 20.11830 122.1849 0.1243727 16.62079 286.7119 47.08118 24.66027 5.612377 5.773323 1.500370
xbest 20.11830 122.4974 0.1243727 16.62079 286.7119 47.08118 24.61964 5.612767 5.773323 1.503338
xbest 20.64338 105.9951 0.1197562 17.46184 286.7040 47.05925 24.68283 5.611026 6.080774 1.497369
xbest 20.64473 106.0987 0.1196966 17.46207 286.7044 47.05655 24.67828 5.610878 6.078233 1.498025
xbest 20.64473 106.2549 0.1196966 17.46207 286.7044 47.05655 24.67828 5.610878 6.078233 1.500994
xbest 20.47454 107.8679 0.1204318 17.47538 286.7151 47.07099 24.52730 5.608612 6.086590 1.497871
xbest 20.47432 105.0546 0.1242691 17.65783 286.7056 47.05752 24.68952 5.609806 6.087471 1.494888
xbest 20.46923 104.9743 0.1244413 17.71847 286.7057 47.06042 24.68924 5.610014 6.044275 1.494767
xbest 20.46923 104.9743 0.1244193 17.71847 286.7057 47.06042 24.68924 5.610014 6.044275 1.494767
xbest 20.46923 104.9743 0.1244193 17.71847 286.7057 47.06042 24.68924 5.610014 6.044275 1.494767

$time
elapsed elapsed elapsed elapsed elapsed elapsed elapsed elapsed elapsed elapsed elapsed elapsed elapsed elapsed elapsed elapsed elapsed elapsed elapsed elapsed elapsed elapsed elapsed elapsed elapsed 
   2.05    5.50    7.59   13.42   15.91   18.44   20.72   23.02   25.36   27.84   30.81   33.25   35.20   58.38   62.11   94.97   96.45  117.25  119.80  124.05  192.70  194.24  207.20  217.80  221.55 
elapsed elapsed elapsed elapsed elapsed 
 295.41  485.64  848.06  849.33  909.89 

$neval
 [1]   106   273   368   677   824   966  1105  1245  1384  1525  1662  1801  1915  3137  3345  4957  5046  6122  6262  6495 10168 10259 10928 11466 11681 15623 26321 46755 46829 50015

$fbest
[1] 980.1701

$xbest
 [1]  20.4692321 104.9742646   0.1244193  17.7184742 286.7056658  47.0604247  24.6892385   5.6100135   6.0442748   1.4947667

$numeval
[1] 50015

$end_crit
[1] 1

$cpu_time
elapsed 
 909.89 

$Refset
$Refset$x
          [,1]     [,2]      [,3]     [,4]     [,5]     [,6]     [,7]     [,8]     [,9]    [,10]
 [1,] 54.15766 202.9280 0.1958592 26.97754 286.0593 19.25131 33.97114 4.962708 6.756563 1.422004
 [2,] 20.47211 105.1708 0.1244480 17.67854 286.7063 47.05973 24.69044 5.609895 6.055055 1.494900
 [3,] 20.47138 105.1641 0.1244420 17.67884 286.7064 47.06011 24.69033 5.609979 6.055764 1.494825
 [4,] 20.47593 105.2755 0.1241251 17.67448 286.7067 47.05767 24.68993 5.610013 6.055973 1.495547
 [5,] 20.46742 105.2002 0.1244680 17.68191 286.7070 47.06027 24.68843 5.609990 6.055286 1.495084
 [6,] 20.47144 105.1905 0.1245354 17.67143 286.7063 47.06004 24.69347 5.610347 6.055384 1.494918
 [7,] 20.47290 105.0835 0.1244695 17.62152 286.7062 47.05455 24.69304 5.609892 6.111116 1.496157
 [8,] 20.46494 106.0299 0.1250234 17.57163 286.7093 47.06168 24.67861 5.606989 6.056212 1.497767
 [9,] 20.46743 105.1976 0.1244766 17.68110 286.7055 47.06030 24.68849 5.611079 6.055373 1.496291
[10,] 20.76367 107.7514 0.1154727 17.71468 286.7249 47.07732 24.69720 5.613578 6.067743 1.478907
[11,] 20.49282 104.9728 0.1272345 17.77773 286.7134 47.05917 24.66562 5.608802 6.055267 1.458297
[12,] 20.31139 105.6580 0.1261552 17.82070 286.7044 47.06163 24.49505 5.767981 5.833456 1.508017

$Refset$f
 [1] 1000000.0000     980.3854     980.3854     980.9410     980.9410     980.9410     982.6476     985.7292     981.5625    1070.3576    1046.9514    1151.2431

$Refset$fpen
 [1] 9.999975e+11 9.803854e+02 9.803854e+02 9.809410e+02 9.809410e+02 9.809410e+02 9.826476e+02 9.857292e+02 9.815625e+02 1.070358e+03 1.046951e+03 1.151243e+03

$Refset$const
              [,1]         [,2]         [,3]         [,4]         [,5]
 [1,] 1.000000e+06 1.000000e+06 1.000000e+06 1.000000e+06 1.000000e+06
 [2,] 1.162349e+01 2.994494e+01 1.832146e+01 1.521112e+00 2.343906e+00
 [3,] 1.162307e+01 2.994424e+01 1.832116e+01 1.521103e+00 2.343927e+00
 [4,] 1.161851e+01 2.994403e+01 1.832552e+01 1.521072e+00 2.344086e+00
 [5,] 1.162662e+01 2.994471e+01 1.831809e+01 1.521049e+00 2.344029e+00
 [6,] 1.161604e+01 2.994462e+01 1.832857e+01 1.521105e+00 2.344073e+00
 [7,] 1.151041e+01 2.988888e+01 1.837848e+01 1.521113e+00 2.344168e+00
 [8,] 1.151542e+01 2.994379e+01 1.842837e+01 1.520853e+00 2.344241e+00
 [9,] 1.162573e+01 2.994463e+01 1.831890e+01 1.521184e+00 2.343527e+00
[10,] 1.164694e+01 2.993226e+01 1.828532e+01 1.519466e+00 2.349963e+00
[11,] 1.172247e+01 2.994473e+01 1.822227e+01 1.520499e+00 2.344994e+00
[12,] 1.198725e+01 3.016654e+01 1.817930e+01 1.521405e+00 2.333107e+00

$Refset$penalty
 [1] 999996.5      0.0      0.0      0.0      0.0      0.0      0.0      0.0      0.0      0.0      0.0      0.0


