$f
 [1] 10852.174  2634.316  2181.549  2158.783  2123.014  2093.474  2088.922  2077.460  2071.245  2067.068  2067.045  2064.309  2063.043  2062.571  2062.321  2062.127  2062.028  2061.833  2061.748
[20]  2061.660  2059.354  2059.255  2058.335  2058.217  2056.227  2036.510  1994.062  1933.031  1912.670  1877.809  1870.375  1834.250  1823.082  1821.977  1818.092  1817.196  1814.997  1814.139
[39]  1813.694  1813.649  1811.538  1810.611  1809.960  1807.562  1807.514  1806.835  1806.554  1805.613  1805.031  1804.668  1804.639  1804.613  1804.286  1768.156  1752.153

$x
          [,1]     [,2]      [,3]     [,4]     [,5]     [,6]     [,7]     [,8]     [,9]    [,10]
xbest 23.03487 146.9582 0.2996939 23.11455 286.0883 40.86877 28.21677 5.334227 8.414112 3.723699
xbest 27.60179 104.9083 1.0000000 19.01411 286.3819 38.36470 24.02793 3.401012 6.204716 4.285872
xbest 27.60179 100.0000 0.9100000 15.00000 286.6819 38.36470 26.59920 2.141421 6.063295 5.000000
xbest 27.60179 100.0574 0.8723881 16.09894 286.7594 38.36470 26.08324 2.511148 6.009758 4.772402
xbest 27.59710 100.0490 0.9220815 15.93346 286.7509 38.39354 25.90280 2.695692 5.663151 4.911343
xbest 27.67014 100.6070 1.0000000 15.88763 286.7510 38.40517 25.89235 2.000000 5.668167 5.000000
xbest 27.62200 100.0000 0.9315912 16.46136 286.7442 38.37958 25.87548 2.016433 5.336852 4.746366
xbest 27.71539 100.5814 1.0000000 15.81845 286.7554 38.48638 25.78033 2.208662 5.671241 4.965696
xbest 27.71539 100.0000 1.0000000 15.81845 286.7554 38.48638 25.78033 2.208662 5.671241 4.965696
xbest 27.71320 101.5081 0.9907737 15.91170 286.7448 38.47680 25.76929 2.194970 5.197871 4.803247
xbest 27.70754 101.3534 0.9686867 15.88398 286.7482 38.47735 25.78992 2.194314 5.234574 4.814925
xbest 27.71309 100.2635 0.9874469 16.07428 286.7448 38.46997 25.76986 2.194164 5.171066 4.749763
xbest 27.71309 100.2635 1.0000000 16.07428 286.7448 38.46997 25.76986 2.194164 5.171066 4.749763
xbest 27.70762 101.0150 0.9981995 16.09263 286.7457 38.45741 25.82626 2.197288 5.079798 4.827808
xbest 27.70785 100.8327 0.9982684 16.11144 286.7448 38.45800 25.83249 2.196458 5.085540 4.823295
xbest 27.70504 101.2935 0.9983809 16.28884 286.7476 38.44827 25.88771 2.192062 4.921232 4.814461
xbest 27.70806 100.4249 0.9999628 16.18521 286.7426 38.45935 25.82790 2.195418 5.064158 4.793192
xbest 27.70893 100.5295 0.9974385 16.25048 286.7449 38.45317 25.86155 2.200126 5.028813 4.824440
xbest 27.70554 100.1802 0.9989293 16.20198 286.7436 38.51092 25.69913 2.198844 5.068431 4.799365
xbest 27.70550 100.0000 0.9993460 16.19197 286.7436 38.51643 25.68472 2.199037 5.084987 4.798759
xbest 27.70550 100.0000 0.9993460 16.19050 286.7431 38.51643 25.68472 2.205287 5.078737 4.798759
xbest 27.68737 100.0000 0.9994439 16.14670 286.7444 38.50428 25.72849 2.215981 5.215519 5.000000
xbest 27.68737 100.0000 0.9994439 16.14670 286.7444 38.50428 25.72849 2.222231 5.215519 5.000000
xbest 27.67511 100.0561 0.9991113 16.17045 286.7444 38.50921 25.70986 2.233256 5.171525 4.988427
xbest 27.67511 100.0000 0.9991113 16.17045 286.7444 38.50921 25.70986 2.233256 5.171525 4.988427
xbest 23.50578 105.2930 0.9979465 16.10567 286.7826 44.99529 25.47818 4.512665 5.661005 4.984052
xbest 23.50578 100.0000 1.0000000 16.01651 286.7826 44.99529 25.47818 4.532477 5.653631 4.833344
xbest 22.09396 117.7848 0.9186243 19.96440 286.7725 46.86397 24.53458 4.522765 2.834832 4.868115
xbest 22.46896 117.7848 0.9411243 19.63628 286.7725 46.86397 24.53458 4.529015 2.891082 4.868115
xbest 22.30722 116.6053 0.9390331 19.50325 286.7505 46.79873 24.87778 4.760475 2.851641 3.965512
xbest 22.40097 115.9803 1.0000000 19.50325 286.7505 46.79873 24.87778 4.760475 2.839141 3.965512
xbest 22.29034 116.7275 0.8940886 19.47961 286.7659 46.81939 24.78194 4.772936 2.856169 3.755835
xbest 22.24996 116.8292 0.8946962 19.50380 286.7712 46.79454 24.79640 4.778068 2.854386 3.697690
xbest 22.25483 116.8753 0.8947562 19.50455 286.7718 46.79872 24.79508 4.778679 2.853784 3.699745
xbest 22.25483 116.8753 0.9847562 19.50455 286.7718 46.79872 24.79508 4.778679 2.853784 3.699745
xbest 22.26104 116.5476 0.9128078 19.79719 286.7811 46.82624 24.71897 4.777432 2.851875 3.679323
xbest 22.13516 116.4443 0.8961726 20.17596 286.7710 46.82909 24.70573 4.778820 2.840933 3.692181
xbest 22.13516 116.4443 0.8961726 20.17670 286.7710 46.82909 24.74635 4.778820 2.840933 3.692181
xbest 22.12279 116.6016 0.9122626 20.20669 286.7711 46.83030 24.72590 4.778615 2.846819 3.701116
xbest 22.11032 116.4359 0.9144630 20.17028 286.7704 46.82908 24.72397 4.778638 2.846582 3.702672
xbest 22.05623 116.4185 0.9144690 20.50150 286.7687 46.82912 24.72457 4.778833 2.843204 3.702597
xbest 22.01257 116.5291 0.9224676 20.62774 286.7685 46.82905 24.73904 4.779060 2.842984 3.703159
xbest 21.95671 116.5069 0.9321961 20.81388 286.7657 46.82814 24.74412 4.779613 2.838611 3.705130
xbest 22.01504 115.2405 0.9961636 20.69564 286.7672 46.82861 24.72168 4.779773 2.838903 3.707651
xbest 22.00828 114.8282 1.0000000 20.70265 286.7669 46.82911 24.70703 4.779943 2.842440 3.701443
xbest 21.93890 114.4008 1.0000000 21.07789 286.7627 46.82920 24.70370 4.779994 2.834320 3.700909
xbest 21.98986 114.4142 1.0000000 20.91102 286.7615 46.82895 24.69685 4.779818 2.838316 3.701412
xbest 21.98986 114.4142 1.0000000 20.91102 286.7615 46.82895 24.69685 4.779818 2.841441 3.701412
xbest 21.98179 114.4076 1.0000000 20.93766 286.7640 46.82912 24.70910 4.779905 2.841166 3.701355
xbest 21.97288 113.7524 1.0000000 21.05296 286.7633 46.82918 24.70708 4.780118 2.840836 3.699997
xbest 21.96421 114.7770 0.9981150 20.95037 286.7647 46.82944 24.70748 4.780020 2.841782 3.702133
xbest 21.96616 114.7770 0.9972295 20.94698 286.7648 46.82944 24.70286 4.780045 2.842144 3.702240
xbest 21.92789 115.0548 0.9691535 20.82012 286.7156 46.91393 24.67259 5.154769 2.599809 2.905192
xbest 21.93375 100.0000 1.0000000 20.82012 286.7144 46.91393 24.67259 5.156332 2.574809 2.928942
xbest 21.93375 100.3125 1.0000000 20.05840 286.7098 46.91393 24.71321 5.156332 2.612309 2.928942

$time
elapsed elapsed elapsed elapsed elapsed elapsed elapsed elapsed elapsed elapsed elapsed elapsed elapsed elapsed elapsed elapsed elapsed elapsed elapsed elapsed elapsed elapsed elapsed elapsed elapsed 
   1.56    4.54    6.70    9.28   14.00   16.17   24.48   28.95   30.17   46.87   64.65   67.07   79.32   84.48   99.76  102.15  108.07  114.60  119.01  123.17  129.00  143.67  154.20  202.42  203.60 
elapsed elapsed elapsed elapsed elapsed elapsed elapsed elapsed elapsed elapsed elapsed elapsed elapsed elapsed elapsed elapsed elapsed elapsed elapsed elapsed elapsed elapsed elapsed elapsed elapsed 
 290.84  293.14  379.46  381.35  436.62  438.12  446.81  453.79  458.79  462.04  487.84  528.46  529.79  539.20  543.76  545.96  550.50  553.09  563.37  570.46  574.93  577.34  578.42  580.79  605.21 
elapsed elapsed elapsed elapsed elapsed 
 623.00  631.12  637.23  649.68  838.60 

$neval
 [1]   106   271   405   558   848   989  1549  1832  1906  2861  3874  4010  4768  5049  5877  6013  6355  6762  7030  7299  7658  8476  9086 11789 11863 17038 17177 22377 22489 25755 25846 26386
[33] 26806 27081 27293 28781 31315 31394 31940 32218 32354 32631 32771 33384 33791 34067 34208 34281 34423 35852 36926 37410 37820 38608 50097

$fbest
[1] 1752.153

$xbest
 [1]  21.933748 100.312500   1.000000  20.058397 286.709756  46.913929  24.713211   5.156332   2.612309   2.928942

$numeval
[1] 50097

$end_crit
[1] 1

$cpu_time
elapsed 
  838.6 

$Refset
$Refset$x
          [,1]     [,2]      [,3]     [,4]     [,5]     [,6]     [,7]     [,8]     [,9]    [,10]
 [1,] 21.97778 114.2463 0.9843758 20.90965 286.7520 46.83249 24.72346 4.780620 2.874705 3.696878
 [2,] 21.97854 114.2430 0.9843119 20.90807 286.7523 46.83233 24.72433 4.780639 2.874553 3.696871
 [3,] 21.97709 114.2543 0.9845033 20.91208 286.7523 46.83220 24.72330 4.780570 2.875049 3.696833
 [4,] 21.97842 114.2322 0.9839749 20.90808 286.7518 46.83276 24.72317 4.780665 2.874582 3.696776
 [5,] 21.97855 114.2414 0.9846448 20.90830 286.7509 46.83237 24.72208 4.780627 2.873138 3.696141
 [6,] 21.97914 114.2079 0.9841034 20.90859 286.7520 46.83264 24.72242 4.780761 2.874307 3.696828
 [7,] 21.97749 114.2577 0.9849203 20.90924 286.7526 46.83181 24.72364 4.780675 2.875760 3.697574
 [8,] 21.97828 114.2462 0.9844850 20.90920 286.7519 46.83219 24.72320 4.780575 2.873545 3.696812
 [9,] 21.97797 114.2441 0.9843679 20.90937 286.7519 46.83231 24.72264 4.780613 2.874444 3.696869
[10,] 21.97768 114.2423 0.9844456 20.91122 286.7520 46.83255 24.72270 4.780647 2.873583 3.696770
[11,] 21.97690 114.2450 0.9848558 20.91406 286.7526 46.83227 24.72287 4.780632 2.874801 3.696366
[12,] 21.97776 114.2463 0.9843756 20.90948 286.7521 46.83249 24.72346 4.780620 2.874659 3.696878

$Refset$f
 [1] 1803.951 1803.951 1803.951 1803.951 1803.951 1803.951 1803.951 1803.951 1803.951 1803.951 1803.951 1803.951

$Refset$fpen
 [1] 1803.951 1803.951 1803.951 1803.951 1803.951 1803.951 1803.951 1803.951 1803.951 1803.951 1803.951 1803.951

$Refset$const
          [,1]     [,2]     [,3]     [,4]     [,5]
 [1,] 18.03494 33.12529 15.09035 1.516916 2.367227
 [2,] 18.03352 33.12545 15.09193 1.516884 2.367396
 [3,] 18.03703 33.12495 15.08792 1.516889 2.367329
 [4,] 18.03350 33.12542 15.09192 1.516931 2.367151
 [5,] 18.03516 33.12686 15.09170 1.517013 2.366798
 [6,] 18.03429 33.12569 15.09141 1.516920 2.367160
 [7,] 18.03348 33.12424 15.09076 1.516859 2.367471
 [8,] 18.03566 33.12646 15.09080 1.516927 2.367184
 [9,] 18.03493 33.12556 15.09063 1.516930 2.367142
[10,] 18.03764 33.12642 15.08878 1.516919 2.367180
[11,] 18.03925 33.12520 15.08594 1.516866 2.367396
[12,] 18.03482 33.12534 15.09052 1.516911 2.367246

$Refset$penalty
 [1] 0 0 0 0 0 0 0 0 0 0 0 0


