$f
 [1] 2308.031 2125.837 1616.675 1613.872 1595.057 1570.021 1561.938 1535.799 1455.852 1443.276 1440.977 1405.262 1390.288 1378.714 1370.776 1324.441 1322.311 1313.391 1309.800 1306.608 1296.474
[22] 1293.981 1281.014 1278.434 1278.354 1278.083 1277.587 1276.231 1275.950 1275.762 1275.568 1275.375 1275.205 1275.030 1274.955 1274.439 1273.188 1265.550 1263.212 1259.585 1258.059 1257.920
[43] 1257.406 1257.280 1257.274 1257.066 1256.733 1256.083 1254.847 1254.016 1254.007 1253.875 1253.720 1253.720

$x
          [,1]     [,2]      [,3]     [,4]     [,5]     [,6]     [,7]     [,8]     [,9]    [,10]
xbest 20.05768 442.6712 0.4912539 20.35332 285.1723 26.27342 25.53612 5.854788 3.790479 3.737341
xbest 22.28663 337.6247 0.2130062 18.68731 285.4838 34.73755 27.18944 4.632467 2.903444 3.027402
xbest 22.28663 330.9840 0.4574945 18.68731 286.0088 34.73755 27.29100 3.887936 5.053444 5.000000
xbest 21.04796 394.6627 0.2317837 21.53235 286.5838 36.19142 27.50494 4.285834 2.044891 4.816548
xbest 21.69776 336.0305 0.4589156 18.12446 286.0221 36.44664 26.66231 3.892497 5.075854 5.000000
xbest 22.92917 357.0907 0.7151238 22.38362 286.7413 37.50278 24.00000 5.838072 2.000000 4.953168
xbest 22.28418 339.7486 0.4618432 17.81082 286.1529 36.58658 27.37434 3.943977 5.209995 3.418038
xbest 21.68961 328.3278 0.4612778 18.66703 286.0743 36.54163 26.49749 3.941346 5.201960 4.451155
xbest 21.48803 362.7732 0.8260658 21.04406 286.6130 37.35651 24.82602 5.877870 2.637639 4.958355
xbest 21.77158 351.3208 0.9842630 20.74790 286.6186 37.48009 24.69110 7.256265 2.784072 4.970091
xbest 21.68820 355.7047 0.9780553 22.05880 286.6078 37.86232 24.90388 6.922508 2.335403 4.968928
xbest 21.67456 356.4138 0.9807415 22.42236 286.6079 37.94339 24.72806 6.923789 2.070727 4.971732
xbest 21.67456 356.5700 1.0000000 21.97119 286.6079 37.94339 24.72806 6.923789 2.067602 4.971732
xbest 21.46623 366.1441 0.9947266 20.84653 286.5731 36.90818 25.33370 7.254556 2.812282 4.708370
xbest 21.97608 363.0515 0.7203260 20.64820 286.6675 37.64987 24.57193 7.323770 2.477462 4.339443
xbest 21.97608 363.1297 0.9913867 20.64820 286.6675 37.64987 24.53130 7.323770 2.777462 4.339443
xbest 22.07511 359.1730 0.8405477 21.09375 286.6340 37.45387 24.91549 5.854931 3.245119 4.722386
xbest 22.07511 358.5480 1.0000000 21.09375 286.6340 37.45387 24.91549 5.854931 3.220119 4.722386
xbest 21.88266 359.1503 0.8560168 21.14779 286.6711 37.32277 25.21884 5.846705 2.990689 4.841225
xbest 21.87812 365.7530 0.8737354 21.33533 286.6299 37.45093 24.90468 5.864910 2.845285 4.753026
xbest 21.73556 360.8512 0.8582713 21.33842 286.7093 37.38324 25.30272 5.840840 2.844022 4.903734
xbest 21.92105 351.2129 0.8103438 21.12755 286.6372 37.38915 25.08311 5.847809 3.334683 4.766530
xbest 21.94797 344.5853 0.8022884 21.14347 286.6166 37.39913 24.97089 5.847769 3.376309 4.717029
xbest 21.93625 344.5853 0.8022884 21.14347 286.6354 37.39913 24.97089 5.847769 3.376309 4.717029
xbest 21.81865 360.9584 0.8963719 21.33771 286.7027 37.41301 25.21625 5.840608 3.139504 4.797799
xbest 21.81786 362.1785 0.8882232 21.33325 286.7025 37.41148 25.22285 5.839287 3.133521 4.840645
xbest 21.89263 362.0102 0.8809677 21.29867 286.6959 37.40730 25.17844 5.839463 3.097480 4.807847
xbest 21.84317 361.0055 0.9876633 21.35328 286.7014 37.40581 25.22047 5.839861 3.137468 4.835948
xbest 21.88381 360.5452 0.9815833 21.32029 286.7026 37.41092 25.22593 5.839155 3.148127 4.824658
xbest 21.86177 361.1215 0.9944677 21.33694 286.7021 37.40780 25.21799 5.840082 3.135130 4.834913
xbest 21.87426 362.0110 0.9767210 21.31692 286.7009 37.40930 25.21311 5.839284 3.110876 4.820682
xbest 21.87757 360.5937 0.9887297 21.31092 286.7037 37.41319 25.22957 5.839115 3.161389 4.822864
xbest 21.86427 360.0547 0.9791644 21.32414 286.7021 37.40985 25.21762 5.839617 3.177259 4.835707
xbest 21.86404 360.2502 0.9806348 21.33615 286.7020 37.40858 25.21693 5.839677 3.161406 4.835567
xbest 22.03534 363.1760 0.9637847 20.36925 286.6885 37.40921 25.20899 5.843937 3.535377 4.781264
xbest 22.03534 363.1955 0.9637847 20.36925 286.6885 37.40921 25.20899 5.843937 3.535377 4.781264
xbest 22.03604 363.1561 0.9678832 20.21508 286.6902 37.40931 25.20723 5.844297 3.773568 4.767950
xbest 22.06482 363.7665 0.9590859 19.54039 286.6851 37.40923 25.20725 5.845011 4.317336 4.736149
xbest 22.07175 361.8612 0.9563829 19.47174 286.6844 37.40898 25.20751 5.844641 4.429743 4.737667
xbest 22.11818 359.2415 0.9718571 19.40374 286.6895 37.40811 25.19951 5.841750 4.594736 4.819845
xbest 22.11818 359.2415 0.9943571 19.40447 286.6895 37.40811 25.19951 5.841750 4.594736 4.819845
xbest 21.93112 357.7128 0.9758011 19.33476 286.6973 37.40723 25.19844 5.840900 4.765431 4.821350
xbest 21.97502 358.9479 0.9711788 19.36118 286.6924 37.40767 25.19949 5.841574 4.653757 4.820987
xbest 21.99277 363.1475 0.9681321 19.50793 286.6926 37.40811 25.20689 5.842587 4.374810 4.812666
xbest 21.90893 359.8367 0.9765356 19.32650 286.6971 37.40615 25.19322 5.841152 4.742132 4.832137
xbest 21.96723 362.6957 0.9669232 19.42810 286.6934 37.40798 25.20545 5.843036 4.470819 4.806510
xbest 22.05494 362.3326 0.9677874 19.42032 286.6899 37.40794 25.20151 5.842688 4.456013 4.815713
xbest 21.82252 359.7500 0.9778229 19.26887 286.6966 37.40547 25.18985 5.841272 4.770013 4.826973
xbest 21.83509 360.1803 0.9812795 19.21869 286.6984 37.40582 25.18996 5.841123 4.842274 4.830056
xbest 21.83509 360.1803 0.9812795 19.21869 286.6984 37.40582 25.18996 5.841123 4.839149 4.830056
xbest 21.96174 361.3025 0.9749308 19.27597 286.6895 37.40817 25.20690 5.842549 4.654395 4.808234
xbest 21.96086 361.0281 0.9781299 19.25643 286.6896 37.40846 25.20712 5.842367 4.682848 4.808418
xbest 21.96807 360.9367 0.9785196 19.27971 286.6870 37.41298 25.17930 5.843721 4.657320 4.800334
xbest 21.96807 360.9367 0.9785196 19.27971 286.6870 37.41298 25.17930 5.843721 4.657320 4.800334

$time
elapsed elapsed elapsed elapsed elapsed elapsed elapsed elapsed elapsed elapsed elapsed elapsed elapsed elapsed elapsed elapsed elapsed elapsed elapsed elapsed elapsed elapsed elapsed elapsed elapsed 
   1.89    5.04    8.03   10.67   13.84   16.43   18.89   21.22   23.64   26.18   28.64   33.29   35.25   47.47   54.43   61.32   96.53   98.03  110.43  112.90  115.28  120.06  123.18  124.61  198.34 
elapsed elapsed elapsed elapsed elapsed elapsed elapsed elapsed elapsed elapsed elapsed elapsed elapsed elapsed elapsed elapsed elapsed elapsed elapsed elapsed elapsed elapsed elapsed elapsed elapsed 
 204.67  207.23  220.15  239.28  267.92  275.61  308.81  343.81  368.98  579.59  580.84  583.28  590.84  600.76  605.87  607.40  614.78  617.04  620.04  622.54  624.98  627.37  629.90  632.18  633.56 
elapsed elapsed elapsed elapsed 
 670.32  679.23  862.89  929.26 

$neval
 [1]   106   260   427   575   721   862  1002  1141  1282  1422  1560  1838  1948  2634  3034  3416  5299  5389  6077  6217  6358  6629  6769  6847 10822 11159 11296 11970 12990 14545 14949 16784
[33] 18598 19893 31289 31362 31499 31910 32451 32726 32805 33210 33344 33481 33619 33758 33893 34027 34164 34238 36152 36627 46559 50063

$fbest
[1] 1253.72

$xbest
 [1]  21.9680680 360.9366793   0.9785196  19.2797147 286.6869541  37.4129795  25.1793018   5.8437210   4.6573204   4.8003337

$numeval
[1] 50063

$end_crit
[1] 1

$cpu_time
elapsed 
 929.26 

$Refset
$Refset$x
          [,1]     [,2]      [,3]     [,4]     [,5]     [,6]     [,7]     [,8]     [,9]    [,10]
 [1,] 21.96829 360.9798 0.9716588 19.27535 286.6876 37.41282 25.17919 5.843710 4.658696 4.804080
 [2,] 21.96856 360.9757 0.9729333 19.27930 286.6875 37.41286 25.17893 5.843696 4.657921 4.803774
 [3,] 21.97454 360.8276 0.9722801 19.27605 286.6873 37.41307 25.17888 5.843454 4.658099 4.805948
 [4,] 21.97505 360.8294 0.9734098 19.27539 286.6872 37.41290 25.17885 5.843584 4.658316 4.805665
 [5,] 21.96853 360.9006 0.9717041 19.27556 286.6876 37.41279 25.17913 5.843696 4.658626 4.804286
 [6,] 22.01157 360.9174 0.9677427 19.27963 286.6856 37.39687 25.17924 5.840668 4.670936 4.808926
 [7,] 22.53489 334.9013 0.9389500 19.27776 286.6998 37.36037 25.29575 5.839583 4.806269 4.774284
 [8,] 21.96896 359.8638 0.9734435 19.27663 286.6748 37.40106 25.18870 5.847805 4.651206 4.802517
 [9,] 22.00200 360.9564 0.9710227 19.18779 286.6932 37.40262 25.16947 5.837528 4.676761 4.804103
[10,] 21.09919 357.6803 0.8606136 19.26126 286.6849 38.92272 25.18304 5.463524 4.866205 4.737613
[11,] 22.66400 323.0208 0.9701346 19.45224 286.6481 37.28431 25.18094 5.902776 4.669708 4.789782
[12,] 21.81135 346.9668 1.0000000 19.35103 286.6316 37.24487 29.07838 6.636512 6.678482 4.979052

$Refset$f
 [1] 1253.720 1253.720 1253.870 1253.870 1253.870 1254.686 1279.783 1266.688 1266.939 1427.330 1407.613 2416.443

$Refset$fpen
 [1] 1253.720 1253.720 1253.870 1253.870 1253.870 1254.686 1279.783 1266.688 1266.939 1427.330 1407.613 3686.278

$Refset$const
          [,1]     [,2]     [,3]     [,4]     [,5]
 [1,] 14.61665 31.34130 16.72465 1.510087 2.742604
 [2,] 14.62138 31.34208 16.72070 1.510106 2.742516
 [3,] 14.61795 31.34190 16.72395 1.510129 2.742420
 [4,] 14.61708 31.34168 16.72461 1.510141 2.742383
 [5,] 14.61693 31.34137 16.72444 1.510088 2.742597
 [6,] 14.60870 31.32906 16.72037 1.510278 2.742669
 [7,] 14.47149 31.19373 16.72224 1.508157 2.760012
 [8,] 14.62542 31.34879 16.72337 1.511468 2.738909
 [9,] 14.51103 31.32324 16.81221 1.509472 2.744595
[10,] 14.39505 31.13380 16.73874 1.513729 2.663445
[11,] 14.78253 31.33029 16.54776 1.514207 2.734212
[12,] 12.67255 29.32152 16.64897 1.498730 3.083767

$Refset$penalty
 [1] 0.000000000 0.000000000 0.000000000 0.000000000 0.000000000 0.000000000 0.000000000 0.000000000 0.000000000 0.000000000 0.000000000 0.001269835


