$f
 [1] 12672.9514  1651.7135  1400.2934  1349.7622  1295.4722  1243.9931  1242.3906  1211.7847  1157.7899  1141.4201  1103.5347  1078.5312  1066.8559  1062.6736  1040.4948  1033.4549   948.5556
[18]   866.6215   865.7639   858.9236   762.3385   761.0885   759.4722   759.4722

$x
          [,1]     [,2]      [,3]     [,4]     [,5]     [,6]     [,7]     [,8]     [,9]    [,10]
xbest 24.79000 337.0400 0.2529000 17.72000 285.5400 45.67000 29.49000 2.970000 2.000000 2.690000
xbest 20.56862 174.8552 0.1608552 19.55881 286.7142 48.00000 32.26590 3.328947 3.394322 5.000000
xbest 20.56862 179.8942 0.1649013 20.30881 286.7454 47.20000 31.61084 2.928947 4.089090 4.966151
xbest 20.19921 152.0248 0.4125213 23.07229 286.7594 46.00383 28.57097 4.491666 4.164140 4.587203
xbest 20.22814 137.4439 0.4430932 25.62938 286.7538 45.61883 28.37418 4.382708 4.163157 4.308967
xbest 20.22429 161.7614 0.4341472 25.29664 286.7113 45.92024 27.36196 4.657115 3.618155 4.669997
xbest 20.06981 192.2117 0.2461636 20.83951 286.7141 43.42851 29.32121 2.327599 5.148685 4.564271
xbest 20.00000 192.2117 0.2121427 20.83951 286.7235 43.24031 29.32121 2.430550 5.223685 4.516771
xbest 21.96538 112.9197 1.0000000 20.17862 286.7849 46.00410 28.37710 4.136091 7.902678 3.581043
xbest 21.85277 100.0000 0.8319974 20.31773 286.7940 46.16614 27.41385 4.129145 8.422738 3.901446
xbest 21.79001 109.2471 0.9547673 20.27166 286.7690 45.73806 27.21425 4.020516 8.245315 4.025126
xbest 21.78679 108.7623 0.9547673 20.25468 286.7690 45.63806 27.25445 4.019659 8.245315 4.132001
xbest 21.00753 103.8350 0.9298451 19.42578 286.8018 46.13448 27.01333 5.088608 9.569474 4.279794
xbest 21.00753 103.8350 0.8398451 19.42578 286.8018 46.13448 26.85083 5.088608 9.569474 4.279794
xbest 21.18488 103.1176 0.9257839 19.69392 286.8154 46.15331 26.94902 4.835009 9.390984 4.146858
xbest 21.18488 103.1176 0.9932839 19.69392 286.8154 46.15331 26.78652 4.835009 9.390984 4.146858
xbest 20.37623 105.3349 0.9360217 19.20036 286.8753 46.24928 27.05340 7.366719 9.382215 4.487311
xbest 20.37416 104.3974 1.0000000 19.13691 286.8753 46.34928 26.89090 7.384397 9.329182 4.520898
xbest 20.21999 105.8831 0.9150029 19.51409 286.8207 46.84649 26.86752 7.867507 8.983151 4.363610
xbest 20.21999 105.8831 0.8200000 19.51994 286.8207 46.85899 26.86752 7.867507 8.983151 4.363610
xbest 20.15593 102.0159 0.8941382 19.75009 286.8231 47.01939 26.74135 7.875092 9.142000 4.501246
xbest 20.21266 100.6998 0.9179747 19.77318 286.8154 46.98400 26.81937 7.877962 8.936966 4.533773
xbest 20.14596 102.4337 0.9030554 19.75919 286.8225 46.99697 26.76461 7.875762 9.012507 4.506190
xbest 20.14596 102.4337 0.9030554 19.75919 286.8225 46.99697 26.76461 7.875762 9.012507 4.506190

$time
elapsed elapsed elapsed elapsed elapsed elapsed elapsed elapsed elapsed elapsed elapsed elapsed elapsed elapsed elapsed elapsed elapsed elapsed elapsed elapsed elapsed elapsed elapsed elapsed 
   1.58    4.41    7.46   11.91   14.02   16.02   20.35   30.57   38.57   46.50   48.60   52.47   90.38   91.46  109.83  112.86  116.96  135.54  175.85  177.14  186.80  191.00  196.72  714.72 

$neval
 [1]   106   268   446   749   896  1039  1315  2013  2553  3096  3230  3501  5944  6028  7250  7467  7733  8932 11764 11859 12546 12816 13219 50079

$fbest
[1] 759.4722

$xbest
 [1]  20.1459602 102.4336793   0.9030554  19.7591922 286.8225319  46.9969687  26.7646069   7.8757623   9.0125074   4.5061902

$numeval
[1] 50079

$end_crit
[1] 1

$cpu_time
elapsed 
 714.72 

$Refset
$Refset$x
          [,1]     [,2]      [,3]     [,4]     [,5]     [,6]     [,7]     [,8]     [,9]    [,10]
 [1,] 20.53053 103.1547 0.9178256 20.00063 286.8422 46.24002 27.13577 7.472355 8.913487 4.208090
 [2,] 20.52858 103.1451 0.9178626 20.00503 286.8425 46.24096 27.13676 7.472430 8.913388 4.206896
 [3,] 20.52896 103.1408 0.9178586 20.00558 286.8427 46.24091 27.13642 7.472419 8.912722 4.206511
 [4,] 20.52910 103.1770 0.9174697 20.00063 286.8423 46.24053 27.14019 7.472376 8.913335 4.208516
 [5,] 20.52902 103.1416 0.9178179 20.00445 286.8424 46.24179 27.13548 7.472369 8.913387 4.205519
 [6,] 20.52895 103.1405 0.9178962 20.00460 286.8428 46.24063 27.15657 7.472418 8.913065 4.205954
 [7,] 20.52913 103.1713 0.9177087 20.00096 286.8423 46.24028 27.13963 7.472407 8.913338 4.208100
 [8,] 20.53032 102.3782 0.9129216 20.00251 286.8423 46.24413 27.12363 7.472573 8.889513 4.207745
 [9,] 20.61693 103.1348 0.9122575 19.70733 286.8442 46.30513 27.14338 7.473259 8.920326 4.261265
[10,] 20.08597 115.2566 0.8284228 21.65346 286.8090 42.21140 24.04283 7.555639 8.118706 4.139432
[11,] 20.69405 102.4130 0.9127674 19.99878 286.8087 43.32854 27.84717 7.499960 8.917719 4.177047
[12,] 20.18283 111.4237 0.8652840 20.29916 286.8141 44.25481 24.80598 7.927420 8.602338 4.192545

$Refset$f
 [1] 812.5069 812.5069 812.5069 812.5069 812.5069 812.5069 812.5069 819.3316 858.0122 909.4722 885.3108 973.5399

$Refset$fpen
 [1] 812.5069 812.5069 812.5069 812.5069 812.5069 812.5069 812.5069 819.3316 858.0122 909.4722 885.3108 973.5399

$Refset$const
          [,1]     [,2]     [,3]     [,4]     [,5]
 [1,] 11.08715 27.08651 15.99937 1.503876 2.553446
 [2,] 11.09164 27.08661 15.99497 1.503847 2.553576
 [3,] 11.09286 27.08728 15.99442 1.503825 2.553642
 [4,] 11.08729 27.08666 15.99937 1.503858 2.553723
 [5,] 11.09106 27.08661 15.99555 1.503862 2.553428
 [6,] 11.09154 27.08694 15.99540 1.503773 2.554876
 [7,] 11.08762 27.08666 15.99904 1.503855 2.553712
 [8,] 11.11300 27.11049 15.99749 1.503903 2.552602
 [9,] 10.78700 27.07967 16.29267 1.503737 2.552416
[10,] 13.53475 27.88129 14.34654 1.508829 2.494300
[11,] 11.08106 27.08228 16.00122 1.500789 2.699768
[12,] 11.69682 27.39766 15.70084 1.509085 2.472263

$Refset$penalty
 [1] 0 0 0 0 0 0 0 0 0 0 0 0


