$f
 [1] 5890.200 2104.896 1822.401 1797.948 1789.370 1596.842 1453.753 1435.859 1182.255 1175.714 1173.457 1172.852 1168.427 1168.260 1166.500 1166.458 1166.063 1165.915 1165.757 1165.172 1164.953
[22] 1164.806 1164.576 1162.769 1162.333 1162.253 1162.049 1161.852 1161.734 1161.368 1161.365 1161.203 1161.172 1160.861 1160.806 1160.644 1160.644

$x
          [,1]     [,2]      [,3]     [,4]     [,5]     [,6]     [,7]      [,8]     [,9]    [,10]
xbest 21.86208 253.4940 0.9675655 20.68948 286.0014 33.04757 28.16597  4.346123 8.592416 2.060153
xbest 25.55309 100.0000 0.1000000 23.47580 285.7166 34.04525 30.68505  2.374573 6.043083 2.670587
xbest 25.55309 100.0000 0.1225000 23.38205 286.0541 34.04525 30.68505  2.474573 6.343083 3.003087
xbest 30.39665 100.0000 0.1000000 19.59832 286.4032 35.99893 32.07941  2.000000 7.595744 3.757993
xbest 20.13677 259.0585 0.6852678 21.32977 286.4882 35.61720 24.33192  6.019561 5.149887 3.220942
xbest 20.34050 118.4222 0.7273831 16.08219 286.8398 48.00000 26.38939 10.000000 7.960517 4.772447
xbest 24.01871 108.1159 0.5481399 19.26609 286.4851 36.40971 24.62108  7.309080 9.429585 3.595500
xbest 20.10276 115.2761 1.0000000 15.64133 286.9101 48.00000 24.45443 10.000000 9.395909 4.953490
xbest 20.00000 115.2761 0.4754416 15.64133 286.9101 48.00000 26.29291 10.000000 9.113066 4.953490
xbest 25.49222 110.3649 0.5657147 19.03291 286.4440 36.18665 24.23501  6.818648 7.897531 3.073212
xbest 25.49222 110.2868 0.5432147 19.03584 286.4440 36.19290 24.23501  6.818648 7.897531 3.073212
xbest 25.67368 106.9955 0.5516313 19.08167 286.4449 36.17081 24.24604  6.818888 7.946941 3.055635
xbest 25.67368 106.9955 0.5291313 19.09339 286.4449 36.17081 24.24604  6.818106 7.934441 3.067510
xbest 25.66046 105.9084 0.5319830 19.08847 286.4443 36.16950 24.24146  6.818727 7.989400 3.057666
xbest 25.61359 105.9084 0.5094830 19.08847 286.4443 36.16950 24.24146  6.818727 7.989400 3.060634
xbest 25.67203 105.7557 0.5280038 19.07975 286.4444 36.17027 24.24598  6.819101 7.999207 3.060846
xbest 25.54098 107.4581 0.5177262 19.02389 286.4437 36.16890 24.23718  6.819174 7.996942 3.059122
xbest 25.54683 107.4581 0.5177262 19.02389 286.4437 36.16890 24.23718  6.819174 7.996942 3.059122
xbest 25.55478 107.5950 0.5229750 19.02158 286.4439 36.16968 24.23671  6.818977 7.982042 3.059153
xbest 25.54568 107.5190 0.5183032 19.02398 286.4436 36.16911 24.23696  6.819072 7.998105 3.059125
xbest 25.54240 107.6522 0.5215994 19.02236 286.4439 36.16975 24.23692  6.818984 7.987829 3.059139
xbest 25.55767 107.3132 0.5190944 19.02262 286.4438 36.16974 24.23618  6.818946 7.998068 3.059908
xbest 25.54640 107.0824 0.5178082 19.03357 286.4438 36.16991 24.23569  6.819055 8.029615 3.058602
xbest 25.54640 107.0824 0.5403082 19.03357 286.4438 36.16991 24.23569  6.819055 8.029615 3.057118
xbest 25.57908 107.0269 0.5493456 19.03586 286.4403 36.16822 24.22325  6.818326 8.019015 3.076027
xbest 25.57730 107.0530 0.5527806 19.03671 286.4413 36.16857 24.22082  6.818103 8.022395 3.075255
xbest 25.57730 107.0335 0.5527806 19.03671 286.4413 36.16857 24.22082  6.818103 8.022395 3.075255
xbest 25.56873 107.0326 0.5407256 19.03368 286.4422 36.16838 24.22931  6.818079 8.026532 3.074214
xbest 25.56611 107.1087 0.5604617 19.05607 286.4433 36.16931 24.22958  6.817822 8.025114 3.074220
xbest 25.56325 107.1175 0.5622645 19.05762 286.4428 36.16948 24.22770  6.817682 8.027540 3.075460
xbest 25.56262 107.1674 0.5754140 19.07087 286.4431 36.17013 24.22779  6.817566 8.027642 3.075523
xbest 25.56243 106.8025 0.5869439 19.12015 286.4432 36.16953 24.22913  6.817447 8.028882 3.075844
xbest 25.56641 107.1138 0.5708430 19.06521 286.4427 36.16979 24.22493  6.817775 8.026183 3.075471
xbest 25.56477 107.1317 0.5741172 19.06503 286.4427 36.16969 24.22181  6.817788 8.026076 3.075297
xbest 25.56402 106.9283 0.5715913 19.06623 286.4427 36.17202 24.22151  6.818040 8.038018 3.071114
xbest 25.56383 106.8426 0.5703197 19.06513 286.4428 36.17158 24.22018  6.818103 8.045253 3.070301
xbest 25.56383 106.8426 0.5703197 19.06513 286.4428 36.17158 24.22018  6.818103 8.045253 3.070301

$time
elapsed elapsed elapsed elapsed elapsed elapsed elapsed elapsed elapsed elapsed elapsed elapsed elapsed elapsed elapsed elapsed elapsed elapsed elapsed elapsed elapsed elapsed elapsed elapsed elapsed 
   2.06    5.52    7.83   10.92   13.13   15.28   17.36   19.42   31.13  111.80  113.13  143.55  145.33  173.58  174.84  273.16  330.31  331.36  339.91  342.08  346.86  351.24  439.64  440.81  552.77 
elapsed elapsed elapsed elapsed elapsed elapsed elapsed elapsed elapsed elapsed elapsed elapsed 
 581.14  582.27  586.53  600.39  604.75  610.42  626.92  629.25  648.63  776.36  779.72  800.75 

$neval
 [1]   106   264   389   539   680   824   964  1102  1873  6887  6978  8877  8973 10737 10821 17033 20718 20791 21329 21464 21733 22002 27703 27781 34910 36613 36687 36956 37768 38046 38387 39330
[33] 39468 40644 48719 48926 50015

$fbest
[1] 1160.644

$xbest
 [1]  25.5638280 106.8425660   0.5703197  19.0651316 286.4428285  36.1715805  24.2201793   6.8181028   8.0452526   3.0703011

$numeval
[1] 50015

$end_crit
[1] 1

$cpu_time
elapsed 
 800.75 

$Refset
$Refset$x
           [,1]        [,2]        [,3]     [,4]       [,5]      [,6]       [,7]       [,8]      [,9]    [,10]
 [1,]  25.56383 106.8425660   0.5703197 19.06513 286.442829  36.17158 24.2201793   6.818103  8.045253 3.070301
 [2,]  25.56388 106.9171026   0.5741506 19.06939 286.442241  36.16795 24.2238278   6.818034  8.041804 3.076286
 [3,]  25.56402   0.5715913 286.4427471 24.22151   8.038018  25.56402  0.5715913 286.442747 24.221512 8.038018
 [4,] 106.92831  19.0662267  36.1720250  6.81804   3.071114 106.92831 19.0662267  36.172025  6.818040 3.071114
 [5,]  25.56426 107.1062442   0.5731782 19.06336 286.442560  36.16960 24.2247440   6.817917  8.027389 3.075224
 [6,]  25.56384 107.1350656   0.5723639 19.06581 286.444869  36.17321 24.2218386   6.818090  8.022993 3.074671
 [7,]  25.56490 106.8891179   0.5722501 19.06467 286.442548  36.16965 24.2247298   6.817967  8.042892 3.073600
 [8,]  25.56495 107.1620854   0.5729239 19.05459 286.442554  36.16932 24.2240860   6.817990  8.028490 3.075826
 [9,]  25.56475 107.1035030   0.5732259 19.06347 286.442572  36.16949 24.2244732   6.817910  8.026469 3.075170
[10,]  25.56573 106.9924685   0.5627348 19.06506 286.442704  36.16965 24.2221240   6.817852  8.026607 3.072340
[11,]  25.55048 100.0000000   0.5941245 19.06199 286.351168  35.98492 24.4650568   6.809362  7.908992 2.891169
[12,]  25.25425 129.1895731   0.7076584 20.41111 285.991427  33.28942 24.3387143   7.802978  8.058283 4.860772

$Refset$f
 [1] 1160.644 1160.644 1160.806 1160.806 1160.861 1160.861 1160.644 1160.861 1160.861 1161.368 1324.052 2343.460

$Refset$fpen
 [1] 1160.644 1160.644 1160.806 1160.806 1160.861 1160.861 1160.644 1160.861 1160.861 1161.368 1324.052 2343.460

$Refset$const
          [,1]      [,2]      [,3]      [,4]     [,5]
 [1,] 11.01988 27.954747 16.934868  1.537677 2.640933
 [2,] 11.02758 27.958196 16.930612  1.537725 2.641219
 [3,] 11.02821 16.933773  2.640988 27.961982 1.537683
 [4,] 27.96198  1.537683 11.028209 16.933773 2.640988
 [5,] 11.03597 27.972611 16.936640  1.537690 2.641316
 [6,] 11.04281 27.977007 16.934195  1.537451 2.641691
 [7,] 11.02178 27.957108 16.935333  1.537692 2.641307
 [8,] 11.02610 27.971510 16.945409  1.537692 2.641275
 [9,] 11.03700 27.973531 16.936527  1.537689 2.641304
[10,] 11.03845 27.973393 16.934940  1.537682 2.641151
[11,] 11.15300 28.091008 16.938010  1.546797 2.639650
[12,] 12.35282 27.941717 15.588895  1.583535 2.679284

$Refset$penalty
 [1] 0 0 0 0 0 0 0 0 0 0 0 0


