$f
 [1] 9156.3576 1308.9861  353.2899  247.2101  239.5833  225.1910  223.3611  195.9219  195.3056  194.4479  193.4809  193.0417  192.8611  192.7708  192.7292  192.5642  192.5069  192.0486  191.9358
[20]  191.8976  191.8385  189.6024  189.1059  188.8437  188.7517  188.6771  188.5712  188.4115  188.3160

$x
          [,1]     [,2]      [,3]     [,4]     [,5]     [,6]     [,7]     [,8]     [,9]    [,10]
xbest 24.79000 337.0400 0.2529000 17.72000 285.5400 45.67000 29.49000 2.970000 2.000000 2.690000
xbest 20.00000 338.7537 0.1123994 15.03161 285.2879 48.00000 24.00000 2.000000 2.000000 1.327384
xbest 20.00000 317.9214 0.1000000 20.24499 286.6675 48.00000 24.00000 2.147906 2.347409 1.259318
xbest 20.27429 294.2402 0.1112637 19.52374 286.6416 37.02477 24.62863 2.298342 6.540089 1.721464
xbest 20.11193 281.3957 0.1000000 19.50866 286.6677 37.47352 24.83493 2.000000 6.689287 1.200000
xbest 20.10398 279.0180 0.1000000 19.67277 286.6746 37.07214 24.59319 2.013614 6.597864 1.200000
xbest 20.09019 278.5640 0.1007046 19.85885 286.6874 37.07891 24.46252 2.084601 6.617425 1.295259
xbest 20.09019 278.5640 0.1000000 19.85739 286.6692 37.07891 24.50314 2.259601 6.617425 1.226977
xbest 20.00438 275.6417 0.1001007 20.63172 286.6442 37.08566 24.55149 2.319782 6.165417 1.210472
xbest 20.00438 275.6417 0.1001007 20.63172 286.6442 37.08566 24.55149 2.319782 6.171667 1.219378
xbest 20.00207 275.0870 0.1000340 20.63571 286.6442 37.08575 24.55155 2.323301 6.162246 1.209996
xbest 20.03951 307.0943 0.1002283 20.93807 286.6205 36.84496 24.10121 2.320278 4.751040 1.200000
xbest 20.00358 275.1898 0.1012696 20.63913 286.6442 37.06813 24.55034 2.273788 6.168636 1.228588
xbest 20.00532 275.1854 0.1004641 20.62142 286.6442 37.07020 24.55132 2.317574 6.166616 1.210080
xbest 20.00552 275.1860 0.1001694 20.61265 286.6442 37.07007 24.55154 2.343586 6.166662 1.204403
xbest 20.00552 275.1860 0.1001694 20.61265 286.6442 37.07007 24.55154 2.349836 6.166662 1.204403
xbest 20.02163 278.1068 0.1001405 20.93057 286.6337 36.86424 24.51981 2.312035 5.837154 1.205203
xbest 20.02317 278.1090 0.1001569 20.92179 286.6344 36.86726 24.52407 2.312348 5.842512 1.207612
xbest 20.02317 278.1090 0.1002448 20.92179 286.6344 36.86726 24.52407 2.306098 5.842512 1.207612
xbest 20.01614 277.5544 0.1001835 20.81250 286.6227 36.86926 24.46937 2.268602 5.952933 1.218314
xbest 20.01614 277.5544 0.1001835 20.81250 286.6227 36.86926 24.46937 2.268602 5.956058 1.218314
xbest 20.01634 277.5192 0.1001962 20.83128 286.6268 36.86617 24.47923 2.243689 5.945636 1.219378
xbest 20.01634 277.4411 0.1000000 20.83128 286.6268 36.86617 24.47923 2.243689 5.945636 1.219378
xbest 20.01480 276.2827 0.1001994 20.87457 286.6258 36.86646 24.51247 2.246815 5.953522 1.217322
xbest 20.01206 276.8756 0.1001875 20.84971 286.6269 36.86564 24.51281 2.247136 5.953507 1.217217
xbest 20.01206 276.8756 0.1001875 20.84971 286.6269 36.86564 24.55344 2.247136 5.953507 1.217217
xbest 20.01228 276.4310 0.1000794 20.84895 286.6299 36.85998 24.61354 2.262943 5.967757 1.206369
xbest 20.00642 276.4310 0.1000794 20.84895 286.6299 36.85998 24.61354 2.262943 5.967757 1.206369
xbest 20.00642 276.4310 0.1000794 20.84895 286.6299 36.85998 24.61354 2.262943 5.967757 1.205627

$time
elapsed elapsed elapsed elapsed elapsed elapsed elapsed elapsed elapsed elapsed elapsed elapsed elapsed elapsed elapsed elapsed elapsed elapsed elapsed elapsed elapsed elapsed elapsed elapsed elapsed 
   1.97    5.30    8.56   25.19   27.77   30.27   35.53   37.69   74.14   75.66   85.58   95.64   98.16  104.63  114.39  128.02  138.08  140.58  155.31  200.58  201.91  209.66  229.38  300.49  350.85 
elapsed elapsed elapsed elapsed 
 352.11  393.36  394.72  934.13 

$neval
 [1]   106   265   446  1330  1474  1613  1901  2021  3962  4044  4591  5132  5267  5605  6142  6882  7426  7564  8318 10623 10696 11104 12143 15956 18588 18661 20862 20936 50113

$fbest
[1] 188.316

$xbest
 [1]  20.0064240 276.4309696   0.1000794  20.8489520 286.6299495  36.8599828  24.6135364   2.2629433   5.9677570   1.2056265

$numeval
[1] 50113

$end_crit
[1] 1

$cpu_time
elapsed 
 934.13 

$Refset
$Refset$x
          [,1]     [,2]      [,3]     [,4]     [,5]     [,6]     [,7]     [,8]     [,9]    [,10]
 [1,] 20.01651 276.1354 0.1001261 20.87137 286.6296 36.85725 24.59547 2.262809 5.959979 1.207141
 [2,] 20.01511 276.1795 0.1001292 20.87038 286.6306 36.85904 24.60882 2.262403 5.959610 1.206740
 [3,] 20.01652 276.1002 0.1001101 20.86678 286.6295 36.85213 24.59065 2.263026 5.964465 1.205216
 [4,] 20.01843 275.9451 0.1001223 20.87935 286.6295 36.85745 24.59546 2.262836 5.959584 1.206792
 [5,] 20.01681 276.1958 0.1001204 20.86850 286.6296 36.85815 24.59910 2.262456 5.960119 1.207346
 [6,] 20.01523 276.1904 0.1001402 20.86695 286.6296 36.85890 24.59993 2.262861 5.962202 1.207196
 [7,] 20.01667 276.1994 0.1001336 20.86483 286.6295 36.85431 24.59484 2.262272 5.962896 1.206352
 [8,] 20.01656 276.1516 0.1001031 20.89639 286.6302 36.85066 24.62755 2.263130 5.939920 1.206096
 [9,] 20.01671 276.2323 0.1001272 20.86849 286.6301 36.85837 24.60374 2.261979 5.959106 1.207189
[10,] 20.01725 276.3044 0.1001232 20.86758 286.6292 36.86022 24.59881 2.262965 5.965281 1.207542
[11,] 20.01392 276.2125 0.1001365 20.85781 286.6303 36.85707 24.63052 2.262570 5.966380 1.206515
[12,] 20.01508 278.4379 0.1000802 20.76642 286.6211 36.79252 24.58759 2.299778 5.952190 1.201808

$Refset$f
 [1] 188.5712 188.5712 188.5712 188.5712 188.5712 188.5712 188.5712 188.6771 188.5712 189.6181 188.7691 193.4635

$Refset$fpen
 [1] 188.5712 188.5712 188.5712 188.5712 188.5712 188.5712 188.5712 188.6771 188.5712 189.6181 188.7691 193.4635

$Refset$const
          [,1]     [,2]     [,3]     [,4]     [,5]
 [1,] 14.91139 30.04002 15.12863 1.517318 2.702553
 [2,] 14.91077 30.04039 15.12962 1.517159 2.703951
 [3,] 14.90231 30.03554 15.13322 1.517332 2.702406
 [4,] 14.91977 30.04042 15.12065 1.517329 2.702507
 [5,] 14.90838 30.03988 15.13150 1.517303 2.702815
 [6,] 14.90475 30.03780 15.13305 1.517297 2.702859
 [7,] 14.90193 30.03710 15.13517 1.517320 2.702638
 [8,] 14.95647 30.06008 15.10361 1.517117 2.705801
 [9,] 14.90938 30.04089 15.13151 1.517228 2.703389
[10,] 14.90230 30.03472 15.13242 1.517354 2.702523
[11,] 14.89143 30.03362 15.14219 1.517116 2.705713
[12,] 14.81423 30.04781 15.23358 1.518134 2.702209

$Refset$penalty
 [1] 0 0 0 0 0 0 0 0 0 0 0 0


