$f
 [1] 41500.0729  2910.6458  2045.0677  1417.6997  1235.0538   982.5694   980.4375   973.7500   946.0694   868.4062   853.3924   835.9792   749.0712   729.7639   707.0486   693.0347   689.3715
[18]   669.1962   668.9913   667.9201   660.6597   659.5938   657.3229   656.6337   655.8438   655.8090   655.6944   655.1858   654.7083   648.3247   645.9948   644.4531   644.2049   643.7031
[35]   643.3420   642.3299   639.8125   639.6684   639.2413   638.3785   637.3576   636.3472   635.9896   634.7622   634.2917   634.2465   633.3646   633.3003   632.9392   632.5069   632.3663
[52]   632.1684   631.7361   631.7031   630.1198   629.3472   628.4896   627.9149   626.4219   626.0434   625.9167   625.6632   625.6181   625.4913   625.3490   625.3490

$x
          [,1]     [,2]      [,3]     [,4]     [,5]     [,6]     [,7]      [,8]     [,9]    [,10]
xbest 24.79000 337.0400 0.2529000 17.72000 285.5400 45.67000 29.49000  2.970000 2.000000 2.690000
xbest 20.00000 140.1167 0.1048441 16.10869 285.7076 48.00000 33.13105  2.272220 2.000000 2.499498
xbest 20.00000 120.1167 0.1000000 20.60869 286.3076 48.00000 31.99601  5.472220 3.007434 2.500433
xbest 20.00000 100.0000 0.4402436 15.00000 286.2300 39.93560 24.00000 10.000000 4.636195 5.000000
xbest 20.00000 122.3244 0.1000000 25.43605 286.3989 44.10016 24.00000  6.458361 2.000000 3.759035
xbest 20.00000 100.8335 0.1009366 22.78934 286.5935 43.54195 29.25401  7.193022 2.643801 1.704122
xbest 20.02217 108.2821 0.1018876 23.02104 286.5990 43.17392 28.24708  7.206341 2.507749 1.803426
xbest 20.02073 110.1981 0.1017145 23.04272 286.6023 42.95401 28.31791  7.206266 2.514043 1.837532
xbest 20.02629 109.3384 0.1032366 23.66949 286.6054 43.07186 28.37200  7.198837 2.522078 1.828161
xbest 20.01834 106.6651 0.1066050 23.56403 286.6521 43.12459 28.31403  7.218777 2.520111 1.895519
xbest 20.01940 106.5453 0.1068673 23.61416 286.6499 43.16184 28.32296  7.227954 2.520034 1.875893
xbest 20.01940 106.5453 0.1068673 23.61416 286.6499 43.16184 28.11984  7.227954 2.495034 1.875893
xbest 20.01324 113.5802 0.1292623 21.98230 286.5558 44.24641 25.17020  7.752203 2.542153 2.945027
xbest 20.00000 113.5802 0.1285592 21.97934 286.5558 44.24641 25.19067  7.752203 2.570107 2.945027
xbest 20.54980 114.8921 0.1252079 20.61953 286.5183 44.41558 24.93497  7.774060 2.094996 2.746841
xbest 20.54980 114.8921 0.1252079 20.61953 286.5184 44.41558 24.93497  7.774060 2.107496 2.746841
xbest 20.21948 106.4296 0.1268825 21.62165 286.5395 44.40709 25.08603  7.769603 2.120937 2.762599
xbest 20.21948 106.4296 0.1268825 22.35993 286.5395 44.40709 25.09618  7.769603 2.033437 2.762599
xbest 20.34386 101.7970 0.1287819 22.44852 286.5369 44.39808 25.07102  7.769504 2.130953 2.759280
xbest 20.34972 101.7580 0.1287819 22.44852 286.5369 44.39808 25.07102  7.769504 2.130953 2.759280
xbest 20.33882 103.8858 0.1283384 22.03300 286.5410 44.40681 25.07179  7.770671 2.157777 2.758506
xbest 20.33798 103.4119 0.1292604 22.05209 286.5410 44.40681 25.06959  7.770451 2.158134 2.758291
xbest 20.34816 102.4010 0.1310358 22.08657 286.5425 44.40407 25.06663  7.770150 2.161000 2.758071
xbest 20.32452 103.7768 0.1342275 21.80297 286.5353 44.41116 25.05974  7.771861 2.086826 2.759435
xbest 20.32452 103.7768 0.1342275 21.80297 286.5353 44.41116 25.05974  7.771861 2.093076 2.759435
xbest 20.31235 103.3364 0.1303923 22.06592 286.5393 44.41317 25.05652  7.770976 2.140566 2.758974
xbest 20.31392 103.5835 0.1300933 22.01778 286.5385 44.41346 25.05702  7.771243 2.144749 2.759109
xbest 20.31208 103.6397 0.1300468 22.02381 286.5385 44.41306 25.05444  7.771240 2.148262 2.759203
xbest 20.31208 103.6397 0.1300248 22.02381 286.5385 44.41306 25.05444  7.771240 2.148262 2.759203
xbest 20.32787 104.3265 0.1320578 21.81271 286.5426 44.42152 25.04790  7.771860 2.123297 2.739624
xbest 20.32787 104.3265 0.1320578 21.81271 286.5426 44.42152 25.04790  7.771860 2.135797 2.739624
xbest 20.32794 104.2815 0.1318978 21.84788 286.5416 44.42505 25.04786  7.771860 2.125193 2.741237
xbest 20.33380 104.2424 0.1318978 21.84788 286.5416 44.42505 25.04786  7.771860 2.125193 2.741237
xbest 20.32794 104.2816 0.1318389 21.86219 286.5414 44.42539 25.04787  7.771839 2.125501 2.740813
xbest 20.31562 103.2355 0.1318343 22.03861 286.5410 44.42522 25.04647  7.771858 2.095792 2.741259
xbest 20.38365 105.3855 0.1318407 21.55782 286.5419 44.42399 25.05186  7.770913 2.447147 2.741093
xbest 20.33820 104.8447 0.1318006 21.89549 286.5415 44.42430 25.05031  7.771910 2.358934 2.740913
xbest 20.30554 104.6096 0.1317705 22.13530 286.5413 44.42459 25.05029  7.772260 2.326766 2.740818
xbest 20.31008 104.4456 0.1317812 22.20788 286.5414 44.42421 25.05078  7.772203 2.300182 2.740687
xbest 20.27619 104.3463 0.1317372 22.22432 286.5414 44.42518 25.05065  7.772286 2.309067 2.740996
xbest 20.30936 104.4673 0.1317606 22.15876 286.5413 44.42456 25.05007  7.772260 2.334063 2.740822
xbest 20.25776 104.4637 0.1317050 22.34584 286.5413 44.42438 25.05251  7.772275 2.265093 2.740260
xbest 20.30696 104.4890 0.1317767 22.03283 286.5414 44.42388 25.05017  7.772165 2.434601 2.740873
xbest 20.28704 104.1324 0.1317943 21.90411 286.5412 44.42281 25.05369  7.772394 2.593699 2.741025
xbest 20.29275 104.0269 0.1317953 21.92588 286.5412 44.42371 25.05315  7.772305 2.583764 2.741065
xbest 20.29275 104.0269 0.1317953 21.92588 286.5412 44.42371 25.05315  7.772305 2.586889 2.741065
xbest 20.30275 103.7673 0.1317922 22.00700 286.5413 44.42380 25.05189  7.771873 2.537797 2.741126
xbest 20.29703 103.3848 0.1317958 22.13034 286.5413 44.42342 25.05273  7.772207 2.486063 2.741245
xbest 20.30275 103.7309 0.1317926 21.97830 286.5413 44.42381 25.05180  7.771882 2.564255 2.741181
xbest 20.30974 103.5718 0.1318275 21.96333 286.5412 44.42197 25.04942  7.771648 2.584786 2.741303
xbest 20.31939 103.3131 0.1318567 21.96208 286.5413 44.42071 25.04779  7.771665 2.598336 2.741318
xbest 20.31336 102.7449 0.1322487 21.99572 286.5413 44.42159 25.04794  7.771723 2.615625 2.741160
xbest 20.31336 102.7058 0.1322487 21.99718 286.5413 44.42159 25.04794  7.771723 2.618750 2.741160
xbest 20.31236 102.5098 0.1324394 22.00221 286.5413 44.42166 25.04739  7.771735 2.627092 2.741132
xbest 20.30637 101.6610 0.1335287 22.01958 286.5413 44.42163 25.04772  7.771705 2.677804 2.741135
xbest 20.30623 101.5356 0.1340654 21.96595 286.5412 44.42221 25.04772  7.771745 2.714708 2.741138
xbest 20.30933 100.7431 0.1338207 21.97742 286.5414 44.42138 25.04335  7.771657 2.794689 2.741247
xbest 20.30347 100.7431 0.1338207 21.97742 286.5414 44.42138 25.04335  7.771657 2.794689 2.741247
xbest 20.30803 100.0693 0.1343694 21.96464 286.5414 44.41920 25.04656  7.771680 2.859273 2.741073
xbest 20.30803 100.0498 0.1343694 21.96464 286.5414 44.41920 25.04656  7.771680 2.859273 2.741073
xbest 20.30922 100.0000 0.1342841 21.95776 286.5415 44.41735 25.04592  7.771666 2.873123 2.740900
xbest 20.30834 100.0296 0.1342294 21.96055 286.5414 44.42004 25.04631  7.771702 2.869388 2.740968
xbest 20.30754 100.0089 0.1343461 21.96603 286.5414 44.42043 25.04592  7.771697 2.863351 2.741001
xbest 20.30833 100.0000 0.1343187 21.95969 286.5414 44.42061 25.04626  7.771708 2.869404 2.740972
xbest 20.30675 100.0018 0.1343625 21.97113 286.5414 44.42077 25.04589  7.771697 2.860190 2.741013
xbest 20.30675 100.0018 0.1343625 21.97113 286.5414 44.42077 25.04589  7.771697 2.860190 2.741013

$time
elapsed elapsed elapsed elapsed elapsed elapsed elapsed elapsed elapsed elapsed elapsed elapsed elapsed elapsed elapsed elapsed elapsed elapsed elapsed elapsed elapsed elapsed elapsed elapsed elapsed 
   2.10    5.60    7.96   11.21   13.80   18.63   20.92   25.86   28.17   30.78   33.22   34.69   65.72   67.77  131.60  133.60  158.50  160.11  231.39  232.66  241.08  243.72  251.32  256.38  260.13 
elapsed elapsed elapsed elapsed elapsed elapsed elapsed elapsed elapsed elapsed elapsed elapsed elapsed elapsed elapsed elapsed elapsed elapsed elapsed elapsed elapsed elapsed elapsed elapsed elapsed 
 277.11  284.77  287.46  288.74  365.53  366.85  393.25  394.64  400.02  505.52  510.07  520.64  523.38  525.83  528.36  531.08  534.07  542.94  573.07  586.17  589.99  595.42  597.92  600.57  610.86 
elapsed elapsed elapsed elapsed elapsed elapsed elapsed elapsed elapsed elapsed elapsed elapsed elapsed elapsed elapsed elapsed 
 628.96  669.96  671.38  676.96  681.96  696.88  715.28  728.03  765.92  767.02  782.58  785.13  787.63  802.22  847.10  937.44 

$neval
 [1]   106   274   410   571   715  1004  1143  1418  1556  1699  1836  1920  3526  3642  7040  7122  8478  8576 12419 12497 12910 13052 13460 13734 13940 14758 15165 15304 15378 19484 19560 20929
[33] 21007 21287 27014 27220 27763 27902 28041 28182 28325 28463 28936 30490 31173 31387 31672 31812 31951 32492 33491 35754 35837 36112 36386 37196 38077 38691 40872 40946 41768 41905 42041 42793
[65] 45312 50139

$fbest
[1] 625.349

$xbest
 [1]  20.3067462 100.0018354   0.1343625  21.9711301 286.5414029  44.4207690  25.0458902   7.7716966   2.8601903   2.7410126

$numeval
[1] 50139

$end_crit
[1] 1

$cpu_time
elapsed 
 937.44 

$Refset
$Refset$x
          [,1]     [,2]      [,3]     [,4]     [,5]     [,6]     [,7]     [,8]     [,9]    [,10]
 [1,] 20.30836 100.0033 0.1343141 21.95773 286.5413 44.41967 25.04644 7.771760 2.868107 2.740952
 [2,] 20.30828 100.0049 0.1347595 21.95653 286.5414 44.41708 25.04806 7.771738 2.870952 2.741445
 [3,] 20.31482 100.0107 0.1351472 21.79218 286.5413 44.41961 25.04636 7.772112 2.950525 2.740855
 [4,] 20.31964 100.1190 0.1343274 21.95189 286.5414 44.42321 25.04650 7.771761 2.862433 2.740953
 [5,] 20.30477 100.0040 0.1342932 21.96320 286.5413 44.42232 25.04624 7.771968 2.868673 2.740840
 [6,] 20.30826 100.0445 0.1343155 21.95674 286.5413 44.42025 25.04642 7.771611 2.867356 2.739825
 [7,] 20.31242 100.0069 0.1343102 21.95860 286.5418 44.41823 25.04640 7.771453 2.866029 2.740784
 [8,] 20.30497 100.0046 0.1339034 21.98748 286.5415 44.42283 25.04262 7.771738 2.867540 2.740143
 [9,] 20.31259 100.0047 0.1350994 21.90552 286.5416 44.41605 25.05229 7.771903 2.813173 2.741275
[10,] 20.30849 100.0131 0.1346634 21.89615 286.5414 44.43091 25.04776 7.772127 2.878665 2.740940
[11,] 20.29631 100.0061 0.1292037 22.65297 286.5411 44.42275 25.05015 7.676346 2.836224 2.715258
[12,] 20.39401 101.6492 0.1064436 22.00467 286.7286 43.35368 24.60233 8.018867 3.778440 2.331298

$Refset$f
 [1]  625.9462  627.4618  627.7847  627.8351  626.3576  631.5365  631.5365  633.6250  633.4236  630.1684  754.2118 1501.7031

$Refset$fpen
 [1]  625.9462  627.4618  627.7847  627.8351  626.3576  631.5365  631.5365  633.6250  633.4236  630.1684  754.2118 1501.7031

$Refset$const
          [,1]     [,2]     [,3]     [,4]     [,5]
 [1,] 19.08962 33.13189 14.04227 1.534741 2.387525
 [2,] 19.08558 33.12905 14.04347 1.534736 2.387710
 [3,] 18.84166 33.04948 14.20782 1.534745 2.387508
 [4,] 19.08946 33.13757 14.04811 1.534740 2.387425
 [5,] 19.09453 33.13133 14.03680 1.534747 2.387412
 [6,] 19.08938 33.13264 14.04326 1.534745 2.387493
 [7,] 19.09257 33.13397 14.04140 1.534699 2.387712
 [8,] 19.11994 33.13246 14.01252 1.534734 2.387245
 [9,] 19.09235 33.18683 14.09448 1.534714 2.388044
[10,] 19.01749 33.12134 14.10385 1.534741 2.387252
[11,] 19.81675 33.16378 13.34703 1.534760 2.387566
[12,] 18.22623 32.22156 13.99533 1.516831 2.459685

$Refset$penalty
 [1] 0 0 0 0 0 0 0 0 0 0 0 0


