$f
 [1] 48258.547  2180.835  1607.448  1536.993  1464.528  1364.979  1356.373  1268.280  1219.988  1209.378  1193.908  1168.708  1165.184  1137.686  1137.615  1137.587  1137.587

$x
          [,1]     [,2]      [,3]     [,4]     [,5]     [,6]     [,7]     [,8]     [,9]    [,10]
xbest 24.79000 337.0400 0.2529000 17.72000 285.5400 45.67000 29.49000 2.970000 2.000000 2.690000
xbest 20.00000 209.0518 0.4355077 25.10647 286.1820 27.81694 24.92640 2.000000 2.367164 1.671813
xbest 20.00000 189.0518 0.1000000 24.70785 286.1820 27.86733 24.27640 2.012597 2.050389 2.503617
xbest 20.00000 183.5196 0.1000000 24.90797 286.3222 28.87023 24.21549 3.807207 2.000000 2.439688
xbest 20.00000 179.0537 0.1000000 24.86430 286.3783 30.09187 24.16381 5.512978 2.000000 2.605016
xbest 20.00757 162.3669 0.1000000 25.21839 286.3925 30.88412 24.00000 7.116066 2.000000 2.807359
xbest 20.00669 163.2247 0.1000000 24.84371 286.3808 30.88308 24.10666 6.847483 2.213844 2.777528
xbest 20.00004 159.4774 0.1098708 24.94260 286.3956 29.77081 24.38512 6.835746 2.112792 2.985906
xbest 20.01876 166.6212 0.1207710 24.39074 286.3818 29.60630 24.51228 6.848583 2.024435 2.817838
xbest 20.01876 166.6212 0.1000000 24.39074 286.3818 29.60630 24.51228 6.848583 2.011935 2.817838
xbest 20.03224 162.5824 0.1003038 25.07647 286.3792 30.05835 24.20043 6.877416 2.086862 2.833122
xbest 20.00117 156.9283 0.1039334 24.90911 286.3893 29.56365 24.45554 6.945636 2.060219 2.729361
xbest 20.00131 157.3529 0.1069952 24.80388 286.3916 29.52898 24.50465 6.963128 2.042926 2.729813
xbest 20.00000 157.3529 0.1238702 24.80388 286.3916 29.52898 24.50465 6.963128 2.000000 2.729813
xbest 20.02620 133.0961 0.1012675 27.75832 286.3836 29.98849 24.29932 6.872005 2.085087 2.836064
xbest 20.02551 133.0984 0.1012745 27.76210 286.3836 29.98880 24.29790 6.871939 2.084070 2.836540
xbest 20.02551 133.0984 0.1012745 27.76210 286.3836 29.98880 24.29790 6.871939 2.084070 2.836540

$time
elapsed elapsed elapsed elapsed elapsed elapsed elapsed elapsed elapsed elapsed elapsed elapsed elapsed elapsed elapsed elapsed elapsed 
   2.00    5.98    8.41   16.25   18.73   21.47   26.44   28.83   31.80   35.61   43.22   45.86   58.81   63.58  363.23  385.17  889.39 

$neval
 [1]   106   292   432   882  1030  1172  1452  1592  1731  1949  2370  2507  3193  3428 20144 21288 50004

$fbest
[1] 1137.587

$xbest
 [1]  20.0255150 133.0984194   0.1012745  27.7621030 286.3836220  29.9887985  24.2978967   6.8719387   2.0840697   2.8365400

$numeval
[1] 50004

$end_crit
[1] 1

$cpu_time
elapsed 
 889.39 

$Refset
$Refset$x
          [,1]     [,2]      [,3]     [,4]     [,5]     [,6]     [,7]     [,8]     [,9]    [,10]
 [1,] 20.03539 133.0421 0.1010003 27.75885 286.3837 29.99071 24.29790 6.871971 2.086296 2.835899
 [2,] 20.03327 133.0510 0.1012164 27.75654 286.3835 29.99067 24.29373 6.872080 2.085963 2.836133
 [3,] 20.02837 132.9758 0.1011312 27.76135 286.3838 29.98942 24.29880 6.872031 2.091381 2.835584
 [4,] 20.02666 133.0415 0.1011196 27.76141 286.3837 29.98999 24.29622 6.872121 2.088721 2.834567
 [5,] 20.01962 132.9842 0.1011366 27.76509 286.3838 29.99129 24.29614 6.872112 2.093970 2.833787
 [6,] 20.03732 132.8499 0.1011756 27.78091 286.3836 29.99069 24.29620 6.872030 2.083046 2.834659
 [7,] 20.03302 133.0010 0.1010238 27.76107 286.3837 29.99066 24.29778 6.871989 2.089349 2.835880
 [8,] 20.03020 133.0387 0.1012177 27.76497 286.3835 29.98910 24.29585 6.872058 2.084489 2.836089
 [9,] 20.03539 133.0421 0.1010011 27.75885 286.3837 29.99071 24.29790 6.871971 2.086296 2.835900
[10,] 20.02841 133.1286 0.1011035 27.75741 286.3843 29.99050 24.29776 6.872121 2.084907 2.834877
[11,] 20.03656 132.6674 0.1011683 27.80783 286.3837 29.98221 24.29092 6.872049 2.083680 2.848986
[12,] 20.01595 125.5549 0.1019075 27.80711 286.3685 31.06755 24.18847 6.872534 2.074411 2.886551

$Refset$f
 [1] 1137.587 1137.587 1137.587 1137.587 1137.587 1137.587 1137.587 1137.587 1137.587 1138.050 1140.075 1263.616

$Refset$fpen
 [1] 1137.587 1137.587 1137.587 1137.587 1137.587 1137.587 1137.587 1137.587 1137.587 1138.050 1140.075 1263.616

$Refset$const
          [,1]     [,2]     [,3]     [,4]     [,5]
 [1,] 25.67255 33.91370 8.241151 1.524293 3.088316
 [2,] 25.67058 33.91404 8.243459 1.524336 3.087733
 [3,] 25.66997 33.90862 8.238652 1.524266 3.088613
 [4,] 25.67269 33.91128 8.238594 1.524298 3.088183
 [5,] 25.67112 33.90603 8.234909 1.524286 3.088099
 [6,] 25.69787 33.91695 8.219089 1.524314 3.088067
 [7,] 25.67172 33.91065 8.238935 1.524284 3.088335
 [8,] 25.68048 33.91551 8.235027 1.524323 3.088140
 [9,] 25.67255 33.91370 8.241150 1.524293 3.088315
[10,] 25.67250 33.91509 8.242589 1.524212 3.088582
[11,] 25.72415 33.91632 8.192175 1.524294 3.088303
[12,] 25.73270 33.92559 8.192890 1.531873 2.965237

$Refset$penalty
 [1] 0 0 0 0 0 0 0 0 0 0 0 0


