$f
 [1] 14308.2309  1705.4722  1457.1076  1252.9427  1244.0312  1207.2274  1190.9913  1168.9913  1125.5712  1121.0903  1076.3021  1073.9115  1059.6736  1040.6389  1035.9028  1019.1979  1016.1649
[18]   968.0764   967.9965   963.0365   963.0191   961.9306   957.6146   957.6059   957.4462   957.2118   957.1944   956.5434   946.8872   944.7222   936.6997   934.6701   926.5156   923.0035
[35]   915.2569   884.4167   853.5139   853.5139

$x
          [,1]     [,2]      [,3]     [,4]     [,5]     [,6]     [,7]     [,8]     [,9]    [,10]
xbest 25.97343 121.8620 0.2419843 25.09521 286.4311 42.41435 36.97725 2.637332 7.979804 1.776037
xbest 22.30031 178.2645 0.1514977 18.73197 285.8476 43.66134 24.00000 2.000000 2.000000 1.921198
xbest 22.30031 179.3320 0.1000000 20.75605 286.0351 43.66134 24.00502 2.001544 2.027951 1.917878
xbest 20.50385 200.4991 0.1246408 19.72924 286.8294 43.94741 27.24869 3.053768 3.303401 1.839475
xbest 25.34620 114.7437 0.8821171 17.72849 286.5454 35.57167 24.00000 3.351669 9.901926 2.347971
xbest 21.83389 177.4192 0.1043895 20.57281 286.0335 40.51610 24.50434 2.583331 3.578204 1.918821
xbest 20.80934 117.0398 0.5636788 18.38531 286.3650 39.93912 27.01115 3.469427 9.057774 2.552398
xbest 21.62422 190.1837 0.1000000 20.50405 286.0446 40.53840 24.93893 2.431987 3.275215 2.172604
xbest 21.93048 178.0451 0.1000000 21.24145 286.0350 40.56344 24.97803 2.588643 3.297957 1.360978
xbest 21.93048 178.0451 0.1000000 21.24145 286.0350 40.56344 24.97803 2.576143 3.297957 1.360978
xbest 20.48231 141.2602 0.1000000 20.67984 286.7151 37.40919 24.69979 2.084487 7.979203 2.189156
xbest 20.00000 133.1252 0.1000000 21.39507 286.6890 37.23842 24.40166 2.000768 8.232861 2.192993
xbest 20.05660 151.9209 0.1000000 20.79225 286.6613 37.34206 24.11713 3.023560 7.534930 2.076158
xbest 20.00000 151.9209 0.1000000 20.79225 286.6613 37.34206 24.11713 3.048560 7.459930 2.123658
xbest 20.23089 142.5269 0.1017593 21.58074 286.6293 36.94533 24.73043 2.353889 7.380030 1.862202
xbest 20.21917 142.5269 0.1028112 21.58074 286.6082 36.94533 24.77105 2.378889 7.380030 1.844390
xbest 20.41898 100.0000 0.1082013 21.56296 286.1025 41.20061 25.26715 2.565215 8.733273 1.584183
xbest 20.00000 100.0000 0.1000000 21.53952 286.1025 41.20061 25.26715 2.665215 8.933273 1.584554
xbest 20.11850 154.9206 0.1008183 21.11854 286.5840 37.06713 24.17067 3.455318 7.054938 2.013645
xbest 20.11850 154.9206 0.1010669 21.11440 286.5840 37.06713 24.17067 3.474068 7.042438 2.013645
xbest 20.11950 153.1128 0.1014685 21.23289 286.5603 37.02213 24.18352 3.474430 7.052390 1.988329
xbest 20.11950 153.1128 0.1014685 21.23289 286.5603 37.02213 24.18352 3.480680 7.052390 1.988329
xbest 20.09262 154.3553 0.1012216 21.23663 286.5684 37.08037 24.13159 3.469865 7.000017 1.997695
xbest 20.09447 154.3706 0.1012193 21.23906 286.5699 37.07436 24.15870 3.468957 6.998175 1.997881
xbest 20.09512 154.3796 0.1012190 21.23840 286.5708 37.07467 24.16202 3.469075 6.997068 1.997942
xbest 20.09817 154.1550 0.1012481 21.24529 286.5679 37.06544 24.16198 3.469106 7.002360 1.997503
xbest 20.09282 154.3660 0.1012200 21.23801 286.5692 37.07656 24.14258 3.469059 6.998454 1.997968
xbest 20.09208 154.3660 0.1012197 21.23812 286.5691 37.07751 24.14462 3.469058 6.998539 1.997880
xbest 20.10948 152.4160 0.1044853 21.19581 286.5034 36.01024 24.30254 4.915061 7.016637 2.117066
xbest 20.06367 152.8855 0.1029503 21.08085 286.5118 36.59855 24.00000 4.915803 7.058108 2.111889
xbest 20.06367 152.8855 0.1029503 21.08085 286.5118 36.69634 24.00000 4.915803 7.083108 2.100014
xbest 20.05045 151.9213 0.1031111 21.14649 286.5091 36.43606 24.27416 4.968082 7.064161 2.207290
xbest 20.14420 151.9213 0.1031111 21.14649 286.5278 36.43606 24.43666 4.968082 7.064161 2.207290
xbest 20.19141 147.8570 0.1029356 22.04312 286.5591 36.97182 24.08547 4.997863 6.588110 2.010150
xbest 20.19141 147.8570 0.1025841 22.04312 286.5404 36.97182 24.08547 4.997863 6.588110 2.007182
xbest 20.31039 110.6242 0.1094553 21.73703 286.1727 44.26461 24.11310 4.946697 6.868734 2.043177
xbest 20.31039 110.6242 0.1108616 21.92453 286.1774 44.26461 24.27560 4.946697 6.843734 2.043177
xbest 20.31039 110.6242 0.1108616 21.92453 286.1774 44.26461 24.27560 4.946697 6.843734 2.043177

$time
elapsed elapsed elapsed elapsed elapsed elapsed elapsed elapsed elapsed elapsed elapsed elapsed elapsed elapsed elapsed elapsed elapsed elapsed elapsed elapsed elapsed elapsed elapsed elapsed elapsed 
   1.91    5.10    7.32   12.22   15.13   19.43   23.68   28.35   30.43   31.68   38.52   43.21   48.07   56.80  120.83  122.54  188.88  190.38  301.50  302.97  329.80  330.85  338.32  359.83  362.58 
elapsed elapsed elapsed elapsed elapsed elapsed elapsed elapsed elapsed elapsed elapsed elapsed elapsed 
 367.02  373.83  376.19  393.11  395.32  403.11  407.96  426.68  734.24  735.36  798.07  799.58  833.30 

$neval
 [1]   106   271   405   710   857  1139  1416  1688  1827  1901  2315  2582  2859  3355  7035  7153 11082 11183 17825 17914 19430 19503 19918 21197 21335 21602 22008 22146 23173 23309 23805 24080
[33] 25250 44326 44412 48126 48221 50112

$fbest
[1] 853.5139

$xbest
 [1]  20.3103939 110.6242281   0.1108616  21.9245273 286.1774281  44.2646062  24.2755976   4.9466975   6.8437345   2.0431773

$numeval
[1] 50112

$end_crit
[1] 1

$cpu_time
elapsed 
  833.3 

$Refset
$Refset$x
           [,1]        [,2]        [,3]      [,4]       [,5]      [,6]       [,7]       [,8]      [,9]    [,10]
 [1,] 110.62423  21.9245273  44.2646062  4.946697   2.043177 110.62423 21.9245273  44.264606  4.946697 2.043177
 [2,]  20.31039   0.1108616 286.1774281 24.275598   6.843734  20.31039  0.1108616 286.177428 24.275598 6.843734
 [3,]  20.31039 110.6242281   0.1094553 21.737027 286.172741  44.26461 24.1130976   4.946697  6.868734 2.043177
 [4,]  20.12360 148.1885838   0.1016692 22.032327 286.549887  37.19765 24.0751005   4.905841  6.701519 2.015235
 [5,]  20.05531 148.7836133   0.1016741 22.043598 286.549464  37.17897 24.0421022   4.908547  6.700760 2.018432
 [6,]  20.06222 148.2236635   0.1016869 22.059779 286.550857  37.18445 24.1392972   4.926838  6.683967 2.015956
 [7,]  20.06900 147.7939466   0.1017999 22.018000 286.550578  37.20375 24.1172202   4.930803  6.746697 2.020768
 [8,]  20.08200 147.8302322   0.1017348 22.024570 286.548050  37.18740 24.1226198   4.937740  6.719322 2.019117
 [9,]  20.03361 148.1788065   0.1018852 22.042377 286.552432  37.06974 24.1405018   4.982312  6.711952 2.031434
[10,]  20.01835 149.5024570   0.1016905 22.053067 286.548685  36.97043 24.3048069   5.001362  6.613705 2.004651
[11,]  20.07201 152.4958529   0.1020306 22.065757 286.566114  37.02373 24.1706346   5.001280  6.402463 2.007849
[12,]  20.03087 143.7855165   0.1031050 22.053286 286.542311  37.15742 24.1490956   5.001117  6.700255 2.016170

$Refset$f
 [1] 853.5139 853.5139 884.4167 902.9531 903.1458 903.9635 905.3663 904.7205 913.6545 915.9705 920.0104 920.1267

$Refset$fpen
 [1] 853.5139 853.5139 884.4167 902.9531 903.1458 903.9635 905.3663 904.7205 913.6545 915.9705 920.0104 920.1267

$Refset$const
          [,1]      [,2]      [,3]      [,4]     [,5]
 [1,] 29.15627  1.566431 15.080793 14.075473 2.246075
 [2,] 15.08079 14.075473  2.246075 29.156266 1.566431
 [3,] 14.86829 29.131266 14.262973  1.566586 2.236395
 [4,] 15.33081 29.298481 13.967673  1.528283 2.613961
 [5,] 15.34284 29.299240 13.956402  1.528384 2.612197
 [6,] 15.37581 29.316033 13.940221  1.527982 2.619929
 [7,] 15.27130 29.253303 13.982000  1.528106 2.617154
 [8,] 15.30525 29.280678 13.975430  1.528334 2.617484
 [9,] 15.33042 29.288048 13.957623  1.527604 2.626381
[10,] 15.43936 29.386295 13.946933  1.527361 2.643007
[11,] 15.66329 29.597537 13.934243  1.525955 2.636039
[12,] 15.35303 29.299745 13.946714  1.528828 2.618982

$Refset$penalty
 [1] 0 0 0 0 0 0 0 0 0 0 0 0


