$f
 [1] 16207.6458  6007.3524   704.4392   614.1059   591.8108   558.2274   540.7865   538.1476   506.8125   500.3872   500.0208   460.7899   451.7847   435.7951   424.9688   423.2899   419.5781
[18]   418.8854   415.2274   412.0295   402.4462   401.7743   400.4358   400.0000   399.7795   399.5816   399.4878   399.4549   399.3750   399.3003   394.5660   381.6146   378.0017   374.7014
[35]   363.1944   360.2795   356.7517   356.3021   355.2344   354.1927   354.1823   353.4375   353.1962   353.1545   352.9653   352.8802   352.6736   352.6736

$x
          [,1]     [,2]      [,3]     [,4]     [,5]     [,6]     [,7]     [,8]     [,9]    [,10]
xbest 22.58471 101.2444 0.4757730 25.92570 284.4160 39.34774 25.98372 3.046007 6.380730 2.026301
xbest 20.00000 203.3814 0.1471419 25.92963 284.4324 24.93144 24.00000 2.000000 3.577606 1.771004
xbest 20.00000 123.3814 0.1000000 26.29877 285.3324 24.91894 24.00000 2.375000 4.777606 1.391004
xbest 20.50044 142.6756 0.1000000 23.60537 286.5056 36.35908 24.00000 3.505199 2.908103 3.122041
xbest 20.20246 146.7228 0.1000000 23.58485 286.5107 36.02812 24.00000 2.680926 3.081885 1.708408
xbest 20.12061 136.4678 0.1008038 23.71576 286.4565 35.36806 24.04562 2.682062 3.935522 1.782194
xbest 20.06552 127.9973 0.1000000 23.72566 286.4269 34.38491 24.06848 2.194824 4.925875 1.200000
xbest 20.10333 129.9693 0.1000000 22.93466 286.6184 36.84574 24.14321 2.072028 5.016299 1.200000
xbest 20.00000 134.2300 0.1000000 23.15474 286.6214 36.40698 24.87522 2.076181 4.915236 2.622618
xbest 20.00000 134.2300 0.1000000 23.15474 286.6026 36.40698 24.87522 2.026181 4.915236 2.622618
xbest 20.00000 129.1332 0.1000000 23.10660 286.5757 36.41968 24.27068 2.174137 4.779895 1.670012
xbest 20.05916 101.5300 0.1000000 22.14150 286.5961 36.89232 24.25559 2.000000 7.722422 1.200000
xbest 20.06907 102.7470 0.1000000 22.18530 286.5978 36.95126 24.23755 2.070462 7.508190 1.200000
xbest 20.10496 100.0000 0.1011633 22.86679 286.5661 36.64140 24.31534 2.031055 7.101640 2.164231
xbest 20.13924 100.0000 0.1016873 22.62743 286.5640 36.64915 24.22838 2.032696 7.399648 2.289312
xbest 20.02678 100.8618 0.1000143 22.81555 286.6096 36.63728 24.46648 2.130883 7.347406 2.180909
xbest 20.01271 100.0374 0.1000000 22.67806 286.6237 36.48522 24.76010 2.133220 7.504785 2.176723
xbest 20.00000 100.0374 0.1000000 22.67806 286.6237 36.48522 24.76010 2.158220 7.504785 2.176723
xbest 20.00000 104.8900 0.1000000 22.65712 286.6691 36.92903 24.58250 2.127991 7.050991 3.007148
xbest 20.01999 100.2147 0.1001775 22.40217 286.6168 36.98036 24.11251 2.122680 7.548857 3.077804
xbest 20.00693 100.2746 0.1000203 22.43484 286.6170 36.94506 24.51258 2.107259 7.544643 3.530321
xbest 20.00307 100.0000 0.1000194 22.52401 286.6168 36.94542 24.56935 2.100674 7.550508 3.834690
xbest 20.00964 101.0572 0.1000187 22.70860 286.6278 36.97119 24.39647 2.110505 7.316113 2.347071
xbest 20.00964 101.0572 0.1000187 22.70860 286.6278 36.87119 24.39647 2.085505 7.316113 2.347071
xbest 20.01100 100.0762 0.1004099 22.62875 286.6209 36.94796 24.57015 2.000289 7.434838 4.979168
xbest 20.01100 100.0762 0.1003220 22.62875 286.6209 36.94796 24.52953 2.000289 7.434838 4.979168
xbest 20.01729 100.0040 0.1003876 22.54012 286.6194 36.92759 24.53517 2.041981 7.502859 5.000000
xbest 20.02071 100.0000 0.1004160 22.50895 286.6196 36.92325 24.53177 2.045194 7.521097 4.988447
xbest 20.00000 100.1060 0.1000000 22.58946 286.6241 36.92889 24.56992 2.000946 7.463585 5.000000
xbest 20.00126 100.0861 0.1000891 22.59505 286.6207 36.94597 24.52855 2.025238 7.459484 5.000000
xbest 20.00277 100.0661 0.1026985 22.24183 286.6291 36.67041 25.11942 5.036965 7.602635 4.962588
xbest 20.00000 100.0000 0.1026985 22.05433 286.6291 36.67041 24.95692 5.036965 7.552635 4.962588
xbest 20.00619 100.5969 0.1007476 22.31350 286.6074 36.88345 24.59754 5.157848 7.406062 4.961585
xbest 20.00000 100.9094 0.1000000 22.30764 286.6074 36.89595 24.59754 5.156285 7.406062 4.961585
xbest 20.00375 100.4569 0.1015930 22.52888 286.6037 36.89287 24.53688 4.857286 7.414823 4.921683
xbest 20.00097 100.1287 0.1012379 22.57824 286.5966 36.88711 24.54193 4.843967 7.414813 4.903306
xbest 20.00217 100.4467 0.1014316 22.54742 286.5995 36.89213 24.53785 4.855263 7.414824 4.902949
xbest 20.00000 100.4467 0.1014316 22.54742 286.5995 36.89213 24.53785 4.855263 7.414824 4.902949
xbest 20.00433 100.2609 0.1008201 22.59430 286.5932 36.88210 24.53354 4.850478 7.422247 4.918875
xbest 20.00505 100.2654 0.1007341 22.58822 286.5916 36.88646 24.54172 4.845667 7.427223 4.925984
xbest 20.00401 100.1025 0.1004957 22.59270 286.5921 36.88592 24.53154 4.856058 7.433605 4.920308
xbest 20.00176 100.2084 0.1006223 22.59892 286.5952 36.90148 24.51854 4.852861 7.426944 4.936585
xbest 20.00176 100.2084 0.1000000 22.59892 286.5952 36.90148 24.51854 4.852861 7.426944 4.936585
xbest 20.00479 100.2020 0.1003361 22.59089 286.5917 36.88718 24.53862 4.846102 7.437483 4.924729
xbest 20.00479 100.2214 0.1001440 22.59555 286.5916 36.88719 24.53902 4.844901 7.438088 4.927173
xbest 20.00600 100.1684 0.1002107 22.59014 286.5916 36.88789 24.53616 4.845974 7.441473 4.926023
xbest 20.00461 100.1600 0.1002372 22.59568 286.5982 36.91491 24.50957 4.844644 7.440513 4.927742
xbest 20.00461 100.1600 0.1002372 22.59568 286.5982 36.91491 24.50957 4.844644 7.440513 4.927742

$time
elapsed elapsed elapsed elapsed elapsed elapsed elapsed elapsed elapsed elapsed elapsed elapsed elapsed elapsed elapsed elapsed elapsed elapsed elapsed elapsed elapsed elapsed elapsed elapsed elapsed 
   1.69    4.80    6.77   16.16   18.30   20.46   22.61   27.24   29.58   30.79   37.99   40.16   42.41   44.96   47.33   51.60   54.30   55.49   57.79   62.43   64.93   67.33   76.25   80.33  120.21 
elapsed elapsed elapsed elapsed elapsed elapsed elapsed elapsed elapsed elapsed elapsed elapsed elapsed elapsed elapsed elapsed elapsed elapsed elapsed elapsed elapsed elapsed elapsed 
 121.30  132.21  136.68  210.19  219.00  332.94  334.49  596.43  597.99  616.69  618.77  621.04  622.07  632.05  634.35  641.74  644.02  647.35  657.11  668.72  674.79  725.18  796.69 

$neval
 [1]   106   266   392   987  1134  1279  1422  1697  1843  1925  2344  2485  2624  2772  2915  3194  3340  3419  3557  3832  3977  4116  4663  4886  7226  7306  7982  8250 12839 13448 20905 21003
[33] 37863 37963 39045 39184 39326 39400 39962 40100 40520 40657 40870 41434 42112 42459 45690 50078

$fbest
[1] 352.6736

$xbest
 [1]  20.0046104 100.1600372   0.1002372  22.5956818 286.5981508  36.9149145  24.5095729   4.8446444   7.4405131   4.9277419

$numeval
[1] 50078

$end_crit
[1] 1

$cpu_time
elapsed 
 796.69 

$Refset
$Refset$x
          [,1]     [,2]      [,3]     [,4]     [,5]     [,6]     [,7]     [,8]     [,9]    [,10]
 [1,] 20.00525 100.1631 0.1002696 22.59310 286.5887 36.85726 24.53877 4.845571 7.440346 4.936023
 [2,] 20.00608 100.1613 0.1002593 22.59399 286.5884 36.85716 24.53664 4.845587 7.438776 4.926458
 [3,] 20.00518 100.1588 0.1002298 22.59328 286.5896 36.86003 24.53819 4.845419 7.440486 4.931502
 [4,] 20.00531 100.1620 0.1002326 22.59275 286.5908 36.85788 24.55758 4.845927 7.440483 4.930744
 [5,] 20.00522 100.1597 0.1005222 22.58593 286.5899 36.87285 24.53336 4.845545 7.439478 4.935667
 [6,] 20.00542 100.1624 0.1002592 22.57654 286.5885 36.85636 24.54912 4.845607 7.453136 4.934704
 [7,] 20.00293 100.1613 0.1002842 22.59405 286.5876 36.86508 24.53856 4.845998 7.439052 4.932927
 [8,] 20.00403 100.1600 0.1002295 22.57194 286.5992 36.83987 24.62587 4.851303 7.452833 4.929152
 [9,] 20.00543 100.1562 0.1002665 22.59328 286.5885 36.85739 24.53854 4.845656 7.439590 4.933112
[10,] 20.00590 100.1619 0.1002572 22.57792 286.5882 36.85434 24.55358 4.852725 7.442010 4.933150
[11,] 20.00507 100.5673 0.1002885 22.54562 286.5921 36.74665 24.56237 4.843386 7.446220 4.876342
[12,] 20.00967 100.0000 0.1003444 22.68736 286.5605 36.79963 24.38280 3.168673 6.877154 4.929170

$Refset$f
 [1] 352.7222 352.7222 352.8802 352.8802 353.0694 352.7639 352.8802 353.3108 352.7222 353.3108 361.3490 541.7604

$Refset$fpen
 [1] 352.7222 352.7222 352.8802 352.8802 353.0694 352.7639 352.8802 353.3108 352.7222 353.3108 361.3490 541.7604

$Refset$const
          [,1]     [,2]     [,3]     [,4]     [,5]
 [1,] 15.15276 28.55965 13.40690 1.522027 2.682450
 [2,] 15.15521 28.56122 13.40601 1.522070 2.682159
 [3,] 15.15280 28.55951 13.40672 1.521935 2.682593
 [4,] 15.15227 28.55952 13.40725 1.521735 2.684727
 [5,] 15.14645 28.56052 13.41407 1.521945 2.681625
 [6,] 15.12340 28.54686 13.42346 1.522018 2.683248
 [7,] 15.15500 28.56095 13.40595 1.522171 2.681583
 [8,] 15.11910 28.54717 13.42806 1.520542 2.694419
 [9,] 15.15369 28.56041 13.40672 1.522052 2.682342
[10,] 15.13591 28.55799 13.42208 1.522027 2.683623
[11,] 15.09940 28.55378 13.45438 1.521336 2.691630
[12,] 15.81021 29.12285 13.31264 1.525504 2.662488

$Refset$penalty
 [1] 0 0 0 0 0 0 0 0 0 0 0 0


