$f
 [1] 32056.6510  1449.5434   850.8264   816.0920   779.2240   643.9948   555.6944   524.9253   474.9149   459.5069   455.4479   453.2396   448.0330   447.5990   446.2587   444.1667   443.7535
[18]   443.6840   440.3368   440.2865   439.9601   438.9601   438.7500   428.5243   427.4427   425.9583   425.7899   424.9844   424.4583   424.3264   423.9566   423.8958   423.8958

$x
          [,1]     [,2]      [,3]     [,4]     [,5]     [,6]     [,7]     [,8]      [,9]    [,10]
xbest 24.79000 337.0400 0.2529000 17.72000 285.5400 45.67000 29.49000 2.970000  2.000000 2.690000
xbest 20.00000 108.5689 0.3526458 25.16996 285.1151 38.41962 24.66721 2.866357  2.000000 2.325658
xbest 20.00000 100.0000 0.1000000 25.14376 284.9474 34.84191 24.66721 3.788854  3.844756 1.529059
xbest 20.00000 142.8478 0.1028632 24.24736 285.8754 26.76433 24.00000 3.982471  5.204937 2.364936
xbest 20.19433 110.5228 0.7232549 23.80186 286.4287 36.03719 24.32852 4.306674  6.801764 2.298693
xbest 20.18973 119.9052 0.5921082 23.80129 286.5122 36.37183 24.00000 4.177029  5.175676 2.287928
xbest 20.11341 111.4107 0.7052909 20.89145 286.6439 36.74530 24.31158 4.459594  7.604400 2.214710
xbest 20.26952 109.2288 0.8177624 21.24433 286.5906 36.85372 24.33312 4.352642  7.451831 2.362940
xbest 20.03380 104.9820 0.7553032 18.34044 286.6632 37.18978 24.38919 4.963633 10.000000 2.100913
xbest 20.01657 104.0981 0.5713257 18.34044 286.6632 37.18978 24.36046 4.892922 10.000000 2.100913
xbest 20.40972 111.4656 0.6353615 18.00652 286.5707 37.07439 24.29021 4.341184  9.351335 2.675620
xbest 20.40972 111.4656 0.6128615 18.00652 286.5704 37.07439 24.29021 4.341184  9.351335 2.672652
xbest 20.10834 113.1964 0.5785792 17.33185 286.5606 36.88542 24.23036 4.325432 10.000000 2.739214
xbest 20.01697 111.8617 0.5604026 17.65165 286.5614 36.67334 24.14728 4.329845  9.899026 3.694494
xbest 20.18084 113.2320 0.5752841 17.25445 286.5606 36.88543 24.23219 4.325440  9.996167 2.737505
xbest 20.18084 113.2320 0.5738779 17.25445 286.5606 36.88543 24.35406 4.325440 10.000000 2.761255
xbest 20.19251 110.9595 0.5912974 17.68280 286.5591 36.91380 24.24076 4.325200  9.664344 2.748200
xbest 20.19314 111.0092 0.5981880 17.68179 286.5603 36.91222 24.23947 4.326943  9.667858 2.745774
xbest 20.19314 111.0092 0.5981880 17.68179 286.5603 36.91222 24.19885 4.326943  9.667858 2.745774
xbest 20.19313 111.0541 0.5981509 17.66957 286.5611 36.90918 24.23132 4.326070  9.676037 2.744048
xbest 20.19257 111.0549 0.5977777 17.65044 286.5614 36.90638 24.22916 4.325176  9.676114 2.740534
xbest 20.16335 110.3565 0.6100424 17.65801 286.5584 36.91481 24.21217 4.325448  9.791899 2.754450
xbest 20.13980 110.2654 0.6139731 17.66312 286.5570 36.91941 24.20974 4.325691  9.831206 2.747231
xbest 20.12877 109.6730 0.6167383 17.64708 286.5544 36.92137 24.20960 4.325697  9.902890 2.740135
xbest 20.12261 109.4200 0.6173041 17.58004 286.5544 36.93158 24.19083 4.325726  9.972439 2.719916
xbest 20.12261 109.4981 0.6173041 17.58004 286.5544 36.93158 24.15021 4.325726  9.972439 2.719916
xbest 20.12870 108.7015 0.5857703 17.60400 286.5533 36.91380 24.20646 4.322175  9.999973 2.791269
xbest 20.12870 108.6625 0.5857703 17.60400 286.5533 36.91380 24.20646 4.328425  9.999973 2.791269
xbest 20.14088 108.0938 0.5605127 17.61800 286.5592 36.91372 24.20307 4.325422  9.998303 2.743222
xbest 20.13677 108.2830 0.5615321 17.62004 286.5498 36.91392 24.20284 4.316353  9.999672 2.780259
xbest 20.14043 108.1163 0.5586393 17.61825 286.5629 36.91384 24.20542 4.324860  9.999310 2.756742
xbest 20.14075 108.1094 0.5574593 17.62422 286.5638 36.90980 24.21010 4.323106  9.998851 2.764834
xbest 20.14075 108.1094 0.5574593 17.62422 286.5638 36.90980 24.21010 4.323106  9.998851 2.764834

$time
elapsed elapsed elapsed elapsed elapsed elapsed elapsed elapsed elapsed elapsed elapsed elapsed elapsed elapsed elapsed elapsed elapsed elapsed elapsed elapsed elapsed elapsed elapsed elapsed elapsed 
   1.66    4.78    6.75   12.11   14.53   16.80   19.19   21.60   26.13   32.13  105.58  106.82  109.10  118.27  120.30  130.42  136.07  155.91  156.99  171.11  177.69  187.16  193.14  198.07  202.24 
elapsed elapsed elapsed elapsed elapsed elapsed elapsed elapsed 
 203.52  331.53  333.22  342.53  349.11  370.57  459.27  815.03 

$neval
 [1]   106   274   403   709   850   994  1136  1283  1562  1948  6458  6544  6679  7221  7357  7989  8259  9334  9408 10232 10641 11252 11657 11932 12211 12290 20124 20202 20761 21171 22444 28000
[33] 50013

$fbest
[1] 423.8958

$xbest
 [1]  20.1407547 108.1093958   0.5574593  17.6242173 286.5638240  36.9098049  24.2100951   4.3231055   9.9988507   2.7648336

$numeval
[1] 50013

$end_crit
[1] 1

$cpu_time
elapsed 
 815.03 

$Refset
$Refset$x
          [,1]     [,2]      [,3]     [,4]     [,5]     [,6]     [,7]     [,8]      [,9]    [,10]
 [1,] 20.14045 108.2002 0.5525418 17.61521 286.5573 36.90833 24.23149 4.328684  9.988966 2.779046
 [2,] 20.13739 108.1860 0.5530080 17.62123 286.5572 36.90638 24.24152 4.328434  9.986820 2.774913
 [3,] 20.13585 108.1718 0.5525991 17.62051 286.5570 36.90743 24.24740 4.328271  9.987720 2.771750
 [4,] 20.13765 108.2437 0.5545683 17.61501 286.5571 36.90847 24.22753 4.328271  9.988624 2.777190
 [5,] 20.14450 108.0275 0.5481597 17.62044 286.5570 36.90787 24.23191 4.328628  9.988183 2.770494
 [6,] 20.13814 108.2022 0.5519621 17.61823 286.5568 36.90782 24.23800 4.327767  9.987938 2.774948
 [7,] 20.24377 107.1707 0.5678982 17.67669 286.5571 36.89983 24.28682 4.255376 10.000000 2.863702
 [8,] 20.08905 108.2145 0.5530340 17.62398 286.5520 36.91533 24.23209 4.328065  9.978423 2.777859
 [9,] 20.17254 109.8524 0.5398339 17.59103 286.5549 36.39752 24.21433 4.333263  9.919456 2.705713
[10,] 20.15924 118.0982 0.5525841 17.61767 286.6124 36.87669 24.23658 4.234380 10.000000 2.785605
[11,] 20.36335 110.0876 0.5536366 17.62143 286.5256 36.91560 25.39207 4.261581  9.732264 2.747045
[12,] 25.75841 104.7787 0.4916803 17.10981 286.5261 29.12556 25.10208 6.466480  7.517992 2.497232

$Refset$f
 [1] 424.3229 424.3229 424.3229 424.3229 424.3229 424.3229 440.4774 446.6094 495.7031 555.0694 571.1146 904.9653

$Refset$fpen
 [1]  424.3229  424.3229  424.3229  424.3229  424.3229  424.3229  440.4774  446.6094  495.7031  555.0694  571.1146 6249.1076

$Refset$const
          [,1]     [,2]     [,3]     [,4]     [,5]
 [1,] 7.626248 26.01103 18.38479 1.526518 2.643567
 [2,] 7.634409 26.01318 18.37877 1.526498 2.644419
 [3,] 7.632790 26.01228 18.37949 1.526497 2.644782
 [4,] 7.626384 26.01138 18.38499 1.526555 2.643164
 [5,] 7.632257 26.01182 18.37956 1.526546 2.643523
 [6,] 7.630290 26.01206 18.38177 1.526552 2.643928
 [7,] 7.676689 26.00000 18.32331 1.526359 2.648327
 [8,] 7.645557 26.02158 18.37602 1.527103 2.641336
 [9,] 7.671576 26.08054 18.40897 1.525813 2.668392
[10,] 7.617668 26.00000 18.38233 1.520428 2.665994
[11,] 7.889162 26.26774 18.37857 1.526404 2.725491
[12,] 9.591819 28.48201 18.89019 1.494656 3.365140

$Refset$penalty
 [1] 0.000000000 0.000000000 0.000000000 0.000000000 0.000000000 0.000000000 0.000000000 0.000000000 0.000000000 0.000000000 0.000000000 0.005344142


