$f
 [1] 386.71528 270.98264 237.79167 163.97569  92.98611  90.86632  85.09549  84.21007  83.82639  80.52431  74.31771  70.04514  69.89583  69.64062  68.59201  68.58160  68.52083  68.46181  68.36111
[20]  67.84375  67.23090  64.87326  64.75174  63.01042  63.01042

$x
          [,1]     [,2]      [,3]     [,4]     [,5]     [,6]     [,7]     [,8]     [,9]    [,10]
xbest 21.54992 395.7413 0.4810147 15.61885 284.3392 44.27555 43.50204 7.342850 6.151792 2.118841
xbest 26.38766 450.5365 0.1407401 21.33722 286.1317 45.02084 24.87586 3.055677 2.778730 1.200000
xbest 26.38766 450.5365 0.1407401 21.52472 286.3567 45.02084 24.87586 3.255677 2.778730 1.200000
xbest 58.48999 312.5925 0.4982440 23.04239 286.1592 39.12358 31.29945 3.319284 3.186029 3.455151
xbest 65.39784 310.5801 1.0000000 24.53203 286.0315 37.71136 34.61205 2.056099 2.730924 3.466319
xbest 60.23779 395.1983 0.4762193 21.71653 286.1041 40.05536 31.93706 2.381116 2.323495 2.759214
xbest 60.98779 394.4995 1.0000000 21.69585 286.1146 40.05536 31.93706 2.368616 2.348495 2.730485
xbest 65.67108 330.2944 0.9913371 23.70691 286.0343 37.10112 34.09035 2.082033 2.737446 3.502404
xbest 63.68019 347.1355 0.5055506 23.67529 286.0373 38.27545 34.40019 2.142850 2.292447 2.976723
xbest 65.89831 352.2656 0.4144643 23.62011 286.0389 38.15875 34.38975 2.000000 2.161992 2.767892
xbest 65.79230 362.6307 0.3439153 23.47924 286.0429 37.63465 34.59508 2.000000 2.000000 1.660281
xbest 65.79230 362.7678 0.6814153 23.47410 286.0346 37.62369 34.59508 2.189035 2.000000 1.660281
xbest 63.91293 362.9870 0.5261431 23.42848 286.1009 39.15236 34.81380 2.247906 2.000000 1.990678
xbest 63.91293 362.9870 0.5261431 23.42848 286.1009 39.05236 34.81380 2.247906 2.000000 1.993647
xbest 64.24881 359.5283 0.8674135 23.78961 286.0597 38.50169 34.29784 2.230675 2.003431 2.076893
xbest 64.24941 360.2039 1.0000000 23.77481 286.0555 38.50172 34.41617 2.228651 2.008473 2.081674
xbest 64.24958 360.1977 0.9937475 23.76986 286.0559 38.50174 34.40932 2.228437 2.011653 2.081929
xbest 64.24947 360.0285 0.9517681 23.76314 286.0557 38.50173 34.38092 2.228504 2.010587 2.081401
xbest 64.24918 359.6655 0.8869319 23.77799 286.0605 38.50169 34.32933 2.230547 2.003644 2.077805
xbest 64.34293 359.6655 0.8869319 23.77799 286.0617 38.50169 34.32933 2.224297 2.003644 2.071867
xbest 63.68734 358.6945 0.6778421 23.79711 286.0556 39.06160 34.39990 2.047616 2.009449 2.000902
xbest 63.68734 358.6945 0.6778421 23.79711 286.0743 39.06160 34.39990 2.035116 2.000000 2.024652
xbest 63.68633 358.1450 0.6920605 23.79148 286.0190 39.00849 34.39724 2.016910 2.016080 2.052174
xbest 63.49883 358.1450 1.0000000 23.79148 286.0190 39.03349 34.39724 2.016910 2.016080 2.052174
xbest 63.49883 358.1450 1.0000000 23.79148 286.0190 39.03349 34.39724 2.016910 2.016080 2.052174

$time
elapsed elapsed elapsed elapsed elapsed elapsed elapsed elapsed elapsed elapsed elapsed elapsed elapsed elapsed elapsed elapsed elapsed elapsed elapsed elapsed elapsed elapsed elapsed elapsed elapsed 
   0.86    2.45    3.48    5.06    8.89   19.62   23.06   24.89   36.76   38.55   40.28   43.65   74.76   75.92   84.45   90.12   92.01   93.50   95.00   95.97  299.83  300.80  322.56  323.59  349.00 

$neval
 [1]   106   261   349   493   777  1626  1907  2047  2872  3008  3148  3404  5462  5541  6094  6501  6635  6770  6907  7001 25652 25741 27802 27900 30055

$fbest
[1] 63.01042

$xbest
 [1]  63.498831 358.145010   1.000000  23.791476 286.019041  39.033489  34.397237   2.016910   2.016080   2.052174

$numeval
[1] 30055

$end_crit
[1] 1

$cpu_time
elapsed 
    349 

$Refset
$Refset$x
           [,1]      [,2]        [,3]     [,4]       [,5]      [,6]     [,7]       [,8]      [,9]    [,10]
 [1,]  63.49883   1.00000 286.0190414 34.39724   2.016080  63.49883  1.00000 286.019041 34.397237 2.016080
 [2,] 358.14501  23.79148  39.0334892  2.01691   2.052174 358.14501 23.79148  39.033489  2.016910 2.052174
 [3,]  63.58157 358.25323   0.6765133 23.77112 286.052047  39.10617 34.25230   2.077876  2.019394 1.855528
 [4,]  63.67175 358.49051   0.6734784 23.76053 286.104091  39.17623 34.34479   2.077918  2.021379 1.853226
 [5,]  63.43645 356.97282   0.6744498 23.80658 286.077946  39.09020 35.35800   2.065905  2.037840 1.592093
 [6,]  63.67151 358.11494   0.6883020 23.79186 286.022683  39.00803 34.36404   2.017020  2.016096 2.067208
 [7,]  63.68630 358.16221   0.6913710 23.79142 286.019098  39.00856 34.41506   2.016867  2.015943 2.052254
 [8,]  63.72594 358.47217   0.6744309 23.77781 286.098715  39.02599 34.41108   2.036761  2.019934 1.961528
 [9,]  63.56651 355.35100   0.6704553 23.89331 286.078938  38.98272 34.14632   2.076003  2.033737 1.921225
[10,]  63.66572 358.45820   0.6824719 23.76364 286.097880  39.10682 34.37717   2.045082  2.026297 1.930186
[11,]  63.77224 362.63770   0.6732375 23.56652 286.057105  38.97437 35.10427   2.104264  2.011352 1.938844
[12,]  32.05825 345.88767   0.7673527 23.79663 286.194335  39.39720 32.58539   2.015503  3.535065 2.937776

$Refset$f
 [1]  63.01042  63.01042  63.56771  64.02778  64.06771  64.32813  64.40972  64.79167  65.03819  65.00347  65.44097 335.79340

$Refset$fpen
 [1]  63.01042  63.01042  63.56771  64.02778  64.06771  64.32813  64.40972  64.79167  65.03819  65.00347  65.44097 335.79340

$Refset$const
          [,1]     [,2]      [,3]      [,4]     [,5]
 [1,] 21.77540 12.20852  3.232997 33.983920 1.558910
 [2,] 33.98392  1.55891 21.775396 12.208524 3.232997
 [3,] 21.75172 33.98061 12.228882  1.555430 3.222506
 [4,] 21.73915 33.97862 12.239467  1.548096 3.246010
 [5,] 21.76874 33.96216 12.193422  1.545601 3.360160
 [6,] 21.77576 33.98390 12.208144  1.558460 3.233177
 [7,] 21.77548 33.98406 12.208581  1.558693 3.237430
 [8,] 21.75788 33.98007 12.222191  1.547761 3.265944
 [9,] 21.85958 33.96626 12.106688  1.551711 3.233043
[10,] 21.73734 33.97370 12.236361  1.548448 3.253897
[11,] 21.55517 33.98865 12.433477  1.549402 3.334238
[12,] 20.26157 32.46494 12.203366  1.545679 3.078274

$Refset$penalty
 [1] 0 0 0 0 0 0 0 0 0 0 0 0


