$f
 [1] 280.8229 258.7257 234.0399 192.4288 190.3941 186.1597 147.5174 145.0677 134.8177 130.8021 128.3472 128.1319 119.5417 117.0122 116.6962 116.4809 115.7951 115.7882 115.7760 115.3507 113.0139 112.1910
[23] 111.6997 110.9184 108.4201 108.1059 107.6771 107.6771

$x
          [,1]     [,2]      [,3]     [,4]     [,5]     [,6]     [,7]     [,8]     [,9]    [,10]
xbest 31.04438 156.3309 0.1537831 23.98296 285.4744 47.95327 39.42292 7.035817 6.531482 1.262354
xbest 50.91630 292.3331 0.7640744 15.15660 285.3444 38.40092 24.00000 5.060396 8.019832 4.823769
xbest 49.41630 292.3884 0.7799843 15.34410 285.3444 38.40092 24.16250 5.060396 7.994832 4.918769
xbest 56.83169 309.6359 0.8116013 21.36992 284.9501 42.09543 38.59674 2.714271 4.285050 3.051797
xbest 43.13081 309.1427 0.6373801 21.38429 285.0080 41.33720 35.06154 4.294703 4.490600 2.842574
xbest 57.22133 330.4937 0.8115699 20.69462 284.9017 42.00878 38.45767 2.712509 3.899951 3.014132
xbest 57.48098 291.4186 0.7698420 23.89191 286.4352 42.89948 36.07265 2.952439 3.115262 4.317906
xbest 55.75523 297.2852 0.8693639 23.87336 286.3137 42.40538 36.05042 3.422984 3.262129 4.208421
xbest 55.03061 213.2786 0.5726536 28.15576 285.4006 39.39232 31.79627 2.000000 3.636473 4.222716
xbest 55.85956 292.1900 0.8527077 23.22574 286.3157 42.11730 36.37875 3.070778 3.601515 4.167569
xbest 54.75502 214.4820 0.5927223 27.43621 285.3497 39.66586 36.04833 2.000000 3.766387 4.160615
xbest 54.89268 210.3105 0.6283455 27.90141 285.3220 39.80323 36.86961 2.000000 3.656252 4.048765
xbest 54.98643 210.3105 0.6508455 27.90141 285.3402 40.20323 36.54461 2.200000 3.668752 3.668765
xbest 55.42914 244.9084 0.8783651 26.04686 286.3084 41.81762 35.02452 2.849085 3.547079 4.107884
xbest 55.42914 244.9084 0.9458651 26.04686 286.3084 41.81762 35.02452 2.849085 3.547079 4.107884
xbest 58.16852 276.2452 0.9362156 24.47514 286.1587 40.85932 36.94581 2.797066 3.419352 4.562989
xbest 58.16852 276.2452 0.9362156 24.47514 286.1587 40.95932 36.70206 2.797066 3.419352 4.551114
xbest 58.05085 276.7153 0.8918868 24.48757 286.1698 40.92287 36.98557 2.804381 3.403539 4.496646
xbest 58.05085 276.7153 0.8918868 24.48757 286.1698 40.92287 36.98557 2.804381 3.400414 4.496646
xbest 58.65265 275.3075 0.9908851 24.46956 286.1805 40.62871 36.79929 2.782378 3.437307 4.630570
xbest 57.54828 252.9079 0.9697186 25.46598 286.1331 41.04085 36.59681 2.891944 3.534734 4.455872
xbest 58.44236 257.3754 0.9777891 25.26191 286.1786 40.72046 36.66025 2.818916 3.509860 4.620910
xbest 59.00707 257.4699 0.9898174 25.26835 286.2066 40.60564 36.64361 2.774186 3.506706 4.628032
xbest 59.59958 239.6006 0.9961278 26.09656 286.2302 40.58149 36.29922 2.762914 3.604576 4.634594
xbest 59.92771 239.6006 0.9961278 26.09656 286.3052 40.58149 36.29922 2.762914 3.604576 4.634594
xbest 60.07292 247.6888 0.9912225 25.49538 286.2423 40.16654 36.79400 2.655634 3.663935 4.713435
xbest 60.07292 247.6888 0.9912225 25.49538 286.2236 40.16654 36.79400 2.655634 3.663935 4.713435
xbest 60.07292 247.6888 0.9912225 25.49538 286.2236 40.16654 36.79400 2.655634 3.663935 4.713435

$time
elapsed elapsed elapsed elapsed elapsed elapsed elapsed elapsed elapsed elapsed elapsed elapsed elapsed elapsed elapsed elapsed elapsed elapsed elapsed elapsed elapsed elapsed elapsed elapsed elapsed 
   0.91    2.60    3.79    5.88    7.41    9.02   10.64   12.21   15.39   16.97   18.52   20.04   21.41   64.44   65.27   87.54   88.49  108.61  109.43  110.96  112.47  118.54  122.02  125.05  126.02 
elapsed elapsed elapsed 
 337.21  338.05  340.44 

$neval
 [1]   106   258   367   512   650   792   933  1074  1356  1497  1637  1774  1898  5564  5640  7550  7637  9397  9471  9606  9740 10279 10552 10819 10907 29817 29895 30029

$fbest
[1] 107.6771

$xbest
 [1]  60.0729214 247.6887673   0.9912225  25.4953832 286.2235591  40.1665395  36.7939965   2.6556339   3.6639355   4.7134346

$numeval
[1] 30029

$end_crit
[1] 1

$cpu_time
elapsed 
 340.44 

$Refset
$Refset$x
           [,1]        [,2]        [,3]      [,4]       [,5]      [,6]       [,7]       [,8]      [,9]    [,10]
 [1,] 247.68877  25.4953832  40.1665395  2.655634   4.713435 247.68877 25.4953832  40.166539  2.655634 4.713435
 [2,]  60.07292   0.9912225 286.2235591 36.793996   3.663935  60.07292  0.9912225 286.223559 36.793996 3.663935
 [3,]  60.07292 247.6887673   0.9912225 25.495383 286.242309  40.16654 36.7939965   2.655634  3.663935 4.713435
 [4,]  59.86465 253.8370347   0.9989257 25.455526 286.261865  40.44225 36.8461338   2.659097  3.517116 4.686997
 [5,]  60.41672 253.7229164   0.9976745 25.449818 286.296650  40.37828 36.8298030   2.625474  3.518225 4.701031
 [6,]  59.76647 253.8164283   0.9946704 25.346343 286.264498  40.44057 36.8901683   2.657025  3.582678 4.701924
 [7,]  58.73288 254.0628931   0.9994268 25.463392 286.171062  40.62441 36.9309826   2.773861  3.516076 4.755181
 [8,]  58.74394 254.1172751   0.9983434 25.463658 286.170023  40.61955 36.9484202   2.774231  3.514690 4.751744
 [9,]  58.73566 254.0543056   0.9987205 25.468652 286.171007  40.60930 36.9523336   2.772173  3.514674 4.789387
[10,]  59.08319 254.2354215   1.0000000 25.247326 286.249623  40.61419 36.9148304   2.773648  3.624128 4.743327
[11,]  60.38142 253.7434401   0.9971010 25.451377 286.278623  40.45427 36.9245933   2.650845  3.515141 4.692166
[12,]  59.38665 248.7316375   0.9924939 25.581071 286.279922  40.57870 36.7523596   2.493171  3.633010 4.726793

$Refset$f
 [1] 107.6771 107.6771 108.1059 108.9201 109.0885 109.1441 109.1597 109.1597 109.1597 109.4097 109.2083 110.2674

$Refset$fpen
 [1] 107.6771 107.6771 108.1059 108.9201 109.0885 109.1441 109.1597 109.1597 109.1597 109.4097 109.2083 110.2674

$Refset$const
          [,1]      [,2]      [,3]      [,4]     [,5]
 [1,] 32.33606  1.522418 21.831448 10.504617 3.476685
 [2,] 21.83145 10.504617  3.476685 32.336065 1.522418
 [3,] 21.83145 32.336065 10.504617  1.519804 3.485086
 [4,] 21.93841 32.482884 10.544474  1.518339 3.469773
 [5,] 21.93159 32.481775 10.550182  1.513261 3.490699
 [6,] 21.76367 32.417322 10.653657  1.517690 3.476430
 [7,] 21.94732 32.483924 10.536608  1.531469 3.420258
 [8,] 21.94897 32.485310 10.536342  1.531484 3.422372
 [9,] 21.95398 32.485326 10.531348  1.531267 3.424346
[10,] 21.62320 32.375872 10.752674  1.520577 3.453823
[11,] 21.93624 32.484859 10.548623  1.515595 3.485497
[12,] 21.94806 32.366990 10.418929  1.517186 3.452059

$Refset$penalty
 [1] 0 0 0 0 0 0 0 0 0 0 0 0


