$f
 [1] 342.8559 306.5260 239.9705 222.9757 199.4792 180.1354 178.3455 165.0347 162.5451 154.4323 152.4236 149.8490 144.2378 140.7448 133.4288 124.2726 118.7153 118.2066 118.0139 117.8125 117.8125 117.5503
[23] 117.1250 116.9462 116.5069 115.5955 115.2604 114.8628 112.1007 110.4948 110.4444 109.6997 108.7708 107.3524 107.3333 107.1979 106.7535 106.2917 106.0833 106.0191 105.9931 105.8594 105.8594

$x
          [,1]     [,2]      [,3]     [,4]     [,5]     [,6]     [,7]     [,8]     [,9]    [,10]
xbest 47.47146 405.1112 0.2396011 20.50464 286.0557 34.52281 25.80463 4.333059 3.286725 4.868956
xbest 49.81595 412.4694 0.4101112 19.48423 284.5863 31.85778 27.43747 2.776516 3.865244 3.508648
xbest 52.81742 411.2187 0.4045054 19.10923 284.8301 35.05778 24.32516 2.776516 3.808966 3.603694
xbest 53.43760 342.6172 0.4206764 20.38366 284.8005 36.66954 32.85413 2.721943 4.165502 3.604049
xbest 55.17678 357.3864 0.4320478 20.89335 284.8182 36.42701 32.35521 2.087190 3.587164 3.575822
xbest 57.96607 350.8254 0.4418742 21.73129 284.9198 36.96834 33.14031 2.119985 3.092846 3.636003
xbest 64.03222 364.2472 0.2955981 19.62612 286.0764 37.70088 33.83975 2.261647 3.994460 2.924134
xbest 62.28078 358.0766 0.3083474 19.65686 286.0331 38.72118 33.92511 2.172131 4.005978 2.190714
xbest 63.15449 358.8571 0.3226228 19.58672 286.0108 38.71856 35.81481 2.196533 4.007020 2.190898
xbest 63.15449 358.8571 0.4801228 19.58672 286.0108 38.71856 35.81481 2.196533 4.057020 1.905651
xbest 53.77771 356.2191 0.3688247 20.07166 285.7378 42.13677 38.72746 2.149613 3.919911 1.200000
xbest 61.42569 343.9754 0.5425854 22.36212 285.9319 39.78985 34.43501 2.120236 3.004236 1.200000
xbest 60.97856 331.9964 0.6863516 23.68528 285.8851 40.79924 34.64406 2.109438 2.430196 1.200000
xbest 61.69112 337.8634 0.6527390 23.43310 285.8058 38.62710 34.07152 2.101657 2.660750 1.341770
xbest 63.18301 333.8582 0.6735822 23.96684 285.8241 39.12126 32.10062 2.089528 2.181279 1.307205
xbest 63.50810 316.6276 0.7789432 25.41003 285.8183 37.58259 32.39588 2.108304 2.000000 1.338058
xbest 63.50810 316.6276 0.8464432 25.41003 285.9683 37.58259 32.39588 2.108304 2.100000 1.290558
xbest 59.77987 326.2738 0.7425368 24.56589 285.8268 39.71652 33.11224 2.102211 2.249228 1.499299
xbest 59.76903 326.5762 0.7278847 24.56620 285.8337 39.68471 33.08922 2.098714 2.249490 1.497731
xbest 59.77329 326.1931 0.7454823 24.56587 285.8263 39.70744 33.11856 2.102330 2.249334 1.499215
xbest 59.90727 329.2903 0.6782080 24.49466 285.8940 39.69290 33.34370 2.104780 2.192061 1.381945
xbest 59.83778 328.1620 0.7072853 24.54332 285.8372 39.69044 33.03492 2.100572 2.212533 1.488850
xbest 59.76813 315.7376 0.6886290 25.07972 285.8365 39.77204 32.63767 2.106546 2.214166 1.471066
xbest 59.76813 315.7376 0.6886290 25.07972 285.8365 39.87204 32.63767 2.106546 2.214166 1.471066
xbest 59.85648 326.8220 0.7013372 24.73891 285.8798 39.70861 33.30349 2.102302 2.179426 1.369951
xbest 59.75070 340.4004 0.7628643 24.26466 285.8097 39.34184 33.98904 2.102226 2.089065 1.513636
xbest 59.83028 340.1113 0.7574914 24.23114 285.8154 39.52074 34.09051 2.091168 2.103677 1.362864
xbest 59.74943 340.4567 0.7645506 24.27066 285.8120 39.36046 34.04283 2.098597 2.092235 1.542774
xbest 59.74809 340.3225 0.7721403 24.26863 285.8124 39.31842 33.92832 2.098594 2.094364 1.734886
xbest 59.75419 339.8197 0.7606204 24.26398 285.8111 39.42343 33.92081 2.098631 2.099233 1.289532
xbest 59.74763 339.6813 0.7706915 24.28367 285.8093 39.30414 34.02979 2.106039 2.094284 1.453064
xbest 59.89838 339.9192 0.7760284 24.40210 285.7391 39.47017 34.38037 2.084617 2.002293 1.288563
xbest 59.89838 339.7629 0.7985284 24.39624 285.7391 39.27017 34.38037 2.084617 2.002293 1.288563
xbest 57.04760 326.1524 0.7738691 25.00018 285.6081 39.85744 33.64954 2.090245 2.063911 1.355000
xbest 59.45178 328.7953 0.7648225 24.95550 285.8544 39.63028 34.03472 2.065479 2.018397 1.313209
xbest 58.92730 328.7182 0.7693024 24.90879 285.8997 40.14499 34.33397 2.053419 2.026948 1.316774
xbest 58.92730 328.7182 0.7918024 24.90879 285.8997 40.14499 34.33397 2.053419 2.026948 1.315290
xbest 58.75108 328.5293 0.7709605 24.93673 285.9044 40.15699 34.34722 2.049342 2.024505 1.312422
xbest 58.76156 328.5133 0.7684872 24.93666 285.9068 40.13754 34.34934 2.048980 2.024870 1.315255
xbest 58.93369 328.4309 0.8179471 24.93756 285.9034 40.14612 34.30451 2.049346 2.019289 1.317884
xbest 58.93369 328.4309 0.8404471 24.93756 285.9034 40.14612 34.30451 2.049346 2.019289 1.317884
xbest 59.09675 328.4091 0.8391422 24.95239 285.9066 40.15301 34.30990 2.049043 2.018708 1.318957
xbest 59.09675 328.4091 0.8391422 24.95239 285.9066 40.15301 34.30990 2.049043 2.018708 1.318957

$time
elapsed elapsed elapsed elapsed elapsed elapsed elapsed elapsed elapsed elapsed elapsed elapsed elapsed elapsed elapsed elapsed elapsed elapsed elapsed elapsed elapsed elapsed elapsed elapsed elapsed 
   1.11    4.31    7.02   13.06   15.08   17.05   22.84   24.64   27.80   29.44   36.39   38.39   40.28   42.25   44.80   46.61   49.50   51.34   58.87   63.64   66.02   70.84   75.22   87.23   89.37 
elapsed elapsed elapsed elapsed elapsed elapsed elapsed elapsed elapsed elapsed elapsed elapsed elapsed elapsed elapsed elapsed elapsed elapsed 
  90.97   92.45   93.95   97.11   99.14  101.06  102.92  106.37  144.72  175.87  224.47  225.28  231.14  239.11  340.81  341.59  364.80  366.97 

$neval
 [1]   106   259   426   725   864  1005  1427  1573  1849  1944  2504  2645  2783  2922  3058  3198  3429  3564  4113  4521  4657  4999  5273  6295  6438  6575  6711  6847  7123  7263  7399  7537  7766
[34] 11009 13793 17968 18046 18588 19401 28188 28261 30038 30107

$fbest
[1] 105.8594

$xbest
 [1]  59.0967475 328.4091079   0.8391422  24.9523924 285.9065555  40.1530092  34.3098999   2.0490431   2.0187079   1.3189565

$numeval
[1] 30107

$end_crit
[1] 1

$cpu_time
elapsed 
 366.97 

$Refset
$Refset$x
           [,1]        [,2]        [,3]      [,4]       [,5]      [,6]       [,7]       [,8]      [,9]    [,10]
 [1,] 328.40911  24.9523924  40.1530092  2.049043   1.318957 328.40911 24.9523924  40.153009  2.049043 1.318957
 [2,]  59.09675   0.8391422 285.9065555 34.309900   2.018708  59.09675  0.8391422 285.906555 34.309900 2.018708
 [3,]  59.01157 328.3943304   0.8310516 24.957312 285.903195  40.15523 34.3185961   2.049585  2.019129 1.318973
 [4,]  58.84713 328.3744125   0.8316287 24.972505 285.903449  40.14572 34.3207182   2.049547  2.014602 1.323290
 [5,]  59.09675 328.4091079   0.8391422 24.952392 285.906555  40.15301 34.3098999   2.049043  2.018708 1.318957
 [6,]  58.87839 328.4798554   0.8364914 24.970965 285.909839  40.15142 34.7121291   2.047462  2.018359 1.310664
 [7,]  58.98205 328.3752581   0.8337935 24.968808 285.903965  40.14807 34.3480718   2.046940  2.017140 1.321109
 [8,]  59.02446 328.4767068   0.7986133 24.940397 285.905966  40.14629 34.3300709   2.049588  2.023751 1.317394
 [9,]  59.33669 328.4405041   0.8128901 24.937222 285.906295  40.15011 34.3685852   2.049114  2.022676 1.318419
[10,]  59.01300 328.4229899   0.8155132 24.944114 285.903007  40.14782 34.3012659   2.045500  2.022248 1.327309
[11,]  59.26023 328.3457737   0.8164189 24.946147 285.903823  40.18102 34.3412218   2.052073  2.021651 1.318815
[12,]  58.66075 317.7257194   0.8203486 25.522151 285.939667  40.13804 34.5346959   2.029717  2.005896 1.325821

$Refset$f
 [1] 105.8594 105.8594 106.0451 106.0781 105.8594 106.2708 106.0451 106.2917 106.2951 106.4080 106.5955 107.3507

$Refset$fpen
 [1] 105.8594 105.8594 106.0451 106.0781 105.8594 106.2708 106.0451 106.2917 106.2951 106.4080 106.5955 107.3507

$Refset$const
          [,1]      [,2]      [,3]      [,4]     [,5]
 [1,] 33.98129  1.579439 22.933685 11.047608 3.082004
 [2,] 22.93368 11.047608  3.082004 33.981292 1.579439
 [3,] 22.93818 33.980871 11.042688  1.579872 3.081540
 [4,] 22.95790 33.985398 11.027495  1.579794 3.082642
 [5,] 22.93368 33.981292 11.047608  1.579439 3.082004
 [6,] 22.95261 33.981641 11.029035  1.577250 3.123609
 [7,] 22.95167 33.982860 11.031192  1.579617 3.085330
 [8,] 22.91665 33.976249 11.059603  1.579411 3.084373
 [9,] 22.91455 33.977324 11.062778  1.579218 3.087985
[10,] 22.92187 33.977752 11.055886  1.579943 3.080388
[11,] 22.92450 33.978349 11.053853  1.579783 3.081810
[12,] 23.51625 33.994104 10.477849  1.573871 3.117138

$Refset$penalty
 [1] 0 0 0 0 0 0 0 0 0 0 0 0


