$f
 [1] 366.63889 159.26562 144.25347 143.45660 137.35069 129.62500 129.38889 129.35590 115.44792 114.85764 110.12674 110.03646 109.30208  96.49653  94.23437  90.25521  83.21354  79.01042  75.44271
[20]  73.24306  71.55035  71.01389  70.91146  70.65972  69.17882  66.18056  66.14410  65.39236  65.34722  62.77604  62.33507  61.04167  61.02951

$x
          [,1]     [,2]      [,3]     [,4]     [,5]     [,6]     [,7]     [,8]     [,9]    [,10]
xbest 52.38607 350.7799 0.1665484 18.48351 284.2650 39.01537 31.88055 2.951347 4.064296 2.639770
xbest 21.43248 199.9467 0.1728822 19.45733 284.1026 45.30835 40.01603 2.034878 8.141485 3.567009
xbest 21.91229 199.9467 0.1785072 19.64483 284.5713 44.50835 42.45353 2.000000 8.141485 3.282009
xbest 55.10139 292.3660 0.4347394 18.59393 285.2559 36.67548 31.56511 3.907861 5.814249 4.497187
xbest 56.07091 282.3359 0.4384943 18.80675 285.6558 37.56579 31.33170 3.762596 5.907568 3.966059
xbest 58.28972 295.9805 0.4137530 16.97319 285.9141 33.75525 31.26622 4.953418 6.780362 4.010424
xbest 58.27338 294.5578 0.4123937 16.89522 285.9133 33.79338 31.38506 4.984613 6.862225 3.956815
xbest 58.93202 284.3493 0.4058846 18.89277 285.5886 37.03371 31.69605 2.937067 6.126805 3.892807
xbest 59.31288 284.3493 0.5015096 18.89277 285.5136 37.03371 31.69605 2.937067 6.076805 3.892807
xbest 57.96666 270.7533 0.4504674 20.70910 285.7612 42.37390 31.86625 2.000000 5.208916 1.796691
xbest 57.77916 270.7533 1.0000000 20.70910 285.7612 42.37390 31.86625 2.000000 5.208916 1.796691
xbest 52.23783 274.5350 0.4866582 19.69534 285.4109 43.35052 35.66038 2.075094 5.907523 1.200000
xbest 52.23783 274.5350 0.4866582 19.69534 285.3922 42.95052 35.66038 2.175094 5.907523 1.200000
xbest 57.65157 272.6834 0.4519894 21.41027 285.7893 43.68340 31.93027 2.000000 4.857200 1.200000
xbest 57.13197 272.3970 0.4664531 21.90891 285.9171 43.84571 30.53594 2.002270 4.576749 1.200000
xbest 56.06561 268.5310 0.4713392 22.79123 286.0099 44.65690 30.19372 2.000000 4.320490 1.200000
xbest 55.87811 268.5310 0.4713392 22.60373 285.9349 44.65690 30.19372 2.000000 4.320490 1.200000
xbest 54.77859 286.6216 0.4130774 22.88095 285.9847 44.32382 30.77581 2.374002 3.755868 1.225952
xbest 55.15359 286.6216 0.5030774 22.88095 285.9847 44.31132 30.77581 2.374002 3.749606 1.231890
xbest 54.11359 301.8587 0.3016599 21.97835 285.9653 45.06080 38.37120 2.385949 3.693614 1.204791
xbest 54.11359 301.8587 0.3241599 21.97835 285.9653 45.06080 38.37120 2.385949 3.693614 1.203307
xbest 54.03825 296.5965 0.8946808 22.25628 285.9326 45.06798 37.17155 2.104034 3.808483 1.231095
xbest 54.23092 299.1548 0.3496756 21.90753 285.9380 44.98668 38.74239 2.379950 3.846731 1.205100
xbest 54.23092 299.1548 0.3496756 21.90753 285.9380 44.98668 38.74239 2.379950 3.843606 1.205100
xbest 53.71370 277.7444 0.6870894 23.32570 285.9207 45.40427 37.46459 2.189178 3.671973 1.363363
xbest 54.04475 277.7444 1.0000000 23.32570 285.9207 45.40134 37.46459 2.189178 3.671973 1.363363
xbest 54.51818 273.3454 0.6100341 23.50698 286.0072 45.62405 34.31046 2.135090 3.677164 1.200000
xbest 54.51818 273.3454 0.6100341 23.50552 285.9885 45.62405 34.31046 2.135090 3.677164 1.202969
xbest 52.55826 280.6469 0.7031915 24.42835 286.2312 48.00000 32.17348 2.168933 3.090024 1.206975
xbest 52.55826 280.0219 1.0000000 24.42835 286.2312 48.00000 32.17348 2.169116 3.090024 1.206975
xbest 53.67882 283.9593 0.8413113 23.96265 286.1650 47.03617 34.36603 2.064374 3.232793 1.241096
xbest 53.77257 283.9593 1.0000000 23.96265 286.1650 47.03617 34.36603 2.064765 3.232793 1.241096
xbest 53.77257 283.9593 1.0000000 23.96265 286.1650 47.03617 34.36603 2.064765 3.232793 1.241838

$time
elapsed elapsed elapsed elapsed elapsed elapsed elapsed elapsed elapsed elapsed elapsed elapsed elapsed elapsed elapsed elapsed elapsed elapsed elapsed elapsed elapsed elapsed elapsed elapsed elapsed 
   0.95    2.50    4.64    7.76   10.89   12.40   15.43   19.95   21.09   53.50   54.48   69.61   70.54   81.79   84.89   86.42   87.42  128.79  130.00  139.45  147.08  159.64  161.22  163.54  210.73 
elapsed elapsed elapsed elapsed elapsed elapsed elapsed elapsed 
 212.00  252.90  253.84  255.45  271.17  327.87  328.87  350.75 

$neval
 [1]   106   258   406   690   971  1107  1382  1791  1895  4700  4790  6279  6364  7303  7572  7706  7796 11331 11437 12249 12863 13933 14067 14275 18209 18322 21833 21917 22054 23369 28253 28344 30101

$fbest
[1] 61.02951

$xbest
 [1]  53.772566 283.959280   1.000000  23.962646 286.164984  47.036166  34.366030   2.064765   3.232793   1.241838

$numeval
[1] 30101

$end_crit
[1] 1

$cpu_time
elapsed 
 350.75 

$Refset
$Refset$x
           [,1]      [,2]        [,3]      [,4]       [,5]      [,6]     [,7]       [,8]      [,9]    [,10]
 [1,]  53.77257   1.00000 286.1649839 34.366030   3.232793  53.77257  1.00000 286.164984 34.366030 3.232793
 [2,] 283.95928  23.96265  47.0361659  2.064765   1.241096 283.95928 23.96265  47.036166  2.064765 1.241096
 [3,]  53.69819 284.31378   0.8143674 23.981361 286.141716  47.05521 34.27494   2.069816  3.208632 1.241983
 [4,]  53.62731 283.90497   0.8538108 24.009218 286.164799  47.04382 34.37907   2.064343  3.218663 1.242010
 [5,]  53.76113 283.43015   0.7969258 24.192850 286.173325  47.08576 34.26990   2.060772  3.125086 1.239425
 [6,]  53.60226 289.79553   0.8192102 23.722471 286.258267  47.86217 34.79313   2.148645  3.193514 1.229574
 [7,]  53.17590 290.42543   1.0000000 23.391688 286.134778  47.64466 33.23359   2.138809  3.358011 1.228200
 [8,]  53.73960 284.28412   0.8317440 23.971566 286.191610  47.06359 34.29375   2.070721  3.217360 1.241347
 [9,]  53.64540 284.29846   0.8257495 23.994824 286.144403  47.07154 34.29658   2.069186  3.221421 1.240963
[10,]  53.25627 286.73601   0.8245424 24.284231 286.236045  47.77484 34.54107   2.108062  2.990944 1.242915
[11,]  53.50645 287.21765   0.9092057 23.890391 286.214136  47.48958 34.59790   2.053221  3.200439 1.202754
[12,]  53.59736 283.46735   0.7683491 24.185472 286.154134  47.28490 34.25916   2.089565  3.127556 1.237623

$Refset$f
 [1] 61.04167 61.04167 61.94271 61.94965 62.04688 62.40278 62.72917 62.31250 62.65278 63.53819 63.92014 65.49826

$Refset$fpen
 [1] 61.04167 61.04167 61.94271 61.94965 62.04688 62.40278 62.72917 62.31250 62.65278 63.53819 63.92014 65.49826

$Refset$const
          [,1]      [,2]      [,3]      [,4]     [,5]
 [1,] 20.72985 12.037354  2.731887 32.767207 1.563125
 [2,] 32.76721  1.563125 20.729853 12.037354 2.731887
 [3,] 20.77273 32.791368 12.018639  1.566089 2.717362
 [4,] 20.79056 32.781337 11.990782  1.563131 2.732323
 [5,] 21.06776 32.874914 11.807150  1.562431 2.725810
 [6,] 20.52896 32.806486 12.277529  1.552538 2.751486
 [7,] 20.03368 32.641989 12.608312  1.569481 2.621862
 [8,] 20.75421 32.782640 12.028434  1.560192 2.734487
 [9,] 20.77340 32.778579 12.005176  1.565753 2.718873
[10,] 21.29329 33.009056 11.715769  1.555583 2.731541
[11,] 20.68995 32.799561 12.109609  1.557554 2.741570
[12,] 21.05792 32.872444 11.814528  1.565008 2.709334

$Refset$penalty
 [1] 0 0 0 0 0 0 0 0 0 0 0 0


