$f
 [1] 727.9323 334.3090 248.4306 217.2604 206.9271 175.3889 173.9236 156.3594 155.1302 133.3976 133.0174 131.5260 130.2517 130.2413 130.2326 130.2101 130.1910 130.1111 130.0486 130.0260 129.8941 129.6719
[23] 129.5729 129.4740 129.4740

$x
          [,1]     [,2]      [,3]     [,4]     [,5]     [,6]     [,7]     [,8]     [,9]    [,10]
xbest 22.45093 345.3334 0.3811687 21.96785 285.2963 31.36892 26.67649 7.708090 5.150712 2.156368
xbest 40.22271 233.0891 0.3994041 23.87162 284.6995 44.99484 40.55107 3.966968 5.087064 1.502296
xbest 40.88063 213.0891 1.0000000 23.83050 284.6995 44.99484 37.91434 3.977934 5.152856 1.502296
xbest 49.96915 340.3763 0.4262749 17.86785 285.7389 42.78506 40.61836 3.420704 5.219094 2.867371
xbest 46.22862 217.2022 0.8940002 28.38159 284.6171 45.19576 40.84424 2.881885 3.117012 1.286954
xbest 51.65035 321.2418 0.5404612 22.76257 285.1095 41.87782 38.16541 2.000000 3.011042 1.227112
xbest 43.91742 214.2658 1.0000000 30.00000 284.4717 45.65166 38.98704 2.005435 2.452513 1.507157
xbest 55.84182 317.8988 0.4983785 23.39008 285.4817 41.68440 38.14188 2.001383 2.795648 1.329511
xbest 57.31641 319.2522 0.5219049 23.43820 285.4807 41.52669 38.07680 2.000000 2.695442 1.219304
xbest 57.10678 319.2522 0.9975195 23.43820 285.4807 41.42669 38.07680 2.000000 2.620442 1.337847
xbest 54.19747 223.6773 0.9472515 29.74757 285.6224 43.50791 39.38545 2.031525 2.252179 1.201144
xbest 54.24434 223.6773 0.9472515 29.74757 285.6224 43.31104 39.38545 2.031525 2.245929 1.201144
xbest 57.99748 301.5146 0.7588857 24.04586 285.6647 41.62788 39.05019 2.427278 2.564197 1.438078
xbest 57.99748 301.5146 0.7588857 24.04586 285.6647 41.62788 39.00957 2.427278 2.564197 1.438078
xbest 54.29924 224.7563 0.9545851 29.73033 285.6166 43.48406 39.20596 2.118029 2.223228 1.201008
xbest 54.29924 224.7563 0.9545851 29.73033 285.6166 43.48406 39.24659 2.118029 2.223228 1.201008
xbest 54.30184 224.7092 0.9530720 29.73026 285.6159 43.48763 39.17366 2.119168 2.223619 1.200743
xbest 54.30789 224.6434 0.9623636 29.73197 285.6099 43.49043 39.14615 2.121544 2.224234 1.200671
xbest 54.37201 224.5510 0.9676759 29.72730 285.6093 43.49896 39.13899 2.122413 2.225930 1.200042
xbest 54.34118 224.5985 0.9632881 29.72944 285.6154 43.50865 39.18721 2.121415 2.225984 1.200000
xbest 54.33005 224.2013 0.9681777 29.72844 285.6082 43.48983 39.13899 2.122578 2.234851 1.200275
xbest 54.33539 223.8917 0.9671663 29.72771 285.6022 43.48823 39.13800 2.122399 2.242321 1.200268
xbest 54.34112 223.4766 0.9649029 29.74644 285.6131 43.49405 39.14966 2.122143 2.247320 1.200316
xbest 54.34112 223.4766 0.9649029 29.74644 285.6131 43.49405 39.10904 2.122143 2.247320 1.200316
xbest 54.34112 223.4766 0.9649029 29.74644 285.6131 43.49405 39.10904 2.122143 2.247320 1.200316

$time
elapsed elapsed elapsed elapsed elapsed elapsed elapsed elapsed elapsed elapsed elapsed elapsed elapsed elapsed elapsed elapsed elapsed elapsed elapsed elapsed elapsed elapsed elapsed elapsed elapsed 
   1.01    2.81    4.28    9.58   11.14   12.78   14.36   15.92   20.54   22.08  121.65  122.65  127.40  138.98  200.20  201.00  204.12  207.65  213.76  220.54  262.93  271.67  317.84  318.64  345.06 

$neval
 [1]   106   261   394   824   966  1111  1252  1393  1805  1937 10596 10686 11096 12104 17410 17483 17753 18020 18560 19165 22922 23685 27746 27820 30011

$fbest
[1] 129.474

$xbest
 [1]  54.3411240 223.4766072   0.9649029  29.7464412 285.6130796  43.4940533  39.1090371   2.1221432   2.2473202   1.2003164

$numeval
[1] 30011

$end_crit
[1] 1

$cpu_time
elapsed 
 345.06 

$Refset
$Refset$x
           [,1]        [,2]        [,3]      [,4]       [,5]      [,6]       [,7]       [,8]      [,9]    [,10]
 [1,]  54.34112   0.9649029 285.6130796 39.109037   2.247320  54.34112  0.9649029 285.613080 39.109037 2.247320
 [2,] 223.47661  29.7464412  43.4940533  2.122143   1.200316 223.47661 29.7464412  43.494053  2.122143 1.200316
 [3,]  54.40076 223.7515583   0.9656386 29.735212 285.611258  43.49446 39.1354672   2.121904  2.242711 1.200374
 [4,]  54.44371 223.6599772   0.9658096 29.740956 285.610088  43.49640 39.1353427   2.122119  2.241404 1.200113
 [5,]  54.45950 223.8880967   0.9659990 29.733910 285.610355  43.49244 39.1694836   2.121850  2.237204 1.200161
 [6,]  54.33647 223.9776069   0.9649911 29.732771 285.611640  43.49244 39.1531218   2.122004  2.239771 1.200305
 [7,]  54.50287 223.9896188   0.9657735 29.730962 285.611536  43.49051 39.0891683   2.121305  2.234020 1.200269
 [8,]  54.41655 224.2373556   0.9662353 29.727649 285.612890  43.49590 39.1806084   2.121048  2.230129 1.200331
 [9,]  54.39603 224.1460731   0.9651039 29.714395 285.609651  43.49545 39.1307113   2.120836  2.247979 1.200572
[10,]  54.41901 224.0447339   0.9656365 29.724555 285.612008  43.49517 39.1355653   2.121294  2.236092 1.200325
[11,]  54.32634 224.5166336   0.9612306 29.732648 285.611730  43.49624 39.1692897   2.149941  2.219146 1.200196
[12,]  53.81011 232.6569128   0.9677060 27.965943 285.771614  43.24848 38.6714512   2.420461  2.349648 2.121323

$Refset$f
 [1] 129.4740 129.4740 129.5955 129.6215 129.6215 129.6823 129.7205 129.8038 130.1215 129.7899 130.5451 232.0139

$Refset$fpen
 [1] 129.4740 129.4740 129.5955 129.6215 129.6215 129.6823 129.7205 129.8038 130.1215 129.7899 130.5451 232.0139

$Refset$const
          [,1]      [,2]      [,3]      [,4]     [,5]
 [1,] 27.49912  6.253559  3.172697 33.752680 1.613560
 [2,] 33.75268  1.613560 27.499121  6.253559 3.172697
 [3,] 27.49250 33.757289  6.264788  1.613727 3.174731
 [4,] 27.49955 33.758596  6.259044  1.613907 3.174191
 [5,] 27.49671 33.762796  6.266090  1.613720 3.178021
 [6,] 27.49300 33.760229  6.267229  1.613594 3.176783
 [7,] 27.49694 33.765980  6.269038  1.613853 3.170575
 [8,] 27.49752 33.769871  6.272351  1.613314 3.179589
 [9,] 27.46642 33.752021  6.285605  1.613986 3.173683
[10,] 27.48846 33.763908  6.275445  1.613619 3.174906
[11,] 27.51350 33.780854  6.267352  1.613531 3.178079
[12,] 25.61629 33.650352  8.034057  1.591369 3.201401

$Refset$penalty
 [1] 0 0 0 0 0 0 0 0 0 0 0 0


