$f
 [1] 1478.2431  550.5503  524.3073  486.7552  476.4861  463.9479  454.0608  426.1788  408.7135  397.8976  393.1545  391.0955  384.4705  383.3819  382.7882  381.4635  381.2274  381.1493  380.3438
[20]  379.1806  378.9983

$x
          [,1]     [,2]      [,3]     [,4]     [,5]     [,6]     [,7]     [,8]     [,9]    [,10]
xbest 42.88962 317.7318 0.6676316 26.87026 285.4369 30.21057 26.45059 3.067834 2.330210 1.845939
xbest 59.23266 259.5927 0.4138475 21.14012 285.2998 42.97643 39.56814 2.066215 4.374487 5.000000
xbest 59.13236 259.5927 0.3253520 21.14012 285.2951 43.07643 39.56814 2.116215 4.374487 5.000000
xbest 61.31123 286.7839 0.3100634 20.61731 285.5241 43.76947 39.60961 2.000000 3.937131 5.000000
xbest 60.50401 281.2114 0.3058759 21.03820 285.5481 43.82070 38.62775 2.060540 3.928813 5.000000
xbest 61.44179 304.8719 0.5223130 20.61767 285.5148 43.04018 37.61770 2.601117 3.779148 4.050336
xbest 62.08024 303.2220 0.6596330 20.44596 285.5515 42.72484 37.68955 2.983947 3.709410 4.071097
xbest 62.26774 303.1347 0.9971330 20.39909 285.5699 42.74580 37.66684 2.983947 3.809410 4.029534
xbest 61.17902 321.1041 0.4163736 20.11355 285.5338 43.48540 37.43844 2.546276 3.639291 2.380037
xbest 61.70367 332.1766 0.3918125 20.18914 285.5313 43.53876 37.67220 2.453930 3.272510 1.581407
xbest 61.70367 332.0985 0.3693125 20.18914 285.5313 43.53720 37.67474 2.453930 3.272510 1.581407
xbest 61.22927 323.4172 0.4001686 20.13894 285.5397 43.47860 37.50977 2.768313 3.484386 1.536249
xbest 61.22927 323.4172 0.3776686 20.13894 285.5397 43.47860 37.67227 2.768313 3.484386 1.536249
xbest 61.22045 323.9121 0.4122239 20.15102 285.5267 43.48531 37.44904 2.759753 3.475997 1.541974
xbest 61.23803 323.9121 0.4123997 20.15102 285.5267 43.48531 37.44904 2.759753 3.475997 1.541974
xbest 61.22691 324.9054 0.4101806 20.15307 285.5348 43.48151 37.47709 2.755704 3.461065 1.517183
xbest 61.22942 324.9337 0.4096424 20.15319 285.5347 43.48151 37.48361 2.754817 3.460851 1.517765
xbest 61.23100 324.9421 0.4096424 20.15288 285.5347 43.48143 37.48362 2.754855 3.460854 1.517769
xbest 61.13751 328.5663 0.4167996 19.94648 285.4884 43.48513 37.36381 2.551054 3.467136 1.941654
xbest 61.13751 328.5663 0.3717996 19.94648 285.4884 43.48513 37.36381 2.551054 3.467136 1.941654
xbest 61.13751 328.5663 0.3717996 19.94666 285.4884 43.48513 37.36381 2.551054 3.467136 1.941654

$time
elapsed elapsed elapsed elapsed elapsed elapsed elapsed elapsed elapsed elapsed elapsed elapsed elapsed elapsed elapsed elapsed elapsed elapsed elapsed elapsed elapsed 
   2.07    5.92    8.84   21.20   35.82   39.93   47.82   52.03   55.86   78.92   92.43  148.89  150.98  285.34  287.51  314.40  329.54  357.32  539.25  541.23  844.09 

$neval
 [1]   106   252   365   796  1349  1489  1768  1916  2056  2891  3391  5412  5491 10222 10304 11381 11985 13068 19512 19586 30120

$fbest
[1] 378.9983

$xbest
 [1]  61.1375139 328.5662591   0.3717996  19.9466633 285.4884257  43.4851264  37.3638144   2.5510543   3.4671361   1.9416539

$numeval
[1] 30120

$end_crit
[1] 1

$cpu_time
elapsed 
 844.09 

$Refset
$Refset$x
          [,1]     [,2]      [,3]     [,4]     [,5]     [,6]     [,7]     [,8]     [,9]    [,10]
 [1,] 61.16705 329.3425 0.4017321 20.02681 285.4856 43.53028 37.31965 2.549745 3.411244 1.960560
 [2,] 61.16996 329.3424 0.4018100 20.02689 285.4855 43.52962 37.31953 2.549784 3.410735 1.960562
 [3,] 61.15489 329.3755 0.4028973 20.03536 285.4895 43.52792 37.31340 2.549609 3.408940 1.961025
 [4,] 61.17861 329.3820 0.4023489 20.02639 285.4855 43.52860 37.31985 2.549937 3.410634 1.960562
 [5,] 61.16669 329.3391 0.4016471 20.02683 285.4856 43.53041 37.32007 2.549751 3.411347 1.961176
 [6,] 61.18953 329.3649 0.4028338 20.02690 285.4855 43.52813 37.31497 2.549828 3.408878 1.953732
 [7,] 61.18935 329.3266 0.3907078 20.02673 285.4849 43.47515 37.30539 2.546911 3.409731 1.956500
 [8,] 61.17533 329.3424 0.4019290 20.02432 285.4856 43.53062 37.31904 2.549804 3.414798 1.960665
 [9,] 61.18739 329.2966 0.3948957 20.03012 285.4815 43.47041 37.29012 2.546245 3.409590 1.957848
[10,] 61.16496 329.3926 0.4048641 20.03377 285.4850 43.53174 37.18526 2.551627 3.414787 1.960870
[11,] 61.17215 329.4917 0.4018614 20.02695 285.4857 43.52908 37.31954 2.549844 3.411304 1.961948
[12,] 61.23404 329.4088 0.4086639 20.02609 285.4858 43.51704 37.31964 2.574528 3.407939 1.984635

$Refset$f
 [1] 381.8281 381.8281 381.9670 382.0278 382.0347 382.3698 382.3837 382.4497 383.5608 385.7361 383.3090 390.1580

$Refset$fpen
 [1] 381.8281 381.8281 381.9670 382.0278 382.0347 382.3698 382.3837 382.4497 383.5608 385.7361 383.3090 390.1580

$Refset$const
          [,1]     [,2]     [,3]     [,4]     [,5]
 [1,] 16.61557 32.58876 15.97319 1.637872 2.966755
 [2,] 16.61616 32.58926 15.97311 1.637875 2.966786
 [3,] 16.62642 32.59106 15.96464 1.637324 2.967416
 [4,] 16.61575 32.58937 15.97361 1.637875 2.966885
 [5,] 16.61548 32.58865 15.97317 1.637871 2.966782
 [6,] 16.61803 32.59112 15.97310 1.637893 2.966480
 [7,] 16.61700 32.59027 15.97327 1.637884 2.969484
 [8,] 16.60952 32.58520 15.97568 1.637871 2.966681
 [9,] 16.62053 32.59041 15.96988 1.638395 2.967609
[10,] 16.61898 32.58521 15.96623 1.638285 2.954743
[11,] 16.61565 32.58870 15.97305 1.637859 2.966854
[12,] 16.61815 32.59206 15.97391 1.637807 2.967819

$Refset$penalty
 [1] 0 0 0 0 0 0 0 0 0 0 0 0


