$f
 [1] 1205.6406 1035.7153 1011.0122  818.6823  706.7465  698.0226  675.9948  656.5243  633.1910  590.2309  586.5486  585.8056  584.7587  576.5469  575.4965  564.3438  562.8125  555.5747  552.6788
[20]  539.4826  536.4236  535.5747  535.3767  534.0642  528.9514  528.4062  528.1441  528.1441

$x
          [,1]     [,2]      [,3]     [,4]     [,5]     [,6]     [,7]     [,8]     [,9]    [,10]
xbest 47.59924 166.3610 0.2617715 23.66564 286.0136 39.02712 29.21784 6.637692 5.889270 2.037700
xbest 40.20258 158.7694 0.1142154 23.74400 286.0697 38.96528 31.13030 6.797070 5.683689 1.949322
xbest 40.24946 158.7694 0.1138639 23.74400 286.0708 39.06528 31.13030 6.797070 5.677439 1.949507
xbest 43.56513 154.0617 0.1000000 23.78107 286.2170 38.63789 30.38371 7.207835 5.484092 2.022789
xbest 47.55991 257.1238 0.4533170 20.04700 286.0939 46.94441 28.92829 5.116843 5.027016 3.036826
xbest 45.55534 247.1585 0.2540108 20.53538 286.0652 45.76398 31.03331 5.270338 5.016506 2.845531
xbest 54.80589 219.0567 0.2744817 28.05626 286.4185 40.73272 30.11095 4.166811 2.532213 2.398533
xbest 54.80443 219.0567 0.2505755 28.05626 286.4185 40.33272 30.11095 4.166811 2.532213 2.422283
xbest 46.56252 240.8035 0.2014200 20.09155 286.0757 46.60395 30.72512 5.555733 5.053112 2.850660
xbest 46.18752 240.8035 0.2012442 20.09155 286.0775 46.50415 30.72005 5.554170 5.089050 2.877379
xbest 57.86461 219.7771 0.1686481 28.91532 286.6911 41.80799 30.53360 2.485586 2.029919 1.660295
xbest 57.83532 219.7771 0.1686481 28.91532 286.6911 41.80799 30.53360 2.485586 2.029919 1.660295
xbest 56.75640 220.2647 0.1274390 27.57461 286.6636 43.41253 29.83264 2.154582 2.268780 2.220754
xbest 56.73297 220.2647 0.1274390 27.57461 286.6824 43.41253 29.83264 2.154582 2.268780 2.220754
xbest 56.84280 229.8867 0.1011906 25.91005 286.6334 44.19146 29.59927 2.066300 2.390525 2.280439
xbest 56.84280 229.8867 0.1000000 25.91005 286.6334 44.19146 29.59927 2.066397 2.389548 2.277470
xbest 57.26648 231.0965 0.1000000 26.02798 286.7526 44.14806 30.40821 2.241421 2.309472 2.278658
xbest 57.26648 231.0965 0.1000879 26.02944 286.7526 44.14806 30.24571 2.241421 2.309472 2.278658
xbest 56.18892 257.3376 0.1048019 24.29112 286.6533 43.96178 28.71081 2.254225 2.527407 2.209826
xbest 56.28267 257.3376 0.1062081 24.33800 286.6720 43.96178 28.71081 2.254225 2.530532 2.212794
xbest 55.82525 256.4792 0.1046646 24.81986 286.6925 44.77188 30.03672 2.272804 2.262370 2.225409
xbest 55.83111 256.4792 0.1046646 24.81986 286.6925 44.77188 30.03672 2.272804 2.262370 2.225409
xbest 55.92198 256.4225 0.1046543 24.81929 286.6988 44.76625 30.05116 2.272817 2.267685 2.222076
xbest 55.88257 257.3019 0.1046631 24.81854 286.6930 44.71230 30.03118 2.272552 2.262357 2.228363
xbest 55.88403 257.3019 0.1046631 24.81561 286.6930 44.71230 29.99055 2.272943 2.249857 2.228363
xbest 54.95464 266.7302 0.1129490 24.59976 286.7273 44.70501 29.97832 2.270315 2.284033 2.194339
xbest 54.95464 266.7302 0.1129490 24.59976 286.7273 44.70501 29.97832 2.270315 2.284033 2.195081
xbest 54.95464 266.7302 0.1129490 24.59976 286.7273 44.70501 29.97832 2.270315 2.284033 2.195081

$time
elapsed elapsed elapsed elapsed elapsed elapsed elapsed elapsed elapsed elapsed elapsed elapsed elapsed elapsed elapsed elapsed elapsed elapsed elapsed elapsed elapsed elapsed elapsed elapsed elapsed 
   2.75    8.90   13.04   25.25   31.17   60.10   72.06   76.28  105.67  141.35  300.40  303.85  363.48  367.18  434.90  439.14  605.46  609.01  795.71  800.14  967.71  970.87 1012.75 1024.31 1034.73 
elapsed elapsed elapsed 
1276.82 1280.00 1313.57 

$neval
 [1]   106   256   355   642   786  1480  1755  1855  2532  3348  7003  7084  8438  8525 10265 10364 14126 14209 18435 18538 22331 22404 23349 23616 23847 29287 29360 30024

$fbest
[1] 528.1441

$xbest
 [1]  54.954643 266.730151   0.112949  24.599757 286.727256  44.705012  29.978322   2.270315   2.284033   2.195081

$numeval
[1] 30024

$end_crit
[1] 1

$cpu_time
elapsed 
1313.57 

$Refset
$Refset$x
           [,1]       [,2]        [,3]      [,4]       [,5]      [,6]      [,7]       [,8]      [,9]    [,10]
 [1,]  54.95464   0.112949 286.7272555 29.978322   2.284033  54.95464  0.112949 286.727256 29.978322 2.284033
 [2,] 266.73015  24.599757  44.7050115  2.270315   2.195081 266.73015 24.599757  44.705012  2.270315 2.195081
 [3,]  55.20596 264.550371   0.1113794 24.678469 286.702268  44.54323 29.906533   2.270160  2.284189 2.204267
 [4,]  55.34927 264.466826   0.1073453 24.611796 286.698189  44.56050 29.910095   2.270167  2.265803 2.207475
 [5,]  54.39274 259.858448   0.1040133 24.971205 286.671977  44.58866 29.944432   2.275267  2.201674 2.189947
 [6,]  55.63124 253.599637   0.1003584 25.179515 286.688512  44.54666 29.991029   2.270700  2.174075 2.204119
 [7,]  55.21129 266.117962   0.1075502 24.684142 286.738292  44.70693 30.180240   2.198407  2.211071 2.148014
 [8,]  55.54701 257.278591   0.1051169 25.087663 286.685146  44.62685 29.990543   2.272736  2.180994 2.203487
 [9,]  56.49541 273.518537   0.1203738 24.314044 286.681566  44.66285 29.957850   2.276825  2.202265 2.198870
[10,]  56.02745 261.404202   0.1034332 24.613623 286.720990  44.82614 29.801415   2.569447  2.187768 2.007078
[11,]  54.67988 258.109681   0.1101595 24.885265 286.710628  44.70336 29.925321   2.271114  2.334358 2.196046
[12,]  55.85875 258.965667   0.1084613 24.944727 286.684396  44.61402 29.952209   2.171421  2.222960 2.079873

$Refset$f
 [1] 528.1441 528.1441 531.4792 533.4514 535.0503 535.5486 537.6545 537.7604 541.2760 541.7986 542.0191 548.4601

$Refset$fpen
 [1] 528.1441 528.1441 531.4792 533.4514 535.0503 535.5486 537.6545 537.7604 541.2760 541.7986 542.0191 548.4601

$Refset$const
          [,1]      [,2]      [,3]      [,4]     [,5]
 [1,] 22.31572 11.400243  2.751081 33.715967 1.505979
 [2,] 33.71597  1.505979 22.315723 11.400243 2.751081
 [3,] 22.39428 33.715811 11.321531  1.508667 2.743527
 [4,] 22.34599 33.734197 11.388204  1.509149 2.741339
 [5,] 22.76953 33.798326 11.028795  1.512038 2.731975
 [6,] 23.00544 33.825925 10.820485  1.509956 2.743689
 [7,] 22.47307 33.788929 11.315858  1.504096 2.769483
 [8,] 22.90667 33.819006 10.912337  1.510501 2.738600
 [9,] 22.11178 33.797735 11.685956  1.511074 2.733280
[10,] 22.42586 33.812232 11.386377  1.507477 2.730911
[11,] 22.55091 33.665642 11.114735  1.508004 2.740796
[12,] 22.72177 33.777040 11.055273  1.510675 2.736262

$Refset$penalty
 [1] 0 0 0 0 0 0 0 0 0 0 0 0


