$f
 [1] 329.16667 209.72569 172.87500 152.98785 142.08333 140.42708 137.40625 122.08854 115.06076 112.31944 109.60417 108.10590 106.30903 105.56597 105.47743 103.10243  96.85590  94.94792  89.71528
[20]  89.37153  87.18576  86.97569  85.65625  85.50868  85.14062  84.84549

$x
          [,1]     [,2]      [,3]     [,4]     [,5]     [,6]     [,7]     [,8]      [,9]    [,10]
xbest 28.67378 236.5756 0.1284933 16.42839 286.3339 40.97105 29.65707 5.640259  9.971719 1.602416
xbest 20.00000 240.6653 0.1000000 15.25715 286.5573 48.00000 27.86120 6.063320 10.000000 1.367280
xbest 20.00000 239.3769 0.1000000 15.53552 286.5960 48.00000 27.69870 5.960242 10.000000 1.365570
xbest 78.99922 450.4154 0.7529033 15.93654 285.1451 27.91846 27.44736 2.000000  5.240744 4.317766
xbest 74.37565 349.5559 0.7093624 20.80489 285.5213 31.47661 28.41750 2.020594  3.912132 3.978165
xbest 60.26713 405.2504 0.6658320 16.29007 285.4252 37.27628 30.27478 2.790110  5.649511 1.823823
xbest 65.09197 391.2115 0.6085463 18.69522 286.3589 37.25542 31.46512 2.792849  4.613686 2.060313
xbest 65.51123 391.2115 0.8993769 18.66901 286.3380 37.25542 31.46512 2.692849  4.469588 2.440313
xbest 62.77628 367.7271 0.7270764 18.60130 286.0659 40.25794 37.21791 2.722644  4.584515 1.249487
xbest 58.74003 382.6125 0.7446359 18.27297 286.0869 42.35486 39.19828 2.958863  4.640892 1.200000
xbest 58.69316 382.6125 0.7671359 18.27297 286.0869 42.35174 39.19828 2.946363  4.640892 1.200000
xbest 60.29801 397.6961 0.6522135 17.58095 286.3622 42.30046 37.11345 3.001691  4.797960 1.327477
xbest 60.31559 397.6961 0.6297135 17.58095 286.3633 42.30046 37.11345 3.003254  4.785460 1.339352
xbest 61.67176 394.7256 0.6494382 18.10489 286.3919 42.14821 37.26795 2.962201  4.488704 1.260697
xbest 61.66590 394.7256 0.6494382 18.10489 286.3919 42.14821 37.26795 2.962201  4.488704 1.260697
xbest 65.33691 396.5723 0.6405132 18.43355 286.5725 40.90961 30.28834 2.227767  4.248385 1.281724
xbest 65.31347 396.5723 0.6630132 18.43355 286.6475 40.86586 30.28834 2.527767  4.245260 1.281724
xbest 65.98028 412.1201 0.5098603 18.58232 286.6469 40.73831 30.57809 2.000000  3.934871 1.294034
xbest 65.95408 412.2948 0.5098603 18.58232 286.6462 40.82433 30.90309 2.003494  3.884871 1.294034
xbest 65.61821 407.3810 0.8064123 18.42103 286.6112 41.28374 31.54850 2.033775  3.996136 1.322626
xbest 65.55192 407.3810 0.9864123 18.41128 286.6112 41.28061 31.54342 2.030650  4.008636 1.316689
xbest 65.70188 409.9698 0.7947270 18.44474 286.6202 41.28019 31.61123 2.027879  3.924848 1.321986
xbest 65.70188 409.9698 0.8847270 18.44474 286.6202 41.28019 31.61123 2.027879  3.924848 1.321986
xbest 65.71364 406.9280 0.8086677 18.41212 286.6291 41.29268 31.33541 2.008564  4.006529 1.239376
xbest 65.70192 406.9280 0.7636677 18.41212 286.6291 41.29268 31.33541 2.008564  4.006529 1.239376
xbest 65.70192 406.9280 0.7636677 18.41212 286.6291 41.29268 31.29479 2.008564  4.006529 1.239376

$time
elapsed elapsed elapsed elapsed elapsed elapsed elapsed elapsed elapsed elapsed elapsed elapsed elapsed elapsed elapsed elapsed elapsed elapsed elapsed elapsed elapsed elapsed elapsed elapsed elapsed 
   0.91    2.66    3.87   11.87   15.00   18.11   19.69   21.19   30.17   32.98   36.81   60.84   62.51   89.22   90.05  106.05  107.28  120.30  124.75  161.08  162.42  210.92  211.76  332.69  333.56 
elapsed 
 342.37 

$neval
 [1]   106   261   370  1082  1363  1645  1782  1918  2733  3000  3360  5519  5625  7898  7972  9327  9438 10520 10911 14322 14445 18662 18738 29301 29380 30061

$fbest
[1] 84.84549

$xbest
 [1]  65.7019214 406.9280315   0.7636677  18.4121220 286.6290705  41.2926816  31.2947868   2.0085642   4.0065292   1.2393760

$numeval
[1] 30061

$end_crit
[1] 1

$cpu_time
elapsed 
 342.37 

$Refset
$Refset$x
           [,1]        [,2]        [,3]      [,4]       [,5]      [,6]       [,7]       [,8]      [,9]    [,10]
 [1,]  65.70192   0.7636677 286.6290705 31.335412   4.006529  65.70192  0.7636677 286.629071 31.335412 4.006529
 [2,] 406.92803  18.4121220  41.2926816  2.008564   1.239376 406.92803 18.4121220  41.292682  2.008564 1.239376
 [3,]  65.71364 406.9280315   0.8086677 18.412122 286.629071  41.29268 31.3354118   2.008564  4.006529 1.239376
 [4,]  65.76796 407.6377481   0.8043633 18.405615 286.620389  41.27826 31.7450844   2.026106  3.991488 1.322261
 [5,]  65.77031 407.5970779   0.8065224 18.403711 286.620418  41.27838 31.7755138   2.025678  3.994181 1.322442
 [6,]  65.72032 407.8868023   0.8123672 18.395983 286.620642  41.27778 31.5772374   2.028126  3.997521 1.321912
 [7,]  65.72824 407.6741565   0.8072957 18.401576 286.620464  41.27804 31.5781650   2.027773  3.997587 1.322266
 [8,]  65.76930 407.6817416   0.8063967 18.411161 286.619661  41.27840 31.5584720   2.026909  3.990862 1.322749
 [9,]  65.04602 410.8069058   0.8160611 18.402963 286.505260  41.37621 29.7088635   2.021976  3.914444 1.303991
[10,]  65.34681 407.7054695   0.8115496 18.411006 286.570525  41.30639 30.3006926   2.006157  3.983070 1.297407
[11,]  65.65205 408.0033480   0.8119495 18.387161 286.611381  41.27968 31.5421927   2.028413  3.995466 1.316508
[12,]  59.12960 355.5294073   0.8029011 18.317160 285.961336  39.70445 30.4919150   3.041142  5.510140 1.614125

$Refset$f
 [1]  85.14062  85.14062  85.50868  85.96875  85.96875  85.98438  86.01736  86.09375  87.26910  88.09028  88.68056 153.83507

$Refset$fpen
 [1]  85.14062  85.14062  85.50868  85.96875  85.96875  85.98438  86.01736  86.09375  87.26910  88.09028  88.68056 153.83507

$Refset$const
          [,1]      [,2]      [,3]      [,4]     [,5]
 [1,] 14.40559 17.587878  3.002532 31.993471 1.503195
 [2,] 31.99347  1.503195 14.405593 17.587878 3.002532
 [3,] 14.40559 31.993471 17.587878  1.503195 3.002532
 [4,] 14.41413 32.008512 17.594385  1.502365 3.035558
 [5,] 14.40953 32.005819 17.596289  1.502222 3.038256
 [6,] 14.39846 32.002479 17.604017  1.503094 3.020920
 [7,] 14.40399 32.002413 17.598424  1.503113 3.020907
 [8,] 14.42030 32.009138 17.588839  1.503301 3.018805
 [9,] 14.48852 32.085556 17.597037  1.524704 2.812779
[10,] 14.42794 32.016930 17.588994  1.514625 2.889962
[11,] 14.39170 32.004534 17.612839  1.504395 3.013677
[12,] 12.80702 30.489860 17.682840  1.583930 2.787179

$Refset$penalty
 [1] 0 0 0 0 0 0 0 0 0 0 0 0


