$f
 [1] 1725.3194 1484.2951 1128.7969 1000.6424  943.6458  923.2917  863.6944  854.1146  825.8958  820.3003  819.2240  815.3924  807.9722  805.3906  804.5660  804.4062  802.6493  801.2569  801.2465
[20]  801.0191  800.6163  800.4306  800.2483

$x
          [,1]     [,2]      [,3]     [,4]     [,5]     [,6]     [,7]     [,8]     [,9]    [,10]
xbest 31.86782 430.9666 0.7995167 21.55924 284.1471 43.09071 29.84504 3.003711 2.575535 1.897665
xbest 31.89103 405.5922 0.6911005 21.54080 284.2306 48.00000 34.07621 3.773028 2.605405 2.068419
xbest 31.29347 405.5922 1.0000000 21.74985 284.1679 48.00000 35.52966 2.973028 2.605405 1.855992
xbest 49.64118 261.8177 0.9397255 23.56415 284.2659 37.87350 29.13062 2.564511 4.239417 2.254187
xbest 47.16942 263.6925 0.7090520 23.48830 285.0251 39.85345 30.72989 2.095970 4.178737 1.349162
xbest 33.56823 337.2680 0.9892702 19.32479 284.0000 44.24083 38.35023 2.895604 4.945781 1.315387
xbest 33.59167 337.2680 0.9892702 19.32479 284.0047 44.19086 39.65023 2.000000 4.942654 1.200000
xbest 39.87074 299.8982 0.8665748 22.61266 284.1338 45.41844 46.19524 2.000000 3.800901 1.364850
xbest 39.87074 300.0154 1.0000000 22.61559 284.1408 45.41844 46.19524 2.000000 3.775901 1.388229
xbest 38.92173 297.7830 0.8594002 22.55593 284.0050 45.26531 45.96600 2.033395 3.877423 1.412734
xbest 38.92173 297.7830 0.8369002 22.55300 284.0050 45.26531 45.96600 2.033395 3.877423 1.409765
xbest 41.34474 301.9660 0.8635335 22.56166 284.1800 45.21579 45.03485 2.113125 3.748447 1.407489
xbest 41.29786 301.9660 1.0000000 22.56166 284.1800 45.21579 45.03485 2.113125 3.748447 1.407489
xbest 40.57449 312.7718 0.8684663 22.54807 284.2834 45.69750 45.23688 2.139564 3.574381 1.393047
xbest 40.57449 312.7718 0.8909663 22.54807 284.2834 45.69750 45.23688 2.139564 3.574381 1.393047
xbest 40.58689 313.3452 0.8684560 22.54452 284.2821 45.70067 45.22278 2.139908 3.562534 1.393043
xbest 40.57597 311.9520 0.8660892 22.60504 284.2831 45.70322 45.25742 2.140308 3.562011 1.392974
xbest 40.56425 311.9520 0.9110892 22.60504 284.2831 45.70322 45.25742 2.140308 3.562011 1.392974
xbest 40.58789 313.3990 0.8682078 22.54336 284.2800 45.70059 45.23176 2.140370 3.561477 1.393049
xbest 40.59375 313.3990 0.8682078 22.54336 284.2800 45.70059 45.23176 2.140370 3.561477 1.393049
xbest 40.60524 313.2484 0.8661889 22.55037 284.2827 45.70172 45.25129 2.140212 3.560823 1.392966
xbest 40.60524 313.2484 0.8661669 22.55037 284.2827 45.70172 45.25129 2.140212 3.560823 1.392966
xbest 40.60524 313.2484 0.8661669 22.55037 284.2827 45.70162 45.25129 2.140212 3.560823 1.392966

$time
elapsed elapsed elapsed elapsed elapsed elapsed elapsed elapsed elapsed elapsed elapsed elapsed elapsed elapsed elapsed elapsed elapsed elapsed elapsed elapsed elapsed elapsed elapsed 
   3.97   11.70   18.26   45.98   53.64   59.36   88.39  181.73  186.07  316.72  320.48  387.93  391.23  998.07 1001.95 1069.79 1122.01 1130.48 1220.90 1223.62 1241.37 1288.68 1328.12 

$neval
 [1]   106   262   407   987  1130  1268  1954  4258  4375  7502  7588  9194  9278 22323 22396 24036 25335 25549 27716 27789 28194 29230 30050

$fbest
[1] 800.2483

$xbest
 [1]  40.6052372 313.2483977   0.8661669  22.5503699 284.2826870  45.7016222  45.2512924   2.1402124   3.5608231   1.3929657

$numeval
[1] 30050

$end_crit
[1] 1

$cpu_time
elapsed 
1328.12 

$Refset
$Refset$x
           [,1]        [,2]        [,3]      [,4]       [,5]      [,6]       [,7]       [,8]      [,9]    [,10]
 [1,] 313.24840  22.5503699  45.7017199  2.140212   1.392966 313.24840 22.5503699  45.701720  2.140212 1.392966
 [2,]  40.60524   0.8661669 284.2826870 45.251292   3.560823  40.60524  0.8661669 284.282687 45.251292 3.560823
 [3,]  40.58956 313.3822616   0.8699248 22.544318 284.278479  45.70234 45.2245374   2.140723  3.561631 1.393097
 [4,]  40.58990 313.3947763   0.8688078 22.544118 284.278580  45.70138 45.2244771   2.140709  3.561442 1.393068
 [5,] 313.39905  22.5433612  45.7005921  2.140370   1.393049 313.39905 22.5433612  45.700592  2.140370 1.393049
 [6,]  40.59797 313.4171599   0.8672537 22.542647 284.279772  45.70045 45.2294425   2.140205  3.561300 1.393080
 [7,]  40.59219 313.4158140   0.8680895 22.542828 284.279154  45.70036 45.2283179   2.140705  3.561429 1.393016
 [8,]  40.56378 312.9096859   0.8671511 22.549499 284.282763  45.70083 45.2503903   2.140006  3.570795 1.392955
 [9,]  40.59614 313.4179525   0.8690452 22.542959 284.279765  45.70048 45.2310063   2.141071  3.559365 1.393125
[10,]  40.59245 313.3795430   0.8681991 22.547250 284.282266  45.70279 45.2498467   2.140497  3.561208 1.393094
[11,]  40.56229 313.0875534   0.8674791 22.549486 284.282388  45.70072 45.2469792   2.140067  3.566410 1.392972
[12,]  40.74614 313.2214731   0.8623592 22.532016 284.330967  45.70250 45.2383650   2.152165  3.556524 1.555682

$Refset$f
 [1] 800.4306 800.4306 800.9948 800.9948 801.0191 801.0191 801.0191 801.2049 800.9913 801.3733 801.4653 809.0295

$Refset$fpen
 [1] 800.4306 800.4306 800.9948 800.9948 801.0191 801.0191 801.0191 801.2049 800.9913 801.3733 801.4653 809.0295

$Refset$const
          [,1]      [,2]     [,3]      [,4]     [,5]
 [1,] 32.43918  1.835127 18.98955 13.449630 3.338470
 [2,] 18.98955 13.449630  3.33847 32.439177 1.835127
 [3,] 18.98269 32.438369 13.45568  1.836037 3.334935
 [4,] 18.98268 32.438558 13.45588  1.836015 3.335047
 [5,] 32.43852  1.835709 18.98188 13.456639 3.336102
 [6,] 18.98135 32.438700 13.45735  1.835758 3.335831
 [7,] 18.98140 32.438571 13.45717  1.835890 3.335658
 [8,] 18.97870 32.429205 13.45050  1.835111 3.338473
 [9,] 18.98359 32.440635 13.45704  1.835759 3.336008
[10,] 18.98604 32.438792 13.45275  1.835218 3.338143
[11,] 18.98308 32.433590 13.45051  1.835192 3.338059
[12,] 18.97549 32.443476 13.46798  1.824980 3.341247

$Refset$penalty
 [1] 0 0 0 0 0 0 0 0 0 0 0 0


