$f
 [1] 271.5417 195.8993 184.1458 179.6146 178.3125 173.5938 156.1545 150.8437 137.3802 134.3628 133.2986 122.0851 121.9688 121.5451 121.3750 121.3576 121.0868 120.5747 120.2205 120.0729 119.4323 119.4167
[23] 119.1163 119.0156 118.7830 118.7812 118.7153 118.5955 118.5156 118.4167 118.3490 118.3073 118.1424 118.0990 117.9688 117.9688

$x
          [,1]     [,2]      [,3]     [,4]     [,5]     [,6]     [,7]     [,8]     [,9]    [,10]
xbest 43.99483 366.5822 0.5074679 23.47879 285.3008 32.50109 27.12316 7.796265 2.152086 3.699368
xbest 47.50182 345.8784 0.4339077 22.94296 285.4174 42.38453 32.25004 4.607300 3.081657 4.011941
xbest 46.75182 345.8784 1.0000000 22.94296 286.6174 42.38453 32.25004 4.604175 3.081657 4.011941
xbest 42.76569 354.3812 0.1406361 17.54535 284.6715 40.47743 31.97627 2.236745 5.463955 3.181288
xbest 55.90653 361.3840 0.5158399 17.87277 286.5066 39.36181 30.29272 3.783163 5.466542 2.649124
xbest 51.27324 374.7479 0.5886497 20.17554 285.7821 43.89453 36.25747 3.188500 3.831490 4.176379
xbest 52.66067 376.9367 0.7522253 20.20682 286.1536 44.09491 38.64917 2.000000 3.954753 4.333806
xbest 57.44137 415.9718 0.7677033 18.61248 286.1137 43.83390 38.60154 2.000000 3.786885 4.625900
xbest 54.32430 429.2950 0.8056511 18.04762 286.0522 43.80753 38.57517 2.000345 3.904056 4.633548
xbest 54.76833 418.0878 0.7537547 18.45804 286.0610 43.84057 38.59214 2.000046 3.759016 4.625602
xbest 54.62107 451.5009 0.6947874 16.89696 286.0109 43.69978 38.82563 2.014200 4.169254 4.916493
xbest 55.15140 450.8794 1.0000000 16.89696 286.1609 43.69978 38.36601 2.014200 4.169254 4.882905
xbest 53.70857 438.7395 0.9476162 17.05006 286.2668 44.34718 39.50738 2.079974 4.319127 4.926595
xbest 53.77310 439.6259 0.9191776 17.02898 286.2656 44.33410 40.19675 2.076177 4.332003 4.505468
xbest 53.77310 439.6259 0.8516776 17.02898 286.2656 44.33410 40.19675 2.076177 4.332003 4.505468
xbest 55.29080 441.1888 0.8740411 16.92194 286.2459 43.93892 39.52175 2.034191 4.330549 4.874816
xbest 53.69316 438.3198 0.8708477 16.96721 286.3269 44.56281 40.50339 2.107369 4.410037 4.736075
xbest 55.28814 441.6691 0.8934279 16.86038 286.2463 44.08173 39.61812 2.025930 4.373732 4.914583
xbest 53.94029 438.0320 0.8820990 16.94069 286.3314 44.67682 40.49749 2.083378 4.414747 4.755020
xbest 53.94029 438.0320 0.8820990 16.94069 286.3314 44.67682 40.49749 2.083378 4.417872 4.755020
xbest 55.05126 440.3856 0.8818907 16.85652 286.2543 44.21468 39.55576 2.086992 4.387896 4.999895
xbest 55.11735 439.7148 0.9034369 16.86249 286.2501 44.09679 39.63425 2.079435 4.407011 4.890492
xbest 55.14982 440.3548 0.8818938 16.85669 286.2543 44.21451 39.55544 2.085090 4.393007 4.999889
xbest 55.17537 440.2893 0.8841982 16.85861 286.2539 44.21429 39.56510 2.084572 4.392273 4.993581
xbest 55.26985 440.3099 0.8796640 16.85561 286.2541 44.21443 39.57664 2.085529 4.390154 4.987866
xbest 54.91345 439.5737 0.9626688 16.88437 286.2536 44.20928 39.57041 2.085377 4.406719 5.000000
xbest 54.83268 439.5129 0.9643188 16.89046 286.2569 44.20908 39.56645 2.085058 4.407510 4.997427
xbest 55.19691 439.7632 0.9734016 16.87645 286.2547 44.13416 39.59434 2.083251 4.401295 4.996470
xbest 55.17734 439.5566 0.9671520 16.87938 286.2561 44.15447 39.57620 2.083918 4.404989 4.996990
xbest 55.24016 440.0907 0.9468667 16.86882 286.2547 44.22126 39.58802 2.085025 4.395513 4.991709
xbest 55.30539 439.9428 0.9593142 16.87268 286.2557 44.18581 39.60408 2.084489 4.394456 4.995856
xbest 55.43853 438.6628 0.9661897 16.88484 286.2875 44.12304 39.73018 2.081588 4.418200 4.643902
xbest 55.43582 438.0616 0.9697288 16.88826 286.3086 44.11886 39.83076 2.081515 4.432442 4.649353
xbest 55.51359 437.0659 0.9694669 16.89201 286.3085 44.13331 39.97398 2.081329 4.430261 4.594593
xbest 55.58391 437.0659 0.9694669 16.89201 286.3273 44.13331 39.97398 2.081329 4.430261 4.594593
xbest 55.58391 437.0659 0.9694669 16.89201 286.3273 44.13331 39.97398 2.081329 4.430261 4.594593

$time
elapsed elapsed elapsed elapsed elapsed elapsed elapsed elapsed elapsed elapsed elapsed elapsed elapsed elapsed elapsed elapsed elapsed elapsed elapsed elapsed elapsed elapsed elapsed elapsed elapsed 
   0.92    4.25    5.40    8.67   10.23   11.84   13.90   15.57   17.18   18.73   21.87   23.45   36.56   39.62   40.46   45.09   48.18   49.75   54.42   56.79   59.92   67.31   69.32   74.45   81.85 
elapsed elapsed elapsed elapsed elapsed elapsed elapsed elapsed elapsed elapsed elapsed 
  84.78   87.71   90.03   93.04   95.04   96.57  102.59  107.79  109.25  120.92  338.23 

$neval
 [1]   106   400   502   789   927  1068  1206  1353  1495  1635  1917  2059  3180  3453  3530  3938  4211  4347  4762  4973  5245  5915  6053  6526  7204  7476  7749  7956  8230  8368  8508  9058  9536
[34]  9669 10682 30014

$fbest
[1] 117.9688

$xbest
 [1]  55.5839072 437.0659421   0.9694669  16.8920144 286.3272976  44.1333066  39.9739834   2.0813286   4.4302614   4.5945932

$numeval
[1] 30014

$end_crit
[1] 1

$cpu_time
elapsed 
 338.23 

$Refset
$Refset$x
          [,1]     [,2]      [,3]     [,4]     [,5]     [,6]     [,7]     [,8]     [,9]    [,10]
 [1,] 55.05253 438.3036 0.9909555 16.85035 286.2595 44.17020 39.57093 2.083551 4.452272 4.990798
 [2,] 55.11716 438.7336 0.9882434 16.84281 286.2427 44.17196 39.57519 2.083933 4.446632 4.992233
 [3,] 55.11899 438.7144 0.9870104 16.84510 286.2416 44.17205 39.57150 2.083831 4.445185 4.992433
 [4,] 55.07989 438.6191 0.9907937 16.84167 286.2480 44.17716 39.56744 2.084225 4.450660 4.991122
 [5,] 55.09753 438.5701 0.9872805 16.84823 286.2477 44.17070 39.56940 2.084083 4.446848 4.991407
 [6,] 55.07509 438.5853 0.9887536 16.84556 286.2477 44.16972 39.56927 2.083929 4.449111 4.991541
 [7,] 55.09674 438.6406 0.9908060 16.83992 286.2490 44.17083 39.56681 2.083965 4.450773 4.991570
 [8,] 55.12432 438.3604 0.9909498 16.84613 286.2718 44.16890 39.50254 2.083566 4.452361 4.990490
 [9,] 55.14566 438.4983 0.9910159 16.83159 286.2731 44.14738 39.50110 2.082781 4.458363 4.994489
[10,] 55.09853 438.6356 0.9886435 16.82028 286.2525 44.17468 39.49185 2.084005 4.461489 4.992479
[11,] 55.14422 438.8634 0.9902195 16.83149 286.2611 44.14799 39.57052 2.084433 4.448598 4.992280
[12,] 55.01469 438.6790 0.9898220 16.84919 286.2506 44.17904 39.53293 2.079358 4.443868 4.994168

$Refset$f
 [1] 118.0503 118.0694 118.0694 118.0694 118.0694 118.0694 118.0694 118.1389 118.1389 118.1580 118.4497 118.9722

$Refset$fpen
 [1] 118.0503 118.0694 118.0694 118.0694 118.0694 118.0694 118.0694 118.1389 118.1389 118.1580 118.4497 118.9722

$Refset$const
          [,1]     [,2]     [,3]     [,4]     [,5]
 [1,] 12.39808 31.54773 19.14965 1.522396 3.396602
 [2,] 12.39617 31.55337 19.15719 1.524697 3.389503
 [3,] 12.39992 31.55481 19.15490 1.524862 3.388650
 [4,] 12.39101 31.54934 19.15833 1.524038 3.390508
 [5,] 12.40138 31.55315 19.15177 1.524030 3.391211
 [6,] 12.39644 31.55089 19.15444 1.524035 3.391262
 [7,] 12.38915 31.54923 19.16008 1.523870 3.391485
 [8,] 12.39377 31.54764 19.15387 1.521083 3.394932
 [9,] 12.37323 31.54164 19.16841 1.520804 3.397391
[10,] 12.35879 31.53851 19.17972 1.523815 3.384790
[11,] 12.38289 31.55140 19.16851 1.522074 3.399345
[12,] 12.40532 31.55613 19.15081 1.523868 3.387877

$Refset$penalty
 [1] 0 0 0 0 0 0 0 0 0 0 0 0


