$f
 [1] 546.27431 267.87326 211.81076 190.20313 172.74826 161.09375 141.73958 114.41493 105.49826 102.92708 101.30208  98.54167  98.53646  98.43750  97.93576  97.52778  97.37326  97.20486  97.00694
[20]  96.99132  96.89410  96.28993  94.80208  94.05035  93.28993  92.90625  92.38021  92.03299  92.00174  91.69271  91.62847  91.54514  91.47569  91.15278  91.14757  91.06944  90.85069  90.85069
[39]  90.56944  90.56944

$x
          [,1]     [,2]      [,3]     [,4]     [,5]     [,6]     [,7]     [,8]     [,9]    [,10]
xbest 22.80699 296.2989 0.3614668 15.97538 285.8269 33.64417 26.60875 8.514519 9.019277 4.823589
xbest 60.57597 312.0029 0.7616218 20.65395 285.4130 29.87575 27.92664 4.782066 4.464842 3.019316
xbest 66.57597 312.0029 1.0000000 20.65395 285.4084 29.87575 29.24695 4.782066 4.464842 3.019316
xbest 72.59654 348.2411 0.8416710 19.64759 285.5981 28.79306 26.84051 4.531316 4.364352 3.593668
xbest 58.07188 331.7270 0.8327659 23.64612 286.3712 36.14127 28.83898 4.431372 2.601667 3.932099
xbest 60.98288 363.1239 0.8531397 23.62039 286.5733 35.83729 28.43465 4.714182 2.022199 4.584470
xbest 64.30908 343.5011 0.9064361 24.04724 286.6184 37.18924 28.34606 4.481185 2.000000 4.519618
xbest 55.61146 280.8071 0.7548471 27.40101 285.4887 37.57523 31.84873 4.169833 2.049603 1.200000
xbest 55.42396 280.8071 0.7773471 27.40028 285.4512 37.56273 31.84873 4.169833 2.023040 1.200000
xbest 63.08396 328.6447 0.8078103 24.67863 286.4797 35.67062 29.85852 4.625291 2.137601 1.383511
xbest 65.79981 337.0536 0.7884527 24.57322 286.4741 35.83632 30.17639 3.396278 2.027165 1.606741
xbest 65.79981 337.0536 1.0000000 24.57322 286.4741 35.83632 30.17639 3.299403 2.027067 1.511741
xbest 64.17104 337.7424 0.7380868 24.56525 286.4930 36.22296 29.76296 3.730018 2.000000 1.218520
xbest 64.17104 337.7424 0.7155868 24.56525 286.4930 36.22296 29.76296 3.730018 2.000000 1.218520
xbest 63.93243 335.0844 0.8331193 24.56642 286.5006 36.11267 29.79478 4.065858 2.050807 1.285647
xbest 63.95586 335.0844 0.8331193 24.56642 286.5006 36.11267 29.83540 4.065858 2.050807 1.285647
xbest 62.69663 335.4429 0.8879786 24.65769 286.4885 36.37510 29.80762 4.092643 2.019921 1.287600
xbest 63.08694 335.2506 0.8825975 24.65627 286.4907 36.39777 29.81443 4.101810 2.000960 1.286646
xbest 63.23223 334.2174 0.9158683 24.63473 286.5121 36.43491 29.73544 4.086730 2.044616 1.282993
xbest 63.31179 333.9376 0.9111374 24.61958 286.5293 36.45911 29.69750 4.087393 2.058703 1.284550
xbest 63.31179 333.9376 0.9111374 24.61958 286.5480 36.45911 29.69750 4.087393 2.058703 1.284550
xbest 63.26241 335.8064 0.8422380 24.58281 286.4961 36.85719 29.80641 3.960063 2.007322 1.280311
xbest 63.13520 335.7982 0.8458613 24.58318 286.4961 36.85747 29.80347 3.975810 2.008159 1.279330
xbest 63.13520 335.7982 0.8908613 24.58318 286.4961 36.85747 29.80347 3.975810 2.008159 1.279330
xbest 63.33536 331.5329 0.9182928 24.80956 286.4917 36.48757 29.59424 3.878681 2.004596 1.287030
xbest 63.33536 331.5329 0.9407928 24.80956 286.4917 36.48757 29.75674 3.878681 2.004596 1.287030
xbest 63.33943 325.2068 0.9966033 25.07796 286.5025 36.78845 29.80393 3.947966 2.016100 1.268686
xbest 63.46691 328.1321 0.9615250 24.98289 286.4981 36.56040 29.77576 3.884886 2.007055 1.281718
xbest 63.41433 327.5776 0.9924134 24.97266 286.5021 36.72757 29.80179 3.909285 2.010711 1.273509
xbest 63.44554 328.0361 0.9657544 24.96792 286.4990 36.56025 29.72449 3.884863 2.003044 1.282708
xbest 63.66535 329.1572 0.9497516 24.87077 286.4946 36.56924 29.57943 3.887943 2.024786 1.290368
xbest 63.62785 329.3346 0.9493412 24.86996 286.4946 36.56888 29.57376 3.887610 2.021643 1.290504
xbest 63.62914 329.3438 0.9499505 24.87058 286.4946 36.57252 29.57195 3.887835 2.020587 1.290823
xbest 63.62832 329.3731 0.9500884 24.87092 286.4946 36.57508 29.57186 3.887925 2.020761 1.291138
xbest 63.59894 327.9471 0.9699677 24.98368 286.4943 36.54415 29.61785 3.885123 2.001169 1.289440
xbest 63.59790 327.0682 0.9723961 25.00784 286.4895 36.54535 29.82885 3.884899 2.001233 1.286919
xbest 63.59931 327.9116 0.9705912 24.98083 286.4940 36.54518 29.61141 3.885528 2.003144 1.289060
xbest 63.59801 326.8899 0.9729506 25.01518 286.4885 36.54549 29.77040 3.885086 2.001741 1.288081
xbest 63.57298 325.0581 0.9756630 25.10798 286.4866 36.52174 29.78277 3.884606 2.000000 1.287855
xbest 63.57298 325.0581 0.9756630 25.10798 286.4866 36.52174 29.78277 3.884606 2.000000 1.287855

$time
elapsed elapsed elapsed elapsed elapsed elapsed elapsed elapsed elapsed elapsed elapsed elapsed elapsed elapsed elapsed elapsed elapsed elapsed elapsed elapsed elapsed elapsed elapsed elapsed elapsed 
   0.94    2.42    3.47    5.48    6.98    8.52   11.47   16.37   20.53   28.08   33.16   37.36   43.83   53.22   59.41   69.66   86.45   94.31   96.91   99.52  102.08  113.31  116.14  116.91  146.70 
elapsed elapsed elapsed elapsed elapsed elapsed elapsed elapsed elapsed elapsed elapsed elapsed elapsed elapsed elapsed 
 147.55  150.31  161.89  164.03  171.66  173.06  185.70  187.14  189.87  197.81  205.81  207.30  215.25  228.17  332.30 

$neval
 [1]   106   254   357   500   644   790  1072  1492  1884  2575  2991  3383  3935  4813  5361  6253  7736  8486  8759  9028  9235 10325 10601 10674 13127 13206 13482 14567 14769 15433 15568 16731 16870
[34] 17138 17904 18600 18741 19493 20648 30105

$fbest
[1] 90.56944

$xbest
 [1]  63.572981 325.058098   0.975663  25.107984 286.486576  36.521736  29.782772   3.884606   2.000000   1.287855

$numeval
[1] 30105

$end_crit
[1] 1

$cpu_time
elapsed 
  332.3 

$Refset
$Refset$x
          [,1]     [,2]      [,3]     [,4]     [,5]     [,6]     [,7]     [,8]     [,9]    [,10]
 [1,] 59.44310 280.5357 0.3369264 15.97421 284.9597 19.28082 25.87357 3.263223 2.831037 3.796393
 [2,] 63.59987 325.6342 0.9750869 25.07493 286.4897 36.53463 29.82389 3.884915 2.002692 1.287343
 [3,] 63.58508 325.4782 0.9763317 25.08125 286.4897 36.53544 29.83970 3.884834 2.002864 1.287142
 [4,] 63.61871 325.6569 0.9754633 25.07219 286.4882 36.54771 29.73845 3.886887 2.001450 1.287322
 [5,] 63.62454 325.5355 0.9745455 25.07877 286.4905 36.53017 29.80320 3.884900 2.001053 1.287690
 [6,] 63.58591 325.5737 0.9725872 25.08023 286.4905 36.52979 29.81085 3.884607 2.001039 1.287706
 [7,] 63.60221 325.5954 0.9754201 25.07789 286.4909 36.53441 29.81869 3.884558 2.002099 1.287644
 [8,] 63.61757 326.0965 0.9748300 25.05273 286.4902 36.52823 29.78482 3.884224 2.001827 1.287940
 [9,] 63.61299 325.7169 0.9738206 25.07093 286.4903 36.53466 29.83723 3.884819 2.001345 1.287405
[10,] 63.55768 325.6269 0.9753137 25.07554 286.4898 36.54638 29.75926 3.886339 2.001337 1.287341
[11,] 63.58577 325.4993 0.9762252 25.08132 286.4907 36.53574 29.82968 3.884112 2.002154 1.287437
[12,] 66.21509 289.4148 0.9720020 25.12212 286.4780 34.92441 29.97646 3.944635 3.308409 1.269481

$Refset$f
 [1] 31513.29167    90.56944    90.56944    90.56944    90.56944    90.56944    90.56944    90.56944    90.56944    90.56944    90.75174   191.28819

$Refset$fpen
 [1] 5.323670e+06 9.056944e+01 9.056944e+01 9.056944e+01 9.056944e+01 9.056944e+01 9.056944e+01 9.056944e+01 9.056944e+01 9.056944e+01 9.075174e+01 1.912882e+02

$Refset$const
          [,1]     [,2]     [,3]     [,4]     [,5]
 [1,] 13.14317 33.16896 20.02579 1.511988 8.792157
 [2,] 23.07224 33.99731 10.92507 1.509483 3.157500
 [3,] 23.07839 33.99714 10.91875 1.509393 3.159161
 [4,] 23.07074 33.99855 10.92781 1.510212 3.146466
 [5,] 23.07771 33.99895 10.92123 1.509482 3.155989
 [6,] 23.07919 33.99896 10.91977 1.509430 3.156874
 [7,] 23.07579 33.99790 10.92211 1.509363 3.157466
 [8,] 23.05091 33.99817 10.94727 1.509616 3.154036
 [9,] 23.06959 33.99866 10.92907 1.509336 3.159194
[10,] 23.07421 33.99866 10.92446 1.509881 3.149543
[11,] 23.07917 33.99785 10.91868 1.509328 3.158468
[12,] 21.81371 32.69159 10.87788 1.501837 3.326721

$Refset$penalty
 [1] 5.292157 0.000000 0.000000 0.000000 0.000000 0.000000 0.000000 0.000000 0.000000 0.000000 0.000000 0.000000


