$f
 [1] 5987.189 2587.691 1511.790 1506.931 1403.064 1360.922 1311.295 1294.240 1248.865 1240.137 1226.859 1200.052 1173.811 1102.429 1102.318 1101.372 1101.115 1100.342 1100.179 1099.207 1098.377 1097.411
[23] 1096.469 1096.460 1095.589 1095.163 1094.464 1094.201 1093.927 1092.858 1092.682 1092.391 1092.365 1092.361 1092.345 1092.087 1092.035 1091.842 1091.819 1091.710 1091.688 1091.688

$x
          [,1]     [,2]      [,3]     [,4]     [,5]     [,6]     [,7]     [,8]     [,9]    [,10]
xbest 26.19361 379.8232 0.2647530 24.89247 286.5491 44.81341 35.24142 3.608396 3.785609 3.326661
xbest 22.32972 301.2348 0.5638509 24.84192 285.1910 47.80941 29.51954 3.654413 3.695701 3.225008
xbest 35.74958 257.2460 1.0000000 25.74150 285.1910 47.17695 27.98942 4.454413 3.517847 2.964248
xbest 44.79385 238.1664 0.2543252 24.74576 285.4771 45.98650 42.41321 3.176459 4.152938 3.450956
xbest 32.83181 182.4259 0.5641005 29.62611 284.0931 46.68006 40.77466 2.126874 3.918711 4.094340
xbest 34.02066 241.8522 0.5030086 26.96527 284.8289 47.96788 44.64866 4.331224 3.313974 3.853070
xbest 41.70236 261.0961 1.0000000 24.91509 285.1915 46.23314 34.86631 2.389178 3.825048 3.523031
xbest 44.17551 283.5642 0.8276096 23.46507 285.2564 45.99298 43.96434 3.247268 3.704530 2.850606
xbest 43.81413 247.9080 0.6525355 24.39207 285.3333 44.06125 42.54894 3.872760 4.173004 3.266772
xbest 42.09399 271.6775 1.0000000 25.06416 284.9649 46.18812 32.44992 2.398729 3.464148 3.599246
xbest 44.69812 249.2689 0.7597233 25.39511 285.0166 46.39189 36.23130 2.000000 3.622394 3.803208
xbest 43.65919 252.1862 0.7364156 25.39355 285.0094 45.64120 36.94353 2.501450 3.619736 3.537010
xbest 43.84193 252.6393 0.7364157 25.39317 285.0052 45.64702 36.34581 2.495368 3.607867 3.535671
xbest 44.19354 252.6393 1.0000000 25.37119 285.0052 45.64702 36.34581 2.495368 3.607867 3.641805
xbest 43.12131 251.4767 1.0000000 24.35458 285.2285 47.44448 40.08635 2.570450 4.127565 3.538685
xbest 43.12131 251.4572 1.0000000 24.35458 285.2285 47.44448 40.08635 2.570450 4.127565 3.538685
xbest 43.00905 251.8940 0.9997519 24.29590 285.2242 47.49625 39.98095 2.571535 4.143586 3.538143
xbest 43.00905 251.8940 0.9997519 24.29590 285.2242 47.49625 39.89970 2.571535 4.143586 3.538143
xbest 43.38776 255.2539 0.9403783 24.47695 285.2376 47.37625 40.56398 2.559126 3.941115 3.480770
xbest 43.38662 254.8918 0.9526454 24.50427 285.2355 47.34672 40.51546 2.559851 3.937375 3.471316
xbest 43.38508 254.9531 0.9608741 24.49981 285.2363 47.35773 40.48190 2.560398 3.936814 3.467481
xbest 43.38489 254.8363 0.9726141 24.51467 285.2365 47.35336 40.49417 2.561167 3.936051 3.461272
xbest 43.56734 254.7679 0.9745265 24.50576 285.2365 47.35436 40.49899 2.560159 3.934077 3.468649
xbest 43.56734 254.7679 0.9520265 24.50576 285.2365 47.35436 40.49899 2.560159 3.934077 3.468649
xbest 43.57616 255.6373 0.9511242 24.45075 285.2370 47.35694 40.47120 2.560059 3.938921 3.472462
xbest 43.50012 255.3164 0.9559897 24.44473 285.2404 47.36271 40.46570 2.560663 3.952132 3.467171
xbest 43.52027 255.2586 0.9567651 24.47158 285.2381 47.35395 40.47920 2.560352 3.941261 3.470288
xbest 43.49852 255.4904 0.9508269 24.45924 285.2392 47.36021 40.47348 2.560359 3.941617 3.469116
xbest 43.51320 255.4058 0.9541168 24.46466 285.2378 47.35434 40.47447 2.560363 3.941275 3.469737
xbest 43.54083 255.3228 0.9687049 24.39950 285.2415 47.36093 40.44516 2.560571 3.971098 3.466803
xbest 43.54669 255.3228 0.9687049 24.39950 285.2415 47.36093 40.44516 2.560571 3.971098 3.466803
xbest 43.54497 255.3596 0.9648306 24.38408 285.2410 47.36194 40.45135 2.560551 3.977279 3.466785
xbest 43.54497 255.3596 0.9648306 24.38427 285.2410 47.36194 40.45135 2.560551 3.977279 3.466785
xbest 43.55021 255.4069 0.9567109 24.39834 285.2391 47.35907 40.46326 2.560472 3.969056 3.465732
xbest 43.55607 255.4069 0.9567109 24.39834 285.2391 47.35907 40.46326 2.560472 3.969056 3.465732
xbest 43.55187 255.3917 0.9545438 24.38862 285.2377 47.35864 40.42572 2.560492 3.973793 3.465949
xbest 43.55187 255.3917 0.9545438 24.38862 285.2377 47.35864 40.46634 2.560492 3.973793 3.465949
xbest 43.55600 255.3985 0.9548670 24.39112 285.2392 47.35886 40.46294 2.560484 3.972536 3.465800
xbest 43.55596 255.3991 0.9554244 24.39282 285.2393 47.35885 40.44169 2.560472 3.971792 3.465618
xbest 43.55333 255.3963 0.9560411 24.39009 285.2373 47.35877 40.49485 2.560481 3.973258 3.465963
xbest 43.55333 255.3963 0.9560411 24.39027 285.2373 47.35877 40.49485 2.560481 3.973258 3.465963
xbest 43.55333 255.3963 0.9560411 24.39027 285.2373 47.35877 40.49485 2.560481 3.973258 3.465963

$time
elapsed elapsed elapsed elapsed elapsed elapsed elapsed elapsed elapsed elapsed elapsed elapsed elapsed elapsed elapsed elapsed elapsed elapsed elapsed elapsed elapsed elapsed elapsed elapsed elapsed 
   3.33    9.77   22.48   34.50   41.00   47.09   59.14   71.41   78.25   84.41  113.86  130.84  146.72  151.91  462.53  465.36  516.73  525.36  548.13  566.08  571.95  578.23  652.72  655.67  708.92 
elapsed elapsed elapsed elapsed elapsed elapsed elapsed elapsed elapsed elapsed elapsed elapsed elapsed elapsed elapsed elapsed elapsed 
 724.39  735.69  741.83  753.00  774.25  777.08  958.80  961.56 1067.08 1069.86 1179.94 1182.75 1200.69 1224.17 1235.75 1243.88 1283.91 

$neval
 [1]   106   265   567   854  1001  1141  1420  1699  1840  1975  2582  2986  3388  3508 10832 10906 12126 12334 12872 13281 13421 13556 15291 15365 16613 16961 17236 17375 17656 18212 18285 22535 22608
[34] 25086 25159 27744 27817 28234 28789 29065 29274 30111

$fbest
[1] 1091.688

$xbest
 [1]  43.5533260 255.3963391   0.9560411  24.3902732 285.2373119  47.3587736  40.4948525   2.5604806   3.9732578   3.4659632

$numeval
[1] 30111

$end_crit
[1] 1

$cpu_time
elapsed 
1283.91 

$Refset
$Refset$x
           [,1]        [,2]        [,3]      [,4]       [,5]      [,6]       [,7]       [,8]      [,9]    [,10]
 [1,]  43.55333   0.9560411 285.2373119 40.494853   3.973258  43.55333  0.9560411 285.237312 40.494853 3.973258
 [2,] 255.39634  24.3902732  47.3587736  2.560481   3.465963 255.39634 24.3902732  47.358774  2.560481 3.465963
 [3,]  43.54859 255.4071411   0.9565003 24.388207 285.239235  47.36801 40.4551241   2.560701  3.973741 3.464865
 [4,]  43.55187   0.9545438 285.2377275 40.466343   3.973793  43.55187  0.9545438 285.237727 40.466343 3.973793
 [5,]  43.53382 255.3971322   0.9449336 24.385864 285.239387  47.35649 40.4622388   2.560406  3.976365 3.465690
 [6,]  43.54848 255.4034674   0.9611389 24.384740 285.239269  47.35689 40.4593802   2.560831  3.975732 3.464568
 [7,]  43.54891 255.4011768   0.9580856 24.387722 285.239273  47.35711 40.4546328   2.560800  3.974405 3.464722
 [8,]  43.55064 255.4003542   0.9595545 24.392299 285.239152  47.35872 40.4607812   2.560467  3.972344 3.465784
 [9,]  43.53043 254.6450499   0.9484161 24.421016 285.238795  47.36305 40.4472690   2.561138  3.975940 3.464706
[10,]  43.53573 255.4127505   0.9569085 24.388636 285.239379  47.36164 40.4623115   2.560990  3.974382 3.464894
[11,]  43.27608 249.8790324   0.9692420 24.413535 285.266040  47.28424 40.8119470   2.571598  4.093732 3.465910
[12,]  47.77328 250.1300018   0.6847239 24.265350 285.388061  43.18950 40.7105486   2.735216  4.121911 3.046916

$Refset$f
 [1] 1091.688 1091.688 1091.710 1092.035 1092.071 1092.144 1092.144 1092.380 1093.491 1093.299 1147.932 1311.967

$Refset$fpen
 [1] 1091.688 1091.688 1091.710 1092.035 1092.071 1092.144 1092.144 1092.380 1093.491 1093.299 1147.932 1311.967

$Refset$const
          [,1]      [,2]      [,3]      [,4]     [,5]
 [1,] 20.41702 11.609727  2.898052 32.026742 1.673918
 [2,] 32.02674  1.673918 20.417015 11.609727 2.898052
 [3,] 20.41447 32.026259 11.611793  1.673695 2.894749
 [4,] 20.41482 11.611383  2.895919 32.026207 1.673892
 [5,] 20.40950 32.023635 11.614136  1.673652 2.896110
 [6,] 20.40901 32.024268 11.615260  1.673673 2.895834
 [7,] 20.41332 32.025595 11.612278  1.673679 2.895448
 [8,] 20.41995 32.027656 11.607701  1.673691 2.895795
 [9,] 20.44508 32.024060 11.578984  1.673764 2.894369
[10,] 20.41425 32.025618 11.611364  1.673659 2.895770
[11,] 20.31980 31.906268 11.586465  1.669173 2.934786
[12,] 20.14344 31.878089 11.734650  1.640236 3.304089

$Refset$penalty
 [1] 0 0 0 0 0 0 0 0 0 0 0 0


