$f
 [1] 12025.802  7441.988  4544.701  3861.342  3772.891  3485.297  2997.542  2878.453  2862.149  2771.167  2765.523  2740.958  2729.432  2691.632  2691.465  2685.917  2685.759  2684.990  2679.335
[20]  2678.918  2676.080  2666.967  2666.585  2665.229  2664.724  2664.672  2661.184  2660.243  2653.260  2653.120  2652.639  2652.549  2652.413  2651.495  2651.368  2648.253  2647.802  2646.516
[39]  2645.984  2645.172  2645.172

$x
          [,1]     [,2]      [,3]     [,4]     [,5]     [,6]     [,7]     [,8]     [,9]    [,10]
xbest 29.96337 153.1019 0.8255964 25.51758 285.4446 47.59330 44.00748 3.328360 6.334498 4.131282
xbest 33.24512 468.6767 0.5942002 22.07864 284.3042 34.80550 27.04127 5.236420 2.833266 3.095780
xbest 35.58508 422.7302 0.1336719 22.03721 284.1160 34.80550 28.25982 4.341993 2.300057 3.077004
xbest 36.82518 478.9380 0.1000000 19.72432 285.7632 42.32047 33.44918 3.995334 2.002563 3.249150
xbest 35.59587 419.2225 0.1311386 21.99887 286.3229 46.97723 33.41782 4.361187 2.161705 3.066492
xbest 40.32785 404.6285 0.1311461 22.57191 286.2465 39.49397 34.72502 4.144849 2.312966 3.488233
xbest 42.74907 450.6004 0.1125903 21.45154 286.6832 40.80835 29.86364 2.000000 2.055482 3.544897
xbest 43.49907 445.9129 0.1125903 21.63904 286.6832 40.70835 29.54118 2.000000 2.000000 3.544897
xbest 44.55476 328.2547 0.1128294 25.34148 286.5264 43.33465 26.24102 2.008982 2.031376 4.951712
xbest 45.40914 318.5668 0.1126449 25.57819 286.5200 43.25952 25.40354 2.005104 2.030823 5.000000
xbest 45.40914 318.5668 0.1126449 25.57819 286.5200 43.25327 25.43401 2.005104 2.012073 4.975508
xbest 43.43493 384.6080 0.1124865 23.20643 286.6829 43.33365 27.94723 2.087187 2.054345 4.807886
xbest 44.20085 378.7422 0.1037431 23.35719 286.6861 42.95186 27.89958 2.052693 2.049179 4.710214
xbest 44.20085 378.7422 0.1003154 23.07594 286.6861 42.95186 27.98083 2.027693 2.049179 4.686464
xbest 43.46664 390.3067 0.1179941 23.04061 286.6942 42.96938 27.92564 2.082089 2.064666 4.684397
xbest 43.41995 390.3067 0.1179941 23.04061 286.6942 42.96938 27.96627 2.082089 2.077166 4.684397
xbest 43.49270 388.4127 0.1177296 23.05061 286.6947 42.96973 27.96297 2.082041 2.092670 4.664519
xbest 43.46603 389.0506 0.1173650 23.05005 286.6932 42.97673 27.91188 2.080935 2.084978 4.698982
xbest 43.59091 369.8392 0.1146735 23.76363 286.6942 42.97378 27.93355 2.083313 2.082569 4.686223
xbest 43.47889 373.0433 0.1172404 23.71428 286.6936 42.97127 27.93330 2.083277 2.087173 4.679512
xbest 43.72668 358.0327 0.1142362 24.19326 286.6951 42.97250 27.94328 2.083985 2.080938 4.685794
xbest 43.66587 363.9387 0.1149956 23.99424 286.6941 42.97448 27.93421 2.079665 2.083587 4.693119
xbest 43.72985 362.3486 0.1142225 23.98818 286.6947 42.97514 27.94106 2.080326 2.083460 4.693633
xbest 43.94448 361.9669 0.1131741 23.99078 286.6952 42.97494 27.94693 2.078995 2.083761 4.693528
xbest 43.94448 361.9669 0.1131741 23.99078 286.6952 42.97454 27.94693 2.078995 2.080636 4.693528
xbest 43.61216 363.3116 0.1167473 24.02122 286.6930 42.97298 27.92843 2.081798 2.082457 4.688009
xbest 43.65287 363.2656 0.1172162 24.02189 286.6923 42.97150 27.92430 2.082009 2.082470 4.688952
xbest 43.77765 360.2290 0.1171675 24.15573 286.6914 42.97049 27.90798 2.081652 2.082128 4.694974
xbest 43.77765 360.2290 0.1171675 24.15573 286.6914 42.97049 27.90798 2.081652 2.079296 4.689036
xbest 43.71082 362.9581 0.1174614 24.03028 286.6923 42.97455 27.92294 2.081797 2.092082 4.692967
xbest 43.70496 362.9581 0.1174614 24.03028 286.6923 42.97455 27.92294 2.081797 2.092082 4.692967
xbest 44.11094 362.3971 0.1172057 24.02699 286.6926 42.97258 27.91389 2.082269 2.082838 4.675898
xbest 44.20206 362.2178 0.1172053 24.02699 286.6927 42.97105 27.92132 2.082223 2.082859 4.678474
xbest 44.16829 361.7850 0.1172000 24.05500 286.6931 42.97007 27.92068 2.082648 2.078018 4.679680
xbest 44.02687 362.9769 0.1171725 23.97842 286.6913 42.97299 27.91771 2.082725 2.098718 4.680097
xbest 44.02734 363.1757 0.1171631 23.95597 286.6910 42.97294 27.91799 2.082739 2.107080 4.679332
xbest 44.16150 362.6414 0.1171925 24.00723 286.6925 42.97093 27.91779 2.081478 2.084545 4.673082
xbest 44.03446 362.8812 0.1171713 23.95810 286.6921 42.97358 27.91783 2.082545 2.111807 4.676831
xbest 44.03446 362.8812 0.1171713 23.95810 286.6921 42.97358 27.91783 2.082545 2.111807 4.675346
xbest 44.19796 362.3721 0.1171847 24.01316 286.6937 42.97887 27.91563 2.081669 2.084511 4.672727
xbest 44.19796 362.3721 0.1171847 24.01316 286.6937 42.97887 27.91563 2.081669 2.084511 4.672727

$time
elapsed elapsed elapsed elapsed elapsed elapsed elapsed elapsed elapsed elapsed elapsed elapsed elapsed elapsed elapsed elapsed elapsed elapsed elapsed elapsed elapsed elapsed elapsed elapsed elapsed 
   5.50   15.25   31.10   60.13   81.41   90.89  110.85  139.28  213.91  222.64  238.55  298.64  316.56  337.38  426.41  431.92  511.92  521.10  543.56  560.85  569.69  595.56  604.67  613.36  618.27 
elapsed elapsed elapsed elapsed elapsed elapsed elapsed elapsed elapsed elapsed elapsed elapsed elapsed elapsed elapsed elapsed 
 679.42  687.70  696.31  710.86 1097.14 1102.35 1259.27 1274.30 1294.56 1304.25 1313.99 1342.11 1351.35 1365.72 1585.06 1813.55 

$neval
 [1]   106   259   495   937  1220  1362  1642  2051  3155  3290  3529  4483  4760  5015  6376  6465  7712  7850  8199  8472  8606  9013  9149  9286  9366 10322 10457 10598 10831 16873 16947 19214 19425
[34] 19703 19844 19981 20395 20535 20745 23912 27109

$fbest
[1] 2645.172

$xbest
 [1]  44.1979599 362.3721470   0.1171847  24.0131586 286.6936881  42.9788738  27.9156258   2.0816695   2.0845113   4.6727272

$numeval
[1] 27109

$end_crit
[1] 2

$cpu_time
elapsed 
1813.55 

$Refset
$Refset$x
          [,1]     [,2]      [,3]     [,4]     [,5]     [,6]     [,7]     [,8]     [,9]    [,10]
 [1,] 44.19801 362.3732 0.1172121 24.01340 286.6933 42.97861 27.92085 2.081618 2.083775 4.672291
 [2,] 44.19879 362.3788 0.1171862 24.01182 286.6932 42.97833 27.91772 2.081744 2.084120 4.674158
 [3,] 44.19922 362.3765 0.1171858 24.01192 286.6936 42.97861 27.91717 2.081633 2.084191 4.673696
 [4,] 53.80685 188.8520 0.5003338 29.13250 285.2336 18.15150 42.92250 7.923752 3.393211 4.003927
 [5,] 44.21095 362.5368 0.1171910 24.00606 286.6925 42.97451 27.91780 2.081636 2.083762 4.673861
 [6,] 44.21280 362.5481 0.1171935 24.00383 286.6925 42.97441 27.91630 2.081608 2.084235 4.675179
 [7,] 44.21124 362.5401 0.1171907 24.00619 286.6925 42.97440 27.91899 2.081642 2.083668 4.674638
 [8,] 44.21077 362.5432 0.1172018 24.00548 286.6924 42.97443 27.91865 2.081663 2.084311 4.673487
 [9,] 43.79199 361.8061 0.1279736 24.02165 286.6622 43.68802 27.35494 2.069407 2.106838 4.603187
[10,] 43.78853 350.2378 0.1241423 23.99718 286.6942 42.97855 27.77846 2.363103 2.299461 4.671608
[11,] 44.01019 360.1210 0.1432274 24.04072 286.6885 42.94592 28.01233 2.081132 2.247276 4.700045
[12,] 43.92039 365.7807 0.1209178 24.10955 286.7871 43.28741 28.13945 2.070302 2.000000 4.489262

$Refset$f
 [1]    2645.259    2645.259    2645.259 1000000.000    2646.344    2646.344    2646.344    2646.344    2874.672    2810.901    2719.861    2858.429

$Refset$fpen
 [1] 2.645259e+03 2.645259e+03 2.645259e+03 9.999975e+11 2.646344e+03 2.646344e+03 2.646344e+03 2.646344e+03 2.874672e+03 2.810901e+03 2.719861e+03 2.858429e+03

$Refset$const
              [,1]         [,2]         [,3]         [,4]         [,5]
 [1,] 2.192962e+01 3.391622e+01 1.198660e+01 1.512491e+00 2.674483e+00
 [2,] 2.192770e+01 3.391588e+01 1.198818e+01 1.512515e+00 2.674225e+00
 [3,] 2.192773e+01 3.391581e+01 1.198808e+01 1.512475e+00 2.674323e+00
 [4,] 1.000000e+06 1.000000e+06 1.000000e+06 1.000000e+06 1.000000e+06
 [5,] 2.192230e+01 3.391624e+01 1.199394e+01 1.512585e+00 2.674128e+00
 [6,] 2.191959e+01 3.391576e+01 1.199617e+01 1.512584e+00 2.674045e+00
 [7,] 2.192252e+01 3.391633e+01 1.199381e+01 1.512582e+00 2.674210e+00
 [8,] 2.192117e+01 3.391569e+01 1.199452e+01 1.512591e+00 2.674159e+00
 [9,] 2.191481e+01 3.389316e+01 1.197835e+01 1.518475e+00 2.594827e+00
[10,] 2.169772e+01 3.370054e+01 1.200282e+01 1.512803e+00 2.665053e+00
[11,] 2.179345e+01 3.375272e+01 1.195928e+01 1.512696e+00 2.680370e+00
[12,] 2.210955e+01 3.400000e+01 1.189045e+01 1.502165e+00 2.712992e+00

$Refset$penalty
 [1]      0.0      0.0      0.0 999996.5      0.0      0.0      0.0      0.0      0.0      0.0      0.0      0.0


