$f
 [1] 1241.9462 1099.7465  806.7604  792.3819  756.5104  742.1545  727.3993  704.0226  679.1580  645.1493  634.7083  632.2083  625.1215  618.2361  611.6806  609.1059  607.8455  606.5642  606.1684
[20]  606.1528  605.7743  605.2517  605.1649  604.8958  603.7118  603.6701  602.9497  602.7500  602.3212  601.9722  601.9705  601.9184  601.8906  601.8299  601.6997  593.6701  566.2865  566.2865

$x
          [,1]     [,2]      [,3]     [,4]     [,5]     [,6]     [,7]     [,8]     [,9]    [,10]
xbest 51.57798 190.9239 0.1264603 15.62386 284.9325 44.67669 35.32805 3.775803 8.431703 4.236539
xbest 40.11033 270.2047 0.5817608 17.98427 286.1118 46.68292 41.89780 7.085113 5.882574 1.450451
xbest 46.95153 277.3253 0.6567937 17.98427 286.1118 44.83571 41.61734 6.685113 5.782574 1.450451
xbest 42.77006 305.3218 0.8551423 20.73061 286.2807 44.49860 40.66265 7.442270 3.697872 1.402041
xbest 46.47945 293.7033 0.8368458 22.98897 286.1261 33.79850 24.99587 7.207644 3.313428 1.785297
xbest 45.10462 276.1454 0.8561837 20.60352 285.8201 45.72928 30.11121 5.440338 4.519676 1.467513
xbest 45.49129 281.0845 0.8532320 20.92645 285.8154 45.69311 40.65003 5.563733 4.348434 1.403981
xbest 43.24855 254.0912 0.6130685 22.63392 285.7571 46.35213 30.59740 5.365229 4.011870 1.878670
xbest 47.36870 266.3211 0.2128925 19.02601 286.0970 45.66391 40.91813 6.232759 4.957367 1.782067
xbest 47.35699 266.3211 0.2100800 19.02601 286.1251 45.66313 40.34938 6.232759 4.957367 1.758317
xbest 47.24785 270.8340 0.1990095 19.53414 286.2201 46.36420 41.02835 5.808598 4.700807 2.073571
xbest 47.24785 270.8340 0.1990974 19.53414 286.2204 46.36420 40.98772 5.808598 4.700807 2.073571
xbest 46.78807 266.1320 0.1889185 18.89326 286.0757 45.87520 42.76706 6.690529 4.931308 1.312315
xbest 46.78807 266.1320 0.1889185 18.89326 286.0757 45.87520 42.68581 6.690529 4.931308 1.312315
xbest 46.75059 266.0784 0.2035811 19.62757 286.2030 46.29037 41.21113 6.080792 4.772856 2.036075
xbest 46.72715 266.0784 0.2035811 19.62757 286.2030 46.29037 41.25303 6.080792 4.772856 2.036075
xbest 46.80734 266.3747 0.2029897 19.69364 286.2031 46.28481 41.19809 6.081068 4.724138 2.034592
xbest 46.80734 266.3356 0.2029897 19.69218 286.2031 46.28481 41.19809 6.081068 4.724138 2.035334
xbest 46.80149 266.5106 0.2030303 19.71090 286.2041 46.29015 41.21142 6.080941 4.710853 2.035776
xbest 46.79918 266.5454 0.2030518 19.70529 286.2043 46.29018 41.21296 6.080885 4.716053 2.035750
xbest 46.79918 266.5454 0.2030518 19.70529 286.2043 46.29018 41.21296 6.080885 4.712928 2.035750
xbest 46.80029 266.5203 0.2031144 19.70538 286.2056 46.29053 41.20428 6.080664 4.716479 2.036125
xbest 46.80926 265.9042 0.2000345 19.67210 286.2049 46.28924 41.20236 6.080734 4.732325 2.035924
xbest 46.76317 265.7824 0.1979049 19.68293 286.2057 46.28959 41.20015 6.080729 4.727935 2.035932
xbest 46.73997 265.3445 0.1951198 19.67944 286.2057 46.28965 41.19721 6.080724 4.732034 2.036102
xbest 46.75169 265.3445 0.1951198 19.67944 286.2057 46.28965 41.19721 6.080724 4.732034 2.036102
xbest 46.77044 266.1003 0.1960797 19.68766 286.2057 46.28992 41.19716 6.080709 4.708768 2.036232
xbest 46.76802 266.1098 0.1952051 19.68574 286.2055 46.29082 41.19723 6.080710 4.704958 2.036231
xbest 46.76888 266.1019 0.1955810 19.68726 286.2056 46.29009 41.19717 6.080709 4.706065 2.036233
xbest 46.76888 266.1019 0.1955810 19.68708 286.2056 46.29009 41.19717 6.080709 4.706065 2.036233
xbest 46.77454 266.0624 0.1963179 19.66821 286.2057 46.29031 41.19935 6.080740 4.719156 2.036097
xbest 46.75467 266.0086 0.1955626 19.67408 286.2057 46.29028 41.20603 6.080885 4.715751 2.035516
xbest 46.76023 266.0151 0.1957331 19.67263 286.2054 46.29029 41.20224 6.080879 4.716314 2.035818
xbest 46.76162 266.0192 0.1957529 19.67175 286.2055 46.29029 41.20260 6.080878 4.716581 2.035743
xbest 46.76489 266.0193 0.1957468 19.67052 286.2054 46.29029 41.20112 6.080868 4.716904 2.035752
xbest 49.15897 311.9007 0.2078215 23.41892 286.3161 48.00000 41.41550 3.458056 2.113739 1.452812
xbest 48.96561 311.9007 0.1853215 23.41892 286.3138 48.00000 41.59831 3.458056 2.088739 1.452812
xbest 48.96561 311.9007 0.1853215 23.41892 286.3138 48.00000 41.59831 3.458056 2.088739 1.452812

$time
 elapsed  elapsed  elapsed  elapsed  elapsed  elapsed  elapsed  elapsed  elapsed  elapsed  elapsed  elapsed  elapsed  elapsed  elapsed  elapsed  elapsed  elapsed  elapsed  elapsed  elapsed  elapsed 
    3.53     9.74    18.59    36.97    42.74    48.55    54.44    60.25    79.38    84.69   210.00   213.63   235.42   270.14   461.55   465.33   560.56   564.14   613.63   619.08   622.24   644.31 
 elapsed  elapsed  elapsed  elapsed  elapsed  elapsed  elapsed  elapsed  elapsed  elapsed  elapsed  elapsed  elapsed  elapsed  elapsed  elapsed 
  655.83   661.38   667.13   681.42   688.02   718.17   723.78   744.50   858.78   880.31   915.91   931.24   948.99   993.97  1053.56 13538.97 

$neval
 [1]   106   254   468   899  1037  1176  1316  1453  1858  1972  4806  4891  5441  6326 10820 10909 13064 13148 14377 14512 14586 15129 15400 15539 15678 16027 16166 16853 16989 17472 20062 20542 21353
[34] 21698 22108 23134 24490 26139

$fbest
[1] 566.2865

$xbest
 [1]  48.9656128 311.9006601   0.1853215  23.4189161 286.3137851  48.0000000  41.5983084   3.4580560   2.0887391   1.4528118

$numeval
[1] 26139

$end_crit
[1] 2

$cpu_time
 elapsed 
13538.97 

$Refset
$Refset$x
           [,1]        [,2]        [,3]      [,4]       [,5]      [,6]       [,7]       [,8]      [,9]    [,10]
 [1,]  48.96561   0.1853215 286.3137851 41.598308   2.088739  48.96561  0.1853215 286.313785 41.598308 2.088739
 [2,] 311.90066  23.4189161  48.0000000  3.458056   1.452812 311.90066 23.4189161  48.000000  3.458056 1.452812
 [3,]  46.40808 264.8133619   0.1506243 20.347166 286.211740  47.95992 41.0453642   5.218493  4.355819 1.228589
 [4,]  46.40808 264.8074514   0.1506506 20.358102 286.215830  47.95940 41.0471314   5.211825  4.357124 1.234636
 [5,]  46.76360 265.9972112   0.1957045 19.670732 286.205242  46.29031 41.1873467   6.080913  4.716666 2.035969
 [6,]  46.75494 266.0184499   0.1955700 19.674034 286.205663  46.29028 41.2087039   6.080825  4.715580 2.035648
 [7,]  46.76417 266.0578193   0.1957753 19.670447 286.205418  46.29029 41.2025687   6.080831  4.716528 2.035710
 [8,]  46.76099 266.0030821   0.1957240 19.671748 286.205378  46.29030 41.2003201   6.080844  4.716758 2.035812
 [9,]  46.76069 266.0195088   0.1956730 19.672877 286.205661  46.29025 41.1963877   6.080849  4.715666 2.035677
[10,]  46.78087 266.0405859   0.1956424 19.706391 286.204603  46.29433 41.2412991   6.081392  4.706650 2.015927
[11,]  46.89223 272.4619289   0.1804024 20.717140 286.262043  46.58280 41.3020902   6.004964  4.024663 1.247270
[12,]  46.96648 325.4108341   0.1675961 18.278420 286.082678  47.38956 40.1596144   3.700848  4.603161 3.261796

$Refset$f
 [1] 566.2865 566.2865 594.7431 597.9132 601.6997 601.7448 601.8299 601.6997 601.8299 615.1823 644.0486 772.8333

$Refset$fpen
 [1] 566.2865 566.2865 594.7431 597.9132 601.6997 601.7448 601.8299 601.6997 601.8299 615.1823 644.0486 772.8333

$Refset$const
          [,1]      [,2]     [,3]      [,4]     [,5]
 [1,] 21.33018 12.581084  3.28900 33.911261 1.521793
 [2,] 33.91126  1.521793 21.33018 12.581084 3.289000
 [3,] 15.99135 31.644181 15.65283  1.537807 3.200433
 [4,] 16.00098 31.642876 15.64190  1.537249 3.202274
 [5,] 14.95407 31.283334 16.32927  1.531297 3.345121
 [6,] 14.95845 31.284420 16.32597  1.531132 3.347394
 [7,] 14.95392 31.283472 16.32955  1.531197 3.346688
 [8,] 14.95499 31.283242 16.32825  1.531213 3.346450
 [9,] 14.95721 31.284334 16.32712  1.531194 3.346189
[10,] 14.99974 31.293350 16.29361  1.531134 3.349790
[11,] 16.69248 31.975337 15.28286  1.524235 3.355313
[12,] 13.67526 31.396839 17.72158  1.556780 3.116322

$Refset$penalty
 [1] 0 0 0 0 0 0 0 0 0 0 0 0


