$f
 [1] 1945.5885 1606.3681 1034.4340 1029.7257 1028.7378 1006.1771  979.6927  979.1111  946.2274  913.7309  895.0885  882.4219  861.7899  860.9010  851.9688  845.1858  841.7726  837.2865  831.8542  827.5868  824.3524  824.1979  822.1979
[24]  816.9167  816.8924  815.4913  815.4618  815.2708  815.2604  815.1024  815.0174  814.9375  814.8524  813.9809  813.8958  813.8958

$x
           [,1]     [,2]      [,3]     [,4]     [,5]     [,6]     [,7]     [,8]      [,9]    [,10]
 [1,]  9.969988 201.2074 0.1966070 16.43248 286.5684 47.91881 30.30974 2.872104  8.983091 2.792352
 [2,] 16.553552 183.7886 0.2549362 17.20702 286.4884 38.46487 28.02219 2.941287  7.099702 2.600218
 [3,] 23.553552 103.7886 0.2549362 17.47219 286.5291 38.04819 26.62431 2.322587  7.099702 2.197167
 [4,] 23.722624 100.3072 0.2598988 17.25215 286.5303 38.31614 26.67946 2.396095  7.918972 2.052100
 [5,] 23.599518 104.8753 0.2820529 16.87301 286.5071 37.80256 28.07985 2.864561  7.100234 2.272306
 [6,] 21.760352 114.5377 0.6787681 17.19449 286.5065 38.14558 28.20457 2.614603  7.816981 2.215954
 [7,] 21.722463 114.1118 0.6607151 17.10559 286.5065 38.19904 28.18168 2.528164  8.285078 2.201908
 [8,] 23.433677 106.5090 0.2876033 16.94437 286.5396 37.86569 28.12421 2.680852  8.084961 2.050040
 [9,] 22.760584 109.2984 0.3088129 17.33962 286.5404 37.76317 28.34588 2.682929  8.058220 2.080048
[10,] 22.760584 109.2984 0.4726629 17.48073 286.5404 37.38687 28.34588 2.782929  8.058220 1.910243
[11,] 22.278707 106.2934 0.6193566 16.81471 286.5588 37.59014 28.52617 2.628973  9.582258 1.332946
[12,] 22.278707 106.2934 0.9568566 17.14289 286.5588 37.59014 28.38396 2.628973  9.532258 1.332946
[13,] 21.701427 106.0445 0.8887539 16.72225 286.5931 37.31238 28.91375 2.491173 10.000000 1.200000
[14,] 21.386926 107.0539 0.8689118 16.51263 286.5870 37.06776 28.82650 2.183714 10.000000 1.202222
[15,] 21.440710 107.2526 0.8967599 16.89207 286.5859 36.99758 28.96229 2.403905  9.599636 1.205192
[16,] 21.354429 106.9047 0.8939904 16.89571 286.5903 36.80796 29.15342 2.384733  9.858869 1.206238
[17,] 21.357571 106.5985 0.9576313 16.99541 286.5942 37.17274 28.74575 2.367962  9.871411 1.317020
[18,] 21.357571 106.9110 1.0000000 16.99541 286.5942 37.17274 28.74575 2.392962  9.871411 1.317020
[19,] 21.285665 103.3931 1.0000000 17.01698 286.5988 37.16043 28.80174 2.382505  9.980149 1.326075
[20,] 21.312205 103.7316 0.9998682 17.04974 286.5835 37.18727 28.77965 2.449115  9.897516 1.324518
[21,] 21.299741 103.1537 0.9998529 17.02905 286.5954 37.14152 28.78499 2.460970  9.994854 1.326203
[22,] 21.373221 103.4559 0.9820739 17.33992 286.5996 37.41468 28.59489 2.919656  9.597008 1.691737
[23,] 21.373221 103.4559 1.0000000 17.33992 286.5996 37.41468 28.59489 2.969656  9.597008 1.715487
[24,] 21.494781 101.1807 0.9667623 18.38143 286.5969 37.51835 28.55698 2.896024  9.485744 1.736260
[25,] 21.513270 100.0060 0.9757509 18.27318 286.6012 37.49839 28.56725 2.895528  9.642301 1.731450
[26,] 21.507366 100.0000 1.0000000 18.36180 286.5975 37.49024 28.57046 2.895620  9.568454 1.723539
[27,] 21.507366 100.0000 1.0000000 18.36161 286.5975 37.49024 28.57046 2.895620  9.568454 1.723539
[28,] 21.509642 100.2563 0.9867527 18.26762 286.6001 37.50835 28.60709 2.894274  9.619644 1.729209
[29,] 21.526061 100.3320 1.0000000 18.27210 286.6011 37.50523 28.66701 2.892832  9.591047 1.710321
[30,] 21.513859 100.3887 0.9937227 18.37087 286.5967 37.50322 28.57818 2.890339  9.527725 1.729643
[31,] 21.495993 100.2601 0.9956048 18.33461 286.5952 37.52435 28.59371 2.891592  9.596621 1.732042
[32,] 21.518730 100.4872 0.9944757 18.26997 286.5918 37.52421 28.55253 2.891820  9.591942 1.732416
[33,] 21.527188 100.3147 0.9931723 18.25926 286.5925 37.51217 28.58472 2.894591  9.604342 1.733367
[34,] 21.509476 100.1684 0.9936102 18.37828 286.5953 37.51753 28.58515 2.891240  9.544208 1.731373
[35,] 21.509476 100.1684 0.9936102 18.37828 286.5953 37.51753 28.58515 2.897490  9.544208 1.731373
[36,] 21.509476 100.1684 0.9936102 18.37828 286.5953 37.51753 28.58515 2.897490  9.544208 1.731373

$time
elapsed elapsed elapsed elapsed elapsed elapsed elapsed elapsed elapsed elapsed elapsed elapsed elapsed elapsed elapsed elapsed elapsed elapsed elapsed elapsed elapsed elapsed elapsed elapsed elapsed elapsed elapsed elapsed elapsed elapsed 
   2.11    6.25    9.83   19.78   23.75   31.12   34.28   37.51   43.87   46.81   85.09   88.20   95.06   98.29  104.83  115.03  121.98  123.84  133.86  154.42  157.67  210.48  212.42  232.09  236.00  242.39  247.22  264.08  281.06  358.09 
elapsed elapsed elapsed elapsed elapsed elapsed 
 379.39  412.00  415.25  424.64  429.36 1195.53 

$neval
 [1]   106   258   418   848   990  1274  1414  1554  1834  1963  3472  3579  3864  4001  4272  4689  4969  5054  5469  6286  6424  8546  8631  9463  9600  9877 10086 10755 11425 14506 15406 16707 16845 17250 17459 50109

$fbest
[1] 813.8958

$xbest
 [1]  21.5094760 100.1684053   0.9936102  18.3782783 286.5952913  37.5175333  28.5851507   2.8974902   9.5442076   1.7313732

$numeval
[1] 50109

$end_crit
[1] 1

$cpu_time
elapsed 
1195.53 

$Refset
$Refset$x
             [,1]        [,2]       [,3]        [,4]        [,5]        [,6]        [,7]        [,8]        [,9]      [,10]
 [1,]   1.0000000  21.5341100 100.470800   0.9909524  18.2727000 286.5860000  37.5258700  28.4977500   2.8962340   9.564434
 [2,]   1.7338650   2.0000000  15.499670 318.5553000   0.8433829  18.8646100 286.4177000  16.1009700  26.7252600   5.372577
 [3,]   3.8896920   4.2450310   3.000000  21.5341600 100.4769000   0.9926145  18.2723600 286.5860000  37.5258700  28.497580
 [4,]   2.8957160   9.5642060   1.730400   4.0000000  21.5342000 100.4776000   0.9927739  18.2724400 286.5860000  37.525810
 [5,]  28.4975500   2.8958880   9.564194   1.7309270   5.0000000  21.5336100 100.4759000   0.9910882  18.2759600 286.586000
 [6,]  37.5256300  28.4977500   2.895310   9.5621260   1.7372590   6.0000000  21.5348800 100.4721000   0.9918189  18.272670
 [7,] 286.5860000  37.5227000  28.498160   2.8957860   9.5643080   1.7341110   7.0000000  21.5342100 100.4795000   0.988970
 [8,]  18.2718100 286.5860000  37.525690  28.4978600   2.8964100   9.5641590   1.7343050   8.0000000  21.5279700 100.479600
 [9,]   0.9901013  18.2844400 286.585900  37.5261000  28.4977600   2.8973400   9.5623580   1.7363730   9.0000000  21.534690
[10,] 100.3491000   0.9924260  18.277410 286.5910000  37.5273800  28.5263300   2.9952210   9.5691120   1.7698450  21.483110
[11,] 100.8555000   0.9916485  18.052600 286.5736000  37.5598100  28.4227200   2.9196600   9.3602790   1.7373730  21.523510
[12,] 100.4778000   0.9920000  18.272660 286.5879000  37.5296200  28.4846200   2.8910920   9.5803610   1.7042510  21.519590

$Refset$f
 [1]     814.3194 1000000.0000     814.3194     814.3194     814.3194     814.3194     814.3194     814.3420     818.4618     834.6319     816.2778     905.1562

$Refset$fpen
 [1] 8.143194e+02 9.999975e+11 8.143194e+02 8.143194e+02 8.143194e+02 8.143194e+02 8.143194e+02 8.143420e+02 8.184618e+02 8.346319e+02 8.162778e+02 9.051563e+02

$Refset$const
 [1] 8.708264e+00 2.643557e+01 1.772730e+01 1.508358e+00 2.985910e+00 1.000000e+06 1.000000e+06 1.000000e+06 1.000000e+06 1.000000e+06 8.708155e+00 2.643579e+01 1.772764e+01 1.508361e+00 2.985886e+00 8.708251e+00 2.643581e+01 1.772756e+01
[19] 1.508356e+00 2.985904e+00 8.713829e+00 2.643787e+01 1.772404e+01 1.508353e+00 2.985941e+00 8.708363e+00 2.643569e+01 1.772733e+01 1.508344e+00 2.986177e+00 8.707648e+00 2.643584e+01 1.772819e+01 1.508356e+00 2.985934e+00 8.722085e+00
[37] 2.643764e+01 1.771556e+01 1.508375e+00 2.985837e+00 8.708301e+00 2.643089e+01 1.772259e+01 1.507613e+00 2.990658e+00 8.692320e+00 2.663972e+01 1.794740e+01 1.510341e+00 2.971156e+00 8.692297e+00 2.641964e+01 1.772734e+01 1.508199e+00
[55] 2.985216e+00 8.648590e+00 2.642698e+01 1.777839e+01 1.516527e+00 2.820213e+00

$Refset$penalty
 [1]      0.0 999996.5      0.0      0.0      0.0      0.0      0.0      0.0      0.0      0.0      0.0      0.0


