$f
 [1] 1290.2934  644.3507  517.2622  467.2344  402.9097  396.9167  387.9705  374.8264  355.0642  344.6111  321.3056  299.2205  298.7622  298.3056  298.2500  297.8559  297.6354  297.5990  297.1493  296.4427  296.1562  295.8872  295.3993
[24]  293.9531  293.8854  293.1597  293.0885  293.0191  292.9375  292.8837  292.6493  292.6476  292.4010  289.4757  288.3177  288.3073  287.3785  285.3316  283.2951  282.6181  280.8368  273.3073  273.3073

$x
          [,1]     [,2]      [,3]     [,4]     [,5]     [,6]     [,7]     [,8]     [,9]    [,10]
 [1,] 15.42849 495.1168 0.6370377 18.80769 285.8572 42.86101 25.99991 8.784323 2.271125 2.461565
 [2,] 20.33083 351.7575 0.5465254 22.60661 286.4137 44.37272 29.60346 2.046268 3.573858 3.305222
 [3,] 20.38466 371.7575 1.0000000 22.61833 286.4090 44.17272 32.16284 2.021268 3.198858 4.433347
 [4,] 17.04628 414.2773 0.6309502 20.98532 285.9200 43.22431 27.88224 7.592734 3.500794 3.600723
 [5,] 17.26594 380.9377 0.9237159 21.29889 285.9082 43.20981 28.81184 7.108496 3.672149 2.987376
 [6,] 19.56258 280.7823 0.9218221 21.93763 285.9244 42.91700 29.21838 7.109799 5.853920 3.533479
 [7,] 17.32005 388.1590 0.8235217 20.89888 285.8952 43.44547 28.11982 7.240588 3.587417 3.026924
 [8,] 17.32005 388.1590 1.0000000 20.89888 285.8952 43.44547 28.11982 7.240588 3.685851 3.025437
 [9,] 20.51354 323.2983 0.9474640 22.44322 286.5681 44.41419 29.47539 6.103831 4.270264 2.672462
[10,] 20.75811 323.2983 0.9474640 22.25572 286.5655 44.41419 29.47539 6.103831 4.293517 2.694552
[11,] 20.94936 281.9944 0.8322864 22.43957 286.5435 43.94346 29.89246 7.375623 5.119470 3.536398
[12,] 20.93569 261.9944 0.7440442 22.43957 286.5341 43.94346 29.89246 7.375623 5.169470 3.512648
[13,] 17.96175 360.8198 1.0000000 21.50322 285.9048 43.45458 28.13863 7.230362 4.006000 2.968205
[14,] 17.96517 360.7808 1.0000000 21.50322 285.9048 43.45458 28.13863 7.230362 4.006000 2.968205
[15,] 18.00916 354.2586 0.9667416 21.73131 285.9197 43.44172 28.31890 7.226875 4.009047 2.969031
[16,] 18.02181 351.0915 0.9492679 21.84370 285.9257 43.44137 28.38857 7.226344 4.016213 2.969015
[17,] 18.02181 351.0915 0.9492679 21.84370 285.9257 43.44137 28.34794 7.226344 4.016213 2.969015
[18,] 17.98874 358.3125 1.0000000 21.59189 285.9089 43.43540 28.19490 7.229434 3.997808 2.969378
[19,] 17.97781 353.5962 0.9786840 21.78831 285.9169 43.43772 28.21686 7.228583 3.997844 2.969012
[20,] 17.99428 353.8148 0.9927695 21.76531 285.9140 43.43213 28.19770 7.229151 3.998008 2.968789
[21,] 17.98405 356.9414 1.0000000 21.65079 285.9090 43.43642 28.20233 7.229795 3.998146 2.968977
[22,] 18.00083 352.5435 0.9939126 21.82252 285.9147 43.43222 28.19799 7.228755 3.997862 2.969017
[23,] 18.05594 356.5642 0.9990846 21.56767 285.9093 43.53389 28.04440 7.228793 3.991571 2.941739
[24,] 18.05594 356.5642 0.9990846 21.56767 285.9093 43.53389 28.04440 7.235043 3.991571 2.941739
[25,] 17.98821 335.4892 0.9992334 22.58956 285.9125 43.44907 28.20103 7.228708 3.997452 2.970512
[26,] 17.98821 335.4892 0.9992334 22.58956 285.9125 43.44907 28.20103 7.228708 3.994327 2.970512
[27,] 17.99080 337.4034 0.9989004 22.47941 285.9112 43.43835 28.18333 7.229770 3.995654 2.969018
[28,] 17.98811 337.7261 0.9990217 22.46523 285.9089 43.42957 28.17882 7.229839 3.995844 2.969283
[29,] 17.98163 335.6006 0.9998410 22.58648 285.9140 43.45015 28.20765 7.228803 3.997722 2.970871
[30,] 17.98163 335.6006 0.9998410 22.58630 285.9140 43.45015 28.20765 7.228803 3.997722 2.970871
[31,] 17.99263 335.9959 0.9990503 22.49606 285.9136 43.45256 28.20171 7.229979 4.029025 2.966338
[32,] 17.99263 335.9959 0.9990503 22.49606 285.9136 43.45256 28.20171 7.229979 4.025900 2.966338
[33,] 17.98621 336.0396 0.9997222 22.49959 285.9135 43.45256 28.20030 7.229860 4.028147 2.965239
[34,] 17.96382 334.1271 0.9995189 22.46894 285.9015 43.43643 27.98273 7.230841 4.100568 2.931254
[35,] 17.97749 334.1271 0.9995189 22.46894 285.9015 43.43643 27.98273 7.230841 4.106818 2.931254
[36,] 17.97033 334.2301 0.9995332 22.46028 285.8960 43.43689 27.92752 7.231151 4.104906 2.936197
[37,] 17.97033 334.2301 0.9995332 22.46028 285.8960 43.43689 27.92752 7.231151 4.108031 2.939166
[38,] 17.97483 334.5413 0.9996005 22.45628 285.9006 43.44932 27.94950 7.232115 4.074467 2.936157
[39,] 17.97483 334.6194 0.9996005 22.45921 285.9017 43.44932 27.94950 7.232115 4.080717 2.936157
[40,] 17.92085 330.0365 0.9845949 22.53410 285.9127 43.87219 28.41845 7.246393 4.043150 2.957760
[41,] 17.93001 331.4024 0.9853585 22.52926 285.9128 43.88457 28.37774 7.246435 4.040870 2.958647
[42,] 17.91634 331.4024 0.9853585 22.34176 285.9128 43.88457 28.37774 7.246435 4.040870 2.958647
[43,] 17.91634 331.4024 0.9853585 22.34176 285.9128 43.88457 28.37774 7.246435 4.040870 2.958647

$time
elapsed elapsed elapsed elapsed elapsed elapsed elapsed elapsed elapsed elapsed elapsed elapsed elapsed elapsed elapsed elapsed elapsed elapsed elapsed elapsed elapsed elapsed elapsed elapsed elapsed elapsed elapsed elapsed elapsed elapsed 
   2.09    5.95   10.51   18.64   26.12   34.36   45.03   51.39   74.75   91.93  103.95  132.64  287.00  289.04  295.89  313.31  325.12  339.31  345.90  359.62  365.00  380.40  387.56  400.64  469.09  471.09  576.51  588.73  600.12  616.68 
elapsed elapsed elapsed elapsed elapsed elapsed elapsed elapsed elapsed elapsed elapsed elapsed elapsed 
 714.59  717.39  732.37  899.95  901.98  948.75  950.73  980.53  985.65  995.92 1008.75 1020.92 1308.72 

$neval
 [1]   106   258   429   719   999  1271  1679  1919  2727  3374  3777  4842 10357 10435 10711 11392 11872 12414 12681 13224 13427 13977 14250 14729 17296 17370 21189 21662 22066 22677 26287 26361 26910 33144 33223 35151 35230 36470 36701
[40] 37108 37651 38134 50070

$fbest
[1] 273.3073

$xbest
 [1]  17.9163389 331.4024313   0.9853585  22.3417635 285.9128052  43.8845699  28.3777409   7.2464346   4.0408698   2.9586466

$numeval
[1] 50070

$end_crit
[1] 1

$cpu_time
elapsed 
1308.72 

$Refset
$Refset$x
            [,1]        [,2]       [,3]        [,4]        [,5]        [,6]        [,7]        [,8]        [,9]      [,10]
 [1,]   1.000000  17.9821900 333.788000   0.9995127  22.5613900 285.9020000  43.4836900  27.9401000   7.2322480   4.048014
 [2,]   2.933193   2.0000000  17.959660 333.5981000   0.9994572  22.5822500 285.9021000  43.4975000  27.9334900   7.232347
 [3,]   4.048893   2.9375050   3.000000  17.9621700 333.8455000   0.9994903  22.5599800 285.9023000  43.4915900  27.940370
 [4,]   7.232257   4.0476110   2.933767   4.0000000  17.9602000 333.8837000   0.9993625  22.5582300 285.9025000  43.486220
 [5,]  27.944030   7.2325280   4.047583   2.9329960   5.0000000  17.9616800 333.8488000   0.9994865  22.5599400 285.902300
 [6,]  43.492570  27.9390000   7.232268   4.0477990   2.9341520   6.0000000  17.9618300 333.9646000   0.9994262  22.554160
 [7,] 285.902200  43.4876700  27.942560   7.2324930   4.0467980   2.9325440   7.0000000  17.9672600 333.8161000   0.996799
 [8,]  22.570870 285.9023000  43.487470  27.9400800   7.2323030   4.0246980   2.9333730   8.0000000  17.9642400 333.839300
 [9,]   0.999824  22.5481400 285.902000  43.4837100  27.9399900   7.2326310   4.0426360   2.9321700   9.0000000  17.962780
[10,] 333.852200   0.9995490  22.561390 285.9023000  43.4858300  27.9391900   7.2321440   4.0462610   2.9339220  17.964320
[11,] 333.787800   0.9995171  22.573160 285.9023000  43.4880800  27.9413400   7.2323640   4.0391340   2.9337580  17.956540
[12,] 333.695900   0.9988395  22.547630 285.9021000  43.5484800  27.9378800   7.2365060   4.0476700   2.9327280  17.965420

$Refset$f
 [1] 279.6806 279.7135 279.7431 279.7431 279.7431 279.8212 280.0052 280.0052 280.0191 279.9306 281.0069 280.4983

$Refset$fpen
 [1] 279.6806 279.7135 279.7431 279.7431 279.7431 279.8212 280.0052 280.0052 280.0191 279.9306 281.0069 280.4983

$Refset$const
 [1] 18.513380 31.951990 13.438610  1.595567  2.405983 18.533360 31.951110 13.417750  1.595547  2.405091 18.512370 31.952390 13.440020  1.595536  2.405769 18.510650 31.952420 13.441770  1.595515  2.406255 18.512140 31.952200 13.440060
[24]  1.595529  2.405664 18.507360 31.953200 13.445840  1.595542  2.406041 18.546170 31.975300 13.429130  1.595537  2.405910 18.505500 31.957360 13.451860  1.595562  2.405987 18.515120 31.953740 13.438610  1.595532  2.405932 18.534020
[47] 31.960870 13.426840  1.595534  2.405970 18.499960 31.952330 13.452370  1.595532  2.403409 18.515590 31.951760 13.436180  1.595489  2.406215

$Refset$penalty
 [1] 0 0 0 0 0 0 0 0 0 0 0 0


