$f
 [1] 1251.4983  917.4757  553.8299  541.8507  524.7830  448.2656  421.1997  414.2222  388.0712  380.6910  370.3125  369.2795  366.0764  365.4410  364.0087  363.6910  358.3993  355.7014  355.5365  353.5990  353.4792  353.4514  353.4253
[24]  353.4184  353.1493  353.0573  353.0556  352.9531  352.8628  352.8403  352.1059  351.0642  351.0434  350.8437  350.8316  350.8160  350.8160

$x
          [,1]     [,2]      [,3]     [,4]     [,5]     [,6]     [,7]     [,8]     [,9]    [,10]
 [1,] 21.83207 289.2244 0.1115003 19.62574 286.1606 36.28542 30.71397 5.547623 4.019138 2.064159
 [2,] 24.68091 269.3445 0.1068458 21.38544 286.3735 32.71763 27.79393 6.085416 2.106224 1.804903
 [3,] 21.91181 269.3445 0.1011659 21.36600 286.3638 33.42924 27.06408 6.979843 2.778511 1.809826
 [4,] 18.91084 274.0858 0.1699705 23.56874 286.3596 35.15970 26.48601 7.091598 2.635274 2.002642
 [5,] 18.04192 265.5720 0.1340334 23.71059 286.4339 36.37898 26.48556 7.537475 2.665818 1.889075
 [6,] 19.99580 293.7512 0.1458422 23.58235 286.3158 34.55126 26.41950 6.577784 2.102188 2.009040
 [7,] 19.77705 288.5950 0.2133422 23.57649 286.3158 34.55126 26.46013 6.627784 2.102579 1.995681
 [8,] 19.41318 268.5019 0.1359201 23.51904 286.3656 34.52231 26.70076 7.133110 2.759798 2.307086
 [9,] 19.41318 268.5019 0.1154089 23.51904 286.3623 34.52231 26.70076 7.133110 2.784798 2.295211
[10,] 19.88650 273.7959 0.1119055 23.33420 286.3448 34.45234 26.52051 7.131380 2.564861 2.291805
[11,] 19.70307 273.7959 0.1087610 23.33420 286.3448 34.45234 26.52051 7.131271 2.561464 2.310318
[12,] 19.49472 273.8267 0.1120496 23.35570 286.3447 34.42746 26.51339 7.130992 2.675930 2.309915
[13,] 19.49472 273.8267 0.1120496 23.35570 286.3259 34.42746 26.51339 7.130992 2.638430 2.309915
[14,] 19.85293 272.0130 0.1121424 23.34015 286.3349 34.40393 26.59356 7.131751 2.555764 2.300137
[15,] 19.84139 271.5968 0.1126864 23.34031 286.3348 34.40369 26.59362 7.132155 2.564637 2.297722
[16,] 19.84438 271.9047 0.1138288 23.36257 286.3187 34.39561 26.48602 7.132713 2.570357 2.295848
[17,] 19.60737 272.8481 0.1103777 23.33855 286.3218 34.38221 26.57655 7.131273 2.596223 2.300472
[18,] 19.64073 272.6194 0.1118121 23.33984 286.3180 34.36936 26.49939 7.131221 2.602517 2.299845
[19,] 19.57311 273.0195 0.1122544 23.33201 286.3179 34.37381 26.50459 7.131476 2.619749 2.300231
[20,] 19.57311 273.0195 0.1122544 23.33201 286.3185 34.37381 26.54522 7.131476 2.657639 2.300231
[21,] 19.68225 272.0655 0.1098055 23.30110 286.3207 34.40015 26.52764 7.132953 2.629529 2.297514
[22,] 19.70719 271.5136 0.1099640 23.30762 286.3210 34.40628 26.52825 7.133726 2.637374 2.295549
[23,] 19.70553 271.3709 0.1099565 23.30180 286.3208 34.41308 26.50705 7.134022 2.638385 2.295600
[24,] 19.69018 271.5483 0.1091659 23.30975 286.3212 34.40756 26.50802 7.133722 2.648202 2.295269
[25,] 19.71424 271.1277 0.1100466 23.30848 286.3210 34.40594 26.52805 7.134145 2.644641 2.294803
[26,] 19.68142 271.5790 0.1097924 23.30794 286.3209 34.40201 26.52646 7.134090 2.645010 2.294682
[27,] 19.67853 271.6310 0.1097513 23.30684 286.3214 34.40616 26.52905 7.134263 2.644756 2.294598
[28,] 19.67758 271.7306 0.1096387 23.33368 286.3198 34.39859 26.52245 7.133925 2.648873 2.294949
[29,] 19.64990 271.8709 0.1111447 23.29896 286.3211 34.40909 26.51569 7.132255 2.696500 2.310971
[30,] 19.59620 271.8354 0.1118911 23.33130 286.3205 34.40092 26.51941 7.133217 2.676201 2.307895
[31,] 19.61977 271.7209 0.1114485 23.32223 286.3117 34.40064 26.47861 7.136392 2.680516 2.308031
[32,] 19.61977 271.7209 0.1114485 23.32223 286.3117 34.40064 26.47861 7.136392 2.686766 2.308031
[33,] 19.62897 271.5996 0.1113899 23.32014 286.3128 34.40090 26.49391 7.136211 2.678408 2.309724
[34,] 19.62842 271.6177 0.1114310 23.31888 286.3123 34.40122 26.48656 7.136210 2.677028 2.310268
[35,] 19.62792 271.6540 0.1115084 23.31707 286.3118 34.40084 26.48591 7.136210 2.675925 2.310371
[36,] 19.62874 271.6850 0.1116126 23.32305 286.3132 34.40074 26.50106 7.136231 2.679929 2.308584
[37,] 19.62874 271.6850 0.1116126 23.32305 286.3132 34.40074 26.50106 7.136231 2.679929 2.308584

$time
elapsed elapsed elapsed elapsed elapsed elapsed elapsed elapsed elapsed elapsed elapsed elapsed elapsed elapsed elapsed elapsed elapsed elapsed elapsed elapsed elapsed elapsed elapsed elapsed elapsed elapsed elapsed elapsed elapsed elapsed 
   2.12    5.42   10.53   38.53   41.84   45.19   48.20   68.80   84.34  137.69  141.22  216.01  218.03  224.70  234.59  242.15  245.50  248.87  252.26  254.51  326.56  344.84  350.95  356.90  359.80  428.89  549.87  663.26  844.11 1001.98 
elapsed elapsed elapsed elapsed elapsed elapsed elapsed 
1062.56 1064.31 1134.03 1138.92 1154.73 1193.31 1281.31 

$neval
 [1]   106   258   444  1578  1716  1859  1985  2806  3445  5745  5864  8840  8923  9197  9608  9884 10019 10157 10296 10390 13275 14029 14300 14568 14703 17488 22266 26733 33924 40182 42580 42653 45108 45315 46004 47029 50123

$fbest
[1] 350.816

$xbest
 [1]  19.6287448 271.6849797   0.1116126  23.3230482 286.3132138  34.4007401  26.5010649   7.1362313   2.6799295   2.3085836

$numeval
[1] 50123

$end_crit
[1] 1

$cpu_time
elapsed 
1281.31 

$Refset
$Refset$x
             [,1]        [,2]       [,3]        [,4]        [,5]       [,6]        [,7]        [,8]        [,9]      [,10]
 [1,]   1.0000000  19.6277200 271.692300   0.1116481  23.3234300 286.313700  34.4009000  26.5037600   7.1361900   2.679962
 [2,]   2.3089040   2.0000000  19.627490 271.7370000   0.1117114  23.322440 286.3138000  34.4022100  26.5048400   7.136106
 [3,]   2.6793510   2.3080450   3.000000  19.6280900 271.6901000   0.111631  23.3232000 286.3136000  34.4010500  26.503550
 [4,]   7.1362120   2.6799620   2.308883   4.0000000  19.6283900 271.682500   0.1116741  23.3230600 286.3133000  34.400770
 [5,]  26.5012700   7.1362300   2.679968   2.3087230   5.0000000  19.627730 271.7004000   0.1117128  23.3250400 286.313700
 [6,]  34.4018000  26.5051600   7.136184   2.6790550   2.3087990   6.000000  19.6267600 271.7006000   0.1116749  23.324390
 [7,] 286.3138000  34.4018500  26.504900   7.1362730   2.6792190   2.308291   7.0000000  19.6274200 271.6117000   0.111407
 [8,]  23.3229600 286.3136000  34.401280  26.5032900   7.1361960   2.674967   2.3080280   8.0000000  19.6191800 271.704500
 [9,]   0.1116629  23.3232200 286.314000  34.3948100  26.5061600   7.135615   2.6760730   2.3093180   9.0000000  19.612570
[10,] 271.6600000   0.1116198  23.321600 286.3139000  34.4015300  26.489510   7.1342080   2.6858960   2.2955680  19.626950
[11,] 271.6559000   0.1116006  23.323770 286.3137000  34.4019200  26.500370   7.1361800   2.6802290   2.3088760  19.626760
[12,] 269.4933000   0.1292323  24.127880 286.2750000  34.3250800  26.108500   7.1777630   2.6173110   2.2972040  22.064300

$Refset$f
 [1] 350.8160 350.8160 350.8160 350.8160 350.8160 350.8160 350.8437 351.9288 352.4531 350.9531 535.1198 821.5295

$Refset$fpen
 [1] 350.8160 350.8160 350.8160 350.8160 350.8160 350.8160 350.8437 351.9288 352.4531 350.9531 535.1198 821.5295

$Refset$const
 [1] 20.643470 33.320040 12.676570  1.539985  2.915562 20.643090 33.320650 12.677560  1.539964  2.915634 20.643240 33.320040 12.676800  1.539991  2.915516 20.643100 33.320030 12.676940  1.540045  2.915173 20.645980 33.320950 12.674960
[24]  1.539973  2.915660 20.645170 33.320780 12.675610  1.539970  2.915645 20.647990 33.325030 12.677040  1.539999  2.915454 20.647140 33.323930 12.676780  1.539914  2.916400 20.635710 33.314100 12.678400  1.540024  2.914156 20.643540
[47] 33.319770 12.676230  1.539997  2.915160 21.510570 33.382690 11.872120  1.546201  2.867604 19.391760 33.630320 14.238570  1.508740  2.755851

$Refset$penalty
 [1] 0 0 0 0 0 0 0 0 0 0 0 0


