$f
 [1] 1783.872 1629.847 1346.932 1342.931 1325.661 1308.938 1284.113 1195.835 1189.576 1183.743 1173.849 1157.427 1148.410 1135.401 1134.856 1134.684 1125.108 1123.979 1123.891 1122.382 1122.257 1117.868 1116.134 1116.134

$x
           [,1]     [,2]      [,3]     [,4]     [,5]     [,6]     [,7]     [,8]     [,9]    [,10]
 [1,] 22.387513 396.4155 0.7764539 24.70347 286.8117 46.07783 25.82826 5.578251 3.136557 3.584591
 [2,]  6.881865 415.0769 0.4183033 26.01011 284.0000 46.14219 43.85721 2.000000 2.814485 3.141976
 [3,]  7.950038 386.9591 0.4408033 26.01011 284.0048 45.74219 44.49346 2.000000 2.814485 3.141976
 [4,]  8.098165 388.0291 0.4318295 26.01011 284.0000 46.43303 44.51051 2.000000 2.814485 3.141976
 [5,]  9.472620 380.7488 0.5467071 26.08656 284.3017 45.29522 45.07153 2.000000 3.000979 2.961796
 [6,]  9.472620 380.7488 0.5467071 26.08656 284.3017 45.29522 45.07153 2.000000 2.975979 2.961796
 [7,] 19.380522 339.9344 0.1717168 16.30732 285.1397 33.16329 29.70830 4.808179 9.192962 1.409862
 [8,] 19.383940 339.9344 0.1717168 16.30732 285.1948 33.13829 29.70830 4.808179 9.217962 1.397987
 [9,] 19.368302 347.5912 0.1479831 16.59287 285.2954 33.18385 30.17553 4.471036 9.131878 2.810580
[10,] 19.368302 347.5717 0.1480710 16.59141 285.2966 33.17135 30.13490 4.471036 9.145940 2.822455
[11,] 19.442239 345.0532 0.1578590 16.61553 285.2414 32.76951 29.81060 5.080486 8.997684 2.244268
[12,] 19.438363 343.0031 0.1576206 16.61360 285.2408 32.76834 29.81454 5.086344 9.008021 2.273122
[13,] 19.853792 345.2876 0.1484859 16.55849 285.2379 32.82863 29.85254 5.028663 8.845436 2.048337
[14,] 19.853792 345.2876 0.1484859 16.55703 285.2379 32.82863 29.85254 5.028663 8.820436 2.048337
[15,] 19.245538 344.8449 0.1607380 16.60793 285.2699 33.68370 29.62649 4.475924 9.117958 2.726052
[16,] 19.245538 344.8449 0.1607380 16.60811 285.2699 33.68370 29.62649 4.475924 9.117958 2.726052
[17,] 19.192696 357.5275 0.1687755 16.36281 285.2829 33.66362 29.90223 4.468797 9.095424 2.728543
[18,] 19.422169 350.8871 0.1631994 16.42990 285.2860 33.68124 30.00690 4.473829 9.106035 2.727086
[19,] 19.405057 351.1054 0.1632639 16.43133 285.2867 33.68066 30.00602 4.473747 9.101000 2.733953
[20,] 19.405057 351.1836 0.1630881 16.43133 285.2867 33.68066 30.04665 4.473747 9.101000 2.733953
[21,] 19.401466 351.3595 0.1638347 16.43105 285.2828 33.66660 29.58610 4.472223 9.108479 2.741272
[22,] 19.401466 351.3595 0.1638347 16.43105 285.2640 33.66660 29.58610 4.472223 9.108479 2.741272
[23,] 19.419233 351.3851 0.1607127 16.38509 285.2825 33.66431 29.68774 4.474027 9.122092 2.721317
[24,] 19.419233 351.3851 0.1607127 16.38509 285.2825 33.66431 29.68774 4.474027 9.122092 2.721317

$time
elapsed elapsed elapsed elapsed elapsed elapsed elapsed elapsed elapsed elapsed elapsed elapsed elapsed elapsed elapsed elapsed elapsed elapsed elapsed elapsed elapsed elapsed elapsed elapsed 
   3.91    9.97   16.41   42.00   60.18   81.94  128.22  143.88  270.60  276.96  310.99  330.64  343.30  347.14  496.57  499.75  526.10  544.60  551.32  566.97  665.39  668.71  761.96 1805.50 

$neval
 [1]   106   256   390   955  1363  1855  2928  3302  6026  6142  6825  7228  7500  7585 10589 10662 11209 11624 11764 12115 14266 14340 16375 40686

$fbest
[1] 1116.134

$xbest
 [1]  19.4192328 351.3850912   0.1607127  16.3850872 285.2824836  33.6643140  29.6877394   4.4740266   9.1220922   2.7213166

$numeval
[1] 40686

$end_crit
[1] 2

$cpu_time
elapsed 
 1805.5 

$Refset
$Refset$x
             [,1]        [,2]       [,3]        [,4]        [,5]        [,6]        [,7]        [,8]        [,9]       [,10]
 [1,]   1.0000000   8.1728050 487.046200   0.6364149  27.4994300 284.8587000  28.0354600  31.6872100   2.9832570   9.6599770
 [2,]   4.8628560   2.0000000  19.421673 350.8861000   0.1606914  16.3636700 285.2806000  33.6219200  30.0654100   4.4699690
 [3,]   9.1303140   2.7041400   3.000000  19.4217910 350.8948000   0.1606334  16.3627600 285.2806000  33.6205800  30.0658000
 [4,]   4.4707930   9.1301720   2.701420   4.0000000  19.4186130 350.9013000   0.1606657  16.3631000 285.2805000  33.6193100
 [5,]  30.0653100   4.4699880   9.130876   2.7048440   5.0000000  19.4196050 350.9133000   0.1607183  16.3627400 285.2807000
 [6,]  33.6202700  30.0675100   4.469885   9.1311000   2.7046190   6.0000000  19.4197810 350.8957000   0.1606674  16.3648300
 [7,] 285.2807000  33.6200100  30.066410   4.4697240   9.1304660   2.7052380   7.0000000  19.4184850 350.8960000   0.1606835
 [8,]  16.3641700 285.2806000  33.619620  30.0676500   4.4701380   9.1308760   2.7027080   8.0000000  19.4222160 350.9057000
 [9,]   0.1606277  16.3625900 285.281000  33.6194300  30.0637200   4.4702280   9.1307390   2.7015640   9.0000000  19.4244310
[10,] 350.8693000   0.1603582  16.363340 285.2806000  33.6164000  30.0298600   4.4702510   9.1281860   2.7024640  19.4175680
[11,] 350.8995000   0.1606578  16.364780 285.2805000  33.6208900  30.0650300   4.4702180   9.1299410   2.7028110  19.4153770
[12,] 352.1734000   0.1604206  16.365020 285.2807000  33.6222200  29.9310800   4.4896620   9.1299390   2.7031390  18.4355440

$Refset$f
 [1] 97522.351  1119.069  1119.069  1119.069  1119.069  1119.069  1119.069  1119.069  1119.075  1119.069  1135.667  1594.076

$Refset$fpen
 [1] 1012292.953    1119.069    1119.069    1119.069    1119.069    1119.069    1119.069    1119.069    1119.075    1119.069    1135.667    1594.076

$Refset$const
 [1] 17.839457 26.340020  8.500566  1.683406  4.414771  7.233359 26.869690 19.636327  1.664123  3.061348  7.232588 26.869830 19.637240  1.664114  3.061548  7.232222 26.869120 19.636902  1.664127  3.061604  7.231637 26.868900 19.637263
[24]  1.664094  3.061813  7.234363 26.869530 19.635170  1.664107  3.061691  7.233292 26.869120 19.635831  1.664108  3.061877  7.231848 26.869260 19.637413  1.664067  3.061499  7.235149 26.871810 19.636664  1.664230  3.057583  7.234836
[47] 26.870060 19.635223  1.664133  3.061396  7.235084 26.870060 19.634977  1.664554  3.044922 10.970365 27.638880 16.668519  1.670808  2.879828

$Refset$penalty
 [1] 0.9147706 0.0000000 0.0000000 0.0000000 0.0000000 0.0000000 0.0000000 0.0000000 0.0000000 0.0000000 0.0000000 0.0000000


