$f
 [1] 1287.2656 1229.9531  929.9115  910.3385  774.4062  764.2292  756.2431  755.0295  754.0382  753.7517  753.1788  752.8160  750.5399  750.0521  748.9792  748.3698  748.3316  747.9444  747.8889  747.5243  747.5052  747.3837  739.4375
[24]  736.7066  735.7778  734.5052  733.3125  731.0764  730.3073  729.7274  729.3333  728.4635  728.4253  727.6753  726.8559  723.5139  703.8455  702.8785

$x
          [,1]     [,2]      [,3]     [,4]     [,5]     [,6]     [,7]     [,8]     [,9]    [,10]
 [1,] 11.33409 384.9764 0.2429305 21.07419 286.4179 44.05052 29.41404 7.687530 5.138893 1.650186
 [2,] 10.26960 402.2686 0.2180147 22.73637 286.5409 44.06855 28.67045 7.683529 3.809989 1.639366
 [3,] 10.26960 423.6661 0.3946737 22.76257 286.2305 44.05807 28.68181 7.681782 3.764569 1.665919
 [4,] 13.92224 317.4504 0.1000000 22.69687 285.4899 39.66878 32.61747 6.795385 3.762875 2.598959
 [5,] 13.30352 317.1010 0.1056250 22.69687 285.4899 39.86878 32.61747 6.795385 3.898900 2.527709
 [6,] 13.89937 313.1087 0.1011208 22.44978 285.4792 39.72576 32.55256 6.794828 3.764729 2.573924
 [7,] 13.89937 313.1087 0.1000000 22.44978 285.4745 39.72576 32.55256 6.794926 3.802229 2.573924
 [8,] 13.92076 314.5831 0.1020623 22.43150 285.4814 39.74746 32.54508 6.797063 3.764771 2.565596
 [9,] 13.92553 314.2825 0.1005724 22.44343 285.4801 39.77535 32.53584 6.798708 3.764004 2.573799
[10,] 13.91389 314.4922 0.1020760 22.44064 285.4812 39.74754 32.54535 6.797416 3.764342 2.569631
[11,] 13.91114 314.4282 0.1024887 22.43954 285.4820 39.73534 32.54948 6.796947 3.764566 2.569665
[12,] 13.90772 314.4282 0.1024887 22.43954 285.4820 39.73534 32.54948 6.796947 3.764566 2.569665
[13,] 13.90764 314.0330 0.1022168 22.45810 285.4794 39.73923 32.55710 6.798220 3.764582 2.569115
[14,] 13.90166 313.7755 0.1023063 22.47331 285.4798 39.73696 32.56169 6.798719 3.764517 2.569087
[15,] 13.90748 311.9494 0.1024718 22.55405 285.4791 39.74894 32.54724 6.799677 3.751950 2.566897
[16,] 13.90893 311.7648 0.1025243 22.55739 285.4789 39.75374 32.54164 6.800167 3.749431 2.565903
[17,] 13.91014 311.6442 0.1024927 22.58129 285.4790 39.75761 32.54448 6.800084 3.744149 2.564660
[18,] 13.91592 311.7080 0.1023976 22.55742 285.4788 39.75893 32.54226 6.800309 3.747600 2.565776
[19,] 13.90899 311.6645 0.1024802 22.56972 285.4789 39.75740 32.54367 6.800050 3.743914 2.565317
[20,] 13.89128 311.6467 0.1024845 22.62058 285.4790 39.75691 32.54126 6.800042 3.725511 2.564873
[21,] 13.89781 311.6641 0.1024326 22.60948 285.4789 39.75690 32.54231 6.799868 3.729010 2.566209
[22,] 13.89965 311.3846 0.1026074 22.60630 285.4786 39.76514 32.53884 6.800172 3.730294 2.564981
[23,] 12.82723 291.7398 0.1206418 24.20373 285.4710 39.76210 32.44998 6.800773 3.868185 2.556899
[24,] 12.82723 291.7398 0.1206418 24.20373 285.4707 39.76210 32.40935 6.802336 3.871310 2.559868
[25,] 12.54362 286.8162 0.1184359 24.93933 285.4746 39.76566 32.47700 6.800544 3.724787 2.564879
[26,] 12.54362 286.8162 0.1184359 24.93933 285.4746 39.76566 32.47700 6.800544 3.727912 2.564879
[27,] 12.56074 284.5797 0.1178641 25.10447 285.4774 39.76645 32.48392 6.801196 3.712113 2.565159
[28,] 12.89697 289.2120 0.1225346 24.46798 285.4764 39.76178 32.52290 6.800056 3.829673 2.564247
[29,] 12.90869 288.4521 0.1226580 24.45618 285.4757 39.76199 32.52302 6.800063 3.825285 2.563996
[30,] 12.90869 288.4521 0.1226580 24.45618 285.4757 39.76199 32.52302 6.800063 3.828410 2.561027
[31,] 12.95430 287.7020 0.1222805 24.45379 285.4757 39.76172 32.52099 6.800065 3.862190 2.564914
[32,] 12.93974 287.7129 0.1224000 24.45455 285.4754 39.75983 32.52209 6.800066 3.864694 2.564701
[33,] 12.95306 287.7257 0.1221724 24.45592 285.4752 39.76136 32.50741 6.800069 3.861079 2.564884
[34,] 12.87436 286.1700 0.1222607 24.58438 285.4756 39.76390 32.51717 6.800092 3.863190 2.562165
[35,] 12.87778 286.1700 0.1222607 24.58438 285.4756 39.76390 32.51717 6.800092 3.863190 2.562165
[36,] 10.84939 287.0475 0.1621416 25.86652 285.4722 38.96593 33.51535 6.798320 3.987544 2.584752
[37,] 10.84939 287.0475 0.1593291 25.67902 285.4722 38.96593 33.51535 6.798320 4.001607 2.572877
[38,] 10.85281 287.0475 0.1592852 25.67902 285.4722 38.96593 33.51535 6.798320 4.001607 2.572877

$time
elapsed elapsed elapsed elapsed elapsed elapsed elapsed elapsed elapsed elapsed elapsed elapsed elapsed elapsed elapsed elapsed elapsed elapsed elapsed elapsed elapsed elapsed elapsed elapsed elapsed elapsed elapsed elapsed elapsed elapsed 
   2.17   19.31   24.53   72.50   75.69  123.17  126.11  149.73  157.09  160.98  164.80  166.73  217.23  273.83  331.42  341.39  369.56  377.89  395.69  464.73  513.03  709.78  914.81  917.53  986.94  988.98 1011.81 1015.30 1022.47 1029.09 
elapsed elapsed elapsed elapsed elapsed elapsed elapsed elapsed 
1032.55 1042.94 1050.41 1057.11 1066.87 1145.69 1148.72 1368.14 

$neval
 [1]   106   680   842  2494  2615  4381  4489  5305  5576  5712  5850  5924  7839  9962 12074 12417 13522 13860 14537 17083 18664 25890 33545 33646 36283 36356 37190 37325 37598 37816 37951 38357 38624 38894 39236 42231 42332 50090

$fbest
[1] 702.8785

$xbest
 [1]  10.8528111 287.0474961   0.1592852  25.6790232 285.4721935  38.9659294  33.5153455   6.7983201   4.0016066   2.5728774

$numeval
[1] 50090

$end_crit
[1] 1

$cpu_time
elapsed 
1368.14 

$Refset
$Refset$x
             [,1]        [,2]       [,3]        [,4]        [,5]        [,6]        [,7]       [,8]        [,9]       [,10]
 [1,]   1.0000000  12.8185900 285.827100   0.1240573  24.7406800 285.4768000  39.7646500  32.511630   6.8003090   3.7853350
 [2,]   2.5661630   2.0000000  12.821170 285.9399000   0.1240935  24.7578800 285.4755000  39.765710  32.5112200   6.8003480
 [3,]   3.7671550   2.5661930   3.000000  12.8190000 285.8243000   0.1242061  24.7475600 285.475800  39.7651200  32.5128500
 [4,]   6.8002850   3.7804280   2.566094   4.0000000  12.8202900 285.7833000   0.1242451  24.751860 285.4758000  39.7647900
 [5,]  32.5118800   6.8002450   3.778666   2.5658600   5.0000000  12.8230500 285.9344000   0.124074  24.7578600 285.4755000
 [6,]  39.7654900  32.5110500   6.800348   3.7663830   2.5661960   6.0000000  12.8280300 285.910500   0.1238144  24.7573200
 [7,] 285.4757000  39.7651800  32.512400   6.8002850   3.7646240   2.5662380   7.0000000  12.819640 285.8838000   0.1240846
 [8,]  24.7524000 285.4762000  39.765060  32.5115500   6.8003110   3.7736100   2.5661770   8.000000  12.8214900 285.9056000
 [9,]   0.1240871  24.7456500 285.475700  39.7652400  32.5115100   6.8003360   3.7778010   2.566207   9.0000000  12.8075000
[10,] 285.5886000   0.1180094  24.745950 285.4741000  39.7604800  32.5121400   6.8007590   3.763236   2.5659500  12.8329600
[11,] 285.7503000   0.1235664  24.761390 285.4756000  39.7657000  32.5128100   6.8003690   3.764381   2.5661850  12.8249000
[12,] 285.8214000   0.1240367  24.744180 285.4748000  39.7643800  32.5103600   6.8002960   3.781023   2.5663630  12.8097100

$Refset$f
 [1] 724.6128 724.7656 724.7656 724.7656 724.7656 724.7847 724.7656 724.7847 724.8750 724.7847 724.8993 726.4115

$Refset$fpen
 [1] 724.6128 724.7656 724.7656 724.7656 724.7656 724.7847 724.7656 724.7847 724.8750 724.7847 724.8993 726.4115

$Refset$const
 [1] 20.955350 32.214660 11.259320  1.642486  2.819969 20.990720 32.232840 11.242120  1.642655  2.819553 20.967130 32.219570 11.252440  1.642609  2.819814 20.973190 32.221330 11.248140  1.642622  2.819733 20.991480 32.233620 11.242140
[24]  1.642655  2.819553 20.992700 32.235380 11.242680  1.642629  2.819737 20.978790 32.226390 11.247600  1.642566  2.819788 20.967850 32.222200 11.254350  1.642635  2.819647 20.982710 32.236760 11.254050  1.642839  2.819655 20.997010
[47] 32.235620 11.238610  1.642643  2.819710 20.963150 32.218980 11.255820  1.642753  2.819393 20.988200 32.237350 11.249160  1.642759  2.818906

$Refset$penalty
 [1] 0 0 0 0 0 0 0 0 0 0 0 0


