$f
 [1] 712.6128 319.2222 291.0191 287.8368 248.3212 210.3733 193.6979 161.5347 150.5781 148.9531 140.2083 123.6632 122.6406 118.2639 118.0069 115.6997 115.4010 114.9653 114.5226 114.3733 113.9826 113.8698 113.2951 113.1042 112.0052 110.7847
[27] 110.0139 109.8715 109.6458 109.5260 109.1944 109.1476 109.0451 108.8264 108.6771 108.3056 107.9306 107.8785 107.6163 107.4931 107.4792 107.4236 107.2500 107.0434 106.8767 106.8403 106.8403

$x
           [,1]     [,2]      [,3]     [,4]     [,5]     [,6]     [,7]     [,8]     [,9]    [,10]
 [1,]  9.854569 208.8302 0.7086951 23.31625 286.4838 46.09691 33.59253 6.765940 6.056376 3.442218
 [2,] 11.741275 478.2337 0.3191892 18.34967 286.8301 40.67204 24.00000 9.330358 2.024550 5.000000
 [3,] 11.741275 478.2337 0.3390525 18.35114 286.8254 40.47204 24.00063 9.330553 2.015175 5.000000
 [4,] 11.741275 478.2337 0.3535839 18.35298 286.8222 40.47585 24.00062 9.330460 2.014919 5.000000
 [5,] 11.695135 434.5898 0.3845464 18.61744 286.5195 33.77295 25.48672 4.657747 4.459113 3.876298
 [6,] 11.192935 472.2499 0.2530709 18.06953 286.7351 40.70696 24.00040 7.813052 2.014719 5.000000
 [7,] 11.685364 429.5412 0.3832881 18.67235 286.2803 33.45608 26.48172 4.085778 4.380802 3.024085
 [8,] 11.082397 415.5378 0.3949754 18.65581 286.5506 40.04327 27.23192 4.165305 4.388470 4.733626
 [9,] 11.082397 415.5378 0.3781004 18.65581 286.5506 40.04327 27.11484 4.165305 4.381483 4.686126
[10,] 11.590121 416.8341 0.3515105 18.82391 286.5224 40.04960 27.46585 3.851441 3.748117 3.662494
[11,] 11.628533 423.9294 0.3520258 18.78836 286.5293 40.16599 26.80269 3.709883 3.626751 3.641270
[12,] 11.628533 423.9294 0.3956195 18.78836 286.5293 39.94099 26.80269 3.709883 3.651751 3.629395
[13,] 11.739164 378.3750 0.3384413 18.93970 286.6907 40.20877 29.35589 4.192961 4.441018 4.453623
[14,] 11.746000 379.5469 0.3440663 18.94178 286.6719 39.80877 29.35589 4.192961 4.441018 4.465498
[15,] 11.761352 394.4342 0.3278966 18.90222 286.6357 39.95092 29.09663 4.201708 3.903297 4.419811
[16,] 11.775024 394.2779 0.3271934 18.90222 286.6357 39.85092 29.09663 4.199364 3.900172 4.419811
[17,] 11.773562 391.9353 0.3262761 18.78107 286.6355 39.82750 29.10267 4.195385 4.052520 4.657066
[18,] 11.766203 396.8043 0.3344334 18.82394 286.6367 39.87796 29.10624 4.194033 3.835812 4.677689
[19,] 11.773659 397.9003 0.3346367 18.80781 286.6381 39.86828 29.08043 4.194282 3.802124 4.680531
[20,] 11.789940 395.3184 0.3090007 18.69850 286.6338 39.86375 29.10035 4.195697 3.900215 4.604235
[21,] 11.785412 395.4546 0.3082856 18.68957 286.6338 39.86744 29.10013 4.195680 3.881007 4.604874
[22,] 11.791722 393.1455 0.3036810 18.65548 286.6356 39.86696 29.09831 4.195614 3.939151 4.620677
[23,] 11.791722 392.9893 0.2811810 18.65548 286.6356 39.86696 29.09831 4.195614 3.939151 4.623646
[24,] 11.792146 392.7553 0.2889969 18.59446 286.6355 39.86769 29.09771 4.195677 3.934535 4.615917
[25,] 11.812177 392.8381 0.2708655 18.54895 286.6352 39.86731 29.10743 4.195743 3.942794 4.615449
[26,] 11.822962 392.0330 0.2560041 18.48198 286.6352 39.86716 29.11236 4.195725 3.907555 4.618038
[27,] 11.854519 392.8556 0.2522994 18.40135 286.6358 39.87125 29.10643 4.197712 3.906872 4.651388
[28,] 11.875390 390.0026 0.2529942 18.37855 286.6349 39.85963 29.09906 4.197049 3.982718 4.667058
[29,] 11.878808 390.0026 0.2529942 18.37855 286.6349 39.85963 29.09906 4.197049 3.982718 4.667058
[30,] 11.850088 395.1323 0.2598673 18.40848 286.6348 39.86171 29.09559 4.195130 3.817370 4.603815
[31,] 11.850088 395.1323 0.2598673 18.40848 286.6348 39.86171 29.09559 4.201380 3.817370 4.606784
[32,] 11.878813 393.9068 0.2572618 18.50147 286.6356 39.86754 29.10119 4.194093 3.749423 4.609681
[33,] 11.877846 395.1784 0.2575474 18.46560 286.6354 39.86701 29.09922 4.194972 3.733630 4.606664
[34,] 11.877291 395.7333 0.2576239 18.44340 286.6354 39.86703 29.09839 4.194804 3.737871 4.606682
[35,] 11.877291 395.7333 0.2576239 18.44413 286.6354 39.86703 29.09839 4.194804 3.734746 4.606682
[36,] 11.875163 398.3430 0.2584458 18.36145 286.6357 39.87251 29.09700 4.194185 3.714842 4.618516
[37,] 11.875574 400.7398 0.2587742 18.28522 286.6357 39.87154 29.09710 4.193835 3.693190 4.617305
[38,] 11.875724 400.8770 0.2581608 18.27828 286.6358 39.87161 29.09757 4.194337 3.691518 4.615526
[39,] 11.875724 400.8966 0.2581608 18.27828 286.6358 39.87161 29.09757 4.194337 3.691518 4.615526
[40,] 11.873574 398.7778 0.2524992 18.32103 286.6357 39.85938 29.11402 4.195171 3.687489 4.602432
[41,] 11.872342 403.2875 0.2610921 18.23014 286.6357 39.88467 29.05958 4.194511 3.676475 4.610166
[42,] 11.872342 403.3070 0.2610921 18.23014 286.6357 39.88467 29.05958 4.194511 3.676475 4.610166
[43,] 11.875886 402.5225 0.2592252 18.25252 286.6357 39.86427 29.08844 4.195184 3.668605 4.611140
[44,] 11.879440 402.4845 0.2585916 18.26860 286.6354 39.86055 29.10829 4.194977 3.649525 4.611500
[45,] 11.878696 402.7558 0.2577420 18.26074 286.6366 39.86193 29.11671 4.195310 3.638783 4.684091
[46,] 11.880419 403.1339 0.2586428 18.26691 286.6366 39.86278 29.11467 4.193846 3.629069 4.702769
[47,] 11.880419 403.1339 0.2586428 18.26691 286.6366 39.86278 29.11467 4.193846 3.629069 4.702769

$time
elapsed elapsed elapsed elapsed elapsed elapsed elapsed elapsed elapsed elapsed elapsed elapsed elapsed elapsed elapsed elapsed elapsed elapsed elapsed elapsed elapsed elapsed elapsed elapsed elapsed elapsed elapsed elapsed elapsed elapsed 
   2.17    5.44    7.83   14.22   17.14   20.11   25.63   28.44   39.30   58.19   64.33   68.92  108.41  110.60  213.89  215.69  232.85  243.88  248.38  255.56  260.56  265.81  267.30  269.45  271.89  274.28  281.72  289.78  293.33  319.08 
elapsed elapsed elapsed elapsed elapsed elapsed elapsed elapsed elapsed elapsed elapsed elapsed elapsed elapsed elapsed elapsed elapsed 
 320.41  323.30  330.35  340.30  346.61  365.99  368.22  388.00  396.50  454.45  474.45  480.36  492.61  608.03  824.53  918.25  923.06 

$neval
 [1]   106   259   378   669   814   956  1235  1374  1888  2832  3103  3337  5257  5371 10271 10376 11333 11953 12225 12636 12914 13189 13273 13411 13556 13693 14114 14526 14733 16212 16291 16429 16838 17385 17738 18809 18946 20096 20574
[40] 23855 25004 25343 26009 32490 44673 49926 50129

$fbest
[1] 106.8403

$xbest
 [1]  11.8804192 403.1339119   0.2586428  18.2669137 286.6366168  39.8627792  29.1146669   4.1938462   3.6290692   4.7027686

$numeval
[1] 50129

$end_crit
[1] 1

$cpu_time
elapsed 
 923.06 

$Refset
$Refset$x
             [,1]        [,2]        [,3]       [,4]       [,5]        [,6]        [,7]        [,8]       [,9]       [,10]
 [1,]   1.0000000  11.8804200   0.2586428 286.636617  29.114667   3.6290690  11.8804200   0.2586428 286.636617  29.1146670
 [2,]   3.6290690   2.0000000 403.1339100  18.266914  39.862779   4.1938460   4.7027690 403.1339100  18.266914  39.8627790
 [3,]   4.1938460   4.7027690   3.0000000  11.880420 403.133912   0.2586428  18.2669140 286.6366170  39.862780  29.1146669
 [4,]   4.1938460   3.6290690   4.7027690   4.000000  11.884400 402.7796616   0.2576272  18.2621640 286.636500  39.8632900
 [5,]  29.1166093   4.1949200   3.6332600   4.691248   5.000000  11.8725600 402.6789621   0.2581262  18.257212 286.6365830
 [6,]  39.8552700  29.1212538   4.1961590   3.656548   4.673297   6.0000000  11.8834500 402.5596524   0.258142  18.2420280
 [7,] 286.6364550  39.8601500  29.1263476   4.197019   3.659571   4.6636380   7.0000000  11.8802900 402.906012   0.2583087
 [8,]  18.2609380 286.6363790  39.8598700  29.115703   4.194828   3.6406700   4.6872930   8.0000000  11.881810 402.7309292
 [9,]   0.2578849  18.2532610 286.6355390  39.867810  29.097440   4.1964310   3.6463170   4.6735820   9.000000  11.8800400
[10,] 402.7847085   0.2578867  18.2399730 286.636441  39.862190  29.1101663   4.1940520   3.6552480   4.692113  11.8833800
[11,] 402.4148641   0.2576627  18.2671490 286.636725  39.862720  29.1110414   4.1942570   3.6427860   4.689935  11.8794300
[12,] 402.7334621   0.2591755  18.2614180 286.635170  39.861380  29.0982470   4.1960770   3.6469530   4.656492  12.9605900

$Refset$f
 [1] 106.8403 106.8403 106.8403 106.8767 107.0382 107.0434 107.0434 107.0434 107.0799 107.2170 107.2483 146.9236

$Refset$fpen
 [1] 106.8403 106.8403 106.8403 106.8767 107.0382 107.0434 107.0434 107.0434 107.0799 107.2170 107.2483 146.9236

$Refset$const
 [1] 14.637840 17.733086  2.906594 32.370931  1.507274 32.370930  1.507274 14.637844 17.733086  2.906594 14.637840 32.370931 17.733086  1.507274  2.906594 14.628900 32.366740 17.737836  1.507281  2.906678 14.600660 32.343452 17.742788
[24]  1.507227  2.907606 14.582460 32.340429 17.757972  1.507236  2.907682 14.620270 32.359330 17.739062  1.507289  2.906763 14.606940 32.353683 17.746739  1.507489  2.904367 14.584730 32.344752 17.760027  1.507312  2.906175 14.624360
[47] 32.357214 17.732851  1.507276  2.906335 14.614460 32.353047 17.738582  1.507510  2.904679 15.781620 32.264800 16.483181  1.507020  2.902730

$Refset$penalty
 [1] 0 0 0 0 0 0 0 0 0 0 0 0


