$f
 [1] 2319.7361 1651.2743 1344.2726 1293.3229 1272.2760 1262.0816 1159.4219 1129.4201 1018.4583 1009.7378  966.5087  936.2378  910.9253  880.4149  856.2083  841.4288  838.0000  836.4774  827.4531  824.2708  824.1441  821.1146  819.9705
[24]  819.7413  779.1753  766.3889  765.0469  764.8021  764.3872  763.3681  762.6337  761.4010  761.2326  761.0399  758.9653  754.3559  749.2031  747.7240  747.6458  737.8924  708.3958  706.8264  706.2118  701.3403  699.4687  673.7031
[47]  662.9288

$x
          [,1]     [,2]      [,3]     [,4]     [,5]     [,6]     [,7]     [,8]     [,9]    [,10]
 [1,] 20.23625 185.5119 0.2821667 26.12989 286.5689 37.70874 27.62898 5.668037 6.137835 2.754561
 [2,] 10.22161 392.4995 0.5587256 18.19799 285.3190 32.90635 26.18941 7.102107 7.193063 1.609319
 [3,] 10.22161 372.4377 0.5502881 18.19567 285.2440 33.00635 26.18941 7.002107 7.193063 1.609319
 [4,] 15.85562 321.5313 0.2417084 15.99700 286.2288 45.14187 25.21918 6.765928 6.740992 3.636861
 [5,] 10.31923 282.5207 0.4320224 21.03873 285.1568 42.29848 32.60922 7.512925 5.336395 3.260349
 [6,] 16.13414 326.4022 0.4030109 20.21273 285.6478 33.24141 25.73596 6.467095 4.118489 2.394436
 [7,] 15.27111 296.5769 0.3148754 20.31833 286.0810 42.68174 26.66257 6.356380 4.834501 3.011900
 [8,] 15.19082 305.4428 0.4392078 16.92795 286.2888 43.27411 27.37281 7.272736 5.824109 3.059371
 [9,] 14.90029 345.4428 0.5695496 16.92795 286.2888 43.27411 27.37281 7.273224 5.768207 3.112477
[10,] 15.67936 314.9445 0.3762021 19.11082 286.0285 43.19746 26.59534 6.341891 4.976542 2.824374
[11,] 17.69625 234.5583 0.4326614 21.07528 286.1444 43.03221 26.96283 6.341395 5.113797 3.669982
[12,] 17.58688 234.5583 0.4101614 21.07528 286.1421 43.08221 26.92220 6.341395 5.126297 3.678888
[13,] 15.62743 305.6365 0.3220835 19.00361 286.2906 42.82554 27.65087 7.121438 4.508244 2.818138
[14,] 15.62743 305.6365 0.3670835 19.00361 286.2906 42.82554 27.65087 7.122805 4.545744 2.818138
[15,] 16.23864 265.5494 0.3790361 19.32186 286.0886 43.86681 26.63164 6.419734 5.394769 2.631089
[16,] 16.23864 265.5494 0.4240361 19.32186 286.0886 43.86681 26.63164 6.419734 5.394769 2.631089
[17,] 16.25872 265.3935 0.3789763 19.34486 286.0863 43.84550 26.64514 6.418579 5.407576 2.631827
[18,] 16.29756 266.2879 0.3799196 19.18021 286.0794 43.84631 26.59054 6.419994 5.402834 2.622662
[19,] 16.14138 265.3727 0.3793622 19.30220 286.0828 43.82445 26.66513 6.417755 5.469097 2.631485
[20,] 16.21402 265.0644 0.3782260 19.24259 286.0821 43.82715 26.63655 6.420821 5.426033 2.627026
[21,] 16.21402 265.0644 0.3782260 19.24259 286.0821 43.82715 26.67717 6.420821 5.426033 2.627026
[22,] 16.15554 270.5807 0.3961737 19.23238 286.1020 43.81816 26.81169 6.416806 5.349843 2.635077
[23,] 16.13504 270.5807 0.3961737 19.23238 286.1020 43.81816 26.81169 6.416904 5.352968 2.635077
[24,] 16.25852 270.7635 0.4829243 19.25022 286.0943 43.82522 26.72532 6.417813 5.377220 2.639684
[25,] 16.18402 269.4582 0.9533771 19.24541 286.0922 43.82389 26.69889 6.416206 6.245799 2.642137
[26,] 16.18402 269.4582 0.9758771 18.87627 286.0922 43.82389 26.69889 6.416987 6.220799 2.642137
[27,] 16.19655 264.9749 0.9997685 18.99877 286.0902 43.81047 26.67435 6.417849 6.306273 2.637632
[28,] 16.19684 264.9530 0.9981957 19.01303 286.0902 43.81395 26.67610 6.417475 6.277623 2.638235
[29,] 16.19718 265.0713 0.9977634 19.00267 286.0899 43.81357 26.67427 6.417524 6.282375 2.638383
[30,] 16.19681 264.9532 0.9971532 18.86699 286.0901 43.81383 26.66836 6.417580 6.383805 2.643203
[31,] 16.19693 264.9598 0.9974880 18.83164 286.0901 43.81384 26.67231 6.417596 6.416994 2.643496
[32,] 16.19741 264.9163 0.9977488 18.74169 286.0901 43.81412 26.67069 6.417550 6.478469 2.644180
[33,] 16.19785 264.9067 0.9982037 18.73916 286.0902 43.81073 26.66916 6.417552 6.480207 2.644255
[34,] 16.23591 261.8323 0.9789524 18.74979 286.0780 43.80125 26.68203 6.413254 6.535655 2.641530
[35,] 16.23591 261.8323 0.9789524 18.75126 286.0780 43.80125 26.68203 6.413254 6.541905 2.640046
[36,] 16.21326 269.9372 0.9976989 18.73310 286.0700 43.66159 26.67258 6.408836 6.432449 2.672022
[37,] 16.21326 269.3122 1.0000000 18.73310 286.0700 43.66159 26.67258 6.408836 6.404324 2.672022
[38,] 16.21322 268.2397 1.0000000 18.73308 286.0709 43.71411 26.67271 6.410469 6.424168 2.671850
[39,] 16.21322 268.2397 1.0000000 18.73308 286.0709 43.71411 26.67271 6.410469 6.421043 2.671850
[40,] 15.37246 262.8995 0.9967940 18.80868 286.0851 43.71523 26.69866 7.186735 6.498560 3.055450
[41,] 15.37246 262.8995 1.0000000 18.80868 286.0851 43.71836 26.86116 7.189079 6.501685 3.049513
[42,] 15.38008 262.9038 0.9999711 18.84596 286.0794 43.72534 26.73076 7.192608 6.434808 3.057324
[43,] 15.38008 262.9038 0.9999711 18.84670 286.0794 43.72534 26.77139 7.192608 6.434808 3.057324
[44,] 15.43643 261.3187 0.9820626 19.00227 286.0723 43.75424 26.75883 7.194500 6.466473 3.033155
[45,] 15.43643 261.3187 1.0000000 19.00227 286.0723 43.75424 26.75883 7.194500 6.491473 3.033155
[46,] 15.36451 262.9754 0.9826384 19.07783 286.0752 43.74251 26.74621 7.196870 6.473379 2.955807
[47,] 15.28248 262.9754 1.0000000 19.06611 286.0752 43.74251 26.74621 7.196870 6.475723 2.954322

$time
elapsed elapsed elapsed elapsed elapsed elapsed elapsed elapsed elapsed elapsed elapsed elapsed elapsed elapsed elapsed elapsed elapsed elapsed elapsed elapsed elapsed elapsed elapsed elapsed elapsed elapsed elapsed elapsed elapsed elapsed 
   1.89    5.76    8.15   11.20   20.53   29.23   32.98   35.73   41.25   61.70   68.07   73.31  143.14  145.28  174.26  175.93  184.92  193.76  197.46  203.39  207.70  244.54  246.37  267.64  271.32  279.29  334.06  349.75  365.25  378.75 
elapsed elapsed elapsed elapsed elapsed elapsed elapsed elapsed elapsed elapsed elapsed elapsed elapsed elapsed elapsed elapsed elapsed 
 384.40  387.71  414.15  619.87  622.14  753.92  756.51  764.39  803.40 1062.57 1064.78 1131.59 1133.51 1167.84 1170.20 1173.51 1189.12 

$neval
 [1]   106   255   368   513   931  1338  1479  1612  1872  2817  3089  3335  6453  6547  7882  7955  8356  8761  8897  9168  9379 11143 11229 12199 12339 12713 15050 15663 16338 16955 17229 17365 18545 26625 26708 31644 31739 32014 33174
[40] 44704 44808 47848 47927 49304 49391 49527 50074

$fbest
[1] 662.9288

$xbest
 [1]  15.282475 262.975422   1.000000  19.066111 286.075249  43.742507  26.746206   7.196870   6.475723   2.954322

$numeval
[1] 50074

$end_crit
[1] 1

$cpu_time
elapsed 
1189.12 

$Refset
$Refset$x
             [,1]        [,2]       [,3]        [,4]       [,5]       [,6]        [,7]        [,8]        [,9]       [,10]
 [1,]   1.0000000  15.3645100 262.975420   0.9826384  19.077830 286.075249  43.7425100  26.7462100   7.1968700   6.4733790
 [2,]   2.9558070   2.0000000  15.436430   1.0000000 286.072322  26.758830   6.4914730  15.4364300   1.0000000 286.0723220
 [3,]  26.7588250   6.4914730   3.000000 261.3187100  19.002270  43.754236   7.1945000   3.0331550 261.3187100  19.0022700
 [4,]  43.7542360   7.1945000   3.033155   4.0000000  15.467480 261.234350   0.9820698  19.0040700 286.0723760  43.7562100
 [5,]  26.7583400   7.1945110   6.466268   3.0294840   5.000000  15.495820 260.4520800   0.9826164  19.0008900 286.0726030
 [6,]  43.7528700  26.7559700   7.194617   6.4666860   3.027810   6.000000  15.3639300 262.2134900   0.9821909  18.8075400
 [7,] 286.0744280  43.7613200  26.744130   7.1946320   6.465399   3.051032   7.0000000  15.2951700 262.9764100   0.9820555
 [8,]  19.0607400 286.0741520  43.756350  26.7487600   7.200378   6.490137   2.9663840   8.0000000  16.1580900 265.7293100
 [9,]   0.9979005  18.7385300 286.091184  43.9755800  26.707240   6.419359   6.4876690   2.6489150   9.0000000  16.1517600
[10,] 265.7299100   0.9945536  18.743870 286.0906870  43.973560  26.697440   6.4192700   6.4908880   2.6492880  16.1919800
[11,] 263.8819600   0.9938690  18.781830 286.0115400  43.686850  26.312990   6.4185620   6.4901510   2.6618850  16.1612500
[12,] 265.6294100   0.9845697  18.736570 286.0883440  43.978220  26.709090   6.4221360   6.4960510   2.6394320  16.1511100

$Refset$f
 [1] 673.7031 699.4687 699.4687 700.8750 703.3594 705.1892 717.4549 750.4497 750.4497 757.4531 761.7726 854.6753

$Refset$fpen
 [1] 673.7031 699.4687 699.4687 700.8750 703.3594 705.1892 717.4549 750.4497 750.4497 757.4531 761.7726 854.6753

$Refset$const
 [1] 12.604450 29.526621 16.922170  1.577986  2.371427 12.510800 16.997729  2.370967 29.508527  1.578267 29.508530  1.578267 12.510798 16.997729  2.370967 12.537800 29.533732 16.995929  1.578261  2.370885 12.534210 29.533314 16.999109
[24]  1.578239  2.370926 12.342140 29.534601 17.192460  1.578058  2.370432 12.570610 29.509863 16.939256  1.578088  2.370798 12.250860 29.512331 17.261470  1.576396  2.365302 12.252980 29.509112 17.256132  1.576439  2.364682 12.291680
[47] 29.509849 17.218171  1.583671  2.332329 12.240520 29.503949 17.263429  1.576665  2.364564 12.245710 29.507479 17.261764  1.576966  2.365944

$Refset$penalty
 [1] 0 0 0 0 0 0 0 0 0 0 0 0


