$f
 [1] 2302.9965 1480.2865 1147.4444 1082.3611  980.7153  976.4080  907.0451  898.6580  843.9809  807.2986  765.8194  731.1424  728.1944  716.1649  704.1823  702.2969  697.3125  694.3663  693.5764  693.2083  692.3264  691.8889  688.2188
[24]  687.9115  687.7309  687.1389  686.9271  675.0087  644.5833  642.9219  592.8021  592.8021

$x
           [,1]     [,2]      [,3]     [,4]     [,5]     [,6]     [,7]     [,8]     [,9]    [,10]
 [1,] 11.149158 188.0008 0.9658990 23.66218 286.1223 40.84584 32.35832 4.784126 7.933712 3.377748
 [2,] 11.631947 444.8669 0.8700740 17.30451 286.3952 41.24827 29.03283 5.634532 3.440982 2.314939
 [3,] 11.631947 463.6169 0.5325740 17.30451 286.6202 41.14827 27.57033 5.915782 3.834732 1.875564
 [4,] 11.472506 486.6001 0.4727723 15.22003 286.4735 38.89919 24.07314 7.184523 3.248664 2.067763
 [5,] 11.439365 482.8660 0.4762968 15.40671 286.4922 39.66089 24.48075 7.187223 3.240310 2.067619
 [6,] 11.477246 485.6316 0.5588347 16.94843 286.6093 37.52161 27.78587 6.938153 3.534842 2.019375
 [7,] 11.495635 500.0000 0.3691617 15.00000 286.4258 36.58843 25.49452 7.168274 3.154737 2.378349
 [8,] 11.357472 493.7322 0.3673026 15.00000 286.4906 39.36876 24.00000 7.320663 3.312083 2.114929
 [9,] 11.357472 493.5759 0.3643143 15.09375 286.4718 39.36876 24.12187 7.270663 3.212083 2.114929
[10,] 11.552696 493.7808 0.4291618 16.49112 286.4179 37.29432 24.56751 7.174190 3.473005 2.300080
[11,] 11.581592 493.7643 0.4507612 16.84769 286.3762 36.49040 24.57821 7.117133 3.538462 2.389818
[12,] 11.143239 494.0872 0.4844893 16.85943 286.3762 36.49040 24.57312 7.117133 3.569725 2.386843
[13,] 10.596129 461.8029 0.4469726 17.74288 286.5115 39.73587 24.50401 7.376424 3.213121 2.042276
[14,] 10.596129 461.8029 0.4019726 17.74288 286.5115 39.73587 24.50401 7.376424 3.213121 2.042276
[15,] 10.111089 432.6927 0.4354675 18.68908 286.5383 39.81164 24.97624 7.370136 3.670803 2.037713
[16,] 10.111089 432.6927 0.4354675 18.68700 286.5383 39.81164 24.89499 7.370136 3.695803 2.037713
[17,] 10.058937 443.5599 0.4364246 18.60810 286.4752 39.84165 24.59813 7.368645 3.703274 2.061429
[18,] 10.058937 443.5599 0.4364246 18.60810 286.4752 39.84243 24.59813 7.368645 3.690774 2.061429
[19,] 10.114697 432.6412 0.4382547 18.81995 286.4645 39.77899 24.60316 7.384054 3.728991 2.024534
[20,] 10.111279 432.6412 0.4382547 18.81995 286.4645 39.77899 24.60316 7.384054 3.728991 2.024534
[21,] 10.098373 429.9836 0.4399187 18.94909 286.4644 39.78529 24.58541 7.391451 3.705654 2.019677
[22,] 10.099655 429.9718 0.4411289 18.96417 286.4648 39.78518 24.58479 7.391098 3.675944 2.019933
[23,] 10.116525 437.9562 0.4367302 18.65863 286.4623 39.77642 24.58895 7.370258 3.752627 2.062246
[24,] 10.116525 437.9562 0.4367302 18.65863 286.4623 39.77642 24.62957 7.370258 3.752627 2.062246
[25,] 10.108455 430.2117 0.4385674 18.95653 286.4758 39.78165 24.60991 7.389153 3.661777 2.023906
[26,] 10.108455 430.2117 0.4385674 18.95653 286.4758 39.78165 24.60991 7.389153 3.664902 2.023906
[27,] 10.109468 429.4913 0.4389247 18.94878 286.4734 39.78575 24.57919 7.390541 3.691947 2.022875
[28,] 10.101747 429.4074 0.4387879 18.84449 286.3787 39.66913 24.79035 7.390594 3.741331 2.015974
[29,] 10.101747 409.4074 0.3403504 18.84449 286.3787 39.66913 24.83098 7.390594 3.591331 2.015974
[30,]  6.677948 468.0207 0.4360371 16.77363 285.6536 43.71986 24.48998 7.905625 3.634983 2.089535
[31,]  6.676129 459.8957 0.4795404 17.10176 285.6536 43.74647 24.65248 7.905625 3.627660 2.089535
[32,]  6.676129 459.8957 0.4795404 17.10176 285.6536 43.74647 24.65248 7.905625 3.627660 2.089535

$time
elapsed elapsed elapsed elapsed elapsed elapsed elapsed elapsed elapsed elapsed elapsed elapsed elapsed elapsed elapsed elapsed elapsed elapsed elapsed elapsed elapsed elapsed elapsed elapsed elapsed elapsed elapsed elapsed elapsed elapsed 
   2.45    4.97    9.25   21.45   27.01   29.91   32.70   38.41   40.75   46.20   67.06   72.26  183.19  184.62  221.05  222.78  250.86  252.50  283.48  285.00  290.48  299.12  311.01  315.19  343.69  345.23  371.41  395.14  406.03  502.34 
elapsed elapsed 
 504.98 1079.47 

$neval
 [1]   106   261   465  1040  1320  1461  1597  1872  1991  2264  3209  3472  8719  8793 10566 10650 12011 12096 13581 13655 13923 14325 14863 15073 16427 16500 17720 18860 19368 23882 24013 50068

$fbest
[1] 592.8021

$xbest
 [1]   6.6761286 459.8957269   0.4795404  17.1017566 285.6536396  43.7464669  24.6524792   7.9056252   3.6276602   2.0895353

$numeval
[1] 50068

$end_crit
[1] 1

$cpu_time
elapsed 
1079.47 

$Refset
$Refset$x
             [,1]        [,2]       [,3]        [,4]        [,5]        [,6]        [,7]        [,8]       [,9]       [,10]
 [1,]   1.0000000  10.0756800 425.813600   0.4302557  19.2099900 286.4769000  39.8465500  24.3648200   7.390522   3.5980630
 [2,]   2.0246830   2.0000000  10.081650 425.3303000   0.4283883  19.2087300 286.4754000  39.8413900  24.375630   7.3905000
 [3,]   3.6004110   2.0253390   3.000000  10.1030700 426.0120000   0.4273863  19.1383900 286.4749000  39.826790  24.3874000
 [4,]   7.3908460   3.5995850   2.025207   4.0000000  10.0820700 425.7872000   0.4287666  19.1910600 286.475300  39.8413900
 [5,]  24.3756800   7.3908640   3.600646   2.0253430   5.0000000  10.1058200 424.9853000   0.4275536  19.159240 286.4748000
 [6,]  39.8374400  24.3836300   7.390773   3.6201020   2.0254480   6.0000000  10.1008800 425.9718000   0.427816  19.1293600
 [7,] 286.4751000  39.8354600  24.378180   7.3910110   3.6102280   2.0252730   7.0000000  10.0802800 425.898800   0.4297284
 [8,]  19.1856000 286.4759000  39.843980  24.3740900   7.3908660   3.6069990   2.0253150   8.0000000  10.100270 425.9733000
 [9,]   0.4283473  19.1289300 286.475000  39.8369600  24.3801100   7.3910550   3.6125280   2.0254160   9.000000  10.1281400
[10,] 425.0264000   0.4276928  19.145790 286.4748000  39.8363900  24.3803500   7.3910730   3.6056120   2.025536  10.1868000
[11,] 425.3810000   0.4270131  19.087250 286.4749000  39.8664900  24.3390400   7.3910680   3.6097550   2.026787  10.1157200
[12,] 425.6533000   0.4295636  19.224070 286.4791000  39.8293800  24.3645300   7.3828750   3.4828160   2.024896  10.2220700

$Refset$f
 [1]  663.1007  663.1007  663.1337  663.2639  663.3524  663.3698  663.5122  663.2708  663.5521  670.8229  683.8160 1378.3819

$Refset$fpen
 [1]  663.1007  663.1007  663.1337  663.2639  663.3524  663.3698  663.5122  663.2708  663.5521  670.8229  683.8160 1378.3819

$Refset$const
 [1] 15.611930 32.401940 16.790010  1.538737  2.489986 15.608310 32.399590 16.791270  1.538869  2.490422 15.538800 32.400410 16.861610  1.538885  2.491657 15.590420 32.399350 16.808940  1.538882  2.490384 15.539130 32.379900 16.840760
[24]  1.538914  2.490922 15.519130 32.389770 16.870640  1.538895  2.490723 15.578600 32.393000 16.814400  1.538826  2.490368 15.516410 32.387470 16.871070  1.538903  2.490757 15.540180 32.394390 16.854210  1.538917  2.490750 15.477490
[47] 32.390250 16.912750  1.538995  2.486786 15.741250 32.517180 16.775930  1.538504  2.491380 16.010810 32.374750 16.363940  1.515819  3.012697

$Refset$penalty
 [1] 0 0 0 0 0 0 0 0 0 0 0 0


