$f
 [1] 5160.186 4932.299 4298.012 3904.316 3761.076 3735.602 3589.090 3556.311 3523.595 3507.389 3489.880 3488.290 3456.101 3445.174 3379.439 3354.043 3297.003 3256.066 3147.568 3095.330 3072.217 3048.778 3041.410 3029.323 3020.033 3017.762
[27] 3005.191 3004.875 3003.259 2991.075 2980.000 2974.906 2973.071 2971.234 2963.151 2942.042 2928.632 2927.130 2925.222 2920.668 2920.429 2918.160 2918.160

$x
          [,1]     [,2]      [,3]     [,4]     [,5]     [,6]     [,7]     [,8]     [,9]    [,10]
 [1,] 18.52941 308.3210 0.4900635 25.17518 285.2966 25.31653 24.89548 2.212997 6.842259 1.554977
 [2,] 15.03392 168.6815 0.4611647 26.19788 285.7642 48.00000 28.23068 7.086075 8.267552 4.943202
 [3,] 15.90892 168.6815 0.2727272 25.82288 285.7595 48.00000 27.62131 7.086075 8.067552 4.946171
 [4,] 14.20362 212.1170 0.4663467 27.82006 285.5102 40.00990 29.75387 7.159647 6.473923 3.084409
 [5,] 14.17138 321.7229 0.3793663 26.35934 285.4830 36.03928 28.50002 5.597676 5.343431 3.694410
 [6,] 13.01674 214.7185 0.4519178 27.72038 285.3571 39.43154 31.13609 7.152282 6.318532 2.246236
 [7,] 14.33013 328.5952 0.3335143 26.30081 285.4938 35.23288 28.78602 5.395227 5.130724 3.683909
 [8,] 14.30450 328.5952 0.3110143 26.30081 285.4968 35.25788 28.78095 5.395227 5.152599 3.701721
 [9,] 14.10511 311.4859 0.5635439 26.23809 285.5715 35.68930 29.81099 5.220724 5.958268 3.139003
[10,] 14.22214 311.4695 0.3790890 25.68860 285.5844 35.77570 29.78587 5.223356 5.944939 3.097698
[11,] 14.27795 311.4668 0.4167553 25.76766 285.5876 35.74809 29.78550 5.223230 5.943256 3.089416
[12,] 14.60956 311.4410 0.5519519 26.35619 285.5811 35.48642 30.09142 5.353835 5.694764 3.411068
[13,] 14.41467 311.4707 0.4568246 25.63736 285.5933 35.74531 29.77896 5.222223 5.943571 3.075707
[14,] 14.48846 320.5333 0.3199623 25.15737 285.3465 35.72272 28.39439 5.267857 5.841157 3.890726
[15,] 14.48846 320.5333 0.3255873 25.15737 285.3465 35.72272 28.35376 5.242857 5.889410 3.844885
[16,] 14.71407 352.3988 0.3810477 24.92417 285.2646 38.61558 24.81780 5.602321 5.383977 4.460524
[17,] 14.71407 352.0863 0.3810477 24.92417 285.2646 38.41558 24.81780 5.565212 5.383977 4.460524
[18,] 14.61306 329.9481 0.4703180 24.96963 285.3458 37.70558 26.49832 5.576559 5.918637 4.841747
[19,] 14.59920 342.7698 0.4189934 24.37964 285.3098 37.79110 26.11529 5.551720 5.937312 4.973730
[20,] 14.59236 342.7698 0.4414934 24.37290 285.3127 37.76315 26.11529 5.551720 5.939783 4.973730
[21,] 14.86317 355.9536 0.4044140 24.06024 285.3450 37.67629 26.75070 5.551227 5.623495 4.806389
[22,] 14.86317 356.2661 0.4044140 24.06024 285.3450 37.67629 26.71007 5.550641 5.623495 4.809358
[23,] 14.90942 357.6671 0.3993057 24.42125 285.3535 37.70245 26.75001 5.546490 5.372720 4.888943
[24,] 14.64324 366.1585 0.5521767 24.64000 285.3563 37.67625 26.75627 5.536225 5.369583 4.769227
[25,] 15.08235 360.6579 0.3470048 24.26958 285.3565 37.71827 26.71919 5.544786 5.229661 4.886689
[26,] 15.02568 363.0092 0.5317266 24.54945 285.3536 37.67566 26.73795 5.543227 5.226835 4.879217
[27,] 15.02654 362.6967 0.5092266 24.54945 285.3548 37.67566 26.73795 5.543227 5.214335 4.879217
[28,] 15.03340 363.0714 0.4903930 24.64274 285.3553 37.70913 26.73842 5.543847 5.221170 4.869794
[29,] 15.04152 363.3502 0.4490250 24.59307 285.3538 37.68391 26.73717 5.543096 5.251546 4.870267
[30,] 15.07598 362.7487 0.4257111 24.65165 285.3562 37.70623 26.74979 5.542977 5.149428 4.839359
[31,] 14.99373 373.8181 0.5751189 24.69040 285.3529 37.65053 26.76321 5.536890 5.013557 4.883691
[32,] 15.08901 367.4326 0.5777402 24.66850 285.3552 37.71371 26.74935 5.537782 5.118196 4.870053
[33,] 15.08901 367.3935 0.5775644 24.66850 285.3552 37.71371 26.74935 5.537782 5.118196 4.870795
[34,] 15.07084 375.3866 0.5853686 24.68139 285.3551 37.68527 26.72815 5.539307 4.949336 4.913400
[35,] 15.06255 385.7371 0.5690548 24.68836 285.3550 37.67574 26.72892 5.538441 4.797495 4.925072
[36,] 15.05546 391.0056 0.5871848 24.69299 285.3547 37.67270 26.72235 5.538072 4.647279 4.930492
[37,] 15.05507 396.0158 0.5879569 24.68914 285.3553 37.67262 26.71120 5.537649 4.561528 4.930844
[38,] 15.05293 396.4843 0.5815652 24.68935 285.3554 37.67261 26.71450 5.537658 4.552064 4.930381
[39,] 15.04610 396.4843 0.5818289 24.68935 285.3554 37.67261 26.71450 5.537658 4.552064 4.930381
[40,] 15.03905 392.4620 0.5812982 24.67776 285.3548 37.66482 26.72052 5.538639 4.648768 4.920233
[41,] 15.02813 394.3932 0.5915738 24.67686 285.3545 37.65562 26.72724 5.538306 4.611715 4.910461
[42,] 15.02813 394.3932 0.5915738 24.67686 285.3545 37.65562 26.72724 5.538306 4.617965 4.910461
[43,] 15.02813 394.3932 0.5915738 24.67686 285.3545 37.65562 26.72724 5.538306 4.617965 4.910461

$time
elapsed elapsed elapsed elapsed elapsed elapsed elapsed elapsed elapsed elapsed elapsed elapsed elapsed elapsed elapsed elapsed elapsed elapsed elapsed elapsed elapsed elapsed elapsed elapsed elapsed elapsed elapsed elapsed elapsed elapsed 
   8.85   20.83   32.94   62.78  113.64  127.16  141.11  199.63  216.11  270.58  297.39  311.69  332.97  346.52  356.99  635.49  643.35  663.28  717.03  759.39 1053.18 1061.07 1104.60 1115.94 1136.30 1169.63 1177.27 1189.55 1200.35 1212.41 
elapsed elapsed elapsed elapsed elapsed elapsed elapsed elapsed elapsed elapsed elapsed elapsed elapsed 
1245.39 1288.43 1295.36 1306.32 1317.82 1338.63 1361.16 1382.61 1412.08 1556.71 1739.88 1746.38 1806.88 

$neval
 [1]   106   258   404   688  1106  1243  1385  1923  2060  2596  2867  3005  3141  3277  3384  6503  6596  6870  7560  8071 11340 11433 11982 12120 12389 12799 12896 13035 13172 13312 13717 14262 14346 14486 14624 14901 15181 15460 15817
[40] 17738 19972 20045 20722

$fbest
[1] 2918.16

$xbest
 [1]  15.0281316 394.3932362   0.5915738  24.6768638 285.3544937  37.6556209  26.7272448   5.5383060   4.6179651   4.9104610

$numeval
[1] 20722

$end_crit
[1] 2

$cpu_time
elapsed 
1806.88 

$Refset
$Refset$x
            [,1]        [,2]        [,3]       [,4]       [,5]       [,6]        [,7]        [,8]        [,9]       [,10]
 [1,]   1.000000  15.0281300   0.5915738 285.354494  26.727245   4.617965  15.0281300   0.5915738 285.3544940  26.7272450
 [2,]   4.617965   2.0000000 394.3932400  24.676864  37.655621   5.538306   4.9104610 394.3932400  24.6768638  37.6556210
 [3,]   5.538306   4.9104610   3.0000000  15.040350 392.520522   0.582236  24.6747620 285.3552750  37.6608500  26.7272127
 [4,]   5.538621   4.6497240   4.9214730   4.000000  15.028130 394.393236   0.5915738  24.6768640 285.3544940  37.6556200
 [5,]  26.727245   5.5383060   4.6117150   4.910461   5.000000  15.034820 393.1568947   0.5838538  24.6759020 285.3552700
 [6,]  37.657370  26.7339206   5.5383950   4.638811   4.919838   6.000000  15.0416200 391.5058937   0.5797397  24.6704790
 [7,] 285.354058  37.6639100  26.7353569   5.537585   4.676741   4.918636   7.0000000  15.0393800 391.9476337   0.5809619
 [8,]  24.672530 285.3544620  37.6636700  26.728756   5.537894   4.667020   4.9097960   8.0000000  15.0434300 391.5259332
 [9,]   0.578728  24.6816790 285.3540950  37.655380  26.742809   5.537470   4.6665840   4.9345080   9.0000000  15.0497700
[10,] 390.028205   0.5423851  24.6680820 285.353440  37.661850  26.715254   5.5368420   4.6685870   4.9160020  15.0875000
[11,] 387.748818   0.5534130  24.7046550 285.354903  37.679850  26.727535   5.5385450   4.6896270   4.9100120  15.0841400
[12,] 391.484572   0.5838303  24.6722020 285.377911  37.736180  26.792664   5.5353130   4.6302500   4.9187390  15.0925100

$Refset$f
 [1]  2918.160  2918.160  2919.859  2920.429  2920.472  2921.967  2922.033  2922.568  2929.885  2931.356  3058.929 12060.122

$Refset$fpen
 [1]  2918.160  2918.160  2919.859  2920.429  2920.472  2921.967  2922.033  2922.568  2929.885  2931.356  3058.929 12060.122

$Refset$const
 [1] 20.058900 11.323136  2.461399 31.382035  1.657047 31.382030  1.657047 20.058899 11.323136  2.461399 20.025040 31.350276 11.325238  1.656950  2.461283 20.065150 31.388285 11.323136  1.657047  2.461399 20.037090 31.361189 11.324098
[24]  1.656970  2.461948 19.993740 31.323259 11.329521  1.657101  2.461475 20.005510 31.332980 11.327470  1.657041  2.461088 20.015100 31.333416 11.318321  1.657125  2.462463 19.999490 31.331413 11.331918  1.657131  2.460000 20.015030
[47] 31.310373 11.295345  1.656965  2.460255 20.041950 31.369750 11.327798  1.654416  2.466670 25.161900 32.904335  7.742436  1.673269  2.374793

$Refset$penalty
 [1] 0 0 0 0 0 0 0 0 0 0 0 0


