$f
[1] 2163.1233 1271.7587  903.9306  839.2569  787.4462  786.4306  780.1667  777.0399

$x
          [,1]     [,2]      [,3]     [,4]     [,5]     [,6]     [,7]     [,8]     [,9]    [,10]
[1,] 27.416431 211.2650 0.3029416 22.70902 285.8864 29.51801 27.47163 7.213985 3.211235 3.817212
[2,]  5.000000 399.5191 0.8791151 24.45116 285.0607 39.54442 37.31258 9.934725 2.000000 3.066604
[3,]  5.000000 399.1697 0.9126207 24.45116 285.0277 37.94442 37.31258 9.934725 2.782624 3.063285
[4,]  7.610879 341.2636 0.1899745 23.62753 285.8926 38.69870 32.09984 9.857602 3.014620 3.086189
[5,]  7.610879 341.2636 0.2349745 23.62753 285.8176 38.69870 31.73648 9.857602 3.014620 3.086189
[6,] 15.585572 279.3801 0.1049361 21.62152 286.0459 42.97164 24.36895 5.319565 3.451135 1.302658
[7,] 15.585572 279.3801 0.1049361 21.62152 286.0459 42.87164 24.36895 5.319565 3.476135 1.302658
[8,] 15.585572 279.3801 0.1072945 21.62152 286.0459 42.87164 24.28770 5.319565 3.476135 1.308595

$time
elapsed elapsed elapsed elapsed elapsed elapsed elapsed elapsed 
   1.78    4.52    6.77   35.17   37.03  798.78  800.63 1045.91 

$neval
[1]   106   257   382  1763  1848 38396 38479 50120

$fbest
[1] 777.0399

$xbest
 [1]  15.5855722 279.3800644   0.1072945  21.6215195 286.0458935  42.8716447  24.2877038   5.3195652   3.4761354   1.3085954

$numeval
[1] 50120

$end_crit
[1] 1

$cpu_time
elapsed 
1045.91 

$Refset
$Refset$x
             [,1]        [,2]       [,3]        [,4]        [,5]        [,6]        [,7]        [,8]        [,9]       [,10]
 [1,]   1.0000000  15.0243700 269.921300   0.2037374  24.3516700 286.2005000  42.3875900  25.4476700   5.1515510   2.7152330
 [2,]   1.4020550   2.0000000  15.052780 270.0140000   0.2026058  24.3464500 286.2074000  42.4535300  25.4030200   5.1513320
 [3,]   2.7070730   1.4065680   3.000000  14.7903500 269.7955000   0.1988443  24.3575700 286.1964000  42.3490100  25.4757300
 [4,]   5.1523250   2.8137230   1.406292   4.0000000  14.1214400 270.1737000   0.2104592  23.4149100 286.2431000  42.4489600
 [5,]  25.6918200   5.2180520   3.486752   1.3108070   5.0000000  14.5199800 256.8823000   0.2059426  24.9751500 285.5711000
 [6,]  37.5844300  24.6561000   5.103804   3.4060940   1.2902980   6.0000000  14.5188200 257.0036000   0.2053727  24.9665700
 [7,] 285.5707000  37.5901900  24.657500   5.1041070   3.4052260   1.2892620   7.0000000  14.5200100 256.8920000   0.2057088
 [8,]  24.9741000 285.5713000  37.588460  24.6547900   5.1039860   3.4056260   1.2892060   8.0000000  14.5187900 256.7307000
 [9,]   0.2056318  24.9731300 285.571400  37.5869900  24.6509100   5.1057250   3.4108780   1.2885690   9.0000000  14.5171200
[10,] 256.8041000   0.2052706  24.964760 285.5719000  37.5889800  24.6576200   5.1046910   3.4155180   1.2890650  14.5152200
[11,] 258.3698000   0.2058528  24.871330 285.5719000  37.5903100  24.6625500   5.1096860   3.4143490   1.2847670  14.5191800
[12,] 256.3883000   0.2058023  24.992820 285.5718000  37.5896300  24.6549600   5.1094150   3.4073700   1.2883120  14.4390700

$Refset$f
 [1] 825.9358 826.5833 827.3385 830.9566 851.8802 851.9271 851.9271 851.9983 852.5556 852.7240 853.2187 895.6580

$Refset$fpen
 [1] 825.9358 826.5833 827.3385 830.9566 851.8802 851.9271 851.9271 851.9983 852.5556 852.7240 853.2187 895.6580

$Refset$const
 [1] 21.636440 33.284770 11.648330  1.565997  2.377552 21.639380 33.292930 11.653550  1.565347  2.374474 21.543850 33.186280 11.642430  1.566392  2.379442 19.928160 32.513250 12.585090  1.561927  2.401945 21.569060 32.593910 11.024850
[24]  1.629438  2.364314 21.561350 32.594770 11.033430  1.629477  2.364060 21.568470 32.594370 11.025900  1.629410  2.364086 21.562250 32.589120 11.026870  1.629396  2.363905 21.549250 32.584480 11.035240  1.629353  2.364384 21.456990
[47] 32.585650 11.128670  1.629368  2.364647 21.585450 32.592630 11.007180  1.629362  2.364144 20.573760 32.141720 11.567960  1.628940  2.365024

$Refset$penalty
 [1] 0 0 0 0 0 0 0 0 0 0 0 0


