$f
 [1] 1030.6615  703.8698  657.8681  581.4132  449.0816  444.2309  374.1215  365.0712  327.6736  279.4653  266.4861  265.3264  233.7396  228.9080  224.3906  223.7240  222.7483  222.6892  221.5365  221.3958  221.2812  220.8941  210.0920
[24]  209.1892  208.4792  208.2535  207.6337  206.4375  205.8177  205.3889  205.1563  204.9444  204.7847  204.5920  204.5920

$x
          [,1]     [,2]      [,3]     [,4]     [,5]     [,6]     [,7]     [,8]     [,9]    [,10]
 [1,] 16.83779 286.5538 0.8013657 19.07506 286.1438 42.70004 28.78905 7.130240 3.573553 1.274879
 [2,] 13.17032 361.9155 0.1020559 21.37248 285.0846 46.34292 31.72544 2.292222 2.524392 2.819026
 [3,] 13.17032 363.1178 0.1020559 20.97128 285.0963 46.34292 31.56294 2.439097 2.524392 2.819026
 [4,] 17.45565 330.7607 0.2877128 21.95582 286.0581 38.50381 29.16289 5.848295 3.083320 1.915079
 [5,] 14.86527 296.8168 0.1808062 21.83699 286.1184 41.62509 29.69570 6.626119 3.453797 1.200000
 [6,] 14.93856 296.7710 0.1846098 21.83315 286.1035 42.08718 29.63790 6.700435 3.212890 1.248994
 [7,] 15.85408 397.9627 0.1934991 21.94212 286.4654 33.83017 24.68965 7.381795 2.361272 1.526251
 [8,] 15.16714 296.6319 0.1860285 21.83339 286.0945 42.33750 29.39170 6.632151 3.280144 1.204508
 [9,] 14.83902 301.6319 0.1412483 21.83339 286.0941 42.40000 29.65576 6.632151 3.280144 1.204508
[10,] 18.16899 321.3373 0.2240741 22.91268 286.3537 35.59025 25.58329 7.026607 3.389858 2.408150
[11,] 18.16899 320.4534 0.2425966 22.91268 286.3537 35.59025 25.58329 7.026607 3.414240 2.396275
[12,] 14.30464 316.2546 0.1581062 21.31421 286.3361 42.68071 31.17249 6.804370 4.126727 1.647445
[13,] 14.24995 316.1442 0.1524812 21.12671 286.3549 42.67850 31.17249 6.779370 4.126727 1.646396
[14,] 14.05504 313.1150 0.1973984 21.32192 286.3203 42.67935 31.00864 6.788582 4.316098 1.622400
[15,] 14.08239 313.1150 0.1970468 21.32192 286.3215 42.67935 31.08989 6.788582 4.316098 1.620916
[16,] 14.05717 313.0616 0.1973985 21.32201 286.3204 42.67623 31.02260 6.788728 4.315332 1.619715
[17,] 14.00976 314.7622 0.1972684 21.32251 286.3293 42.68679 31.00192 6.788573 4.374441 1.631331
[18,] 14.06743 312.9520 0.1975118 21.32182 286.3183 42.67386 31.01861 6.788508 4.307795 1.614641
[19,] 14.09374 313.0583 0.1975093 21.32205 286.3190 42.67593 31.01746 6.788458 4.349147 1.614747
[20,] 14.10877 313.0985 0.1975094 21.32217 286.3190 42.67566 31.01729 6.788461 4.343067 1.614801
[21,] 14.09100 313.0084 0.1975115 21.32201 286.3182 42.67477 31.01886 6.788498 4.331732 1.614590
[22,] 14.08758 313.0084 0.1974236 21.32201 286.3182 42.67477 31.01886 6.788498 4.331732 1.614590
[23,] 13.99360 314.8053 0.1974809 21.30169 286.3402 42.71170 30.93890 6.787495 4.408541 1.624081
[24,] 13.99360 314.8053 0.1974809 21.30095 286.3402 42.71170 30.93826 6.787495 4.408541 1.623338
[25,] 13.99207 314.6787 0.1973943 21.30161 286.3355 42.72529 30.91126 6.787445 4.427496 1.625106
[26,] 13.99207 314.6787 0.1973943 21.30161 286.3355 42.72529 30.91126 6.787445 4.424371 1.625106
[27,] 13.95208 314.6278 0.1973865 21.29464 286.3370 42.74480 30.91759 6.788064 4.434060 1.624270
[28,] 13.96883 314.7605 0.1974252 21.30007 286.3363 42.68921 30.92061 6.786842 4.433612 1.623598
[29,] 13.96883 314.7605 0.1974252 21.30007 286.3363 42.68921 30.92061 6.786842 4.417987 1.623598
[30,] 13.94839 314.6853 0.1974308 21.29925 286.3368 42.69357 30.92140 6.786957 4.435668 1.623823
[31,] 13.94839 314.6657 0.1974308 21.29925 286.3368 42.69357 30.92140 6.786957 4.435668 1.623823
[32,] 13.96892 314.5663 0.1974718 21.30157 286.3348 42.68537 30.91743 6.784879 4.431892 1.624836
[33,] 13.95165 314.3472 0.1971532 21.33307 286.3365 42.68885 30.92116 6.785091 4.422653 1.626470
[34,] 13.95241 314.4612 0.1971677 21.32456 286.3364 42.69021 30.92318 6.785361 4.422954 1.626405
[35,] 13.95241 314.4612 0.1971677 21.32456 286.3364 42.69021 30.92318 6.785361 4.422954 1.626405

$time
elapsed elapsed elapsed elapsed elapsed elapsed elapsed elapsed elapsed elapsed elapsed elapsed elapsed elapsed elapsed elapsed elapsed elapsed elapsed elapsed elapsed elapsed elapsed elapsed elapsed elapsed elapsed elapsed elapsed elapsed 
   2.02    5.58    8.30   11.75   15.10   27.92   34.99   38.19   43.94   49.99   78.31  150.97  153.58  190.56  192.72  202.69  229.14  232.28  251.13  254.86  257.92  259.69  323.11  325.10  347.22  357.88  370.27  389.75  391.63  404.35 
elapsed elapsed elapsed elapsed elapsed 
 423.55  538.64  778.91  789.99 1166.42 

$neval
 [1]   106   260   377   525   670  1225  1502  1642  1898  2174  3350  6484  6601  8228  8321  8733  9881 10016 10824 10957 11096 11176 13913 13999 14956 15432 15969 16783 16864 17419 18317 23244 33534 34011 50118

$fbest
[1] 204.592

$xbest
 [1]  13.9524081 314.4611753   0.1971677  21.3245569 286.3363583  42.6902111  30.9231812   6.7853608   4.4229542   1.6264052

$numeval
[1] 50118

$end_crit
[1] 1

$cpu_time
elapsed 
1166.42 

$Refset
$Refset$x
             [,1]        [,2]       [,3]        [,4]       [,5]        [,6]        [,7]        [,8]        [,9]       [,10]
 [1,]   1.0000000  13.9534300 314.467000   0.1969909  21.320050 286.3365000  42.6891900  30.9249200   6.7853450   4.4252510
 [2,]   1.6265050   2.0000000  13.951740 314.4600000   0.197218  21.3244600 286.3363000  42.6900000  30.9233400   6.7853270
 [3,]   4.4241380   1.6261500   3.000000  13.9527700 314.452400   0.1971636  21.3244000 286.3362000  42.6900400  30.9227400
 [4,]   6.7853030   4.4237750   1.626356   4.0000000  13.952340 314.4469000   0.1971735  21.3243800 286.3362000  42.6899500
 [5,]  30.9227700   6.7853390   4.424145   1.6264280   5.000000  13.9523900 314.4465000   0.1971446  21.3243700 286.3363000
 [6,]  42.6899400  30.9227600   6.785195   4.4240460   1.626454   6.0000000  13.9531900 314.4524000   0.1970825  21.3228200
 [7,] 286.3363000  42.6899400  30.922870   6.7852340   4.424303   1.6263330   7.0000000  13.9392800 314.4344000   0.1970862
 [8,]  21.3211500 286.3364000  42.689460  30.9234600   6.785333   4.4419020   1.6263690   8.0000000  13.9579900 314.4216000
 [9,]   0.1971539  21.3276300 286.336100  42.6899600  30.922450   6.7852640   4.4275680   1.6262960   9.0000000  13.9524100
[10,] 314.4823000   0.1981339  21.323750 286.3363000  42.686810  30.9232500   6.7853000   4.4299690   1.6265320  12.7737500
[11,] 309.0760000   0.1985207  21.730080 286.3315000  43.409940  30.7743200   7.1651780   4.7242680   2.2156180  13.6224600
[12,] 323.9268000   0.2355638  20.605970 286.3338000  41.226790  30.6071500   7.1015210   5.3388920   2.0922540  12.7401600

$Refset$f
 [1]  204.5920  204.5920  204.5920  204.5920  204.5920  204.5920  205.0712  205.8594  204.9688  340.6788  349.3872 1101.4462

$Refset$fpen
 [1]  204.5920  204.5920  204.5920  204.5920  204.5920  204.5920  205.0712  205.8594  204.9688  340.6788  349.3872 1101.4462

$Refset$const
 [1] 16.894800 31.574750 14.679950  1.543644  2.770775 16.900320 31.575860 14.675540  1.543675  2.770538 16.900620 31.576220 14.675600  1.543685  2.770465 16.900230 31.575850 14.675620  1.543682  2.770480 16.900320 31.575950 14.675630
[24]  1.543674  2.770506 16.898520 31.575700 14.677180  1.543670  2.770525 16.879250 31.558100 14.678850  1.543656  2.770628 16.900060 31.572430 14.672370  1.543700  2.770404 16.893780 31.570030 14.676250  1.543670  2.770700 17.005820
[47] 31.275730 14.269920  1.546055  2.720415 15.267080 30.661110 15.394030  1.541614  2.828088 15.876540 30.513620 14.637070  1.542067  2.841982

$Refset$penalty
 [1] 0 0 0 0 0 0 0 0 0 0 0 0


