$f
 [1] 849.72222 381.64931  70.27778  69.15278  67.03472  65.03472  60.96528  60.78819  60.75000  60.69444  60.56424  60.55556  60.52604  60.39063  60.25000  60.03993  59.97569  59.10764  57.30729  57.02778  56.75868  56.61285  56.23958
[24]  56.10590  55.96875  55.93750  55.93576  54.63542  53.36285  52.13889  52.10764  51.87326  51.55556  51.54340  51.36632  50.92708  50.74479  50.63715  50.48611  50.40451  50.39236  50.27083  50.16840  50.16840

$x
          [,1]     [,2]      [,3]     [,4]     [,5]     [,6]     [,7]     [,8]     [,9]    [,10]
 [1,] 9.538965 490.5318 0.3823072 15.88167 286.4878 47.67427 34.41267 5.366653 3.948609 3.338587
 [2,] 8.273496 452.0160 0.2813514 16.73993 286.3606 47.41460 31.36197 5.801225 3.874749 3.666104
 [3,] 8.273496 427.0160 0.3207264 17.48407 286.7356 47.31460 27.29947 6.100443 4.987249 3.772979
 [4,] 9.159767 388.8068 0.3108202 17.46024 286.7009 47.32180 26.79948 6.376274 4.997105 3.612346
 [5,] 9.378516 362.8798 0.3078196 19.21410 286.7214 47.41788 26.87013 6.124368 4.823031 3.740648
 [6,] 9.182584 382.5366 0.2638528 17.44718 286.6959 48.00000 26.02644 6.413843 4.824986 3.388533
 [7,] 9.182584 382.5366 0.2397805 17.44718 286.6959 48.00000 26.37415 6.413843 4.774986 3.388533
 [8,] 8.732365 422.2779 0.4224732 17.95923 286.7480 47.32369 27.35683 6.119381 4.930387 3.781622
 [9,] 8.732365 422.2779 0.4224732 17.95923 286.7480 47.32369 27.35683 6.119381 4.933512 3.781622
[10,] 8.735763 422.2561 0.4235291 17.97233 286.7484 47.32369 27.35679 6.119374 4.930389 3.781622
[11,] 8.727547 423.5539 0.4246900 17.93855 286.7486 47.32343 27.36047 6.119385 4.928818 3.781542
[12,] 8.730965 423.5539 0.4246900 17.93855 286.7486 47.32343 27.36047 6.119385 4.928818 3.781542
[13,] 8.728874 423.6528 0.4254133 17.94169 286.7486 47.32332 27.36038 6.119387 4.927701 3.781565
[14,] 8.725547 422.0132 0.4259905 17.97471 286.7495 47.32511 27.37021 6.119462 4.948933 3.779849
[15,] 8.740832 423.0921 0.4283498 17.97188 286.7483 47.32157 27.36133 6.119206 4.920599 3.782945
[16,] 8.736319 421.9161 0.4282913 17.97249 286.7490 47.32256 27.37035 6.119532 4.960397 3.778959
[17,] 8.739287 422.1932 0.4292627 17.99868 286.7456 47.32667 27.36563 6.119850 4.931945 3.780393
[18,] 8.739764 422.6123 0.4343461 17.84898 286.7404 47.38954 26.89939 6.121061 4.937181 3.792006
[19,] 8.739764 425.1123 0.4118461 17.84898 286.7404 47.38954 26.73689 6.121061 4.837181 3.792006
[20,] 8.748352 422.6993 0.3626725 17.36919 286.7402 47.41222 26.87447 6.120863 4.941481 3.786309
[21,] 8.754961 421.9425 0.3738899 17.50745 286.7392 47.34785 26.78280 6.120918 4.928284 3.790251
[22,] 8.746868 422.4267 0.3921139 17.64909 286.7427 47.34126 26.89614 6.120735 4.932596 3.787649
[23,] 8.746674 422.5054 0.3858676 17.61043 286.7438 47.34368 26.88552 6.120747 4.932738 3.786916
[24,] 8.746674 422.5054 0.3858676 17.61043 286.7438 47.34368 26.84490 6.120747 4.932738 3.786916
[25,] 8.753852 421.7064 0.3825696 17.59621 286.7401 47.34338 26.80465 6.120962 4.930979 3.787483
[26,] 8.753962 421.7180 0.3815724 17.57918 286.7409 47.34178 26.81169 6.121116 4.934232 3.787021
[27,] 8.753962 421.7180 0.3815724 17.57918 286.7409 47.34178 26.77106 6.121116 4.934232 3.787021
[28,] 8.770030 418.7326 0.3761443 18.43343 286.7455 47.32662 26.88470 6.117678 4.328859 3.802695
[29,] 8.785634 416.3740 0.3746944 18.64308 286.7456 47.32998 26.87464 6.118250 4.296740 3.800966
[30,] 8.787975 416.2872 0.3733869 18.82646 286.7453 47.32966 26.90104 6.118075 4.158780 3.800155
[31,] 8.807793 416.1804 0.3733635 18.82813 286.7445 47.32701 26.86180 6.118791 4.150298 3.796866
[32,] 8.821725 416.2702 0.3725831 19.01359 286.7450 47.32862 26.89653 6.118870 3.965064 3.795806
[33,] 8.821478 416.4907 0.3722685 19.09168 286.7472 47.33568 26.90743 6.118875 3.912171 3.794971
[34,] 8.819330 416.4946 0.3722876 19.22368 286.7471 47.33575 26.90931 6.119022 3.784897 3.792631
[35,] 8.819368 417.2153 0.3724619 19.37504 286.7479 47.33735 26.91483 6.118827 3.597626 3.792772
[36,] 8.819368 417.2934 0.3724619 19.37504 286.7479 47.33735 26.91483 6.118827 3.600751 3.792772
[37,] 8.916030 417.0013 0.3758358 19.35997 286.7515 47.34120 26.89072 6.118587 3.585234 3.790900
[38,] 8.912612 417.0013 0.3758358 19.35997 286.7515 47.34120 26.89072 6.118587 3.585234 3.790900
[39,] 8.916128 415.9676 0.3771163 19.39093 286.7463 47.33938 26.90349 6.119148 3.608690 3.794822
[40,] 8.892329 415.9835 0.3750346 19.53546 286.7542 47.36840 26.89639 6.119118 3.494121 3.792016
[41,] 8.902770 415.9566 0.3725157 19.44099 286.7495 47.33621 26.91255 6.118138 3.552179 3.797729
[42,] 8.910435 415.6463 0.3749443 19.44276 286.7477 47.36369 26.90101 6.119183 3.567030 3.795942
[43,] 8.910435 415.6463 0.3749443 19.44276 286.7477 47.36369 26.90101 6.119183 3.567030 3.795199
[44,] 8.910435 415.6463 0.3749443 19.44276 286.7477 47.36369 26.90101 6.119183 3.567030 3.795199

$time
elapsed elapsed elapsed elapsed elapsed elapsed elapsed elapsed elapsed elapsed elapsed elapsed elapsed elapsed elapsed elapsed elapsed elapsed elapsed elapsed elapsed elapsed elapsed elapsed elapsed elapsed elapsed elapsed elapsed elapsed 
   1.96    5.02    8.77   20.60   28.05   33.46   38.60  175.93  177.33  187.75  204.13  205.66  211.11  213.74  219.41  232.66  275.88  577.08  578.63  600.27  617.69  622.82  625.25  635.07  684.46  709.24  713.32  798.38  802.52  808.63 
elapsed elapsed elapsed elapsed elapsed elapsed elapsed elapsed elapsed elapsed elapsed elapsed elapsed elapsed 
 819.07  825.11  827.69  850.39  853.11  857.36  913.82  915.33  938.49  948.02  953.04  963.46  970.41  993.39 

$neval
 [1]   106   256   447  1024  1439  1716  1956  8764  8837  9382 10206 10279 10555 10690 10966 11641 13909 28827 28920 30028 30920 31191 31327 31810 34372 35666 35875 40149 40354 40631 41176 41451 41587 42733 42868 43082 45945 46019 47250
[40] 47727 48004 48548 48902 50004

$fbest
[1] 50.1684

$xbest
 [1]   8.9104355 415.6462971   0.3749443  19.4427642 286.7476937  47.3636894  26.9010128   6.1191832   3.5670302   3.7951995

$numeval
[1] 50004

$end_crit
[1] 1

$cpu_time
elapsed 
 993.39 

$Refset
$Refset$x
             [,1]        [,2]        [,3]       [,4]       [,5]        [,6]        [,7]        [,8]        [,9]      [,10]
 [1,]   1.0000000   8.9104350   0.3749443 286.747694  26.901013   3.5670300   8.9104350   0.3749443 286.7476940  26.901013
 [2,]   3.5670300   2.0000000 415.6462970  19.442764  47.363689   6.1191830   3.7951990 415.6462970  19.4427642  47.363689
 [3,]   6.1191830   3.7951990   3.0000000   8.898329 416.070899   0.3729963  19.4634690 286.7478200  47.3529000  26.904526
 [4,]   6.1182560   3.5389510   3.7970180   4.000000   8.889443 416.2262857   0.3750494  19.5885920 286.7583650  47.368383
 [5,]  26.8938356   6.1188820   3.4489860   3.790628   5.000000   8.9003950 414.5509274   0.3751296  19.4652350 286.747825
 [6,]  47.3428210  26.9081268   6.1179710   3.593374   3.798573   6.0000000   8.9208880 415.9733367   0.3768352  19.379645
 [7,] 286.7499710  47.3375320  26.9021592   6.119128   3.610199   3.7920360   7.0000000   8.9007490 415.7593322   0.373696
 [8,]  19.4463380 286.7500620  47.3214180  26.904888   6.118415   3.5854640   3.8511170   8.0000000   8.7959110 416.337350
 [9,]   0.3886991  19.3955470 286.7528780  47.245339  26.945692   6.4094780   3.5475760   3.3364020   9.0000000   8.870909
[10,] 415.8428654   0.3703040  19.5325570 286.730077  47.408649  26.9054406   6.1085090   3.5199900   3.8862790   8.835424
[11,] 416.4320369   0.3727854  19.6093410 286.759589  47.252607  27.2094070   6.1089870   3.4731150   3.7413150   8.851598
[12,] 416.1189439   0.3726648  19.5248190 286.764874  47.382863  26.8544028   6.1216570   3.5611910   3.8461850   9.095954

$Refset$f
 [1]  50.16840  50.16840  50.33854  50.37500  50.37847  50.44444  59.73264  59.96354  60.69097  63.04861  64.85417 113.18229

$Refset$fpen
 [1]  50.16840  50.16840  50.33854  50.37500  50.37847  50.44444  59.73264  59.96354  60.69097  63.04861  64.85417 113.18229

$Refset$const
 [1] 15.875730 16.557240  2.467737 32.432970  1.514950 32.432970  1.514950 15.875734 16.557236  2.467737 15.924520 32.461050 16.536531  1.514922  2.468316 16.139610 32.551010 16.411408  1.513929  2.471018 15.871860 32.406630 16.534765
[24]  1.514907  2.468834 15.769450 32.389800 16.620355  1.514703  2.469438 15.860870 32.414540 16.553662  1.514676  2.470130 15.847970 32.452420 16.604453  1.514267  2.475816 16.012570 32.480010 16.467443  1.516688  2.460306 16.136230
[47] 32.526880 16.390659  1.513172  2.492768 15.963630 32.438810 16.475181  1.513373  2.470721 16.757390 32.819840 16.062442  1.515536  2.486666

$Refset$penalty
 [1] 0 0 0 0 0 0 0 0 0 0 0 0


