$f
 [1] 2077.1788 2014.5174 1901.2135 1520.5712 1491.0799 1376.4392 1226.9740 1159.0000 1028.9826 1001.9740  973.6753  966.9410  962.8715  940.2899  938.7917  926.6962  923.1354  917.1007  915.3819  899.5764  896.4948  894.1823  891.7726
[24]  891.0608  889.4809  871.3403  847.7396  843.0608  841.5035  836.1910  835.4097  831.9184  826.0972  822.6493  817.4253  816.8646  816.7396  815.5243  815.5174  814.6649  813.2552  778.4705  775.1267  755.7292  744.5781  744.5347
[47]  744.0955  743.8681  743.2674  743.1858  743.1007  742.7795  742.7205  741.9913  741.9809  741.9740  741.6146  741.5052  741.2917  741.1649  740.6406  740.2986  740.0330  739.9601  739.9601

$x
           [,1]     [,2]      [,3]     [,4]     [,5]     [,6]     [,7]     [,8]     [,9]    [,10]
 [1,]  8.529651 363.5951 0.8469278 22.97312 284.1759 33.49892 25.29819 3.009499 2.852549 4.950791
 [2,]  8.543903 230.0022 0.3948365 26.42704 285.7189 46.95729 30.62438 3.530867 3.340875 3.395532
 [3,]  8.981403 230.0022 0.4785475 26.42704 285.7189 46.55729 30.62438 3.530867 3.333887 3.391697
 [4,] 11.712503 182.1925 0.5775960 19.31770 284.4669 37.51464 25.40378 5.629009 7.219388 3.404872
 [5,] 10.379093 238.5335 0.5383071 22.41548 284.8026 38.68100 27.55316 4.972689 4.192091 4.601720
 [6,]  9.762356 226.3340 0.3700547 22.56862 285.0241 39.15634 29.57028 6.493222 4.245715 3.134598
 [7,] 10.130091 237.9233 0.5169417 22.39424 284.8068 39.19705 27.87093 5.065040 4.937394 4.162789
 [8,] 10.130091 237.9233 0.6069417 22.39424 284.8068 38.39705 27.87093 4.858885 4.937394 4.162789
 [9,]  7.353457 219.4081 0.4015532 25.11067 285.4159 39.12435 33.12940 6.506289 4.438051 2.736660
[10,]  7.353457 219.4300 0.4029594 25.11148 285.3972 39.12435 33.12940 6.506289 4.451425 2.724785
[11,]  9.238164 238.2927 0.5444204 22.26394 284.5885 34.36735 26.59500 5.160896 5.851426 3.673321
[12,]  9.238164 238.2927 0.5444204 22.45437 284.5885 34.36735 26.59500 5.160896 5.851426 3.676290
[13,]  9.685273 243.0468 0.7292521 22.16191 284.8685 34.90909 28.43763 5.035215 5.913972 2.824624
[14,]  9.639657 243.0423 0.7838733 22.21613 284.8645 34.92171 28.50490 5.034237 5.639600 2.665427
[15,]  9.694940 243.0476 0.7639793 22.16849 284.8657 34.91064 28.42656 5.034534 5.859638 2.809975
[16,]  9.626820 243.0433 0.7873691 22.19224 284.8650 34.92054 28.46007 5.034168 5.720228 2.723017
[17,]  9.672885 242.8742 0.7663805 22.17878 284.8665 34.93271 28.47722 5.033374 5.924243 2.818230
[18,]  9.430820 243.3909 0.7558843 22.25054 284.8749 34.92784 28.53117 5.055626 5.684675 2.600603
[19,]  9.588046 243.6567 0.8306670 22.17694 284.8664 34.92173 28.47702 5.041673 5.784152 2.718687
[20,]  9.588046 243.6567 0.9206670 22.17694 284.8664 34.92173 28.47702 5.041673 5.771652 2.706812
[21,]  9.387863 239.6955 0.7939145 22.09762 284.8726 34.90899 28.44929 5.036049 6.245497 2.754265
[22,]  9.577086 244.1127 0.8712853 22.20104 284.8672 34.94606 28.38721 5.044414 5.721768 2.613795
[23,]  9.577086 244.1127 0.8712853 22.20104 284.8666 34.95856 28.42784 5.044414 5.734268 2.625670
[24,]  9.585503 243.1139 0.8854978 22.21848 284.8631 34.95577 28.34874 5.039240 5.749745 2.631326
[25,]  9.593768 245.3072 0.8364733 22.23950 284.8661 34.96421 28.47271 4.778236 5.923932 2.737520
[26,]  9.594657 246.1842 0.8200170 22.24005 284.8681 34.96640 28.48146 4.826255 5.892228 2.755518
[27,]  9.587445 245.0133 0.8463701 22.22392 284.8662 34.94339 28.44337 4.822183 5.901143 2.735029
[28,]  9.587445 245.0133 0.8463701 22.22392 284.8662 34.84339 28.44337 4.822183 5.901143 2.735029
[29,]  9.641577 227.0691 0.9106375 22.67542 284.8866 34.94644 28.60346 5.045342 6.120055 2.624363
[30,]  9.641577 227.0691 0.9781375 22.67542 284.8866 34.94644 28.60346 5.045342 6.120055 2.630301
[31,]  9.577329 227.6866 0.9292447 22.77859 284.8938 34.93762 28.64541 5.037989 6.065098 2.619946
[32,]  9.540259 227.8341 0.9615717 22.72418 284.8887 34.91797 28.61663 5.049868 6.126704 2.621177
[33,]  9.544006 227.1128 0.9753477 22.78228 284.8886 34.90580 28.60509 5.049155 6.124804 2.619765
[34,]  9.541129 225.7609 0.9864879 22.86609 284.8856 34.93926 28.60257 5.078319 6.080329 2.618820
[35,]  9.541129 225.7609 0.9864879 22.86609 284.8856 34.93926 28.60257 5.078319 6.083454 2.618820
[36,]  9.543304 225.7362 0.9986081 22.88323 284.8832 34.94783 28.60056 5.077318 6.081023 2.618758
[37,]  9.543304 225.7362 1.0000000 22.88323 284.8832 34.94783 28.60056 5.077318 6.081023 2.618758
[38,]  9.569492 225.7269 0.9921025 22.81833 284.8855 34.92931 28.60744 5.077480 6.103063 2.602442
[39,]  9.558728 224.7916 0.9875013 22.83271 284.8850 34.91962 28.60667 5.076608 6.129298 2.612416
[40,]  9.553618 224.9321 0.9841116 22.86402 284.8870 34.93121 28.59973 5.073825 6.104147 2.605960
[41,]  9.564565 225.8718 0.9922627 22.81618 284.8873 34.91376 28.62493 5.077965 6.101976 2.579947
[42,]  9.548758 224.7606 0.9845248 22.81633 284.8878 34.88014 28.60383 4.852131 6.140254 2.608449
[43,]  9.548758 224.8388 0.9550000 22.81633 284.8878 34.88014 28.60383 4.852131 6.140254 2.608449
[44,]  9.466706 225.3265 0.9851617 22.71414 284.8697 35.01669 28.64536 4.854897 6.260900 2.640641
[45,]  9.459870 225.3265 0.9851617 22.71560 284.8702 35.01669 28.64536 4.861147 6.260900 2.640641
[46,]  9.449599 224.6760 0.9785386 22.77693 284.8719 35.10013 28.63618 4.864561 6.238914 2.634257
[47,]  9.449599 224.6564 0.9785386 22.77766 284.8719 35.10013 28.63618 4.864561 6.238914 2.634257
[48,]  9.449325 224.4015 0.9760177 22.76225 284.8718 35.05969 28.63636 4.863557 6.266653 2.635345
[49,]  9.444551 223.9143 0.9737116 22.78565 284.8720 35.05581 28.63730 4.862995 6.266791 2.628408
[50,]  9.444897 223.9948 0.9707233 22.78026 284.8718 35.05235 28.63757 4.862872 6.266938 2.627688
[51,]  9.443853 224.1189 0.9733015 22.77455 284.8717 35.06058 28.63800 4.863380 6.266714 2.628007
[52,]  9.445933 224.0155 0.9717015 22.76100 284.8726 35.05905 28.63655 4.862648 6.281904 2.639827
[53,]  9.445933 224.0350 0.9717015 22.76100 284.8726 35.05905 28.63655 4.862648 6.281904 2.639827
[54,]  9.447214 224.6422 0.9792887 22.75511 284.8718 35.09809 28.63618 4.864863 6.255987 2.637063
[55,]  9.447348 224.1657 0.9794923 22.77250 284.8714 35.05513 28.63685 4.865074 6.264610 2.627528
[56,]  9.449466 223.9876 0.9798465 22.76637 284.8680 35.09212 28.63647 4.866966 6.267343 2.615805
[57,]  9.448576 223.5827 0.9799762 22.76377 284.8700 35.08344 28.63693 4.865375 6.292145 2.620020
[58,]  9.449175 224.2965 0.9785296 22.73525 284.8701 35.08203 28.63646 4.865159 6.281094 2.630889
[59,]  9.449924 223.9677 0.9809843 22.76727 284.8687 35.09578 28.63647 4.869038 6.266185 2.612893
[60,]  9.448387 223.9592 0.9786704 22.76222 284.8719 35.05726 28.63664 4.865059 6.278567 2.625287
[61,]  9.448391 223.9867 0.9805596 22.76240 284.8687 35.09439 28.63649 4.868019 6.270134 2.615757
[62,]  9.448391 223.9867 0.9805596 22.76258 284.8687 35.09439 28.63649 4.868019 6.270134 2.615757
[63,]  9.452390 223.8474 0.9813600 22.75843 284.8707 35.09142 28.64224 4.867704 6.276395 2.618994
[64,]  9.449288 223.8798 0.9819731 22.75876 284.8702 35.08942 28.63901 4.868370 6.278233 2.619660
[65,]  9.449288 223.8798 0.9819731 22.75876 284.8702 35.08942 28.63901 4.868370 6.278233 2.619660

$time
elapsed elapsed elapsed elapsed elapsed elapsed elapsed elapsed elapsed elapsed elapsed elapsed elapsed elapsed elapsed elapsed elapsed elapsed elapsed elapsed elapsed elapsed elapsed elapsed elapsed elapsed elapsed elapsed elapsed elapsed 
   3.36    8.52   12.55   18.34   33.72   38.45   43.95   65.83  158.88  162.66  275.22  278.16  292.75  302.78  307.75  312.56  317.59  322.38  327.72  330.72  353.99  376.25  379.47  402.31  407.58  416.55  422.09  429.05  574.64  578.16 
elapsed elapsed elapsed elapsed elapsed elapsed elapsed elapsed elapsed elapsed elapsed elapsed elapsed elapsed elapsed elapsed elapsed elapsed elapsed elapsed elapsed elapsed elapsed elapsed elapsed elapsed elapsed elapsed elapsed elapsed 
 595.69  604.86  613.50  623.91  626.44  664.11  676.41  809.47  816.44  830.92  840.24  845.69  862.41  917.97  920.94 1071.41 1074.08 1083.91 1093.09 1098.44 1107.52 1117.61 1124.58 1129.61 1266.42 1283.25 1292.17 1301.97 1315.58 1327.05 
elapsed elapsed elapsed elapsed elapsed 
1335.67 1365.34 1558.58 1592.25 1743.24 

$neval
 [1]   106   257   374   519   940  1075  1215  1848  4529  4638  7885  7970  8385  8661  8806  8944  9090  9231  9369  9456 10151 10832 10927 11615 11751 12021 12161 12371 16644 16726 17275 17544 17820 18108 18181 19261 19602 23413 23621
[40] 24029 24304 24444 24934 26561 26650 31008 31087 31366 31640 31778 32050 32321 32531 32667 36391 36874 37147 37419 37822 38158 38430 39307 44808 45823 50017

$fbest
[1] 739.9601

$xbest
 [1]   9.4492882 223.8798421   0.9819731  22.7587634 284.8701683  35.0894205  28.6390145   4.8683703   6.2782328   2.6196599

$numeval
[1] 50017

$end_crit
[1] 1

$cpu_time
elapsed 
1743.24 

$Refset
$Refset$x
             [,1]        [,2]       [,3]        [,4]        [,5]        [,6]        [,7]        [,8]        [,9]       [,10]
 [1,]   1.0000000   9.4494300 223.883700   0.9824517  22.7591100 284.8700000  35.0898300  28.6395000   4.8682290   6.2780780
 [2,]   2.6196770   2.0000000   9.451016 223.8856000   0.9823968  22.7590200 284.8701000  35.0905100  28.6395300   4.8680580
 [3,]   6.2749120   2.6196000   3.000000   9.4497670 223.7672000   0.9804663  22.7771000 284.8679000  35.0893800  28.6110200
 [4,]   4.8704180   6.2763920   2.602722   4.0000000   9.4277410 208.1587000   0.9804685  23.4470800 284.8379000  35.0859600
 [5,]  28.3553500   4.8525450   6.390399   2.6698320   5.0000000   9.4441420 223.7948000   0.9823358  22.7644300 284.8691000
 [6,]  35.1048000  28.5622100   4.866106   6.2674300   2.6120250   6.0000000   9.4051960 222.9637000   0.9784919  23.1212100
 [7,] 284.8623000  35.1112200  28.530130   4.8098730   6.2760800   2.8027260   7.0000000   8.2394390 226.7655000   0.9615421
 [8,]  23.1000600 284.7777000  35.073090  28.8824600   5.3583670   6.2438540   2.5464970   8.0000000   8.4038070 215.0124000
 [9,]   0.9941786  23.5090200 284.813400  35.2124900  29.0735400   5.1093140   6.4440670   2.5708520   9.0000000   8.3687670
[10,] 218.1015000   0.9512870  23.608640 284.8392000  35.1576300  28.9862700   5.1475700   6.3979120   2.6661360   8.5400330
[11,] 226.6132000   0.9593112  23.095490 284.7813000  35.0770100  28.8917000   5.3346240   6.2521200   2.5410350   9.3036980
[12,] 224.2951000   0.9818430  22.583730 284.8696000  34.7379500  28.7167500   5.1749850   6.3005730   2.6511330  11.7723130

$Refset$f
 [1]  739.9601  740.2986  752.2309  752.9288  754.4653  755.0764  757.1128  780.4323  809.4931  748.6458  973.2274 2173.9288

$Refset$fpen
 [1]  739.9601  740.2986  752.2309  752.9288  754.4653  755.0764  757.1128  780.4323  809.4931  748.6458  973.2274 2173.9288

$Refset$const
 [1] 16.481040 29.721920 13.240890  1.727107  2.692346 16.484110 29.725090 13.240980  1.727099  2.692304 16.500710 29.723610 13.222900  1.727353  2.689371 17.056680 29.609600 12.552920  1.731064  2.661168 16.497000 29.732570 13.235570
[24]  1.727057  2.683811 16.845130 29.723920 12.878790  1.727947  2.679259 16.856210 29.756150 12.899940  1.741174  2.702390 17.064950 29.555930 12.490980  1.736072  2.715042 17.210730 29.602090 12.391360  1.732184  2.715040 16.843370
[47] 29.747880 12.904510  1.740665  2.703490 16.283150 29.699430 13.416270  1.727856  2.727303 12.667560 30.086360 17.418800  1.633141  3.403032

$Refset$penalty
 [1] 0 0 0 0 0 0 0 0 0 0 0 0


