$f
 [1] 2425.4149 1364.2587 1324.7101 1177.1458 1144.1146 1100.8976 1052.4358 1041.0208 1021.0295 1020.5122 1019.6007 1019.5747 1019.0972 1018.6701 1018.5920 1018.1528 1016.9635 1011.7795 1003.6927 1003.4757  993.4271  990.6094  988.6319
[24]  988.3924  987.2396  986.4861  986.2309  985.4774  985.3160  985.1892  984.9965  984.4427  984.2500  984.1545  983.9618  983.9167  983.9167

$x
           [,1]     [,2]      [,3]     [,4]     [,5]     [,6]     [,7]     [,8]     [,9]    [,10]
 [1,]  5.090378 288.4518 0.3585698 25.03043 284.9122 40.01233 39.27240 6.251132 4.694229 2.091311
 [2,] 13.511314 417.2723 0.3079670 15.88098 285.9683 37.89923 25.45405 4.951646 6.570029 1.913060
 [3,] 13.511314 417.2723 0.2854670 15.88098 285.9683 37.89923 25.45405 4.951646 6.570029 1.913060
 [4,] 14.208702 425.4864 0.1264751 17.69445 286.4173 36.87429 24.00000 6.022962 4.532162 4.901442
 [5,] 14.153007 425.8285 0.1308464 17.68424 286.4314 36.87483 24.00000 5.970075 4.499613 4.917180
 [6,] 14.159962 476.9032 0.5378289 18.56184 286.6740 37.64466 24.00000 5.829126 4.374579 5.000000
 [7,] 14.159962 476.9032 0.4590789 18.56184 286.5990 37.64466 24.00000 5.829126 4.274579 4.905000
 [8,] 12.940816 390.4741 0.2948988 18.09891 286.5448 37.01054 24.85875 5.867919 6.425191 1.200000
 [9,] 12.940816 390.8884 0.2939044 18.09891 286.5106 37.01054 24.56247 5.867919 6.425191 1.200000
[10,] 15.027148 402.5716 0.3518611 18.14734 286.5457 37.45439 24.23864 5.877462 5.932763 4.687935
[11,] 15.040820 402.4153 0.3518611 18.14734 286.5644 37.45439 24.23864 5.877462 5.932763 4.687935
[12,] 15.026836 402.5753 0.3539338 18.14702 286.5308 37.44060 24.23185 5.877337 5.939501 4.690224
[13,] 15.026836 402.5753 0.3539338 18.14702 286.5495 37.44060 24.23185 5.877337 5.939501 4.690224
[14,] 15.033732 402.6140 0.3401011 18.16530 286.5530 37.52307 24.23366 5.877860 5.859410 4.648423
[15,] 15.017454 402.2502 0.3574469 18.15322 286.5194 37.35744 24.23596 5.876542 5.968546 4.677835
[16,] 15.017454 402.2502 0.3574469 18.15322 286.5194 37.35744 24.19534 5.876542 5.968546 4.677835
[17,] 15.024210 392.4651 0.3556717 18.15394 286.5178 37.36397 24.22884 5.877573 5.982061 4.671929
[18,] 15.017374 392.4651 0.3556717 18.15540 286.5178 37.36397 24.14759 5.877573 5.982061 4.671929
[19,] 15.017354 386.9686 0.3559884 18.34507 286.5387 37.30513 24.59253 5.875947 6.023233 4.650580
[20,] 15.017354 386.9686 0.3559884 18.34488 286.5387 37.30513 24.59253 5.875947 6.023233 4.650580
[21,] 14.969243 391.6415 0.3591284 18.20459 286.5237 37.37238 24.43051 5.876553 6.007899 4.653828
[22,] 14.946316 391.5114 0.3619218 18.21428 286.5253 37.37230 24.44279 5.876721 6.010688 4.654740
[23,] 14.999892 386.6338 0.3559334 18.32675 286.5534 37.35673 24.58206 5.874394 6.018655 4.651184
[24,] 14.998318 385.7730 0.3557145 18.33740 286.5526 37.35669 24.58528 5.873719 6.018433 4.650474
[25,] 14.998318 385.7730 0.3557145 18.33740 286.5526 37.35669 24.58528 5.873719 6.021558 4.650474
[26,] 14.983739 388.2437 0.3559742 18.24771 286.5432 37.36331 24.51746 5.876444 6.031507 4.653791
[27,] 14.952634 389.0236 0.3656827 18.25817 286.5409 37.36604 24.51881 5.876990 6.057429 4.656789
[28,] 14.942380 389.0236 0.3656827 18.25817 286.5408 37.36604 24.51881 5.876990 6.057429 4.656789
[29,] 14.956467 389.1591 0.3661259 18.26308 286.5415 37.36582 24.51875 5.876997 6.044936 4.650657
[30,] 14.955754 389.1677 0.3693701 18.27793 286.5431 37.36630 24.51862 5.877251 6.044073 4.651597
[31,] 14.954374 388.3794 0.3657491 18.27675 286.5430 37.36589 24.52001 5.876818 6.054219 4.650950
[32,] 14.951102 388.5183 0.3677553 18.28110 286.5431 37.36643 24.52172 5.877128 6.056659 4.649567
[33,] 14.948657 388.4312 0.3668275 18.28214 286.5432 37.36656 24.52274 5.877143 6.055775 4.648430
[34,] 14.939403 389.2260 0.3713362 18.29395 286.5435 37.36591 24.51854 5.877118 6.049070 4.649158
[35,] 14.950704 388.5550 0.3692889 18.29025 286.5400 37.36573 24.52073 5.877019 6.055014 4.648978
[36,] 14.944734 388.7124 0.3692624 18.19692 286.5403 37.36808 24.51729 5.877078 6.121974 4.649056
[37,] 14.944734 388.7124 0.3692624 18.19692 286.5403 37.36808 24.51729 5.877078 6.121974 4.649056

$time
elapsed elapsed elapsed elapsed elapsed elapsed elapsed elapsed elapsed elapsed elapsed elapsed elapsed elapsed elapsed elapsed elapsed elapsed elapsed elapsed elapsed elapsed elapsed elapsed elapsed elapsed elapsed elapsed elapsed elapsed 
   2.64    6.01   10.04   22.62   31.61   37.81   43.65  153.06  155.70  439.87  441.68  519.67  521.20  571.36  623.59  625.14  657.33  659.08  734.64  736.15  741.86  744.64  750.97  764.95  767.17  784.92  844.39  846.08  857.67  867.14 
elapsed elapsed elapsed elapsed elapsed elapsed elapsed 
 869.89  872.70  876.25  889.06  907.11 1115.53 1121.23 

$neval
 [1]   106   255   329   901  1316  1598  1838  6833  6940 19567 19651 23153 23226 25388 27745 27819 29337 29421 32823 32897 33172 33311 33581 34255 34328 35131 37814 37897 38444 38854 38991 39129 39267 39881 40700 49873 50077

$fbest
[1] 983.9167

$xbest
 [1]  14.9447337 388.7123966   0.3692624  18.1969177 286.5403467  37.3680772  24.5172883   5.8770780   6.1219738   4.6490562

$numeval
[1] 50077

$end_crit
[1] 1

$cpu_time
elapsed 
1121.23 

$Refset
$Refset$x
             [,1]        [,2]       [,3]       [,4]       [,5]        [,6]       [,7]        [,8]        [,9]       [,10]
 [1,]   1.0000000 388.7123970  18.196920  37.368077   5.877078   4.6490560 388.712397  18.1969200  37.3680770   5.8770780
 [2,]   4.6490560   2.0000000   4.649056 388.712400  18.196918  37.3680770   5.877078   4.6490560 388.7124000  18.1969180
 [3,]  37.3680770   5.8770780   3.000000  14.944734 388.712400   0.3692624  18.196918 286.5403470  37.3680770  24.5172900
 [4,]   5.8770780   6.1219740   4.649056   4.000000  14.939433 388.7429400   0.368998  18.2919910 286.5403390  37.3691200
 [5,]  24.5134300   5.8778580   6.052165   4.649622   5.000000  14.9511600 388.673950   0.3690734  18.2898810 286.5402190
 [6,]  37.3656320  24.5200500   5.876845   6.052278   4.648164   6.0000000  14.948286 388.6611900   0.3696491  18.2910400
 [7,] 286.5402540  37.3648000  24.519370   5.876578   6.055444   4.6431130   7.000000  14.9485460 388.7130200   0.3692841
 [8,]  18.2906780 286.5408430  37.362183  24.516260   5.877783   6.0508700   4.623335   8.0000000  14.9555600 388.5300800
 [9,]   0.3690895  18.2900390 286.540119  37.365913  24.523420   5.8766990   6.052617   4.6481210   9.0000000  14.8018840
[10,] 388.6653400   0.3742330  18.240209 286.540348  37.370783  24.4833700   7.410508   6.0398290   4.6355790  18.6214060
[11,] 323.1400700   0.7076101  18.584595 286.602528  36.254329  26.6322300   7.378349   6.4855510   4.5883360  13.6709900
[12,] 370.2614100   0.3347264  18.343162 286.376290  38.340267  28.9037500   7.407384   5.2728810   4.1259130  19.7159890

$Refset$f
 [1]  983.9167  983.9167  983.9167  983.9618  983.9618  983.9618  984.1545  984.4427 1010.4375 1285.7240 1355.5868 1825.1927

$Refset$fpen
 [1]  983.9167  983.9167  983.9167  983.9618  983.9618  983.9618  984.1545  984.4427 1010.4375 1285.7240 1355.5868 1825.1927

$Refset$const
 [1] 29.878026  1.528405 12.074944 17.803082  2.636176  2.636176 29.878026  1.528405 12.074944 17.803082 12.074944 29.878026 17.803082  1.528405  2.636176 12.239826 29.947835 17.708009  1.528419  2.635820 12.237602 29.947722 17.710119
[24]  1.528407  2.636470 12.235596 29.944556 17.708960  1.528404  2.636472 12.239808 29.949130 17.709322  1.528344  2.636576 12.237422 29.947383 17.709961  1.528409  2.636681 12.200381 29.960171 17.759791  1.528505  2.633402 12.099044
[47] 29.514449 17.415405  1.510637  2.906647 13.070281 30.727119 17.656838  1.534835  2.882232 11.847983 30.025922 18.177939  1.517896  2.822397

$Refset$penalty
 [1] 0 0 0 0 0 0 0 0 0 0 0 0


