$f
 [1] 2036.3038 1329.3264 1305.9201 1184.0069  975.1649  896.0417  844.5868  777.6649  670.0260  645.5469  584.3681  561.1337  559.3941  551.5260  547.3681  544.0000  524.8594  523.5503  515.0625  514.2934  514.1215  513.6840  503.5069
[24]  468.9184  466.0521  466.0521

$x
          [,1]     [,2]      [,3]     [,4]     [,5]     [,6]     [,7]     [,8]     [,9]    [,10]
 [1,] 20.00988 217.3587 0.3208608 24.98027 284.7020 34.21997 30.23793 3.716937 2.265074 4.831442
 [2,] 13.76415 230.6445 0.1000000 30.00000 284.0000 28.29241 24.15981 2.973411 2.166831 1.200000
 [3,] 13.76415 230.6445 0.1000000 30.00000 284.0188 28.29241 24.15981 2.960911 2.141831 1.200000
 [4,] 25.06880 121.4936 0.1000000 24.40743 286.8369 42.19925 25.38045 9.574081 5.840596 4.944127
 [5,] 13.11226 375.5565 0.7619730 26.37117 286.1721 40.02542 26.00635 3.480490 2.578678 3.666980
 [6,] 23.42193 164.3283 0.1004616 24.23662 286.6090 42.56066 25.55277 7.682880 5.039695 4.379872
 [7,] 22.44867 205.9155 0.1007718 21.15319 286.7796 43.21073 25.47778 7.359295 5.668795 4.766748
 [8,] 13.72500 294.5383 0.1769221 24.11383 286.6886 41.20817 25.69256 8.413817 2.639452 1.283498
 [9,] 13.72500 252.9915 0.1152712 25.61383 286.6754 41.20817 25.66383 8.413817 2.533386 1.283498
[10,] 12.57517 500.0000 0.3706769 16.38169 286.8561 45.64919 27.63846 6.931086 4.197538 1.539704
[11,] 12.35514 500.0000 0.3059894 16.38169 286.8186 45.64919 27.55721 6.931086 4.197538 1.551625
[12,] 16.83268 240.1365 0.1343252 16.80873 286.5525 44.32536 28.24424 7.337741 8.129910 1.361208
[13,] 16.83268 240.1365 0.1343252 16.80873 286.5525 44.32536 28.28486 7.337741 8.123660 1.361208
[14,] 18.10414 237.8257 0.1192812 16.04557 286.8046 45.27206 27.04588 6.878995 8.599868 1.610319
[15,] 18.10414 237.8311 0.1192812 16.03971 286.8022 45.27206 27.04588 6.878995 8.590493 1.610319
[16,] 17.00667 236.0537 0.1635910 16.50689 286.6057 45.11572 29.56187 7.225252 8.258467 1.675593
[17,] 17.00667 235.7412 0.1354550 16.50689 286.6057 45.11572 29.88687 7.225252 8.258467 1.675593
[18,] 17.71167 238.5136 0.1065928 16.49177 286.7944 45.84949 27.01553 6.903217 8.466567 1.623275
[19,] 17.71167 238.5136 0.1003516 16.49177 286.7944 45.84949 27.01553 6.903217 8.479067 1.623275
[20,] 17.69721 239.4854 0.1023842 16.50745 286.7943 45.84941 27.01267 6.903458 8.422341 1.623242
[21,] 17.73466 239.3605 0.1033568 16.49943 286.7917 45.84145 26.99379 6.903284 8.378458 1.623233
[22,] 17.69797 239.1274 0.1023057 16.52078 286.7942 45.84934 27.01121 6.903528 8.430306 1.623240
[23,] 17.71698 238.6359 0.1035999 16.66592 286.7686 46.00702 27.01427 6.922295 8.291527 1.594288
[24,] 17.41347 233.1414 0.1333263 16.03797 286.7926 45.13468 26.42222 7.879250 8.532753 1.764436
[25,] 17.41347 233.1414 0.1333263 16.04090 286.7961 45.13468 26.46284 7.879250 8.514003 1.764436
[26,] 17.41347 233.1414 0.1333263 16.04090 286.7961 45.13468 26.46284 7.879250 8.514003 1.764436

$time
elapsed elapsed elapsed elapsed elapsed elapsed elapsed elapsed elapsed elapsed elapsed elapsed elapsed elapsed elapsed elapsed elapsed elapsed elapsed elapsed elapsed elapsed elapsed elapsed elapsed elapsed 
   1.80    5.28    7.22   11.33   17.83   27.38   31.39   37.55   44.63  184.69  187.45  341.52  343.30  431.34  433.58  461.74  467.59  614.86  617.44  639.24  653.17  660.20  666.19  675.27  684.00 1173.49 

$neval
 [1]   106   259   347   497   781  1197  1338  1606  1919  7830  7953 14559 14637 18439 18537 19759 19989 26254 26339 27288 27895 28167 28439 28849 29219 50093

$fbest
[1] 466.0521

$xbest
 [1]  17.4134657 233.1414009   0.1333263  16.0408953 286.7961012  45.1346771  26.4628409   7.8792500   8.5140028   1.7644358

$numeval
[1] 50093

$end_crit
[1] 1

$cpu_time
elapsed 
1173.49 

$Refset
$Refset$x
             [,1]        [,2]       [,3]        [,4]        [,5]        [,6]        [,7]       [,8]        [,9]       [,10]
 [1,]   1.0000000  17.6468400 239.357000   0.1042479  16.5878900 286.7874000  45.9117800  27.013600   6.9158220   8.3241450
 [2,]   1.6046320   2.0000000  17.644470 239.3416000   0.1042921  16.5873600 286.7873000  45.910600  27.0145700   6.9159100
 [3,]   8.3262940   1.6046670   3.000000  17.6458100 239.3453000   0.1042458  16.5877600 286.787300  45.9109300  27.0144800
 [4,]   6.9158600   8.3255000   1.604647   4.0000000  17.6474700 239.3504000   0.1042679  16.587850 286.7874000  45.9118100
 [5,]  27.0133800   6.9158270   8.323668   1.6046410   5.0000000  17.6469900 239.3419000   0.104279  16.5874100 286.7874000
 [6,]  45.9106900  27.0137300   6.915770   8.3247960   1.6047280   6.0000000  17.6444600 239.343300   0.1042762  16.5874100
 [7,] 286.7874000  45.9106300  27.014540   6.9158770   8.3262880   1.6046670   7.0000000  17.652740 239.3626000   0.1036053
 [8,]  16.5879900 286.7880000  45.916210  26.9985900   6.9159270   8.3229650   1.6046270   8.000000  17.6507200 239.3570000
 [9,]   0.1039284  16.5876100 286.787300  45.9108300  27.0156200   6.9159280   8.3233310   1.604656   9.0000000  17.6090200
[10,] 239.6409000   0.1045685  16.588270 286.7878000  45.9120300  27.0051200   6.9158100   8.328806   1.6051790  17.6219400
[11,] 239.4452000   0.1044047  16.583870 286.7873000  45.9110400  27.0137200   6.9159230   8.335395   1.6046810  17.8412300
[12,] 241.0211000   0.1087807  16.830750 286.6293000  44.3309000  26.7814100   7.2242230   8.189520   2.3270820  18.2159300

$Refset$f
 [1] 495.7465 495.7465 495.7465 495.7465 495.7465 495.7465 496.1042 496.1163 496.1163 496.1163 682.3767 877.6094

$Refset$fpen
 [1] 495.7465 495.7465 495.7465 495.7465 495.7465 495.7465 496.1042 496.1163 496.1163 496.1163 682.3767 877.6094

$Refset$const
 [1]  8.263746 27.675860 19.412110  1.509278  2.536805  8.261064 27.673710 19.412640  1.509289  2.536848  8.262263 27.674500 19.412240  1.509287  2.536842  8.264180 27.676330 19.412150  1.509281  2.536782  8.262610 27.675200 19.412590
[24]  1.509283  2.536826  8.261119 27.673710 19.412590  1.509280  2.536879  8.265022 27.677030 19.412010  1.509259  2.535967  8.264283 27.676670 19.412390  1.509285  2.536913  8.259462 27.671190 19.411730  1.509262  2.536419  8.248473
[47] 27.664610 19.416130  1.509289  2.536791  8.641227 27.810480 19.169250  1.523886  2.522059 11.059316 27.816200 16.756880  1.505066  2.572654

$Refset$penalty
 [1] 0 0 0 0 0 0 0 0 0 0 0 0


