$f
 [1] 2160.8455 1483.6198 1052.0208 1039.1771 1027.2049 1005.4826  969.3906  967.4132  951.5382  950.0191  948.9410  931.8177  918.5035  916.7396  906.3194  904.2153  902.0087  899.6493  899.2691  899.1910  898.5764  898.4236  897.7569
[24]  896.0243  895.1007  894.2396  893.9358  893.5451  893.1580  892.5573  892.4635  892.4618  892.3542  892.3090  892.0156  891.9236  891.8767  891.5799  891.3576  889.4722  869.1493  868.5330  868.0712  867.4601  867.2604  867.2344
[47]  867.0208  866.7882  865.4844  865.4844

$x
          [,1]     [,2]      [,3]     [,4]     [,5]     [,6]     [,7]      [,8]     [,9]    [,10]
 [1,] 19.66309 415.9801 0.6906740 17.92014 286.2137 46.63454 26.79214  3.789110 2.371038 4.725744
 [2,] 12.28129 481.8024 0.2866737 16.70637 286.2318 45.03300 29.33557 10.000000 3.910630 4.575899
 [3,] 12.28129 498.4375 0.2866737 16.70637 286.7170 47.75000 29.36096 10.000000 4.637192 4.575899
 [4,] 12.56522 498.2416 0.2998699 16.81593 286.7162 47.85232 29.38404 10.000000 4.472086 4.585876
 [5,] 12.56522 500.0000 0.2998699 16.83974 286.7162 47.90232 29.54654 10.000000 4.472086 4.621501
 [6,] 17.60879 466.0854 0.3007090 18.52465 286.6643 36.96030 26.30168  6.345690 5.348126 4.131884
 [7,] 17.60879 466.0854 0.3007090 18.52465 286.6643 36.86030 25.83450  6.345690 5.248126 4.036884
 [8,] 18.84413 461.6821 0.3767438 18.14288 286.6755 37.07053 26.35434  6.296814 5.201640 4.261056
 [9,] 18.84413 461.6821 0.3992438 18.14288 286.6757 37.07053 26.35434  6.296814 5.195390 4.261056
[10,] 18.05466 443.8564 0.4017680 18.97528 286.6478 36.75721 26.26800  6.295228 5.652628 4.148705
[11,] 17.99446 443.7149 0.4123407 19.11515 286.6402 36.76511 26.26073  6.296243 5.676660 4.156922
[12,] 17.81572 439.5027 0.4088637 19.04812 286.6321 36.63601 26.22576  6.295826 5.619023 4.138619
[13,] 17.87040 439.5027 0.3863637 19.04812 286.6321 36.63601 26.22576  6.296217 5.605742 4.138619
[14,] 15.07041 458.3582 0.3050671 17.22905 286.6411 43.92313 27.64491  7.391482 4.902977 3.195087
[15,] 15.07041 458.2019 0.2825671 17.22905 286.6411 43.92313 27.64491  7.391482 4.902977 3.198056
[16,] 18.63727 479.4638 1.0000000 18.36899 286.6656 36.75106 26.41849  6.326972 5.311731 4.221861
[17,] 18.63727 479.4638 1.0000000 18.36899 286.6844 36.75106 26.41849  6.326972 5.305481 4.221861
[18,] 18.80316 474.6617 1.0000000 18.32920 286.6664 36.77261 26.36447  6.326554 5.329508 4.337075
[19,] 18.71052 476.9995 0.9972682 18.37339 286.6626 36.74263 26.35733  6.326360 5.357342 4.190781
[20,] 18.89203 474.1234 0.9896475 18.33093 286.6649 36.77315 26.34885  6.326817 5.330644 4.338520
[21,] 18.89132 476.4944 0.9912086 18.32502 286.6631 36.76998 26.36457  6.327028 5.325824 4.332534
[22,] 18.89132 476.4944 1.0000000 18.32502 286.6631 36.76998 26.36457  6.327028 5.325824 4.332534
[23,] 18.73275 478.1203 0.9985962 18.31565 286.6666 36.73238 26.29643  6.327254 5.372519 4.299146
[24,] 18.78520 478.1092 1.0000000 18.27200 286.6670 36.70405 26.28934  6.328653 5.392338 4.295659
[25,] 18.68326 476.0129 0.9959354 18.43196 286.6673 36.78423 26.34244  6.325534 5.350179 4.319569
[26,] 18.73341 475.5113 0.9975191 18.43456 286.6534 36.63956 26.34835  6.322392 5.346363 4.351160
[27,] 18.72987 475.4434 0.9982993 18.43340 286.6471 36.62245 26.34420  6.319639 5.377009 4.361641
[28,] 18.72242 475.4393 0.9978391 18.42048 286.6471 36.63606 26.34131  6.322246 5.361109 4.354143
[29,] 18.73525 475.4786 0.9985985 18.42363 286.6466 36.62094 26.34544  6.322080 5.376922 4.365103
[30,] 18.72845 475.4518 0.9983593 18.42201 286.6470 36.62536 26.34277  6.322248 5.358271 4.359482
[31,] 18.70095 475.2341 0.9993495 18.42168 286.6491 36.62908 26.33171  6.322238 5.375030 4.336726
[32,] 18.68975 475.2052 0.9958902 18.44895 286.6703 36.70338 26.32044  6.324225 5.375352 4.350695
[33,] 18.71116 475.4320 0.9987267 18.42398 286.6468 36.61853 26.34127  6.322223 5.365876 4.360493
[34,] 18.70108 475.4565 0.9971189 18.42806 286.6620 36.69111 26.35143  6.322027 5.364600 4.367968
[35,] 18.71124 475.4420 1.0000000 18.41963 286.6405 36.61238 26.35143  6.322445 5.367551 4.364703
[36,] 18.71568 470.7041 0.9976786 18.46715 286.6446 36.63429 26.32963  6.323065 5.434777 4.360640
[37,] 18.71910 470.7041 0.9976786 18.46715 286.6446 36.63429 26.32963  6.323065 5.434777 4.360640
[38,] 18.71659 467.4915 1.0000000 18.42612 286.6491 36.63158 26.31687  6.323119 5.545527 4.356002
[39,] 18.71659 467.5696 1.0000000 18.42612 286.6491 36.63158 26.35749  6.323119 5.545527 4.356002
[40,] 18.71959 471.6042 0.9999493 18.44832 286.6445 36.63036 26.30803  6.285128 5.465197 4.355935
[41,] 18.71959 471.6042 0.9971875 18.44832 286.6445 36.63036 26.29787  6.278878 5.502697 4.344060
[42,] 18.72659 468.8663 0.9978913 18.54765 286.6511 36.66823 26.28195  6.277582 5.484307 4.372052
[43,] 18.70468 469.9963 0.9981802 18.52281 286.6542 36.68979 26.25874  6.276624 5.486550 4.362888
[44,] 18.72872 470.8931 0.9978034 18.50936 286.6522 36.69421 26.26100  6.276976 5.462123 4.365096
[45,] 18.70678 471.2305 0.9979084 18.48390 286.6519 36.69701 26.26302  6.279062 5.483616 4.367024
[46,] 18.70678 471.2305 0.9979084 18.48390 286.6519 36.69701 26.22239  6.279062 5.483616 4.367024
[47,] 18.67496 472.4576 0.9981540 18.51065 286.6506 36.69420 26.26032  6.278483 5.469407 4.368993
[48,] 18.67496 472.4576 0.9550000 18.51065 286.6506 36.69420 26.26032  6.278483 5.469407 4.368993
[49,] 18.67631 472.9727 0.9981283 18.51147 286.6495 36.69448 26.26045  6.278474 5.469196 4.370066
[50,] 18.67631 472.9727 0.9981283 18.51147 286.6495 36.69448 26.26045  6.278474 5.469196 4.370066

$time
elapsed elapsed elapsed elapsed elapsed elapsed elapsed elapsed elapsed elapsed elapsed elapsed elapsed elapsed elapsed elapsed elapsed elapsed elapsed elapsed elapsed elapsed elapsed elapsed elapsed elapsed elapsed elapsed elapsed elapsed 
   2.23    5.92    9.11   42.28   44.73   53.56   77.01  136.50  138.90  142.00  144.97  156.95  172.28  264.97  266.83  338.86  340.64  357.23  363.70  370.33  373.43  375.08  378.01  381.04  420.48  427.23  430.39  461.33  464.43  471.40 
elapsed elapsed elapsed elapsed elapsed elapsed elapsed elapsed elapsed elapsed elapsed elapsed elapsed elapsed elapsed elapsed elapsed elapsed elapsed elapsed 
 493.18  499.37  538.87  555.68  585.76  692.56  694.20  719.43  727.45  779.43  781.67  939.67  948.12  993.50 1040.97 1042.64 1092.09 1093.75 1132.67 1171.76 

$neval
 [1]   106   259   396  1780  1886  2291  3326  5900  5983  6119  6252  6789  7432 11337 11421 14553 14631 15332 15621 15892 16033 16106 16240 16374 18070 18340 18479 19788 19929 20205 21098 21371 23052 23798 25116 29692 29765 30851 31203
[40] 33399 33498 40188 40526 42479 44479 44553 46731 46805 48452 50046

$fbest
[1] 865.4844

$xbest
 [1]  18.6763058 472.9726792   0.9981283  18.5114668 286.6495452  36.6944755  26.2604536   6.2784743   5.4691957   4.3700665

$numeval
[1] 50046

$end_crit
[1] 1

$cpu_time
elapsed 
1171.76 

$Refset
$Refset$x
             [,1]        [,2]        [,3]       [,4]       [,5]        [,6]        [,7]        [,8]        [,9]       [,10]
 [1,]   1.0000000  18.6763100   0.9981283 286.649545  26.260454   5.4691960  18.6763100   0.9981283 286.6495450  26.2604540
 [2,]   5.4691960   2.0000000 472.9726800  18.511467  36.694476   6.2784740   4.3700660 472.9726800  18.5114668  36.6944750
 [3,]   6.2784740   4.3700660   3.0000000  18.676310 472.972679   0.9981283  18.5114670 286.6495450  36.6944800  26.2604536
 [4,]   6.2784740   5.4691960   4.3700660   4.000000  18.713480 470.8868451   0.9979733  18.5098060 286.6521500  36.6935900
 [5,]  26.2596185   6.2784240   5.4687000   4.368104   5.000000  18.6629100 473.1423663   0.9980023  18.4743890 286.6577550
 [6,]  36.6941000  26.2659625   6.2782970   5.469200   4.368793   6.0000000  18.6696900 473.1489419   0.9982781  18.4939630
 [7,] 286.6505410  36.6945700  26.2530458   6.278283   5.486453   4.3689710   7.0000000  18.6412100 474.5968608   0.9978368
 [8,]  18.4635550 286.6555440  36.6986600  26.267143   6.277572   5.4691800   4.3690170   8.0000000  18.7438400 452.8085194
 [9,]   0.9984697  18.4081850 286.6642750  36.630830  26.287777   6.2666600   5.9351430   4.3649650   9.0000000  18.6908700
[10,] 468.9497415   0.9919137  17.2722850 286.621329  41.780800  26.3272166   6.3049670   5.4616480   4.3998280  19.2023300
[11,] 455.0986974   0.9974343  18.5506520 286.648700  36.773430  25.4868055   5.7834750   5.4696150   4.2615920  19.1408900
[12,] 445.9726695   0.9776348  19.4192190 286.626182  36.816440  25.2586895   5.5192260   5.4742940   3.8575720  19.3163800

$Refset$f
 [1]  865.4844  865.4844  865.4844  867.2344  868.2639  868.8976  869.6927  890.0104  928.0920  945.8715  968.9809 1016.0990

$Refset$fpen
 [1]  865.4844  865.4844  865.4844  867.2344  868.2639  868.8976  869.6927  890.0104  928.0920  945.8715  968.9809 1016.0990

$Refset$const
 [1] 13.042270 17.488533  2.862800 30.530804  1.508145 30.530800  1.508145 13.042270 17.488533  2.862800 13.042270 30.530804 17.488530  1.508145  2.862800 13.041110 30.531300 17.490190  1.507840  2.863864 13.005190 30.530800 17.525610
[24]  1.507156  2.866736 13.007510 30.513547 17.506040  1.508060  2.862542 12.994380 30.530820 17.536440  1.507425  2.865626 12.473040 30.064857 17.591820  1.506095  2.875529 11.810640 30.538352 18.727720  1.522379  2.591106 13.081040
[47] 30.530385 17.449350  1.511675  2.789545 13.944920 30.525706 16.580780  1.515232  2.758620 14.946780 31.132559 16.185770  1.509114  2.812373

$Refset$penalty
 [1] 0 0 0 0 0 0 0 0 0 0 0 0


