$f
 [1] 5020.325 3423.901 2890.771 2878.795 2598.995 2467.146 2467.122 2466.655 2466.543 2466.510 2466.510

$x
          [,1]     [,2]      [,3]     [,4]     [,5]     [,6]     [,7]     [,8]     [,9]    [,10]
 [1,] 12.55325 450.9811 0.7254220 17.78490 285.0643 42.85910 28.54391 4.819018 6.706169 2.362266
 [2,] 15.03320 455.8565 0.5302203 19.41192 285.5134 36.32164 28.65199 4.939808 6.518369 2.035309
 [3,] 16.63819 422.8403 0.5289215 19.41192 285.4748 36.32164 28.66128 5.039808 6.718369 1.990346
 [4,] 17.09404 425.9300 0.6186580 19.19551 285.4610 36.38029 28.48317 5.018230 6.730868 1.972859
 [5,] 17.47672 410.0046 0.5355413 19.82598 285.4093 35.19079 28.20011 5.874365 6.453011 1.996276
 [6,] 17.69547 407.1970 1.0000000 19.82598 285.4104 35.24079 28.20011 5.874365 6.459261 1.993308
 [7,] 18.98475 417.8424 0.9982920 19.37455 285.4941 34.34663 28.56739 4.994586 6.571581 1.244347
 [8,] 18.98545 417.7990 0.9983475 19.37466 285.4935 34.34967 28.56719 4.994724 6.571568 1.244209
 [9,] 18.98647 417.7232 0.9983868 19.37659 285.4936 34.35054 28.56744 4.994747 6.571569 1.243816
[10,] 18.98593 417.7841 0.9988168 19.37612 285.4924 34.35034 28.55984 4.994736 6.570857 1.244058
[11,] 18.98593 417.7841 0.9988168 19.37612 285.4924 34.35034 28.55984 4.994736 6.570857 1.244058

$time
elapsed elapsed elapsed elapsed elapsed elapsed elapsed elapsed elapsed elapsed elapsed 
   7.39   22.45   42.84  105.20  143.53  178.06 1026.32 1079.26 1127.14 1361.60 1811.73 

$neval
 [1]   106   262   425  1136  1553  1958 12051 12667 13220 15873 20889

$fbest
[1] 2466.51

$xbest
 [1]  18.9859277 417.7841278   0.9988168  19.3761151 285.4923967  34.3503404  28.5598361   4.9947361   6.5708573   1.2440576

$numeval
[1] 20889

$end_crit
[1] 2

$cpu_time
elapsed 
1811.73 

$Refset
$Refset$x
             [,1]        [,2]       [,3]        [,4]        [,5]        [,6]       [,7]        [,8]       [,9]       [,10]
 [1,]   1.0000000  18.9859400 417.784100   0.9988169  19.3761100 285.4925000  34.350270  28.5598600   4.994736   6.5708620
 [2,]   1.2440540   2.0000000  18.986660 417.7797000   0.9987885  19.3757700 285.492800  34.3499300  28.563130   4.9946620
 [3,]   6.5711030   1.2440420   3.000000  18.9856700 417.7806000   0.9985316  19.376260 285.4926000  34.350400  28.5617100
 [4,]   4.9947330   6.5709280   1.244134   4.0000000  18.9860600 417.7717000   0.998815  19.3759800 285.492500  34.3498600
 [5,]  28.5595100   4.9947010   6.571180   1.2441020   5.0000000  18.9945000 408.366400   0.9926253  19.377540 285.4917000
 [6,]  34.3414600  28.5589000   4.994649   6.5709650   1.2443370   6.0000000  18.987200 415.1520000   0.989161  19.3805600
 [7,] 285.4921000  34.3444900  28.606460   4.9943910   6.6248500   1.2458130   7.000000  18.9867000 417.810300   0.9993218
 [8,]  19.3769400 285.4925000  34.349730  28.6016500   4.9958810   6.5661840   1.244602   8.0000000  18.998020 411.2585000
 [9,]   0.9920833  19.3279900 285.484900  34.2985000  28.5767300   4.9773200   6.556228   1.2396110   9.000000  18.9863700
[10,] 415.8294000   0.9982982  19.335480 285.4930000  34.3485000  28.5651300   4.993715   6.6366670   1.241129  18.9985500
[11,] 418.9813000   0.9913300  19.312790 285.4836000  34.3012600  28.6197900   4.980325   6.5099320   1.235299  18.9771900
[12,] 417.3162000   0.9988439  19.382450 285.4925000  34.3458400  28.5547500   5.015668   6.5575790   1.239311  28.0313100

$Refset$f
 [1] 2466.510 2466.510 2466.510 2466.510 2469.054 2469.859 2469.611 2474.503 2475.352 2475.753 2507.531 2700.632

$Refset$fpen
 [1] 2466.510 2466.510 2466.510 2466.510 2469.054 2469.859 2469.611 2474.503 2475.352 2475.753 2507.531 2700.632

$Refset$const
 [1] 12.805250 29.429140 16.623885  1.639330  2.872705 12.804660 29.428900 16.624233  1.639278  2.873156 12.805330 29.429070 16.623742  1.639306  2.872925 12.804800 29.428820 16.624022  1.639332  2.872700 12.806580 29.429030 16.622459
[24]  1.639425  2.873167 12.755710 29.375150 16.619445  1.639266  2.877978 12.810760 29.433820 16.623059  1.639229  2.877125 12.771760 29.443770 16.672009  1.640242  2.877041 12.698820 29.363330 16.664517  1.639243  2.873541 12.802860
[47] 29.490070 16.687211  1.640315  2.881012 12.824870 29.442420 16.617548  1.639329  2.872564 25.421750 33.533540  8.111793  1.511084  3.357272

$Refset$penalty
 [1] 0 0 0 0 0 0 0 0 0 0 0 0


