$f
 [1] 1147.5069 1132.4826  733.6649  707.2795  527.6858  486.5972  478.6701  432.4670  410.1285  392.4097  389.8681  368.9635  367.0938  357.9045  355.6597  352.4392  352.1806  349.3872  347.9983  347.6753  347.4913  347.4375  343.7292
[24]  341.5781  340.7431  340.6528  336.6580  335.0729  332.0434  332.0208  331.6441  330.4080  329.6319  328.4844  323.5486  319.1910  314.3924  313.1059  312.0035  311.7674  311.1250  306.2795  305.9740  305.5174  305.4115  305.2865
[47]  304.8750  304.8420  304.8125  304.7899  304.5503  304.4010  304.3976  304.3785  304.1788  304.0938  304.0938

$x
          [,1]     [,2]      [,3]     [,4]     [,5]     [,6]     [,7]     [,8]     [,9]    [,10]
 [1,] 7.225184 205.8014 0.2234266 20.15077 284.9272 41.70778 32.82422 4.651341 7.102655 2.011583
 [2,] 9.397808 100.0000 0.2259254 22.59088 286.4502 48.00000 33.47232 7.121714 8.921481 1.341927
 [3,] 9.311340 105.0309 0.2241714 23.97865 286.4690 45.60000 33.44853 7.221714 8.662382 1.406221
 [4,] 7.839371 278.3349 0.3212934 19.76570 286.1465 45.89434 32.44966 8.787376 5.082736 3.360273
 [5,] 7.216607 213.9853 0.3440174 20.24027 285.2734 36.00721 31.82349 6.680274 7.654524 2.360929
 [6,] 7.216607 213.9853 0.2990174 20.24682 285.2734 35.20721 31.82349 6.680274 7.654524 2.360929
 [7,] 6.427827 222.0911 0.2092817 22.41826 285.3823 47.95932 32.49529 6.822602 5.186467 2.839710
 [8,] 6.626892 222.0911 0.2880317 22.41826 285.3823 48.00000 32.41404 6.810102 5.361467 2.839710
 [9,] 7.653884 179.1285 0.2738145 21.84684 285.4644 47.06295 33.27855 6.793851 6.188102 1.969592
[10,] 7.653884 179.1285 0.2963145 21.85855 285.4644 47.06295 33.27855 6.793851 6.206071 1.981467
[11,] 7.622217 167.8378 0.2622246 22.26394 285.4319 47.06203 33.10464 6.770169 6.443170 1.971753
[12,] 7.538333 182.2051 0.2765390 21.41741 285.4576 46.93258 33.19487 6.945018 6.440490 1.837561
[13,] 7.639216 178.3458 0.2632474 22.08759 285.4367 47.05826 33.09269 6.772032 5.967425 1.987736
[14,] 7.639216 178.3458 0.2625443 22.08759 285.4367 47.05826 33.13331 6.797032 5.942425 1.987736
[15,] 7.651946 185.3923 0.2476102 22.11636 285.4380 47.07425 33.07618 6.771184 5.624878 1.988467
[16,] 7.651946 185.3923 0.2470829 22.11636 285.4380 47.07425 33.03556 6.771184 5.624878 1.988467
[17,] 7.654577 185.3819 0.2432105 22.11502 285.4379 47.09649 33.07524 6.770657 5.611141 1.989210
[18,] 7.653035 185.4361 0.2438150 22.11354 285.4393 47.08581 33.06318 6.769567 5.612741 1.989664
[19,] 7.558152 183.4797 0.2563188 22.37122 285.4427 47.12488 33.08711 6.783545 5.611886 2.015253
[20,] 7.554734 183.4797 0.2563188 22.37122 285.4427 47.12488 33.08711 6.783545 5.611886 2.015253
[21,] 8.233955 183.9866 0.2300909 22.92761 285.4309 47.14438 33.05272 6.793999 4.459742 2.015164
[22,] 8.233955 183.9670 0.2300909 22.92761 285.4309 47.14438 33.05272 6.793999 4.459742 2.015164
[23,] 8.053657 180.9729 0.2221717 23.13153 285.4350 47.14425 33.07218 6.787701 4.560665 2.020957
[24,] 8.032779 181.4633 0.2163423 23.64820 285.4323 47.14105 33.07081 6.790200 4.429694 2.028072
[25,] 8.037373 181.7916 0.2200841 23.30714 285.4309 47.14257 33.07221 6.788209 4.489327 2.027351
[26,] 8.029264 180.4049 0.2117770 23.83795 285.4304 47.14283 33.07318 6.788236 4.241287 2.027510
[27,] 8.017709 180.1704 0.1964915 24.05737 285.4300 47.13626 33.07393 6.788255 4.235395 2.027766
[28,] 8.073501 181.6183 0.2041244 23.46857 285.4323 47.14105 33.07616 6.790395 4.316633 2.027012
[29,] 8.020283 181.0282 0.2110937 23.61054 285.4326 47.14735 33.07225 6.788455 4.283365 2.029104
[30,] 8.020283 181.0086 0.2110937 23.61054 285.4326 47.14735 33.07225 6.788455 4.283365 2.029104
[31,] 8.024651 181.0993 0.2098495 23.61149 285.4323 47.14699 33.07227 6.788455 4.279703 2.030419
[32,] 8.024651 181.2556 0.2098495 23.61149 285.4323 47.14699 33.07227 6.788455 4.289078 2.030419
[33,] 7.907353 183.6366 0.2063854 24.01788 285.4336 47.14728 33.07020 6.787811 4.108786 2.027230
[34,] 7.907353 183.6366 0.2063854 24.01788 285.4336 47.14728 33.07020 6.787225 4.118161 2.018324
[35,] 7.877049 185.9644 0.1968948 25.14118 285.4341 47.13847 33.07549 6.787469 3.307266 2.029805
[36,] 7.825900 188.8499 0.1784273 26.52241 285.4325 47.13666 33.07288 6.787759 2.376829 2.031829
[37,] 7.784866 192.0531 0.1840849 26.71338 285.4325 47.14094 33.07749 6.787944 2.000000 2.029717
[38,] 7.784866 192.0531 0.1840849 26.71338 285.4325 47.14094 33.07749 6.787944 2.009375 2.029717
[39,] 7.879174 186.4865 0.1874171 26.74127 285.4332 47.13975 33.07496 6.787900 2.115448 2.023586
[40,] 7.879722 185.9933 0.1791543 27.18289 285.4332 47.13858 33.07638 6.787896 2.000000 2.024077
[41,] 7.844852 186.2225 0.1684410 27.45779 285.4328 47.13787 33.07740 6.787891 2.000000 2.023975
[42,] 7.811100 186.1646 0.1602359 27.46641 285.4327 47.14010 33.07879 6.788670 2.000000 2.023868
[43,] 7.811100 186.1256 0.1604117 27.46641 285.4327 47.14010 33.07879 6.788865 2.003125 2.023868
[44,] 7.840037 187.3538 0.1586187 27.34229 285.4326 47.14007 33.07877 6.789154 2.000000 2.026739
[45,] 7.840696 187.3637 0.1578683 27.34572 285.4324 47.14148 33.07832 6.788980 2.008244 2.026926
[46,] 7.829033 187.1973 0.1601753 27.34497 285.4321 47.14288 33.07774 6.789450 2.001460 2.026347
[47,] 7.862744 187.2448 0.1567268 27.33928 285.4312 47.14668 33.07933 6.788933 2.002097 2.024645
[48,] 7.858759 187.0633 0.1566561 27.36214 285.4309 47.15547 33.07629 6.790673 2.000000 2.024392
[49,] 7.857964 187.0271 0.1566238 27.36042 285.4308 47.16155 33.07666 6.790718 2.000038 2.024328
[50,] 7.837062 187.2150 0.1579965 27.36051 285.4313 47.16021 33.07922 6.791022 2.003317 2.025882
[51,] 7.830490 187.2668 0.1587612 27.36016 285.4316 47.16080 33.07955 6.791306 2.005308 2.025997
[52,] 7.859170 187.1981 0.1571885 27.34042 285.4310 47.15417 33.07894 6.790957 2.001794 2.025409
[53,] 7.842706 187.1754 0.1580263 27.36071 285.4313 47.15867 33.08101 6.790762 2.002132 2.025367
[54,] 7.842706 187.1754 0.1580483 27.36071 285.4313 47.15867 33.08101 6.790762 2.002132 2.025367
[55,] 7.860463 187.0887 0.1567361 27.35016 285.4309 47.16022 33.07679 6.791021 2.000000 2.026032
[56,] 7.844089 187.2005 0.1574848 27.35665 285.4310 47.15916 33.07777 6.791368 2.000636 2.025521
[57,] 7.844089 187.2005 0.1574848 27.35665 285.4310 47.15916 33.07777 6.791368 2.000636 2.025521

$time
elapsed elapsed elapsed elapsed elapsed elapsed elapsed elapsed elapsed elapsed elapsed elapsed elapsed elapsed elapsed elapsed elapsed elapsed elapsed elapsed elapsed elapsed elapsed elapsed elapsed elapsed elapsed elapsed elapsed elapsed 
   2.00    5.48   10.12   26.31   33.44   44.59  135.14  137.98  168.15  170.67  192.76  203.69  206.92  209.70  246.04  247.97  271.73  274.98  278.31  283.06  326.90  328.58  335.20  338.44  341.33  347.59  350.58  357.31  360.50  362.22 
elapsed elapsed elapsed elapsed elapsed elapsed elapsed elapsed elapsed elapsed elapsed elapsed elapsed elapsed elapsed elapsed elapsed elapsed elapsed elapsed elapsed elapsed elapsed elapsed elapsed elapsed elapsed 
 390.39  395.34  432.94  435.04  453.75  456.70  465.78  467.61  505.04  522.65  525.78  534.94  540.84  624.78  661.87  675.23  776.15  788.11  800.23  814.95  831.09  884.28  927.39  928.97  954.33  957.33 1184.37 

$neval
 [1]   106   259   436  1137  1406  1902  5684  5805  7161  7264  8073  8482  8617  8707 10200 10287 11251 11388 11526 11734 13612 13686 13959 14099 14236 14512 14654 14928 15068 15142 16347 16565 18081 18174 19002 19140 19562 19638 21276
[40] 22032 22169 22584 22809 26223 27817 28423 32735 33217 33762 34374 35050 37312 39186 39259 40359 40497 50098

$fbest
[1] 304.0938

$xbest
 [1]   7.8440888 187.2005256   0.1574848  27.3566508 285.4310431  47.1591644  33.0777690   6.7913679   2.0006357   2.0255205

$numeval
[1] 50098

$end_crit
[1] 1

$cpu_time
elapsed 
1184.37 

$Refset
$Refset$x
             [,1]        [,2]       [,3]        [,4]        [,5]        [,6]        [,7]        [,8]        [,9]       [,10]
 [1,]   1.0000000   7.8475530 187.178400   0.1573604  27.3548400 285.4311000  47.1596400  33.0772400   6.7912820   2.0005950
 [2,]   2.0257240   2.0000000   7.847495 187.2035000   0.1573471  27.3523000 285.4310000  47.1574900  33.0772300   6.7911650
 [3,]   2.0010490   2.0258600   3.000000   7.8478260 187.1757000   0.1573497  27.3539400 285.4310000  47.1586200  33.0772100
 [4,]   6.7912250   2.0013760   2.025465   4.0000000   7.8473060 187.1943000   0.1574101  27.3537000 285.4310000  47.1563100
 [5,]  33.0783900   6.7911790   2.000770   2.0257860   5.0000000   7.8475360 187.1884000   0.1573743  27.3542500 285.4310000
 [6,]  47.1596000  33.0758200   6.791209   2.0006480   2.0257200   6.0000000   7.8482070 187.1922000   0.1573645  27.3522000
 [7,] 285.4311000  47.1577300  33.077090   6.7911520   2.0012530   2.0257130   7.0000000   7.8477500 187.1906000   0.1573752
 [8,]  27.3534500 285.4310000  47.157800  33.0771900   6.7911770   2.0007400   2.0258330   8.0000000   7.8503430 187.1706000
 [9,]   0.1573711  27.3529900 285.430800  47.1581600  33.0750300   6.7909110   2.0011010   2.0254650   9.0000000   7.8474850
[10,] 187.2032000   0.1573620  27.352120 285.4307000  47.1575100  33.0736200   6.7908420   2.0020940   2.0247610   7.8478000
[11,] 187.1798000   0.1573604  27.354820 285.4311000  47.1576300  33.0772400   6.7911500   2.0005940   2.0253450   7.8484430
[12,] 187.1646000   0.1570749  27.340840 285.4319000  47.1749700  33.0797900   6.7975370   2.0005480   2.0257440   7.8476530

$Refset$f
 [1] 304.0938 304.0938 304.0938 304.0938 304.0938 304.0938 304.0938 304.1788 304.7899 304.4479 306.1059 305.9288

$Refset$fpen
 [1] 304.0938 304.0938 304.0938 304.0938 304.0938 304.0938 304.0938 304.1788 304.7899 304.4479 306.1059 305.9288

$Refset$const
 [1] 25.354250 33.999410  8.645158  1.647836  2.454023 25.351250 33.998950  8.647700  1.647845  2.454096 25.352570 33.998620  8.646055  1.647846  2.454044 25.352930 33.999230  8.646304  1.647848  2.454209 25.353610 33.999350  8.645746
[24]  1.647844  2.453923 25.350940 33.998750  8.647805  1.647841  2.454084 25.352710 33.999260  8.646548  1.647844  2.454083 25.351890 33.998900  8.647012  1.647869  2.453890 25.350030 33.997910  8.647879  1.647876  2.453820 25.354230
[47] 33.999410  8.645177  1.647835  2.454109 25.340290 33.999450  8.659161  1.647729  2.453726 25.320770 34.000000  8.679227  1.647810  2.454095

$Refset$penalty
 [1] 0 0 0 0 0 0 0 0 0 0 0 0


