$f
[1] 1241.1944  879.1667  773.8750  769.4809  751.3125  688.1233  679.1667

$x
         [,1]     [,2]      [,3]     [,4]     [,5]     [,6]     [,7]     [,8]     [,9]    [,10]
[1,] 19.68256 161.1620 0.3941935 23.83529 284.7641 33.14204 27.32665 3.063382 5.443187 3.008863
[2,] 23.07975 436.3633 0.4980074 17.93709 286.3417 30.55963 24.32889 6.369217 3.014727 4.370129
[3,] 22.89853 436.1423 0.9980113 17.84334 286.3384 30.75963 24.35761 6.316184 2.941807 4.413555
[4,] 22.91996 435.8997 1.0000000 17.83880 286.3372 30.74878 24.36395 6.319691 2.926372 4.465650
[5,] 20.56312 454.6413 0.7976070 16.67647 286.4646 32.51672 24.00000 6.662331 2.874311 1.470296
[6,] 18.81312 500.0000 1.0000000 16.67647 286.4646 32.51672 24.00000 6.661597 2.986114 1.450985
[7,] 18.79261 499.8438 1.0000000 16.88155 286.4646 32.51672 24.00000 6.661597 3.004083 1.450985

$time
elapsed elapsed elapsed elapsed elapsed elapsed elapsed 
   2.89    6.47   10.39   20.78   34.44   48.55 1218.97 

$neval
[1]   106   257   422   855  1405  1966 50013

$fbest
[1] 679.1667

$xbest
 [1]  18.792609 499.843750   1.000000  16.881547 286.464643  32.516721  24.000000   6.661597   3.004083   1.450985

$numeval
[1] 50013

$end_crit
[1] 1

$cpu_time
elapsed 
1218.97 

$Refset
$Refset$x
            [,1]        [,2]       [,3]        [,4]        [,5]        [,6]        [,7]        [,8]        [,9]       [,10]
 [1,]   1.000000  24.2814500 377.543800   0.9830896  15.8445200 286.4113000  30.9634300  24.0416800   6.3381760   5.7638950
 [2,]   4.234028   2.0000000  24.282220 377.0424000   0.9843017  15.8464900 286.4113000  30.9664100  24.0404500   6.3381730
 [3,]   5.781637   4.2370190   3.000000  24.2815100 377.3596000   0.9846526  15.8539000 286.4115000  30.9658200  24.0401600
 [4,]   6.338445   5.7650450   4.235701   4.0000000  24.2808900 377.4965000   0.9832277  15.8486900 286.4134000  30.9629900
 [5,]  24.041630   6.3383420   5.764456   4.2291720   5.0000000  24.2801900 377.5055000   0.9884199  15.8455400 286.4120000
 [6,]  30.970040  24.0413100   6.338347   5.7661720   4.2356290   6.0000000  24.2805600 377.1752000   0.9829978  15.8628700
 [7,] 286.411300  30.9631000  24.041630   6.3386540   5.7635230   4.2334490   7.0000000  24.2819000 378.1515000   0.9939872
 [8,]  15.841850 286.4126000  30.963790  24.0460100   6.3369050   5.7528370   4.2389880   8.0000000  24.2816600 377.9616000
 [9,]   0.983157  15.8318000 286.411500  30.9620100  24.0421300   6.3378400   5.7608950   4.2368030   9.0000000  24.2857400
[10,] 377.556100   0.9869125  15.849570 286.4114000  30.9662300  24.0393200   6.3386600   5.7600840   4.2397090  24.2766100
[11,] 377.272700   0.9835287  15.849110 286.4121000  30.9665500  24.0464200   6.3381790   5.7731900   4.2283540  24.2807800
[12,] 376.576000   0.9840679  15.849370 286.4116000  30.9586900  24.0398900   6.3382810   5.7809740   4.2336030  24.2983200

$Refset$f
 [1] 695.3333 695.3333 695.3333 695.3333 695.3333 695.3333 695.3333 695.4253 695.3767 695.3872 696.9531 715.0226

$Refset$fpen
 [1] 695.3333 695.3333 695.3333 695.3333 695.3333 695.3333 695.3333 695.4253 695.3767 695.3872 696.9531 715.0226

$Refset$const
 [1] 10.080630 30.236110 20.155480  1.526899  2.974569 10.064850 30.218360 20.153510  1.526923  2.974147 10.088850 30.234960 20.146100  1.526886  2.974281 10.084230 30.235540 20.151310  1.526633  2.975452 10.079370 30.233830 20.154460
[24]  1.526839  2.974223 10.099350 30.236480 20.137130  1.526894  2.974609 10.089010 30.247160 20.158150  1.526718  2.975549 10.070900 30.239110 20.168200  1.526861  2.974845 10.089480 30.239920 20.150430  1.526907  2.974100 10.075920
[47] 30.226810 20.150890  1.526788  2.975152 10.068400 30.219030 20.150630  1.526852  2.974905 10.130790 30.234750 20.103960  1.526363  2.981505

$Refset$penalty
 [1] 0 0 0 0 0 0 0 0 0 0 0 0


