$f
 [1] 1258.3906 1075.8438  859.3802  770.4757  753.3681  746.8542  730.8490  730.1858  719.9358  709.0764  683.8715  678.6354  673.8333  664.5087  651.9479  651.3125  636.6163  633.1233  631.2031  629.9080  627.5417  626.9583  626.0903
[24]  619.1840  619.0017  618.6319  618.2448  617.7674  617.5451  617.1684  617.0208  617.0087  616.9809  616.7431  616.3299  615.9809  615.7240  615.6736  615.6024  615.6024

$x
          [,1]     [,2]      [,3]     [,4]     [,5]     [,6]     [,7]     [,8]     [,9]    [,10]
 [1,] 13.76615 229.0166 0.6504146 23.78800 286.1407 41.33362 31.54554 9.519817 7.894232 2.924153
 [2,] 24.41738 256.4435 0.8175920 26.68919 285.9786 37.59881 25.53009 3.411096 4.517135 4.447234
 [3,] 24.37415 236.4435 0.6748712 26.68919 285.9786 37.59881 28.13009 2.611096 3.951450 5.000000
 [4,] 24.82245 280.4946 0.6977888 21.66628 286.4853 41.88551 29.75761 3.438896 4.813296 3.253534
 [5,] 25.60655 271.7445 0.8070090 22.28198 286.2544 41.06583 29.53427 3.480750 4.544336 3.334344
 [6,] 25.27160 279.9279 0.7061128 21.66628 286.4621 41.40149 29.74693 3.434848 4.833835 3.279785
 [7,] 23.84034 285.4373 0.6995574 21.73894 286.4525 43.66774 30.46367 3.520848 4.620788 3.208012
 [8,] 23.82012 290.3170 0.6373653 21.68280 286.4361 43.86469 30.48449 3.409411 4.689740 3.198913
 [9,] 26.50641 242.5053 0.9031836 22.51984 286.3261 41.13701 29.67319 3.457412 4.524352 3.332907
[10,] 24.40525 227.6215 0.6611023 23.81407 286.3374 43.59627 30.00422 3.372142 4.678199 3.191147
[11,] 24.40525 227.5824 0.8411023 23.83750 286.3327 43.59627 30.04485 3.372142 4.678199 3.149585
[12,] 24.03983 253.6714 0.6125639 21.88040 286.3298 43.74601 30.11189 3.404480 4.654758 3.261455
[13,] 24.43084 262.9036 0.6105887 21.16399 286.3191 43.75533 30.12429 3.401978 4.660899 3.209920
[14,] 24.43084 262.9036 0.6330887 21.16399 286.3191 43.75533 30.12429 3.401978 4.660899 3.209920
[15,] 22.80245 277.0611 0.4914505 21.95517 286.3561 43.65257 30.65956 3.425497 4.692554 3.211514
[16,] 22.80245 277.2173 0.4914505 21.95517 286.3561 43.65257 30.53768 3.425497 4.692554 3.211514
[17,] 23.27291 231.5803 0.5921169 24.17860 286.3203 43.89052 30.03835 3.431884 4.497675 3.267965
[18,] 23.27291 231.5803 0.6146169 24.18153 286.3203 43.89052 30.03835 3.431884 4.510175 3.267965
[19,] 23.13468 239.0258 0.5076040 23.94552 286.3438 43.83735 30.12559 3.429601 4.521309 3.255275
[20,] 23.13468 239.1039 0.5076040 23.94552 286.3438 43.83735 30.12559 3.429601 4.527559 3.255275
[21,] 23.39346 241.9099 0.5424010 23.75674 286.3251 43.80630 30.21762 3.431228 4.450079 3.214381
[22,] 23.38320 241.9099 0.5424010 23.75674 286.3251 43.80630 30.21762 3.431228 4.450079 3.214381
[23,] 23.43714 243.2396 0.5421362 23.69010 286.3316 43.80612 30.21123 3.431321 4.401991 3.214563
[24,] 23.73132 243.4904 0.5351538 23.53656 286.3313 43.80514 30.20594 3.429598 4.257598 3.279861
[25,] 23.73132 243.5099 0.5351538 23.53656 286.3313 43.80514 30.20594 3.429598 4.257598 3.279861
[26,] 23.80913 243.8983 0.5438263 23.46543 286.3331 43.80373 30.23142 3.430470 4.260337 3.275420
[27,] 23.78620 243.9376 0.5424726 23.50203 286.3329 43.80975 30.22483 3.430260 4.242721 3.269605
[28,] 23.85003 243.9532 0.5463050 23.52279 286.3322 43.80806 30.23221 3.430440 4.183981 3.271602
[29,] 23.90760 244.1512 0.5421669 23.51734 286.3324 43.80714 30.23493 3.430053 4.117721 3.267450
[30,] 23.86516 244.0576 0.5408699 23.50796 286.3304 43.80701 30.23094 3.430399 4.174691 3.272103
[31,] 23.86935 243.6855 0.5420702 23.55055 286.3326 43.80654 30.22451 3.430468 4.159794 3.278931
[32,] 23.85904 244.9363 0.5459976 23.52763 286.3341 43.80786 30.23525 3.430539 4.122508 3.276485
[33,] 23.86419 249.4555 0.5430541 23.52599 286.3339 43.80698 30.22706 3.430071 3.929637 3.266935
[34,] 23.86172 248.8212 0.5457011 23.52593 286.3335 43.80620 30.22352 3.430183 3.975256 3.273389
[35,] 23.92246 250.4110 0.5435865 23.52741 286.3339 43.80556 30.22575 3.430198 3.856198 3.269777
[36,] 23.85568 253.0131 0.5436225 23.52831 286.3336 43.80697 30.22529 3.430061 3.802821 3.270168
[37,] 23.90630 250.5175 0.5456808 23.52365 286.3335 43.80782 30.19916 3.430436 3.870531 3.271237
[38,] 23.90493 252.4684 0.5488633 23.52286 286.3320 43.80981 30.20311 3.429574 3.779976 3.272872
[39,] 23.90011 252.6050 0.5491986 23.52283 286.3319 43.80981 30.20309 3.429524 3.779978 3.272796
[40,] 23.90011 252.6050 0.5491986 23.52283 286.3319 43.80981 30.20309 3.429524 3.779978 3.272796

$time
elapsed elapsed elapsed elapsed elapsed elapsed elapsed elapsed elapsed elapsed elapsed elapsed elapsed elapsed elapsed elapsed elapsed elapsed elapsed elapsed elapsed elapsed elapsed elapsed elapsed elapsed elapsed elapsed elapsed elapsed 
   2.87    6.04    8.43   15.00   18.57   21.82   28.18   31.56   34.84   37.75   42.89   65.40   75.75   77.20  113.43  115.23  141.57  149.39  225.95  227.82  267.43  269.25  284.61  298.39  303.54  348.17  409.95  414.64  428.15  437.68 
elapsed elapsed elapsed elapsed elapsed elapsed elapsed elapsed elapsed elapsed 
 464.21  540.73  574.87  603.11  606.51  666.73 1044.76 1142.78 1157.96 1194.87 

$neval
 [1]   106   249   365   649   792   931  1207  1346  1483  1619  1863  2806  3209  3282  4761  4843  5925  6278  9399  9478 11116 11193 11863 12411 12622 14521 17040 17243 17789 18196 19349 22582 24027 25185 25324 27850 43952 48023 48643
[40] 50068

$fbest
[1] 615.6024

$xbest
 [1]  23.9001150 252.6049621   0.5491986  23.5228310 286.3318518  43.8098118  30.2030885   3.4295236   3.7799779   3.2727963

$numeval
[1] 50068

$end_crit
[1] 1

$cpu_time
elapsed 
1194.87 

$Refset
$Refset$x
             [,1]        [,2]       [,3]        [,4]        [,5]        [,6]       [,7]       [,8]        [,9]       [,10]
 [1,]   1.0000000  23.9001100 252.604962   0.5491986  23.5228310 286.3318520  43.809810  30.203088   3.4295240   3.7799780
 [2,]   3.2727960   2.0000000  23.900070 252.5555763   0.5491802  23.5267720 286.332029  43.806880  30.2027478   3.4295330
 [3,]   3.7797240   3.2727930   3.000000  23.9013600 252.5461932   0.5490351  23.524734 286.332337  43.8065100  30.2025132
 [4,]   3.4291820   3.7807380   3.272979   4.0000000  23.9049300   0.5488633 286.331956  30.203109   3.7799760  23.9049300
 [5,]   0.5488633 286.3319560  30.203109   3.7799760   5.0000000 252.4683700  23.522860  43.809810   3.4295740   3.2728720
 [6,] 252.4683700  23.5228604  43.809810   3.4295740   3.2728720   6.0000000  23.910640 252.176929   0.5482569  23.5271570
 [7,] 286.3320200  43.8097100  30.202913   3.4296630   3.7836730   3.2716030   7.000000  23.901300 252.4153746   0.5475086
 [8,]  23.5231980 286.3320480  43.811050  30.2028670   3.4295470   3.7846630   3.272156   8.000000  23.9079100 250.5373689
 [9,]   0.5459059  23.5264350 286.333484  43.8087700  30.1994520   3.4305020   3.866797   3.273737   9.0000000  23.9062700
[10,] 250.5157410   0.5443922  23.505192 286.3336950  43.8100600  30.2024390   3.430448   3.883098   3.2769190  23.9067000
[11,] 250.6179901   0.5475024  23.536113 286.3334780  43.8088600  30.2016895   3.430277   3.859295   3.2752070  23.9079800
[12,] 250.5379471   0.5459670  23.526358 286.3334660  43.8088100  30.1994544   3.430505   3.866795   3.2737380  23.9086300

$Refset$f
 [1] 615.6024 615.6024 615.6024 615.6736 615.6736 615.6736 615.6024 615.7240 615.7240 615.7240 615.7240 616.0816

$Refset$fpen
 [1] 615.6024 615.6024 615.6024 615.6736 615.6736 615.6736 615.6024 615.7240 615.7240 615.7240 615.7240 616.0816

$Refset$const
 [1] 19.742850 32.220022 12.477169  1.548046  2.661369 19.747050 32.220276 12.473228  1.548023  2.661543 19.744000 32.219262 12.475266  1.547988  2.661648 19.742880 12.477140  2.661405 32.220024  1.548034 32.220020  1.548034 19.742885
[24] 12.477140  2.661405 19.743480 32.216327 12.472843  1.548027  2.661419 19.738530 32.215337 12.476802  1.548026  2.661362 19.659640 32.133203 12.473565  1.547870  2.661722 19.622090 32.116902 12.494808  1.547841  2.661936 19.676820
[47] 32.140705 12.463887  1.547865  2.661868 19.659560 32.133205 12.473642  1.547872  2.661714 19.733190 32.209555 12.476368  1.547959  2.661560

$Refset$penalty
 [1] 0 0 0 0 0 0 0 0 0 0 0 0


