$f
 [1] 2458.1632 1612.1858 1418.1094 1395.9878 1083.0799  944.8715  871.6215  857.4392  814.1233  780.6389  747.3924  675.3142  604.9115  588.9913  570.8212  553.8993  529.8715  517.0642  501.7535  484.1059  471.1615  470.1094  459.9427
[24]  459.6701  458.7708  458.0399  457.6094  454.1528  453.5226  399.1545  397.5642  396.8663  396.7552  395.9878  393.7951  393.0347  392.4271  391.8663  391.4045  391.0642  381.6701  375.4410  374.1563  373.5382  372.9219  372.2517
[47]  371.9288  371.3819  369.5712  369.2257  368.9826  367.9896  361.8229  361.7795  361.6667  360.8281  360.3142  358.5972  358.3750  358.3611  358.2274  357.9392  357.4792  355.8802  355.7882  350.7292  349.5764  346.3576  338.9514
[70]  336.0399  322.2135  322.2135

$x
           [,1]     [,2]      [,3]     [,4]     [,5]     [,6]     [,7]     [,8]     [,9]    [,10]
 [1,] 15.437126 178.2578 0.3839115 23.31053 286.2047 42.01727 24.86060 2.355166 2.623133 3.522623
 [2,] 20.262566 100.0000 0.3839122 28.53141 286.1944 40.60647 24.00000 2.000000 2.126629 4.002246
 [3,] 20.262566 120.0000 0.3839122 27.73538 286.5786 40.60647 24.00000 2.000000 2.400000 4.333306
 [4,]  8.192987 202.2004 0.4656174 20.19826 284.9633 39.84395 30.20414 5.434924 6.519975 3.724026
 [5,]  9.451774 199.5344 0.4453434 22.27343 285.1180 39.95760 29.89759 5.387899 5.551325 3.881216
 [6,]  6.667334 211.8601 0.4681357 17.99354 285.0517 42.52690 31.31568 5.779058 9.462764 3.288041
 [7,]  6.691729 209.2636 0.5001346 18.15049 285.0519 42.21002 31.28467 5.737622 9.494739 3.186119
 [8,]  8.382331 208.3801 0.4717203 19.04938 285.0370 42.96112 31.25914 5.495603 7.951134 3.044470
 [9,]  7.956626 197.5165 0.4856775 23.59414 285.0654 44.34569 31.18476 5.299018 5.316620 3.807739
[10,]  8.278963 207.8979 0.4743837 19.58870 285.0391 43.73205 31.32991 5.474373 7.149798 3.005020
[11,]  8.278963 207.8979 0.3843837 19.58870 285.0388 43.73205 31.32991 5.474373 7.137298 3.005020
[12,]  8.180140 186.3561 0.4726098 19.58724 285.0301 43.76917 31.06045 5.482314 8.332824 2.944371
[13,]  7.076489 188.9741 0.5567667 20.33549 284.9663 43.65580 29.83210 5.672234 7.970430 3.078301
[14,]  7.076489 188.9741 0.5342667 20.33549 284.9663 43.65580 29.83210 5.672234 7.995430 3.078301
[15,]  7.643332 215.5172 0.5334434 19.74207 284.8433 46.09196 30.94575 5.731031 6.577391 2.680710
[16,]  7.643332 215.8297 0.5334434 19.74207 284.8433 46.39196 30.78325 5.731422 6.577391 2.680710
[17,]  7.729411 194.7416 0.5417944 19.24145 284.8162 46.74121 30.64964 5.784057 6.943671 2.449519
[18,]  7.642926 196.0176 0.5464464 19.31201 284.8171 46.56197 30.65957 5.773993 7.259681 2.518681
[19,]  7.611088 196.6844 0.5486839 19.30808 284.8174 46.52520 30.66127 5.770474 7.366373 2.535811
[20,]  7.606372 197.3903 0.5584429 17.66417 284.8160 46.55870 30.65122 5.754936 8.640393 2.532604
[21,]  7.606372 197.3903 0.5359429 17.66417 284.8160 46.55870 30.65122 5.754936 8.640393 2.532604
[22,]  6.436351 206.7117 0.5843276 21.16966 284.7281 47.23886 30.33024 6.021470 6.026096 2.270014
[23,]  6.436351 206.7117 0.6068276 21.16380 284.7281 47.23886 30.33024 6.021470 6.038205 2.264077
[24,]  6.410857 207.9320 0.6076822 21.16010 284.7478 47.22931 30.52003 6.014716 6.025611 2.243987
[25,]  6.413729 207.0901 0.5986374 21.16166 284.7332 47.25976 30.42530 6.020309 6.025679 2.255398
[26,]  6.413729 207.0901 0.5975827 21.16166 284.7332 47.25976 30.46593 6.020309 6.025679 2.250944
[27,]  6.414908 205.8141 0.6134521 21.29842 284.7477 47.21863 30.52030 6.017161 6.008278 2.244374
[28,]  6.414908 205.8141 0.6134521 21.29842 284.7477 47.21863 30.52030 6.017161 6.014528 2.247342
[29,]  6.453539 207.0598 0.6611038 21.45257 284.7629 47.06455 30.66600 5.991540 6.038315 2.247628
[30,]  6.453539 207.0598 0.6892288 21.45257 284.8379 47.06455 30.66600 5.947790 6.338315 2.247628
[31,]  6.140658 207.9935 0.6071593 21.47565 284.8153 47.13010 30.46555 5.908026 6.422035 2.351614
[32,]  6.169628 207.8591 0.6076937 21.23913 284.8135 47.14832 30.51308 5.919382 6.294216 2.292709
[33,]  6.173046 207.8591 0.6076937 21.23913 284.8135 47.14832 30.51308 5.919382 6.294216 2.292709
[34,]  6.148428 207.0964 0.5798102 21.35107 284.8111 47.16787 30.48939 5.919739 6.439945 2.292088
[35,]  6.124737 208.5740 0.5900092 21.34667 284.8123 47.09278 30.51476 5.914637 6.432476 2.295250
[36,]  6.150892 208.4886 0.5898830 21.34559 284.8132 47.09310 30.51331 5.911350 6.433618 2.296121
[37,]  6.149934 207.6281 0.5812910 21.34902 284.8118 47.12488 30.48946 5.915049 6.437512 2.295434
[38,]  6.149934 207.6281 0.5812910 21.34902 284.8118 47.12488 30.48946 5.915049 6.440637 2.293949
[39,]  6.449494 217.3987 0.8407213 21.05238 284.8145 47.10837 30.59206 5.922125 6.449150 2.297878
[40,]  6.386577 210.0622 0.7972958 21.19667 284.8141 47.16581 30.57198 5.921781 6.442766 2.295871
[41,]  6.417888 216.0845 0.8317272 21.17021 284.8145 47.15784 30.57985 5.922129 6.445799 2.296174
[42,]  6.447220 212.6875 0.9517752 21.40553 284.8148 47.14761 30.57799 5.922906 6.445297 2.295833
[43,]  6.434841 212.6673 0.9568744 21.42647 284.8152 47.15099 30.57614 5.922719 6.445829 2.295765
[44,]  6.440357 211.5253 0.9432492 21.45547 284.8150 47.14693 30.57692 5.922561 6.445833 2.295814
[45,]  6.440357 211.5253 0.9432492 21.45547 284.8150 47.14693 30.57692 5.916311 6.445833 2.295814
[46,]  6.421985 211.3247 0.9666741 21.52695 284.8140 47.13603 30.58249 5.921453 6.442069 2.296219
[47,]  6.435703 211.4992 0.9944281 21.51777 284.8128 47.13606 30.56913 5.920864 6.444301 2.295571
[48,]  6.414223 210.6112 1.0000000 21.60942 284.8129 47.14219 30.57647 5.921292 6.441138 2.294605
[49,]  6.463737 214.2408 0.9955524 21.35136 284.8128 47.02974 30.56330 5.898889 6.460513 2.333777
[50,]  6.460319 214.2408 0.9955524 21.35136 284.8128 47.02974 30.56330 5.898889 6.460513 2.333777
[51,]  6.398043 212.0371 0.9970232 21.62139 284.8143 47.12936 30.57497 5.908250 6.440611 2.307176
[52,]  6.398043 212.0371 0.9970232 21.62139 284.8143 47.12936 30.57497 5.908250 6.446861 2.307176
[53,]  6.389061 212.0476 0.9860345 21.62874 284.8140 47.13074 30.57153 5.908264 6.440205 2.308127
[54,]  6.389061 212.0281 0.9860345 21.62874 284.8140 47.13074 30.57153 5.908264 6.440205 2.308127
[55,]  6.354010 211.7698 0.9882001 21.71256 284.8174 47.12110 30.58779 5.916279 6.434851 2.290624
[56,]  6.354010 211.7698 0.9881122 21.71256 284.8174 47.12110 30.58779 5.916279 6.431726 2.290624
[57,]  6.336271 211.8111 0.9935154 21.73863 284.8170 47.12140 30.58244 5.916926 6.434727 2.297214
[58,]  6.331419 211.8048 0.9960591 21.75197 284.8170 47.12138 30.58104 5.917404 6.434709 2.297453
[59,]  6.332174 211.7945 0.9985127 21.75745 284.8167 47.12182 30.58108 5.917088 6.433470 2.298316
[60,]  6.336363 211.7131 0.9956534 21.73533 284.8172 47.12057 30.58658 5.917597 6.435581 2.295437
[61,]  6.336363 211.7131 0.9956534 21.73533 284.8172 47.12057 30.58658 5.917597 6.435581 2.296179
[62,]  6.324068 210.3543 0.9972078 21.71115 284.8170 47.12109 30.58605 5.916697 6.534011 2.291963
[63,]  6.324068 210.3543 0.9972078 21.71115 284.8170 47.12109 30.58605 5.910447 6.534011 2.291963
[64,]  6.317193 209.1013 0.9972036 21.71782 284.8172 47.12156 30.58691 5.916555 6.578684 2.292654
[65,]  6.319222 208.7024 0.9971911 21.70801 284.8173 47.12144 30.58687 5.916234 6.598707 2.292397
[66,]  6.310941 208.0561 0.9978991 21.74638 284.8176 47.12108 30.58758 5.916566 6.623668 2.293967
[67,]  6.303712 207.8561 0.9979244 21.74664 284.8176 47.12119 30.58757 5.916552 6.633302 2.293984
[68,]  6.303117 200.3080 0.9989040 21.66333 284.8173 47.12224 30.58805 5.914502 6.956316 2.290134
[69,]  6.305076 194.1286 0.9991209 21.62512 284.8173 47.12328 30.58796 5.914497 7.159038 2.287544
[70,]  6.304403 183.1095 0.9994739 21.56960 284.8171 47.12336 30.58860 5.913445 7.541942 2.285111
[71,]  6.304403 183.1095 1.0000000 21.75710 284.8171 47.12336 30.58860 5.922820 7.498192 2.296894
[72,]  6.304403 183.1095 1.0000000 21.75710 284.8171 47.12336 30.58860 5.922820 7.498192 2.296894

$time
elapsed elapsed elapsed elapsed elapsed elapsed elapsed elapsed elapsed elapsed elapsed elapsed elapsed elapsed elapsed elapsed elapsed elapsed elapsed elapsed elapsed elapsed elapsed elapsed elapsed elapsed elapsed elapsed elapsed elapsed 
   2.13    5.83    9.03   13.09   16.45   23.09   29.72   33.72   36.84   43.28   45.25   57.69   76.67   78.45  201.45  204.30  216.38  225.64  228.77  232.61  237.61  278.77  281.13  308.55  311.84  317.30  363.41  365.95  394.94  400.56 
elapsed elapsed elapsed elapsed elapsed elapsed elapsed elapsed elapsed elapsed elapsed elapsed elapsed elapsed elapsed elapsed elapsed elapsed elapsed elapsed elapsed elapsed elapsed elapsed elapsed elapsed elapsed elapsed elapsed elapsed 
 478.23  495.72  513.13  523.31  550.89  576.17  579.19  581.06  594.28  603.53  609.83  637.14  643.50  647.55  649.22  659.23  662.58  676.09  679.25  684.30  708.55  720.94  736.73  753.66  810.91  812.83  816.61  826.23  843.28  847.03 
elapsed elapsed elapsed elapsed elapsed elapsed elapsed elapsed elapsed elapsed elapsed elapsed 
 848.73  938.58  940.36  946.75  950.16  954.09  960.78  964.13  967.41  970.59  976.59 1193.88 

$neval
 [1]   106   257   396   538   682   966  1243  1384  1520  1791  1879  2421  3233  3316  8609  8701  9235  9638  9772  9907 10120 11897 11997 13082 13219 13447 15349 15428 16668 16910 20315 21060 21824 22232 23403 24495 24635 24713 25267
[40] 25679 25953 27108 27382 27526 27600 28028 28170 28726 28865 29084 30039 30518 31199 31946 34423 34503 34641 35062 35762 35896 35969 39792 39866 40148 40289 40429 40710 40852 40993 41130 41382 50041

$fbest
[1] 322.2135

$xbest
 [1]   6.304403 183.109474   1.000000  21.757099 284.817147  47.123359  30.588600   5.922820   7.498192   2.296894

$numeval
[1] 50041

$end_crit
[1] 1

$cpu_time
elapsed 
1193.88 

$Refset
$Refset$x
             [,1]        [,2]       [,3]        [,4]        [,5]        [,6]        [,7]        [,8]        [,9]       [,10]
 [1,]   1.0000000   6.3341760 205.189000   0.9966384  21.6499800 284.8178000  47.1216100  30.5877300   5.9174120   6.7658580
 [2,]   2.2965910   2.0000000   6.332748 205.2066000   0.9969788  21.6729900 284.8179000  47.1215400  30.5875000   5.9174450
 [3,]   6.7499390   2.2965580   3.000000   6.3341300 205.1786000   0.9967254  21.6449200 284.8179000  47.1207000  30.5877300
 [4,]   5.9172810   6.7707150   2.296641   4.0000000   6.3347910 205.1854000   0.9967243  21.6449500 284.8180000  47.1216700
 [5,]  30.5901100   5.9173140   6.769491   2.2969160   5.0000000   6.3300170 205.1956000   0.9967429  21.6333200 284.8179000
 [6,]  47.1200600  30.5894400   5.917390   6.7812770   2.2967380   6.0000000   6.3300740 205.2015000   0.9969349  21.6710200
 [7,] 284.8179000  47.1215700  30.587310   5.9174250   6.7529390   2.2965330   7.0000000   6.3337100 205.1817000   0.9966857
 [8,]  21.6501600 284.8178000  47.122040  30.5879600   5.9174130   6.7661090   2.2965910   8.0000000   6.3286910 205.1992000
 [9,]   0.9967796  21.6622400 284.817800  47.1217200  30.5875400   5.9174170   6.7606120   2.2965040   9.0000000   6.3223280
[10,] 205.2051000   0.9970162  21.722070 284.8179000  47.1214300  30.5869600   5.9174130   6.7213230   2.2964490   6.3337020
[11,] 204.8063000   0.9967715  21.656900 284.8178000  47.1264600  30.5875400   5.9169420   6.7748590   2.2966240   6.3246130
[12,] 205.2953000   0.9969596  21.676300 284.8177000  47.1211600  30.5891700   5.9055020   6.7724890   2.2989060   6.3342620

$Refset$f
 [1] 344.3108 344.3108 344.3108 344.3108 344.3403 344.3663 344.3108 344.4219 344.8351 345.5122 345.6858 344.8385

$Refset$fpen
 [1] 344.3108 344.3108 344.3108 344.3108 344.3403 344.3663 344.3108 344.4219 344.8351 345.5122 345.6858 344.8385

$Refset$const
 [1] 14.884120 29.234140 14.350020  1.702297  2.221824 14.923050 29.250060 14.327010  1.702293  2.221819 14.874210 29.229290 14.355080  1.702298  2.221858 14.875460 29.230510 14.355050  1.702300  2.221957 14.852040 29.218720 14.366680
[24]  1.702308  2.221968 14.918080 29.247060 14.328980  1.702289  2.221811 14.884050 29.233890 14.349840  1.702297  2.221822 14.901630 29.239390 14.337760  1.702298  2.221807 15.000740 29.278680 14.277930  1.702292  2.221793 14.882040
[47] 29.225140 14.343100  1.702276  2.221657 14.903810 29.227510 14.323700  1.702318  2.221898 14.883930 29.235590 14.351660  1.702297  2.221832

$Refset$penalty
 [1] 0 0 0 0 0 0 0 0 0 0 0 0


