$f
 [1] 3623.061 2420.368 2009.578 1750.507 1695.957 1668.964 1487.705 1452.304 1449.415 1326.372 1182.589 1172.859 1171.359 1161.724 1154.530 1145.191 1141.901 1135.406 1130.366 1128.799 1116.212 1115.611 1111.368 1092.384 1090.845 1087.832
[27] 1084.799 1084.615 1082.260 1081.837 1081.465 1081.462 1077.745 1075.974 1074.646 1073.833 1073.576 1073.451 1073.064 1072.226 1071.306 1071.175 1071.175 1071.106 1071.097 1071.097

$x
           [,1]     [,2]      [,3]     [,4]     [,5]     [,6]     [,7]     [,8]     [,9]    [,10]
 [1,]  6.893217 280.8007 0.9516609 21.24103 285.8437 35.94588 26.42986 9.108929 4.124455 1.584479
 [2,] 11.677137 222.1934 0.2952451 19.74261 285.7144 43.59752 35.11262 5.814062 3.243316 1.731131
 [3,] 11.677137 242.4670 0.1571686 19.64886 286.0144 48.00000 35.11262 5.814062 2.837848 1.731131
 [4,] 11.724824 250.5911 0.1670402 19.77758 285.6150 44.67889 34.79812 6.593873 2.865597 3.242644
 [5,] 19.580985 163.2684 0.1000000 15.17433 286.3518 39.11829 28.25600 7.267802 7.264162 1.281185
 [6,] 11.333504 224.8505 0.1020117 20.14319 285.7286 45.50321 34.84444 6.766312 4.629439 2.416013
 [7,] 11.890545 242.4398 0.1230038 20.35463 285.5369 44.87435 34.23915 6.636362 2.412321 3.325062
 [8,] 11.921347 242.3567 0.1284046 19.60835 285.5858 44.44114 34.41646 6.602502 2.626616 3.330897
 [9,] 11.848660 245.0343 0.1336521 19.55330 285.5706 44.39548 34.45023 6.576960 2.718293 3.325108
[10,] 12.048099 241.0068 0.1043651 19.94087 285.5051 44.79697 34.13424 6.981336 2.000000 2.455553
[11,] 11.993411 241.0068 0.1057714 19.91744 285.5051 44.99697 34.13424 6.968836 2.000000 2.461490
[12,]  9.890644 282.3999 0.2102720 20.35454 285.5650 36.71886 34.30368 6.644091 3.413016 2.494212
[13,]  9.890644 282.4781 0.2327720 20.35454 285.5650 36.71886 34.30368 6.644091 3.413016 2.494212
[14,]  9.834013 275.0575 0.1793567 20.40493 285.5652 36.69341 34.33127 6.641044 3.280138 2.496954
[15,]  9.834013 275.0575 0.1791809 20.40493 285.5646 36.83091 34.31096 6.641044 3.280138 2.493985
[16,]  9.871181 278.7550 0.1827365 20.36679 285.5652 36.72614 34.32023 6.642553 3.336611 2.495032
[17,]  9.874599 278.5988 0.1834396 20.36679 285.5652 36.83864 34.31008 6.642553 3.330361 2.495032
[18,] 10.443457 282.1350 0.1547271 20.43874 285.5607 35.93173 34.23417 6.603937 2.979900 2.550600
[19,] 10.443457 282.1350 0.1547271 20.43874 285.5607 35.93173 34.23417 6.603937 3.001775 2.532788
[20,] 10.444435 277.8672 0.1548397 20.43885 285.5638 35.93197 34.23583 6.603723 3.151896 2.569601
[21,] 10.447853 277.5547 0.1548397 20.42713 285.5638 35.93197 34.23583 6.591223 3.144865 2.575539
[22,] 10.487061 275.1580 0.1624169 20.44247 285.5589 35.94310 34.23404 6.599170 3.079780 2.567413
[23,] 10.476811 277.3782 0.1596474 20.42078 285.5601 35.98672 34.22086 6.599993 3.105183 2.567186
[24,] 10.476811 276.7532 0.1821474 20.42078 285.5601 35.98672 34.22086 6.599993 3.061433 2.567186
[25,] 10.779408 265.8652 0.1732058 20.41626 285.5647 35.97907 34.22967 6.600081 3.316185 2.621597
[26,] 10.738392 265.8652 0.1732058 20.41626 285.5647 35.97907 34.22967 6.600081 3.313060 2.621597
[27,] 10.776473 265.8269 0.1716652 20.41471 285.5647 35.96888 34.24702 6.605295 3.256461 2.618864
[28,] 10.776968 265.8194 0.1722547 20.41714 285.5627 35.96310 34.24511 6.605089 3.255128 2.619441
[29,] 10.775816 265.8295 0.1713989 20.41712 285.5622 35.96064 34.24568 6.606217 3.254328 2.619963
[30,] 10.776647 265.8259 0.1717247 20.41615 285.5642 35.97257 34.24642 6.605398 3.257690 2.619014
[31,] 10.678662 266.0173 0.1794426 20.53706 285.5488 36.06193 34.04542 6.606203 3.255210 2.627163
[32,] 10.675244 266.0173 0.1794426 20.53706 285.5488 36.06193 34.04542 6.606203 3.255210 2.627163
[33,] 10.224761 267.1370 0.1951469 21.02811 285.5114 36.00357 33.86976 6.609631 3.250372 2.633509
[34,] 10.168223 268.1156 0.1977095 21.08109 285.4905 36.01837 33.73552 6.612059 3.246891 2.641797
[35,] 10.154551 268.1156 0.1973579 21.08109 285.4905 36.01837 33.73552 6.612450 3.243766 2.641797
[36,] 10.484343 267.0242 0.1848440 20.55317 285.4973 36.08976 33.76596 6.613671 3.279501 2.551994
[37,] 10.484343 267.0242 0.1849319 20.55317 285.4973 36.08976 33.76596 6.613671 3.279501 2.551252
[38,] 10.584305 266.4098 0.1733469 20.55162 285.5125 36.09073 33.77115 6.606918 3.343082 2.638371
[39,] 10.584305 266.4293 0.1733469 20.55162 285.5125 36.09073 33.77115 6.606918 3.343082 2.638371
[40,] 10.590994 265.0361 0.1734634 20.59081 285.5089 36.09132 33.73913 6.607622 3.364561 2.637060
[41,] 10.596053 264.6946 0.1734927 20.60075 285.5083 36.09149 33.73913 6.607970 3.370831 2.636410
[42,] 10.598040 263.8669 0.1735176 20.63042 285.5083 36.09258 33.73928 6.608065 3.376348 2.634587
[43,] 10.593017 264.0742 0.1740141 20.63724 285.5085 36.10124 33.73700 6.607839 3.373033 2.636342
[44,] 10.598920 263.9536 0.1735296 20.63065 285.5079 36.08969 33.73861 6.608155 3.377828 2.631882
[45,] 10.598920 263.9536 0.1735076 20.63065 285.5079 36.08969 33.73861 6.608155 3.377828 2.631882
[46,] 10.598920 263.9536 0.1735076 20.63065 285.5079 36.08969 33.73861 6.608155 3.377828 2.631882

$time
elapsed elapsed elapsed elapsed elapsed elapsed elapsed elapsed elapsed elapsed elapsed elapsed elapsed elapsed elapsed elapsed elapsed elapsed elapsed elapsed elapsed elapsed elapsed elapsed elapsed elapsed elapsed elapsed elapsed elapsed 
   2.32    6.43   10.32   22.21   25.71   29.32   33.71   40.78   44.47   48.24   50.63  208.14  210.22  270.30  272.97  294.33  311.16  347.69  349.83  398.80  401.53  425.82  433.50  439.27  667.13  669.16  680.49  695.43  698.86  702.60 
elapsed elapsed elapsed elapsed elapsed elapsed elapsed elapsed elapsed elapsed elapsed elapsed elapsed elapsed elapsed elapsed 
 897.35  899.22  903.58  917.44  937.99 1032.64 1035.55 1142.38 1144.28 1259.39 1270.96 1275.18 1285.28 1288.50 1297.97 1313.14 

$neval
 [1]   106   258   405   839   981  1122  1263  1544  1694  1842  1940  7801  7880 10184 10293 11098 11739 13219 13306 15223 15331 16277 16547 16771 25409 25492 25906 26457 26592 26728 34126 34200 34340 34886 35654 39379 39458 43557 43630
[40] 48056 48532 48669 49078 49212 49561 50113

$fbest
[1] 1071.097

$xbest
 [1]  10.5989203 263.9536125   0.1735076  20.6306457 285.5078997  36.0896919  33.7386138   6.6081549   3.3778282   2.6318820

$numeval
[1] 50113

$end_crit
[1] 1

$cpu_time
elapsed 
1313.14 

$Refset
$Refset$x
             [,1]       [,2]        [,3]       [,4]       [,5]        [,6]        [,7]        [,8]       [,9]      [,10]
 [1,]   1.0000000 10.5989200   0.1735076 285.507900  33.738614   3.3778280  10.5989200   0.1735076 285.507900  33.738614
 [2,]   3.3778280  2.0000000 263.9536130  20.630646  36.089692   6.6081550   2.6318820 263.9536100  20.630646  36.089692
 [3,]   6.6081550  2.6318820   3.0000000  10.590203 264.194976   0.1734647  20.6318260 285.5091040  36.092390  33.745045
 [4,]   6.6081270  3.3713270   2.6318550   4.000000  10.592004 264.1232657   0.1733645  20.6338330 285.509745  36.099630
 [5,]  33.7410361  6.6081180   3.3731470   2.633724   5.000000  10.5922670 264.2981919   0.1734319  20.624462 285.508926
 [6,]  36.0871800 33.7437645   6.6081030   3.371977   2.632367   6.0000000  10.5909940   0.1734634 285.508938  33.739131
 [7,]   3.3645610 10.5909900   0.1734634 285.508938  33.739131   3.3645610   7.0000000 265.0361050  20.590809  36.091322
 [8,]   6.6076220  2.6370600 265.0361000  20.590809  36.091322   6.6076220   2.6370600   8.0000000  10.596345 264.723952
 [9,]   0.1734167 20.6299300 285.5097060  36.098100  33.747478   6.6064860   3.3461210   2.6391250   9.000000  10.592011
[10,] 264.6409069  0.1733803  20.6099380 285.509048  36.091370  33.7423327   6.6072560   3.3723600   2.633057  10.591717
[11,] 264.1905458  0.1725759  20.6353570 285.509634  36.094130  33.7440503   6.6085440   3.3712070   2.633409  10.591401
[12,] 264.5666693  0.1733330  20.6319970 285.510190  36.096210  33.7465545   6.6136040   3.3419790   2.637783   6.797741

$Refset$f
 [1] 1071.097 1071.097 1071.606 1071.606 1072.927 1072.226 1072.226 1072.623 1072.833 1071.920 1073.771 4201.342

$Refset$fpen
 [1] 1071.097 1071.097 1071.606 1071.606 1072.927 1072.226 1072.226 1072.623 1072.833 1071.920 1073.771 4201.342

$Refset$const
 [1] 17.252820 15.369354  3.301950 32.622172  1.622967 32.622170  1.622967 17.252818 15.369354  3.301950 17.260500 32.628673 15.368174  1.622760  3.302823 17.260690 32.626853 15.366167  1.622719  3.301604 17.252490 32.628023 15.375538
[24]  1.622769  3.303239 17.226250 15.409191  3.302129 32.635439  1.622812 32.635440  1.622812 17.226247 15.409191  3.302129 17.283810 32.653879 15.370070  1.622683  3.302622 17.237580 32.627640 15.390062  1.622778  3.302576 17.264150
[47] 32.628793 15.364643  1.622693  3.302638 17.290020 32.658021 15.368003  1.622604  3.302878 15.083340 29.763638 14.680299  1.640618  2.665799

$Refset$penalty
 [1] 0 0 0 0 0 0 0 0 0 0 0 0


