$f
 [1] 2102.2778 1674.3663 1006.6007 1005.6250 1003.6389  998.3403  997.9583  993.7969  983.6840  974.7431  967.1649  910.3681  908.4583  881.2396  869.5347  852.6493  845.2326  815.5556  812.2222  807.1146  799.2604  793.9722  793.7483
[24]  793.5868  790.4514  788.8316  785.0069  784.7726  784.2535  784.0260  783.2396  781.9253  780.8160  707.8976  692.0729  562.0052  552.6788

$x
           [,1]     [,2]      [,3]     [,4]     [,5]     [,6]     [,7]      [,8]     [,9]    [,10]
 [1,] 10.313806 391.3026 0.5675965 18.57947 285.5228 41.79055 29.66907  5.564621 3.244713 4.725894
 [2,]  9.933434 467.0672 0.4494211 15.45698 286.0575 42.00041 27.37477  5.661730 3.325196 4.939112
 [3,]  9.945477 499.9082 0.2564931 15.00688 285.9884 42.18788 24.08535  5.648463 3.905127 4.869365
 [4,]  9.961779 499.9070 0.2548102 15.28205 285.9918 42.19177 24.08380  5.648315 3.714841 4.869325
 [5,]  9.961779 499.8438 0.2548102 15.28205 285.9912 42.19177 24.08380  5.648315 3.689841 4.869325
 [6,]  9.564329 320.4852 0.2762091 22.31088 285.7308 40.81186 25.06739  5.677707 3.906539 4.621650
 [7,]  9.566615 320.1399 0.2776244 22.31143 285.7344 40.78089 25.04326  5.677877 3.919101 4.621030
 [8,]  9.559149 318.7400 0.2786810 22.31768 285.7307 40.87842 24.99405  5.677393 3.839387 4.627402
 [9,]  9.562848 320.0111 0.2776202 22.31545 285.7342 40.83430 25.04377  5.677858 3.925496 4.620427
[10,]  9.562848 319.3861 0.3001202 22.31545 285.7342 40.83430 25.04377  5.677858 3.912996 4.620427
[11,]  9.731968 363.2754 0.5762050 22.05986 286.0271 41.96027 24.34045  5.828822 3.753412 4.122404
[12,]  9.731968 363.2754 0.5580022 22.24736 286.0271 41.96027 24.50295  5.792797 3.725462 4.074904
[13,]  9.104599 424.0581 0.5469557 20.37457 286.7181 48.00000 24.00000  5.893689 4.104437 5.000000
[14,]  9.478690 391.2265 0.5308773 21.36906 286.6943 46.78984 24.00915  5.844095 3.957598 5.000000
[15,]  9.478690 391.2265 0.5315804 21.35734 286.6568 46.58984 24.00000  5.844095 3.957598 5.000000
[16,]  9.566717 329.2885 0.5154713 23.55282 286.7407 46.82494 24.10524  5.927934 3.949616 5.000000
[17,]  9.609852 328.7942 0.5117133 23.75050 286.7133 46.74437 24.10887  5.959031 3.885139 4.957885
[18,]  9.641483 328.9849 0.5129936 23.64390 286.7140 46.77505 24.11243  5.976453 3.841908 4.940554
[19,]  9.753181 297.7973 0.4777262 24.75139 286.7553 47.21192 24.18261  5.951648 3.854500 4.926302
[20,]  9.801301 302.7171 0.4760897 24.49062 286.7623 47.18903 24.16741  5.972825 3.805214 4.909921
[21,]  9.841099 301.8274 0.4625983 24.60109 286.7864 47.38193 24.17636  5.972801 3.786061 4.920188
[22,]  9.837733 301.9565 0.4692559 24.59800 286.8042 47.46625 24.17691  5.977108 3.785221 4.915771
[23,]  9.837733 301.9370 0.4692559 24.59800 286.8042 47.46625 24.17691  5.977108 3.785221 4.915771
[24,]  9.593756 296.7468 0.4939954 25.24534 286.7126 47.26297 24.24473  5.968694 3.669080 4.969122
[25,]  9.593315 295.4739 0.5016563 25.37886 286.7166 47.30287 24.24200  5.968364 3.657298 4.970775
[26,]  9.593315 295.1635 0.5067885 25.46426 286.7176 47.31911 24.24094  5.968264 3.651576 4.970983
[27,]  9.593315 295.1635 0.5067885 25.46426 286.7738 47.31911 24.07844  5.968264 3.601576 4.970983
[28,]  9.519931 309.7734 0.5087538 24.33951 286.7769 47.51899 24.24468  5.987224 3.963902 4.959370
[29,]  9.588410 309.6278 0.5084679 24.36961 286.7769 47.50829 24.23630  5.980905 3.901231 4.959382
[30,]  9.591828 309.6278 0.5084679 24.36961 286.7769 47.50829 24.23630  5.980905 3.901231 4.959382
[31,]  9.570352 307.9582 0.5057746 24.42999 286.7842 47.50327 24.20574  5.980885 3.929278 4.960634
[32,]  9.556680 308.2707 0.5057746 24.42999 286.7842 47.50327 24.20574  5.987135 3.929278 4.960634
[33,]  9.545847 304.6647 0.4791600 24.82315 286.8369 47.43484 24.24743  5.971715 3.672639 4.945833
[34,]  9.555219 268.6115 0.4875919 24.06220 286.7749 46.76662 24.20033  9.605688 4.296749 4.687409
[35,]  9.554584 258.2327 0.4858253 24.21010 286.7384 46.79647 24.20462 10.000000 4.201248 4.729827
[36,]  9.445209 258.3108 0.2917628 24.21010 286.7384 46.79647 24.00000  9.998437 3.860623 4.729827
[37,]  9.445209 257.9983 0.2242628 24.21010 286.7384 46.79647 24.00000  9.998437 3.885623 4.729827

$time
elapsed elapsed elapsed elapsed elapsed elapsed elapsed elapsed elapsed elapsed elapsed elapsed elapsed elapsed elapsed elapsed elapsed elapsed elapsed elapsed elapsed elapsed elapsed elapsed elapsed elapsed elapsed elapsed elapsed elapsed 
   1.89    4.85    9.47   39.18   41.13   53.39   65.13   68.00   70.61   72.46   86.83  104.35  116.14  127.75  135.35  138.52  144.30  147.99  156.47  159.35  162.11  164.93  167.22  190.07  192.82  195.43  197.14  208.75  225.88  227.30 
elapsed elapsed elapsed elapsed elapsed elapsed elapsed 
 248.25  258.91  270.64  281.47  284.32  289.91 1059.36 

$neval
 [1]   106   262   491  1884  1977  2518  3053  3187  3320  3410  4088  4882  5424  5962  6332  6478  6747  6886  7300  7441  7580  7716  7790  8903  9038  9174  9261  9810 10626 10699 11652 12144 12694 13232 13367 13644 50088

$fbest
[1] 552.6788

$xbest
 [1]   9.4452092 257.9982932   0.2242628  24.2100950 286.7384034  46.7964691  24.0000000   9.9984375   3.8856227   4.7298272

$numeval
[1] 50088

$end_crit
[1] 1

$cpu_time
elapsed 
1059.36 

$Refset
$Refset$x
             [,1]        [,2]       [,3]        [,4]        [,5]        [,6]        [,7]       [,8]        [,9]       [,10]
 [1,]   1.0000000   9.4280090 267.820200   0.5955963  27.6698300 286.8017000  47.5176100  24.159020   5.9817760   3.3830030
 [2,]   4.9330360   2.0000000   9.430419 267.9045000   0.5957683  27.6692900 286.8004000  47.517640  24.1593000   5.9818500
 [3,]   3.3797320   4.9330310   3.000000   9.4314630 267.6655000   0.5943242  27.6747300 286.800300  47.5162800  24.1593800
 [4,]   5.9818880   3.3810040   4.933057   4.0000000   9.4308550 268.0177000   0.5966877  27.676040 286.8000000  47.5181400
 [5,]  24.1642900   5.9818690   3.373903   4.9329970   5.0000000   9.4309280 268.0621000   0.596279  27.6684100 286.8011000
 [6,]  47.5166700  24.1638100   5.981848   3.3762610   4.9329220   6.0000000   9.4317330 268.082000   0.5963324  27.6677100
 [7,] 286.8003000  47.5161600  24.155520   5.9818770   3.3755410   4.9330380   7.0000000   9.429257 268.0543000   0.5972975
 [8,]  27.6692900 286.8005000  47.516620  24.1522700   5.9818450   3.3781090   4.9332350   8.000000   9.4301190 268.4612000
 [9,]   0.5964989  27.6578400 286.800500  47.5159100  24.1519800   5.9818330   3.3685470   4.933455   9.0000000   9.4317310
[10,] 268.2141000   0.5954390  27.657370 286.8004000  47.5157100  24.1539800   5.9818460   3.373803   4.9338760   9.4288630
[11,] 268.1333000   0.5978234  27.664030 286.8004000  47.5159300  24.1543600   5.9818510   3.379725   4.9331420   9.4307230
[12,] 267.7604000   0.5944886  27.676070 286.8006000  47.5235700  24.1594400   5.9821420   3.378117   4.9330470   9.7680900

$Refset$f
 [1] 754.2517 754.2517 754.2517 754.3125 754.3125 754.3125 754.3125 754.6806 754.6806 754.6372 756.6042 823.4427

$Refset$fpen
 [1] 754.2517 754.2517 754.2517 754.3125 754.3125 754.3125 754.3125 754.6806 754.6806 754.6372 756.6042 823.4427

$Refset$const
 [1] 24.286830 32.617000  8.330170  1.513311  2.336263 24.289560 32.620270  8.330710  1.513425  2.335833 24.293730 32.619000  8.325269  1.513427  2.335862 24.302140 32.626100  8.323958  1.513453  2.335951 24.292150 32.623740  8.331592
[24]  1.513359  2.336327 24.292170 32.624460  8.332286  1.513434  2.335651 24.291180 32.621890  8.330710  1.513419  2.335540 24.289300 32.631450  8.342158  1.513418  2.335549 24.283570 32.626200  8.342625  1.513426  2.335618 24.284300
[47] 32.620270  8.335973  1.513424  2.335640 24.297950 32.621880  8.323934  1.513408  2.335759 22.598130 32.117010  9.518885  1.520472  2.648336

$Refset$penalty
 [1] 0 0 0 0 0 0 0 0 0 0 0 0


