$f
 [1] 1771.0417 1439.0920 1195.7344 1188.0017 1178.5851 1146.2205 1084.7153 1033.3559 1030.1250  972.7101  964.8333  953.4288  930.2118  905.2309  893.0868  857.0156  851.1406  822.5017  819.7361  805.2187  802.5035  796.4757  796.0903
[24]  788.6337  783.9410  781.8351  778.3872  765.6267  763.7743  761.8264  761.7431  761.5451  761.5035  761.4809  761.4201  761.1163  761.0729  761.0174  760.5451  760.4878  760.0295  759.8142  759.5764  759.3524  758.8976  758.6701
[47]  757.5156  752.3837  741.1424  736.6458  736.6163  734.0122  731.8003

$x
           [,1]     [,2]      [,3]     [,4]     [,5]     [,6]     [,7]      [,8]     [,9]    [,10]
 [1,] 22.381712 155.3872 0.1635805 23.73902 286.0838 36.40548 32.05235  2.674332 5.059829 2.758847
 [2,]  5.000000 242.9449 0.2590247 28.00316 284.0000 48.00000 32.15426 10.000000 3.573621 4.890210
 [3,]  5.000000 242.7886 0.3532435 28.00316 284.0047 47.60000 32.13394  9.800000 3.766266 4.890210
 [4,]  5.187634 242.3500 0.3421492 27.93524 284.0010 47.49522 32.12119  9.807359 3.735268 4.796297
 [5,]  5.249337 242.4757 0.3402302 27.92237 284.0013 47.45349 32.11499  9.806676 3.732263 4.760017
 [6,] 24.558209 200.6934 0.4491283 22.52817 286.5220 40.61814 24.00000  3.537607 5.393698 1.201947
 [7,] 32.127258 208.3708 0.4325484 22.92786 286.2167 29.27716 24.02483  5.588602 4.888505 2.791017
 [8,] 32.127258 208.3708 0.4325484 22.90442 286.3479 29.27716 24.00000  5.588602 4.885380 2.814767
 [9,] 21.660429 232.4723 0.4533645 24.01617 286.6130 36.00101 26.05193  7.133969 4.739639 2.492266
[10,] 21.660429 232.4723 0.4547708 24.20367 286.5755 36.02601 26.05193  7.133969 4.658389 2.492266
[11,] 21.322813 229.6518 0.3975961 24.62600 286.5882 37.39797 25.56552  7.078169 4.524591 2.591316
[12,] 21.765221 214.4272 0.3908456 24.75330 286.5821 37.34942 25.46972  7.140108 4.524669 2.527370
[13,] 21.880741 227.0270 0.4878708 23.84838 286.6164 37.50702 25.36785  7.098355 4.658605 2.448992
[14,] 21.880741 229.5270 0.5328708 23.84838 286.6164 37.50702 25.53035  7.098355 4.558605 2.448992
[15,] 22.146700 231.8831 0.4772913 23.89594 286.5522 36.97056 25.64033  6.877956 4.639749 2.407045
[16,] 22.146700 231.2581 0.5082288 23.89594 286.5522 37.07056 25.72158  6.877956 4.589749 2.383295
[17,] 21.754079 223.3274 0.5092380 24.35427 286.6401 37.45681 26.08974  7.168128 4.511111 2.393746
[18,] 21.972829 223.3274 1.0000000 24.35683 286.6401 37.45681 26.08974  7.168128 4.511111 2.393746
[19,] 21.468268 225.1130 0.5043824 24.36544 286.6482 37.49091 25.99768  7.167361 4.452437 2.428874
[20,] 21.522955 224.4880 0.5268824 24.36544 286.6459 37.49091 26.01800  7.167361 4.461812 2.428874
[21,] 21.633694 220.7986 0.5071989 24.37499 286.6458 37.49033 26.00123  7.167500 4.465874 2.413480
[22,] 21.847610 220.7986 0.5071989 24.37499 286.6441 37.49033 26.00123  7.167500 4.417895 2.413480
[23,] 21.857911 220.3893 0.5097383 24.32146 286.6454 37.49450 25.99930  7.167362 4.463997 2.415478
[24,] 21.857911 220.3893 0.5547383 24.32146 286.6454 37.49450 25.99930  7.167362 4.445247 2.415478
[25,] 22.146523 216.5312 0.6348865 24.34861 286.6455 37.48352 26.00839  7.167350 4.468340 2.416333
[26,] 22.303653 216.4288 0.7463622 24.35129 286.6455 37.47817 26.00904  7.167215 4.469494 2.416801
[27,] 22.067707 214.9092 0.6799730 24.34685 286.6464 37.47498 26.00501  7.167344 4.469730 2.416898
[28,] 22.083258 215.0507 0.9645335 24.35200 286.6453 37.48748 25.99793  7.167480 4.476752 2.416001
[29,] 22.069307 215.1665 0.9495927 24.35011 286.6442 37.49083 26.00283  7.167514 4.474389 2.415185
[30,] 22.026275 215.1582 0.9931179 24.34990 286.6439 37.49495 25.99313  7.167671 4.476211 2.414529
[31,] 22.006702 215.1281 0.9899803 24.35760 286.6444 37.49132 25.99848  7.167588 4.475828 2.415185
[32,] 22.005110 215.3088 0.9610969 24.35507 286.6445 37.49255 25.99916  7.167521 4.474771 2.415257
[33,] 21.997500 215.3747 0.9680218 24.35896 286.6445 37.49468 25.99847  7.167566 4.475044 2.415193
[34,] 21.999813 215.4597 0.9667812 24.35075 286.6445 37.49248 25.99710  7.167547 4.474949 2.415274
[35,] 21.997502 215.5593 0.9700564 24.35480 286.6450 37.48870 25.99903  7.167476 4.470633 2.415029
[36,] 22.004969 215.5162 0.9702063 24.35788 286.6446 37.49369 25.99821  7.167558 4.447281 2.415640
[37,] 22.000920 215.4960 0.9696564 24.35701 286.6445 37.49128 25.99808  7.167545 4.451440 2.415415
[38,] 21.998326 215.4493 0.9693186 24.35579 286.6445 37.49118 25.99794  7.167565 4.456929 2.415234
[39,] 21.976057 216.1257 0.9708675 24.34505 286.6447 37.49519 25.99380  7.167719 4.454044 2.415621
[40,] 21.979143 217.4938 0.9688642 24.25616 286.6444 37.49578 25.99533  7.167700 4.454373 2.415817
[41,] 21.979143 217.4938 0.9688642 24.25616 286.6444 37.49578 25.99533  7.167700 4.451248 2.415817
[42,] 21.967026 219.1625 0.9696728 24.18525 286.6443 37.49663 25.99526  7.167738 4.454393 2.416388
[43,] 21.941995 219.0330 0.9691225 24.20344 286.6441 37.49629 25.99581  7.167755 4.455950 2.416119
[44,] 21.940855 219.0678 0.9689770 24.20310 286.6440 37.49618 25.99594  7.167763 4.455925 2.416158
[45,] 21.935174 219.0230 0.9684815 24.20995 286.6439 37.49628 25.99592  7.167765 4.455734 2.416092
[46,] 21.935174 219.0230 0.9909815 24.20995 286.6439 37.49628 25.99592  7.167765 4.468234 2.416092
[47,] 21.944759 217.9415 0.9557904 24.16723 286.6448 37.49101 25.99484  7.161973 4.465289 2.392373
[48,] 21.944759 217.9415 1.0000000 24.16138 286.6448 37.49101 25.99992  7.161973 4.459039 2.386436
[49,] 21.936344 217.4685 0.9774649 24.18637 286.6445 37.49626 25.99617  7.163974 4.468251 2.394879
[50,] 21.936344 217.4685 0.9999649 24.18637 286.6445 37.49626 25.99617  7.163974 4.449501 2.394879
[51,] 21.826078 220.5036 0.9730879 24.11525 286.6443 37.49680 25.99422  7.162665 4.453311 2.401305
[52,] 21.826078 220.5817 1.0000000 24.11525 286.6443 37.49680 25.99422  7.162665 4.453311 2.401305
[53,] 21.826078 220.5817 1.0000000 23.92775 286.6446 37.49680 25.99422  7.162665 4.465811 2.401305

$time
elapsed elapsed elapsed elapsed elapsed elapsed elapsed elapsed elapsed elapsed elapsed elapsed elapsed elapsed elapsed elapsed elapsed elapsed elapsed elapsed elapsed elapsed elapsed elapsed elapsed elapsed elapsed elapsed elapsed elapsed 
   1.82    5.17    8.86   21.42   28.25   34.60   37.61   42.75   90.52   94.13  115.91  122.58  128.50  130.49  197.63  200.25  229.72  231.97  262.89  265.07  319.61  321.89  408.92  411.27  500.22  504.52  507.46  510.47  513.33  519.74 
elapsed elapsed elapsed elapsed elapsed elapsed elapsed elapsed elapsed elapsed elapsed elapsed elapsed elapsed elapsed elapsed elapsed elapsed elapsed elapsed elapsed elapsed elapsed 
 531.36  539.17  556.05  569.38  592.50  617.83  623.53  646.08  733.91  755.71  765.74  786.64  799.39  802.24  808.64  827.74  952.92  954.99  976.63  986.86 1109.47 1111.16 1116.80 

$neval
 [1]   106   255   386   946  1222  1494  1629  1870  3883  3990  4799  5068  5341  5435  8409  8536  9900 10008 11376 11482 13932 14038 17960 18041 22157 22368 22513 22660 22800 23083 23639 23984 24792 25402 26492 27665 27939 28953 33017
[40] 34038 34521 35469 36089 36227 36501 37385 42885 42980 43929 44415 49869 49948 50082

$fbest
[1] 731.8003

$xbest
 [1]  21.826078 220.581729   1.000000  23.927749 286.644625  37.496801  25.994216   7.162665   4.465811   2.401305

$numeval
[1] 50082

$end_crit
[1] 1

$cpu_time
elapsed 
 1116.8 

$Refset
$Refset$x
             [,1]        [,2]       [,3]       [,4]       [,5]        [,6]        [,7]        [,8]        [,9]       [,10]
 [1,]   1.0000000  21.8260800   1.000000 286.644332  25.994216   4.4533110  21.8260800   1.0000000 286.6443320  25.9942160
 [2,]   4.4533110   2.0000000 220.581730  24.115250  37.496801   7.1626650   2.4013050 220.5817300  24.1152500  37.4968010
 [3,]   7.1626650   2.4013050   3.000000  21.826080 220.503600   0.9730879  24.1152490 286.6443320  37.4968000  25.9942200
 [4,]   7.1626650   4.4533110   2.401305   4.000000  21.957720 218.2531700   0.9660155  24.1234150 286.6437290  37.4950000
 [5,]  25.9959800   7.1628200   4.456514   2.400475   5.000000  21.9059700 214.6617600   0.9412816  24.3775500 286.6434800
 [6,]  37.4838100  25.9820900   7.162779   4.464431   2.399509   6.0000000  21.9338900 219.4915000   0.9115312  24.8143580
 [7,] 286.6410670  37.4920100  25.959000   7.163446   4.458900   2.3993370   7.0000000  21.8188000 221.4627500   0.9605087
 [8,]  24.1679650 286.6444800  37.491670  25.998280   7.169301   4.4810150   2.4001270   8.0000000  21.9508600 227.7462100
 [9,]   0.9557919  24.2119300 286.647926  37.501560  26.047600   7.1629510   4.4613900   2.4006240   9.0000000  21.8499200
[10,] 219.7737200   0.9579035  24.166019 286.643995  37.501330  25.9808900   7.1625380   4.4626670   2.4089900  21.8746400
[11,] 215.8678900   0.9757726  24.194649 286.623195  36.788530  25.9825400   7.9057770   4.6271130   2.4116360  21.9449000
[12,] 224.3330400   0.9481867  24.447056 286.647149  37.362300  26.1519900   7.1629860   4.4670850   2.3992050  21.1745500

$Refset$f
 [1] 734.0122 734.0122 736.6163 739.9410 742.4809 749.8872 771.2795 771.6285 778.8264 793.7188 809.4826 855.8993

$Refset$fpen
 [1] 734.0122 734.0122 736.6163 739.9410 742.4809 749.8872 771.2795 771.6285 778.8264 793.7188 809.4826 855.8993

$Refset$const
 [1] 19.661940 11.884751  2.788302 31.546689  1.512152 31.546690  1.512152 19.661939 11.884751  2.788302 19.661940 31.546689 11.884751  1.512152  2.788302 19.666900 31.543486 11.876585  1.512209  2.788315 19.913120 31.535569 11.622450
[24]  1.512261  2.787698 20.355460 31.541100 11.185642  1.512648  2.784308 19.686950 31.518985 11.832035  1.512106  2.789004 19.750540 31.538610 11.788070  1.511546  2.793975 19.703350 31.537333 11.833981  1.512254  2.786780 19.567540
[47] 31.372887 11.805351  1.512672  2.821399 19.979970 31.532915 11.552944  1.510842  2.810812 19.967750 31.043435 11.075681  1.517809  2.687933

$Refset$penalty
 [1] 0 0 0 0 0 0 0 0 0 0 0 0


