$f
 [1] 1261.0764  979.6632  598.4358  595.3958  558.9010  510.6042  502.1788  488.8906  451.3854  434.3125  419.4983  412.1285  394.0573  378.8281  375.6111  366.8941  360.2778  359.7326  358.9427  358.4618  357.8368  357.4167  356.0903
[24]  356.0156  354.4323  354.2569  353.9288  353.7639  353.6858  353.4271  353.2726  353.2413  353.0868  352.9687  331.2483  322.8819  294.5833  278.8819  278.8819

$x
           [,1]     [,2]      [,3]     [,4]     [,5]     [,6]     [,7]     [,8]     [,9]    [,10]
 [1,]  7.239222 346.9068 0.6568495 28.62606 284.9898 37.90057 28.82197 7.288974 2.543133 3.335669
 [2,] 18.906080 324.4592 0.8798285 18.10587 286.4235 40.10095 28.03777 6.548485 4.783154 3.759755
 [3,] 18.906080 344.4592 0.6548285 18.05900 286.4235 40.10095 28.03777 6.304735 4.083154 2.999755
 [4,] 21.239309 286.6721 0.6725061 18.55398 286.4883 33.16684 27.23830 6.831170 6.355057 1.934724
 [5,] 21.467796 369.8880 0.8503368 17.65022 286.3168 27.86270 24.15942 7.083552 6.140892 2.336012
 [6,] 19.598890 328.1167 0.3248159 17.76014 286.3290 33.65745 26.47014 6.716624 6.147236 3.151404
 [7,] 19.212903 396.8889 0.6112883 18.15308 286.4541 34.23621 27.85528 6.607304 4.534855 2.165796
 [8,] 19.301651 319.2231 0.6114648 18.11232 286.4978 34.67195 27.81950 6.732117 6.086468 1.720304
 [9,] 19.275342 361.4546 0.6113210 18.13832 286.4811 34.38288 27.85014 6.576629 5.347200 1.915286
[10,] 19.275342 341.4546 0.5213210 18.13832 286.4811 34.38288 27.85014 6.576239 5.497200 1.915286
[11,] 19.463827 326.4050 0.1000000 18.22810 286.5526 36.14969 26.85679 7.416822 4.770849 3.152979
[12,] 19.463827 326.4050 0.1003931 17.86621 286.5526 36.14969 26.85679 7.420423 4.752099 3.135166
[13,] 17.946612 357.4439 0.5627018 19.20356 286.4563 34.24943 27.84735 6.578085 5.006228 1.942601
[14,] 18.048936 356.2120 0.5549979 19.64245 286.4291 34.22348 27.80233 6.582232 4.852496 1.939017
[15,] 18.048936 355.8995 0.5774979 19.26745 286.4291 34.22348 27.80233 6.582232 4.877496 1.939017
[16,] 17.377260 358.0911 0.5008491 19.07044 286.4156 34.03378 27.89201 6.571219 5.604726 1.944447
[17,] 17.349917 358.0911 0.4783491 19.07044 286.4156 34.03378 28.05451 6.571414 5.604726 1.944447
[18,] 17.414321 360.3431 0.5505313 19.15357 286.4206 34.06053 27.61014 6.570489 5.557763 1.944695
[19,] 17.417256 359.6227 0.5191670 19.10165 286.4106 34.03640 27.98737 6.571376 5.551049 1.943733
[20,] 17.415111 359.5557 0.5190051 19.09543 286.4110 34.03643 27.99086 6.571345 5.555727 1.944060
[21,] 17.437866 358.0282 0.5118944 19.10942 286.4156 34.03512 27.99376 6.571704 5.563849 1.943522
[22,] 17.441284 357.9891 0.5117186 19.10942 286.4156 34.03512 27.99376 6.571704 5.563849 1.943522
[23,] 17.432633 358.0679 0.5227917 19.13425 286.4086 34.05620 27.97792 6.575997 5.560011 1.952035
[24,] 17.436051 358.0679 0.5227917 19.13425 286.4086 34.05620 27.97792 6.575997 5.560011 1.952035
[25,] 17.432389 358.3356 0.5147721 19.12047 286.4103 34.03873 27.98178 6.574292 5.554364 1.953259
[26,] 17.432032 358.3422 0.5137033 19.12420 286.4096 34.03890 27.98193 6.574315 5.555569 1.953243
[27,] 17.437784 358.1445 0.5142713 19.11992 286.4115 34.03622 27.99095 6.573864 5.553573 1.953046
[28,] 17.434104 358.1378 0.5135179 19.12067 286.4126 34.03588 27.98701 6.573796 5.554955 1.952648
[29,] 17.435822 358.1458 0.5137678 19.12052 286.4124 34.03605 27.99091 6.573805 5.554127 1.952841
[30,] 17.409008 357.5680 0.5106940 19.13202 286.4123 34.03609 27.99137 6.573831 5.554998 1.953065
[31,] 17.410047 357.5584 0.5105970 19.13310 286.4123 34.03610 27.99117 6.573835 5.554851 1.953044
[32,] 17.409651 358.1282 0.5145948 19.12135 286.4124 34.03609 27.98992 6.573817 5.553168 1.953011
[33,] 17.405868 357.9232 0.5120561 19.12497 286.4124 34.03661 27.99132 6.573908 5.555967 1.952826
[34,] 17.398958 355.4990 0.4883320 19.16379 286.4130 34.03698 27.99028 6.573426 5.556778 1.953379
[35,] 14.287957 359.9089 0.5150351 19.24617 286.4305 36.45918 27.90042 7.108483 5.741430 1.524306
[36,] 14.287957 359.9870 0.4928867 19.24617 286.4305 36.45918 27.90042 7.108483 5.741430 1.524306
[37,] 13.863321 360.4940 0.5146467 19.27418 286.4348 36.66857 27.89893 7.257170 5.734272 1.367559
[38,] 13.433464 360.4940 0.5407799 19.27418 286.4348 36.66857 27.89893 7.257170 5.934272 1.367559
[39,] 13.433464 360.4940 0.5407799 19.27418 286.4348 36.66857 27.89893 7.257170 5.934272 1.367559

$time
elapsed elapsed elapsed elapsed elapsed elapsed elapsed elapsed elapsed elapsed elapsed elapsed elapsed elapsed elapsed elapsed elapsed elapsed elapsed elapsed elapsed elapsed elapsed elapsed elapsed elapsed elapsed elapsed elapsed elapsed 
   2.03    5.56    8.73   23.06   26.28   32.75   36.06   39.28   43.22   45.33   58.70   81.11  101.30  104.64  116.33  183.80  185.94  258.00  278.31  284.31  290.58  292.53  359.12  360.84  373.12  392.33  400.98  413.72  438.15  689.45 
elapsed elapsed elapsed elapsed elapsed elapsed elapsed elapsed elapsed 
 694.25  716.39  720.25  804.39  997.55  999.51 1060.15 1063.40 1198.08 

$neval
 [1]   106   257   393   974  1112  1387  1528  1665  1804  1897  2439  3349  4166  4303  4803  7523  7612 10618 11513 11795 12071 12155 15005 15078 15623 16448 16794 17344 18368 28679 28883 29829 29966 33468 41681 41766 44359 44467 50065

$fbest
[1] 278.8819

$xbest
 [1]  13.4334639 360.4940039   0.5407799  19.2741789 286.4348018  36.6685701  27.8989255   7.2571697   5.9342715   1.3675592

$numeval
[1] 50065

$end_crit
[1] 1

$cpu_time
elapsed 
1198.08 

$Refset
$Refset$x
             [,1]        [,2]       [,3]        [,4]        [,5]        [,6]        [,7]        [,8]        [,9]       [,10]
 [1,]   1.0000000  17.4112300 358.881400   0.5167935  19.1247400 286.4123000  34.0364400  27.9918300   6.5738130   5.5486920
 [2,]   1.9534810   2.0000000  17.415300 358.2799000   0.5144848  19.1275500 286.4120000  34.0407000  27.9929300   6.5726430
 [3,]   5.5556140   1.9429340   3.000000  17.4146100 358.2919000   0.5148409  19.1415100 286.4110000  34.0344500  27.9857300
 [4,]   6.5723550   5.5470360   1.949405   4.0000000  17.3999000 358.5712000   0.5141912  19.1409200 286.4079000  34.0228700
 [5,]  27.9789600   6.5709640   5.551777   1.9443400   5.0000000  17.4072500 358.1663000   0.5164054  19.1234300 286.4120000
 [6,]  34.0485900  27.9779600   6.574056   5.5721600   1.9472840   6.0000000  17.4068500 357.5681000   0.5157619  19.1134400
 [7,] 286.4110000  34.0620000  27.974180   6.5750730   5.5790060   1.9441180   7.0000000  17.4207300 357.2121000   0.5124753
 [8,]  19.1414800 286.4120000  34.031000  27.9863300   6.5787330   5.5488410   1.9448540   8.0000000  17.4228300 357.1370000
 [9,]   0.5123184  19.1393800 286.411000  34.0323900  27.9837100   6.5790610   5.5487570   1.9442600   9.0000000  17.4159600
[10,] 357.2309000   0.5123433  19.140470 286.4114000  34.0307500  27.9917800   6.5792830   5.5509050   1.9428180  17.4144400
[11,] 358.3455000   0.5154616  19.133590 286.4121000  34.0363900  27.9866800   6.5737850   5.5486920   1.9520180  17.4170500
[12,] 357.2220000   0.5117650  19.143430 286.4112000  34.0322800  27.9785400   6.5726680   5.5492850   1.9454940  17.3815800

$Refset$f
 [1] 354.1597 357.6979 357.9219 358.2743 358.4219 359.0382 360.8177 360.8177 360.8177 357.4392 360.6042 362.8125

$Refset$fpen
 [1] 354.1597 357.6979 357.9219 358.2743 358.4219 359.0382 360.8177 360.8177 360.8177 357.4392 360.6042 362.8125

$Refset$const
 [1] 13.576040 30.451310 16.875260  1.518210  3.148005 13.571930 30.444390 16.872450  1.518254  3.147629 13.594470 30.452960 16.858490  1.518396  3.146960 13.589140 30.448220 16.859080  1.518790  3.145927 13.551270 30.427840 16.876570
[24]  1.518382  3.145131 13.534430 30.420990 16.886560  1.518598  3.142989 13.592640 30.451160 16.858520  1.518246  3.147787 13.590620 30.451240 16.860620  1.518406  3.146897 13.589570 30.449100 16.859530  1.518297  3.148167 13.584900
[47] 30.451310 16.866410  1.518265  3.147329 13.594140 30.450720 16.856570  1.518410  3.146392 13.582030 30.448640 16.866610  1.518534  3.144109

$Refset$penalty
 [1] 0 0 0 0 0 0 0 0 0 0 0 0


