$f
 [1] 1517.1719  988.7014  519.1580  481.8316  475.6597  408.0990  402.0573  396.0174  387.4722  387.3698  382.4080  373.9375  366.5069  363.9740  363.1337  361.6319  352.4705  351.7031  349.1128  344.8681  343.4323  341.8038  341.6944
[24]  341.3785  340.3281  339.7170  337.0660  335.0208  331.4861  329.6128  329.3281  321.9913  321.7292  321.5330  319.2674  319.1198  318.7240  318.2951  317.9253  317.4601  317.1476  316.8837  316.6024  316.5208  316.4757  316.4757

$x
          [,1]     [,2]      [,3]     [,4]     [,5]     [,6]     [,7]     [,8]     [,9]    [,10]
 [1,] 15.24763 318.2397 0.6906017 15.10384 285.9722 46.13336 34.75773 6.522458 9.853547 4.435983
 [2,] 33.18205 245.5321 0.4979318 23.39663 286.0840 26.54032 24.00000 5.957025 5.336820 1.776668
 [3,] 28.80705 240.5321 0.1000000 23.39663 286.1683 26.94032 24.00000 5.957025 4.980570 1.782606
 [4,] 27.30074 241.8435 0.1000000 23.45310 286.1826 27.80238 24.00000 5.951902 5.206021 1.919481
 [5,] 27.30074 241.8435 0.1000000 23.26560 286.1826 27.80238 24.00000 5.951902 5.206021 1.919481
 [6,] 16.45570 391.2940 0.1978263 19.27477 286.5847 36.83375 25.13843 6.295413 7.029826 3.825099
 [7,] 16.45394 391.2940 0.1978263 19.27175 286.5859 36.85952 25.26030 6.295413 7.029826 3.822131
 [8,] 16.60349 387.4600 0.2036645 19.30706 286.5995 36.53533 25.10538 6.298864 7.015612 3.809093
 [9,] 16.54149 388.5589 0.1947957 19.29044 286.5687 36.29055 25.12791 6.295158 7.036051 3.828174
[10,] 16.53685 388.5058 0.1940282 19.38101 286.5687 36.28513 25.12326 6.295366 7.055961 3.808785
[11,] 16.45311 388.5058 0.2165282 19.39273 286.5687 36.27263 25.12326 6.295366 7.049711 3.808785
[12,] 16.99567 390.8411 0.1929918 18.72181 286.5287 35.49514 25.69351 6.420026 7.112627 3.409578
[13,] 16.99567 390.8411 0.1704918 18.72181 286.5287 35.49514 25.69351 6.420026 7.125127 3.421453
[14,] 17.87980 356.4490 0.1597630 19.38295 286.5130 35.36579 25.25227 6.395263 7.229250 3.732817
[15,] 17.86612 356.4490 0.1597630 19.38295 286.5130 35.36579 25.21165 6.395263 7.229250 3.732817
[16,] 17.77789 367.8882 0.1831992 19.29202 286.5293 35.48850 25.17867 6.386290 7.094456 3.500413
[17,] 17.81536 372.5070 0.1990854 19.27388 286.5205 35.51376 25.12396 6.388271 7.109622 3.401448
[18,] 17.81856 368.5278 0.1938101 19.27456 286.5213 35.51701 25.10820 6.388289 7.137732 3.432092
[19,] 18.18780 352.9107 0.1389041 19.27037 286.5387 35.47745 25.39615 6.408741 6.953789 3.481811
[20,] 18.19123 352.9107 0.1392557 19.27037 286.5340 35.57745 25.23365 6.408741 6.953789 3.481811
[21,] 18.00357 352.8873 0.1793005 19.55093 286.5312 35.51273 25.39367 6.426791 7.018559 3.441783
[22,] 18.00357 352.8873 0.1793005 19.55093 286.5312 35.51273 25.31242 6.426791 7.018559 3.444752
[23,] 17.80074 371.0249 0.1632257 19.40023 286.5461 35.60156 25.31440 6.421179 6.580162 3.408911
[24,] 17.80074 371.0249 0.1631378 19.40023 286.5461 35.60156 25.27377 6.421179 6.580162 3.408911
[25,] 17.74607 360.8085 0.1662494 19.68090 286.5418 35.60957 25.31812 6.412240 6.755347 3.499560
[26,] 17.72875 364.0269 0.1679739 19.89030 286.5397 35.58010 25.31171 6.411259 6.492674 3.444037
[27,] 17.80671 371.2025 0.1582745 19.74033 286.5445 35.58400 25.40104 6.407188 6.403126 3.308086
[28,] 17.74720 373.2601 0.1576861 19.71197 286.5436 35.58517 25.38806 6.407009 6.425904 3.317607
[29,] 17.78279 367.6599 0.1583401 19.55613 286.5400 35.59410 25.35933 6.410895 6.551335 3.311399
[30,] 17.76349 374.2236 0.1587837 19.65273 286.5437 35.58476 25.41674 6.409137 6.462429 3.308335
[31,] 17.83798 358.8745 0.1590773 19.87759 286.5431 35.60156 25.35047 6.405577 6.530181 3.282105
[32,] 17.76703 355.4706 0.1630845 19.79678 286.5437 35.59950 25.29139 6.406982 6.785137 3.303576
[33,] 17.76863 356.2870 0.1622119 19.85816 286.5425 35.59410 25.29330 6.407740 6.725733 3.300366
[34,] 17.73645 357.6319 0.1617090 19.83497 286.5456 35.62071 25.27751 6.408854 6.701148 3.275251
[35,] 17.73645 357.4756 0.1617090 19.83497 286.5456 35.62071 25.31813 6.408854 6.701148 3.278220
[36,] 17.99258 360.7140 0.1544971 19.85138 286.5388 35.61869 25.22149 6.414881 6.555301 3.257052
[37,] 17.97207 360.7140 0.1544971 19.85138 286.5388 35.62025 25.22149 6.414881 6.558426 3.257052
[38,] 17.98028 361.3108 0.1540854 19.85135 286.5388 35.61974 25.22249 6.415005 6.549258 3.257053
[39,] 17.98463 361.5272 0.1540598 19.85593 286.5388 35.61976 25.22710 6.415015 6.547538 3.254881
[40,] 18.07863 360.3457 0.1503582 19.85900 286.5392 35.62607 25.26810 6.414585 6.519471 3.258156
[41,] 18.07406 361.8981 0.1509692 19.85045 286.5338 35.63055 25.22574 6.417618 6.475795 3.254652
[42,] 18.11163 361.7342 0.1508761 19.85656 286.5352 35.63510 25.23706 6.417678 6.457676 3.256624
[43,] 18.12342 361.6602 0.1508551 19.85653 286.5352 35.63539 25.23406 6.417558 6.457052 3.256584
[44,] 18.11305 361.3171 0.1508307 19.85640 286.5357 35.63075 25.23946 6.417335 6.468430 3.257806
[45,] 18.11882 361.2436 0.1513133 19.87332 286.5352 35.63946 25.22818 6.417160 6.459527 3.263273
[46,] 18.11882 361.2436 0.1513133 19.87332 286.5352 35.63946 25.22818 6.417160 6.459527 3.263273

$time
elapsed elapsed elapsed elapsed elapsed elapsed elapsed elapsed elapsed elapsed elapsed elapsed elapsed elapsed elapsed elapsed elapsed elapsed elapsed elapsed elapsed elapsed elapsed elapsed elapsed elapsed elapsed elapsed elapsed elapsed 
   1.92    5.47    9.53   36.45   44.50   87.26   89.65  102.19  111.58  121.47  123.86  129.56  155.22  230.31  232.19  238.09  244.25  257.48  263.56  265.87  291.76  299.83  328.98  334.01  337.37  347.00  350.94  354.12  357.20  366.56 
elapsed elapsed elapsed elapsed elapsed elapsed elapsed elapsed elapsed elapsed elapsed elapsed elapsed elapsed elapsed elapsed 
 397.17  408.22  421.37  430.45  436.22  492.84  495.53  506.95  521.06  529.23  594.65  599.44  633.79  646.33 1072.64 1177.61 

$neval
 [1]   106   259   437  1558  1909  3657  3760  4302  4714  5124  5227  5495  6651  9928 10008 10279 10549 11090 11360 11461 12535 12885 14105 14322 14464 14875 15013 15151 15287 15692 16984 17467 18023 18432 18654 21084 21170 21709 22384
[40] 22727 25551 25757 27182 27728 45721 50051

$fbest
[1] 316.4757

$xbest
 [1]  18.1188245 361.2436401   0.1513133  19.8733224 286.5352093  35.6394568  25.2281772   6.4171601   6.4595273   3.2632727

$numeval
[1] 50051

$end_crit
[1] 1

$cpu_time
elapsed 
1177.61 

$Refset
$Refset$x
             [,1]        [,2]       [,3]        [,4]       [,5]       [,6]        [,7]        [,8]        [,9]       [,10]
 [1,]   1.0000000  18.1205600 361.242000   0.1505477  19.866650 286.535800  35.6408500  25.2357300   6.4173010   6.4578920
 [2,]   3.2581100   2.0000000  18.120800 361.2374000   0.150566  19.866450 286.5359000  35.6409800  25.2343600   6.4172950
 [3,]   6.4582610   3.2581640   3.000000  18.1201800 361.088400   0.150541  19.8712100 286.5359000  35.6421400  25.2345200
 [4,]   6.4185360   6.4572930   3.258947   4.0000000  18.119690 361.450900   0.1505532  19.8822300 286.5363000  35.6440100
 [5,]  25.2241500   6.4176920   6.445345   3.2581790   5.000000  18.097800 363.7626000   0.1694433  19.8464200 286.5328000
 [6,]  35.7672000  25.2436600   6.436119   6.4395320   3.161015   6.000000  18.1314400 354.2628000   0.1551404  19.9120500
 [7,] 286.5289000  35.8015400  25.207900   6.4165830   6.562917   3.280939   7.0000000  18.1171000 353.8656000   0.1507298
 [8,]  19.9265600 286.5248000  35.721230  25.1788000   6.420469   6.565566   3.2751060   8.0000000  18.1014800 362.1831000
 [9,]   0.1680376  19.9226500 286.531900  35.7343300  25.263890   6.433532   6.4389430   3.1965210   9.0000000  18.1102200
[10,] 360.5310000   0.1655382  19.913060 286.5350000  35.644880  25.232890   6.4192380   6.3694380   3.2585330  18.0846100
[11,] 366.8197000   0.1623083  19.862590 286.5978000  35.417830  24.627720   6.4128910   6.5846350   3.2132200  13.2909100
[12,] 320.3696000   0.2128557  19.759240 286.0641000  43.537550  28.875090   7.6951000   6.4105170   2.8847540  17.4833600

$Refset$f
 [1] 316.5208 316.5208 316.8038 317.3108 317.3299 317.9115 317.9375 320.9340 321.2049 461.1354 590.5747 741.3993

$Refset$fpen
 [1] 316.5208 316.5208 316.8038 317.3108 317.3299 317.9115 317.9375 320.9340 321.2049 461.1354 590.5747 741.3993

$Refset$const
 [1] 13.408760 29.542110 16.133350  1.522558  2.792577 13.408190 29.541740 16.133550  1.522551  2.792487 13.413920 29.542710 16.128790  1.522555  2.792426 13.436880 29.554660 16.117770  1.522548  2.791557 13.406880 29.560470 16.153580
[24]  1.523215  2.784195 13.349130 29.437080 16.087950  1.523894  2.777391 13.360990 29.434430 16.073440  1.524262  2.778254 13.483710 29.561060 16.077350  1.523156  2.787690 13.543630 29.630560 16.086940  1.522667  2.791780 13.277960
[47] 29.415360 16.137410  1.517179  2.776509 13.348730 29.589480 16.240760  1.578876  2.503947 12.644000 29.940000 17.296010  1.538688  2.572392

$Refset$penalty
 [1] 0 0 0 0 0 0 0 0 0 0 0 0


