$f
 [1] 1379.1545 1064.0625  835.8108  782.1493  707.6076  690.7083  650.0417  635.9809  603.3299  577.6441  575.2205  561.1372  559.6198  540.9826  538.8351  536.4896  532.9253  519.0260  518.1441  516.7674  515.2118  514.2934  512.0156
[24]  511.9809  511.3576  510.1910  510.0295  509.8924  509.1684  509.0312  508.8194  508.5764  508.4080  508.3507  508.1858  508.1858

$x
          [,1]     [,2]      [,3]     [,4]     [,5]     [,6]     [,7]     [,8]     [,9]    [,10]
 [1,] 27.28471 102.1851 0.4610203 24.57073 286.4129 47.27699 25.92778 4.278668 3.030788 2.119223
 [2,] 12.23667 472.2204 0.6730256 15.13378 285.8608 41.24400 33.34141 4.960596 7.420840 2.253002
 [3,] 12.23667 497.8106 0.6981814 15.13378 285.8608 40.44400 33.34141 4.960596 7.534816 2.328087
 [4,] 14.68615 226.4984 0.3544808 29.58770 286.1242 47.91381 34.42153 4.544335 2.702464 2.045373
 [5,] 19.74083 334.6646 0.7239966 22.82741 286.2056 36.48882 33.21015 3.224775 3.731634 1.853955
 [6,] 19.74083 334.6646 0.7155591 22.82741 286.2244 36.48882 33.21015 3.256025 3.781634 1.901455
 [7,] 13.88765 485.7919 0.5736651 18.67184 286.1796 41.69849 32.79725 6.780068 2.284278 1.691101
 [8,] 14.27682 486.6217 0.5358911 19.40768 286.1824 42.73211 32.34771 6.663840 2.345668 1.725299
 [9,] 13.90666 486.3385 0.5738626 18.97743 286.1802 42.33066 32.56700 6.726595 2.290806 1.699252
[10,] 13.90666 486.3385 0.5738626 19.00087 286.1802 42.33066 32.52637 6.726595 2.295559 1.734877
[11,] 14.89360 387.2084 0.3465344 22.24440 286.3116 41.39128 32.68081 6.132504 3.139341 2.286178
[12,] 14.89360 387.2084 0.3465344 21.86940 286.3113 41.38503 32.69097 6.132504 3.175278 2.286178
[13,] 15.22220 396.0187 0.4764163 22.09067 286.2753 42.26427 32.66813 6.153458 2.320470 2.394644
[14,] 15.12570 398.8508 0.4745085 22.26286 286.2740 42.25649 32.61876 6.150170 2.349958 2.383475
[15,] 15.12570 398.8508 0.4970085 22.26286 286.2740 42.25649 32.61876 6.150170 2.362458 2.383475
[16,] 14.90963 412.7226 0.4862930 22.08833 286.2519 42.24765 32.52980 6.152398 2.472662 2.398396
[17,] 14.90963 412.9569 0.4862930 22.08833 286.2496 42.24765 32.36730 6.152398 2.471039 2.398396
[18,] 14.81106 417.6231 0.5250508 21.54284 286.2451 42.23998 32.38300 6.153721 2.674815 2.395940
[19,] 14.81178 416.2109 0.6519783 21.95203 286.2460 42.23975 32.38683 6.153412 2.626886 2.395604
[20,] 14.81178 416.2109 0.6744783 21.95056 286.2460 42.23975 32.38683 6.153412 2.639386 2.395604
[21,] 14.55592 411.0240 0.5959227 22.21258 286.2473 42.24284 32.37907 6.153450 2.638640 2.391730
[22,] 14.55592 411.0240 0.5509227 22.21258 286.2473 42.24284 32.37907 6.153450 2.638640 2.391730
[23,] 14.56379 411.9078 0.6084160 22.26230 286.2475 42.24565 32.37505 6.153367 2.644970 2.392440
[24,] 14.51343 412.2910 0.5584387 22.21941 286.2475 42.24294 32.37554 6.153543 2.625784 2.392620
[25,] 14.50259 412.1529 0.5658656 22.25885 286.2475 42.24840 32.37443 6.153533 2.618399 2.392317
[26,] 14.47434 412.0937 0.6018582 22.32076 286.2475 42.24456 32.38425 6.153072 2.623222 2.392505
[27,] 14.47434 412.0937 0.6018582 22.32076 286.2475 42.24456 32.38425 6.153072 2.623222 2.391763
[28,] 14.51111 412.9536 0.5744632 22.03244 286.2442 42.24825 32.35431 6.154432 2.780091 2.391167
[29,] 14.46494 412.4728 0.5977898 22.23705 286.2350 42.24075 32.38728 6.154759 2.685937 2.398167
[30,] 14.47943 412.3367 0.5912769 22.19892 286.2355 42.24138 32.38343 6.154774 2.695109 2.396579
[31,] 14.46914 411.6642 0.5942874 22.20678 286.2335 42.23868 32.38674 6.155419 2.718634 2.396640
[32,] 14.47011 411.5498 0.5925700 22.20717 286.2332 42.23832 32.38646 6.155448 2.718758 2.397747
[33,] 14.47196 411.4073 0.5924023 22.21048 286.2331 42.23873 32.38692 6.155527 2.719034 2.397832
[34,] 14.47530 411.5030 0.5930962 22.20052 286.2331 42.23862 32.38785 6.155717 2.720652 2.392064
[35,] 14.46969 411.5392 0.5930912 22.19461 286.2331 42.23879 32.38884 6.155747 2.727622 2.390106
[36,] 14.46969 411.5392 0.5930912 22.19461 286.2331 42.23879 32.38884 6.155747 2.727622 2.390106

$time
elapsed elapsed elapsed elapsed elapsed elapsed elapsed elapsed elapsed elapsed elapsed elapsed elapsed elapsed elapsed elapsed elapsed elapsed elapsed elapsed elapsed elapsed elapsed elapsed elapsed elapsed elapsed elapsed elapsed elapsed 
   2.08    8.24   11.00   15.16   27.83   47.06   49.99   61.70   65.31   79.24  167.34  169.70  183.03  186.13  203.94  237.83  240.20  291.50  334.41  336.45  378.02  380.02  383.33  402.11  405.44  408.72  418.78  441.22  529.95  589.61 
elapsed elapsed elapsed elapsed elapsed elapsed 
 755.25  775.86  838.67 1156.70 1177.09 1194.00 

$neval
 [1]   106   259   379   527  1082  1868  2002  2540  2673  3307  7112  7216  7761  7899  8650 10134 10236 12543 14106 14190 15821 15895 16031 16710 16847 16983 17329 18271 21627 24132 31291 32164 34956 48680 49581 50194

$fbest
[1] 508.1858

$xbest
 [1]  14.4696916 411.5391886   0.5930912  22.1946059 286.2331213  42.2387880  32.3888351   6.1557473   2.7276221   2.3901062

$numeval
[1] 50194

$end_crit
[1] 1

$cpu_time
elapsed 
   1194 

$Refset
$Refset$x
             [,1]        [,2]       [,3]        [,4]       [,5]       [,6]        [,7]        [,8]        [,9]       [,10]
 [1,]   1.0000000  14.4696900 411.539189   0.5930912 22.1946060 286.233121  42.2387900  32.3888351   6.1557470   2.7276220
 [2,]   2.3901060   2.0000000 411.503000  22.2005241 42.2386159   6.155717   2.3920640 411.5030000  22.2005241  42.2386160
 [3,]   6.1557170   2.3920640   3.000000  14.4753000  0.5930962 286.233108  32.3878550   2.7206520  14.4753000   0.5930962
 [4,] 286.2331080  32.3878550   2.720652   4.0000000 14.4772500 411.423358   0.5930196  22.2087750 286.2328890  42.2382800
 [5,]  32.3890494   6.1555650   2.716605   2.3965460  5.0000000  14.474090 411.3777982   0.5926655  22.2062670 286.2324830
 [6,]  42.2384100  32.3947136   6.155768   2.7189870  2.3903260   6.000000  14.4711700 411.3055330   0.5931001  22.2104850
 [7,] 286.2331780  42.2391300  32.383456   6.1559070  2.7220340   2.397242   7.0000000  14.4725300 411.4460043   0.5930022
 [8,]  22.2099660 286.2330690  42.237880  32.3864472  6.1555600   2.718232   2.3972720   8.0000000  14.4717500 411.3910355
 [9,]   0.5929557  22.2057350 286.233256  42.2379700 32.3862297   6.155871   2.7224240   2.3953470   9.0000000  14.4713500
[10,] 411.3107961   0.5931101  22.210354 286.2331320 42.2389400  32.385343   6.1558610   2.7219470   2.3974740  14.5112000
[11,] 411.3653658   0.6073776  22.211003 286.2323040 42.2373900  32.388499   6.1557370   2.7121370   2.3986130  14.4741800
[12,] 411.3973201   0.5938320  22.209682 286.2329840 42.2383800  32.385557   6.1556330   2.7184080   2.3958680  14.4738000

$Refset$f
 [1] 508.1858 508.3507 508.3507 508.3507 508.3524 508.4080 508.4080 508.4080 508.4080 508.5174 508.6493 508.7413

$Refset$fpen
 [1] 508.1858 508.3507 508.3507 508.3507 508.3524 508.4080 508.4080 508.4080 508.4080 508.5174 508.6493 508.7413

$Refset$const
 [1] 19.466980 33.272378 13.805394  1.550474  2.873540 33.279350  1.550479 19.479873 13.799476  2.873466 19.479870 13.799476  2.873466 33.279348  1.550479 19.492170 33.283395 13.791225  1.550501  2.873505 19.487280 33.281013 13.793733
[24]  1.550532  2.873810 19.488450 33.277966 13.789515  1.550486  2.873105 19.491730 33.281768 13.790034  1.550486  2.873384 19.483310 33.277576 13.794265  1.550464  2.873428 19.488410 33.278053 13.789646  1.550485  2.873252 19.498870
[47] 33.287863 13.788997  1.550573  2.873307 19.491270 33.281592 13.790318  1.550501  2.873251 19.493240 33.284739 13.791501  1.550453  2.873341

$Refset$penalty
 [1] 0 0 0 0 0 0 0 0 0 0 0 0


