$f
 [1] 2546.0503  984.1076  662.2656  661.7205  642.5937  641.8403  636.1424  629.1979  618.6181  616.8264  590.3351  584.6267  584.1979  583.4740  581.4392  581.3455  581.0903  563.7049  547.9167  546.9201  540.6128  513.3819

$x
          [,1]     [,2]      [,3]     [,4]     [,5]     [,6]     [,7]      [,8]     [,9]    [,10]
 [1,] 12.86996 327.6069 0.5619937 21.77192 285.2705 43.74765 33.70484  4.771301 2.155756 1.963669
 [2,] 17.02614 144.3587 0.1549727 21.95530 286.0758 46.14705 24.25177 10.000000 5.419482 4.288128
 [3,] 17.02614 164.3587 0.1098849 21.90842 286.0758 45.34705 24.00000 10.000000 5.825732 4.288128
 [4,] 17.83866 151.4037 0.1425544 21.61707 286.1191 44.68861 24.51390  9.991001 5.650093 4.397429
 [5,] 17.83866 151.4037 0.1432575 21.61707 286.1191 44.68236 24.51390  9.984751 5.687593 4.397429
 [6,] 16.76623 169.8326 0.1148675 21.83999 286.1176 46.47034 24.00000 10.000000 6.137633 4.315026
 [7,] 16.76623 169.8326 0.1148675 21.83999 286.1176 46.47034 24.04062 10.000000 6.131383 4.315026
 [8,] 16.96705 157.7983 0.1299006 21.70160 286.1099 44.70695 24.50520  9.991245 6.461527 4.366250
 [9,] 16.96705 159.0679 0.1299006 21.63128 286.1099 44.70695 24.50520  9.991245 6.483402 4.378125
[10,] 16.93288 164.0323 0.1248052 21.54712 286.0918 44.64407 24.44084  9.955752 6.245761 4.597536
[11,] 16.93288 164.0323 0.1248052 21.92212 286.0918 44.64407 24.44084  9.956338 6.282090 4.597536
[12,] 17.06947 139.1604 0.1308074 21.84255 286.1136 44.76754 24.40011  9.983066 7.365133 4.318097
[13,] 17.07289 139.1604 0.1308074 21.84255 286.1136 44.76754 24.40011  9.983066 7.365133 4.318097
[14,] 17.13630 137.8713 0.1302597 21.94458 286.1105 44.67567 24.42620  9.980400 7.394603 4.304916
[15,] 17.13630 137.8713 0.1296444 21.94458 286.1105 44.67567 24.42620  9.980400 7.391478 4.304916
[16,] 17.04372 139.0325 0.1310739 22.01545 286.1138 44.67622 24.43819  9.980231 7.318430 4.312091
[17,] 17.04372 139.0325 0.1310959 22.01545 286.1138 44.67622 24.43819  9.980231 7.318430 4.312091
[18,] 16.95578 138.6951 0.1327047 22.00749 286.1029 43.31674 24.52800  9.980311 7.367904 4.029641
[19,] 16.93527 138.7146 0.1541500 22.00749 286.1099 43.31674 24.52800  9.980311 7.367904 4.029641
[20,] 16.95087 138.9486 0.1312434 22.01608 286.1031 43.28179 24.54559  9.977021 7.364249 4.072628
[21,] 16.95087 138.9486 0.1535676 22.01608 286.1031 43.28179 24.54559  9.977021 7.357999 4.072628
[22,] 16.95087 138.9486 0.1549738 22.01608 286.0820 43.28179 24.54559  9.977021 7.345499 4.084503

$time
elapsed elapsed elapsed elapsed elapsed elapsed elapsed elapsed elapsed elapsed elapsed elapsed elapsed elapsed elapsed elapsed elapsed elapsed elapsed elapsed elapsed elapsed 
   1.72    5.36    7.50   41.24   43.03   48.33   72.17   97.24  102.25  119.71  132.75  228.97  230.46  290.82  293.19  559.58  561.08  696.97  699.10  720.80  727.91 1028.94 

$neval
 [1]   106   263   379  2041  2134  2406  3546  4745  4989  5825  6469 11111 11184 14182 14268 27228 27301 34145 34249 35329 35681 50091

$fbest
[1] 513.3819

$xbest
 [1]  16.9508653 138.9486044   0.1549738  22.0160813 286.0820135  43.2817916  24.5455874   9.9770213   7.3454991   4.0845028

$numeval
[1] 50091

$end_crit
[1] 1

$cpu_time
elapsed 
1028.94 

$Refset
$Refset$x
             [,1]        [,2]       [,3]        [,4]       [,5]       [,6]       [,7]        [,8]        [,9]       [,10]
 [1,]   1.0000000  17.0125100 139.305100   0.1313632  21.912360 286.106300  44.679120  24.3942900   9.9810260   7.3997430
 [2,]   4.3091930   2.0000000  17.012440 139.2708000   0.131349  21.913450 286.106000  44.6789300  24.3956300   9.9810730
 [3,]   7.4005650   4.3085140   3.000000  17.0130900 139.309900   0.131350  21.912110 286.1060000  44.6793300  24.3930700
 [4,]   9.9810510   7.3992770   4.309245   4.0000000  17.012910 139.306800   0.131356  21.9120800 286.1061000  44.6793100
 [5,]  24.3940000   9.9810310   7.399539   4.3093060   5.000000  17.012240 139.276600   0.1313728  21.9130900 286.1060000
 [6,]  44.6794300  24.3956500   9.981058   7.4005860   4.309090   6.000000  17.012480 139.2836000   0.1313886  21.9128900
 [7,] 286.1061000  44.6791200  24.394510   9.9810250   7.399229   4.309410   7.000000  17.0139600 139.2917000   0.1313651
 [8,]  21.9098500 286.1061000  44.679150  24.3944200   9.981028   7.400016   4.309582   8.0000000  17.0127900 139.0219000
 [9,]   0.1316893  21.9100100 286.105300  44.6753400  24.394660   9.981055   7.415979   4.3078170   9.0000000  16.9905600
[10,] 139.5011000   0.1322904  21.905590 286.1063000  44.680840  24.395050   9.981013   7.3998820   4.3083280  17.0124100
[11,] 139.3051000   0.1313631  21.912340 286.1062000  44.679150  24.402290   9.981012   7.3997410   4.3092950  17.0125900
[12,] 139.3644000   0.1314120  21.912390 286.1062000  44.687510  24.394630   9.981175   7.3999720   4.3094170  16.7177600

$Refset$f
 [1] 580.8073 580.8073 580.8073 580.8073 580.8073 581.0104 581.0104 581.0139 581.2170 580.9722 581.9392 683.9497

$Refset$fpen
 [1] 580.8073 580.8073 580.8073 580.8073 580.8073 581.0104 581.0104 581.0139 581.2170 580.9722 581.9392 683.9497

$Refset$const
 [1] 14.512620 28.600260 14.087640  1.572063  2.222617 14.512890 28.599430 14.086550  1.572089  2.222617 14.512830 28.600720 14.087890  1.572079  2.222491 14.512540 28.600460 14.087920  1.572076  2.222556 14.512510 28.599410 14.086910
[24]  1.572082  2.222625 14.513660 28.600770 14.087110  1.572072  2.222600 14.509840 28.599980 14.090150  1.572073  2.222592 14.494030 28.584020 14.089990  1.572141  2.222516 14.505710 28.600120 14.094410  1.572061  2.222612 14.512600
[47] 28.600260 14.087660  1.572079  2.223020 14.512420 28.600030 14.087610  1.572062  2.222379 14.498830 28.599320 14.100500  1.571683  2.229109

$Refset$penalty
 [1] 0 0 0 0 0 0 0 0 0 0 0 0


