$f
 [1] 3127.1007 2052.6823 1679.7344 1497.6719 1435.1684 1366.8351 1183.1181 1050.8594 1049.3194  906.9132  896.5139  864.8733  863.0260  862.4618  859.7188  831.2760  831.0017  830.2674  829.4514  827.7899  827.1545  826.7639  826.6823
[24]  826.2708  826.0191  826.0191

$x
          [,1]     [,2]      [,3]     [,4]     [,5]     [,6]     [,7]     [,8]     [,9]    [,10]
 [1,] 13.58021 421.7209 0.7177660 25.59022 284.2929 32.69188 26.40105 2.053104 3.430894 4.584119
 [2,] 15.91368 379.3620 0.6970049 22.57379 285.9817 42.44870 28.55914 5.574980 4.358384 1.857331
 [3,] 15.91368 359.3620 1.0000000 22.57379 286.0098 42.44870 28.55914 5.574980 4.239634 1.952331
 [4,] 12.22805 399.8998 1.0000000 23.02130 286.4350 42.47981 28.09694 6.931902 3.830759 1.392552
 [5,] 12.22323 401.4845 1.0000000 22.77409 286.4391 42.36683 29.29479 7.024792 3.693780 1.336147
 [6,] 17.86600 324.0025 0.4416343 22.15058 286.5510 42.35879 29.57467 6.144591 4.063820 1.492577
 [7,] 13.17688 370.4992 1.0000000 22.86524 286.5431 44.76779 28.92712 7.572211 3.849601 1.410455
 [8,] 14.86617 367.6003 0.6070521 21.24539 286.2832 44.03038 27.09526 7.248080 3.615291 1.756523
 [9,] 15.01180 368.5064 0.3996284 19.11812 286.5001 44.82469 28.36731 7.364696 4.077602 1.261729
[10,] 15.01180 388.5064 0.4939302 19.11812 286.5007 45.07469 28.16898 7.357709 4.094528 1.264076
[11,] 14.15086 374.3946 0.9374444 20.87133 286.4438 45.28962 27.76733 7.407140 4.078653 1.498220
[12,] 14.36961 374.4141 0.9915625 20.87133 286.4438 45.28962 27.76733 7.407140 4.066153 1.510095
[13,] 14.19543 365.9182 0.8127857 21.36677 286.4907 44.56024 28.90050 7.240414 4.125540 1.484303
[14,] 14.19543 365.9377 0.8127857 21.36677 286.4907 44.56024 28.90050 7.240414 4.125540 1.484303
[15,] 14.49952 360.2221 0.8403412 20.97745 286.4404 45.39042 27.66195 7.410959 4.253822 1.511323
[16,] 14.51148 360.2221 1.0000000 20.81336 286.4404 45.39042 27.66195 7.410959 4.203822 1.511323
[17,] 14.83462 366.5319 0.9121272 20.75130 286.4944 44.65011 28.96782 7.255295 4.128687 1.467200
[18,] 14.81839 366.9458 0.9041051 20.77215 286.4976 44.65407 28.96360 7.255086 4.122002 1.467551
[19,] 14.82662 366.9301 0.9089067 20.75689 286.4973 44.64979 28.97082 7.255076 4.120583 1.467590
[20,] 14.82612 366.9301 0.9077703 20.75202 286.4974 44.64988 28.97115 7.255078 4.120550 1.467586
[21,] 14.83829 368.4174 0.9082515 20.69638 286.4973 44.64921 28.96263 7.255003 4.108858 1.467580
[22,] 14.87658 367.5043 0.9068199 20.68961 286.4978 44.65286 28.97181 7.255078 4.111569 1.467958
[23,] 14.87686 367.5038 0.9093282 20.68764 286.4968 44.65720 28.96527 7.254584 4.115143 1.469502
[24,] 14.87683 367.5157 0.9094633 20.68770 286.4968 44.65666 28.96532 7.254573 4.115365 1.469475
[25,] 14.87635 367.5055 0.9091981 20.68767 286.4968 44.65932 28.96540 7.254724 4.115565 1.469477
[26,] 14.87635 367.5055 0.9091981 20.68767 286.4968 44.65932 28.96540 7.254724 4.115565 1.469477

$time
elapsed elapsed elapsed elapsed elapsed elapsed elapsed elapsed elapsed elapsed elapsed elapsed elapsed elapsed elapsed elapsed elapsed elapsed elapsed elapsed elapsed elapsed elapsed elapsed elapsed elapsed 
   2.18    6.14    9.23   13.34   24.45   27.70   34.51   41.50   45.50   49.70   98.39  100.68  213.68  215.43  232.54  252.26  696.83  708.40  711.73  714.89  736.61  749.50 1167.51 1200.25 1203.61 1233.97 

$neval
 [1]   106   260   372   519   940  1081  1363  1651  1789  1959  4017  4122  8745  8818  9496 10276 28363 28838 28975 29112 29995 30545 47516 48816 48955 50129

$fbest
[1] 826.0191

$xbest
 [1]  14.8763487 367.5054902   0.9091981  20.6876714 286.4968315  44.6593201  28.9653979   7.2547244   4.1155651   1.4694772

$numeval
[1] 50129

$end_crit
[1] 1

$cpu_time
elapsed 
1233.97 

$Refset
$Refset$x
            [,1]        [,2]       [,3]        [,4]        [,5]        [,6]        [,7]        [,8]        [,9]       [,10]
 [1,]   1.000000  14.8763500 367.505500   0.9091981  20.6876700 286.4968000  44.6593200  28.9654000   7.2547240   4.1155650
 [2,]   1.469477   2.0000000  14.876380 367.5045000   0.9092541  20.6876700 286.4968000  44.6595300  28.9653000   7.2547630
 [3,]   4.115149   1.4694640   3.000000  14.8766000 367.5056000   0.9096358  20.6880200 286.4968000  44.6584900  28.9652800
 [4,]   7.254640   4.1154730   1.469355   4.0000000  14.8761400 367.5106000   0.9090357  20.6876900 286.4969000  44.6590900
 [5,]  28.964950   7.2546740   4.115465   1.4695010   5.0000000  14.8765500 367.5026000   0.9095616  20.6873100 286.4969000
 [6,]  44.658690  28.9649600   7.254720   4.1154880   1.4692590   6.0000000  14.8781100 367.5460000   0.9104911  20.6875700
 [7,] 286.496700  44.6529100  28.966130   7.2543060   4.1145000   1.4696280   7.0000000  14.8769300 367.6762000   0.9097494
 [8,]  20.685070 286.4972000  44.648500  28.9611500   7.2549690   4.1117190   1.4677770   8.0000000  14.8764200 367.6292000
 [9,]   0.909153  20.6858700 286.496900  44.6606200  28.9639900   7.2548380   4.1124920   1.4691520   9.0000000  14.8820700
[10,] 367.793600   0.9107365  20.684210 286.4984000  44.6535200  28.9670000   7.2539020   4.1259650   1.4722730  14.8772700
[11,] 367.498800   0.9096872  20.686230 286.4970000  44.6578000  28.9555900   7.2551900   4.1305770   1.4683870  14.8792500
[12,] 368.944900   0.8683713  20.690480 286.5097000  44.1663200  29.0655500   7.2513050   4.1321490   1.5389050  14.4807500

$Refset$f
 [1]  826.0191  826.0191  826.0191  826.0191  826.2708  826.6823  826.7639  826.0191  829.6510  828.6632 1116.2552 1312.0226

$Refset$fpen
 [1]  826.0191  826.0191  826.0191  826.0191  826.2708  826.6823  826.7639  826.0191  829.6510  828.6632 1116.2552 1312.0226

$Refset$const
 [1] 16.572110 31.884430 15.312330  1.533836  2.599110 16.572530 31.884850 15.312330  1.533837  2.599092 16.572550 31.884530 15.311980  1.533838  2.599128 16.572220 31.884540 15.312310  1.533830  2.599112 16.571820 31.884510 15.312690
[24]  1.533830  2.599127 16.573070 31.885500 15.312430  1.533842  2.599368 16.573350 31.888280 15.314930  1.533794  2.599403 16.573380 31.887510 15.314130  1.533829  2.599002 16.558250 31.874030 15.315790  1.533659  2.599991 16.555650
[47] 31.869420 15.313770  1.533835  2.598609 16.558340 31.867850 15.309520  1.531530  2.630974 15.867680 31.373190 15.505510  1.544674  2.706203

$Refset$penalty
 [1] 0 0 0 0 0 0 0 0 0 0 0 0


