$f
[1] 1524.6059 1054.7205  551.5191  551.5191

$x
         [,1]     [,2]      [,3]     [,4]     [,5]     [,6]     [,7]     [,8]     [,9]    [,10]
[1,] 13.90853 149.7435 0.4957190 19.80571 286.7172 47.38185 32.07676 5.662536 6.790029 4.127130
[2,]  5.00000 234.4028 0.3479652 21.70308 285.5846 47.57999 43.57280 7.305207 6.171173 2.770628
[3,]  5.00000 201.9934 0.4970085 21.76448 285.6091 47.69020 43.73530 7.609346 7.532942 2.969951
[4,]  5.00000 201.9934 0.4970085 21.76448 285.6091 47.69020 43.73530 7.609346 7.532942 2.969951

$time
elapsed elapsed elapsed elapsed 
   1.85    4.72    9.69 1048.55 

$neval
[1]   106   258   479 50109

$fbest
[1] 551.5191

$xbest
 [1]   5.0000000 201.9934470   0.4970085  21.7644810 285.6091431  47.6901972  43.7353020   7.6093456   7.5329420   2.9699513

$numeval
[1] 50109

$end_crit
[1] 1

$cpu_time
elapsed 
1048.55 

$Refset
$Refset$x
             [,1]        [,2]       [,3]        [,4]        [,5]        [,6]        [,7]        [,8]       [,9]       [,10]
 [1,]   1.0000000  39.8652900 316.343000   0.4369361  16.2020000 285.8094000  30.0130300  27.5784400   4.502022   6.5847740
 [2,]   2.0950430   2.0000000  14.850220 139.3526000   0.3651136  28.5144500 285.6951000  35.4723300  42.831140   4.9772940
 [3,]   8.9608430   4.5751150   3.000000  18.6518200 318.0057000   0.6497744  16.6905500 286.6213000  37.314600  24.6624300
 [4,]   5.1429810   2.5150660   2.363217   4.0000000  18.6487300 317.9739000   0.6474872  16.6923700 286.618700  37.3142600
 [5,]  24.6636200   5.1433930   2.512538   2.3604000   5.0000000  18.6499100 317.9292000   0.6501704  16.690380 286.6203000
 [6,]  37.3179600  24.6759900   5.142918   2.5205310   2.3632690   6.0000000  18.6491200 318.0047000   0.649746  16.6911700
 [7,] 286.6203000  37.3165900  24.646650   5.1430150   2.5195230   2.3639200   7.0000000  18.6535600 317.922400   0.6467473
 [8,]  16.6909200 286.6210000  37.314170  24.6653700   5.1428070   2.5101100   2.3570570   8.0000000  18.650110 318.0004000
 [9,]   0.6496994  16.6909400 286.620700  37.3106100  24.6967500   5.1425130   2.5150650   2.3608600   9.000000  18.6502400
[10,] 317.9688000   0.6497444  16.690950 286.6207000  37.3126800  24.6649600   5.1428160   2.5161660   2.361620  18.6076300
[11,] 318.4070000   0.6663388  16.692630 286.6142000  37.4242600  24.7157800   5.1283880   2.5810720   2.342224  18.7453500
[12,] 273.0575000   0.6391797  17.305920 286.6095000  37.8910600  24.9121000   5.8888530   2.5656210   2.058803  16.6321700

$Refset$f
 [1] 135663.6545 119934.6927    606.8472    606.8472    606.8472    606.8472    606.8472    606.8472    606.8472    655.1302    792.2778   1198.3524

$Refset$fpen
 [1]  135663.6545 2296624.6448     606.8472     606.8472     606.8472     606.8472     606.8472     606.8472     606.8472     655.1302     792.2778    1198.3524

$Refset$const
 [1]  9.617222 29.415230 19.798004  1.580924  3.325354 19.553609 27.039160  7.485549  1.490297  5.676690 14.175485 33.484930 19.309449  1.519013  2.680309 14.179836 33.487460 19.307626  1.519290  2.679454 14.169847 33.479470 19.309622
[24]  1.519087  2.680833 14.171643 33.480480 19.308834  1.519182  2.678556 14.180805 33.489890 19.309085  1.519036  2.680450 14.175875 33.484940 19.309060  1.518965  2.683011 14.174782 33.483830 19.309052  1.519063  2.680397 14.111562
[47] 33.418930 19.307367  1.519856  2.676104 14.740296 33.434380 18.694083  1.520715  2.665606 13.634789 33.430000 19.795210  1.628146  2.430307

$Refset$penalty
 [1] 0.00000 2.17669 0.00000 0.00000 0.00000 0.00000 0.00000 0.00000 0.00000 0.00000 0.00000 0.00000


