$f
 [1] 624.2969 562.4844 388.0417 381.4757 372.7639 361.5556 349.8073 345.1892 343.4705 288.3802 280.8941 264.3958 263.6962 256.4948 255.4271 252.9149 252.4983 251.7049 251.0729 251.0365 250.8733 250.6979 250.6198 250.5556 250.4271 250.2760
[27] 250.1007 249.9497 249.8125 249.6198 249.5694 248.8229 248.4913 248.4913

$x
          [,1]     [,2]      [,3]     [,4]     [,5]     [,6]     [,7]     [,8]     [,9]    [,10]
 [1,] 16.95221 328.8176 0.6282089 24.86424 286.3030 34.06943 29.30375 7.305582 2.697058 3.200778
 [2,] 15.85984 260.4564 0.2228724 24.45563 286.0895 36.46067 32.68087 6.176867 3.291102 3.432459
 [3,] 15.85984 260.4564 0.1520314 24.56044 286.0564 36.46067 32.68087 6.121402 3.180172 3.432459
 [4,] 15.85984 260.4564 0.1504984 24.56324 286.0564 36.46067 32.68087 6.131690 3.162051 3.432459
 [5,] 15.62250 260.4403 0.1500010 24.61366 285.9909 36.51359 32.70394 6.141073 3.186318 3.413546
 [6,] 15.65398 260.4447 0.1501312 24.60139 285.9860 36.52480 32.69677 6.143096 3.190584 3.410252
 [7,] 15.64420 260.4480 0.1497461 24.60145 285.9659 36.52323 32.70219 6.144707 3.192712 3.411085
 [8,] 15.68272 260.4457 0.1495634 24.60319 285.9713 36.54750 32.70361 6.144545 3.189267 3.414055
 [9,] 17.22890 352.2116 0.5578004 23.71242 286.6733 37.29146 26.33067 6.545451 2.845756 3.131463
[10,] 17.22890 354.7116 0.5099660 23.33742 286.7111 38.09146 25.03067 6.543691 2.870951 3.107528
[11,] 16.48144 371.0175 0.4692973 22.09319 286.7780 38.23611 25.50985 6.725867 3.148600 2.215166
[12,] 16.48144 371.0175 0.4242973 22.09319 286.7780 38.23611 25.67235 6.725867 3.123600 2.215166
[13,] 16.86622 349.9882 0.4020084 21.43403 286.5693 38.11865 24.70558 6.707842 3.989679 2.444375
[14,] 16.86622 348.7382 0.3963834 21.43403 286.5693 38.11865 24.70558 6.707842 3.992804 2.485937
[15,] 16.86558 353.9715 0.3982573 21.44861 286.5652 38.11983 24.70339 6.707404 3.779433 2.475428
[16,] 16.86558 353.9715 0.3761089 21.44861 286.5652 38.11983 24.70339 6.707404 3.766933 2.475428
[17,] 16.89214 352.3753 0.3969832 21.20205 286.5633 38.11812 24.73916 6.707630 4.062267 2.472745
[18,] 16.88529 352.3837 0.3906808 21.13137 286.5650 38.12100 24.73671 6.707694 4.076481 2.474147
[19,] 16.88325 352.5723 0.3896290 21.02685 286.5641 38.11716 24.73612 6.707534 4.162683 2.474283
[20,] 16.87929 352.4946 0.3898170 21.04641 286.5645 38.11482 24.74387 6.707524 4.147761 2.474480
[21,] 16.87907 352.5492 0.3883596 21.03827 286.5642 38.11571 24.74419 6.707535 4.152617 2.473993
[22,] 16.89691 352.8897 0.3852184 20.94999 286.5649 38.11753 24.73776 6.707564 4.190775 2.474838
[23,] 16.89785 352.5314 0.3870611 20.77630 286.5635 38.11340 24.73155 6.707537 4.327567 2.475084
[24,] 16.89142 352.5455 0.3883541 20.86913 286.5642 38.11445 24.74559 6.707535 4.256566 2.474721
[25,] 16.88754 352.6113 0.3895112 20.85138 286.5643 38.11454 24.73561 6.707491 4.274946 2.474468
[26,] 16.90707 352.6018 0.3839160 20.55158 286.5619 38.10826 24.72910 6.707568 4.459842 2.475576
[27,] 16.88864 352.5196 0.3893345 20.69316 286.5626 38.11013 24.73755 6.707567 4.412144 2.474641
[28,] 16.89543 352.3651 0.3890229 20.68806 286.5628 38.11420 24.73387 6.707559 4.411669 2.474598
[29,] 16.89783 352.3727 0.3891401 20.34129 286.5626 38.11458 24.72820 6.707570 4.661671 2.474399
[30,] 16.90125 352.3337 0.3893159 20.34129 286.5626 38.11458 24.72820 6.707570 4.661671 2.474399
[31,] 16.90268 352.2942 0.3838111 20.22590 286.5583 38.10845 24.72947 6.707567 4.724910 2.475044
[32,] 16.92449 352.2579 0.3802024 19.78392 286.5549 38.10422 24.71378 6.707578 5.041778 2.475114
[33,] 16.92449 352.1798 0.3802024 19.78392 286.5549 38.10422 24.71378 6.707578 5.041778 2.474371
[34,] 16.92449 352.1798 0.3802024 19.78392 286.5549 38.10422 24.71378 6.707578 5.041778 2.474371

$time
elapsed elapsed elapsed elapsed elapsed elapsed elapsed elapsed elapsed elapsed elapsed elapsed elapsed elapsed elapsed elapsed elapsed elapsed elapsed elapsed elapsed elapsed elapsed elapsed elapsed elapsed elapsed elapsed elapsed elapsed 
   2.11    9.72   12.83   19.55   25.97   29.92   33.17   39.75   43.00   49.21  118.58  120.53  166.92  169.47  205.52  207.49  304.28  323.06  326.96  333.19  348.52  352.39  355.64  364.96  371.13  385.99  396.36  402.72  409.22  411.13 
elapsed elapsed elapsed elapsed 
 424.28  431.30  446.44 1234.72 

$neval
 [1]   106   400   531   815  1093  1229  1369  1647  1783  2049  4874  4959  7009  7117  8602  8687 12630 13375 13510 13782 14400 14538 14675 15076 15346 15957 16366 16634 16906 16989 17522 17789 18404 50064

$fbest
[1] 248.4913

$xbest
 [1]  16.9244881 352.1797905   0.3802024  19.7839214 286.5549297  38.1042167  24.7137811   6.7075775   5.0417785   2.4743715

$numeval
[1] 50064

$end_crit
[1] 1

$cpu_time
elapsed 
1234.72 

$Refset
$Refset$x
             [,1]        [,2]       [,3]        [,4]        [,5]        [,6]        [,7]        [,8]       [,9]       [,10]
 [1,]   1.0000000  16.9028600 352.688200   0.3862254  20.8505300 286.5667000  38.1195000  24.7316000   6.706999   4.2503350
 [2,]   2.4735620   2.0000000  16.902910 352.7278000   0.3862941  20.8505400 286.5669000  38.1194900  24.731560   6.7070120
 [3,]   4.2494830   2.4742070   3.000000  16.9029300 352.6940000   0.3862069  20.8511900 286.5667000  38.117220  24.7321300
 [4,]   6.7069280   4.2495830   2.473578   4.0000000  16.9039600 352.6996000   0.3863073  20.8499000 286.567100  38.1195900
 [5,]  24.7276900   6.7070450   4.249913   2.4733270   5.0000000  16.9030300 352.7593000   0.3866981  20.850710 286.5666000
 [6,]  38.1195800  24.7274800   6.707093   4.2493910   2.4734940   6.0000000  16.9033700 352.6815000   0.386277  20.8501100
 [7,] 286.5667000  38.1190600  24.728980   6.7071430   4.2503010   2.4738090   7.0000000  16.9028500 352.730800   0.3862274
 [8,]  20.8507600 286.5667000  38.117210  24.7330100   6.7070250   4.2491880   2.4740020   8.0000000  17.666520 353.3992000
 [9,]   0.3759964  20.8030200 286.572800  38.1978700  24.6870500   6.6694870   3.7733820   2.4860420   9.000000  16.9472400
[10,] 351.7457000   0.3905812  20.846790 286.5607000  38.1296800  24.9574300   6.7181320   4.2498410   2.491708  16.9971600
[11,] 359.4878000   0.3998407  21.544770 286.5677000  38.1455500  24.6886800   6.6518060   3.6947240   2.486292  17.5210000
[12,] 353.6133000   0.2331971  19.663050 286.2707000  38.1532500  33.0215900   4.5285980   2.6559930   2.335323  14.7444800

$Refset$f
 [1] 250.0920 250.0920 250.0920 250.0920 250.0920 250.0920 250.2049 266.3698 292.1389 276.0174 712.3924 620.9375

$Refset$fpen
 [1] 250.0920 250.0920 250.0920 250.0920 250.0920 250.0920 250.2049 266.3698 292.1389 276.0174 712.3924 620.9375

$Refset$const
 [1] 16.600190 31.749660 15.149470  1.526319  2.624522 16.601060 31.750520 15.149460  1.526292  2.624608 16.601610 31.750420 15.148810  1.526315  2.624666 16.599990 31.750090 15.150100  1.526284  2.624375 16.601320 31.750610 15.149290
[24]  1.526336  2.624185 16.599810 31.749700 15.149890  1.526324  2.624347 16.601570 31.750810 15.149240  1.526313  2.624734 17.029640 32.226620 15.196980  1.525912  2.619564 16.596950 31.750160 15.153210  1.526364  2.638998 17.850050
[47] 32.305280 14.455230  1.526374  2.620361 17.007060 33.344010 16.336950  1.527839  3.265658 17.089630 30.597380 13.507750  1.542598  2.577477

$Refset$penalty
 [1] 0 0 0 0 0 0 0 0 0 0 0 0


