$f
 [1] 4023.6424  513.2517  330.9896  326.5833  325.8368  321.0590  312.9514  299.3038  292.7014  291.6944  290.3472  277.8628  274.7413  273.0938  272.5243  271.7951  271.4115  270.8924  270.5938  269.3160  269.2500  269.0608  268.6823
[24]  266.4705  265.5885  265.1528  262.7969  262.5816  262.2795  261.8924  261.8924

$x
           [,1]     [,2]      [,3]     [,4]     [,5]     [,6]     [,7]      [,8]     [,9]    [,10]
 [1,] 10.364921 157.0168 0.5201604 15.82445 286.0594 43.09144 39.52450  9.009417 9.092017 1.490100
 [2,] 11.597256 395.5141 0.1000000 18.01922 286.5867 35.56895 24.96709  9.932403 2.211274 3.403664
 [3,] 11.597256 410.5141 0.1000000 18.01922 286.6804 36.96895 24.96709  9.982403 2.061274 3.261164
 [4,] 11.492893 409.1064 0.1008021 18.24502 286.6014 36.80329 24.95771  9.964920 2.096816 3.241176
 [5,] 11.492893 409.1064 0.1000000 18.24502 286.6014 36.80329 24.95771  9.964920 2.096816 3.241176
 [6,] 11.307976 409.2455 0.1005107 18.23617 286.6310 36.95544 25.24577  9.976527 2.152592 3.149596
 [7,] 11.307976 409.2455 0.1005107 18.23617 286.6310 36.95544 25.20515  9.976527 2.152592 3.152565
 [8,] 11.389553 408.3196 0.1044499 18.17191 286.6145 34.90290 26.02249  9.971378 2.423092 3.228010
 [9,] 11.389553 408.1633 0.1000000 18.17191 286.6157 34.90290 26.18499  9.972940 2.410864 3.228010
[10,] 10.209978 412.7230 0.1277976 18.79820 286.6324 36.90152 25.22237  9.999973 2.325456 3.199180
[11,] 10.209978 412.7230 0.1277976 18.79820 286.6324 36.90152 25.22237  9.999973 2.312956 3.199180
[12,] 10.017769 430.9611 0.1253754 18.88943 286.6233 33.92689 26.35111  9.999472 2.163971 3.097861
[13,] 10.000192 431.8331 0.1242713 18.89809 286.6236 33.87714 26.25599  9.999767 2.130694 3.097510
[14,] 10.000192 431.8331 0.1242713 18.89809 286.6236 33.87714 26.25599  9.999767 2.124444 3.097510
[15,] 10.224016 425.6574 0.1241790 18.87667 286.6120 33.74609 26.52351 10.000000 2.238696 3.109783
[16,] 10.224016 425.6574 0.1240911 18.87667 286.6120 33.74609 26.48289 10.000000 2.238696 3.109783
[17,] 10.284567 425.7392 0.1241776 18.86882 286.6121 33.71782 26.52236  9.999808 2.238734 3.118548
[18,] 10.113897 425.6834 0.1243754 18.88717 286.6146 33.79938 26.36783  9.999638 2.270429 3.130044
[19,] 10.088025 425.5625 0.1242553 18.89711 286.6089 33.82100 26.33338  9.999606 2.283961 3.135341
[20,]  9.944687 425.2979 0.1238428 18.93493 286.6140 33.81957 26.36171  9.999121 2.304739 3.129820
[21,]  9.934768 425.2856 0.1239375 18.94127 286.6138 33.82478 26.36199  9.998954 2.300007 3.129893
[22,]  9.962119 425.5814 0.1241979 18.92457 286.6132 33.79965 26.36303  9.999137 2.280156 3.132768
[23,]  9.947736 425.4248 0.1240464 18.93525 286.6139 33.82416 26.36173  9.998971 2.288119 3.130251
[24,]  9.959052 429.8012 0.1508762 18.93157 286.6129 33.80338 26.33433  9.995635 2.265646 3.169759
[25,]  9.969524 428.6376 0.1445285 18.92414 286.6131 33.81123 26.33949  9.996109 2.272972 3.138577
[26,] 10.032376 427.1709 0.1459932 18.90884 286.6120 33.82055 26.34924  9.999551 2.278635 3.148190
[27,] 10.032376 427.1709 0.1459932 18.90884 286.6120 33.82055 26.38987  9.999551 2.278635 3.148190
[28,] 10.080156 426.6048 0.1471288 18.90932 286.6124 33.79962 26.36477  9.999759 2.284250 3.127444
[29,] 10.252865 420.8660 0.1400688 18.93761 286.6089 33.85659 26.32921  9.999047 2.291274 3.143120
[30,] 10.252865 420.8270 0.1400688 18.93761 286.6089 33.85659 26.32921 10.000000 2.291274 3.143120
[31,] 10.252865 420.8270 0.1400688 18.93761 286.6089 33.85659 26.32921 10.000000 2.291274 3.143120

$time
elapsed elapsed elapsed elapsed elapsed elapsed elapsed elapsed elapsed elapsed elapsed elapsed elapsed elapsed elapsed elapsed elapsed elapsed elapsed elapsed elapsed elapsed elapsed elapsed elapsed elapsed elapsed elapsed elapsed elapsed 
   2.11    5.84    8.68   48.96   51.20   53.54   81.64  157.78  160.29  227.87  229.68  243.40  258.59  260.17  313.78  316.25  318.92  321.73  332.70  341.84  349.42  360.96  375.42  394.50  397.89  406.39  408.00  419.73  433.40  438.78 
elapsed 
1085.53 

$neval
 [1]   106   267   399  2312  2386  2519  3794  7201  7309 10436 10513 11200 11891 11965 14563 14643 14780 14917 15457 15864 16201 16743 17429 18326 18462 18866 18939 19489 20170 20387 50040

$fbest
[1] 261.8924

$xbest
 [1]  10.2528652 420.8269516   0.1400688  18.9376059 286.6088902  33.8565886  26.3292135  10.0000000   2.2912742   3.1431202

$numeval
[1] 50040

$end_crit
[1] 1

$cpu_time
elapsed 
1085.53 

$Refset
$Refset$x
             [,1]        [,2]       [,3]        [,4]        [,5]       [,6]        [,7]        [,8]        [,9]       [,10]
 [1,]   1.0000000  10.0528900 426.000600   0.1479873  18.9378100 286.613300  33.8203100  26.3745500   9.9993200   2.2985870
 [2,]   3.1272180   2.0000000  10.052710 426.0006000   0.1479889  18.938190 286.6132000  33.8203200  26.3743200   9.9993290
 [3,]   2.2986410   3.1268710   3.000000  10.0369100 426.8330000   0.146973  18.9176400 286.6124000  33.8084800  26.3730500
 [4,]   9.9996220   2.2954890   3.129287   4.0000000  10.0380600 426.984400   0.1467985  18.9098000 286.6133000  33.8080100
 [5,]  26.3730500   9.9996080   2.295663   3.1293010   5.0000000  10.034820 426.9543000   0.1470454  18.9120000 286.6120000
 [6,]  33.8075300  26.3661200   9.999585   2.2980770   3.1314390   6.000000  10.0390700 426.8703000   0.1468528  18.9134400
 [7,] 286.6125000  33.8082800  26.372800   9.9996030   2.2956140   3.129469   7.0000000  10.0477100 426.5291000   0.1466459
 [8,]  18.9209800 286.6124000  33.811530  26.3723500   9.9994190   2.294303   3.1266740   8.0000000  10.0386300 426.8888000
 [9,]   0.1468291  18.9126800 286.613100  33.8082800  26.3729900   9.999635   2.2956230   3.1295130   9.0000000  10.0550500
[10,] 425.8657000   0.1481313  18.936790 286.6130000  33.8148800  26.375330   9.9994320   2.3034490   3.1314140  10.0498000
[11,] 425.7268000   0.1476717  18.942360 286.6125000  33.8140800  26.374740   9.9995720   2.3030520   3.1259360  10.0482100
[12,] 426.3518000   0.1470413  18.943790 286.6124000  33.8133200  26.372700   9.9995080   2.2806470   3.1265580  10.0466100

$Refset$f
 [1] 261.9132 261.9132 262.0052 262.0052 262.0052 262.0052 262.0278 262.0052 262.1719 262.1719 262.2378 262.2708

$Refset$fpen
 [1] 261.9132 261.9132 262.0052 262.0052 262.0052 262.0052 262.0278 262.0052 262.1719 262.1719 262.2378 262.2708

$Refset$const
 [1] 16.639230 33.701410 17.062190  1.501180  3.072216 16.639550 33.701360 17.061810  1.501187  3.072170 16.622150 33.704510 17.082360  1.501243  3.072683 16.614130 33.704340 17.090200  1.501131  3.073119 16.613920 33.701920 17.088000
[24]  1.501327  3.071826 16.617830 33.704390 17.086560  1.501225  3.072739 16.626680 33.705700 17.079020  1.501265  3.072329 16.617060 33.704380 17.087320  1.501155  3.073008 16.633340 33.696550 17.063210  1.501184  3.072651 16.639310
[47] 33.696950 17.057640  1.501247  3.072427 16.663140 33.719350 17.056210  1.501269  3.072219 16.628930 33.699490 17.070560  1.501224  3.072431

$Refset$penalty
 [1] 0 0 0 0 0 0 0 0 0 0 0 0


