$f
 [1] 1720.9722 1546.9479 1306.2726 1292.5191 1254.5938 1209.9149 1099.5868 1069.9392 1053.7170 1047.3021 1017.3281 1005.8056 1004.6771  976.3368  952.9948  949.4184  940.6997  933.0399  930.9583  923.1580  909.0781  907.0677  899.6927
[24]  899.6389  899.0174  898.8438  898.5382  898.3247  895.2465  895.0347  894.8056  890.5017  877.4288  870.7691  864.3646  863.1979  852.6215

$x
          [,1]     [,2]      [,3]     [,4]     [,5]     [,6]     [,7]     [,8]     [,9]    [,10]
 [1,] 17.83596 283.8256 0.3392532 21.44863 285.0709 36.38987 25.06912 2.628432 4.925617 4.685319
 [2,] 15.45836 500.0000 0.5395962 15.00000 286.3044 48.00000 25.44663 6.063674 2.000000 3.945302
 [3,] 15.45836 493.3709 0.5395962 17.81250 286.3044 48.00000 24.79663 6.063674 2.000000 3.945302
 [4,] 15.45836 497.8098 0.5395962 17.68458 286.3044 48.00000 25.12077 6.063674 2.000000 3.945302
 [5,] 17.11239 314.2961 0.4447079 23.12792 286.5472 45.90646 25.42048 7.557479 2.814644 4.043923
 [6,] 16.54258 476.7037 0.5514757 17.32417 286.8901 48.00000 25.99202 6.054112 2.445389 4.133253
 [7,] 17.04229 435.0368 0.5738527 20.33739 286.5522 40.08811 26.91471 5.932316 2.561476 3.697482
 [8,] 17.24262 432.2345 0.5876927 20.53262 286.5937 40.63590 27.32159 5.882917 2.746312 3.698451
 [9,] 17.29731 432.2931 0.7451927 20.53262 286.5937 40.63590 27.32159 5.882917 2.746312 3.698451
[10,] 16.93709 466.8050 0.6828836 19.36740 286.7864 45.22849 25.41518 6.361068 2.020138 3.784996
[11,] 16.77787 372.6486 0.4974788 21.62345 286.7500 44.69760 27.01404 6.546985 2.680348 3.909137
[12,] 16.77721 387.3917 0.5027085 20.93249 286.7764 45.03502 26.87082 6.540712 2.666514 3.829198
[13,] 16.77721 387.3917 0.4802085 20.93249 286.7764 45.03502 26.87082 6.540712 2.666514 3.832167
[14,] 15.69876 469.7635 0.6797097 19.46428 286.6979 44.93539 26.09332 6.362939 2.745798 3.763866
[15,] 15.69876 469.7635 0.7240066 19.46428 286.6979 44.93539 26.01207 6.362939 2.745798 3.757928
[16,] 18.12878 440.4444 0.9950171 20.28121 286.6002 36.51672 25.23607 6.113038 3.270458 2.986816
[17,] 18.34753 440.4444 1.0000000 20.28121 286.5979 36.51672 25.15482 6.113038 3.270458 2.969003
[18,] 18.54559 458.8421 0.9951916 20.46269 286.6003 36.51590 25.24739 6.113818 2.453634 2.983149
[19,] 18.46210 458.3955 0.9952422 20.50752 286.6016 36.51575 25.24772 6.114416 2.458988 2.981172
[20,] 17.62979 451.9089 0.9966278 20.19740 286.6049 36.50004 25.28162 6.050826 3.386144 2.967130
[21,] 17.62979 451.9089 1.0000000 20.19740 286.6049 36.50004 25.20037 6.050826 3.361144 2.990880
[22,] 16.85643 413.5027 0.7462607 20.39266 286.5813 43.04305 25.44608 6.237449 3.183190 3.796083
[23,] 16.85643 413.5027 0.8334482 20.39266 286.5813 43.09305 25.44608 6.237449 3.167565 3.769364
[24,] 16.89277 406.7638 0.7360957 20.38259 286.5799 43.05911 25.41154 6.247204 3.285422 3.714015
[25,] 16.89277 406.7638 0.7360957 20.38259 286.5799 43.05911 25.41154 6.247204 3.288547 3.714015
[26,] 16.89440 405.6376 0.7357042 20.37888 286.5795 43.05329 25.42499 6.248950 3.296647 3.696568
[27,] 16.89471 402.3167 0.7356435 20.37748 286.5795 43.04985 25.43425 6.250316 3.396649 3.682483
[28,] 16.89129 402.3167 0.7356435 20.37748 286.5795 43.04985 25.43425 6.250316 3.396649 3.682483
[29,] 16.79041 408.0139 0.8175476 20.36018 286.5807 43.03603 25.40537 6.242570 3.504415 3.724055
[30,] 16.79041 408.0139 0.8175476 20.36018 286.5807 43.03603 25.40537 6.242570 3.501290 3.724055
[31,] 16.88277 408.0740 0.7978829 20.28339 286.5814 43.09914 25.41102 6.254151 3.352231 3.663991
[32,] 14.13334 420.4799 0.7616589 23.24103 286.6801 37.24106 24.42299 6.514559 3.500302 3.319059
[33,] 14.13334 420.4799 0.7616589 23.24103 286.6801 37.23481 24.46362 6.514559 3.494052 3.313122
[34,] 14.09402 427.7734 0.7532770 23.02214 286.6796 37.25541 24.17386 6.521895 3.427882 3.311047
[35,] 14.09402 427.7734 0.7307770 23.02214 286.6796 37.25541 24.17386 6.521895 3.427882 3.308078
[36,] 14.14032 420.4907 0.7609775 23.25798 286.6794 37.28285 24.18642 6.516324 3.473300 3.315527
[37,] 14.14032 420.4907 0.8509775 23.25798 286.6794 37.28285 24.18642 6.516324 3.460800 3.315527

$time
elapsed elapsed elapsed elapsed elapsed elapsed elapsed elapsed elapsed elapsed elapsed elapsed elapsed elapsed elapsed elapsed elapsed elapsed elapsed elapsed elapsed elapsed elapsed elapsed elapsed elapsed elapsed elapsed elapsed elapsed 
   2.06    5.33    7.58   16.98   20.41   23.72   27.00   41.56   47.22   60.78   67.19   76.95   85.09   91.42  121.09  177.89  179.95  188.53  194.89  207.45  212.25  286.59  288.95  688.55  690.11  699.83  715.37  722.83  743.45  754.48 
elapsed elapsed elapsed elapsed elapsed elapsed elapsed 
1034.34 1069.31 1071.28 1118.20 1119.94 1128.41 1136.56 

$neval
 [1]   106   261   359   652   791   932  1069  1621  1857  2397  2665  3067  3281  3550  4710  7290  7387  7792  8059  8594  8816 12102 12216 30112 30185 30595 31280 31624 32574 33053 45553 47091 47185 49379 49459 49867 50135

$fbest
[1] 852.6215

$xbest
 [1]  14.1403212 420.4907272   0.8509775  23.2579850 286.6794343  37.2828462  24.1864182   6.5163236   3.4608003   3.3155266

$numeval
[1] 50135

$end_crit
[1] 1

$cpu_time
elapsed 
1136.56 

$Refset
$Refset$x
             [,1]        [,2]       [,3]        [,4]      [,5]       [,6]       [,7]       [,8]        [,9]       [,10]
 [1,]   1.0000000  14.1403200 420.490727   0.7609775 23.257985 286.679434  37.282850  24.186418   6.5163240   3.4733000
 [2,]   3.3155270   2.0000000 427.773360  23.0221400 37.255410   6.521895   3.308078 427.773360  23.0221400  37.2554100
 [3,]   6.5218950   3.3080780   3.000000  14.0940200  0.730777 286.679619  24.173856   3.427882  14.0940200   0.7307770
 [4,] 286.6796190  24.1738560   3.427882   4.0000000 14.094020 427.773356   0.753277  23.022140 286.6796190  37.2554100
 [5,]  24.1738560   6.5218950   3.427882   3.3110470  5.000000  14.127060 419.725719   0.762653  23.2659390 286.6795330
 [6,]  37.2450900  24.4596410   6.515509   3.5023640  3.325539   6.000000  16.677790 406.591600   0.7974644  20.6245720
 [7,] 286.5822680  43.1031000  25.409963   6.2536530  3.350705   3.591602   7.000000  16.859960 408.1945910   0.7984851
 [8,]  20.3039500 286.5805090  43.097850  25.4077610  6.253625   3.347664   3.660805   8.000000  16.6964600 407.6500410
 [9,]   0.7392818  20.4465970 286.587806  43.1358700 25.424037   6.259778   3.381508   3.603658   9.0000000  14.1594300
[10,] 421.0752700   0.7678300  23.147944 286.6796380 37.232340  24.977902   6.513779   3.550745   3.3489180  14.2305600
[11,] 420.8449880   0.7881646  23.164841 286.6255670 37.260650  24.907074   6.504050   3.473337   3.4123400  14.6418700
[12,] 424.2294060   0.6783115  22.534313 286.5631140 36.425740  25.311882   6.157720   4.022410   4.2986460  15.5247400

$Refset$f
 [1]  863.1979  864.3646  864.3646  870.7691  879.7205  893.7465  895.0747  901.6215  903.3177  920.9861 1008.8385 1041.3490

$Refset$fpen
 [1]  863.1979  864.3646  864.3646  870.7691  879.7205  893.7465  895.0747  901.6215  903.3177  920.9861 1008.8385 1041.3490

$Refset$const
 [1] 19.784680 32.526700 12.742015  1.514117  2.666412 32.572120  1.514080 19.594257 12.977860  2.666896 19.594260 12.977860  2.666896 32.572118  1.514080 19.594260 32.572120 12.977860  1.514080  2.666896 19.763580 32.497640 12.734061
[24]  1.513126  2.690119 17.273870 32.649290 15.375428  1.529621  2.466848 16.956290 32.652340 15.696050  1.529792  2.466310 17.065090 32.618490 15.553403  1.529085  2.468397 19.597200 32.449260 12.852056  1.511275  2.732853 19.691500
[47] 32.526660 12.835159  1.517618  2.704450 18.511900 31.977590 13.465687  1.521217  2.761569 17.493510 32.652180 15.158665  1.521118  2.538318

$Refset$penalty
 [1] 0 0 0 0 0 0 0 0 0 0 0 0


