$f
 [1] 2372.4774 1642.1736  998.2726  980.9809  916.4913  896.1146  891.8924  875.6354  872.6024  863.9097  849.8628  814.4757  814.3611  810.4462  809.4948  809.4896  808.6059  800.5608  790.4844  790.4670  790.1753  789.7413  789.6997
[24]  789.4149  787.5174  787.3038  786.6128  786.3785  786.2378  785.8785  785.4826  783.8542  780.9705  778.3663  778.1562  777.8229  777.7986  777.5642  777.3646  777.1059  777.1059

$x
           [,1]     [,2]      [,3]     [,4]     [,5]     [,6]     [,7]     [,8]     [,9]    [,10]
 [1,] 25.154275 165.3915 0.8934288 19.16446 286.3114 37.26374 24.56795 3.532512 6.300734 4.330332
 [2,]  7.221244 310.4596 0.8277946 25.87046 286.0310 43.13007 24.97454 6.598860 2.545439 1.383590
 [3,]  7.250190 315.4628 0.7459352 25.87046 286.0277 43.13448 24.98170 7.481154 2.004411 1.402970
 [4,]  7.412360 316.6696 0.7487314 25.84657 285.7469 40.96654 24.89189 7.196500 2.377979 1.563766
 [5,]  7.531807 307.6158 0.7497791 25.76310 285.7016 39.31714 24.76372 7.131797 2.678784 1.476322
 [6,]  7.963464 293.6399 0.7965771 25.87712 285.7482 41.03651 24.83345 7.216341 2.510689 1.545553
 [7,]  7.963464 293.6399 0.7969287 25.87712 285.7482 41.03651 24.87407 7.216341 2.523189 1.545553
 [8,]  7.468050 307.6769 0.7644309 25.82822 285.8028 40.04851 24.97866 7.274864 2.616866 1.477941
 [9,]  7.416916 321.8746 0.7627742 25.96634 285.8058 39.81734 25.10625 7.269420 2.587671 1.593057
[10,]  7.401550 310.6879 0.7645170 25.88852 285.7909 40.07250 24.96823 7.289490 2.541949 1.484957
[11,]  7.479049 307.5738 0.7639072 25.85682 285.8058 40.50572 25.01358 7.339193 2.615192 1.474460
[12,]  7.479049 306.3238 0.9555035 25.85682 285.8058 40.50572 25.01358 7.339193 2.715192 1.474460
[13,]  7.415864 285.9406 0.7455553 25.75991 285.7622 40.08092 24.70927 7.280349 3.287694 1.531010
[14,]  7.415864 285.9406 0.7686706 25.75991 285.7616 40.06842 24.70927 7.280349 3.287694 1.531010
[15,]  7.427831 284.0958 0.7469059 25.78564 285.7603 40.04360 24.71462 7.275784 3.355781 1.534055
[16,]  7.427831 284.0958 0.7469059 25.78564 285.7603 40.04360 24.71462 7.275784 3.352656 1.534055
[17,]  7.526799 293.8462 0.7477308 25.76504 285.7576 40.05063 24.72729 7.277016 3.012320 1.533514
[18,]  7.537009 282.9643 0.7472217 25.78887 285.7589 40.05058 24.73505 7.275640 3.374546 1.535538
[19,]  7.529216 283.5555 0.7470343 25.78673 285.7611 40.04975 24.73107 7.275396 3.389728 1.535119
[20,]  7.529439 284.1214 0.7470407 25.79734 285.7609 40.04763 24.73036 7.275799 3.360738 1.534797
[21,]  7.532857 284.1214 0.7470407 25.79734 285.7609 40.04763 24.73036 7.275799 3.360738 1.534797
[22,]  7.529585 283.9888 0.7475237 25.78741 285.7606 40.04918 24.72749 7.276133 3.371460 1.534335
[23,]  7.529674 283.6980 0.7475357 25.79014 285.7606 40.04971 24.72871 7.276362 3.380067 1.534140
[24,]  7.533297 283.7750 0.7482532 25.75753 285.7602 40.04222 24.72386 7.277017 3.388633 1.532808
[25,]  7.533297 283.7750 0.7482532 25.75753 285.7602 40.04222 24.72386 7.277017 3.391758 1.532808
[26,]  7.552301 283.7460 0.7486586 25.78399 285.7603 40.04855 24.72461 7.276882 3.359907 1.533389
[27,]  7.552301 283.7460 0.7486586 25.78399 285.7603 40.04855 24.72461 7.276882 3.356782 1.533389
[28,]  7.550225 283.6917 0.7485090 25.76877 285.7601 40.04781 24.72301 7.277124 3.369537 1.532901
[29,]  7.546690 283.7260 0.7485861 25.78319 285.7602 40.04815 24.72426 7.276333 3.363121 1.534082
[30,]  7.545900 283.6927 0.7484478 25.76051 285.7599 40.04358 24.72121 7.277245 3.377254 1.533058
[31,]  7.557751 283.5902 0.7520781 25.78145 285.7605 40.05058 24.72140 7.278615 3.353468 1.538300
[32,]  7.554727 283.6556 0.7811698 25.78108 285.7592 40.04740 24.72251 7.278870 3.373203 1.537581
[33,]  7.554727 283.6165 0.7811698 25.78108 285.7592 40.04740 24.72251 7.278870 3.376328 1.537581
[34,]  7.551414 284.9778 0.8074225 25.74431 285.7603 40.09619 24.68815 7.280745 3.369970 1.542727
[35,]  7.551070 285.0083 0.8095120 25.74606 285.7602 40.09707 24.69000 7.280726 3.370168 1.542760
[36,]  7.547222 284.9429 0.8065245 25.75130 285.7601 40.09603 24.69094 7.280876 3.370226 1.542423
[37,]  7.547222 284.9429 0.8065245 25.75148 285.7601 40.09603 24.69094 7.280876 3.370226 1.542423
[38,]  7.549018 284.9289 0.8059641 25.74673 285.7603 40.09710 24.69288 7.280667 3.372108 1.542676
[39,]  7.549755 284.8878 0.8066916 25.74578 285.7598 40.09782 24.69199 7.280556 3.373683 1.543199
[40,]  7.550426 284.8653 0.8068047 25.74532 285.7593 40.09784 24.69240 7.280448 3.374514 1.543651
[41,]  7.550426 284.8653 0.8068047 25.74532 285.7593 40.09784 24.69240 7.280448 3.374514 1.543651

$time
elapsed elapsed elapsed elapsed elapsed elapsed elapsed elapsed elapsed elapsed elapsed elapsed elapsed elapsed elapsed elapsed elapsed elapsed elapsed elapsed elapsed elapsed elapsed elapsed elapsed elapsed elapsed elapsed elapsed elapsed 
   1.86    4.81    8.65   26.26   32.61   35.54   40.00   51.06   59.23   62.00   64.62   70.06  167.67  170.37  189.96  200.14  216.18  224.07  226.64  273.75  275.20  294.42  307.76  410.23  411.70  437.26  441.32  461.31  474.62  512.53 
elapsed elapsed elapsed elapsed elapsed elapsed elapsed elapsed elapsed elapsed elapsed 
 557.09  559.75  561.25  706.42  745.06  758.40  776.76  870.18  892.20  910.15 1049.70 

$neval
 [1]   106   254   452  1296  1573  1711  1933  2475  2880  3016  3154  3388  8031  8127  9081  9567 10380 10784 10923 13206 13279 14227 14846 19602 19675 20905 21114 22057 22675 24523 26652 26789 26867 33786 35631 36250 37137 41700 42720
[40] 43599 50131

$fbest
[1] 777.1059

$xbest
 [1]   7.5504257 284.8653056   0.8068047  25.7453233 285.7592575  40.0978448  24.6924029   7.2804481   3.3745141   1.5436507

$numeval
[1] 50131

$end_crit
[1] 1

$cpu_time
elapsed 
 1049.7 

$Refset
$Refset$x
             [,1]        [,2]       [,3]        [,4]        [,5]        [,6]        [,7]        [,8]        [,9]       [,10]
 [1,]   1.0000000   7.5497040 284.899900   0.8068205  25.7495700 285.7597000  40.0978000  24.6925200   7.2805230   3.3711610
 [2,]   1.5433610   2.0000000   7.549808 284.9720000   0.8066261  25.7432600 285.7596000  40.0977800  24.6932500   7.2805000
 [3,]   3.3726350   1.5433070   3.000000   7.5498550 284.9122000   0.8065037  25.7431100 285.7589000  40.0979100  24.6931700
 [4,]   7.2805390   3.3742970   1.543487   4.0000000   7.5495780 284.9041000   0.8067487  25.7486000 285.7598000  40.0978700
 [5,]  24.6918600   7.2805270   3.371720   1.5433270   5.0000000   7.5479460 285.1155000   0.8067492  25.7367400 285.7596000
 [6,]  40.0981500  24.6902500   7.280722   3.3733550   1.5432210   6.0000000   7.5492320 284.9339000   0.8065889  25.7503100
 [7,] 285.7597000  40.0977000  24.689220   7.2802960   3.3713420   1.5436770   7.0000000   7.5497790 285.3109000   0.8084724
 [8,]  25.7260400 285.7606000  40.096110  24.6778200   7.2807040   3.3728130   1.5428460   8.0000000   7.5523700 285.2846000
 [9,]   0.8067017  25.7113600 285.784000  40.2086400  24.6778400   7.2790490   3.3843140   1.5435480   9.0000000   7.5652830
[10,] 284.0160000   0.8012937  25.915390 285.7587000  40.0434400  24.6692900   7.3427120   3.3739010   1.5437970   7.5515160
[11,] 284.8427000   0.8041254  25.775620 285.7950000  40.0025800  24.6913400   7.3076080   3.4013270   1.5394030   7.5498120
[12,] 270.9882000   0.7870379  25.730440 285.6723000  41.8085300  24.6592400   7.2893450   3.3667830   1.5432910   7.9148310

$Refset$f
 [1]  777.1059  777.1059  777.1059  777.1059  777.5920  778.2552  778.4965  804.1337  875.1858  919.8750  999.9740 1154.4965

$Refset$fpen
 [1]  777.1059  777.1059  777.1059  777.1059  777.5920  778.2552  778.4965  804.1337  875.1858  919.8750  999.9740 1154.4965

$Refset$const
 [1] 22.378410 32.628840 10.250430  1.607757  2.305548 22.370630 32.627370 10.256740  1.607773  2.305560 22.368810 32.625700 10.256890  1.607836  2.305397 22.376880 32.628280 10.251400  1.607744  2.305533 22.363390 32.626640 10.263260
[24]  1.607765  2.305366 22.378970 32.628660 10.249690  1.607753  2.305345 22.353230 32.627190 10.273960  1.607646  2.304920 22.327050 32.615690 10.288640  1.605344  2.305982 22.541490 32.626100 10.084610  1.607873  2.305943 22.374290
[47] 32.598670 10.224380  1.604598  2.316997 22.363660 32.633220 10.269560  1.612592  2.225485 22.247380 32.638720 10.391340  1.608184  2.314325

$Refset$penalty
 [1] 0 0 0 0 0 0 0 0 0 0 0 0


