$f
 [1] 1366.9740  804.7049  661.4010  624.0642  609.5399  570.4774  543.1701  483.7188  478.8507  465.4167  448.9531  438.5382  432.0434  427.8056  418.9549  417.5365  415.3056  414.9288  413.0208  410.5434  409.6024  408.7622  408.1806
[24]  407.4323  407.3368  407.3160  406.8594  406.5590  406.5434  406.5087  406.3316  405.8663  405.6667  405.6597  405.6302  405.6285  405.5174  405.5139  405.4253  405.3403  404.6719  404.6389  404.6233  404.6076  404.6076

$x
          [,1]     [,2]      [,3]     [,4]     [,5]     [,6]     [,7]     [,8]     [,9]    [,10]
 [1,] 26.80955 420.1185 0.8945620 15.92799 286.1494 28.06359 24.49120 9.570117 8.199604 4.820711
 [2,] 25.30131 288.3834 0.1000000 22.70923 286.8704 47.74615 24.71130 2.201450 2.000000 2.051356
 [3,] 25.14663 283.5695 0.1000000 22.35122 286.8704 48.00000 24.00000 2.201450 2.291741 1.908608
 [4,] 16.90008 299.1291 0.6361393 20.14261 285.4497 43.12879 24.18462 5.837905 8.373027 4.462512
 [5,] 12.62972 214.2624 1.0000000 27.71718 285.0257 42.71037 30.98404 3.060169 7.301914 3.406496
 [6,] 16.60964 206.5439 0.4533705 27.28769 286.1068 44.05039 37.50577 2.934793 5.791574 4.389186
 [7,] 15.88920 206.3552 0.3091095 27.14319 286.1667 44.20586 36.64491 2.932532 6.174094 4.459592
 [8,] 15.88920 206.3552 0.3091095 27.14319 286.1661 44.60586 36.31991 3.132532 6.186594 4.994063
 [9,] 15.34486 173.9415 0.6584752 28.50599 285.7981 42.81003 36.31953 2.601967 7.018076 4.426411
[10,] 15.20467 196.3063 0.6936032 27.62381 285.9036 42.79859 37.22878 2.433362 7.089527 4.183335
[11,] 15.41931 194.7562 0.5868753 27.63396 285.9077 42.87196 36.74146 2.588505 7.037396 4.239931
[12,] 15.36933 194.8063 0.5908369 27.63374 285.9095 42.89783 36.75553 2.549221 7.030395 4.239010
[13,] 15.48198 188.2713 0.5938572 28.56345 285.8530 42.78513 36.12269 2.968066 6.717219 4.248470
[14,] 15.53013 184.8867 0.6639307 28.52929 285.8373 42.79577 36.33653 2.942242 6.847508 4.411695
[15,] 15.53013 184.8867 0.6864307 28.52782 285.8350 42.59577 36.33653 2.945367 6.847508 4.411695
[16,] 15.55905 190.1417 0.6718306 27.93456 285.9060 43.14013 36.58202 3.007567 6.978852 3.342038
[17,] 15.55905 190.1417 0.6943306 27.93456 285.9060 43.14013 36.58202 3.007567 6.978852 3.342038
[18,] 15.56002 189.6907 0.7036622 27.93692 285.9061 43.15448 36.58355 3.006511 6.994662 3.344562
[19,] 15.53994 188.5728 0.5718256 27.81887 285.9091 43.16553 36.59759 3.019003 7.046302 3.243435
[20,] 15.54055 189.6954 0.7476875 27.96511 285.9079 43.16710 36.63678 2.999874 6.970033 3.427951
[21,] 15.53171 189.2855 0.7429661 27.97445 285.9084 43.17323 36.63456 2.999728 6.966107 3.501706
[22,] 15.65166 189.9165 0.7631512 27.89706 285.9085 43.15681 36.64383 2.961172 6.990030 3.396401
[23,] 15.64483 189.9165 0.7631512 27.89706 285.9085 43.15681 36.64383 2.961172 6.993155 3.396401
[24,] 15.63219 190.7062 0.8573909 27.92542 285.9089 43.15991 36.63790 2.992490 6.971278 3.447721
[25,] 15.63219 190.6867 0.8573909 27.92542 285.9089 43.15991 36.63790 2.992490 6.971278 3.447721
[26,] 15.63635 189.6930 0.8512028 27.98998 285.9081 43.15979 36.61891 2.960252 6.979038 3.407722
[27,] 15.63822 189.6780 0.8511436 27.99034 285.9083 43.15997 36.61793 2.959272 6.979497 3.408273
[28,] 15.63660 190.1277 0.8427076 27.93072 285.9062 43.15914 36.60980 2.995351 6.971323 3.428003
[29,] 15.63942 190.1055 0.8494064 27.93740 285.9072 43.15915 36.61203 2.995132 6.971303 3.427588
[30,] 15.64062 190.1016 0.8523943 27.93981 285.9076 43.15916 36.61229 2.995087 6.971299 3.427385
[31,] 15.68181 190.1180 0.8933746 27.98594 285.9092 43.17747 36.63376 3.001353 6.947579 3.503056
[32,] 15.68181 190.1180 0.8933746 27.98594 285.9092 43.17747 36.63376 3.001353 6.950704 3.506025
[33,] 15.68428 189.9678 0.8735071 28.00704 285.9092 43.16336 36.61874 2.989696 6.946430 3.613564
[34,] 15.68746 189.5123 0.8647375 27.99177 285.9090 43.16817 36.62080 2.997379 6.951100 3.566672
[35,] 15.68483 189.9298 0.8757400 28.01045 285.9092 43.16173 36.61888 2.991665 6.945554 3.636188
[36,] 15.66766 189.9399 0.8537575 27.99333 285.9090 43.17747 36.62176 2.997144 6.942041 3.567914
[37,] 15.67922 189.6016 0.8746282 27.99333 285.9083 43.16712 36.62932 2.997537 6.950061 3.567152
[38,] 15.67922 189.6016 0.8746282 27.99333 285.9083 43.16712 36.66994 2.997537 6.950061 3.567152
[39,] 15.67939 189.5971 0.8747176 27.99294 285.9083 43.16726 36.62916 2.997622 6.950021 3.570189
[40,] 15.69641 189.5224 0.8792186 27.99413 285.9089 43.16113 36.62757 2.996192 6.950046 3.561749
[41,] 15.72745 189.2324 0.8796371 27.99758 285.9093 43.16140 36.62210 2.998217 6.946844 3.551004
[42,] 15.73429 189.1455 0.8879445 27.99958 285.9100 43.15791 36.63838 2.997038 6.949609 3.583641
[43,] 15.72950 189.2029 0.8819045 27.99578 285.9080 43.16046 36.63332 2.997854 6.948240 3.570928
[44,] 15.72824 189.1937 0.8808851 27.99659 285.9073 43.16409 36.63307 2.996189 6.948902 3.564190
[45,] 15.72824 189.1937 0.8808851 27.99659 285.9073 43.16409 36.63307 2.996189 6.948902 3.564190

$time
elapsed elapsed elapsed elapsed elapsed elapsed elapsed elapsed elapsed elapsed elapsed elapsed elapsed elapsed elapsed elapsed elapsed elapsed elapsed elapsed elapsed elapsed elapsed elapsed elapsed elapsed elapsed elapsed elapsed elapsed 
   2.18    6.28   10.47   20.62   27.76   31.23   38.40   47.31   55.06   64.97   68.17   71.47   74.65   77.98   84.64  332.37  334.45  353.95  357.45  375.03  378.53  382.04  388.25  418.11  423.09  437.84  465.25  468.47  471.95  475.26 
elapsed elapsed elapsed elapsed elapsed elapsed elapsed elapsed elapsed elapsed elapsed elapsed elapsed elapsed elapsed 
 496.39  498.31  534.40  559.01  580.53  593.20  602.17  603.86  627.32  648.23  695.98  761.59  785.92 1396.29 1409.92 

$neval
 [1]   106   261   420   852  1129  1266  1538  1929  2205  2618  2758  2897  3037  3179  3415 11765 11838 12252 12392 12947 13083 13224 13302 14520 14731 15276 16306 16445 16582 16720 17531 17610 19100 20127 20999 21535 21940 22013 22963
[40] 23838 25799 28469 29486 49542 50025

$fbest
[1] 404.6076

$xbest
 [1]  15.7282388 189.1937135   0.8808851  27.9965917 285.9073054  43.1640852  36.6330732   2.9961889   6.9489022   3.5641900

$numeval
[1] 50025

$end_crit
[1] 1

$cpu_time
elapsed 
1409.92 

$Refset
$Refset$x
             [,1]        [,2]       [,3]        [,4]        [,5]        [,6]        [,7]        [,8]        [,9]       [,10]
 [1,]   1.0000000  15.7282400 189.193700   0.8808851  27.9965900 285.9073000  43.1640900  36.6330700   2.9961890   6.9489020
 [2,]   3.5641900   2.0000000  15.729790 189.1686000   0.8791829  27.9956800 285.9073000  43.1629200  36.6491000   2.9983660
 [3,]   6.9486940   3.5737110   3.000000  15.7312400 189.1653000   0.8796558  27.9956600 285.9070000  43.1627400  36.6235900
 [4,]   2.9977870   6.9490030   3.570236   4.0000000  15.7303600 189.1925000   0.8803218  27.9954200 285.9070000  43.1622000
 [5,]  36.6362200   2.9974730   6.948401   3.5713260   5.0000000  15.7312900 189.1814000   0.8801643  27.9948000 285.9071000
 [6,]  43.1615900  36.6293800   2.996718   6.9490000   3.5707820   6.0000000  15.7275700 189.2290000   0.8794084  27.9953400
 [7,] 285.9072000  43.1628300  36.629770   2.9978590   6.9483720   3.5720730   7.0000000  15.7354600 189.2444000   0.8789611
 [8,]  27.9876500 285.9072000  43.162900  36.6357300   2.9978030   6.9484640   3.5720600   8.0000000  15.8284000 189.1725000
 [9,]   0.8617452  27.9326500 285.907100  43.1625800  36.6295300   2.9976020   6.9482160   3.5713410   9.0000000  15.6967100
[10,] 189.5392000   0.8759444  27.995290 285.9084000  43.1723600  36.6074000   2.9961650   6.9483330   3.5694400  15.5798400
[11,] 189.3141000   0.6237123  28.003080 285.7585000  43.2703900  35.2979400   2.8292180   6.7500730   3.4298740  20.7103800
[12,] 210.9305000   0.8069149  27.211570 286.3981000  37.1273000  31.8628400   4.3243310   6.6136920   3.5665980  15.8355300

$Refset$f
 [1] 404.6076 404.6233 404.6233 404.6233 404.6233 404.6389 405.0833 405.9306 405.8802 435.8003 477.3646 459.2587

$Refset$fpen
 [1] 404.6076 404.6233 404.6233 404.6233 404.6233 404.6389 405.0833 405.9306 405.8802 435.8003 477.3646 459.2587

$Refset$const
 [1] 21.047690 29.051100  8.003408  1.580296  3.059411 21.046980 29.051310  8.004322  1.580233  3.060953 21.046660 29.051000  8.004341  1.580364  3.058563 21.047020 29.051600  8.004580  1.580314  3.059754 21.045800 29.051000  8.005202
[24]  1.580332  3.059193 21.046970 29.051630  8.004662  1.580322  3.059165 21.039190 29.051540  8.012350  1.580290  3.059724 20.984440 29.051780  8.067346  1.580331  3.059139 21.046960 29.051670  8.004707  1.580266  3.056821 21.253010
[47] 29.249930  7.996916  1.604865  2.889592 20.597880 29.386310  8.788425  1.512434  3.289674 20.987290 29.054530  8.067245  1.582096  3.056166

$Refset$penalty
 [1] 0 0 0 0 0 0 0 0 0 0 0 0


