$f
 [1] 1408.6128 1061.6215  789.7951  699.0243  456.8160  434.6649  392.3559  285.8750  267.2205  248.2813  226.3576  197.7847  189.4531  188.2986  175.5556  174.6111  171.3750  166.7431  160.7378  152.5729  131.2969  130.3351  129.5226
[24]  128.5347  128.4774  127.8507  127.2500  126.8733  126.7639  126.7569  126.7396  126.6042  126.1285  126.1267  125.7517  125.5000  125.4045  125.3160  125.2760  125.2691  124.9514  124.9514

$x
           [,1]     [,2]      [,3]     [,4]     [,5]     [,6]     [,7]      [,8]     [,9]    [,10]
 [1,]  7.657632 177.4337 0.3961823 28.68808 284.8504 35.63205 31.45408  6.806571 7.055250 3.362096
 [2,] 14.026375 167.5134 0.6310394 22.89018 285.7759 44.57830 24.58511 10.000000 8.319403 4.465058
 [3,] 13.614478 167.5134 0.5410394 22.88777 285.6631 44.57317 24.39920 10.000000 8.319403 4.489173
 [4,] 13.787497 196.8450 0.5821034 23.32728 286.4258 42.46919 24.79657  6.689731 9.260109 4.607618
 [5,] 11.165795 263.2571 0.2136093 18.91932 286.4539 43.34345 25.32460  7.265486 9.464214 1.200000
 [6,] 12.550388 200.2011 0.5927800 25.22075 286.3993 39.04789 24.39252  7.274891 8.494769 4.701415
 [7,]  9.986454 277.4390 0.1639498 17.57965 286.4918 44.08809 26.93553  6.873251 9.888142 1.200000
 [8,] 11.125809 265.3477 0.2253863 18.10317 286.4886 43.14431 26.78880  7.006788 9.818313 1.200000
 [9,] 11.546091 275.0193 0.1865606 17.55425 286.4893 43.75269 26.96524  6.903551 9.836827 1.200000
[10,] 11.501071 274.5773 0.1620719 17.55425 286.4893 43.75269 26.96524  6.905761 9.834617 1.205937
[11,] 11.620035 290.1077 0.2228847 18.10197 286.6443 44.38048 26.77837  6.878949 9.044878 1.200000
[12,] 11.714334 298.8092 0.2254017 18.08694 286.8062 44.49661 27.16051  6.750152 9.030627 1.200000
[13,] 11.714334 298.8092 0.2254017 18.27444 286.8062 44.50986 26.99801  6.750152 9.080627 1.200000
[14,] 11.290822 283.1447 0.2345196 18.41844 286.4074 44.97209 25.86920  7.292172 9.037095 2.009694
[15,] 11.290822 283.1447 0.2345196 18.41844 286.3875 44.97209 25.70670  7.292172 8.987095 2.009694
[16,] 11.335973 283.1329 0.2498551 18.50634 286.4635 45.27931 26.63459  7.326133 8.882866 1.858132
[17,] 11.335973 283.7579 0.2526676 18.50634 286.4635 45.27931 26.55334  7.324571 8.876616 1.852936
[18,] 11.398390 287.8294 0.2497410 18.52945 286.4841 45.74252 26.63537  7.318460 8.870395 1.883400
[19,] 11.453077 287.8294 0.2497410 18.34195 286.4841 45.74252 26.63537  7.318460 8.882895 1.883400
[20,] 11.415546 286.3441 0.2507962 18.52385 286.4728 45.72757 26.68173  7.354320 8.732153 1.815774
[21,] 11.337336 282.7251 0.2282962 18.52057 286.4715 45.72757 26.67037  7.354320 8.745390 1.818743
[22,] 11.426183 285.5332 0.2429697 18.51391 286.4857 45.88511 26.69157  7.354257 8.695723 1.816083
[23,] 11.426183 285.5332 0.2429697 18.51391 286.4856 45.88511 26.69157  7.354160 8.692598 1.816083
[24,] 11.391462 284.5217 0.2228597 18.44629 286.4703 45.64714 26.66533  7.345477 8.702874 1.826079
[25,] 11.400561 282.4782 0.2156058 18.44573 286.4701 45.64281 26.66546  7.346421 8.726840 1.824244
[26,] 11.412153 286.1401 0.2446850 18.48352 286.4824 45.78666 26.69602  7.349926 8.716241 1.817809
[27,] 11.412153 286.1011 0.2446850 18.48352 286.4824 45.78666 26.69602  7.349926 8.719366 1.817809
[28,] 11.408736 283.2203 0.2248547 18.46694 286.4775 45.75531 26.66886  7.346379 8.714867 1.824068
[29,] 11.408736 283.2984 0.2248547 18.46694 286.4775 45.75531 26.66886  7.346379 8.711742 1.824068
[30,] 11.418200 286.4347 0.2458782 18.49302 286.4807 45.78358 26.67213  7.348104 8.702502 1.818573
[31,] 11.418200 286.4347 0.2458782 18.49302 286.4807 45.78358 26.67213  7.348104 8.699377 1.818573
[32,] 11.410262 283.8137 0.2271888 18.43991 286.4813 45.76819 26.68963  7.347839 8.724167 1.819518
[33,] 11.410262 283.8137 0.2271888 18.43991 286.4813 45.76779 26.68963  7.347839 8.724167 1.818776
[34,] 11.390624 285.0378 0.2301808 18.50283 286.4781 45.77315 26.65693  7.348550 8.658582 1.823468
[35,] 11.387955 284.9965 0.2296903 18.50007 286.4783 45.76805 26.66730  7.348496 8.662338 1.822968
[36,] 11.590803 279.2132 0.2133606 18.48732 286.4776 45.73313 26.67699  7.349956 8.680634 1.817610
[37,] 11.590803 279.2132 0.2133606 18.48732 286.4776 45.73313 26.67699  7.349956 8.680634 1.818352
[38,] 11.386008 284.1603 0.2288585 18.50136 286.4782 45.76783 26.67173  7.348319 8.682729 1.823261
[39,] 11.387078 284.2142 0.2293576 18.50528 286.4789 45.76785 26.67100  7.348518 8.684597 1.823629
[40,] 11.387764 284.2847 0.2302089 18.50754 286.4789 45.77218 26.66930  7.348379 8.685072 1.824135
[41,] 11.384535 284.1147 0.2302893 18.50638 286.4782 45.75812 26.67073  7.347942 8.694110 1.824252
[42,] 11.384535 284.1147 0.2302893 18.50638 286.4782 45.75812 26.67073  7.347942 8.694110 1.824252

$time
elapsed elapsed elapsed elapsed elapsed elapsed elapsed elapsed elapsed elapsed elapsed elapsed elapsed elapsed elapsed elapsed elapsed elapsed elapsed elapsed elapsed elapsed elapsed elapsed elapsed elapsed elapsed elapsed elapsed elapsed 
   2.72    6.22    9.50   12.59   15.69   21.86   25.52   28.61   34.61   43.42   63.74   66.52   74.06  123.17  125.16  177.36  181.38  190.14  216.38  260.17  263.69  354.83  356.78  410.99  430.45  441.75  443.50  477.64  479.45  503.58 
elapsed elapsed elapsed elapsed elapsed elapsed elapsed elapsed elapsed elapsed elapsed elapsed 
 511.55  579.41  581.53  629.31  671.06  681.52  706.03  757.66  762.55  783.38  885.92 1223.06 

$neval
 [1]   106   262   413   556   699   982  1121  1265  1545  1921  2871  3006  3363  5653  5745  8153  8259  8525  9696 11309 11451 14431 14517 16838 17719 18259 18337 19662 19741 20826 21171 24192 24272 26341 28041 28518 29530 31571 31776
[40] 32589 36202 50040

$fbest
[1] 124.9514

$xbest
 [1]  11.3845346 284.1147090   0.2302893  18.5063839 286.4782030  45.7581194  26.6707317   7.3479424   8.6941104   1.8242518

$numeval
[1] 50040

$end_crit
[1] 1

$cpu_time
elapsed 
1223.06 

$Refset
$Refset$x
             [,1]        [,2]       [,3]        [,4]        [,5]        [,6]        [,7]        [,8]        [,9]       [,10]
 [1,]   1.0000000  19.0347170 191.450900   0.3366065  23.5639300 286.8112000  45.8551800  48.3125300   3.0019370   2.1421590
 [2,]   4.5024210   2.0000000  11.349850 284.0479000   0.2302072  18.5089700 286.4790000  45.7715400  26.6674100   7.3481490
 [3,]   8.7081590   1.8240820   3.000000  11.3476930 284.0252000   0.2301231  18.5075100 286.4784000  45.7663900  26.6676200
 [4,]   7.3481280   8.7100750   1.823682   4.0000000  11.3478020 284.0353000   0.2302181  18.5097600 286.4786000  45.7703300
 [5,]  26.6673500   7.3481360   8.708486   1.8238170   5.0000000  11.3461860 284.0640000   0.2302477  18.5120300 286.4786000
 [6,]  45.7715100  26.6669100   7.348337   8.7060300   1.8236560   6.0000000  11.3480590 284.0861000   0.2299199  18.5108700
 [7,] 286.4786000  45.7638100  26.666710   7.3482280   8.7087030   1.8203600   7.0000000  11.3454820 283.8574000   0.2304799
 [8,]  18.5354100 286.4783000  45.757100  26.6673300   7.3502390   8.6963420   1.8240330   8.0000000  11.3921730 285.2327000
 [9,]   0.2309569  18.3467800 286.472100  45.8807200  26.5884100   7.3577240   8.7846120   1.8223360   9.0000000  11.3492430
[10,] 283.8654000   0.2199137  18.656910 286.4787000  45.7692800  26.6699600   7.3487470   8.7079110   1.8237690  11.2113210
[11,] 269.5665000   0.2301856  19.359840 286.6153000  45.7609300  26.6737100   7.4177800   8.7147140   1.8724500  11.3896860
[12,] 284.3189000   0.2288467  18.522870 286.5051000  45.5363800  27.5472400   7.3700340   8.7154900   2.6830040   8.2421970

$Refset$f
 [1] 2499.8681  124.9861  124.9861  124.9861  124.9861  128.8594  128.8767  140.5955  142.5538  253.8924  326.1319 1812.5503

$Refset$fpen
 [1] 1213052.6200     124.9861     124.9861     124.9861     124.9861     128.8594     128.8767     140.5955     142.5538     253.8924     326.1319    1812.5503

$Refset$const
 [1] 21.421766 33.857840 12.436070  1.398102  4.710553  9.800807 27.291840 17.491030  1.539941  2.415266  9.797430 27.289920 17.492490  1.539993  2.415263  9.801274 27.291510 17.490240  1.539972  2.415199  9.805999 27.293970 17.487970
[24]  1.539977  2.415122  9.802171 27.291300 17.489130  1.539973  2.415361  9.839067 27.303660 17.464590  1.539994  2.415532  9.562172 27.215390 17.653220  1.540702  2.405178  9.948995 27.292090 17.343090  1.539959  2.415413 10.645130
[47] 27.285290 16.640160  1.526805  2.460649  9.807382 27.284510 17.477130  1.536313  2.481887 13.655785 26.814210 13.158430  1.512719  2.858458

$Refset$penalty
 [1] 1.210553 0.000000 0.000000 0.000000 0.000000 0.000000 0.000000 0.000000 0.000000 0.000000 0.000000 0.000000


