$f
 [1] 983.0833 830.9653 783.0642 764.3194 666.7743 629.3663 627.3490 619.1146 605.6007 602.9809 593.2153 589.4427 584.3993 580.7517 573.8455 519.5035 518.4497 516.1545 516.0139 515.2622 515.0295 514.9271 514.8455 514.3438 513.3125 511.6979
[27] 510.4948 500.4948 500.2483 493.2483 492.5694 491.9601 476.1597 443.5573 443.5486

$x
          [,1]     [,2]      [,3]     [,4]     [,5]     [,6]     [,7]     [,8]     [,9]    [,10]
 [1,] 20.68611 332.8833 0.3264950 21.07166 286.6605 36.32693 25.20101 9.229763 3.449756 4.863557
 [2,] 19.75508 291.0061 0.3483157 19.89211 286.0512 36.18812 31.17590 7.386653 3.063170 4.940503
 [3,] 19.76875 291.1623 0.3595671 19.88332 286.0512 35.80062 31.17590 7.386653 3.119420 4.893003
 [4,] 17.66333 330.1058 0.3618147 19.66878 286.3239 42.50316 31.46725 7.575092 3.210498 4.994789
 [5,] 19.57389 379.7525 0.3080612 18.48692 286.4058 35.44261 31.67615 7.390450 2.989426 4.990426
 [6,] 18.83623 342.5098 0.3680651 19.36494 286.3133 35.72710 31.44015 7.458535 3.451483 4.903560
 [7,] 18.83623 342.5098 0.3455651 19.36494 286.3133 35.72710 31.44015 7.458535 3.451483 4.903560
 [8,] 19.78814 334.6330 0.3173955 19.66950 286.3144 35.44062 31.12103 7.386849 3.136666 4.963193
 [9,] 19.84318 335.8521 0.3205963 19.64490 286.3336 35.48424 31.29549 7.390620 3.137126 4.956525
[10,] 19.84318 335.8521 0.3205963 19.65076 286.3336 35.48424 31.30596 7.390620 3.149626 4.950588
[11,] 20.47503 335.4062 0.3172375 19.33347 286.3283 35.48045 31.25877 7.412085 3.127549 4.964383
[12,] 20.02630 335.4870 0.3172349 19.52434 286.3312 35.48126 31.30610 7.410458 3.135086 4.961817
[13,] 20.11673 335.4645 0.3172377 19.24913 286.3304 35.48130 31.28343 7.411558 3.130546 4.964102
[14,] 20.11673 335.4645 0.3172377 19.24913 286.3304 35.38130 31.12093 7.411558 3.130546 4.975977
[15,] 14.16067 254.6573 0.2917544 19.56898 285.1597 36.13508 30.47074 6.319101 6.553983 3.045946
[16,] 14.16067 254.0323 0.2467544 19.56898 285.1597 36.13508 30.47074 6.306601 6.628983 3.045946
[17,] 14.04011 277.0724 0.3205173 20.20726 285.1852 35.97634 30.67767 6.313682 5.723014 3.001232
[18,] 14.00755 277.0167 0.3203919 20.20998 285.1852 35.97624 30.67534 6.314816 5.730783 3.003101
[19,] 14.00770 276.7431 0.3213844 20.14100 285.1856 35.98794 30.67058 6.315121 5.788310 2.998568
[20,] 14.00723 276.9788 0.3232183 20.22391 285.1837 35.97110 30.67103 6.315254 5.708704 3.002418
[21,] 14.01065 276.9788 0.3232183 20.22391 285.1837 35.97110 30.67103 6.315254 5.708704 3.002418
[22,] 14.00185 277.4058 0.3230258 20.24489 285.1833 35.97066 30.67075 6.314986 5.683274 3.013073
[23,] 14.00175 277.4482 0.3232942 20.24478 285.1832 35.97087 30.67543 6.314993 5.682879 3.013044
[24,] 14.00276 277.3162 0.3230192 20.24256 285.1823 35.97080 30.65868 6.315421 5.686188 3.012066
[25,] 13.54585 280.8048 0.3456832 20.31087 285.1792 37.44003 30.68510 6.363135 5.585283 2.997331
[26,] 13.54585 280.8048 0.3456832 20.31380 285.1979 37.44003 30.68510 6.363525 5.597783 2.997331
[27,] 13.55501 275.0883 0.3405069 20.35364 285.1809 37.38055 30.68440 6.361929 5.577234 2.994203
[28,] 13.55501 275.0883 0.3180069 20.35364 285.1809 37.38055 30.68440 6.361929 5.539734 2.994203
[29,] 13.11933 286.0857 0.3470705 20.32742 285.1785 37.47448 30.67959 6.368385 5.589335 2.996967
[30,] 13.11933 285.9294 0.3470705 20.32742 285.1785 37.47448 30.63769 6.368385 5.589335 2.999936
[31,] 13.17246 281.5950 0.3485022 20.36370 285.1785 37.47513 30.66155 6.371972 5.625406 2.979432
[32,] 13.17246 281.5755 0.3485022 20.36370 285.1785 37.47513 30.66155 6.371972 5.625406 2.979432
[33,] 11.72809 281.5624 0.3369398 20.28363 285.1788 37.39771 30.59258 6.366777 5.609298 1.342189
[34,] 11.72809 281.5624 0.3995180 20.28363 285.1694 37.39771 30.59258 6.366777 5.509298 1.342189
[35,] 11.72467 281.5624 0.3995180 20.28363 285.1694 37.39771 30.59258 6.366777 5.509298 1.342189

$time
elapsed elapsed elapsed elapsed elapsed elapsed elapsed elapsed elapsed elapsed elapsed elapsed elapsed elapsed elapsed elapsed elapsed elapsed elapsed elapsed elapsed elapsed elapsed elapsed elapsed elapsed elapsed elapsed elapsed elapsed 
   2.00    9.72   13.25   30.39   33.65   36.98   48.48   58.04   81.58   83.84   94.39  107.28  113.83  119.25  186.79  188.94  211.25  221.72  256.45  264.65  292.17  298.76  313.78  328.36  470.40  472.58  531.70  534.47  566.86  568.90 
elapsed elapsed elapsed elapsed elapsed 
 624.94  626.75  633.08  661.29 1219.73 

$neval
 [1]   106   403   553  1243  1378  1517  2003  2411  3357  3453  3856  4391  4658  4880  7583  7675  8614  9027 10447 10795 11950 12218 12889 13498 19339 19430 21910 21993 23365 23455 25773 25847 26119 27305 50129

$fbest
[1] 443.5486

$xbest
 [1]  11.724669 281.562361   0.399518  20.283628 285.169396  37.397709  30.592578   6.366777   5.509298   1.342189

$numeval
[1] 50129

$end_crit
[1] 1

$cpu_time
elapsed 
1219.73 

$Refset
$Refset$x
             [,1]        [,2]       [,3]        [,4]        [,5]        [,6]       [,7]        [,8]        [,9]      [,10]
 [1,]   1.0000000  12.9428950 277.694200   0.3481267  20.4286300 285.1528000  37.703620  30.4937000   6.3791860   5.880110
 [2,]   2.9965750   2.0000000  12.940058 277.8551000   0.3492889  20.4491900 285.152200  37.6881700  30.4917400   6.378928
 [3,]   5.8635310   2.9908260   3.000000  12.9436100 277.7080000   0.3484301  20.428150 285.1528000  37.7017300  30.494080
 [4,]   6.3793860   5.8802750   2.994728   4.0000000  12.9424770 277.6716000   0.348602  20.4419000 285.1522000  37.690840
 [5,]  30.4919900   6.3788260   5.872188   2.9946740   5.0000000  12.9392410 277.682200   0.3485373  20.4324300 285.152500
 [6,]  37.6945800  30.4924500   6.379085   5.8801280   2.9940250   6.0000000  12.936928 277.6694000   0.3479712  20.433230
 [7,] 285.1525000  37.6982800  30.492490   6.3790350   5.8804240   2.9954010   7.000000  12.9287290 277.6097000   0.347517
 [8,]  20.4346600 285.1527000  37.724290  30.4882100   6.3791860   5.8893450   3.000130   8.0000000  12.9419050 277.725400
 [9,]   0.3486294  20.4304700 285.152700  37.6962500  30.4937700   6.3791730   5.880010   2.9960970   9.0000000  12.941178
[10,] 277.6999000   0.3485188  20.442460 285.1525000  37.6950100  30.4926000   6.378948   5.8792520   2.9961070   6.792729
[11,] 411.1780000   0.1221870  26.958700 284.9800000  42.7912000  36.6049500   5.552585   4.2450300   2.4702750  12.937646
[12,] 276.8104000   0.3371887  20.383420 285.1528000  37.7154100  30.4871700   6.378964   5.8696760   3.0118560  12.595398

$Refset$f
 [1]   469.9063   470.0833   469.9063   470.1337   470.1337   470.1337   470.1927   470.1337   470.4549 19310.1927   498.3646   587.2483

$Refset$fpen
 [1]   469.9063   470.0833   469.9063   470.1337   470.1337   470.1337   470.1927   470.1337   470.4549 19310.1927   498.3646   587.2483

$Refset$const
 [1] 14.548530 30.119890 15.571365  1.686981  2.718289 14.585660 30.136470 15.550813  1.687056  2.719111 14.547880 30.119730 15.571848  1.686973  2.718470 14.569710 30.127810 15.558101  1.687057  2.718941 14.552300 30.119870 15.567575
[24]  1.687018  2.718772 14.552810 30.119580 15.566767  1.687022  2.718505 14.545310 30.110650 15.565341  1.686984  2.716330 14.550460 30.119990 15.569535  1.686988  2.718812 14.563210 30.120750 15.557537  1.687020  2.718750 22.713670
[47] 31.754970  9.041301  1.712180  2.847317 14.513740 30.130320 15.616580  1.686970  2.716891 14.653050 29.944910 15.291859  1.688439  2.735798

$Refset$penalty
 [1] 0 0 0 0 0 0 0 0 0 0 0 0


