$f
 [1] 1383.6979 1273.5035 1222.0590 1136.3872 1101.1493 1082.6302 1079.4878 1033.3142 1012.7257  992.1319  980.5521  899.6424  890.9288  853.3177  786.6771  741.8108  732.7135  724.0556  697.2795  691.7170  670.5451  660.5851  650.3681
[24]  645.7743  639.8420  623.8368  607.8385  591.8073  588.0833  587.9479  586.8681  586.2986  584.2205  584.1181  583.7118  583.6094  583.4410  583.3247  583.3247

$x
           [,1]     [,2]      [,3]     [,4]     [,5]     [,6]     [,7]      [,8]     [,9]    [,10]
 [1,] 18.286029 318.7646 0.2813596 16.19500 286.0874 33.63137 26.00153  9.005395 6.778874 4.233008
 [2,]  8.008509 381.4406 0.4504284 27.87207 285.3964 41.66410 24.00000  2.000000 2.000000 4.443442
 [3,]  8.008509 381.4406 0.4954284 27.87207 285.3214 41.66410 24.00000  2.000000 2.000000 4.443442
 [4,] 15.110341 353.8937 0.4740094 21.70099 285.5186 27.63977 25.55015  5.898124 5.179732 4.507117
 [5,]  8.912014 222.2829 0.7289702 24.26962 286.1111 41.96064 27.90817  8.892376 7.023097 2.174915
 [6,] 10.413050 385.5909 0.2874846 20.52975 285.3987 32.90914 28.36361  7.609344 5.115840 4.430431
 [7,] 10.139962 385.5926 0.2908493 20.74002 285.3818 32.45178 27.75401  7.604404 5.188829 4.291660
 [8,] 10.139962 385.5926 0.3133493 20.74002 285.3461 32.45178 27.75401  7.604404 5.163829 4.291660
 [9,] 12.432753 336.6384 0.2262652 22.59062 286.2246 43.13634 28.92955  5.927021 3.415664 4.134702
[10,] 11.263862 309.8242 0.3143270 22.40075 286.3192 42.79346 29.48063  7.250619 5.019170 1.859367
[11,] 12.656157 311.0794 0.1375306 16.38931 286.3917 44.27725 30.63165 10.000000 6.620574 3.347626
[12,] 13.477058 336.8635 0.1393862 15.00000 286.5863 44.30201 30.71639 10.000000 6.615301 3.491905
[13,] 12.583232 336.4756 0.1403448 15.79690 286.5786 44.43025 30.63814  9.996700 6.616424 3.499145
[14,] 13.095034 336.6301 0.1396270 15.32652 286.5813 44.32460 30.72492  9.998003 6.615587 3.495060
[15,] 13.092543 339.1301 0.1846270 15.35122 286.5716 44.16999 30.88742 10.000000 6.564048 3.495060
[16,] 11.121820 310.1584 0.4104099 22.81135 286.2926 42.66297 29.28999  7.364080 4.821160 2.233450
[17,] 11.404108 309.9019 0.4074185 22.63399 286.3323 42.64146 29.35675  7.392946 4.824255 2.126117
[18,] 11.404108 309.5894 0.4060123 22.63399 286.3323 42.64146 29.31613  7.392946 4.824255 2.132055
[19,] 12.162475 307.8238 0.3964295 21.55596 286.3162 42.97530 29.48686  7.380462 4.904381 2.204696
[20,] 12.161529 306.1599 0.3991905 21.56212 286.3143 42.97700 29.48660  7.381483 4.904741 2.204505
[21,] 12.158111 306.1599 0.3306358 21.56285 286.3166 42.97700 29.48660  7.381483 4.928960 2.204505
[22,] 13.310216 292.3271 0.2203721 20.29380 286.3448 42.80132 29.38153  7.362396 5.023115 2.219037
[23,] 13.310216 292.0146 0.2203721 20.29380 286.3460 42.80132 29.38153  7.368646 5.060615 2.219037
[24,] 13.760580 288.3132 0.2321699 19.96757 286.3349 42.87206 29.44866  7.371779 5.032056 2.189712
[25,] 13.774252 288.9382 0.2124824 19.96757 286.3349 42.87206 29.44866  7.371779 5.032056 2.189712
[26,] 13.525621 290.2544 0.2227072 20.55099 286.1999 42.84610 28.35725  7.396654 4.778226 2.207659
[27,] 13.539293 290.2544 0.2225829 20.55099 286.1999 42.94610 28.35725  7.398022 4.737601 2.207659
[28,] 13.211659 290.0899 0.2414644 20.43092 286.2281 42.88526 28.83775  7.400114 5.145491 2.199055
[29,] 13.211659 290.0899 0.2414644 20.43092 286.2281 42.88526 28.79713  7.400114 5.145491 2.199055
[30,] 13.192840 289.6483 0.2107340 20.51390 286.2121 42.81986 28.64401  7.399488 4.963525 2.214847
[31,] 13.192671 289.6719 0.2117320 20.54066 286.2122 42.81778 28.64698  7.399488 4.951727 2.214396
[32,] 13.192565 289.7174 0.2114557 20.54796 286.2116 42.81322 28.64659  7.399488 4.935935 2.214652
[33,] 13.192565 289.7174 0.2115436 20.55089 286.2128 42.81322 28.60597  7.399488 4.935935 2.214652
[34,] 13.211698 289.5419 0.2102590 20.44518 286.2128 42.82316 28.59070  7.399382 5.007578 2.216683
[35,] 13.215116 289.5419 0.2102590 20.44518 286.2128 42.82316 28.59070  7.399382 5.007578 2.216683
[36,] 13.199195 289.6054 0.2110568 20.44185 286.2132 42.81813 28.59946  7.399172 5.021016 2.215805
[37,] 13.200935 289.6273 0.2108366 20.44157 286.2132 42.82171 28.60833  7.399328 5.017592 2.216022
[38,] 13.200062 289.5991 0.2107477 20.44368 286.2131 42.82164 28.60846  7.399292 5.017523 2.216610
[39,] 13.200062 289.5991 0.2107477 20.44368 286.2131 42.82164 28.60846  7.399292 5.017523 2.216610

$time
elapsed elapsed elapsed elapsed elapsed elapsed elapsed elapsed elapsed elapsed elapsed elapsed elapsed elapsed elapsed elapsed elapsed elapsed elapsed elapsed elapsed elapsed elapsed elapsed elapsed elapsed elapsed elapsed elapsed elapsed 
   2.10    5.24    7.00   10.89   14.00   32.80   39.71   41.80   47.61   50.60   53.50   56.63   69.13   72.05   75.00   91.22  107.32  109.46  121.13  138.89  142.00  176.33  178.30  202.83  211.50  808.72  811.96  878.27  879.96  904.13 
elapsed elapsed elapsed elapsed elapsed elapsed elapsed elapsed elapsed 
 907.21  910.99  912.99  978.36  980.03  985.83 1042.22 1050.41 1145.69 

$neval
 [1]   106   255   335   476   618  1436  1714  1806  2077  2212  2347  2486  3027  3162  3299  3984  4669  4763  5306  6112  6223  7850  7942  9044  9406 35463 35575 38555 38629 39730 39870 40011 40102 42951 43024 43296 45821 46169 50077

$fbest
[1] 583.3247

$xbest
 [1]  13.2000616 289.5990614   0.2107477  20.4436838 286.2130986  42.8216427  28.6084560   7.3992923   5.0175232   2.2166097

$numeval
[1] 50077

$end_crit
[1] 1

$cpu_time
elapsed 
1145.69 

$Refset
$Refset$x
             [,1]        [,2]       [,3]        [,4]        [,5]       [,6]        [,7]        [,8]        [,9]       [,10]
 [1,]   1.0000000  13.1999700 289.605800   0.2107271  20.4422600 286.213200  42.8213600  28.6069500   7.3993220   5.0180130
 [2,]   2.2159760   2.0000000  13.200130 289.6000000   0.2107319  20.443570 286.2131000  42.8216300  28.6083000   7.3993160
 [3,]   5.0173070   2.2163410   3.000000  13.1999200 289.6049000   0.210690  20.4423700 286.2132000  42.8196900  28.6090700
 [4,]   7.3992930   5.0180590   2.216471   4.0000000  13.1999700 289.610400   0.2107193  20.4431400 286.2131000  42.8204700
 [5,]  28.6078200   7.3992580   5.017347   2.2166140   5.0000000  13.200010 289.6176000   0.2107705  20.4418100 286.2131000
 [6,]  42.8217200  28.6084800   7.399272   5.0182790   2.2165770   6.000000  13.2005400 289.6082000   0.2107432  20.4426200
 [7,] 286.2131000  42.8204400  28.607910   7.3992230   5.0178010   2.216574   7.0000000  13.2001400 289.6128000   0.2107493
 [8,]  20.4424000 286.2132000  42.820460  28.6068800   7.3992720   5.017822   2.2164980   8.0000000  13.2094200 289.5331000
 [9,]   0.2114223  20.4461500 286.213100  42.8231200  28.6056700   7.399317   5.0146740   2.2165160   9.0000000  13.1887800
[10,] 290.0700000   0.2108109  20.443640 286.2126000  42.8201300  28.608370   7.3987220   5.0151400   2.2116780  13.1981500
[11,] 289.6983000   0.2107216  20.432240 286.2139000  42.8234100  28.698560   7.3994930   5.0155970   2.2162410  13.4834500
[12,] 288.3954000   0.2105769  20.454900 286.2153000  42.8213800  28.481360   7.2799900   5.0086440   2.2245170  13.4549300

$Refset$f
 [1]  583.3247  583.3247  583.3247  583.3247  583.3247  583.3247  583.3247  583.6632  613.4653  616.0556  730.4149 1306.3073

$Refset$fpen
 [1]  583.3247  583.3247  583.3247  583.3247  583.3247  583.3247  583.3247  583.6632  613.4653  616.0556  730.4149 1306.3073

$Refset$const
 [1] 15.424240 30.981990 15.557740  1.562775  2.561225 15.426260 30.982690 15.556430  1.562779  2.561286 15.424310 30.981940 15.557630  1.562771  2.561437 15.425790 30.982650 15.556860  1.562782  2.561295 15.423530 30.981720 15.558190
[24]  1.562778  2.561295 15.424820 30.982200 15.557380  1.562780  2.561308 15.424580 30.982180 15.557600  1.562772  2.561266 15.431470 30.985330 15.553850  1.562788  2.561036 15.428500 30.984860 15.556360  1.562832  2.561199 15.416640
[47] 30.984400 15.567760  1.562562  2.567414 15.446260 30.991360 15.545100  1.562719  2.553635 12.812720 29.654280 16.841570  1.568682  2.917550

$Refset$penalty
 [1] 0 0 0 0 0 0 0 0 0 0 0 0


