$f
 [1] 762.3073 726.6927 556.1337 506.6163 498.0521 358.3177 263.7691 215.9375 214.0399 211.2951 210.2326 210.0764 207.7049 206.9306 204.8906 204.7934 204.3073 201.8628 200.9913 200.1667 198.6146 197.6667 196.9097 196.9010 196.0000 195.7205
[27] 195.6997 195.6736 195.5712 195.3021 195.2917 195.2326 195.2031 195.1493 194.8819 194.6493 194.5226 194.4410 194.3924 194.0938 193.8403 193.8403

$x
          [,1]     [,2]      [,3]     [,4]     [,5]     [,6]     [,7]     [,8]     [,9]    [,10]
 [1,] 13.52682 392.4337 0.9754810 28.16349 286.5680 36.95115 24.75630 4.205879 2.166342 4.013806
 [2,] 13.61515 419.7865 1.0000000 27.61545 286.7274 37.43878 24.00000 3.828713 2.000000 3.275399
 [3,] 13.50577 417.2865 0.7890625 27.61545 286.8024 39.03878 24.01016 3.781838 2.000000 3.299149
 [4,] 15.65061 481.0316 0.1000000 17.33403 286.7050 47.35732 24.19707 6.702254 2.548242 3.692632
 [5,] 16.06079 467.7991 0.1226700 17.64261 286.6887 47.25717 24.27576 6.829320 2.621433 3.500348
 [6,] 17.08693 400.4693 0.1000000 21.26923 286.6723 39.29047 24.12066 6.423329 2.606050 4.218271
 [7,] 14.93495 420.9901 0.2619015 23.12883 286.5974 38.48615 24.10811 6.495675 2.154921 2.941173
 [8,] 14.05995 440.9901 0.2616235 22.75383 286.5974 38.48615 24.17234 6.495675 2.774685 2.941173
 [9,] 15.56029 402.1525 0.1786465 22.81807 286.5782 38.49076 24.12098 6.500878 2.485364 3.395677
[10,] 15.51928 402.1525 0.1793497 23.02670 286.5782 38.49076 24.12098 6.500878 2.485364 3.395677
[11,] 15.31322 410.1860 0.1953939 22.90501 286.5792 38.48314 24.12394 6.502902 2.549432 3.373879
[12,] 15.20161 412.8541 0.2052880 22.88711 286.5925 38.51188 24.10502 6.543715 2.510885 3.140219
[13,] 14.93470 414.3836 0.2053185 23.02987 286.6059 38.51535 24.10262 6.536682 2.493413 3.265378
[14,] 15.12972 406.3695 0.1900494 23.01905 286.5954 38.48627 24.09944 6.538315 2.509667 3.196510
[15,] 15.12972 406.2133 0.1900494 23.01905 286.6141 38.48627 24.09944 6.538315 2.509667 3.195025
[16,] 15.48842 408.9313 0.1759413 22.43116 286.5813 38.46820 24.10812 6.527110 2.574416 3.010844
[17,] 15.49704 408.6678 0.1675528 22.31705 286.5725 38.46720 24.11179 6.523391 2.608578 3.029483
[18,] 15.46969 408.6678 0.1696622 22.31705 286.5725 38.46720 24.11179 6.529641 2.602328 3.029483
[19,] 15.04263 410.6781 0.1970810 22.97055 286.5808 38.54547 24.03851 6.529412 2.552733 3.232136
[20,] 15.04263 410.6781 0.1970810 22.97055 286.5808 38.54547 24.03851 6.529412 2.558983 3.235105
[21,] 15.04659 410.5734 0.1987439 22.96651 286.5811 38.56745 24.01641 6.529334 2.548917 3.225992
[22,] 15.02701 410.6156 0.1994166 22.96651 286.5812 38.56721 24.01695 6.530033 2.548857 3.230955
[23,] 15.03808 410.5632 0.1997163 22.96607 286.5802 38.55904 24.01305 6.531331 2.545333 3.234383
[24,] 15.07748 408.5445 0.1987294 23.05396 286.6102 38.57832 24.05025 6.527986 2.539788 3.236939
[25,] 15.08745 408.8082 0.1990592 23.01850 286.6100 38.60058 24.04355 6.528327 2.531632 3.241342
[26,] 15.09112 408.8881 0.1991500 23.00260 286.6111 38.58139 24.03757 6.530718 2.536288 3.226891
[27,] 15.09084 408.9155 0.1991721 22.99587 286.6114 38.58179 24.03493 6.531614 2.536674 3.218988
[28,] 15.08727 409.0936 0.1986785 22.97638 286.6103 38.59563 24.04409 6.529980 2.552179 3.230222
[29,] 15.08670 408.8763 0.1988004 22.97457 286.6105 38.59273 24.04399 6.530101 2.562349 3.233038
[30,] 15.09019 407.5553 0.1995282 23.00423 286.6104 38.58714 24.03721 6.529873 2.583607 3.227376
[31,] 15.08269 409.1700 0.1986677 22.95657 286.6101 38.58626 24.03058 6.530637 2.566027 3.225322
[32,] 15.08520 407.5097 0.1996429 23.00961 286.6103 38.58652 24.03254 6.530249 2.583434 3.227016
[33,] 15.08574 408.0215 0.1993678 23.00979 286.6106 38.58799 24.03799 6.530471 2.564929 3.226426
[34,] 15.09957 407.7727 0.2021223 23.00817 286.6102 38.61452 24.03030 6.534066 2.558990 3.201706
[35,] 15.09615 407.7727 0.2021223 23.00817 286.6102 38.61452 24.03030 6.534066 2.558990 3.201706
[36,] 15.09052 407.7898 0.2025304 23.00757 286.6097 38.61192 24.02734 6.535401 2.563545 3.191126
[37,] 15.09147 407.7860 0.2019149 23.00828 286.6101 38.61594 24.02514 6.535730 2.559237 3.184789
[38,] 15.09727 402.3483 0.2005826 23.00103 286.6099 38.61186 24.03234 6.534603 2.739464 3.195745
[39,] 15.09710 402.1269 0.2003485 23.00037 286.6105 38.61514 24.03238 6.535710 2.734536 3.189810
[40,] 15.09554 401.8081 0.2030665 22.99754 286.6097 38.61704 24.03277 6.535456 2.761256 3.191325
[41,] 15.09554 401.8863 0.2030665 22.99754 286.6097 38.61704 24.03277 6.535456 2.764381 3.191325
[42,] 15.09554 401.8863 0.2030665 22.99754 286.6097 38.61704 24.03277 6.535456 2.764381 3.191325

$time
elapsed elapsed elapsed elapsed elapsed elapsed elapsed elapsed elapsed elapsed elapsed elapsed elapsed elapsed elapsed elapsed elapsed elapsed elapsed elapsed elapsed elapsed elapsed elapsed elapsed elapsed elapsed elapsed elapsed elapsed 
   2.05    5.85    8.67   18.66   25.02   28.07   38.35   43.92  134.42  136.60  158.60  161.49  164.47  167.67  169.75  184.71  190.42  201.53  300.52  302.25  305.14  326.36  333.35  379.49  384.24  439.13  448.07  467.22  470.21  482.88 
elapsed elapsed elapsed elapsed elapsed elapsed elapsed elapsed elapsed elapsed elapsed elapsed 
 487.32  493.19  550.33  762.10  763.64  790.92  813.33  831.30  859.42  874.75  877.47 1214.67 

$neval
 [1]   106   263   395   828  1113  1253  1670  1929  5894  5988  6959  7096  7235  7375  7463  8132  8402  8898 12855 12934 13068 14006 14279 16398 16601 18845 19261 20030 20169 20717 20924 21193 23664 32156 32230 33451 34341 35029 35920
[40] 36466 36545 50025

$fbest
[1] 193.8403

$xbest
 [1]  15.0955443 401.8862717   0.2030665  22.9975411 286.6096890  38.6170428  24.0327728   6.5354564   2.7643815   3.1913247

$numeval
[1] 50025

$end_crit
[1] 1

$cpu_time
elapsed 
1214.67 

$Refset
$Refset$x
             [,1]        [,2]       [,3]        [,4]        [,5]        [,6]       [,7]        [,8]        [,9]       [,10]
 [1,]   1.0000000  18.9834000 122.084200   0.3728757  16.1756900 285.8341000  28.877470  33.6627000   9.0263490   8.1636890
 [2,]   3.3046990   2.0000000  16.566910 193.8157000   0.4193783  19.6795200 285.842500  23.6325100  49.1986300   5.9442710
 [3,]   8.0201400   2.7547650   3.000000  15.1013000 407.4313000   0.1962846  23.008120 286.6116000  38.6117100  24.0267100
 [4,]   6.5345810   2.5366770   3.205295   4.0000000  15.0996900 407.4027000   0.196365  23.0104400 286.6116000  38.6131500
 [5,]  24.0269100   6.5347160   2.536367   3.2032840   5.0000000  15.0989900 407.426800   0.1964244  23.0096400 286.6115000
 [6,]  38.6162400  24.0248200   6.534696   2.5370450   3.2033230   6.0000000  15.101600 407.2017000   0.1963543  23.0087100
 [7,] 286.6113000  38.6121800  24.023010   6.5347430   2.5435280   3.2024700   7.000000  15.0997400 407.3848000   0.1963745
 [8,]  23.0074800 286.6117000  38.615460  24.0298100   6.5348290   2.5396050   3.203322   8.0000000  15.0997200 407.4102000
 [9,]   0.1961632  23.0074700 286.611500  38.6131500  24.0265500   6.5346780   2.536795   3.2029990   9.0000000  15.0938700
[10,] 407.3698000   0.1963932  22.985600 286.6110000  38.6205200  24.0308400   6.535045   2.5598460   3.2031280  15.0905900
[11,] 407.6209000   0.1954077  23.009060 286.6109000  38.6124500  24.0258400   6.534394   2.5287150   3.2031700  15.1959400
[12,] 407.4346000   0.1963900  22.904450 286.6168000  38.6129800  24.0584600   6.535507   2.5440590   3.2049870  14.4598500

$Refset$f
 [1]    8407.9809 1000000.0000     194.3056     194.3056     194.3056     194.5677     194.5677     194.3056     194.6597     194.9080     201.7622     492.1684

$Refset$fpen
 [1] 1.686988e+06 9.999975e+11 1.943056e+02 1.943056e+02 1.943056e+02 1.945677e+02 1.945677e+02 1.943056e+02 1.946597e+02 1.949080e+02 2.017622e+02 4.921684e+02

$Refset$const
 [1] 8.012001e+00 2.783631e+01 1.982431e+01 1.490932e+00 5.178580e+00 1.000000e+06 1.000000e+06 1.000000e+06 1.000000e+06 1.000000e+06 2.047144e+01 3.346332e+01 1.299188e+01 1.524146e+00 2.565564e+00 2.047407e+01 3.346363e+01 1.298956e+01
[19] 1.524149e+00 2.565512e+00 2.047260e+01 3.346296e+01 1.299036e+01 1.524168e+00 2.565188e+00 2.046519e+01 3.345647e+01 1.299129e+01 1.524181e+00 2.565190e+00 2.046787e+01 3.346039e+01 1.299252e+01 1.524133e+00 2.565659e+00 2.047067e+01
[37] 3.346321e+01 1.299253e+01 1.524158e+00 2.565455e+00 2.042576e+01 3.344015e+01 1.301440e+01 1.524210e+00 2.565260e+00 2.048035e+01 3.347129e+01 1.299094e+01 1.524223e+00 2.565214e+00 2.036039e+01 3.345594e+01 1.309555e+01 1.523528e+00
[55] 2.569670e+00 1.903707e+01 3.287497e+01 1.383789e+01 1.536255e+00 2.637939e+00

$Refset$penalty
 [1]      1.67858 999996.50000      0.00000      0.00000      0.00000      0.00000      0.00000      0.00000      0.00000      0.00000      0.00000      0.00000


