$f
 [1] 849.1406 705.4792 644.5868 637.5208 549.1840 445.4601 442.4410 424.7691 417.2865 400.9705 388.5226 386.5781 386.2604 385.9618 385.5260 385.1233 384.9635 384.9167 384.8003 384.6389 384.6302 384.6302

$x
          [,1]     [,2]      [,3]     [,4]     [,5]     [,6]     [,7]     [,8]     [,9]    [,10]
 [1,] 16.04471 313.1764 0.5288866 16.16012 286.2869 32.34494 29.44549 6.766510 6.769460 2.384762
 [2,] 18.98202 127.9474 0.2498305 15.93166 286.7422 44.57397 24.00000 4.898205 9.917916 1.465587
 [3,] 18.98202 128.1036 0.2498305 16.68166 286.7422 44.57397 24.00063 4.898401 9.917916 1.465587
 [4,] 18.97332 120.2864 0.2314447 16.76292 286.7681 44.31888 24.04410 4.899358 9.987344 1.760638
 [5,] 15.32341 166.3590 0.2274389 17.18933 286.5986 44.89233 24.82300 5.028372 9.793938 2.591087
 [6,] 16.41412 161.8718 0.1690463 17.01951 286.7011 45.07809 24.81379 5.061479 9.779998 2.997214
 [7,] 16.70178 162.2693 0.1806869 16.86422 286.7009 44.89562 24.80411 5.059532 9.781177 2.998926
 [8,] 16.71685 155.7871 0.2156049 16.86393 286.6845 44.87036 24.64700 5.011600 9.818287 1.987832
 [9,] 16.71685 155.7871 0.1931049 16.86247 286.6845 44.87036 24.64700 5.011600 9.818287 1.990801
[10,] 16.00223 165.7966 0.2093853 17.04427 286.6895 44.88985 24.60876 5.037256 9.854191 2.033097
[11,] 16.00223 165.7966 0.1868853 17.04427 286.6895 44.88985 24.60876 5.037256 9.854191 2.036065
[12,] 15.54426 162.8882 0.2378399 17.57401 286.7006 45.58128 24.53712 5.088119 9.836648 2.354050
[13,] 15.54426 162.8882 0.2378399 17.57401 286.7006 45.58128 24.57775 5.088119 9.836648 2.354050
[14,] 15.54264 162.7222 0.2303323 17.53677 286.6993 45.49878 24.63562 5.083519 9.845869 2.375199
[15,] 15.54264 162.7222 0.2303323 17.53677 286.6806 45.49878 24.63562 5.083519 9.845869 2.375199
[16,] 15.56685 162.6154 0.2353721 17.54762 286.6973 45.60427 24.52919 5.086956 9.841228 2.369814
[17,] 15.58416 162.6085 0.2360570 17.53900 286.6974 45.60955 24.52440 5.086434 9.840075 2.369824
[18,] 15.59933 162.6912 0.2375566 17.52835 286.6975 45.60477 24.52803 5.086414 9.839538 2.369137
[19,] 15.60269 162.7110 0.2375292 17.52143 286.6974 45.61377 24.52619 5.088741 9.840227 2.364210
[20,] 15.59989 162.7500 0.2373724 17.52236 286.6972 45.61402 24.52020 5.088773 9.841166 2.364698
[21,] 15.59691 162.7559 0.2394914 17.53920 286.6964 45.60212 24.53214 5.089659 9.831513 2.363478
[22,] 15.59691 162.7559 0.2394914 17.53920 286.6964 45.60212 24.53214 5.089659 9.831513 2.363478

$time
elapsed elapsed elapsed elapsed elapsed elapsed elapsed elapsed elapsed elapsed elapsed elapsed elapsed elapsed elapsed elapsed elapsed elapsed elapsed elapsed elapsed elapsed 
   1.87    4.28    6.03   11.70   14.47   18.06   23.59   27.06   37.55   58.03   67.92  476.42  478.62  504.73  508.81  571.50  583.92  586.91  627.19  632.92  694.11 1061.44 

$neval
 [1]   106   259   347   636   774   917  1198  1340  1843  2783  3259 22534 22607 23840 24048 27030 27646 27784 29630 29914 32843 50049

$fbest
[1] 384.6302

$xbest
 [1]  15.5969141 162.7559088   0.2394914  17.5392006 286.6963609  45.6021172  24.5321446   5.0896592   9.8315125   2.3634783

$numeval
[1] 50049

$end_crit
[1] 1

$cpu_time
elapsed 
1061.44 

$Refset
$Refset$x
             [,1]        [,2]       [,3]        [,4]        [,5]        [,6]        [,7]        [,8]        [,9]      [,10]
 [1,]   1.0000000  15.5945900 162.602100   0.2469172  17.5478500 286.6968000  45.5971500  24.5565100   5.1071270   9.824482
 [2,]   2.4938460   2.0000000  15.602060 162.4519000   0.2463019  17.5536900 286.6997000  45.5989400  24.5538800   5.106689
 [3,]   9.8232510   2.4984200   3.000000  15.5909300 162.6822000   0.2478452  17.5474900 286.6969000  45.5993900  24.551570
 [4,]   5.1071040   9.8246740   2.493953   4.0000000  15.5929700 162.5897000   0.2469135  17.5491400 286.6976000  45.596270
 [5,]  24.5573500   5.1067970   9.825310   2.4943890   5.0000000  15.5860000 162.5815000   0.2452097  17.6007800 286.698000
 [6,]  45.5949100  24.5689600   5.107121   9.8219560   2.4921920   6.0000000  15.7992500 162.5202000   0.2519355  17.551450
 [7,] 286.6969000  45.5907600  24.572030   5.1073810   9.8266740   2.4984420   7.0000000  15.5996100 156.8977000   0.269637
 [8,]  18.1656600 286.6821000  44.425590  24.9022700   5.2361320   9.9656650   2.5177290   8.0000000  15.7477300 162.464600
 [9,]   0.3103615  17.5291900 286.600900  45.1028100  24.7718900   5.1412990   9.8334950   1.9825160   9.0000000  15.525420
[10,] 188.9485000   0.2476476  17.519190 286.7337000  45.6330700  26.0614500   5.1067310   8.8502100   2.4913950  15.610150
[11,] 178.8187000   0.2575123  17.568430 286.6342000  43.6840500  24.5556800   5.0817560   9.8253520   2.4848120  15.670930
[12,] 162.0102000   0.2476513  17.356520 286.6943000  44.7106400  24.5861400   5.5444690   9.8421670   2.5216840  16.055530

$Refset$f
 [1]  387.9427  387.9427  387.9427  388.1042  388.1944  395.2830  406.6181  435.1875  506.9253  545.3455  494.7326 1539.2760

$Refset$fpen
 [1]  387.9427  387.9427  387.9427  388.1042  388.1944  395.2830  406.6181  435.1875  506.9253  545.3455  494.7326 1539.2760

$Refset$const
 [1]  7.723373 26.175520 18.452150  1.521446  2.375023  7.730438 26.176750 18.446310  1.521189  2.375789  7.722811 26.175330 18.452510  1.521439  2.374734  7.723834 26.174690 18.450860  1.521370  2.375371  7.778825 26.178040 18.399220
[24]  1.521326  2.376167  7.724775 26.173330 18.448550  1.521421  2.376087  8.199996 26.034340 17.834340  1.521726  2.425544  7.695692 26.166510 18.470810  1.529759  2.370061  8.668978 27.149790 18.480810  1.516074  2.470996  7.743082
[47] 26.174650 18.431570  1.526155  2.413403  7.514351 26.157830 18.643480  1.521149  2.402634 13.432094 29.693280 16.261180  1.605974  2.252540

$Refset$penalty
 [1] 0 0 0 0 0 0 0 0 0 0 0 0


