$f
 [1] 1896.1128 1129.6667  904.2951  834.5972  759.8316  728.6215  622.7847  588.7622  579.9462  573.4722  570.1198  557.4635  551.6059  551.1476  550.8490  550.4062  542.2917  537.7396  533.2014  528.8854  520.4931  519.3872  516.3038
[24]  509.5538  509.1597  506.4358  502.8003  499.8073  494.4323  493.2292  478.0365  477.0764  476.6319  476.5764  475.9878  475.7656  475.6059  474.8507  474.4774  473.7500  473.2882  472.8976  472.7917  472.0990  472.0955  471.6927
[47]  471.2309  470.7569  470.5625  470.4809  470.4670  470.4670

$x
          [,1]     [,2]      [,3]     [,4]     [,5]     [,6]     [,7]     [,8]      [,9]    [,10]
 [1,] 23.07103 114.7013 0.1191447 24.07428 286.0147 42.81947 34.39959 5.493419  8.444857 4.448930
 [2,] 22.33022 140.2321 0.1000000 21.42714 286.2543 40.17382 32.95066 3.923993  9.414061 4.743966
 [3,] 23.21603 139.3482 0.1190322 20.54455 285.9128 40.76169 29.89104 3.923993  8.847756 5.000000
 [4,] 17.97524 281.1328 0.1268297 17.94115 286.0012 40.66585 26.96322 7.070950  7.261468 4.007701
 [5,] 17.01236 290.1246 0.1811820 19.58904 285.9291 41.63033 26.77934 6.999287  5.971715 4.237526
 [6,] 17.10829 290.1352 0.2011316 19.55635 285.7174 41.55067 26.56504 7.041311  5.754821 3.666666
 [7,] 16.72206 289.6932 0.2123816 19.57979 285.6793 41.47208 26.64629 7.016311  5.843102 3.726041
 [8,] 11.30558 297.2684 0.9037044 16.85830 285.0403 38.54977 28.88019 7.615339 10.000000 2.709376
 [9,] 11.27824 297.2684 0.9262044 16.85830 285.0403 38.54977 28.88019 7.615339 10.000000 2.712345
[10,] 10.39763 295.2521 0.8442296 19.19085 285.0706 40.03674 29.13719 7.639578  8.571604 2.748302
[11,] 10.39763 295.2521 0.8667296 19.19085 285.0709 40.04299 29.13719 7.638797  8.570042 2.751271
[12,] 10.58119 295.2632 0.8940831 18.18144 285.0755 40.04104 29.17689 7.644372  9.194769 2.721094
[13,] 10.61691 296.3018 0.8963468 18.08971 285.0708 40.06247 29.12302 7.644497  9.260326 2.710322
[14,] 10.62056 296.3028 0.9148130 17.82927 285.0707 40.06162 29.12359 7.643623  9.372540 2.692328
[15,] 10.62056 296.3028 0.9148130 17.82927 285.0707 40.06162 29.12359 7.643623  9.375665 2.692328
[16,] 10.40577 295.0213 0.8586394 18.59045 285.0769 39.81440 29.21392 7.638697  8.924778 2.693296
[17,] 10.31439 295.0175 0.8649046 18.61600 285.0778 39.80689 29.23963 7.639640  8.951595 2.693165
[18,] 10.31439 295.0175 0.8649046 18.80350 285.0778 39.80689 29.23963 7.639640  8.951595 2.691681
[19,] 10.44190 295.0268 0.8882041 18.29779 285.0759 39.86190 29.19910 7.642059  9.085252 2.688077
[20,] 10.42140 295.0268 0.9107041 18.29779 285.0759 39.86034 29.19910 7.642059  9.085252 2.688077
[21,] 10.06328 314.6290 0.9922480 18.08858 285.0752 39.88895 29.19779 7.648026  9.114358 2.693746
[22,] 10.06328 314.6290 0.9922480 18.08858 285.0752 39.88895 29.19779 7.648026  9.114358 2.694489
[23,] 10.47991 282.1930 0.9210644 17.95058 285.0739 39.93691 29.18386 7.645548  9.632576 2.635660
[24,] 10.47991 282.1985 0.9449707 17.95058 285.0739 39.93691 29.18386 7.645548  9.626326 2.647535
[25,] 10.49613 282.7700 0.9513244 17.95119 285.0736 39.93826 29.17221 7.649485  9.598677 2.632336
[26,] 10.48245 282.7700 0.9288244 17.95119 285.0736 39.93826 29.17221 7.649485  9.598677 2.632336
[27,] 10.53844 282.0729 0.9412949 17.95310 285.0735 39.94296 29.17326 7.650760  9.558639 2.622739
[28,] 10.53844 281.9947 0.8502402 17.95310 285.0735 39.94296 29.17326 7.650760  9.558639 2.622739
[29,] 10.49793 283.2145 0.9546377 17.97432 285.0731 39.94301 29.16833 7.648413  9.581252 2.629188
[30,] 10.49793 283.1364 0.9546377 17.97432 285.0731 39.94301 29.16833 7.648315  9.578322 2.629188
[31,] 10.49916 283.2076 0.9631314 17.98053 285.0730 39.97338 29.16964 7.648408  9.578232 2.633698
[32,] 10.49916 283.1295 0.9631314 17.98053 285.0727 39.97338 29.16964 7.648408  9.575107 2.633698
[33,] 10.49586 283.1704 0.9601915 17.97325 285.0734 39.96051 29.17082 7.649342  9.579772 2.629340
[34,] 10.49452 283.1821 0.9687194 17.98047 285.0735 39.96950 29.16885 7.649252  9.576943 2.630680
[35,] 10.48975 283.3096 0.9592715 17.97116 285.0733 39.96740 29.16695 7.649074  9.579438 2.630909
[36,] 10.48633 283.3096 0.9592715 17.97116 285.0733 39.96740 29.16695 7.649074  9.579438 2.630909
[37,] 10.48458 283.4751 0.9600257 17.97690 285.0731 39.98857 29.17035 7.649386  9.570705 2.632068
[38,] 10.48974 283.2534 0.9617137 17.97281 285.0734 40.00671 29.16189 7.648847  9.579707 2.634625
[39,] 10.48912 283.2765 0.9625250 17.97408 285.0733 40.01303 29.16130 7.648848  9.584660 2.635105
[40,] 10.48834 283.2858 0.9648995 17.97599 285.0733 40.04128 29.14819 7.648637  9.585766 2.639482
[41,] 10.49157 283.2826 0.9659988 17.97624 285.0734 40.04128 29.14899 7.648640  9.583288 2.639542
[42,] 10.48311 283.2619 0.9628379 17.97711 285.0731 40.04128 29.14940 7.648637  9.581616 2.639197
[43,] 10.47969 283.2619 0.9628379 17.97711 285.0731 40.04128 29.14940 7.648637  9.581616 2.639197
[44,] 10.47136 283.6163 0.9623377 17.97605 285.0733 40.02696 29.15235 7.648983  9.581670 2.636672
[45,] 10.45936 283.6859 0.9628455 17.97603 285.0733 40.02922 29.15015 7.648968  9.582342 2.636949
[46,] 10.46354 283.6425 0.9610563 17.98025 285.0731 40.02753 29.15094 7.648989  9.576375 2.636915
[47,] 10.45917 283.6676 0.9628606 17.97600 285.0733 40.02767 29.14958 7.648973  9.582643 2.636969
[48,] 10.46857 283.1835 0.9584594 17.97231 285.0734 40.04045 29.15034 7.649297  9.577364 2.637300
[49,] 10.46716 283.5014 0.9636462 17.97477 285.0733 40.03097 29.15114 7.649172  9.570200 2.637079
[50,] 10.47210 283.4534 0.9607854 17.96339 285.0738 40.03651 29.15348 7.649246  9.576817 2.637218
[51,] 10.47519 283.1414 0.9572782 17.97150 285.0734 40.03219 29.15049 7.649343  9.575006 2.636528
[52,] 10.47519 283.1414 0.9572782 17.97150 285.0734 40.03219 29.15049 7.649343  9.575006 2.636528

$time
elapsed elapsed elapsed elapsed elapsed elapsed elapsed elapsed elapsed elapsed elapsed elapsed elapsed elapsed elapsed elapsed elapsed elapsed elapsed elapsed elapsed elapsed elapsed elapsed elapsed elapsed elapsed elapsed elapsed elapsed 
   1.75    5.29    9.89   20.39   33.37   37.48   49.51   97.67   99.51  178.68  181.62  188.09  199.68  209.22  213.75  229.18  243.68  245.42  270.73  279.29  393.43  395.06  429.79  431.93  462.39  464.89  492.50  497.53  622.53  624.65 
elapsed elapsed elapsed elapsed elapsed elapsed elapsed elapsed elapsed elapsed elapsed elapsed elapsed elapsed elapsed elapsed elapsed elapsed elapsed elapsed elapsed elapsed 
 669.26  671.23  677.82  692.92  702.78  704.39  719.95  728.84  735.39  746.84  762.82  765.95  770.57  780.53  796.47  799.67  802.76  843.90  848.79  867.98  897.11 1176.37 

$neval
 [1]   106   262   468   903  1453  1589  2045  4064  4148  7680  7782  8057  8591  8993  9200  9870 10542 10620 11706 12062 16950 17023 18528 18625 19964 20044 21281 21506 26679 26770 28699 28785 29057 29744 30161 30235 30920 31327 31600
[40] 32082 32764 32900 33112 33532 34231 34371 34510 36353 36555 37383 38666 50050

$fbest
[1] 470.467

$xbest
 [1]  10.4751891 283.1414262   0.9572782  17.9714962 285.0734235  40.0321938  29.1504933   7.6493429   9.5750064   2.6365280

$numeval
[1] 50050

$end_crit
[1] 1

$cpu_time
elapsed 
1176.37 

$Refset
$Refset$x
             [,1]        [,2]       [,3]        [,4]        [,5]        [,6]        [,7]        [,8]       [,9]       [,10]
 [1,]   1.0000000  10.4728400 283.361300   0.9629422  17.9697400 285.0735000  40.0365200  29.1517700   7.649257   9.5752990
 [2,]   2.6372520   2.0000000  10.472030 283.4054000   0.9629923  17.9690500 285.0734000  40.0356900  29.152210   7.6493050
 [3,]   9.5739480   2.6371870   3.000000  10.4720800 283.3917000   0.9635608  17.9669300 285.0733000  40.035580  29.1496400
 [4,]   7.6493610   9.5764410   2.636939   4.0000000  10.4716900 283.3868000   0.9635164  17.9672800 285.073600  40.0372900
 [5,]  29.1515400   7.6492860   9.576994   2.6369560   5.0000000  10.4736300 283.3567000   0.9635326  17.967200 285.0736000
 [6,]  40.0406000  29.1516500   7.649405   9.5765600   2.6373110   6.0000000  10.4715200 283.3942000   0.963451  17.9680000
 [7,] 285.0734000  40.0360000  29.151750   7.6493240   9.5761120   2.6371510   7.0000000  10.4710500 283.418700   0.9633825
 [8,]  17.9671900 285.0732000  40.037730  29.1505200   7.6493250   9.5748730   2.6374490   8.0000000  10.471780 283.3890000
 [9,]   0.9622109  17.9669200 285.073300  40.0326200  29.1509200   7.6492220   9.5766190   2.6373280   9.000000  10.4682400
[10,] 283.3994000   0.9634539  17.968940 285.0735000  40.0371200  29.1526100   7.6505020   9.5764960   2.634264  10.4721700
[11,] 283.3557000   0.9627667  17.969950 285.0846000  40.0455600  29.2551700   7.6499540   9.6096580   2.632420  10.4763800
[12,] 283.1810000   0.9624336  18.377260 285.2035000  40.0417100  29.3749800   7.6273330   9.5405800   2.642447  10.7132800

$Refset$f
 [1]  470.4809  470.4809  470.4809  470.4809  470.4809  470.4809  470.5590  470.4809  472.6250  473.8194  718.9462 1092.3160

$Refset$fpen
 [1]  470.4809  470.4809  470.4809  470.4809  470.4809  470.4809  470.5590  470.4809  472.6250  473.8194  718.9462 1092.3160

$Refset$const
 [1]  8.394444 26.424700 18.030260  1.691486  2.460386  8.395107 26.426050 18.030950  1.691502  2.460439  8.390489 26.423560 18.033070  1.691505  2.460251  8.390284 26.423010 18.032720  1.691470  2.460350  8.390640 26.423440 18.032800
[24]  1.691462  2.460192  8.391889 26.423890 18.032000  1.691501  2.460391  8.392315 26.425130 18.032810  1.691517  2.460185  8.390300 26.423380 18.033080  1.691513  2.460494  8.392444 26.423500 18.031060  1.691483  2.460419  8.360288
[47] 26.390340 18.030050  1.690466  2.468968  8.836676 26.459420 17.622740  1.676597  2.498641 10.258516 27.257980 16.999460  1.687667  2.460053

$Refset$penalty
 [1] 0 0 0 0 0 0 0 0 0 0 0 0


