$f
 [1] 999.9566 800.5139 665.5694 624.4184 570.4583 517.0868 512.8299 510.1597 472.8212 419.4861 415.7552 385.4809 323.6354 323.6354

$x
          [,1]     [,2]      [,3]     [,4]     [,5]     [,6]     [,7]     [,8]     [,9]    [,10]
 [1,] 24.23809 136.4356 0.4265803 25.97100 286.5717 31.03110 24.60552 9.742175 5.815516 3.526052
 [2,] 15.48429 280.8087 0.5684294 19.23050 285.7615 33.91551 24.91301 6.896610 5.536904 1.217313
 [3,] 15.48429 280.4962 0.5712419 19.23050 285.7568 33.91551 24.91301 6.909110 5.549404 1.235125
 [4,] 16.08443 249.6348 0.5507328 19.62128 286.6333 34.40426 24.91717 9.161140 5.723387 1.200000
 [5,] 16.17467 241.3607 0.6015018 19.71836 286.6106 34.04829 25.50660 9.282630 5.711487 1.200000
 [6,] 14.48803 241.0606 0.6088850 19.50610 286.6187 34.98654 25.37784 9.070465 5.659936 1.200000
 [7,] 15.12990 265.1886 0.5410333 19.30846 286.6079 34.64493 26.64800 8.873285 5.579617 1.200000
 [8,] 21.40136 312.5830 0.5611058 18.42594 286.4319 32.51948 24.00000 6.719960 5.356383 1.701911
 [9,] 16.44700 393.1813 0.6762058 16.67549 286.7195 39.37303 24.36744 6.580895 5.255475 1.581245
[10,] 15.15796 281.0554 0.5025399 19.28490 286.6051 34.57162 26.79173 8.926110 5.529715 1.200000
[11,] 15.15112 280.8992 0.5018368 19.26146 286.6239 34.57162 26.79173 8.926110 5.531277 1.200000
[12,] 14.49303 241.0800 0.6077793 20.20398 286.6196 35.19409 25.34493 9.070941 5.817576 1.200057
[13,] 14.49303 263.6892 0.9996069 20.16366 286.6222 35.01319 25.19731 9.070941 5.711111 1.233249
[14,] 14.49303 263.6892 0.9996069 20.16366 286.6222 35.01319 25.19731 9.070941 5.711111 1.233249

$time
elapsed elapsed elapsed elapsed elapsed elapsed elapsed elapsed elapsed elapsed elapsed elapsed elapsed elapsed 
   1.75    5.07    7.71   11.11   14.68   20.70   23.48   26.84   29.93   32.82   41.39   44.31   73.42 1105.61 

$neval
 [1]   106   261   378   529   669   953  1092  1228  1370  1507  1880  2020  3408 50020

$fbest
[1] 323.6354

$xbest
 [1]  14.4930300 263.6891773   0.9996069  20.1636568 286.6222129  35.0131909  25.1973140   9.0709410   5.7111106   1.2332489

$numeval
[1] 50020

$end_crit
[1] 1

$cpu_time
elapsed 
1105.61 

$Refset
$Refset$x
             [,1]        [,2]       [,3]        [,4]        [,5]        [,6]        [,7]        [,8]       [,9]       [,10]
 [1,]   1.0000000  22.8428500 227.878800   0.5332978  19.7397800 286.4475000  32.1830800  25.4083300   6.832560   5.8648650
 [2,]   1.7176640   2.0000000  22.843150 227.8694000   0.5336076  19.7404700 286.4477000  32.1839800  25.413180   6.8325540
 [3,]   5.8644210   1.7177050   3.000000  22.8417900 227.8708000   0.5336594  19.7396400 286.4476000  32.187740  25.4133800
 [4,]   6.8327620   5.8643150   1.717585   4.0000000  22.8447700 227.8178000   0.5342332  19.7405700 286.447700  32.1862200
 [5,]  25.4126800   6.8327390   5.864033   1.7174600   5.0000000  22.8433200 227.8181000   0.5340307  19.739960 286.4475000
 [6,]  32.1840400  25.4088500   6.832609   5.8679670   1.7176960   6.0000000  22.8430600 227.8738000   0.533983  19.7401700
 [7,] 286.4475000  32.1839700  25.407810   6.8326000   5.8647010   1.7175960   7.0000000  22.8426400 227.874000   0.5332979
 [8,]  19.7398100 286.4475000  32.183020  25.4081200   6.8325610   5.8648650   1.7175090   8.0000000  22.843330 227.8896000
 [9,]   0.5337314  19.7438600 286.447700  32.1773200  25.4130500   6.8321020   5.8644630   1.7176520   9.000000  22.8456500
[10,] 227.8511000   0.5347710  19.738770 286.4472000  32.1931900  25.4070800   6.8325430   5.8639250   1.717468  22.8434000
[11,] 227.8804000   0.5339320  19.741630 286.4472000  32.1820400  25.4093300   6.8325920   5.8647310   1.717594  22.8423000
[12,] 227.7950000   0.5337621  19.746140 286.4477000  32.1840100  25.4131800   6.8325930   5.8638500   1.717490  22.8442100

$Refset$f
 [1] 372.5990 372.5990 372.5990 372.5990 372.5990 372.5990 372.5990 372.5990 372.9479 372.5990 372.8507 373.5625

$Refset$fpen
 [1] 372.5990 372.5990 372.5990 372.5990 372.5990 372.5990 372.5990 372.5990 372.9479 372.5990 372.8507 373.5625

$Refset$const
 [1] 13.874920 30.135140 16.260220  1.520062  3.036768 13.876050 30.135580 16.259530  1.520010  3.037334 13.875320 30.135680 16.260360  1.520038  3.036977 13.876540 30.135970 16.259430  1.520023  3.037074 13.871990 30.132030 16.260040
[24]  1.520061  3.036747 13.875470 30.135300 16.259830  1.520068  3.036630 13.874950 30.135130 16.260190  1.520062  3.036749 13.879400 30.135540 16.256140  1.519989  3.037901 13.874840 30.136080 16.261230  1.520151  3.035585 13.876900
[47] 30.135270 16.258370  1.520084  3.036870 13.882290 30.136150 16.253860  1.520012  3.037326 13.864700 30.134800 16.270090  1.519605  3.046728

$Refset$penalty
 [1] 0 0 0 0 0 0 0 0 0 0 0 0


