$f
 [1] 8318.561 3983.674 3511.432 3385.745 3322.998 3230.802 3161.922 2930.781 2886.960 2871.422 2811.995 2783.955 2710.115 2582.639 2577.026 2571.878 2547.474 2537.274 2502.175 2493.075 2460.177 2454.875 2451.559 2450.082 2442.097 2438.946
[27] 2437.866 2435.102 2432.332 2427.615 2425.179 2423.911 2422.089 2417.161 2415.040 2414.851 2412.937 2406.045 2403.344 2403.299 2402.939 2402.759 2402.509 2402.387 2396.845 2392.571 2388.976 2388.406 2386.382 2386.321 2385.191 2378.957
[53] 2370.877 2369.286 2363.977 2363.608 2363.552 2363.229 2363.210 2363.210

$x
          [,1]     [,2]      [,3]     [,4]     [,5]     [,6]     [,7]     [,8]     [,9]    [,10]
 [1,] 12.54311 329.7538 0.8756385 16.56558 285.1895 47.00731 34.17349 5.489161 6.786335 1.528238
 [2,] 14.01231 499.5564 0.1000000 20.36699 285.8650 38.42489 24.65050 4.737086 2.064756 3.709515
 [3,] 14.00117 500.0000 0.1168489 20.69873 286.0150 38.00370 26.49091 4.335658 2.222870 3.587471
 [4,] 15.05458 463.8581 0.2986787 20.94958 286.2202 38.76130 26.45025 6.892198 3.613526 3.454455
 [5,] 14.06368 473.5661 0.3478601 20.93706 286.0349 38.73848 26.44691 6.775816 3.783407 3.309808
 [6,] 13.85043 477.9314 0.3576585 20.93252 286.0904 38.72658 26.44768 6.773339 3.845140 3.336131
 [7,] 14.68025 287.8903 0.1359586 22.82038 285.8203 30.26260 25.94984 7.880869 5.996540 3.098192
 [8,] 14.66967 321.1111 0.1309406 22.94912 285.8875 33.10896 25.94833 7.659771 4.687264 2.981611
 [9,] 14.62182 320.4861 0.1337531 23.13662 285.8875 33.10896 25.94833 7.659771 4.688827 2.983095
[10,] 14.67001 416.2474 0.2237792 22.53963 286.0350 39.30272 26.72005 7.297772 2.810531 4.426107
[11,] 13.07422 376.7407 0.3483786 22.44591 286.0216 39.48509 27.04966 7.304826 4.754174 3.688889
[12,] 13.82775 385.6185 0.2952748 22.18600 286.0577 39.79024 27.14634 7.314751 4.588071 3.982842
[13,] 13.83649 375.7423 0.2932905 22.18553 286.0502 39.87549 27.24536 7.331924 4.761220 4.078668
[14,] 13.72712 375.7472 0.2707905 22.16209 286.0414 39.87549 26.75786 7.331533 4.767470 4.084606
[15,] 13.84154 361.9580 0.3069376 22.57916 286.0320 39.36986 26.84334 7.200937 4.492373 3.599579
[16,] 13.85746 379.7935 0.3295579 22.34715 286.0471 39.39468 27.23571 7.306728 4.499314 4.071077
[17,] 13.86088 379.4810 0.3070579 22.34715 286.0483 39.39468 27.23571 7.306728 4.537595 4.071077
[18,] 13.86362 382.0800 0.3427844 22.28956 286.0494 39.60286 27.21176 7.313396 4.625825 4.351643
[19,] 13.86171 382.0800 0.3423837 22.31300 286.0306 39.60985 27.37426 7.313396 4.605076 4.348674
[20,] 13.83487 377.1469 0.3286822 22.32362 286.0393 39.76734 27.20658 7.318850 4.602206 4.332953
[21,] 13.80764 376.2611 0.3070257 22.31731 286.0393 39.76730 27.20643 7.317879 4.603099 4.327193
[22,] 13.80764 376.2611 0.3070257 22.31731 286.0393 39.76730 27.20643 7.317879 4.609349 4.322740
[23,] 13.82764 373.0835 0.3124573 22.31468 286.0401 39.77112 27.20810 7.316824 4.614161 4.342224
[24,] 13.80865 373.3897 0.3127731 22.31457 286.0403 39.77086 27.21036 7.316327 4.617869 4.341879
[25,] 13.79789 372.5268 0.3090540 22.31231 286.0404 39.76642 27.21374 7.316249 4.623841 4.342669
[26,] 13.79106 372.5268 0.3090540 22.31231 286.0404 39.76642 27.21374 7.316249 4.623841 4.344153
[27,] 13.70930 373.8801 0.3088180 22.35904 286.0551 39.79320 27.25927 7.315107 4.593629 4.344358
[28,] 13.70930 373.8801 0.3088180 22.35904 286.0551 39.79320 27.25927 7.315107 4.596754 4.342874
[29,] 13.67673 374.6833 0.3147891 22.31605 286.0400 39.77601 27.20900 7.316649 4.630312 4.352769
[30,] 13.58132 375.9722 0.3110816 22.34260 286.0398 39.77461 27.20739 7.316233 4.614321 4.349931
[31,] 13.54386 376.7131 0.3103136 22.33361 286.0398 39.77465 27.20639 7.316291 4.612530 4.349638
[32,] 13.57154 375.5780 0.3135053 22.34646 286.0416 39.76904 27.20085 7.316420 4.628022 4.345619
[33,] 13.58709 375.1175 0.3089619 22.32883 286.0417 39.76287 27.22625 7.315698 4.629855 4.358809
[34,] 13.58709 375.1175 0.3089619 22.32883 286.0420 39.76287 27.18562 7.315698 4.629855 4.355840
[35,] 13.54961 376.6070 0.3181567 22.35781 286.0500 39.78309 27.21853 7.315634 4.630609 4.354755
[36,] 13.54961 376.6070 0.3181567 22.35781 286.0500 39.78309 27.21853 7.315628 4.630609 4.354755
[37,] 13.54739 376.6240 0.3209570 22.37950 286.0557 39.79043 27.21944 7.315325 4.630692 4.355369
[38,] 13.55429 376.0501 0.3165661 22.36816 286.0525 39.79103 27.20856 7.316016 4.628211 4.352771
[39,] 13.53422 375.1568 0.3131498 22.39157 286.0525 39.78150 27.20411 7.315631 4.626082 4.353083
[40,] 13.54044 376.6697 0.3193533 22.36791 286.0533 39.77916 27.21107 7.315639 4.631824 4.353114
[41,] 13.54044 376.6697 0.3193753 22.36791 286.0533 39.77916 27.21107 7.315639 4.631824 4.353114
[42,] 13.53534 376.5151 0.3191175 22.37675 286.0523 39.78473 27.20701 7.315671 4.630001 4.352658
[43,] 13.53534 376.5151 0.3191175 22.37675 286.0523 39.78473 27.20701 7.315671 4.630001 4.351174
[44,] 13.53780 376.5104 0.3194536 22.37512 286.0529 39.77939 27.20953 7.315505 4.632299 4.352801
[45,] 13.32502 375.8726 0.3175940 22.54256 286.0522 39.78681 27.20530 7.315724 4.639884 4.354252
[46,] 13.38910 375.9977 0.3186389 22.52891 286.0524 39.78274 27.20653 7.315680 4.632323 4.353959
[47,] 13.36005 376.5736 0.3192485 22.51830 286.0527 39.78214 27.20680 7.315625 4.634437 4.354296
[48,] 13.34880 376.5959 0.3221853 22.53321 286.0527 39.78276 27.20764 7.315607 4.637472 4.353839
[49,] 13.35563 376.5959 0.3221414 22.53321 286.0528 39.78276 27.20764 7.315607 4.637472 4.353839
[50,] 13.34840 376.8584 0.3235452 22.53486 286.0528 39.78249 27.20769 7.315588 4.637690 4.354075
[51,] 13.38081 358.5069 0.3217375 23.14780 286.0526 39.77927 27.20802 7.315642 4.641581 4.354155
[52,] 13.39725 349.0923 0.3209849 23.45158 286.0526 39.77809 27.20803 7.315645 4.644019 4.353941
[53,] 13.44106 330.7977 0.3195366 24.15449 286.0526 39.77593 27.20808 7.315655 4.647984 4.353096
[54,] 13.44106 330.7782 0.3198002 24.15449 286.0526 39.77593 27.20808 7.315655 4.647984 4.353096
[55,] 13.40010 348.3721 0.3217540 23.45742 286.0527 39.77148 27.20835 7.315503 4.667686 4.356168
[56,] 13.39361 348.2883 0.3220886 23.46637 286.0526 39.76906 27.21023 7.315308 4.667244 4.357969
[57,] 13.39201 348.2523 0.3220157 23.47211 286.0525 39.76972 27.21098 7.315204 4.667055 4.358925
[58,] 13.39302 348.3811 0.3222011 23.47315 286.0527 39.76948 27.20997 7.315309 4.662546 4.357990
[59,] 13.39482 348.3754 0.3216977 23.46773 286.0526 39.77146 27.20911 7.315368 4.663598 4.357648
[60,] 13.39482 348.3754 0.3216977 23.46773 286.0526 39.77146 27.20911 7.315368 4.663598 4.357648

$time
elapsed elapsed elapsed elapsed elapsed elapsed elapsed elapsed elapsed elapsed elapsed elapsed elapsed elapsed elapsed elapsed elapsed elapsed elapsed elapsed elapsed elapsed elapsed elapsed elapsed elapsed elapsed elapsed elapsed elapsed 
   5.50   15.33   28.05   54.69   63.11   72.28   80.44  106.53  121.25  144.59  167.98  184.19  192.31  208.77  255.11  287.48  293.91  419.72  428.25  482.33  490.59  511.81  534.75  542.31  581.64  595.03  842.91  847.59  881.02  889.27 
elapsed elapsed elapsed elapsed elapsed elapsed elapsed elapsed elapsed elapsed elapsed elapsed elapsed elapsed elapsed elapsed elapsed elapsed elapsed elapsed elapsed elapsed elapsed elapsed elapsed elapsed elapsed elapsed elapsed elapsed 
 906.47  924.08  932.45  938.13 1049.20 1053.64 1071.08 1087.97 1114.28 1140.19 1144.66 1251.45 1256.50 1264.69 1273.53 1306.75 1323.67 1341.11 1346.14 1394.48 1456.00 1464.08 1481.33 1519.44 1602.09 1721.64 1759.83 1784.47 1793.42 1806.08 

$neval
 [1]   106   265   473   902  1039  1179  1314  1732  1976  2388  2793  3063  3197  3463  4269  4809  4913  6942  7081  8034  8171  8531  8933  9067  9739  9953 14049 14127 14672 14811 15090 15369 15507 15592 17488 17562 17836 18111 18531
[40] 18948 19021 20806 20880 21019 21156 21699 21975 22257 22340 23155 24188 24326 24602 25230 26600 28587 29206 29614 29752 29891

$fbest
[1] 2363.21

$xbest
 [1]  13.3948198 348.3753631   0.3216977  23.4677344 286.0526027  39.7714584  27.2091122   7.3153676   4.6635984   4.3576479

$numeval
[1] 29891

$end_crit
[1] 2

$cpu_time
elapsed 
1806.08 

$Refset
$Refset$x
             [,1]        [,2]        [,3]        [,4]        [,5]        [,6]        [,7]        [,8]       [,9]       [,10]
 [1,]   1.0000000  13.3948200 348.3753631   0.3216977  23.4677340 286.0526030  39.7714600  27.2091122   7.315368   4.6635980
 [2,]   4.3576480   2.0000000  13.3926300 348.3850304   0.3222233  23.4734660 286.0526610  39.7694900  27.210008   7.3153010
 [3,]   4.6625720   4.3582640   3.0000000  13.3943200 348.3592518   0.3219719  23.4718380 286.0526890  39.769330  27.2090831
 [4,]   7.3153520   4.6624110   4.3568670   4.0000000  13.3920100 348.2523289   0.3220157  23.4721060 286.052525  39.7697200
 [5,]  27.2109771   7.3152040   4.6670550   4.3589250   5.0000000 348.2882700  23.4663713  39.7690633   7.315308   4.3579690
 [6,] 348.2882700  23.4663713  39.7690630   7.3153080   4.3579690   6.0000000  13.3936100   0.3220886 286.052601  27.2102350
 [7,]   4.6672440  13.3936100   0.3220886 286.0526010  27.2102350   4.6672440   7.0000000  13.3947000 348.317521   0.3221005
 [8,]  23.4686480 286.0525950  39.7696200  27.2095898   7.3153230   4.6651070   4.3577460   8.0000000  13.388590 348.5174712
 [9,]   0.3212139  23.4641440 286.0525890  39.7711800  27.2094690   7.3154090   4.6637110   4.3572520   9.000000  13.3937900
[10,] 348.3659555   0.3207275  23.4664420 286.0526650  39.7711900  27.2099023   7.3153760   4.6627000   4.357906  13.3901000
[11,] 348.4088779   0.3222165  23.4660230 286.0526770  39.7700800  27.2110319   7.3153310   4.6677860   4.357802  13.3803200
[12,] 347.7673577   0.3224014  23.4967510 286.0528170  39.7712100  27.2102980   7.3153460   4.6699410   4.357534  13.3871900

$Refset$f
 [1] 2363.210 2363.210 2363.229 2363.552 2363.608 2363.608 2363.608 2364.007 2364.615 2364.130 2364.760 2365.089

$Refset$fpen
 [1] 2363.210 2363.210 2363.229 2363.552 2363.608 2363.608 2363.608 2364.007 2364.615 2364.130 2364.760 2365.089

$Refset$const
 [1] 18.804140 31.336402 12.532266  1.579368  2.558819 18.810890 31.337428 12.526534  1.579359  2.558995 18.809430 31.337589 12.528162  1.579357  2.558945 18.805050 31.332945 12.527894  1.579373  2.559014 31.332760  1.579365 18.799127
[24] 12.533629  2.559015 18.799130 12.533629  2.559015 31.332756  1.579365 18.803540 31.334893 12.531352  1.579367  2.558940 18.800430 31.336289 12.535856  1.579369  2.558854 18.803740 31.337300 12.533558  1.579360  2.558906 18.798240
[47] 31.332214 12.533977  1.579356  2.559044 18.826810 31.330059 12.503249  1.579343  2.558977 18.756070 31.328230 12.572162  1.579390  2.558587

$Refset$penalty
 [1] 0 0 0 0 0 0 0 0 0 0 0 0


