$f
 [1] 1382.0625 1085.1233  923.7951  919.1823  911.8385  895.2326  826.5573  795.7344  793.4774  725.5469  710.8681  709.3576  705.7708  700.9757  698.2674  697.3003  697.1476  697.0938  697.0417  696.7257  696.7240  696.4028  696.3646
[24]  696.3628  696.2049  695.8698  695.8472  695.5955  695.5642  695.5417  695.4757  695.4531  695.4514  695.2760  695.0573  694.6788  694.5278  653.9774  599.1163  576.6042

$x
          [,1]     [,2]      [,3]     [,4]     [,5]     [,6]     [,7]     [,8]     [,9]    [,10]
 [1,] 21.36491 241.4625 0.1262076 17.83100 285.5592 46.94216 28.74292 2.760835 8.315119 3.670835
 [2,] 30.06416 223.3788 0.1246623 17.78159 285.8091 31.14002 28.54247 3.068487 8.327140 3.840791
 [3,] 30.06416 243.3788 0.1450000 17.78159 285.8841 31.14002 27.89247 3.468487 8.327140 4.024152
 [4,] 26.85412 248.2151 0.6137233 19.50514 285.8780 34.64048 27.62058 3.763950 8.393056 4.619824
 [5,] 27.78628 253.2692 0.1979458 18.31327 285.8596 34.26969 27.44610 3.586491 8.156510 4.150768
 [6,] 26.67392 313.5691 0.7754139 18.21788 286.1966 35.50395 29.53785 3.973951 7.728715 3.368582
 [7,] 24.96295 276.8716 0.6511548 20.02187 286.2386 38.26131 30.03448 3.905877 7.464447 3.953172
 [8,] 23.69279 301.9469 0.5409184 21.62406 286.0623 35.76278 28.31539 3.849964 6.559108 2.849872
 [9,] 23.67912 301.9469 0.5409184 21.62113 286.0623 35.76278 28.31539 3.843714 6.559108 2.849872
[10,] 21.51848 290.4046 0.6283004 22.47082 286.2033 37.78019 29.54091 5.706351 6.935009 4.594450
[11,] 21.51848 291.3421 0.7267379 22.47082 286.2033 37.38019 29.54091 5.703226 6.935009 4.594450
[12,] 22.42381 403.1696 0.9594331 23.89384 286.1052 35.25019 29.17151 3.845817 2.992781 3.581067
[13,] 22.42381 403.1696 0.9819331 23.89384 286.1052 35.25019 29.17151 3.833317 2.992781 3.575130
[14,] 22.32696 403.6162 0.9597896 24.27783 286.1121 35.22995 29.24912 3.842704 2.708153 3.750398
[15,] 22.19364 408.4054 1.0000000 24.82222 286.1073 35.27687 29.18909 3.856132 2.227027 4.331941
[16,] 22.19364 408.4054 1.0000000 24.82222 286.1073 35.27687 29.18909 3.862382 2.227027 4.331941
[17,] 22.32994 406.1195 0.9750698 24.32474 286.1095 35.22288 29.24103 3.839229 2.593949 3.772936
[18,] 22.32854 406.1521 0.9753596 24.31426 286.1106 35.22257 29.25401 3.840825 2.601882 3.728616
[19,] 22.32525 405.4302 0.9682044 24.34508 286.1076 35.21960 29.24074 3.839848 2.597625 3.781438
[20,] 22.30650 412.0517 0.9761018 24.34542 286.1078 35.22110 29.22346 3.832731 2.422719 3.756730
[21,] 22.32060 410.9937 0.9737774 24.34706 286.1066 35.22121 29.20925 3.837938 2.444768 3.769068
[22,] 22.34875 407.9429 0.9863897 24.34782 286.1076 35.22022 29.20845 3.837842 2.510637 3.768127
[23,] 22.32204 410.5615 0.9741366 24.34527 286.1070 35.22124 29.22320 3.838139 2.455165 3.779377
[24,] 22.32204 410.5811 0.9741366 24.34527 286.1070 35.22124 29.22320 3.838139 2.455165 3.779377
[25,] 22.27072 411.3232 0.9792662 24.36289 286.1071 35.21874 29.23678 3.837753 2.457056 3.765688
[26,] 22.28124 411.1430 0.9790194 24.34490 286.1074 35.22046 29.23117 3.834509 2.449967 3.744808
[27,] 22.27061 411.3519 0.9805785 24.34463 286.1074 35.22020 29.23236 3.834092 2.449929 3.734982
[28,] 22.25832 411.6373 0.9803564 24.34031 286.1074 35.22024 29.23273 3.834439 2.451003 3.726715
[29,] 22.28379 411.1171 0.9771579 24.34373 286.1073 35.22102 29.22816 3.839539 2.450646 3.756088
[30,] 22.27212 411.3574 0.9792429 24.34442 286.1071 35.22043 29.22549 3.837459 2.450414 3.760327
[31,] 22.27875 411.1667 0.9767013 24.34357 286.1072 35.22090 29.22940 3.841364 2.449927 3.749746
[32,] 22.27138 411.3328 0.9818781 24.34566 286.1073 35.22023 29.22528 3.839502 2.450746 3.758029
[33,] 22.26387 411.2987 0.9802648 24.34779 286.1072 35.22092 29.22321 3.842336 2.452101 3.752716
[34,] 22.26337 411.3873 0.9799063 24.35121 286.1067 35.22098 29.21997 3.842508 2.448147 3.749904
[35,] 22.23708 410.0959 0.9708855 24.43313 286.1078 35.23455 29.21799 3.887544 2.446496 4.032509
[36,] 22.22134 410.1373 0.9706953 24.42798 286.1078 35.23545 29.21925 3.889263 2.444718 3.962798
[37,] 22.23421 410.0866 0.9708441 24.43097 286.1078 35.23435 29.21767 3.888269 2.446897 4.054310
[38,] 16.60507 377.8848 1.0000000 24.97171 286.0153 39.37578 32.43895 6.190228 3.638031 3.257135
[39,] 16.65976 359.7598 0.6765625 24.97171 286.0903 39.35078 32.43895 6.190228 3.788031 3.251939
[40,] 16.52304 359.9782 0.6776611 24.97171 286.0903 39.35078 32.44689 6.198431 3.745703 3.228189

$time
elapsed elapsed elapsed elapsed elapsed elapsed elapsed elapsed elapsed elapsed elapsed elapsed elapsed elapsed elapsed elapsed elapsed elapsed elapsed elapsed elapsed elapsed elapsed elapsed elapsed elapsed elapsed elapsed elapsed elapsed 
   2.49    6.45   10.24   14.27   22.60   26.36   30.25   46.69   52.80   61.08   94.45  291.86  294.13  316.91  325.60  335.47  465.05  578.69  661.75  708.75  753.72  763.10  794.06  796.13  865.38  871.70  875.50  879.30  883.91  891.92 
elapsed elapsed elapsed elapsed elapsed elapsed elapsed elapsed elapsed elapsed 
 922.06  925.95 1097.16 1118.44 1261.02 1310.50 1319.99 1331.91 1355.22 1416.36 

$neval
 [1]   106   261   378   525   809   947  1090  1649  1876  2151  3345 10329 10413 11235 11510 11858 16340 20500 23402 25156 26720 27059 28134 28207 30903 31108 31243 31379 31516 31788 32811 32949 38931 39677 44687 46382 46722 47130 47950
[40] 50013

$fbest
[1] 576.6042

$xbest
 [1]  16.5230377 359.9782017   0.6776611  24.9717078 286.0903449  39.3507793  32.4468892   6.1984314   3.7457026   3.2281894

$numeval
[1] 50013

$end_crit
[1] 1

$cpu_time
elapsed 
1416.36 

$Refset
$Refset$x
             [,1]        [,2]        [,3]       [,4]       [,5]        [,6]        [,7]        [,8]       [,9]      [,10]
 [1,]   1.0000000  16.6597600   0.6765625 286.090345  32.438955   3.7880310  16.6597600   0.6765625 286.090345  32.438955
 [2,]   3.7880310   2.0000000 359.7598400  24.971708  39.350779   6.1902280   3.2519390 359.7598400  24.971708  39.350779
 [3,]   6.1902280   3.2519390   3.0000000  22.226800 410.179685   0.9716899  24.4349840 286.1077210  35.235710  29.223898
 [4,]   3.8884140   2.4457920   4.0228850   4.000000  22.218840 410.1549580   0.9716825  24.4306480 286.107697  35.235830
 [5,]  29.2216901   3.8891470   2.4434750   3.942861   5.000000  22.2636600 411.3875885   0.9834088  24.352778 286.107210
 [6,]  35.2212500  29.2232338   3.8423520   2.447465   3.749362   6.0000000  22.2203000 409.0203001   0.972948  24.455395
 [7,] 286.1072900  35.2356500  29.2239701   3.873028   2.457652   3.9854200   7.0000000  22.2240400 410.185363   0.968969
 [8,]  24.4367120 286.1088200  35.2597600  29.222160   3.888135   2.4338170   4.0176820   8.0000000  22.238660 409.718251
 [9,]   0.9695033  24.3928170 286.0859500  35.224320  29.251501   3.8874550   2.4660710   3.9693250   9.000000  22.187100
[10,] 413.0966629   1.0000000  24.8730120 286.077706  35.208000  28.9861026   3.8752910   2.0624110   3.824916  22.271670
[11,] 406.9902416   0.9792338  24.3900160 286.113376  35.121030  29.3124214   4.1658610   2.5227080   3.823021  22.913160
[12,] 380.2749674   0.9126426  24.4698810 286.141912  34.997560  29.7514181   3.8855900   3.2155000   3.746172  22.054600

$Refset$f
 [1] 599.1163 599.1163 694.3142 694.3472 695.2760 695.3420 697.9149 713.6181 715.8177 721.6736 756.9965 726.8524

$Refset$fpen
 [1] 599.1163 599.1163 694.3142 694.3472 695.2760 695.3420 697.9149 713.6181 715.8177 721.6736 756.9965 726.8524

$Refset$const
 [1] 21.183680 11.028292  3.029209 32.211969  1.559816 32.211970  1.559816 21.183677 11.028292  3.029209 21.989190 33.554208 11.565016  1.556671  3.054715 21.987170 33.556525 11.569352  1.556685  3.054454 21.905310 33.552535 11.647222
[24]  1.556683  3.055765 21.997740 33.542348 11.544605  1.556727  3.054570 22.002900 33.566183 11.563288  1.556632  3.052752 21.926750 33.533929 11.607183  1.559367  3.050843 22.810600 33.937589 11.126988  1.561656  3.020632 21.867310
[47] 33.477292 11.609984  1.555004  3.077036 21.254380 32.784500 11.530119  1.548320  3.149410 22.004060 33.587445 11.583389  1.556184  3.045442

$Refset$penalty
 [1] 0 0 0 0 0 0 0 0 0 0 0 0


