$f
 [1] 4548.910 2451.967 1696.799 1648.915 1530.720 1470.113 1385.993 1351.399 1350.797 1350.649

$x
          [,1]     [,2]      [,3]     [,4]     [,5]     [,6]     [,7]     [,8]     [,9]    [,10]
 [1,] 30.91465 304.9661 0.8443467 21.93580 286.5207 36.14010 29.03838 2.285880 3.049066 1.745653
 [2,] 24.80748 394.8833 0.1042815 18.30129 286.0713 46.59113 29.82661 2.995449 2.076288 2.489462
 [3,] 27.62781 321.9544 0.1000000 21.28964 286.0925 44.41678 30.05642 3.203162 2.348322 2.556637
 [4,] 25.89077 351.5246 0.1779082 21.88114 286.3045 41.81752 29.91341 4.528667 2.839146 2.558681
 [5,] 25.89077 348.7958 0.1017724 21.88114 286.2834 41.84570 29.60097 4.528667 2.665772 2.585454
 [6,] 26.63319 299.4850 0.1014754 22.37012 286.5252 42.50844 31.92284 7.366251 2.365195 2.699492
 [7,] 26.74257 299.1356 0.1042879 22.51074 286.4877 42.50844 31.92284 7.372501 2.352695 2.717304
 [8,] 26.52699 298.8818 0.1005589 22.66052 286.5016 42.59223 32.05547 7.380944 2.356657 2.728879
 [9,] 26.52699 298.8818 0.1005589 22.66052 286.5016 42.59223 32.05547 7.380944 2.356657 2.729621
[10,] 26.52699 298.8622 0.1005589 22.66052 286.5016 42.59223 32.05547 7.380944 2.356657 2.729621

$time
elapsed elapsed elapsed elapsed elapsed elapsed elapsed elapsed elapsed elapsed 
   3.63    9.78   17.07   48.33   75.08  147.50  151.72  308.38  311.52 1809.21 

$neval
 [1]   106   258   441  1281  1983  3739  3859  7366  7439 40176

$fbest
[1] 1350.649

$xbest
 [1]  26.5269894 298.8622225   0.1005589  22.6605178 286.5015765  42.5922294  32.0554683   7.3809445   2.3566568   2.7296207

$numeval
[1] 40176

$end_crit
[1] 2

$cpu_time
elapsed 
1809.21 

$Refset
$Refset$x
             [,1]        [,2]       [,3]        [,4]       [,5]        [,6]        [,7]        [,8]        [,9]       [,10]
 [1,]   1.0000000  26.2890300 428.657800   0.1010767  19.162750 286.3360000  41.0671300  31.1344000   4.4751890   2.2252010
 [2,]   2.7780790   2.0000000  26.289090 428.6289000   0.101128  19.1626400 286.3360000  41.0669900  31.1344100   4.4752270
 [3,]   2.2258050   2.7772360   3.000000  26.2891700 428.638100   0.1010537  19.1653500 286.3360000  41.0664200  31.1343900
 [4,]   4.4751960   2.2231130   2.776980   4.0000000  26.289330 428.6386000   0.1010938  19.1629600 286.3363000  41.0674000
 [5,]  31.1342700   4.4752020   2.225242   2.7786890   5.000000  26.2890000 428.6424000   0.1010662  19.1637200 286.3359000
 [6,]  41.0671000  31.1342300   4.475169   2.2247380   2.778497   6.0000000  26.2891800 428.6305000   0.1011145  19.1642500
 [7,] 286.3360000  41.0671600  31.133140   4.4751430   2.224335   2.7769900   7.0000000  26.2890100 428.6393000   0.1010932
 [8,]  19.1651500 286.3360000  41.066060  31.1348700   4.475199   2.2233880   2.7774130   8.0000000  26.2890100 428.6573000
 [9,]   0.1011038  19.1628800 286.336100  41.0672700  31.134260   4.4751900   2.2251650   2.7778060   9.0000000  26.2869000
[10,] 428.8839000   0.1012672  19.137970 286.3385000  41.072700  31.1336000   4.4753970   2.2373260   2.7713770  26.3128300
[11,] 428.7062000   0.1010081  19.163190 286.3364000  41.066320  31.1568300   4.4753850   2.2319080   2.7795090  26.3178900
[12,] 428.2498000   0.1011177  19.162740 286.3363000  41.067000  31.1350400   4.4752430   2.2254820   2.7764030  27.0936000

$Refset$f
 [1] 1436.797 1436.797 1436.797 1436.797 1436.797 1436.797 1436.797 1436.797 1437.314 1438.785 1438.946 1812.524

$Refset$fpen
 [1] 1436.797 1436.797 1436.797 1436.797 1436.797 1436.797 1436.797 1436.797 1437.314 1438.785 1438.946 1812.524

$Refset$const
 [1] 16.937550 33.774800 16.837250  1.539104  2.881573 16.936830 33.774200 16.837360  1.539107  2.881573 16.942230 33.776890 16.834650  1.539105  2.881608 16.937710 33.774760 16.837040  1.539071  2.881650 16.938980 33.775260 16.836280
[24]  1.539114  2.881533 16.939910 33.775670 16.835750  1.539111  2.881460 16.941770 33.776610 16.834850  1.539104  2.881667 16.937720 33.774840 16.837120  1.539090  2.881600 16.900640 33.762670 16.862030  1.538820  2.882083 16.931280
[47] 33.768090 16.836810  1.538977  2.883617 16.937260 33.774520 16.837260  1.539072  2.881725 15.495130 32.723130 17.228000  1.535114  3.034980

$Refset$penalty
 [1] 0 0 0 0 0 0 0 0 0 0 0 0


