$f
 [1] 981.6215 527.4479 487.7500 465.6719 459.2083 448.1632 422.7014 419.7222 415.8767 407.6476 404.6997 382.5642 367.0868 323.9392 323.5208 318.9809 318.8021 313.8559 312.7517 311.9115 305.8264 302.9635 300.7309 300.1128 298.4809 295.2517
[27] 293.4514 293.1563 293.0000 292.6128 292.4201 292.3750 292.0573 291.9358 291.2465 291.1302 291.1094 290.7066 290.4965 290.3212 290.1771 290.1493 290.1493

$x
          [,1]     [,2]      [,3]     [,4]     [,5]     [,6]     [,7]      [,8]      [,9]    [,10]
 [1,] 11.85726 222.2362 0.6811932 28.61413 285.6377 41.06951 32.38653  8.727257  4.509061 2.800501
 [2,] 11.92583 230.4090 0.8495520 29.02842 286.2752 45.65407 32.31593 10.000000  4.486855 3.397624
 [3,] 11.92583 230.4090 0.6653333 29.02842 286.2846 45.65407 32.31593 10.000000  4.536855 3.397624
 [4,] 14.69510 281.2124 0.4244214 24.36172 285.6956 38.67764 30.01492  6.179221  5.767995 3.589194
 [5,] 15.59222 443.1467 0.4432587 17.75361 286.1686 39.68702 30.49842  5.525943  6.876745 2.817169
 [6,] 14.33454 183.4764 0.4197808 29.56168 285.2827 39.05108 30.01249  6.625070  5.648950 3.666562
 [7,] 13.04966 340.8276 0.3366136 17.84001 286.0278 42.25418 30.42154  6.432277  9.016257 3.898715
 [8,] 13.02231 340.8276 0.3366136 17.84001 286.0090 42.25418 30.42154  6.432277  9.016257 3.901683
 [9,] 12.35078 242.1619 0.6121530 29.20103 286.4230 42.28394 30.43317  9.790534  4.600930 3.456306
[10,] 12.34018 242.1055 0.6441192 29.15969 286.4264 41.86917 30.49644  9.795280  4.601517 3.410625
[11,] 12.34587 242.1684 0.6128113 29.18061 286.4237 42.06731 30.45646  9.792279  4.600741 3.466329
[12,] 12.83806 238.4184 0.5888011 29.18061 286.4237 42.06731 30.61896  9.792279  4.550352 3.466329
[13,] 13.56242 372.8493 0.3902962 15.39248 286.2655 41.64314 31.54689  6.369020 10.000000 3.456144
[14,] 13.45191 372.8493 0.3959212 15.39248 286.2655 42.00551 31.54689  6.356520 10.000000 3.474080
[15,] 12.17229 403.7380 0.4720608 16.39872 286.0980 41.62305 30.83272  6.281983  9.341673 2.852335
[16,] 12.28166 403.7380 0.5170608 16.39872 286.1003 41.62305 30.75147  6.281983  9.366673 2.852335
[17,] 11.93262 403.7917 0.4422402 16.32491 286.0833 41.30641 30.97474  6.253531  9.404949 2.989895
[18,] 11.93262 404.4167 0.4422402 16.32491 286.1044 41.30641 30.89349  6.253531  9.404949 2.983958
[19,] 13.01495 390.9779 0.4674699 16.37198 286.0909 41.29399 30.90025  6.255766  9.346637 2.861976
[20,] 13.06964 390.9779 0.4674699 16.37198 286.0909 41.29399 30.85962  6.256156  9.346246 2.859008
[21,] 12.54112 394.8745 0.4708598 16.43748 286.0841 41.26203 30.91330  6.260228  9.425503 2.984622
[22,] 12.52745 394.8745 0.4705083 16.43748 286.0841 41.26203 30.87267  6.260228  9.425503 2.984622
[23,] 13.17575 390.7286 0.4684851 16.38270 286.0907 41.30160 30.90140  6.259373  9.301579 2.995426
[24,] 13.21730 390.1785 0.4684951 16.38248 286.0908 41.30122 30.90113  6.259694  9.301015 2.981816
[25,] 13.07801 390.3688 0.4683133 16.38371 286.0931 41.30171 30.90281  6.258420  9.116626 2.988299
[26,] 13.44992 390.3257 0.4682078 16.37249 286.0990 41.31255 30.90575  6.257821  8.989480 2.991306
[27,] 13.22232 391.0212 0.4685163 16.38073 286.0912 41.29655 30.90494  6.258194  9.087290 2.992096
[28,] 13.22232 391.0212 0.4685163 16.38073 286.0912 41.29655 30.90494  6.258194  9.084165 2.992096
[29,] 13.29314 390.5104 0.4677527 16.37991 286.0931 41.28045 30.90541  6.258058  9.070719 2.995372
[30,] 13.29314 390.5886 0.4677527 16.37991 286.0931 41.28045 30.86479  6.258058  9.070719 2.995372
[31,] 13.48011 390.8767 0.4684109 16.37197 286.0906 41.29611 30.90388  6.258443  8.992186 2.993624
[32,] 13.47822 389.1908 0.4694160 16.42631 286.0918 41.30127 30.90084  6.258308  8.993594 2.993939
[33,] 13.58375 388.6538 0.4696186 16.44010 286.0916 41.30538 30.89835  6.258332  8.955749 2.994494
[34,] 13.69785 386.9061 0.4700030 16.48210 286.0913 41.30692 30.89244  6.258205  8.928182 2.994402
[35,] 13.70127 386.9061 0.4700030 16.48210 286.0913 41.30692 30.89244  6.258205  8.928182 2.994402
[36,] 13.65101 388.3755 0.4703594 16.38353 286.0948 41.27453 30.89438  6.258174  8.979627 2.992232
[37,] 13.64124 388.1758 0.4700765 16.39829 286.0947 41.27499 30.89327  6.258175  8.979200 2.992058
[38,] 13.64124 388.2149 0.4700765 16.39829 286.0947 41.27499 30.89327  6.258175  8.979200 2.992058
[39,] 13.65937 387.0757 0.4702838 16.42371 286.0931 41.27883 30.87437  6.257981  8.980340 2.989458
[40,] 13.65595 387.0757 0.4702838 16.42371 286.0931 41.27883 30.87437  6.257981  8.980340 2.989458
[41,] 13.66475 387.2695 0.4710511 16.46281 286.0936 41.27136 30.89587  6.257935  8.947143 2.988659
[42,] 13.64953 387.0927 0.4702267 16.42522 286.0936 41.27309 30.89221  6.258045  8.982964 2.987976
[43,] 13.64953 387.0927 0.4702267 16.42522 286.0936 41.27309 30.89221  6.258045  8.982964 2.987976

$time
elapsed elapsed elapsed elapsed elapsed elapsed elapsed elapsed elapsed elapsed elapsed elapsed elapsed elapsed elapsed elapsed elapsed elapsed elapsed elapsed elapsed elapsed elapsed elapsed elapsed elapsed elapsed elapsed elapsed elapsed 
   1.81    5.52    7.60   21.74   25.36   28.25   36.47   38.22   41.58   61.22   66.35   68.88   90.44   98.47  366.46  368.50  452.78  454.64  488.36  490.49  506.49  518.86  529.11  536.92  539.50  542.96  545.63  547.27  598.03  599.55 
elapsed elapsed elapsed elapsed elapsed elapsed elapsed elapsed elapsed elapsed elapsed elapsed elapsed 
 616.02  624.17  631.77  639.52  656.80  683.22  711.91  715.97  832.21  833.56  847.39  892.63 1017.88 

$neval
 [1]   106   256   357  1050  1184  1321  1726  1810  1949  2885  3155  3278  4346  4741 17688 17783 22016 22111 23865 23961 24775 25403 25946 26357 26496 26635 26774 26848 29437 29516 30333 30740 31078 31484 32378 33617 35033 35242 40883
[40] 40957 41644 43868 50024

$fbest
[1] 290.1493

$xbest
 [1]  13.6495329 387.0926593   0.4702267  16.4252242 286.0936461  41.2730937  30.8922120   6.2580452   8.9829642   2.9879763

$numeval
[1] 50024

$end_crit
[1] 1

$cpu_time
elapsed 
1017.88 

$Refset
$Refset$x
             [,1]        [,2]       [,3]       [,4]        [,5]        [,6]        [,7]       [,8]        [,9]       [,10]
 [1,]   1.0000000  13.6500900 387.134700   0.470173  16.4202900 286.0936000  41.2736500  30.885180   6.2581020   8.9837000
 [2,]   2.9879630   2.0000000  13.649080 387.115500   0.4701448  16.4261400 286.0934000  41.272400  30.8943800   6.2580330
 [3,]   8.9818020   2.9876140   3.000000  13.647230 387.1130000   0.4708722  16.4245200 286.093700  41.2736200  30.8924800
 [4,]   6.2583300   8.9847850   2.986566   4.000000  13.6498900 387.1273000   0.4702549  16.424650 286.0927000  41.2712800
 [5,]  30.8853200   6.2581180   8.981564   2.987883   5.0000000  13.6491300 387.1156000   0.470350  16.4249300 286.0932000
 [6,]  41.2723000  30.8920000   6.258104   8.982572   2.9880020   6.0000000  13.6489900 387.131800   0.4698912  16.4249500
 [7,] 286.0935000  41.2706600  30.894880   6.257887   8.9813250   2.9891760   7.0000000  13.649110 387.1155000   0.4701857
 [8,]  16.4256200 286.0934000  41.272440  30.891750   6.2580680   8.9819820   2.9876700   8.000000  13.6491800 387.1606000
 [9,]   0.4703612  16.4264600 286.093700  41.273090  30.8933000   6.2580970   8.9807370   2.988013   9.0000000  13.6460600
[10,] 387.1346000   0.4701717  16.425790 286.093700  41.2734000  30.8889400   6.2581200   8.982559   2.9876770  13.5983800
[11,] 387.9151000   0.4724783  16.440610 286.094100  41.2766400  30.8878500   6.2589310   8.974076   2.9889660  13.6490900
[12,] 385.5739000   0.4695546  16.451820 286.062500  41.2714000  30.8238300   6.2641050   8.981800   2.9604440  13.6053800

$Refset$f
 [1] 290.1493 290.1493 290.1493 290.1493 290.1493 290.1493 290.1493 290.1493 290.1493 291.0312 292.1406 298.5365

$Refset$fpen
 [1] 290.1493 290.1493 290.1493 290.1493 290.1493 290.1493 290.1493 290.1493 290.1493 291.0312 292.1406 298.5365

$Refset$const
 [1]  7.436591 27.016300 19.579710  1.569795  2.764879  7.444339 27.018200 19.573860  1.569791  2.765611  7.439733 27.015210 19.575480  1.569771  2.765464  7.443091 27.018440 19.575350  1.569895  2.764748  7.442354 27.017430 19.575070
[24]  1.569828  2.765348  7.443622 27.018680 19.575050  1.569778  2.765772  7.443637 27.018020 19.574380  1.569802  2.765393  7.445719 27.019260 19.573540  1.569767  2.765560  7.443235 27.017440 19.574210  1.569779  2.765202  7.466535
[47] 27.025920 19.559390  1.569732  2.765079  7.470016 27.018200 19.548180  1.573694  2.750311  7.565742 27.017860 19.452120  1.569427  2.766480

$Refset$penalty
 [1] 0 0 0 0 0 0 0 0 0 0 0 0


