$f
 [1] 3278.80903  440.54340  246.49826  103.51736   84.71875   69.02431   66.08681   65.93056   65.86806   63.10243   61.68750   58.97396   58.96528   58.91840   57.94271   57.15104   55.32465   53.48785   52.62847   52.50868   52.49653
[22]   52.46007   51.02951   50.97049   50.87500   50.49479   50.43229   50.22396   50.22396

$x
           [,1]     [,2]      [,3]     [,4]     [,5]     [,6]     [,7]      [,8]     [,9]    [,10]
 [1,]  7.124226 254.5403 0.7456232 21.88785 284.6095 32.61844 29.88471  7.041276 2.255976 3.112019
 [2,]  9.005703 335.0541 0.1867115 15.07598 285.7411 34.77118 24.51097 10.000000 6.198889 2.743131
 [3,]  9.005703 335.0541 0.1642115 15.82598 285.7411 32.37118 27.11097 10.000000 6.177014 2.458131
 [4,] 14.277138 230.4458 0.6483616 29.31954 286.6456 37.07456 24.00000  4.342928 2.787306 4.449865
 [5,] 13.241715 252.2471 0.4909660 28.64552 286.3547 33.01393 24.18821  5.522262 2.470337 3.957881
 [6,] 14.811905 227.6199 0.9019630 30.00000 286.6518 35.42680 24.00000  3.710743 2.704443 5.000000
 [7,] 14.806986 228.5698 0.8690167 30.00000 286.6506 35.39436 24.02878  3.795668 2.605754 5.000000
 [8,] 14.807295 229.0318 0.8532605 30.00000 286.6503 35.38259 24.04626  3.831739 2.577265 5.000000
 [9,] 14.807295 229.1099 0.8532605 30.00000 286.6503 35.38259 24.04626  3.837989 2.577265 5.000000
[10,] 14.577038 240.5274 0.5772273 29.42294 286.3719 34.64598 24.08274  3.771531 2.062560 4.645922
[11,] 14.577038 240.5274 0.5323152 29.42294 286.3719 34.64598 24.08274  3.771531 2.062560 4.645922
[12,] 13.589896 244.5696 0.4384122 29.36144 286.3403 33.97767 24.03122  3.312678 2.359330 4.530055
[13,] 13.589896 244.5696 0.4384122 29.36144 286.3403 33.97767 24.03122  3.306428 2.359330 4.530055
[14,] 14.652462 243.9053 0.4198443 28.24284 286.3572 33.55671 24.85003  3.965753 2.442451 4.556738
[15,] 14.652462 243.9053 0.4198443 28.24577 286.3572 33.55671 24.85003  3.972003 2.454951 4.556738
[16,] 14.097095 246.0439 0.3915432 28.66996 286.3513 33.56483 24.75546  3.619256 2.422716 4.569757
[17,] 14.097095 246.0439 0.3915432 28.68204 286.3513 33.96483 24.75546  3.619256 2.397716 4.569757
[18,] 14.536884 243.2095 0.4205074 28.40257 286.3634 33.93804 24.91918  3.616532 2.486942 4.606864
[19,] 14.536884 243.2095 0.4205074 28.40257 286.3634 33.93804 24.87856  3.641532 2.486942 4.606864
[20,] 14.565666 242.6471 0.4201049 28.27803 286.3673 33.90078 25.01550  3.602914 2.563261 4.626297
[21,] 14.565666 242.6471 0.4201049 28.27803 286.3673 33.90078 25.01550  3.602914 2.566386 4.626297
[22,] 14.312950 243.4729 0.3499938 28.51677 286.3573 33.92005 24.79030  3.628635 2.330100 4.520168
[23,] 14.312950 243.4729 0.3499938 28.51677 286.3573 33.92005 24.79030  3.641232 2.342600 4.520168
[24,] 14.488643 243.4154 0.3765908 28.49062 286.4313 33.91205 25.25515  3.648022 2.325319 4.552236
[25,] 14.488643 243.4349 0.3765908 28.49062 286.4313 33.91205 25.25515  3.648022 2.325319 4.552236
[26,] 14.432796 243.4147 0.3819229 28.49090 286.4274 33.90680 25.15152  3.643031 2.382213 4.561733
[27,] 14.352754 246.0400 0.3797064 28.48162 286.4303 33.91422 25.19121  3.642390 2.330384 4.548277
[28,] 14.352754 246.0595 0.3797064 28.48162 286.4303 33.91422 25.19121  3.642390 2.330384 4.548277
[29,] 14.352754 246.0595 0.3797064 28.48162 286.4303 33.91422 25.19121  3.642390 2.330384 4.548277

$time
elapsed elapsed elapsed elapsed elapsed elapsed elapsed elapsed elapsed elapsed elapsed elapsed elapsed elapsed elapsed elapsed elapsed elapsed elapsed elapsed elapsed elapsed elapsed elapsed elapsed elapsed elapsed elapsed elapsed 
   2.36    6.33    8.59   15.06   24.37   27.51   33.61   36.50   41.11   68.11   73.28   97.22  104.70  150.08  151.72  171.39  181.84  230.84  232.29  289.47  290.84  662.95  664.64  748.15  749.75  803.59  861.01  862.58 1063.31 

$neval
 [1]   106   269   381   665  1088  1230  1505  1640  1854  3053  3267  4348  4697  6872  6957  7912  8407 10962 11041 14016 14089 31766 31851 35826 35899 38198 40839 40912 50034

$fbest
[1] 50.22396

$xbest
 [1]  14.3527544 246.0594905   0.3797064  28.4816226 286.4302604  33.9142166  25.1912120   3.6423899   2.3303840   4.5482773

$numeval
[1] 50034

$end_crit
[1] 1

$cpu_time
elapsed 
1063.31 

$Refset
$Refset$x
             [,1]        [,2]       [,3]        [,4]       [,5]        [,6]        [,7]        [,8]        [,9]       [,10]
 [1,]   1.0000000  14.1933100 246.174200   0.3758179  29.113000 286.4301000  33.3986400  25.0110800   3.9274170   2.0000000
 [2,]   4.7179690   2.0000000  14.241390 246.6082000   0.377599  29.0308400 286.4185000  33.3923400  25.0347100   3.9361860
 [3,]   2.0000000   4.5753440   3.000000  14.2410600 246.511700   0.3845767  29.0729600 286.4244000  33.3936200  25.0884200
 [4,]   3.9287130   2.0000000   4.591422   4.0000000  14.261030 246.4872000   0.3755312  28.9833100 286.4190000  33.3918200
 [5,]  25.0402600   3.9345430   2.013628   4.6298770   5.000000  14.2616900 246.2664000   0.3717632  28.8082400 286.4162000
 [6,]  33.3882200  25.0284100   3.928080   2.1130180   4.688552   6.0000000  14.2425500 246.4781000   0.3840543  29.0338600
 [7,] 286.4177000  33.3912200  25.114520   3.9388360   2.011777   4.5556750   7.0000000  14.3266900 246.4485000   0.3704944
 [8,]  28.5543000 286.3974000  33.379660  25.0107600   3.935439   2.2178000   4.6978940   8.0000000  14.2230800 246.3881000
 [9,]   0.3746091  29.0453500 286.420900  33.3933000  25.013730   3.9314440   2.0121140   4.7186120   9.0000000  14.3068600
[10,] 246.2221000   0.3741730  28.601660 286.4078000  33.378980  25.0071700   3.9334690   2.2179140   4.6980240  14.2877200
[11,] 245.9792000   0.3758858  28.700250 286.4055000  33.382560  25.0233900   3.9309320   2.1828430   4.6823820  14.2565900
[12,] 245.9925000   0.3823769  28.897750 286.4047000  33.386940  25.0556300   3.9582010   2.0950680   4.3800650  14.1266800

$Refset$f
 [1] 53.07812 53.12674 53.36979 53.48090 53.48438 53.48958 53.53819 53.13542 53.63715 53.65451 53.89410 54.48611

$Refset$fpen
 [1] 53.07812 53.12674 53.36979 53.48090 53.48438 53.48958 53.53819 53.13542 53.63715 53.65451 53.89410 54.48611

$Refset$const
 [1] 27.113000 34.000000  6.887000  1.529071  2.885855 27.030840 34.000000  6.969161  1.530348  2.884242 27.072960 34.000000  6.927041  1.529385  2.891904 26.969680 33.986370  7.016689  1.530260  2.885036 26.695220 33.886980  7.191757
[24]  1.530635  2.883050 27.022080 33.988220  6.966138  1.530070  2.892149 26.336500 33.782200  7.445696  1.532967  2.874695 27.033240 33.987890  6.954648  1.530160  2.882954 26.383740 33.782090  7.398344  1.531722  2.878355 26.517410
[47] 33.817160  7.299752  1.531935  2.878860 26.802680 33.904930  7.102253  1.531899  2.881493 26.464210 33.760100  7.295891  1.524888  2.905128

$Refset$penalty
 [1] 0 0 0 0 0 0 0 0 0 0 0 0


