$f
 [1] 3247.628 2358.396 1392.786 1354.090 1352.887 1351.554 1341.332 1334.604 1322.292 1320.161 1310.910 1304.417 1277.259 1277.229 1276.210 1272.889 1271.469 1266.854 1260.569 1258.078 1257.819 1257.366 1256.972 1256.299 1255.818 1255.191
[27] 1254.681 1253.125 1249.441 1248.622 1247.517 1244.571 1240.778 1230.441 1225.627 1219.840 1191.750 1183.679 1182.700 1181.398 1177.276 1175.774 1174.134 1172.583 1170.181 1170.106 1168.637 1167.102 1166.769 1164.795 1163.943 1163.809
[53] 1163.168 1163.101 1152.750 1152.087 1147.417 1139.280 1118.780 1118.339 1116.882 1116.573 1114.938 1113.628 1111.951 1111.951

$x
           [,1]     [,2]      [,3]     [,4]     [,5]     [,6]     [,7]      [,8]     [,9]    [,10]
 [1,] 16.545230 168.9442 0.9051409 17.94032 285.8455 40.60621 24.62857  5.032676 6.557185 2.307410
 [2,]  5.000000 483.9441 0.3365122 19.48735 286.9467 48.00000 24.00000 10.000000 2.905588 3.766065
 [3,]  9.375000 411.8331 0.5721501 19.51722 286.7837 48.00000 25.76076 10.000000 2.639369 3.766065
 [4,]  9.348493 420.3894 0.5730365 19.51932 286.7362 47.91845 25.47164  9.999882 2.232248 3.749759
 [5,]  9.380879 420.8299 0.5733886 19.52144 286.7386 47.91668 25.47709  9.999832 2.161842 3.747240
 [6,]  9.434878 407.7544 0.5632506 19.55158 286.7268 47.91720 25.28876  9.999973 2.531922 3.776292
 [7,]  9.444964 403.4112 0.5599377 19.56199 286.7223 47.92305 25.28097  9.999992 2.515001 3.775054
 [8,]  9.459994 411.6673 0.5718377 19.49568 286.7422 47.58715 25.35355  9.999794 2.285409 3.781990
 [9,]  9.436201 398.5148 0.5689152 20.33583 286.7327 47.77093 25.19307  9.999816 2.152893 3.751793
[10,]  9.430906 399.5573 0.5715992 20.40269 286.7361 47.78314 25.19073  9.999741 2.000000 3.739564
[11,]  9.485594 399.8704 0.5730027 20.40269 286.7361 47.78314 25.21101 10.000000 2.001562 3.739564
[12,] 11.431722 348.7761 0.5671942 19.28266 286.7423 47.64514 25.33267  9.999839 2.193400 3.744683
[13,] 11.431722 347.8922 0.6346942 19.31580 286.7423 47.64514 25.33267 10.000000 2.095610 3.743633
[14,] 11.455195 338.6352 0.5677702 19.37780 286.7421 47.64212 25.33260  9.999825 2.193798 3.751850
[15,] 11.623803 330.5490 0.5680192 19.45907 286.7423 47.64192 25.33277  9.999801 2.204975 3.764884
[16,] 11.802313 329.3002 0.5647249 19.51461 286.7430 47.60688 25.32994  9.999881 2.117405 3.771683
[17,] 11.862679 328.3620 0.5631688 19.55564 286.7431 47.61053 25.32780  9.999863 2.123655 3.774882
[18,] 11.954563 321.1329 0.5630710 19.54559 286.7435 47.59896 25.32501  9.999848 2.114474 3.769565
[19,] 11.585235 334.6628 0.5674329 19.45233 286.7425 47.60668 25.32629  9.999793 2.153906 3.779568
[20,] 11.561309 334.6628 0.5670814 19.45233 286.7425 47.60668 25.32629  9.999793 2.153906 3.779568
[21,] 11.573889 333.0759 0.5621626 19.39413 286.7419 47.64234 25.31467  9.999824 2.237880 3.780631
[22,] 11.573889 333.0759 0.5621626 19.39413 286.7419 47.64234 25.31467  9.999824 2.234755 3.780631
[23,] 11.574386 333.9337 0.5676737 19.39333 286.7418 47.64659 25.33988  9.999864 2.216200 3.783121
[24,] 11.576682 332.4633 0.5583321 19.40225 286.7421 47.65450 25.32322  9.999899 2.220081 3.783354
[25,] 11.612873 330.7478 0.5527530 19.38573 286.7422 47.64293 25.33548  9.999992 2.246797 3.784320
[26,] 11.612873 330.7283 0.5527530 19.38573 286.7422 47.64293 25.33548  9.999992 2.246797 3.784320
[27,] 11.648421 324.1970 0.5476245 19.25279 286.7173 47.68028 25.06331 10.000000 2.573776 3.777821
[28,] 11.648421 324.1970 0.5476245 19.25279 286.7173 47.68028 25.06331 10.000000 2.567526 3.777821
[29,] 11.661770 323.0673 0.5462511 19.25903 286.7058 47.71042 25.03884 10.000000 2.556733 3.776091
[30,] 11.660512 323.0987 0.5456744 19.25378 286.7037 47.72592 25.06330 10.000000 2.556453 3.775542
[31,] 11.699871 320.6676 0.5412759 19.18379 286.7024 47.73771 24.99290  9.999989 2.611056 3.775173
[32,] 11.693035 320.6676 0.5412320 19.18379 286.7024 47.73771 24.99290  9.999989 2.611056 3.775173
[33,] 11.822549 290.4557 0.5476541 19.30393 286.7076 47.74372 24.90909  9.999974 3.713544 3.780292
[34,] 11.822549 289.8307 0.5237369 19.32754 286.7028 47.74372 25.03192 10.000000 3.715119 3.769821
[35,] 11.806334 270.0052 0.5272710 19.13392 286.7133 47.78867 24.98263  9.997121 4.807586 3.803827
[36,] 11.806334 270.0052 0.5042437 19.13392 286.7133 47.78867 24.98263  9.997121 4.807586 3.806796
[37,] 11.816320 238.6223 0.5187668 19.08865 286.7133 47.79254 24.98577  9.995983 6.136948 3.807110
[38,] 11.777650 238.6223 0.5098175 19.08865 286.7133 47.79254 24.98577 10.000000 6.136948 3.813048
[39,] 11.764554 236.0273 0.5301320 18.97137 286.7119 47.77742 24.99527  9.995797 6.390581 3.792576
[40,] 11.761529 237.2109 0.5350691 19.22230 286.7215 47.77867 25.03827  9.997949 6.307854 3.794202
[41,] 11.764407 236.8397 0.5258618 18.89190 286.7179 47.77706 24.98961 10.000000 6.426684 3.794596
[42,] 11.773722 235.0811 0.5322502 19.00986 286.7196 47.78107 25.01300  9.999261 6.375075 3.813211
[43,] 11.773722 235.0030 0.5322502 19.00986 286.7196 47.78107 25.01300  9.999261 6.387575 3.813211
[44,] 11.778678 232.0789 0.5024683 19.21560 286.7121 47.68555 25.10545  9.999312 6.277280 3.796684
[45,] 11.778678 232.0008 0.5024683 19.21560 286.7121 47.68555 25.10545 10.000000 6.277182 3.796684
[46,] 11.762935 236.3582 0.5061714 18.86269 286.7108 47.78485 24.96753  9.999886 6.419119 3.814690
[47,] 11.763284 236.3583 0.5056215 18.83911 286.7064 47.77618 24.96489  9.999892 6.422279 3.817364
[48,] 11.763529 236.1739 0.5087041 18.80915 286.7074 47.77118 24.94474  9.999921 6.456605 3.816602
[49,] 11.763306 236.5416 0.5050328 18.84521 286.7092 47.77571 24.96379  9.999641 6.410854 3.817037
[50,] 11.763614 236.1277 0.5082260 18.79547 286.7078 47.77231 24.94708  9.999925 6.463084 3.816481
[51,] 11.763450 235.9247 0.5080936 18.78445 286.7077 47.77780 24.94289  9.999968 6.479198 3.815937
[52,] 11.763450 235.9051 0.5080936 18.78445 286.7077 47.77780 24.94289  9.999968 6.479198 3.815937
[53,] 11.759102 236.1061 0.4836414 18.80616 286.7066 47.76860 24.96005  9.999696 6.407465 3.820304
[54,] 11.759102 236.1061 0.4836414 18.80616 286.7066 47.76860 24.96005  9.999696 6.410590 3.820304
[55,] 11.928132 230.8662 0.4780299 18.80100 286.7100 47.74968 24.87503  9.986003 6.546773 3.880966
[56,] 11.928132 230.8271 0.4780299 18.79954 286.7100 47.74968 24.87503  9.986003 6.549898 3.880966
[57,] 11.988738 227.7664 0.4765679 18.79883 286.7099 47.74523 24.87351  9.988066 6.590744 3.882043
[58,] 12.154749 225.2779 0.4719052 18.80643 286.7103 47.74243 24.87003  9.985377 6.629177 3.909557
[59,] 12.154749 225.1217 0.4937021 18.80643 286.7103 47.74243 24.86495  9.985377 6.622927 3.909557
[60,] 12.537331 218.1049 0.4434901 18.83010 286.7057 47.73262 24.85412  9.986917 6.532504 3.918421
[61,] 12.537331 218.1049 0.4435780 18.83010 286.7057 47.73262 24.81349  9.986869 6.532602 3.918421
[62,] 12.602894 215.5245 0.4355420 18.84883 286.7059 47.73222 24.82910  9.986854 6.525972 3.918219
[63,] 12.640343 213.5225 0.4257770 18.88881 286.7056 47.73456 24.79444  9.986769 6.519573 3.921323
[64,] 12.586541 215.3069 0.4184274 18.87262 286.7055 47.73491 24.84885  9.987104 6.520799 3.913632
[65,] 12.586541 215.3069 0.4183834 18.87262 286.7053 47.73491 24.84885  9.987104 6.527049 3.913632
[66,] 12.586541 215.3069 0.4183834 18.87262 286.7053 47.73491 24.84885  9.987104 6.527049 3.913632

$time
elapsed elapsed elapsed elapsed elapsed elapsed elapsed elapsed elapsed elapsed elapsed elapsed elapsed elapsed elapsed elapsed elapsed elapsed elapsed elapsed elapsed elapsed elapsed elapsed elapsed elapsed elapsed elapsed elapsed elapsed 
   3.78    8.97   16.44   51.74   62.19   67.06   74.24   78.89  103.00  112.45  122.14  201.67  205.38  220.33  239.61  244.30  249.11  253.86  286.39  308.83  430.08  432.64  452.06  475.78  480.55  483.80  614.47  616.99  626.36  645.50 
elapsed elapsed elapsed elapsed elapsed elapsed elapsed elapsed elapsed elapsed elapsed elapsed elapsed elapsed elapsed elapsed elapsed elapsed elapsed elapsed elapsed elapsed elapsed elapsed elapsed elapsed elapsed elapsed elapsed elapsed 
 655.67  668.05  789.47  794.49  878.70  881.85  896.41  933.35  960.70  965.99  970.50  975.08  982.58 1051.58 1054.66 1126.35 1137.89 1152.08 1157.56 1162.58 1188.97 1231.13 1274.85 1282.10 1365.92 1368.83 1397.45 1417.74 1421.16 1674.85 
elapsed elapsed elapsed elapsed elapsed elapsed 
1677.95 1682.64 1697.47 1721.61 1729.27 1784.52 

$neval
 [1]   106   263   457  1451  1729  1869  2077  2213  2889  3160  3422  5726  5834  6242  6790  6929  7066  7203  8085  8716 12117 12191 12729 13398 13532 13606 17314 17388 17671 18218 18489 18843 22259 22402 24722 24809 25213 26256 27066
[40] 27203 27343 27482 27703 29624 29713 31745 32083 32495 32635 32774 33518 34669 35912 36122 38412 38496 39298 39856 39952 47064 47153 47289 47697 48375 48592 50068

$fbest
[1] 1111.951

$xbest
 [1]  12.5865414 215.3069025   0.4183834  18.8726197 286.7053144  47.7349120  24.8488528   9.9871036   6.5270490   3.9136325

$numeval
[1] 50068

$end_crit
[1] 1

$cpu_time
elapsed 
1784.52 

$Refset
$Refset$x
            [,1]        [,2]        [,3]       [,4]       [,5]        [,6]        [,7]        [,8]        [,9]       [,10]
 [1,]   1.000000  12.5865410   0.4183834 286.705314  24.848853   6.5270490  12.5865400   0.4183834 286.7053140  24.8488530
 [2,]   6.527049   2.0000000 215.3069030  18.872620  47.734912   9.9871040   3.9136320 215.3069000  18.8726197  47.7349120
 [3,]   9.987104   3.9136320   3.0000000  12.531119 217.917812   0.4312079  18.8396730 286.7055080  47.7317000  24.8844727
 [4,]   9.987168   6.5223330   3.9101750   4.000000  12.539063 217.5877083   0.4338055  18.8519580 286.7045460  47.7322700
 [5,]  24.872531   9.9869370   6.5239860   3.914506   5.000000  12.5489710 217.3548068   0.4224422  18.8459000 286.7060980
 [6,]  47.732670  24.8602471   9.9869080   6.512104   3.914206   6.0000000  12.5258340 217.9203262   0.4316776  18.8513710
 [7,] 286.705410  47.7325800  24.9033629   9.987259   6.522865   3.9114800   7.0000000  12.5115040 218.3616413   0.4359897
 [8,]  18.833069 286.7059910  47.7313900  24.895482   9.987292   6.5400130   3.9111420   8.0000000  12.5300860 218.0063292
 [9,]   0.432491  18.8381330 286.7053150  47.731560  24.885837   9.9871340   6.5228740   3.9109760   9.0000000  12.6403430
[10,] 213.522499   0.4257770  18.8888070 286.705590  47.734560  24.7944427   9.9867690   6.5195730   3.9213230  14.0327480
[11,] 220.149096   0.5398946  17.6315920 286.707996  47.725040  24.3943120   9.6357590   6.3661110   3.8697110  10.0060090
[12,] 259.676953   0.3853718  18.7328980 285.810314  45.124430  24.0000000   4.5546300   7.9476900   3.9117050   9.1905180

$Refset$f
 [1] 1111.951 1111.951 1113.451 1113.901 1114.010 1114.212 1114.238 1113.561 1114.938 1274.630 2888.700 4027.469

$Refset$fpen
 [1] 1111.951 1111.951 1113.451 1113.901 1114.010 1114.212 1114.238 1113.561 1114.938 1274.630 2888.700 4027.469

$Refset$const
 [1] 12.345570 17.127380  2.333589 29.472951  1.521320 29.472950  1.521320 12.345571 17.127380  2.333589 12.317340 29.477670 17.160327  1.521281  2.335553 12.327970 29.476010 17.148042  1.521372  2.334613 12.333800 29.487900 17.154100
[24]  1.521244  2.334486 12.328510 29.477130 17.148629  1.521278  2.336461 12.293060 29.459990 17.166931  1.521232  2.336281 12.315260 29.477130 17.161867  1.521297  2.335563 12.369230 29.480430 17.111193  1.521328  2.330919 11.265480
[47] 29.633890 18.368408  1.521321  2.311709 10.785210 28.052310 17.267102  1.592819  2.124812 15.881990 29.545960 13.663979  1.579289  2.334337

$Refset$penalty
 [1] 0 0 0 0 0 0 0 0 0 0 0 0


