$f
 [1] 1332.2118  688.2274  262.1059  239.4392  213.5642  207.1024  183.7604  175.2691  174.2691  173.3090  170.6840  169.3490  164.4601  163.9531  163.6285  160.6354  160.6354

$x
          [,1]     [,2]      [,3]     [,4]     [,5]     [,6]     [,7]     [,8]     [,9]    [,10]
 [1,] 11.68501 198.7661 0.7586404 28.96077 286.2806 44.65465 35.30402 4.803915 8.075591 4.993404
 [2,] 20.50882 402.3861 0.7250831 16.47885 285.8720 39.18667 24.65864 7.949808 2.799157 2.112053
 [3,] 20.23796 365.3340 0.9744620 19.68595 285.8575 39.31049 24.24833 7.915199 3.790682 2.079174
 [4,] 17.62069 375.0641 0.9759709 22.78365 285.7209 38.79559 25.79763 7.820465 3.686763 2.274906
 [5,] 16.69100 375.3111 0.9752678 22.67057 285.7256 38.84559 25.75701 7.814215 4.371645 2.274906
 [6,] 14.37963 378.2232 1.0000000 22.84654 285.9081 40.50871 27.66317 8.353854 4.345909 1.843924
 [7,] 14.37963 398.2232 1.0000000 22.47154 285.9081 40.50871 27.66317 8.353854 4.345909 1.843924
 [8,] 14.47642 376.2949 0.9935683 23.54010 285.9074 40.57244 27.66377 8.354522 4.260021 1.846292
 [9,] 14.47642 376.2949 1.0000000 23.54010 285.9077 40.57869 27.66377 8.354522 4.272521 1.846292
[10,] 14.38923 374.8995 1.0000000 23.19772 285.9066 40.56436 27.60790 8.355881 4.330038 1.845794
[11,] 14.43391 375.8513 0.9999986 23.41123 285.9068 40.55228 27.62561 8.355398 4.327079 1.845919
[12,] 14.42387 375.8836 0.9999979 23.43185 285.9068 40.54454 27.62994 8.355522 4.326109 1.845917
[13,] 14.43064 376.4311 0.9999976 23.46925 285.9068 40.54766 27.61247 8.355507 4.322069 1.845831
[14,] 14.42624 376.2762 1.0000000 23.46145 285.9067 40.53406 27.61762 8.355551 4.349563 1.845493
[15,] 14.42368 378.5327 0.9999934 23.43052 285.9072 40.54527 27.61667 8.355360 4.319302 1.845521
[16,] 14.42368 378.3764 0.9999934 23.43052 285.9072 40.54527 27.61667 8.355360 4.322427 1.844037
[17,] 14.42368 378.3764 0.9999934 23.43052 285.9072 40.54527 27.61667 8.355360 4.322427 1.844037

$time
elapsed elapsed elapsed elapsed elapsed elapsed elapsed elapsed elapsed elapsed elapsed elapsed elapsed elapsed elapsed elapsed elapsed 
   1.83    5.27   12.03   59.66   64.60  165.92  167.77  229.47  232.33  241.44  251.30  255.08  258.38  261.72  264.89  266.74 1222.66 

$neval
 [1]   106   258   519  2439  2615  6797  6875  9454  9545  9949 10354 10490 10624 10766 10901 10985 50042

$fbest
[1] 160.6354

$xbest
 [1]  14.4236830 378.3764247   0.9999934  23.4305176 285.9071587  40.5452741  27.6166700   8.3553599   4.3224266   1.8440365

$numeval
[1] 50042

$end_crit
[1] 1

$cpu_time
elapsed 
1222.66 

$Refset
$Refset$x
             [,1]        [,2]       [,3]        [,4]        [,5]        [,6]        [,7]        [,8]        [,9]       [,10]
 [1,]   1.0000000  13.7397400 319.260600   0.4557274  26.2331300 285.4457000  37.2322000  32.1606900   7.8309770   4.3385860
 [2,]   3.2669430   2.0000000  13.892910 319.2867000   0.4557614  26.1729800 285.4452000  37.2302800  32.1563200   7.8311620
 [3,]   4.3349210   3.2668990   3.000000  13.8945800 319.3764000   0.4559381  26.1720300 285.4445000  37.2243900  32.1553500
 [4,]   7.8310840   4.3331490   3.266985   4.0000000  13.8941700 319.3327000   0.4560471  26.1725500 285.4449000  37.2305200
 [5,]  32.1560500   7.8311440   4.333982   3.2670140   5.0000000  13.8912500 319.2933000   0.4546393  26.1723200 285.4448000
 [6,]  37.2312000  32.1558000   7.831119   4.3334180   3.2669010   6.0000000  13.8943000 319.3709000   0.4560061  26.1721700
 [7,] 285.4447000  37.2277200  32.156010   7.8311150   4.3332980   3.2669260   7.0000000  13.9004600 319.5263000   0.4579348
 [8,]  26.1712000 285.4452000  37.226830  32.1607400   7.8308020   4.3321530   3.2674020   8.0000000  13.8979000 319.4053000
 [9,]   0.4578245  26.1726600 285.445700  37.2289200  32.1590900   7.8310300   4.3347560   3.2666370   9.0000000  13.8957900
[10,] 319.2991000   0.4565465  26.167380 285.4466000  37.2650500  32.1574400   7.8318930   4.3345740   3.2668660  13.7751100
[11,] 319.2938000   0.4558832  26.208250 285.4457000  37.2308100  32.1588100   7.8309520   4.3363830   3.2668420  13.7365000
[12,] 319.4036000   0.4557000  26.229700 285.4460000  37.2494900  32.1563600   7.8314600   4.4068210   3.2667540  14.1973500

$Refset$f
 [1] 205.2986 205.4323 205.4323 205.4323 205.2986 205.4323 205.4340 205.4340 205.4670 205.3455 207.7934 359.9497

$Refset$fpen
 [1] 205.2986 205.4323 205.4323 205.4323 205.2986 205.4323 205.4340 205.4340 205.4670 205.3455 207.7934 359.9497

$Refset$const
 [1] 21.894550 31.661410  9.766865  1.642901  2.981179 21.838050 31.665080  9.827024  1.642989  2.980754 21.838880 31.666850  9.827968  1.643078  2.981001 21.838570 31.666020  9.827448  1.643028  2.980636 21.838900 31.666580  9.827680
[24]  1.643047  2.980519 21.838870 31.666700  9.827832  1.643062  2.980811 21.839050 31.667850  9.828796  1.642970  2.981519 21.837910 31.665240  9.827338  1.642910  2.981285 21.832810 31.665430  9.832619  1.642876  2.978109 21.871870
[47] 31.663620  9.791745  1.642912  2.981092 21.822880 31.593180  9.770295  1.642918  2.979250 22.013320 31.763180  9.749861  1.655773  2.961672

$Refset$penalty
 [1] 0 0 0 0 0 0 0 0 0 0 0 0


