$f
 [1] 2301.2517 1111.9462  810.3385  747.7639  702.6354  568.6076  444.8924  381.7292  380.9340  380.8906  380.7674  380.1597  380.0573  379.9566  379.8889  379.8889

$x
          [,1]     [,2]      [,3]     [,4]     [,5]     [,6]     [,7]      [,8]      [,9]    [,10]
 [1,] 6.421238 331.6041 0.4444140 15.29212 285.3933 47.78585 35.67272  5.896809  8.302738 2.096549
 [2,] 5.304479 270.8966 0.7710946 15.63360 284.8057 47.84661 29.71442  2.010783 10.000000 4.685636
 [3,] 5.126048 292.3371 0.6620245 15.16485 284.8057 48.00000 30.36442  2.111803 10.000000 5.000000
 [4,] 7.035273 329.8855 0.4287826 18.54527 285.6060 44.33458 24.71258  9.884555  4.997311 4.770894
 [5,] 7.731347 366.7607 0.2611660 21.10903 286.1405 42.96101 24.00000  9.641597  2.000000 4.767365
 [6,] 7.459911 360.4800 0.1617950 20.64479 286.3524 42.98504 25.40075 10.000000  2.644347 4.270302
 [7,] 9.394174 287.3593 0.2071755 20.27205 286.3839 43.20476 25.10756 10.000000  3.871091 3.904511
 [8,] 9.394174 286.7343 0.1622000 20.35066 286.3816 43.30476 25.27006  9.987500  3.929944 3.877958
 [9,] 7.882179 355.6671 0.6158064 20.97400 286.2594 43.47062 24.02633  9.922496  3.801213 4.709088
[10,] 7.883905 355.6829 0.6188790 20.98183 286.2595 43.47122 24.02455  9.921655  3.799354 4.720103
[11,] 7.881712 355.6624 0.6160260 20.97439 286.2594 43.47098 24.02599  9.922265  3.800910 4.706650
[12,] 7.882514 355.6551 0.6174383 20.97700 286.2595 43.47048 24.02639  9.922574  3.800610 4.705104
[13,] 7.883546 355.7274 0.6157237 20.97835 286.2595 43.46687 24.02627  9.921124  3.800733 4.725253
[14,] 7.884216 355.7745 0.6155572 20.97846 286.2595 43.46607 24.02627  9.920954  3.800810 4.734769
[15,] 7.882148 355.8012 0.6154865 20.98106 286.2593 43.45234 24.02642  9.920788  3.799000 4.732077
[16,] 7.882148 355.8012 0.6154865 20.98106 286.2593 43.45234 24.02642  9.920788  3.799000 4.732077

$time
elapsed elapsed elapsed elapsed elapsed elapsed elapsed elapsed elapsed elapsed elapsed elapsed elapsed elapsed elapsed elapsed 
   2.13    6.16    9.55   16.38   19.71   22.81   33.52   47.21 1055.50 1060.44 1063.67 1067.63 1074.31 1084.81 1106.49 1233.30 

$neval
 [1]   106   264   415   705   848   983  1405  1954 42950 43158 43298 43439 43719 44129 45010 50123

$fbest
[1] 379.8889

$xbest
 [1]   7.8821481 355.8012260   0.6154865  20.9810627 286.2593036  43.4523388  24.0264187   9.9207877   3.7989996   4.7320771

$numeval
[1] 50123

$end_crit
[1] 1

$cpu_time
elapsed 
 1233.3 

$Refset
$Refset$x
             [,1]        [,2]       [,3]       [,4]        [,5]        [,6]        [,7]        [,8]        [,9]       [,10]
 [1,]   1.0000000  27.4239000 494.939100   0.812575  27.6541800 286.4981000  37.6876900  28.9283500   9.4955280   6.3481320
 [2,]   1.3084180   2.0000000  29.976397 139.757400   0.1715848  29.3314200 286.2366000  24.7466500  24.5015700   3.7853850
 [3,]   4.0584990   4.7816010   3.000000   7.883140 355.7549000   0.6158223  20.9796200 286.2594000  43.4636200  24.0259100
 [4,]   9.9210420   3.8009930   4.736341   4.000000   7.8830360 355.7540000   0.6158607  20.9796900 286.2594000  43.4628000
 [5,]  24.0264700   9.9211230   3.800983   4.734252   5.0000000   7.8768240 355.8370000   0.6178284  20.9921200 286.2603000
 [6,]  43.4848500  24.0330400   9.918610   3.800098   4.7358140   6.0000000   7.9017710 356.0385000   0.6159333  20.9832100
 [7,] 286.2585000  43.4532000  24.024490   9.916267   3.7744570   4.7151140   7.0000000   7.9172100 358.1413000   0.6203476
 [8,]  20.9634800 286.1948000  41.956790  24.017290   9.9564720   3.7650960   4.7440440   8.0000000   8.0563890 403.1340000
 [9,]   0.6409585  20.9697700 286.652300  43.540800  24.0279200   9.9930100   3.2485240   4.9256350   9.0000000   7.8281250
[10,] 356.5027000   0.6344076  21.039390 286.262500  43.4395600  24.0233300   9.9122600   3.8240070   4.6416910   8.1617960
[11,] 362.5166000   0.6289388  20.992100 286.239700  41.9655000  24.1080500   9.9573520   3.7613720   4.7670990   8.1388480
[12,] 350.7158000   0.6129346  20.929020 286.259700  42.8811100  24.0238700   9.8961200   3.7627850   4.7122680   7.7356220

$Refset$f
 [1] 638207.6319   3892.7795    379.8889    379.9566    404.6771    406.0903    431.4618    435.0000    413.6215    488.5781    525.9201    550.6771

$Refset$fpen
 [1] 638207.6319 391500.4150    379.8889    379.9566    404.6771    406.0903    431.4618    435.0000    413.6215    488.5781    525.9201    550.6771

$Refset$const
 [1] 21.306050 29.651870  8.345815  1.517687  2.978110 25.272920 31.941500  6.668577  1.499694  3.887608 17.178630 32.199010 15.020378  1.559778  2.277825 17.178710 32.199020 15.020307  1.559775  2.277894 17.192030 32.199900 15.007877
[24]  1.559697  2.277820 17.208750 32.225540 15.016794  1.559855  2.277829 17.198390 32.234900 15.036518  1.566039  2.307326 17.721250 32.751480 15.030231  1.524943  2.393462 17.215380 32.175990 14.960612  1.559520  2.279254 17.230720
[47] 32.238630 15.007903  1.562105  2.324423 17.166240 32.237210 15.070975  1.559995  2.295630 16.745820 31.717080 14.971251  1.555850  2.183082

$Refset$penalty
 [1] 0.0000000 0.3876076 0.0000000 0.0000000 0.0000000 0.0000000 0.0000000 0.0000000 0.0000000 0.0000000 0.0000000 0.0000000


