$f
 [1] 535.21875 486.98264 279.89931 238.61458 205.54514 181.94792 173.94444 169.38368 148.04514 138.21875 121.06424 112.23958 108.65625 102.87847 101.79167 101.24479  94.80208  90.68576  90.06250  89.38889  88.75521  88.60764  88.51215
[24]  88.44097  88.37153  88.29340  88.05556  88.02778  87.94097  87.93576  87.81771  87.76910  87.74826  87.74826

$x
          [,1]     [,2]      [,3]     [,4]     [,5]     [,6]     [,7]     [,8]     [,9]    [,10]
 [1,] 20.96112 147.7560 0.4852828 29.95624 284.6827 37.44790 26.86496 2.680380 6.257307 2.856958
 [2,] 16.90155 115.9644 0.3421464 29.98620 284.5455 35.21750 26.58047 2.341750 8.829769 4.117037
 [3,] 22.71590 115.9644 0.1000000 29.90787 284.4753 35.21750 26.37897 2.214879 6.420920 4.110234
 [4,] 20.39305 310.6586 0.5261523 25.02078 285.7690 29.94330 26.12284 8.037988 4.615955 3.634592
 [5,] 15.28028 380.9488 0.3889036 23.76713 285.7902 32.33568 29.29525 7.691316 4.508997 3.703511
 [6,] 16.68792 354.1821 0.3981634 23.99117 285.7332 33.56699 28.89038 7.601758 4.633523 3.608654
 [7,] 16.79729 354.1821 0.4901521 23.99117 285.7332 33.56699 28.89038 7.601758 4.607418 3.608654
 [8,] 16.47233 258.8911 0.5689200 26.68384 285.4745 34.70799 27.59891 7.930883 5.339760 3.556415
 [9,] 16.58170 258.8911 0.6139200 26.30884 285.4733 34.70799 27.27391 7.930883 5.339760 3.556415
[10,] 16.17336 306.7546 0.2653100 26.66541 285.5589 34.64571 27.18943 7.868003 3.451187 3.894506
[11,] 16.17336 307.6385 0.2653100 26.69855 285.5589 34.71035 27.02693 7.868003 3.505606 3.894506
[12,] 15.20980 258.7675 0.2471868 27.14909 285.5548 35.35240 28.04845 7.931312 4.307153 3.552999
[13,] 15.20980 258.7675 0.2471868 27.33659 285.5548 35.35240 28.04845 7.931117 4.263403 3.552999
[14,] 16.14599 292.8457 0.2597197 24.76645 285.5777 35.21300 27.52834 7.908675 4.938935 3.717880
[15,] 16.14599 292.8457 0.2600712 24.76645 285.5777 35.21300 27.52834 7.908675 4.923310 3.717880
[16,] 16.04049 271.2992 0.2513624 25.76438 285.6121 35.10336 27.60374 7.888011 4.927069 3.746182
[17,] 16.17913 280.2925 0.2584608 25.50311 285.5830 35.19745 27.47676 7.910457 4.843027 3.737078
[18,] 16.18443 278.6304 0.2644328 25.90611 285.6102 35.20622 27.59050 7.905798 4.664762 3.742243
[19,] 16.19811 278.6304 0.2647843 25.90611 285.6113 35.20622 27.59050 7.905798 4.658121 3.742243
[20,] 15.96468 281.1915 0.2689101 25.85637 285.6094 35.18504 27.58622 7.904301 4.664074 3.722519
[21,] 15.96468 281.1915 0.2689101 25.85637 285.6094 35.18504 27.58622 7.904301 4.657824 3.722519
[22,] 16.02836 279.4248 0.2594430 25.86877 285.6112 35.16472 27.59142 7.902816 4.635777 3.721542
[23,] 16.02836 279.4248 0.2594430 25.86877 285.6112 35.16472 27.59142 7.902816 4.635777 3.720800
[24,] 16.04995 279.6905 0.2618904 25.84626 285.6110 35.18186 27.58638 7.903437 4.631896 3.719373
[25,] 16.01053 280.0755 0.2619545 25.87301 285.6111 35.18881 27.59112 7.904360 4.623979 3.721893
[26,] 16.01737 279.5231 0.2614302 25.89651 285.6113 35.18446 27.59478 7.903952 4.624497 3.721502
[27,] 15.98756 279.5664 0.2617566 25.90646 285.6116 35.19855 27.60194 7.906350 4.624241 3.733867
[28,] 15.98212 279.0884 0.2605762 25.88776 285.6097 35.22112 27.57937 7.907314 4.623792 3.727474
[29,] 15.97870 279.0884 0.2605762 25.88776 285.6097 35.22112 27.57937 7.907314 4.623792 3.727474
[30,] 15.98084 279.0936 0.2606069 25.88775 285.6098 35.21918 27.57925 7.907095 4.624174 3.727215
[31,] 15.96866 279.0814 0.2606059 25.88524 285.6099 35.22044 27.57923 7.907129 4.629581 3.727234
[32,] 15.97020 279.0861 0.2605858 25.88814 285.6102 35.21983 27.57972 7.907134 4.624817 3.736171
[33,] 15.97020 279.0861 0.2605858 25.88814 285.6102 35.21983 27.57972 7.907134 4.624817 3.735429
[34,] 15.97020 279.0861 0.2605858 25.88814 285.6102 35.21983 27.57972 7.907134 4.624817 3.735429

$time
elapsed elapsed elapsed elapsed elapsed elapsed elapsed elapsed elapsed elapsed elapsed elapsed elapsed elapsed elapsed elapsed elapsed elapsed elapsed elapsed elapsed elapsed elapsed elapsed elapsed elapsed elapsed elapsed elapsed elapsed 
   1.91    4.85    9.94   25.24   28.38   36.82   42.49  105.91  108.00  154.24  156.47  195.50  197.30  279.63  281.49  287.61  294.49  306.88  314.69  342.02  343.50  375.00  376.57  392.88  433.21  548.30  581.05  924.52  926.08  948.27 
elapsed elapsed elapsed elapsed 
 981.25 1044.47 1045.92 1056.46 

$neval
 [1]   106   257   502  1206  1348  1763  2001  5089  5183  7324  7429  9308  9398 13185 13271 13549 13829 14379 14755 16111 16185 17684 17758 18573 20652 26225 27790 43859 43933 45025 46597 49567 49641 50053

$fbest
[1] 87.74826

$xbest
 [1]  15.9701983 279.0860649   0.2605858  25.8881445 285.6102094  35.2198253  27.5797246   7.9071335   4.6248170   3.7354289

$numeval
[1] 50053

$end_crit
[1] 1

$cpu_time
elapsed 
1056.46 

$Refset
$Refset$x
             [,1]        [,2]       [,3]        [,4]       [,5]        [,6]        [,7]        [,8]        [,9]       [,10]
 [1,]   1.0000000 279.0860600  25.888144  35.2198253   7.907134   3.7354290 279.0860600  25.8881445  35.2198250   7.9071340
 [2,]   3.7354290   2.0000000  15.970200   0.2605858 285.610209  27.5797250   4.6248170  15.9702000   0.2605858 285.6102090
 [3,]  27.5797250   4.6248170   3.000000  15.9702000 279.086065   0.2605858  25.8881440 285.6102090  35.2198300  27.5797246
 [4,]   7.9071340   4.6248170   3.736171   4.0000000  15.971150 279.0942398   0.2606134  25.8871740 285.6098430  35.2195000
 [5,]  27.5792706   7.9071080   4.625920   3.7279210   5.000000  15.9759900 279.3239878   0.2606147  25.8875650 285.6098470
 [6,]  35.2192400  27.5790933   7.907119   4.6178790   3.727850   6.0000000  15.9703800 279.1052864   0.2605755  25.8888380
 [7,] 285.6098000  35.2197100  27.579518   7.9071070   4.625118   3.7255930   7.0000000  15.9789700 278.7147329   0.2606832
 [8,]  25.9083980 285.6098440  35.219320  27.5779154   7.907107   4.6243740   3.7272360   8.0000000  15.9697300 279.6573964
 [9,]   0.2605774  25.8869940 285.610742  35.2197200  27.588910   7.9071590   4.6344480   3.7311790   9.0000000  15.9693400
[10,] 279.8513488   0.2607277  25.854987 285.6098440  35.212860  27.5786157   7.9061410   4.6271390   3.7277620  15.9600800
[11,] 281.8432669   0.2781405  25.556554 285.5409240  35.007530  27.5916246   7.9539610   4.7223330   3.5269300  15.4485800
[12,] 279.8375174   0.2653509  25.719043 285.6214840  35.424800  27.9076731   7.9073760   4.8508690   3.7578400  15.9891700

$Refset$f
 [1]  87.74826  87.74826  87.76910  87.81771  87.93576  87.94097  87.94097  87.99306  88.19792 125.14583 126.32292 144.66146

$Refset$fpen
 [1]  87.74826  87.74826  87.76910  87.81771  87.93576  87.94097  87.94097  87.99306  88.19792 125.14583 126.32292 144.66146

$Refset$const
 [1] 31.375180  1.626926 21.263327 10.111856  2.737644 21.263330 10.111856  2.737644 31.375183  1.626926 21.263330 31.375183 10.111856  1.626926  2.737644 21.261250 31.374080 10.112826  1.626973  2.737532 21.269690 31.382121 10.112435
[24]  1.626972  2.737536 21.263720 31.374882 10.111162  1.626978  2.737528 21.284020 31.375626 10.091602  1.626975  2.737420 21.252550 31.365552 10.113006  1.626843  2.738638 21.227850 31.372861 10.145013  1.626966  2.737952 20.834220
[47] 31.277667 10.443446  1.635589  2.736786 20.868170 31.149131 10.280957  1.625208  2.756028 21.075810 31.364958 10.289143  1.625042  2.766239

$Refset$penalty
 [1] 0 0 0 0 0 0 0 0 0 0 0 0


