$f
 [1] 2650.262 2332.762 2192.017 1979.476 1917.547 1898.925 1841.339 1696.946 1653.691 1538.227 1406.745 1399.760 1398.365 1390.955 1318.569 1309.061 1298.273 1292.247 1290.101 1287.161 1285.583 1281.806 1281.587 1281.491 1281.411 1281.326
[27] 1281.142 1277.102 1275.981 1272.344 1272.049 1271.587 1271.253 1270.394 1270.389 1270.049 1270.043 1269.694 1269.660 1269.306 1269.097 1268.755 1268.417 1268.078 1268.066 1268.066

$x
          [,1]     [,2]      [,3]     [,4]     [,5]     [,6]     [,7]     [,8]     [,9]    [,10]
 [1,] 12.65057 194.4364 0.6610650 25.76231 286.4425 44.41683 37.19748 2.103100 4.632518 2.269745
 [2,] 25.94613 100.0000 1.0000000 24.76434 286.8198 39.87122 24.14791 3.717297 2.176480 2.534349
 [3,] 25.94613 100.0000 0.9887500 20.63934 286.8198 39.87122 24.79791 3.717297 2.500000 2.724349
 [4,] 21.85650 146.9753 0.9756835 18.39377 286.7914 43.29362 25.54070 3.492841 4.496943 2.273493
 [5,] 22.41074 135.3644 0.7972982 19.14172 286.6111 42.70288 25.19979 3.666292 3.108786 2.316113
 [6,] 15.06147 199.2167 0.8244841 19.01896 285.9548 41.26172 24.95813 6.290307 4.097858 1.974319
 [7,] 21.94448 136.1624 0.8026818 17.95573 286.8034 43.31600 25.65226 3.604983 6.557207 2.328503
 [8,] 20.39110 135.5265 0.9957077 18.56249 286.8034 43.31600 25.65226 3.604983 7.269707 2.328503
 [9,] 13.29626 177.8044 0.6586497 22.32073 285.3985 38.57145 24.29977 6.665713 4.391628 2.076626
[10,] 13.21131 193.4181 0.7800302 23.11412 285.5916 38.55937 24.28249 6.758834 4.150110 1.861541
[11,] 13.10194 193.4181 0.7828427 22.92662 285.5916 38.55937 24.44499 6.758834 4.150110 1.873416
[12,] 13.20145 193.5994 0.7414052 22.98617 285.5859 38.53510 24.43947 6.763019 4.058948 1.868711
[13,] 13.20145 193.5994 0.7189052 22.98617 285.5859 38.53510 24.43947 6.763019 4.021448 1.868711
[14,] 13.04252 187.8339 0.7485186 23.67413 285.4871 37.59790 24.85267 6.694093 4.488047 1.984993
[15,] 12.57833 194.9050 0.6015040 23.66241 285.4871 37.57290 24.85267 6.694093 4.497930 1.983509
[16,] 13.13244 201.7332 0.7433351 22.94843 285.4962 37.66592 24.77376 6.700798 3.979404 1.972022
[17,] 13.13244 201.7332 0.7798811 22.94843 285.4962 37.66592 24.77376 6.700798 4.004404 1.974253
[18,] 13.01225 194.9962 0.7048514 22.39530 285.4979 37.82121 24.78189 6.706629 4.893971 1.981522
[19,] 12.98758 196.7414 0.7147033 22.34306 285.4991 37.82078 24.78972 6.706241 4.881359 1.982614
[20,] 12.95681 195.7174 0.7111572 22.36950 285.4980 37.82338 24.77891 6.706967 4.946311 1.979554
[21,] 12.98408 194.3944 0.6796102 22.38386 285.4971 37.82199 24.77797 6.707040 4.937229 1.981505
[22,] 12.96580 194.3589 0.6740023 22.39044 285.4966 37.82210 24.77338 6.707477 4.953920 1.980930
[23,] 12.96363 194.3959 0.6742519 22.38969 285.4973 37.82214 24.77441 6.707367 4.956834 1.981043
[24,] 12.95580 194.4836 0.6772616 22.38835 285.4969 37.82178 24.77374 6.707472 4.963039 1.980756
[25,] 12.95682 194.5196 0.6782550 22.38754 285.4969 37.82181 24.77386 6.707472 4.960554 1.980722
[26,] 12.96042 194.2947 0.6767298 22.38823 285.4972 37.82212 24.77525 6.707443 4.966120 1.980898
[27,] 12.95591 194.3208 0.6755417 22.39389 285.4968 37.82165 24.77291 6.707556 4.965182 1.980836
[28,] 12.93751 194.0920 0.6757040 22.38856 285.5195 37.90110 24.92622 6.707444 4.979280 1.971240
[29,] 12.95607 194.6958 0.6772325 22.38848 285.5017 37.83001 24.81470 6.707160 4.942341 1.975392
[30,] 12.95384 194.4995 0.6755286 22.38932 285.5044 37.83991 24.83123 6.707332 4.950546 1.974879
[31,] 12.95500 194.3929 0.6754981 22.39204 285.5019 37.83767 24.81063 6.707516 4.960162 1.977888
[32,] 12.95424 194.5352 0.6762652 22.39144 285.5064 37.82748 24.85509 6.707557 4.950426 1.973904
[33,] 12.95471 194.4454 0.6754912 22.39178 285.5039 37.83455 24.83454 6.707525 4.958869 1.977387
[34,] 12.95436 194.4011 0.6765647 22.39134 285.5040 37.83812 24.83259 6.708108 4.959110 1.976866
[35,] 12.95417 194.4017 0.6765501 22.39136 285.5033 37.83926 24.83086 6.708357 4.958325 1.976678
[36,] 12.95450 194.4040 0.6760276 22.39132 285.5046 37.83762 24.83178 6.707895 4.960246 1.977203
[37,] 12.95379 194.4204 0.6765021 22.39150 285.5027 37.83869 24.83041 6.708295 4.958361 1.976835
[38,] 12.95287 194.4355 0.6764754 22.39310 285.5032 37.83796 24.83186 6.708302 4.958257 1.976975
[39,] 12.91684 195.3686 0.6771452 22.39306 285.5049 37.83749 24.84274 6.708274 4.960511 1.973563
[40,] 12.91684 195.3686 0.6771452 22.39379 285.5049 37.83749 24.84274 6.708274 4.960511 1.974305
[41,] 12.91109 195.4950 0.6771530 22.39339 285.5050 37.83729 24.84439 6.708257 4.960791 1.973638
[42,] 12.91109 195.5146 0.6771530 22.39339 285.5050 37.83729 24.84439 6.708257 4.960791 1.973638
[43,] 12.90995 195.5586 0.6771264 22.39312 285.5046 37.83764 24.84063 6.708233 4.959919 1.974773
[44,] 12.90989 195.5733 0.6771298 22.39307 285.5043 37.83776 24.83750 6.708221 4.959670 1.975447
[45,] 12.91055 195.6314 0.6773057 22.39009 285.5033 37.83866 24.83123 6.708209 4.959633 1.977115
[46,] 12.91055 195.6314 0.6773057 22.39009 285.5033 37.83866 24.83123 6.708209 4.959633 1.977115

$time
elapsed elapsed elapsed elapsed elapsed elapsed elapsed elapsed elapsed elapsed elapsed elapsed elapsed elapsed elapsed elapsed elapsed elapsed elapsed elapsed elapsed elapsed elapsed elapsed elapsed elapsed elapsed elapsed elapsed elapsed 
   3.09    9.06   13.18   23.14   38.18   47.34   61.43   67.78   98.23  117.70  121.62  548.51  551.43  667.76  673.53  872.56  876.14  994.50 1050.22 1058.04 1067.42 1072.86 1144.04 1148.81 1176.45 1218.59 1232.92 1304.28 1316.28 1321.83 
elapsed elapsed elapsed elapsed elapsed elapsed elapsed elapsed elapsed elapsed elapsed elapsed elapsed elapsed elapsed elapsed 
1332.18 1347.39 1352.40 1362.20 1384.00 1389.53 1414.68 1534.59 1639.87 1642.61 1707.42 1709.97 1744.14 1749.73 1782.25 1795.15 

$neval
 [1]   106   254   374   656  1075  1343  1755  1922  2739  3286  3381 15344 15427 18689 18854 24451 24554 27826 29400 29606 29881 30019 31998 32132 32896 34059 34466 36425 36766 36904 37179 37591 37731 38014 38631 38771 39449 42829 45915
[40] 45994 47775 47848 48806 48942 49834 50111

$fbest
[1] 1268.066

$xbest
 [1]  12.9105523 195.6313908   0.6773057  22.3900889 285.5032977  37.8386620  24.8312290   6.7082093   4.9596327   1.9771153

$numeval
[1] 50111

$end_crit
[1] 1

$cpu_time
elapsed 
1795.15 

$Refset
$Refset$x
            [,1]       [,2]       [,3]        [,4]        [,5]        [,6]        [,7]        [,8]        [,9]      [,10]
 [1,]   1.000000 12.9105500 195.631391   0.6773057  22.3900890 285.5032980  37.8386600  24.8312290   6.7082090   4.959633
 [2,]   1.977115  2.0000000  12.909890 195.5732560   0.6771298  22.3930710 285.5042860  37.8377600  24.8375030   6.708221
 [3,]   4.959670  1.9754470   3.000000  12.9106700 195.5060700   0.6772057  22.3915100 285.5042910  37.8379000  24.835965
 [4,]   6.708237  4.9638800   1.975713   4.0000000  12.9071800 195.6381130   0.6771174  22.3928810 285.5040860  37.837980
 [5,]  24.837192  6.7082360   4.960253   1.9770810   5.0000000  12.9143000 195.4411910   0.6775701  22.3887280 285.504578
 [6,]  37.838040 24.8382100   6.708215   4.9658200   1.9761650   6.0000000  12.9102500 195.5820860   0.6771792  22.391505
 [7,] 285.503606 37.8374100  24.838543   6.7082320   4.9604700   1.9757700   7.0000000  12.9110900   0.6771530 285.504958
 [8,]  24.844391  4.9607910  12.911090   0.6771530 285.5049580  24.8443910   4.9607910   8.0000000 195.5145800  22.393389
 [9,]  37.837292  6.7082570   1.973638 195.5145800  22.3933890  37.8372920   6.7082570   1.9736380   9.0000000  12.910010
[10,] 195.516894  0.6773149  22.392143 285.5043870  37.8377600  24.8380820   6.7082180   4.9629420   1.9761880  12.903460
[11,] 195.263152  0.6747789  22.403874 285.5149370  37.8332200  24.8703080   6.7071400   4.9600730   1.9836540  12.915260
[12,] 204.095691  0.6273367  21.811664 285.4929740  37.7063400  24.8038120   6.6921960   4.9444550   2.0247420  12.638560

$Refset$f
 [1] 1268.066 1268.078 1268.078 1268.078 1268.405 1268.078 1268.755 1268.755 1268.759 1362.910 1456.411 1559.670

$Refset$fpen
 [1] 1268.066 1268.078 1268.078 1268.078 1268.405 1268.078 1268.755 1268.755 1268.759 1362.910 1456.411 1559.670

$Refset$const
 [1] 17.430460 31.040367 13.609911  1.636266  2.350871 17.433400 31.040330 13.606929  1.636186  2.351528 17.427630 31.036120 13.608490  1.636181  2.351420 17.432630 31.039747 13.607119  1.636204  2.351457 17.422910 31.034180 13.611272
[24]  1.636158  2.351621 17.431030 31.039530 13.608495  1.636257  2.351475 17.432600 13.606611  2.352143 31.039209  1.636138 31.039210  1.636138 17.432598 13.606611  2.352143 17.429200 31.037058 13.607857  1.636177  2.351586 17.443800
[47] 31.039927 13.596126  1.635212  2.356078 16.867210 31.055545 14.188336  1.637467  2.352756 17.428030 30.967826 13.539799  1.641028  2.363245

$Refset$penalty
 [1] 0 0 0 0 0 0 0 0 0 0 0 0


