$f
 [1] 1327.1997 1107.8281 1095.9219  915.3906  855.2882  762.4444  757.5712  717.3247  674.3090  666.9583  627.7292  530.0799  502.0278  494.9219  464.4861  462.5990  419.2101  418.9549  416.7951  416.5260  416.4462  415.9253  415.0938
[24]  414.5990  414.2135  414.1250  414.0677  413.9045  408.2378  400.5816  398.7014  396.4705  396.2882  391.5017  389.3073  376.6302  375.3229  368.3385  368.1753  361.7083  357.7552  356.4323  346.7257  345.9844  345.7517  344.9306
[47]  344.7951  344.5087  344.4618  344.4618

$x
           [,1]     [,2]      [,3]     [,4]     [,5]     [,6]     [,7]     [,8]     [,9]    [,10]
 [1,] 19.921557 128.4585 0.6756713 22.92418 286.8361 43.09620 26.20401 8.403978 4.538860 1.544589
 [2,]  9.612113 304.1463 0.4413743 22.66056 286.5924 47.82572 33.95971 6.573067 6.604201 3.954542
 [3,]  9.612113 304.4588 0.3956712 22.66056 286.5924 47.82572 33.95971 6.573067 6.616701 3.954542
 [4,] 14.905655 134.0911 0.4694300 25.25726 286.8251 47.71318 26.16570 7.857232 8.731182 2.573774
 [5,] 14.569494 155.2764 0.3166521 23.97707 286.6009 45.83139 33.62213 7.669797 7.521378 2.764040
 [6,] 15.744645 207.0769 0.5810130 20.73333 286.2994 45.04952 25.55511 7.404795 7.612991 1.920192
 [7,] 16.242310 142.6461 0.4343833 23.69612 286.5589 47.18648 28.40831 7.901361 7.814751 2.687198
 [8,] 15.305583 121.9290 0.4195085 25.00398 286.6148 48.00000 24.48059 8.229468 7.923605 2.019874
 [9,] 15.305583 121.7728 0.2395085 25.00398 286.6154 48.00000 24.47806 8.229468 7.923605 2.019874
[10,] 14.990934 209.3368 0.4469297 21.73202 286.4296 44.55369 27.12423 7.332397 7.418093 1.845326
[11,] 15.130978 209.6154 0.4473552 21.89626 286.4427 44.20659 27.17931 7.326724 7.370908 1.845343
[12,] 15.082840 209.6630 0.4470443 21.89423 286.4216 44.13460 27.20454 7.326246 7.317951 1.845351
[13,] 15.082840 209.6630 0.4922201 21.51630 286.4216 44.13460 27.20454 7.326246 7.317951 1.845351
[14,] 17.072372 223.1318 0.4533245 20.01875 286.4123 44.19183 27.23688 7.320501 6.495201 1.931207
[15,] 16.851919 223.1318 0.3633245 20.18538 286.4123 44.19183 27.15817 7.320501 6.420616 1.931207
[16,] 14.849994 217.8047 0.3539536 21.89996 286.3924 44.19439 26.95050 7.330202 6.473816 1.900899
[17,] 15.068744 218.0257 0.2143859 21.71560 286.3924 44.19439 26.95050 7.330202 6.482171 1.893781
[18,] 15.193612 216.0273 0.2276640 21.78402 286.3971 44.19064 26.95016 7.327830 6.523154 1.895381
[19,] 15.193612 216.0273 0.2276640 21.78402 286.3971 44.19064 26.99078 7.327928 6.535654 1.895381
[20,] 15.217645 216.2148 0.2311475 21.77953 286.3968 44.18520 26.95813 7.328292 6.513107 1.895144
[21,] 15.202569 216.6315 0.2318405 21.78635 286.3967 44.18949 26.96385 7.327821 6.514444 1.895699
[22,] 15.202005 216.9869 0.2338312 21.79004 286.3972 44.18810 26.97242 7.327909 6.500078 1.895727
[23,] 15.197791 217.3164 0.2326734 21.79392 286.3974 44.18824 26.97517 7.327698 6.487309 1.895840
[24,] 15.234872 217.0657 0.2320504 21.76743 286.3979 44.19029 26.98623 7.327997 6.491712 1.895607
[25,] 15.215956 217.0015 0.2330412 21.78114 286.3970 44.19063 26.97359 7.328124 6.498664 1.895479
[26,] 15.217211 217.0398 0.2329476 21.77980 286.3969 44.19062 26.96985 7.328228 6.496851 1.895423
[27,] 15.224267 217.9693 0.2290203 21.70877 286.3921 44.18784 26.95064 7.329234 6.497728 1.895410
[28,] 15.222742 216.9201 0.2326860 21.77573 286.3963 44.18901 27.03516 7.328364 6.499547 1.894567
[29,] 15.569613 215.0757 0.2183865 21.48822 286.3942 44.17966 26.99379 7.335127 6.481937 1.894618
[30,] 15.569613 214.9194 0.2183865 21.48822 286.3942 44.18904 27.03441 7.335127 6.475687 1.894618
[31,] 15.643669 212.2847 0.2228212 21.57802 286.3957 44.19590 27.03568 7.329698 6.472530 1.895022
[32,] 15.643669 212.2066 0.2228212 21.57802 286.3954 44.20215 26.99506 7.329698 6.472530 1.895022
[33,] 15.659869 214.9204 0.2146403 21.41290 286.3943 44.19223 27.00525 7.330088 6.479909 1.894823
[34,] 15.869780 213.9389 0.2002915 21.24936 286.3941 44.20144 26.99045 7.330653 6.464123 1.895192
[35,] 16.085382 212.8189 0.1950665 21.10568 286.3937 44.20526 26.98620 7.331051 6.457758 1.895047
[36,] 16.717899 211.4528 0.1730419 20.65345 286.3932 44.22536 26.95957 7.332711 6.455008 1.895131
[37,] 17.353475 207.3586 0.1623322 20.14512 286.3931 44.24943 26.89177 7.334000 6.426930 1.895550
[38,] 17.045962 211.6282 0.1583177 20.36637 286.3932 44.20447 26.92789 7.329005 6.461652 1.895768
[39,] 16.960918 211.6632 0.1521267 20.38300 286.3930 44.20451 26.91114 7.328977 6.461579 1.896227
[40,] 16.960918 212.1052 0.1521267 20.38300 286.3947 44.20451 26.99239 7.328977 6.486579 1.896227
[41,] 18.134094 207.4951 0.1224824 19.91810 286.3931 44.24179 26.83154 7.330327 6.456701 1.896127
[42,] 18.023750 208.3500 0.1213969 19.91580 286.3931 44.24310 26.79800 7.330355 6.457825 1.895845
[43,] 18.947980 209.1749 0.1153386 18.99877 286.3941 44.22684 26.92954 7.330550 6.438507 1.895158
[44,] 18.947980 209.1749 0.1150749 18.99877 286.3941 44.22684 26.92954 7.330550 6.447882 1.895158
[45,] 18.825791 209.3302 0.1166566 19.06783 286.3931 44.21745 26.90911 7.331112 6.440364 1.894437
[46,] 18.825791 209.2912 0.1166566 19.06783 286.3931 44.21745 26.90911 7.331112 6.443489 1.894437
[47,] 18.910479 208.6702 0.1149215 19.04967 286.3915 44.21380 26.88295 7.332334 6.440046 1.893197
[48,] 18.910479 208.6507 0.1149215 19.04967 286.3915 44.21380 26.88295 7.332334 6.440046 1.893197
[49,] 18.740251 209.6783 0.1179578 19.09110 286.3920 44.22357 26.90690 7.330655 6.443590 1.894956
[50,] 18.740251 209.6783 0.1179578 19.09110 286.3920 44.22357 26.90690 7.330655 6.443590 1.894956

$time
elapsed elapsed elapsed elapsed elapsed elapsed elapsed elapsed elapsed elapsed elapsed elapsed elapsed elapsed elapsed elapsed elapsed elapsed elapsed elapsed elapsed elapsed elapsed elapsed elapsed elapsed elapsed elapsed elapsed elapsed 
   2.04    5.36    7.53   11.62   18.29   28.20   34.51   38.44   43.94   56.36   66.73   73.34   78.54  321.12  324.36  431.95  436.26  472.59  475.33  491.89  495.22  498.61  501.94  540.11  548.42  565.81  594.53  861.50  940.87  943.12 
elapsed elapsed elapsed elapsed elapsed elapsed elapsed elapsed elapsed elapsed elapsed elapsed elapsed elapsed elapsed elapsed elapsed elapsed elapsed elapsed 
 962.79  978.54  990.95  994.20  997.47 1001.48 1004.79 1008.15 1011.40 1014.31 1027.42 1033.86 1047.54 1049.53 1089.56 1091.39 1113.19 1128.06 1203.70 1224.14 

$neval
 [1]   106   255   346   488   769  1180  1447  1582  1812  2350  2760  3039  3262 13198 13331 17771 17950 19481 19566 20263 20400 20542 20681 22232 22582 23277 24443 35294 38551 38643 39455 40098 40644 40787 40927 41071 41211 41349 41489
[40] 41580 42131 42404 42958 43042 44693 44771 45609 46223 49340 50098

$fbest
[1] 344.4618

$xbest
 [1]  18.7402511 209.6783302   0.1179578  19.0911016 286.3920115  44.2235729  26.9069016   7.3306552   6.4435898   1.8949558

$numeval
[1] 50098

$end_crit
[1] 1

$cpu_time
elapsed 
1224.14 

$Refset
$Refset$x
             [,1]        [,2]       [,3]        [,4]        [,5]        [,6]        [,7]        [,8]        [,9]       [,10]
 [1,]   1.0000000  18.7402500 209.678300   0.1179578  19.0911000 286.3920000  44.2235700  26.9069000   7.3306550   6.4435900
 [2,]   1.8949560   2.0000000  18.773640 209.5912000   0.1174473  19.0906400 286.3926000  44.2210700  26.8897600   7.3308600
 [3,]   6.4430930   1.8952110   3.000000  18.7341300 209.8587000   0.1178858  19.0962900 286.3925000  44.2215800  26.9053100
 [4,]   7.3304510   6.4369930   1.894981   4.0000000  18.7385400 209.6864000   0.1178354  19.0947300 286.3922000  44.2235200
 [5,]  26.9067000   7.3305620   6.443475   1.8949570   5.0000000  18.7323600 209.9009000   0.1179114  19.0934900 286.3927000
 [6,]  44.2216600  26.9050500   7.330464   6.4385780   1.8953240   6.0000000  18.7397400 209.7312000   0.1176799  19.0952900
 [7,] 286.3922000  44.2209800  26.909570   7.3306600   6.4411370   1.8945050   7.0000000  18.7299800 209.9597000   0.1179216
 [8,]  19.0939100 286.3927000  44.221000  26.9048800   7.3300200   6.4383640   1.8964710   8.0000000  18.7387600 209.9420000
 [9,]   0.1176097  19.0979300 286.392500  44.2223300  26.9092100   7.3305250   6.4294770   1.8946970   9.0000000  18.8006400
[10,] 209.2923000   0.1164964  19.072480 286.3923000  44.2180600  26.9047000   7.3318300   6.4418680   1.8937590  18.7404000
[11,] 209.7379000   0.1179194  19.088030 286.3923000  44.2236800  26.9063900   7.3306550   6.4436360   1.8949570  18.7501900
[12,] 209.5407000   0.1232476  19.044430 286.3926000  44.2733800  26.9859600   7.3505220   6.3786150   1.8982120  18.7041100

$Refset$f
 [1] 344.4618 344.6597 344.7066 344.7066 344.7066 344.7066 344.7066 344.7934 344.8194 344.4618 388.6007 395.0521

$Refset$fpen
 [1] 344.4618 344.6597 344.7066 344.7066 344.7066 344.7066 344.7066 344.7934 344.8194 344.4618 388.6007 395.0521

$Refset$const
 [1] 12.647510 29.556410 16.908900  1.547349  2.454761 12.647540 29.556910 16.909360  1.547303  2.454028 12.659300 29.563010 16.903710  1.547298  2.454901 12.651260 29.556520 16.905270  1.547332  2.454807 12.654910 29.561420 16.906510
[24]  1.547278  2.454948 12.654150 29.558860 16.904710  1.547322  2.455086 12.655540 29.561640 16.906090  1.547286  2.454937 12.668450 29.570520 16.902070  1.547294  2.455108 12.630620 29.558130 16.927520  1.547319  2.454921 12.644400
[47] 29.556360 16.911970  1.547320  2.454821 12.665820 29.621380 16.955570  1.547242  2.457842 12.141890 28.965820 16.823920  1.541622  2.495263

$Refset$penalty
 [1] 0 0 0 0 0 0 0 0 0 0 0 0


