$f
 [1] 2825.1771 1405.9618 1278.7951 1133.1892 1116.1319 1074.7292 1022.8819  942.0052  926.8924  914.4826  863.6667  845.1580  726.2969  721.2517  720.2743  720.1094  719.6892  719.2049  719.1319  718.2153  717.8108  716.4566  716.2153
[24]  707.9913  706.9375  706.5035  706.4115  706.3611  706.2118  706.1840  706.1337  701.6111  686.6285  677.8872  647.4687  647.0573  642.9878  642.6476  636.9878  635.9375  635.9375

$x
          [,1]     [,2]      [,3]     [,4]     [,5]     [,6]     [,7]     [,8]     [,9]    [,10]
 [1,] 15.17133 330.3100 0.9388648 20.85673 285.7252 34.53464 25.37117 3.382644 5.252550 3.623042
 [2,] 12.17391 184.1090 0.5986817 21.98619 286.3095 33.42106 27.40131 6.162125 8.938653 3.238200
 [3,] 12.17391 184.1090 0.5232267 21.23723 286.2035 33.42106 26.48207 6.153286 8.938653 3.439726
 [4,] 16.29025 256.7092 0.4355243 18.20460 285.9413 34.09376 25.76369 6.059801 6.493782 2.952087
 [5,] 16.63715 223.7377 0.6415925 19.15075 286.0710 33.84935 26.58765 6.090221 6.343968 3.009389
 [6,] 12.00195 238.9220 0.3996898 20.05169 285.8193 40.76615 25.45805 6.077456 6.553436 3.190782
 [7,] 15.01243 245.0414 0.4284423 19.24867 285.9017 34.01893 25.68139 6.100998 6.489584 3.043541
 [8,] 16.05623 180.9157 0.1132609 18.97261 285.9982 35.50930 33.01872 5.772881 6.891903 3.093789
 [9,] 16.05623 180.9157 0.1132609 18.97261 285.9982 35.70930 33.01872 5.772881 6.891903 3.093789
[10,] 15.45055 232.0067 0.2525224 18.81427 285.8463 33.49553 24.59223 6.367618 6.774557 2.821543
[11,] 15.35484 232.0067 0.1372068 18.81427 285.8463 33.44902 24.59223 6.381595 6.732625 2.821543
[12,] 15.28966 234.2581 0.3265202 19.02049 285.9383 33.98411 24.63799 6.358654 6.672054 3.002202
[13,] 15.41274 226.7272 0.1711300 19.02049 285.9558 33.98411 24.51609 6.358654 6.647054 3.002202
[14,] 13.58125 231.7704 0.2859805 19.88455 286.0033 34.04527 24.58840 6.361108 7.086116 3.025186
[15,] 13.58125 231.4579 0.2859805 19.88455 286.0033 34.04527 24.58840 6.361108 7.082991 3.022217
[16,] 13.61029 235.4707 0.2915344 19.46088 285.9846 34.09056 24.45055 6.350043 7.279280 3.140001
[17,] 13.77204 233.5774 0.2909060 19.46920 285.9874 34.09470 24.45170 6.358521 7.279473 3.091323
[18,] 13.82191 232.3643 0.2858029 19.44085 285.9850 34.09601 24.45559 6.358080 7.297003 3.091034
[19,] 13.85835 230.2443 0.2805598 19.44906 285.9854 34.10239 24.43219 6.359437 7.310618 3.089763
[20,] 13.87667 230.2481 0.2809737 19.46122 285.9832 34.10168 24.44231 6.359733 7.309785 3.099739
[21,] 13.87667 230.2481 0.2809737 19.46122 285.9832 34.10168 24.48294 6.359733 7.309785 3.099739
[22,] 14.09548 224.4054 0.2571864 19.39742 285.9853 34.12143 24.44625 6.363565 7.353202 3.066525
[23,] 14.09548 224.4054 0.2571864 19.39742 285.9853 34.12143 24.40562 6.363565 7.353202 3.066525
[24,] 14.07525 224.3785 0.2524511 19.39438 285.9824 34.13138 24.44626 6.364194 7.359068 3.066769
[25,] 14.07525 224.3785 0.2524511 19.39438 285.9824 34.13138 24.44626 6.364194 7.362193 3.066769
[26,] 14.14466 222.2828 0.2489758 19.47035 285.9895 34.13963 24.45890 6.363275 7.343200 3.067886
[27,] 14.12422 223.5836 0.2480492 19.43187 285.9903 34.14054 24.44034 6.363441 7.332932 3.069811
[28,] 14.12173 223.9044 0.2478615 19.42481 285.9893 34.14545 24.44506 6.362894 7.329066 3.068888
[29,] 14.11251 224.5506 0.2483846 19.40523 285.9889 34.13522 24.44567 6.362468 7.326115 3.075089
[30,] 14.13066 223.7229 0.2472334 19.40299 285.9891 34.14667 24.44675 6.363251 7.345258 3.069286
[31,] 14.11668 224.2117 0.2479973 19.41437 285.9872 34.14279 24.44495 6.363135 7.326853 3.070817
[32,] 14.55210 220.5807 0.2474545 19.31496 286.0905 34.19816 24.44045 6.341396 7.564158 3.065346
[33,] 14.55210 220.5807 0.2474545 19.31496 286.0905 34.09816 24.44045 6.341396 7.564158 3.068315
[34,] 15.23029 204.8050 0.2469807 19.26960 286.1100 34.19346 24.43602 6.336262 7.938040 3.064063
[35,] 15.23029 204.8050 0.2582307 19.26960 286.1106 34.19346 24.41571 6.336262 7.969290 3.081875
[36,] 15.18124 209.9026 0.2653792 19.79561 286.0961 34.11372 24.44030 6.337297 7.422981 3.071538
[37,] 15.01882 207.5966 0.2633854 19.76926 286.0943 34.08707 24.46020 6.350867 7.419223 3.067939
[38,] 15.01882 207.5966 0.2633414 19.76926 286.0943 34.08707 24.46020 6.350867 7.422348 3.067939
[39,] 15.09066 210.0297 0.2668367 19.90078 286.0950 34.08856 24.45947 6.338767 7.403951 3.128714
[40,] 15.08040 210.1860 0.2668367 19.90078 286.0950 34.08856 24.45947 6.338767 7.403951 3.128714
[41,] 15.08040 210.1860 0.2668367 19.90078 286.0950 34.08856 24.45947 6.338767 7.403951 3.128714

$time
elapsed elapsed elapsed elapsed elapsed elapsed elapsed elapsed elapsed elapsed elapsed elapsed elapsed elapsed elapsed elapsed elapsed elapsed elapsed elapsed elapsed elapsed elapsed elapsed elapsed elapsed elapsed elapsed elapsed elapsed 
   2.89    6.44    8.89   12.09   18.26   21.42   24.47   27.51   42.14   85.61   88.97  122.45  125.47  250.83  252.78  305.67  322.14  332.06  335.09  338.70  340.36  395.20  396.89  412.15  428.64  524.92  569.06  586.00  612.40  628.78 
elapsed elapsed elapsed elapsed elapsed elapsed elapsed elapsed elapsed elapsed elapsed 
 659.06  776.25  777.97  793.75  812.06  920.29  943.33  954.92 1047.69 1049.45 1147.76 

$neval
 [1]   106   255   369   512   789   929  1064  1198  1818  3686  3831  5311  5446 10876 10962 13283 14040 14452 14587 14724 14797 17383 17457 18127 18875 23107 25049 25790 26944 27622 28939 33989 34068 34750 35546 40251 41268 41753 45749
[40] 45829 50098

$fbest
[1] 635.9375

$xbest
 [1]  15.0804048 210.1859886   0.2668367  19.9007785 286.0950137  34.0885641  24.4594685   6.3387668   7.4039514   3.1287141

$numeval
[1] 50098

$end_crit
[1] 1

$cpu_time
elapsed 
1147.76 

$Refset
$Refset$x
             [,1]        [,2]       [,3]        [,4]        [,5]        [,6]        [,7]        [,8]        [,9]       [,10]
 [1,]   1.0000000  15.1129800 209.447500   0.2640025  19.7981300 286.0967000  34.0978900  24.4620500   6.3397980   7.4617410
 [2,]   3.0663240   2.0000000  15.113190 209.5084000   0.2638688  19.7971900 286.0967000  34.0962000  24.4636500   6.3396850
 [3,]   7.4609530   3.0664120   3.000000  15.1131800 209.5252000   0.2639707  19.7956400 286.0968000  34.0960500  24.4637100
 [4,]   6.3396890   7.4608610   3.066599   4.0000000  15.1131400 209.4848000   0.2639523  19.7972400 286.0967000  34.0975900
 [5,]  24.4631200   6.3396440   7.461245   3.0663660   5.0000000  15.1134400 209.4783000   0.2640092  19.7977700 286.0967000
 [6,]  34.0977200  24.4623200   6.339776   7.4614410   3.0663640   6.0000000  15.1143300 209.6449000   0.2640104  19.7955700
 [7,] 286.0968000  34.0978100  24.463210   6.3396140   7.4551060   3.0668590   7.0000000  15.1144100 209.6289000   0.2637257
 [8,]  19.7955000 286.0969000  34.095870  24.4630900   6.3396240   7.4551990   3.0670130   8.0000000  15.1261100 209.5299000
 [9,]   0.2644133  19.7968100 286.096300  34.0942200  24.4672400   6.3394230   7.4540350   3.0665060   9.0000000  15.1267000
[10,] 209.5589000   0.2643524  19.795860 286.0968000  34.0934700  24.4632200   6.3396620   7.4532430   3.0666700  15.1205500
[11,] 209.4504000   0.2640963  19.796790 286.0968000  34.0972300  24.4629000   6.3396490   7.4567580   3.0665590  15.1149600
[12,] 209.5204000   0.2638847  19.796420 286.0967000  34.0962300  24.4639300   6.3396830   7.4596460   3.0660260  15.1413600

$Refset$f
 [1] 644.4757 644.4757 644.4757 644.4757 644.4757 644.9010 644.9010 645.0556 645.0556 645.1615 645.1649 756.2778

$Refset$fpen
 [1] 644.4757 644.4757 644.4757 644.4757 644.4757 644.9010 644.9010 645.0556 645.0556 645.1615 645.1649 756.2778

$Refset$const
 [1] 12.336390 28.538260 16.201870  1.572320  2.669392 12.336240 28.539050 16.202810  1.572309  2.669653 12.334780 28.539140 16.204360  1.572304  2.669679 12.335990 28.538750 16.202760  1.572310  2.669524 12.336330 28.538560 16.202230
[24]  1.572317  2.669432 12.340460 28.544890 16.204430  1.572304  2.669536 12.340300 28.544800 16.204500  1.572294  2.669666 12.342780 28.545970 16.203190  1.572350  2.669958 12.342610 28.546760 16.204140  1.572302  2.669799 12.340030
[47] 28.543240 16.203210  1.572305  2.669542 12.336780 28.540350 16.203580  1.572312  2.669667 12.447280 28.650040 16.202750  1.560876  2.653482

$Refset$penalty
 [1] 0 0 0 0 0 0 0 0 0 0 0 0


