$f
 [1] 2163.3906 1328.7413 1026.2049 1023.1372 1019.1493  945.8715  940.8767  888.9115  880.0035  866.9566  861.9097  841.6528  836.9688  836.0139  834.5938  804.3125  781.4878  766.6927  764.7934  761.2135  752.1615  739.2882  738.6076
[24]  737.7448  737.2378  735.6424  735.3924  731.9132  730.4028  727.9983  722.2691  722.1215  721.5625  721.1493  720.3611  717.7986  714.9549  714.8021  714.3906  714.2378  714.2326  713.9358  713.8646  713.2951  713.2205  712.9132
[47]  712.6545  711.3056  710.9201  710.7865

$x
          [,1]     [,2]      [,3]     [,4]     [,5]     [,6]     [,7]     [,8]     [,9]    [,10]
 [1,] 16.17314 150.1528 0.3843696 25.36341 284.5123 37.67537 26.94808 3.078951 5.541658 3.448574
 [2,] 14.99552 206.2205 0.1740329 24.25044 285.7263 41.71749 27.43695 6.361356 4.211859 1.625626
 [3,] 14.99552 176.7725 0.1726157 25.37252 285.7263 41.71749 27.43695 6.261356 4.237840 1.529886
 [4,] 15.79050 155.6639 0.1482833 27.69320 286.1267 43.69713 30.68239 6.817195 3.704654 1.736374
 [5,] 15.85823 141.8268 0.1540772 27.64310 286.1757 44.75112 29.74562 6.819337 3.768397 1.774924
 [6,] 14.98323 141.8268 0.1137894 28.39310 286.1757 44.75112 29.74562 6.819337 4.368397 1.774924
 [7,] 13.43363 227.1317 0.2159513 23.85919 286.2697 41.85150 31.67319 6.717979 4.175144 1.867544
 [8,] 13.43363 247.1317 0.3073575 23.85919 286.2697 41.85150 31.67319 6.717198 4.225144 1.867544
 [9,] 13.43602 229.8708 0.2168610 23.78623 286.2602 41.86227 31.32745 6.752766 4.224792 1.863128
[10,] 13.43602 229.8708 0.1941852 23.78623 286.2620 41.88727 31.30714 6.752766 4.237292 1.863128
[11,] 12.78423 251.8169 0.2377013 23.51742 286.2006 42.16290 31.69629 6.771350 4.270668 1.829843
[12,] 12.75689 251.8169 0.2602013 23.51742 286.2006 42.16603 31.69629 6.771350 4.264418 1.829843
[13,] 12.93231 247.2074 0.2335851 23.53989 286.1791 42.19961 31.26060 6.773658 4.257148 1.825652
[14,] 12.93231 247.2074 0.2335851 23.53989 286.1791 42.19961 31.26060 6.773658 4.254023 1.825652
[15,] 12.88445 251.6929 0.2482564 23.56001 286.1919 42.18350 31.30549 6.772669 4.263312 1.743216
[16,] 12.88445 251.6929 0.3396627 23.56001 286.1919 42.18350 31.30549 6.772669 4.176594 1.743216
[17,] 12.96644 249.1606 0.1910625 23.30882 286.1912 42.54072 31.35798 6.808695 3.845509 1.732298
[18,] 13.18519 246.2187 0.1765175 23.30882 286.1780 42.54072 31.35798 6.808142 3.836670 1.729329
[19,] 12.89431 243.4259 0.2797798 23.53251 286.1846 42.56198 31.34244 6.806546 4.205782 1.730889
[20,] 12.92563 245.4563 0.2893448 23.52118 286.1817 42.56031 31.35157 6.809532 4.185724 1.726191
[21,] 12.92563 246.0910 0.2471573 23.52118 286.1817 42.56031 31.35157 6.809532 4.223224 1.726191
[22,] 12.99753 243.9605 0.2692906 23.56582 286.1875 42.53096 31.34663 6.798803 4.263286 1.729639
[23,] 12.95197 243.9413 0.2654524 23.63020 286.1891 42.53365 31.34605 6.799946 4.237308 1.729282
[24,] 12.98913 243.9311 0.2715734 23.56482 286.1876 42.53240 31.33490 6.800537 4.250983 1.732910
[25,] 12.90475 244.0712 0.2661805 23.62769 286.1884 42.53443 31.34597 6.800232 4.267528 1.729302
[26,] 12.98981 244.0804 0.2836143 23.56787 286.1876 42.53184 31.33625 6.800351 4.266726 1.733409
[27,] 12.99053 245.2145 0.2943543 23.59768 286.1887 42.53252 31.34040 6.800964 4.374331 1.733039
[28,] 12.91842 246.4183 0.2835617 23.51961 286.1779 42.58501 31.35096 6.814316 4.191559 1.728705
[29,] 12.91842 246.4183 0.2835617 23.70711 286.1779 42.58501 31.35096 6.814316 4.191559 1.728705
[30,] 13.05931 248.4854 0.3340927 23.60535 286.1839 42.54388 31.34174 6.803861 4.344184 1.728127
[31,] 13.05931 248.2511 0.3347958 23.60535 286.1839 42.54388 31.30111 6.803861 4.344184 1.728127
[32,] 12.97695 244.7444 0.3088954 23.56096 286.1870 42.53720 31.32572 6.800430 4.435011 1.732412
[33,] 12.97695 244.7444 0.3088954 23.56096 286.1870 42.53720 31.32572 6.800430 4.435011 1.733155
[34,] 13.02192 243.4387 0.3086284 23.56883 286.1875 42.53069 31.32745 6.800294 4.438308 1.733079
[35,] 12.96628 245.1872 0.3072794 23.57964 286.1840 42.53624 31.33602 6.801128 4.407278 1.732827
[36,] 12.98282 245.1272 0.3138199 23.57688 286.1821 42.52716 31.32328 6.801186 4.452677 1.733957
[37,] 12.95383 245.1685 0.3126100 23.57532 286.1790 42.52539 31.32143 6.801172 4.450451 1.734406
[38,] 12.94281 246.9230 0.3185471 23.58308 286.1753 42.52763 31.32672 6.802090 4.386658 1.733692
[39,] 12.92875 246.9096 0.3143323 23.58174 286.1755 42.52723 31.33665 6.801766 4.399336 1.733072
[40,] 12.93322 246.4252 0.3144767 23.57993 286.1759 42.52538 31.34226 6.801724 4.415214 1.731562
[41,] 12.93594 246.2134 0.3140970 23.58593 286.1759 42.52413 31.33635 6.801617 4.419251 1.733392
[42,] 12.92737 246.1686 0.3143155 23.57370 286.1762 42.52807 31.33731 6.801541 4.435089 1.732057
[43,] 12.92350 245.9969 0.3143170 23.57119 286.1762 42.52915 31.33380 6.801554 4.447005 1.732120
[44,] 12.93836 246.1554 0.3164666 23.51595 286.1764 42.52911 31.33640 6.801696 4.479791 1.732104
[45,] 12.94091 246.1793 0.3180846 23.48999 286.1764 42.52923 31.34033 6.801670 4.499175 1.732004
[46,] 12.93053 246.6333 0.3221558 23.46554 286.1764 42.52706 31.34204 6.801656 4.526297 1.731721
[47,] 12.77848 245.7009 0.3185040 23.58363 286.1789 42.51505 31.35195 6.799387 4.628860 1.733017
[48,] 12.78067 245.6663 0.3203250 23.58278 286.1795 42.50967 31.35509 6.798598 4.631390 1.733262
[49,] 12.78067 245.6663 0.3202810 23.58278 286.1795 42.50967 31.35509 6.798598 4.634515 1.733262
[50,] 12.78067 245.6858 0.3202810 23.58278 286.1795 42.50967 31.35509 6.798598 4.634515 1.733262

$time
elapsed elapsed elapsed elapsed elapsed elapsed elapsed elapsed elapsed elapsed elapsed elapsed elapsed elapsed elapsed elapsed elapsed elapsed elapsed elapsed elapsed elapsed elapsed elapsed elapsed elapsed elapsed elapsed elapsed elapsed 
   2.48    9.23   12.41   36.98   47.36   49.77   95.28   97.33  150.59  152.75  197.75  199.61  242.13  243.69  313.63  316.25  500.13  503.48  530.16  534.39  536.81  542.81  545.81  549.23  552.27  555.00  560.61  563.50  568.00  583.44 
elapsed elapsed elapsed elapsed elapsed elapsed elapsed elapsed elapsed elapsed elapsed elapsed elapsed elapsed elapsed elapsed elapsed elapsed elapsed elapsed 
 599.77  711.75  713.30  719.05  722.64  725.39  728.70  754.44  774.80  854.02  879.27  882.09  903.84  906.58  924.22  930.02  933.13  938.91  950.39 1163.52 

$neval
 [1]   106   260   388  1371  1772  1875  3878  3974  6420  6523  8404  8493 10505 10579 13160 13258 20307 20433 21662 21801 21902 22184 22325 22459 22596 22731 23001 23137 23344 24023 24786 29838 29911 30184 30321 30456 30595 31757 32708
[40] 36355 37520 37657 38670 38804 39550 39820 39959 40233 40721 50117

$fbest
[1] 710.7865

$xbest
 [1]  12.780672 245.685818   0.320281  23.582784 286.179514  42.509669  31.355086   6.798598   4.634515   1.733262

$numeval
[1] 50117

$end_crit
[1] 1

$cpu_time
elapsed 
1163.52 

$Refset
$Refset$x
             [,1]        [,2]       [,3]        [,4]        [,5]        [,6]        [,7]        [,8]        [,9]       [,10]
 [1,]   1.0000000  12.8824800 245.896300   0.3197904  23.5454700 286.1770000  42.5273700  31.3393500   6.8014150   4.5209350
 [2,]   1.7326030   2.0000000  12.881800 245.8717000   0.3199992  23.5362000 286.1766000  42.5147900  31.3454700   6.8009270
 [3,]   4.5313780   1.7320760   3.000000  12.8824900 245.9053000   0.3211445  23.5371000 286.1765000  42.5277200  31.3436100
 [4,]   6.8013400   4.5298650   1.732272   4.0000000  12.8830200 245.8959000   0.3210734  23.5438700 286.1766000  42.5290000
 [5,]  31.3440800   6.8017150   4.523128   1.7323940   5.0000000  12.8836300 245.9214000   0.3206114  23.5437600 286.1766000
 [6,]  42.5284700  31.3414400   6.801499   4.5210590   1.7327220   6.0000000  12.8849600 245.9104000   0.3198467  23.5344100
 [7,] 286.1764000  42.5153800  31.341470   6.8012870   4.5266170   1.7322130   7.0000000  12.8815500 245.8495000   0.3228877
 [8,]  23.5526800 286.1765000  42.523350  31.3415200   6.8010060   4.5332090   1.7325100   8.0000000  12.8715700 245.8890000
 [9,]   0.3232126  23.5708200 286.176400  42.5229600  31.3411100   6.8017860   4.5239420   1.7323890   9.0000000  12.8843700
[10,] 245.9128000   0.3215790  23.547150 286.1768000  42.5226700  31.3437500   6.8011550   4.5246470   1.7321500  12.8835900
[11,] 245.9027000   0.3207542  23.538430 286.1762000  42.5211200  31.3414700   6.8010710   4.5292160   1.7323590  12.8859000
[12,] 245.8089000   0.3203369  23.544260 286.1765000  42.5280800  31.3407700   6.8018780   4.5212450   1.7327260  12.5612100

$Refset$f
 [1]  711.7708  711.8767  711.8767  712.0226  712.0226  712.0226  712.2830  712.3542  712.4028  712.4028  712.0226 1250.0938

$Refset$fpen
 [1]  711.7708  711.8767  711.8767  712.0226  712.0226  712.0226  712.2830  712.3542  712.4028  712.4028  712.0226 1250.0938

$Refset$const
 [1] 19.024540 31.479070 12.454530  1.561032  2.755739 19.004830 31.468620 12.463800  1.561036  2.756771 19.007240 31.470140 12.462900  1.561077  2.755884 19.020740 31.476870 12.456130  1.561073  2.755862 19.022700 31.478940 12.456240
[24]  1.561080  2.755693 19.007800 31.473380 12.465590  1.561074  2.756364 19.019470 31.466790 12.447320  1.561074  2.755970 19.046880 31.476060 12.429180  1.561090  2.755917 19.022510 31.475350 12.452850  1.561034  2.756266 19.009220
[47] 31.470780 12.461570  1.561108  2.755984 19.023020 31.478750 12.455740  1.561084  2.755654 18.161560 31.063220 12.901670  1.522964  2.969616

$Refset$penalty
 [1] 0 0 0 0 0 0 0 0 0 0 0 0


