$f
 [1] 1100.5868  923.3194  842.0747  806.6615  786.2622  731.7882  709.6406  627.5191  606.5990  571.6719  536.4861  531.4792  501.6892  486.2118  463.6944  459.6944  449.3160  446.7344  442.5955  440.3958  436.7760  435.2274  432.8993
[24]  431.3576  431.2882  431.2639  431.2257  430.9774  430.8160  430.5694  430.5330  430.2656  430.2292  429.8351  429.1406  428.7274  428.5729  428.1701  427.4601  427.4583  427.3507  427.3507

$x
          [,1]     [,2]      [,3]     [,4]     [,5]     [,6]     [,7]      [,8]     [,9]    [,10]
 [1,] 22.91999 424.6231 0.7087567 19.54007 286.0880 37.49224 25.78586  4.777496 3.459668 1.816555
 [2,] 21.26024 456.5538 0.7906887 18.43954 286.0833 40.67261 26.15837  4.715205 2.934196 1.773695
 [3,] 19.51024 454.7541 1.0000000 18.43954 286.0833 40.67897 26.15837  4.715205 4.336173 1.860146
 [4,] 18.60608 468.8997 0.9657515 18.14024 286.4755 42.51562 26.20572  4.723715 4.308712 1.550217
 [5,] 18.42458 444.6581 0.8824918 18.70416 286.4802 36.52505 26.20645  6.325825 5.085194 1.462077
 [6,] 18.47477 269.9157 0.1290868 22.63091 286.4984 40.36969 25.56224  9.915296 3.923188 3.619764
 [7,] 18.23980 275.0770 0.2178686 23.61706 286.5020 43.34950 24.36358  7.779375 3.877571 3.311758
 [8,] 18.54835 268.6247 0.1674871 22.25780 286.5002 42.29220 25.07704 10.000000 3.903301 3.515546
 [9,] 18.54835 268.6247 0.1477996 22.21092 286.5002 42.29220 24.91454 10.000000 3.953301 3.515546
[10,] 18.53338 404.8633 0.7458985 18.59280 286.6109 43.98597 26.76919  5.804804 4.941903 1.508734
[11,] 18.60248 403.7774 0.6224102 18.81586 286.6090 44.03478 26.57954  5.863501 4.510476 1.470358
[12,] 18.52607 405.3140 0.7197707 18.64979 286.6107 43.97386 26.80209  5.850978 5.105216 1.516560
[13,] 18.52607 405.3140 1.0000000 18.66151 286.6107 43.97386 26.80209  5.850978 5.055216 1.516560
[14,] 18.97449 360.6017 0.1716445 17.75015 286.7170 44.21838 29.19511  5.843475 4.745163 1.457172
[15,] 18.97449 358.6690 0.1382407 17.75319 286.7170 44.21838 29.47823  5.843475 4.745163 1.457172
[16,] 18.96813 369.2342 0.1782352 17.63615 286.7207 44.20947 29.54264  5.837963 4.744657 1.455103
[17,] 18.96813 369.3123 0.2007352 17.63615 286.7207 44.20947 29.54264  5.837963 4.744657 1.455103
[18,] 18.86419 364.8151 0.1692528 17.50997 286.7186 44.26611 29.48409  5.855083 4.982612 1.464366
[19,] 18.89775 364.9326 0.1652341 17.33493 286.7182 44.25846 29.49028  5.855101 5.018287 1.463971
[20,] 18.89344 365.4528 0.1556528 17.07084 286.7181 44.27043 29.48836  5.855100 5.144030 1.462514
[21,] 18.89765 362.5751 0.1429548 17.17719 286.7200 44.26534 29.49942  5.855173 5.134270 1.461162
[22,] 18.88618 361.3444 0.1362053 16.81755 286.7170 44.26665 29.47687  5.854216 5.393380 1.465607
[23,] 18.94630 361.4143 0.1421482 17.28616 286.7195 44.27777 29.47134  5.855557 5.015945 1.467619
[24,] 18.94630 361.3752 0.1421482 17.28616 286.7195 44.27777 29.47134  5.855557 5.022195 1.467619
[25,] 18.94322 361.5687 0.1422474 17.31845 286.7175 44.27273 29.47729  5.855292 4.991044 1.466228
[26,] 18.94518 361.5903 0.1419973 17.32289 286.7176 44.27267 29.48362  5.854739 4.988676 1.465244
[27,] 18.92167 361.2442 0.1428214 17.38087 286.7197 44.27201 29.47751  5.856029 4.962138 1.466632
[28,] 18.89673 361.5502 0.1402775 17.40329 286.7201 44.28145 29.47628  5.857013 4.962633 1.465110
[29,] 18.89673 361.5502 0.1402775 17.40347 286.7201 44.28145 29.47628  5.857013 4.962633 1.465110
[30,] 18.91879 361.3632 0.1406354 17.39224 286.7201 44.27404 29.47771  5.856379 4.953051 1.466419
[31,] 18.91727 361.3813 0.1409077 17.39287 286.7200 44.27166 29.47769  5.856031 4.953012 1.467098
[32,] 18.92127 361.3426 0.1434210 17.37058 286.7192 44.27184 29.47547  5.856382 4.979457 1.467413
[33,] 18.92409 361.3025 0.1433512 17.35935 286.7193 44.27055 29.47534  5.856968 4.985381 1.467290
[34,] 18.91068 361.1081 0.1411545 17.36791 286.7093 44.26794 29.39025  5.850072 4.975162 1.467231
[35,] 18.91409 361.1081 0.1411545 17.36791 286.7093 44.26794 29.39025  5.850072 4.975162 1.467231
[36,] 18.92905 361.0807 0.1429966 17.36983 286.7040 44.26449 29.36263  5.849946 4.972269 1.467739
[37,] 18.90607 359.8501 0.1424286 17.48858 286.7051 44.26582 29.38251  5.851010 4.952188 1.467329
[38,] 18.90286 359.4073 0.1422274 17.50544 286.7061 44.27058 29.37556  5.851119 4.960552 1.467346
[39,] 18.90352 359.3545 0.1422290 17.50521 286.7059 44.27067 29.37193  5.851139 4.960744 1.467279
[40,] 18.90412 360.8664 0.1422413 17.43661 286.7059 44.27174 29.37003  5.851493 4.962457 1.466554
[41,] 18.90610 360.4558 0.1421834 17.45246 286.7059 44.27187 29.36849  5.851239 4.963928 1.466639
[42,] 18.90610 360.4558 0.1421834 17.45246 286.7059 44.27187 29.36849  5.851239 4.963928 1.466639

$time
elapsed elapsed elapsed elapsed elapsed elapsed elapsed elapsed elapsed elapsed elapsed elapsed elapsed elapsed elapsed elapsed elapsed elapsed elapsed elapsed elapsed elapsed elapsed elapsed elapsed elapsed elapsed elapsed elapsed elapsed 
   1.82    4.74    7.80   17.07   19.91   22.74   25.97   34.10   38.80   54.94   57.93   61.27   68.54  143.86  146.19  230.97  232.64  238.13  240.96  243.57  252.68  255.29  260.69  262.32  277.27  282.69  290.75  324.63  325.99  334.30 
elapsed elapsed elapsed elapsed elapsed elapsed elapsed elapsed elapsed elapsed elapsed elapsed 
 337.00  356.82  468.88  599.39  600.93  670.47  689.96  697.68  728.57  806.89  813.04 1039.38 

$neval
 [1]   106   262   414   836   977  1112  1250  1653  1885  2695  2831  2968  3324  6971  7084 11142 11221 11494 11632 11767 12179 12315 12592 12670 13352 13620 14023 15620 15693 16106 16244 17265 22688 28838 28911 32252 33273 33676 35234
[40] 38894 39232 50056

$fbest
[1] 427.3507

$xbest
 [1]  18.9060997 360.4557520   0.1421834  17.4524558 286.7058809  44.2718698  29.3684896   5.8512391   4.9639278   1.4666390

$numeval
[1] 50056

$end_crit
[1] 1

$cpu_time
elapsed 
1039.38 

$Refset
$Refset$x
             [,1]        [,2]       [,3]        [,4]        [,5]       [,6]        [,7]        [,8]        [,9]      [,10]
 [1,]   1.0000000  18.9035200 359.407400   0.1423844  17.5047900 286.705400  44.2699900  29.3505000   5.8507380   4.960688
 [2,]   1.4668890   2.0000000  18.903430 359.3654000   0.1424884  17.507380 286.7057000  44.2703700  29.3681100   5.850767
 [3,]   4.9596690   1.4668780   3.000000  18.9028800 359.4177000   0.142346  17.5071100 286.7062000  44.2707500  29.373020
 [4,]   5.8508270   4.9592760   1.466894   4.0000000  18.9026200 359.339000   0.1423072  17.5126900 286.7055000  44.272580
 [5,]  29.3691000   5.8507610   4.957877   1.4669660   5.0000000  18.904970 359.3930000   0.1423018  17.5078900 286.705800
 [6,]  44.2707200  29.3690300   5.850826   4.9570000   1.4668430   6.000000  18.9042000 359.3867000   0.1423729  17.505620
 [7,] 286.7060000  44.2716200  29.365740   5.8507690   4.9596190   1.466862   7.0000000  18.9021800 358.8534000   0.142533
 [8,]  17.5308400 286.7058000  44.273870  29.3683000   5.8506970   4.960693   1.4671570   8.0000000  18.9452500 359.170600
 [9,]   0.1545041  17.5058000 286.706500  44.2693000  29.3707700   5.850301   4.9574950   1.4669580   9.0000000  16.928970
[10,] 336.2502000   0.1690277  18.539350 286.6365000  43.8677400  31.082760   7.3617570   4.7376780   1.5689570  18.949880
[11,] 357.3845000   0.1381609  17.477890 286.6984000  44.2575600  29.211560   5.8468580   4.9606220   1.5193690  20.611380
[12,] 359.5424000   0.1549342  15.829320 286.6833000  44.2744100  28.697790   5.8360880   4.9790070   1.9316420  13.381220

$Refset$f
 [1]  427.4601  427.4601  427.4601  427.4601  427.4601  427.4601  428.0729  434.7292  529.0642  512.7795  740.0365 1238.2153

$Refset$fpen
 [1]  427.4601  427.4601  427.4601  427.4601  427.4601  427.4601  428.0729  434.7292  529.0642  512.7795  740.0365 1238.2153

$Refset$const
 [1] 12.544110 31.039310 18.495206  1.509459  2.719111 12.547710 31.040330 18.492622  1.509375  2.720409 12.547830 31.040720 18.492895  1.509297  2.720959 12.554810 31.042120 18.487312  1.509392  2.720322 12.550890 31.043000 18.492106
[24]  1.509360  2.720506 12.546000 31.040380 18.494381  1.509345  2.720335 12.570150 31.039310 18.469158  1.509364  2.720325 12.548310 31.042500 18.494196  1.509271  2.720976 13.801670 31.262320 17.460647  1.510782  2.834194 12.517270
[47] 31.039380 18.522106  1.510623  2.707425 10.850320 31.020990 20.170676  1.513763  2.666288 21.172440 31.138590  9.966154  1.557333  2.690515

$Refset$penalty
 [1] 0 0 0 0 0 0 0 0 0 0 0 0


