$f
 [1] 2533.0833 1297.3368 1155.3420 1149.6181 1144.2066 1100.1840 1069.8403 1043.3715  916.1111  687.1667  646.2431  643.9688  616.1250  592.7587  592.7587

$x
           [,1]     [,2]      [,3]     [,4]     [,5]     [,6]     [,7]     [,8]     [,9]    [,10]
 [1,]  9.348091 353.0367 0.5050893 15.55620 285.6751 36.57899 32.75274 8.774024 3.329996 2.689713
 [2,]  9.666635 182.5259 0.5256026 20.11290 285.5527 44.09396 24.00000 5.991469 8.191433 5.000000
 [3,]  9.666635 182.5259 0.5256026 20.11290 285.4777 44.09396 24.00000 5.991469 8.178933 4.976250
 [4,]  9.666635 182.5259 0.5256026 20.11290 285.4651 44.09396 24.00000 5.991469 8.177244 4.968454
 [5,]  9.675010 182.4409 0.5229848 20.07732 285.4650 44.05992 24.00000 5.996906 8.176834 4.930274
 [6,] 11.168268 169.0157 0.5174625 17.93574 285.4663 43.95784 24.58439 7.060177 8.922150 3.939117
 [7,]  9.724682 185.1319 0.4772147 18.89704 285.4790 45.49741 25.33669 6.360749 8.271319 4.746224
 [8,]  9.724682 185.1319 0.4322147 18.89411 285.4790 45.29741 25.33669 6.360749 8.271319 4.752161
 [9,]  7.118315 144.7288 0.5019620 18.96502 285.5201 43.05815 26.76794 8.569554 8.729336 1.695670
[10,]  7.118315 144.7288 0.5568057 18.91815 285.5014 43.05926 26.93044 8.644554 8.610586 1.645202
[11,]  7.878946 148.8552 0.5310817 19.00785 285.5317 42.78609 26.88756 8.532814 8.866223 2.297925
[12,]  7.851602 148.8552 0.5085817 19.00785 285.5317 42.78609 26.88756 8.532814 8.878723 2.297925
[13,]  6.249008 158.3285 0.4692105 19.54324 284.4708 45.38852 30.25033 6.824900 7.535012 2.663462
[14,]  6.249008 158.3285 0.4463589 19.54324 284.4708 45.38227 30.26049 6.824900 7.525637 2.663462
[15,]  6.249008 158.3285 0.4463589 19.54324 284.4708 45.38227 30.26049 6.824900 7.525637 2.663462

$time
elapsed elapsed elapsed elapsed elapsed elapsed elapsed elapsed elapsed elapsed elapsed elapsed elapsed elapsed elapsed 
   3.08    6.67    8.78   15.55   26.11   30.09   42.72   44.80   99.31  103.45  199.33  201.31  920.42  922.84 1227.44 

$neval
 [1]   106   262   350   644  1067  1206  1747  1836  4108  4254  8293  8377 37886 37989 50126

$fbest
[1] 592.7587

$xbest
 [1]   6.2490076 158.3285173   0.4463589  19.5432352 284.4707534  45.3822726  30.2604900   6.8249000   7.5256371   2.6634618

$numeval
[1] 50126

$end_crit
[1] 1

$cpu_time
elapsed 
1227.44 

$Refset
$Refset$x
             [,1]        [,2]       [,3]        [,4]        [,5]        [,6]        [,7]        [,8]        [,9]       [,10]
 [1,]   1.0000000   7.2814080 157.346400   0.4712699  20.3994500 284.5266000  47.9968200  24.7395400   6.8022100   7.4910810
 [2,]   2.9874510   2.0000000   7.284520 157.1925000   0.4708457  20.4400700 284.5303000  47.9893400  24.7386400   6.8016820
 [3,]   7.4709500   2.9854290   3.000000   7.2828140 157.2768000   0.4712022  20.4032200 284.5280000  47.9845600  24.7419800
 [4,]   6.8025030   7.4879570   2.984015   4.0000000   7.2735400 157.3706000   0.4700555  20.4030700 284.5256000  47.9917500
 [5,]  24.7262900   6.8012340   7.488042   2.9912260   5.0000000   7.2743570 157.3370000   0.4707036  20.3972200 284.5258000
 [6,]  47.9908500  24.7296100   6.801111   7.4939120   2.9911590   6.0000000   7.2738390 157.3567000   0.4705755  20.3992700
 [7,] 284.5262000  47.9936200  24.730660   6.8015950   7.4914600   2.9896180   7.0000000   7.2821810 157.3010000   0.4709266
 [8,]  20.4003200 284.5268000  47.994760  24.7400100   6.8020120   7.4904450   2.9866770   8.0000000   7.2822240 157.3101000
 [9,]   0.4710407  20.3991600 284.527500  47.9961100  24.7398000   6.8019110   7.4929090   2.9870870   9.0000000   7.2835010
[10,] 157.2509000   0.4709169  20.405450 284.5279000  47.9865100  24.7411100   6.8023580   7.4868850   2.9851450   7.2823140
[11,] 157.3443000   0.4709168  20.401910 284.5273000  47.9957900  24.7394400   6.8019880   7.4903810   2.9873330   7.2903990
[12,] 157.3271000   0.4703808  20.403320 284.5282000  47.9914200  24.7370600   6.8006760   7.4826660   2.9902450   7.2819540

$Refset$f
 [1] 704.7135 705.1823 705.3420 705.4601 705.4601 704.6250 704.7014 705.0313 705.3420 705.0208 704.8594 704.8455

$Refset$fpen
 [1] 704.7135 705.1823 705.3420 705.4601 705.4601 704.6250 704.7014 705.0313 705.3420 705.0208 704.8594 704.8455

$Refset$const
 [1] 12.908370 28.508920 15.600550  1.664900  1.910610 12.969120 28.529050 15.559930  1.664739  1.911051 12.915260 28.512040 15.596780  1.664935  1.911074 12.915030 28.511960 15.596930  1.664825  1.910101 12.903310 28.506090 15.602780
[24]  1.664858  1.910271 12.907810 28.508540 15.600730  1.664832  1.910292 12.909880 28.509560 15.599680  1.664910  1.910685 12.906260 28.507090 15.600840  1.664860  1.910712 12.918570 28.513110 15.594550  1.664914  1.910998 12.911530
[47] 28.509620 15.598090  1.664869  1.910686 12.920650 28.517330 15.596680  1.664820  1.910760 12.903570 28.507300 15.603730  1.664845  1.910619

$Refset$penalty
 [1] 0 0 0 0 0 0 0 0 0 0 0 0


