$f
 [1] 2104.9931 1410.6424 1217.7517 1140.5816 1064.5729 1012.6667  849.4844  778.1944  728.9965  647.4566  640.1024  606.7622  598.8976  577.2830  571.0781  559.6684  546.1389  529.9184  529.4497  527.6146  517.7917  509.7361  503.3958
[24]  502.7292  498.1094  493.9878  492.7101  491.5434  489.3437  487.5694  484.9288  484.6701  484.6372  484.6372

$x
          [,1]     [,2]      [,3]     [,4]     [,5]     [,6]     [,7]     [,8]     [,9]    [,10]
 [1,] 17.61702 434.9005 0.4746703 15.99801 285.8131 35.36432 33.26560 8.528301 3.867931 3.036467
 [2,] 15.02992 324.6564 0.1332339 16.11236 286.2293 43.49290 24.19852 7.413504 9.568148 4.524504
 [3,] 17.51846 296.3721 0.1003516 16.11236 286.1671 43.49290 24.00000 7.413504 9.568148 4.524504
 [4,] 16.25522 297.0258 0.1000000 15.98403 286.7046 48.00000 24.00493 7.358356 9.733479 4.991657
 [5,] 10.49490 460.8525 0.5840937 25.17509 286.7311 47.79843 24.79640 7.379529 2.228606 1.851286
 [6,] 23.60733 173.9673 0.2514362 25.43942 286.4093 33.16898 24.34168 6.758515 6.152322 1.724168
 [7,] 10.64147 473.7001 0.9928533 25.21280 286.6937 46.35251 30.00346 7.504506 2.060213 2.360748
 [8,] 18.80662 413.0589 0.3258307 22.13897 286.6673 38.28958 24.65451 6.426343 2.724642 1.780453
 [9,] 19.35184 383.9514 0.4950770 19.87547 286.5813 38.68990 24.15706 6.966251 4.939889 1.757909
[10,] 19.35184 380.1593 0.5864620 19.85131 286.5813 38.67863 24.09675 6.790481 5.391428 1.759439
[11,] 16.25162 411.4007 0.7602376 22.24575 286.6525 45.19295 24.52081 7.552394 2.204086 1.788739
[12,] 16.25162 410.7757 0.8052376 22.24575 286.6150 45.19295 24.19581 7.552394 2.204086 1.788739
[13,] 16.93556 405.9836 0.7591604 22.34623 286.6559 45.15380 24.95977 7.426316 2.282087 1.986547
[14,] 16.69506 400.1601 0.9121834 22.24059 286.6648 44.90755 24.54988 7.502018 2.236047 1.941372
[15,] 16.54862 401.5455 0.9128644 22.47739 286.6639 44.91964 24.54425 7.501511 2.238456 1.956267
[16,] 16.54862 401.5455 0.9634894 22.47739 286.6639 44.91964 24.70675 7.501511 2.188456 1.955896
[17,] 16.59981 406.6753 0.9721121 22.27818 286.6769 45.13703 24.46053 7.458654 2.189423 1.772596
[18,] 16.59981 406.6753 0.9721121 22.29576 286.6769 45.13703 24.41482 7.458654 2.228486 1.772596
[19,] 16.71283 411.2451 0.9729889 22.04555 286.6800 45.15851 24.35303 7.459698 2.185640 1.771321
[20,] 16.71283 411.2451 0.9954889 22.04555 286.6800 45.15851 24.35303 7.459698 2.198140 1.771321
[21,] 16.65974 422.5964 0.9669169 21.95082 286.6655 45.49024 24.34437 7.461435 2.267096 1.895453
[22,] 16.65974 401.9714 0.9943750 21.95082 286.6655 45.49024 24.34437 7.461435 2.317096 1.895453
[23,] 16.57676 420.3309 0.9696561 21.77597 286.6680 45.50170 24.35405 7.461773 2.287407 1.892429
[24,] 16.57676 420.3309 0.9696561 21.77597 286.6680 45.50170 24.35405 7.461773 2.293657 1.892429
[25,] 16.70443 416.4858 0.9859528 21.94130 286.6648 45.41629 24.29056 7.452799 2.256047 1.942252
[26,] 16.65629 415.8992 0.9908127 21.95818 286.6634 45.42157 24.25535 7.454361 2.253052 1.937933
[27,] 16.65629 415.8992 0.9996484 21.95818 286.6634 45.42157 24.25535 7.454361 2.246802 1.937933
[28,] 16.70426 409.8964 0.9598217 22.04990 286.6676 45.53947 24.22166 7.460844 2.285932 1.902028
[29,] 16.70426 409.8964 1.0000000 22.04990 286.6676 45.53947 24.22166 7.460844 2.323432 1.902028
[30,] 16.72760 408.5609 0.9648965 22.04990 286.6474 45.47342 24.22764 7.460157 2.323958 1.909196
[31,] 16.72589 408.5218 1.0000000 22.04843 286.6474 45.47342 24.22764 7.460157 2.348566 1.909196
[32,] 16.76438 408.0704 0.9722910 22.01002 286.6702 45.53828 24.10000 7.460938 2.267725 1.902802
[33,] 16.76438 408.0704 0.9722910 22.01021 286.6702 45.53828 24.10000 7.460938 2.267725 1.902802
[34,] 16.76438 408.0704 0.9722910 22.01021 286.6702 45.53828 24.10000 7.460938 2.267725 1.902802

$time
elapsed elapsed elapsed elapsed elapsed elapsed elapsed elapsed elapsed elapsed elapsed elapsed elapsed elapsed elapsed elapsed elapsed elapsed elapsed elapsed elapsed elapsed elapsed elapsed elapsed elapsed elapsed elapsed elapsed elapsed 
   1.69    5.04    7.80   11.57   15.68   18.97   22.72   35.91   39.21   46.99   93.44   95.60  115.35  121.89  128.11  130.69  232.50  235.13  366.79  368.79  497.57  499.68  589.38  591.21  600.89  603.85  625.36  715.47  717.52  820.25 
elapsed elapsed elapsed elapsed 
 823.68 1015.11 1016.86 1269.32 

$neval
 [1]   106   261   379   526   666   806   949  1497  1633  1923  3800  3890  4704  4977  5251  5354  9417  9518 14698 14777 19781 19877 23407 23480 23883 24018 24904 28572 28654 32572 32686 40157 40230 50136

$fbest
[1] 484.6372

$xbest
 [1]  16.764384 408.070387   0.972291  22.010206 286.670193  45.538283  24.100005   7.460938   2.267725   1.902802

$numeval
[1] 50136

$end_crit
[1] 1

$cpu_time
elapsed 
1269.32 

$Refset
$Refset$x
            [,1]        [,2]       [,3]        [,4]        [,5]        [,6]        [,7]        [,8]        [,9]       [,10]
 [1,]   1.000000  16.7706600 409.888800   0.9784814  22.0049000 286.6716000  45.5434600  24.2112500   7.4608520   2.2539810
 [2,]   1.900399   2.0000000  16.746470 409.6713000   0.9824251  22.0122900 286.6715000  45.5384100  24.2061600   7.4607230
 [3,]   2.295188   1.9001970   3.000000  16.7622000 409.6888000   0.9796445  22.0141600 286.6717000  45.5445200  24.2051400
 [4,]   7.460801   2.2663730   1.900302   4.0000000  16.7941300 409.9353000   0.9622375  21.9897300 286.6713000  45.5430100
 [5,]  24.203090   7.4608340   2.252510   1.9001510   5.0000000  16.7734700 409.6424000   0.9703484  22.0008200 286.6715000
 [6,]  45.543170  24.2093600   7.460739   2.2726720   1.9001950   6.0000000  16.7582000 409.8616000   0.9784398  22.0066000
 [7,] 286.671600  45.5425600  24.207980   7.4608050   2.2705800   1.9003770   7.0000000  16.7699100 409.3107000   0.9756237
 [8,]  22.011990 286.6696000  45.545840  24.2051700   7.4608740   2.2650120   1.9020340   8.0000000  16.7625000 409.1311000
 [9,]   0.945414  21.9980300 286.644600  45.4791900  24.2024000   7.4610420   2.2813510   1.9099310   9.0000000  16.7913200
[10,] 409.384500   0.9751761  21.994540 286.6688000  45.5420300  24.2079100   7.4622440   2.2842760   1.9028430  16.7242500
[11,] 410.254000   0.9775115  21.996180 286.6623000  45.5244400  24.2113000   7.4615760   2.3016590   1.9009810  17.0123200
[12,] 408.728800   0.9880811  21.919990 286.6725000  45.5485400  24.4480500   7.4601010   2.2663010   1.8994290  16.6278900

$Refset$f
 [1] 485.6771 485.8194 486.2344 486.3003 486.7396 486.7361 488.0590 488.8073 495.2361 495.7726 541.4253 684.2292

$Refset$fpen
 [1] 485.6771 485.8194 486.2344 486.3003 486.7396 486.7361 488.0590 488.8073 495.2361 495.7726 541.4253 684.2292

$Refset$const
 [1] 19.750920 33.746020 13.995100  1.523960  2.349531 19.717100 33.704810 13.987710  1.523975  2.349351 19.747780 33.733630 13.985840  1.523957  2.349198 19.737220 33.747490 14.010270  1.523996  2.348993 19.728150 33.727330 13.999180
[24]  1.523971  2.349403 19.736020 33.729420 13.993400  1.523966  2.349364 19.746980 33.734990 13.988010  1.524146  2.348467 19.716670 33.718650 14.001970  1.526339  2.342111 19.710270 33.715720 14.005460  1.524215  2.348459 19.694520
[47] 33.698340 14.003820  1.524776  2.347052 19.653680 33.733700 14.080010  1.523709  2.362481 19.847630 33.763690 13.916060  1.526762  2.367065

$Refset$penalty
 [1] 0 0 0 0 0 0 0 0 0 0 0 0


