$f
 [1] 2289.2847  960.8420  583.7274  512.0156  453.8767  357.8524  355.2066  318.7187  261.0556  245.4236  243.2743  237.4132  233.9167  194.4549  189.3264  178.0851  177.7639  177.6632  177.5885  176.8594  176.5052  176.3785  175.7639
[24]  172.5729  170.7830  170.3698  169.8889  168.9410  168.8073  168.8021  168.7726  168.7726

$x
          [,1]     [,2]      [,3]     [,4]     [,5]     [,6]     [,7]     [,8]     [,9]    [,10]
 [1,] 14.55775 157.4848 0.1931474 18.81228 285.1953 43.49706 29.97353 3.354114 9.294091 1.677915
 [2,] 19.30220 152.1455 0.9232444 24.54929 285.3523 37.70258 25.86818 5.409617 7.236167 3.717976
 [3,] 19.30220 157.1455 0.9550000 24.54929 285.5023 38.20258 25.21818 5.909617 7.236167 3.622976
 [4,] 25.85617 100.0000 1.0000000 26.13145 286.6090 37.28497 26.32491 6.314877 6.516426 3.548140
 [5,] 27.31655 100.5951 1.0000000 27.29753 286.6781 35.48435 26.21191 7.053822 6.303653 3.538988
 [6,] 27.02962 108.2129 0.2291257 24.08129 286.6714 37.94000 26.16786 6.476690 6.978643 3.643451
 [7,] 27.00149 114.8121 0.1000000 23.48160 286.7116 37.71257 26.16891 6.474901 7.239744 3.639389
 [8,] 26.42035 136.5247 0.9608887 23.54916 286.5068 35.82156 25.96697 6.515985 6.352586 2.750155
 [9,] 24.70601 100.0000 0.2529762 26.80175 286.7004 37.97447 24.87919 6.407581 6.200864 2.271476
[10,] 24.70601 100.0000 0.2529762 27.55175 286.7004 37.97447 24.87919 6.407581 6.188364 2.283351
[11,] 25.00786 105.9706 0.6616589 25.75179 286.5666 36.66309 25.85093 6.601802 6.385669 2.232144
[12,] 24.91073 100.2253 0.3958539 25.68434 286.5883 36.87412 25.65867 6.611042 6.686313 2.218645
[13,] 24.85366 100.3964 0.4157663 25.69053 286.5958 36.91299 25.66541 6.615765 6.688078 2.217860
[14,] 24.85366 100.3964 0.2364694 25.71397 286.5958 36.91299 25.66541 6.615765 6.663078 2.217860
[15,] 23.87217 116.4279 0.2556777 24.99030 286.5803 36.88020 25.78665 6.638669 6.712551 2.420687
[16,] 24.20029 116.4279 0.2830996 24.99030 286.5803 36.88020 25.74603 6.638669 6.687551 2.414749
[17,] 24.43912 127.1449 0.2520194 24.42900 286.5765 36.41249 26.16347 6.614439 6.271311 2.404039
[18,] 24.43912 127.1449 0.2520194 24.42900 286.5765 36.41249 26.16347 6.614439 6.271311 2.403297
[19,] 24.50511 128.8444 0.2441738 24.30868 286.5759 36.39449 26.24133 6.611944 6.207965 2.400828
[20,] 24.47131 125.7049 0.2421726 24.43073 286.5768 36.40603 26.18618 6.615759 6.332419 2.399217
[21,] 24.47131 125.7049 0.2421726 24.42853 286.5768 36.40603 26.18618 6.615759 6.329294 2.399217
[22,] 24.50252 128.9956 0.2334374 24.30544 286.5750 36.38437 26.23706 6.612455 6.218605 2.415374
[23,] 24.50252 128.9956 0.2334374 24.30544 286.5750 36.38437 26.23706 6.612455 6.215480 2.415374
[24,] 24.47368 134.6811 0.2505849 24.34585 286.5780 36.39560 26.23920 6.615531 5.905160 2.400744
[25,] 24.47368 134.6811 0.2505849 24.34292 286.5756 36.39560 26.21889 6.615531 5.908285 2.403713
[26,] 24.98153 129.9744 0.2356989 23.74203 286.5815 36.39914 26.19365 6.614173 6.252401 2.406753
[27,] 24.59302 128.3576 0.2535176 24.20229 286.5623 36.65979 26.00094 6.621742 6.219875 2.409010
[28,] 24.59302 128.3576 0.2761055 24.20229 286.5623 36.65979 26.00094 6.621742 6.219875 2.409010
[29,] 24.55081 135.2720 0.2530170 23.71837 286.5762 36.40158 26.20493 6.615223 6.260521 2.405999
[30,] 24.55093 135.2749 0.2536305 23.71530 286.5763 36.40160 26.20311 6.615168 6.263263 2.405980
[31,] 24.55307 135.3648 0.2534599 23.70437 286.5772 36.40224 26.24290 6.614967 6.264209 2.405781
[32,] 24.55307 135.3648 0.2534599 23.70437 286.5772 36.40224 26.24290 6.614967 6.264209 2.405781

$time
elapsed elapsed elapsed elapsed elapsed elapsed elapsed elapsed elapsed elapsed elapsed elapsed elapsed elapsed elapsed elapsed elapsed elapsed elapsed elapsed elapsed elapsed elapsed elapsed elapsed elapsed elapsed elapsed elapsed elapsed 
   2.25    6.73    9.93   13.22   16.48   20.51   30.40   34.43   37.76   46.20   63.42   70.65   80.95   83.20  130.70  133.95  204.48  206.09  218.12  228.00  239.00  286.29  287.95  311.70  324.64  468.59  500.93  506.15 1025.00 1052.92 
elapsed elapsed 
1157.23 1240.87 

$neval
 [1]   106   259   395   538   680   822  1244  1388  1531  1896  2589  2857  3263  3359  5245  5376  8114  8188  8730  9135  9619 11516 11590 12540 13043 18785 20064 20275 41394 42562 46873 50090

$fbest
[1] 168.7726

$xbest
 [1]  24.5530665 135.3647587   0.2534599  23.7043707 286.5772062  36.4022446  26.2428976   6.6149674   6.2642087   2.4057813

$numeval
[1] 50090

$end_crit
[1] 1

$cpu_time
elapsed 
1240.87 

$Refset
$Refset$x
             [,1]        [,2]       [,3]        [,4]        [,5]        [,6]        [,7]        [,8]        [,9]       [,10]
 [1,]   1.0000000  24.5524800 135.292400   0.2535595  23.7111200 286.5763000  36.4018100  26.2359700   6.6151110   6.2636610
 [2,]   2.4058870   2.0000000  24.552020 135.3124000   0.2534841  23.7095800 286.5773000  36.4019200  26.2495700   6.6150490
 [3,]   6.2640390   2.4058830   3.000000  24.5529300 135.3500000   0.2535307  23.7054600 286.5770000  36.4021500  26.2412800
 [4,]   6.6150700   6.2640800   2.405888   4.0000000  31.5761700 113.4065000   0.9877876  17.0966500 285.7203000  26.3867600
 [5,]  32.2049200   4.8052270   6.506553   2.0942270   5.0000000  24.5522400 135.3936000   0.2535107  23.7012600 286.5765000
 [6,]  36.4022000  26.2038000   6.615168   6.2646080   2.4060180   6.0000000  24.5522100 136.0082000   0.2528407  23.7060200
 [7,] 286.5774000  36.4049000  26.225770   6.6150320   6.2023490   2.4059350   7.0000000  24.5492000 135.3510000   0.2521257
 [8,]  23.6402100 286.5697000  36.502050  26.1951800   6.6205400   6.2450410   2.3934490   8.0000000  24.4773300 131.8734000
 [9,]   0.2543514  23.9442600 286.578300  36.4638300  26.2498300   6.6151580   6.2900780   2.3872060   9.0000000  23.5270600
[10,] 201.3967000   0.4140888  20.612940 286.5933000  36.7735000  27.4404000   6.6280860   6.5337990   3.4150070  24.5539100
[11,] 136.8300000   0.3010828  24.553730 286.5815000  36.1619700  26.0536600   6.6128980   6.2601690   2.4254390  22.5836000
[12,] 133.8816000   0.2950957  24.108560 286.5064000  36.9191600  28.5054300   7.2021960   6.2407360   3.2042870  27.4433600

$Refset$f
 [1]    168.7726    168.7726    168.7726 101168.1719    168.8021    170.8906    174.0139    179.6024    370.8819    304.8333    512.4010    488.7535

$Refset$fpen
 [1]     168.7726     168.7726     168.7726 2505614.3714     168.8021     170.8906     174.0139     179.6024     370.8819     304.8333     512.4010     488.7535

$Refset$const
 [1] 17.447460 29.736340 12.288880  1.515963  2.849598 17.445540 29.735960 12.290420  1.515781  2.851247 17.441380 29.735920 12.294540  1.515850  2.850369 10.590100 29.493450 18.903350  1.478166  5.904446 17.436650 29.735390 12.298740
[24]  1.516076  2.846752 17.503670 29.797650 12.293980  1.515882  2.848933 17.395170 29.754960 12.359790  1.517201  2.836837 17.654180 29.709920 12.055740  1.515857  2.847624 14.079140 29.466200 15.387060  1.509788  2.942599 18.293560
[47] 29.739830 11.446270  1.515391  2.850833 17.867820 29.759260 11.891440  1.515864  2.997761 18.053650 31.573570 13.519930  1.545578  2.587894

$Refset$penalty
 [1] 0.000000 0.000000 0.000000 2.404446 0.000000 0.000000 0.000000 0.000000 0.000000 0.000000 0.000000 0.000000


