$f
 [1] 882.6997 581.8767 435.4045 425.1059 419.8403 418.5816 410.0747 406.4097 394.5104 391.8455 389.5035 388.4809 386.8733 385.6927 384.4479 383.6146 380.2326 379.4410 371.5260 369.4132 368.9948 368.8906 368.8455 368.6840 368.4653 368.3646
[27] 368.3281 368.3229 366.2882 362.0729 362.0729

$x
          [,1]     [,2]      [,3]     [,4]     [,5]     [,6]     [,7]     [,8]     [,9]    [,10]
 [1,] 13.53536 288.1273 0.5074233 20.00267 286.5764 45.57137 29.37615 8.303346 8.229299 3.514401
 [2,] 18.47482 245.5021 0.5392656 27.75441 286.2601 39.28820 28.01483 4.073969 4.413425 2.691439
 [3,] 18.47482 260.5021 0.5617656 27.75441 286.2601 38.48820 29.63983 3.573969 4.413425 2.691439
 [4,] 14.72168 259.8311 0.4160393 29.00033 286.1818 39.77632 28.16819 4.347231 4.587178 2.691424
 [5,] 19.58119 222.0069 0.3883959 29.07791 286.1525 38.39086 29.42040 2.173915 4.476434 2.543694
 [6,] 19.58119 222.0069 0.3883959 29.07791 286.1525 38.39086 29.42040 2.161415 4.451434 2.543694
 [7,] 19.62167 184.4517 0.2447707 29.71676 286.1867 36.84782 32.83442 2.000000 4.920050 1.973184
 [8,] 20.09770 190.9132 0.2860946 29.41281 286.1544 37.38073 32.64774 2.213543 4.634782 2.410115
 [9,] 20.09770 190.9913 0.2635946 29.45968 286.1731 37.38073 32.64774 2.038543 4.634782 2.362615
[10,] 20.80780 193.0082 0.5915273 28.61004 286.3211 38.02201 32.59286 2.049643 5.371478 2.642680
[11,] 20.80780 193.0082 0.5929335 28.61004 286.3258 38.02201 32.59286 2.012143 5.371478 2.654555
[12,] 21.08394 190.9575 0.8231613 28.79451 286.2902 37.93860 32.56672 2.047887 5.394613 2.790245
[13,] 21.08394 190.9575 0.8456613 28.79451 286.2902 37.73860 32.56672 2.047887 5.394613 2.790245
[14,] 20.81769 192.5788 0.5972036 28.74034 286.3187 38.23387 32.00824 2.073807 5.345471 2.788095
[15,] 20.81769 192.5788 0.5972036 28.74034 286.2999 38.23387 32.00824 2.073807 5.345471 2.788095
[16,] 21.49595 190.5726 0.8360315 28.40651 286.3330 38.16317 32.25248 2.161921 5.620758 2.772500
[17,] 22.79546 179.9807 0.8468278 28.50495 286.3222 38.08753 32.04468 2.314602 5.576155 3.196230
[18,] 22.15406 190.3743 0.8789520 28.28897 286.3290 38.09494 32.07981 2.148286 5.440082 2.757888
[19,] 22.09684 190.3272 0.9144609 28.30845 286.3252 38.00196 32.04673 2.136575 5.393997 2.747682
[20,] 22.09684 190.3272 0.9144609 28.31430 286.3065 38.00196 32.08743 2.111623 5.393997 2.747682
[21,] 22.08576 188.2767 0.9307499 28.52209 286.3234 37.98158 32.19583 2.096102 5.375457 2.808422
[22,] 22.09944 188.2767 0.9532499 28.52209 286.3234 37.98158 32.19583 2.096102 5.375457 2.808422
[23,] 22.07315 188.2269 0.9308986 28.50963 286.3232 37.98074 32.20518 2.104621 5.389604 2.807024
[24,] 22.06923 188.2327 0.9309255 28.50546 286.3230 37.98363 32.20462 2.105337 5.393354 2.820657
[25,] 22.10323 188.7991 0.9290368 28.45763 286.3272 37.98593 32.19870 2.104031 5.384063 2.812914
[26,] 22.10926 188.7064 0.9280747 28.45518 286.3317 37.98555 32.22076 2.100317 5.386241 2.818940
[27,] 22.10968 188.6907 0.9283216 28.45578 286.3314 37.98487 32.24606 2.093910 5.385980 2.824450
[28,] 22.11324 188.7407 0.9312588 28.44247 286.3308 37.98940 32.25211 2.091157 5.389432 2.823780
[29,] 21.73742 192.0184 0.9216436 28.35906 286.1497 37.49072 32.33564 2.049583 5.377680 2.850278
[30,] 21.73742 192.0184 1.0000000 28.35906 286.1497 37.49072 32.33564 2.099583 5.377680 2.850278
[31,] 21.73742 192.0184 1.0000000 28.35906 286.1497 37.49072 32.33564 2.099583 5.377680 2.850278

$time
elapsed elapsed elapsed elapsed elapsed elapsed elapsed elapsed elapsed elapsed elapsed elapsed elapsed elapsed elapsed elapsed elapsed elapsed elapsed elapsed elapsed elapsed elapsed elapsed elapsed elapsed elapsed elapsed elapsed elapsed 
   1.99    5.46    8.19   31.75   41.24   43.05   49.78   74.88   77.30  161.50  163.80  243.35  245.78  264.49  279.69  282.89  292.16  299.05  302.13  313.91  412.92  415.35  427.89  443.85  529.75  569.52  615.61  665.77 1128.17 1130.02 
elapsed 
1170.02 

$neval
 [1]   106   258   377  1352  1766  1846  2117  3191  3300  6930  7033 10290 10368 11176 11795 11929 12331 12599 12734 13250 17511 17590 18134 18801 22520 24206 26168 28280 48304 48386 50021

$fbest
[1] 362.0729

$xbest
 [1]  21.737425 192.018383   1.000000  28.359061 286.149663  37.490720  32.335643   2.099583   5.377680   2.850278

$numeval
[1] 50021

$end_crit
[1] 1

$cpu_time
elapsed 
1170.02 

$Refset
$Refset$x
             [,1]        [,2]       [,3]       [,4]       [,5]        [,6]        [,7]        [,8]        [,9]       [,10]
 [1,]   1.0000000 192.0183800  28.359060  37.490720   2.099583   2.8502780 192.0183800  28.3590600  37.4907200   2.0995830
 [2,]   2.8502780   2.0000000  21.737420   1.000000 286.149663  32.3356430   5.3776800  21.7374200   1.0000000 286.1496630
 [3,]  32.3356430   5.3776800   3.000000  21.840910 190.039780   0.9211717  28.3005760 286.1473810  37.5018900  32.3341800
 [4,]   2.0447940   5.4234140   2.846885   4.000000  21.817070 191.7070700   0.9100945  28.3999500 286.1518140  37.5090000
 [5,]  32.3434900   2.0325680   5.283310   2.844133   5.000000  21.8528100 191.4602600   0.9136039  28.3837310 286.1501580
 [6,]  37.5008500  32.3482400   2.031410   5.290519   2.842695   6.0000000  21.8217700 191.1448600   0.9175183  28.3178310
 [7,] 286.1489370  37.4952800  32.337700   2.033711   5.352940   2.8467050   7.0000000  22.1093100 188.6107600   0.9295599
 [8,]  28.4553980 286.3313060  37.983900  32.264700   2.092623   5.3902410   2.8462080   8.0000000  22.1087900 188.7260200
 [9,]   0.9288243  28.4554050 286.330250  37.987770  32.242500   2.0920480   5.3851210   2.8445110   9.0000000  22.1088600
[10,] 188.7239300   0.9292285  28.455512 286.330967  37.983280  32.2528500   2.0922240   5.3855370   2.8425920  21.0730100
[11,] 196.5376900   0.9203734  28.001852 286.264183  37.693200  32.5140500   2.3124130   5.5207370   3.0146410  18.2666500
[12,] 363.3134500   0.9763520  21.515852 286.062208  40.544640  32.2757200   6.5823080   3.1235900   2.3790710  17.6575600

$Refset$f
 [1] 362.0729 362.0729 362.7535 362.9878 362.9931 362.7257 368.3229 368.3229 368.3229 413.3889 819.5851 567.3056

$Refset$fpen
 [1] 362.0729 362.0729 362.7535 362.9878 362.9931 362.7257 368.3229 368.3229 368.3229 413.3889 819.5851 567.3056

$Refset$const
 [1] 30.622320  1.544811 22.981382  7.640939  3.203582 22.981380  7.640939  3.203582 30.622320  1.544811 22.877160 30.576586  7.699424  1.545181  3.201445 23.116640 30.716690  7.600050  1.544563  3.203543 23.093210 30.709481  7.616269
[24]  1.544723  3.204208 22.964890 30.647060  7.682169  1.544920  3.203087 23.065160 30.609759  7.544602  1.523205  3.223330 23.070280 30.614879  7.544595  1.523487  3.220085 23.069980 30.614463  7.544488  1.523313  3.221943 22.481120
[47] 30.479263  7.998148  1.529340  3.250506 18.392260 32.876410 14.484148  1.567817  2.915663 21.130200 29.061832  7.931632  1.527006  3.218980

$Refset$penalty
 [1] 0 0 0 0 0 0 0 0 0 0 0 0


