$f
 [1] 2037.7656 1304.2812  883.8524  795.0590  722.0503  663.9288  662.8611  662.7188  599.1753  585.3073  583.3854  580.4878  579.3524  578.4392  571.6562  570.6962  566.4861  560.4271  559.3993  552.6215  544.3247  543.9427  542.8524
[24]  541.1267  539.5556  539.0816  537.7205  536.4097  536.0174  535.3073  533.9462  533.4757  533.4688  533.0260  533.0191  532.8438  530.7899  529.5660  528.5122  528.0816  527.7483  527.6719  527.6580  527.6181  527.3594  527.3472
[47]  527.2587  527.1771  527.0260  527.0260

$x
          [,1]     [,2]      [,3]     [,4]     [,5]     [,6]     [,7]     [,8]     [,9]    [,10]
 [1,] 22.76392 167.1918 0.2267594 21.22152 286.6131 46.40495 28.87368 7.421391 4.836630 2.493112
 [2,] 25.69080 146.9863 0.1000000 21.41744 286.6917 48.00000 24.07970 7.322549 6.104445 2.402243
 [3,] 25.25330 126.9863 0.1000000 22.16744 286.7010 47.20000 24.07970 7.322549 6.059349 2.354743
 [4,] 19.66420 186.6470 0.1266201 22.34889 286.2489 44.66063 25.94408 7.178818 5.627401 2.232042
 [5,] 16.89225 197.8965 0.2027530 22.39506 285.9661 44.49611 24.16492 7.240257 5.760619 1.902766
 [6,] 17.54207 216.0267 0.3112821 22.17403 286.1673 44.62897 25.30442 7.218467 5.828259 2.175571
 [7,] 17.54207 216.1048 0.3112821 22.17696 286.1667 44.62897 25.34504 7.218467 5.828259 2.175571
 [8,] 11.04333 357.8009 0.4851988 24.24155 285.9358 43.26190 26.41179 7.449667 3.738204 2.230228
 [9,] 11.26208 356.5780 0.4922739 24.24155 285.9197 43.20600 26.57429 7.449667 3.746939 2.217523
[10,] 11.19358 356.3973 0.4971244 24.36991 285.9087 43.12201 26.36780 7.400753 3.648566 2.236186
[11,] 11.21476 356.3577 0.5178596 24.37459 285.9088 43.12405 26.37297 7.400787 3.658587 2.234897
[12,] 11.27167 356.3250 0.5066326 24.37634 285.9029 43.10253 26.36362 7.403832 3.621039 2.236017
[13,] 11.28458 356.4707 0.5038340 24.37838 285.9005 43.10219 26.35573 7.404066 3.607216 2.236200
[14,] 11.31012 357.3079 0.5167836 24.38309 285.9080 43.11914 26.38407 7.401178 3.565758 2.234487
[15,] 11.39064 357.6197 0.5123860 24.38075 285.9067 43.11960 26.39970 7.401192 3.542589 2.234600
[16,] 11.49035 357.5485 0.5111975 24.38554 285.9070 43.11817 26.41372 7.401213 3.479396 2.234490
[17,] 11.54164 357.6619 0.5128690 24.38650 285.9074 43.11881 26.41502 7.401210 3.455823 2.234475
[18,] 11.64311 357.8506 0.5113162 24.39399 285.9110 43.12266 26.43489 7.400390 3.338050 2.234427
[19,] 11.83127 356.3134 0.5134951 24.38175 285.9070 43.10560 26.39447 7.401043 3.349040 2.235124
[20,] 11.80834 356.2046 0.5075637 24.38192 285.9050 43.10101 26.39348 7.400996 3.278622 2.235528
[21,] 12.06964 355.6254 0.5085292 24.38208 285.9069 43.10187 26.39605 7.400498 3.184240 2.235662
[22,] 12.13905 355.9740 0.4987781 24.38200 285.9064 43.09494 26.40994 7.400294 3.077697 2.235876
[23,] 12.17870 355.9718 0.4890516 24.38200 285.9063 43.09134 26.41584 7.400221 3.040648 2.235918
[24,] 12.19435 355.6471 0.4908069 24.38581 285.9063 43.09910 26.40530 7.400287 3.026917 2.234675
[25,] 12.32772 355.3320 0.4744626 24.38731 285.9062 43.09650 26.40516 7.400106 2.935726 2.233977
[26,] 12.27786 355.8108 0.4909873 24.38120 285.9064 43.09921 26.40164 7.400844 2.988860 2.234738
[27,] 12.30774 355.7813 0.4837428 24.38087 285.9054 43.09782 26.39466 7.401091 2.955053 2.234661
[28,] 12.34458 355.9088 0.4665354 24.37997 285.9051 43.09687 26.39463 7.401118 2.869218 2.234486
[29,] 12.34458 355.9869 0.4665354 24.38290 285.9051 43.09687 26.35401 7.401118 2.869218 2.234486
[30,] 12.34882 357.2876 0.4725624 24.38098 285.9079 43.10591 26.42883 7.400723 2.843826 2.234885
[31,] 12.51607 354.3021 0.4562466 24.38831 285.9178 43.09943 26.43572 7.400523 2.779496 2.229773
[32,] 12.43243 360.8351 0.4584511 24.38693 285.9121 43.11163 26.42985 7.400333 2.634311 2.232415
[33,] 12.49061 355.1935 0.4593546 24.38753 285.9112 43.09936 26.41895 7.400570 2.771279 2.233144
[34,] 12.43257 361.1762 0.4553744 24.38772 285.9126 43.11970 26.42965 7.400399 2.624813 2.231531
[35,] 12.49024 355.9364 0.4578612 24.38803 285.9123 43.09994 26.43014 7.400621 2.743202 2.231831
[36,] 12.49024 355.9364 0.4578612 24.38822 285.9123 43.09994 26.43014 7.400621 2.743202 2.231831
[37,] 12.49141 354.6098 0.4586989 24.45788 285.9118 43.20988 26.42303 7.404206 2.769648 2.232299
[38,] 12.49370 354.4017 0.4587137 24.45031 285.9118 43.21152 26.42200 7.404500 2.769912 2.232302
[39,] 12.48812 353.6657 0.4576596 24.43082 285.9119 43.21575 26.42628 7.404465 2.773404 2.232045
[40,] 12.48812 353.6657 0.4577475 24.43082 285.9119 43.21575 26.38566 7.404465 2.773404 2.232045
[41,] 12.48681 354.9295 0.4583516 24.36234 285.9122 43.23776 26.40897 7.404914 2.790638 2.232010
[42,] 12.48681 354.9295 0.4583516 24.36234 285.9122 43.23776 26.40897 7.404914 2.787513 2.232010
[43,] 12.48797 351.9607 0.4586398 24.51352 285.9122 43.22308 26.41942 7.404857 2.772456 2.232081
[44,] 12.48739 354.4828 0.4584570 24.45890 285.9119 43.22513 26.41391 7.404938 2.731178 2.232047
[45,] 12.48599 353.7859 0.4573919 24.46516 285.9128 43.23038 26.41531 7.404708 2.750073 2.231841
[46,] 12.48749 354.3741 0.4596202 24.45636 285.9116 43.22570 26.40885 7.405076 2.742832 2.231907
[47,] 12.47494 354.3533 0.4576736 24.44909 285.9125 43.22869 26.41654 7.405095 2.750156 2.230944
[48,] 12.47868 354.5205 0.4578261 24.44038 285.9126 43.22896 26.41922 7.405406 2.749545 2.229924
[49,] 12.47361 354.6678 0.4565025 24.45511 285.9139 43.23047 26.42568 7.405504 2.733167 2.228768
[50,] 12.47361 354.6678 0.4565025 24.45511 285.9139 43.23047 26.42568 7.405504 2.733167 2.228768

$time
elapsed elapsed elapsed elapsed elapsed elapsed elapsed elapsed elapsed elapsed elapsed elapsed elapsed elapsed elapsed elapsed elapsed elapsed elapsed elapsed elapsed elapsed elapsed elapsed elapsed elapsed elapsed elapsed elapsed elapsed 
   1.97    5.64    8.56   26.98   30.42   37.84   46.56  145.31  149.47  210.47  216.11  219.47  222.83  226.25  229.69  232.97  236.39  240.62  244.01  247.53  252.69  259.48  263.81  267.19  273.97  277.94  281.36  284.80  286.94  319.37 
elapsed elapsed elapsed elapsed elapsed elapsed elapsed elapsed elapsed elapsed elapsed elapsed elapsed elapsed elapsed elapsed elapsed elapsed elapsed elapsed 
 324.36  341.34  367.08  370.36  477.31  479.12  505.89  509.47  513.70  519.14  574.59  576.39  603.44  606.81  637.56  720.94  841.72  860.76  883.67 1271.72 

$neval
 [1]   106   255   372  1074  1211  1482  1839  5761  5899  8343  8551  8688  8826  8966  9106  9243  9383  9525  9664  9810 10021 10302 10440 10580 10858 10992 11129 11269 11354 12726 12930 13607 14620 14755 18896 18969 19935 20073 20209
[40] 20424 22624 22698 23797 23934 24945 27902 32495 33254 34143 50101

$fbest
[1] 527.026

$xbest
 [1]  12.4736138 354.6677548   0.4565025  24.4551148 285.9139442  43.2304679  26.4256802   7.4055044   2.7331669   2.2287678

$numeval
[1] 50101

$end_crit
[1] 1

$cpu_time
elapsed 
1271.72 

$Refset
$Refset$x
             [,1]        [,2]       [,3]        [,4]       [,5]       [,6]        [,7]        [,8]        [,9]       [,10]
 [1,]   1.0000000  12.4747100 354.609500   0.4566177  24.453720 285.913400  43.2295300  26.4180900   7.4055000   2.7354120
 [2,]   2.2289850   2.0000000  12.475460 354.5130000   0.455978  24.455750 285.9137000  43.2255300  26.4091400   7.4054720
 [3,]   2.7350180   2.2288750   3.000000  12.4746900 354.613900   0.456714  24.4536600 285.9134000  43.2293600  26.4144000
 [4,]   7.4054730   2.7354340   2.228945   4.0000000  12.474940 354.607900   0.4576304  24.4502900 285.9132000  43.2328400
 [5,]  26.4111800   7.4054940   2.739947   2.2282580   5.000000  12.452660 354.9904000   0.4571081  24.4559700 285.9135000
 [6,]  43.2289900  26.4121700   7.405614   2.7354540   2.229092   6.000000  12.4613000 354.9772000   0.4573035  24.4498600
 [7,] 285.9125000  43.2301600  26.414610   7.4054880   2.736030   2.228386   7.0000000  12.4888800 354.6233000   0.4576068
 [8,]  24.4412600 285.9136000  43.229420  26.4183700   7.405619   2.735492   2.2286710   8.0000000  12.4631500 354.5878000
 [9,]   0.4571252  24.4552600 285.914400  43.2297900  26.416690   7.404515   2.7384580   2.2297980   9.0000000  12.4743900
[10,] 354.7940000   0.4574837  24.446570 285.9134000  43.231700  26.426940   7.4054950   2.7353970   2.2295300  12.4749900
[11,] 354.3826000   0.4563216  24.452220 285.9158000  43.250850  26.393120   7.4060680   2.7376040   2.2292770  12.5724300
[12,] 354.5039000   0.4558233  24.370950 285.9139000  43.235570  26.419470   7.4054410   2.7362580   2.2371090  12.4748500

$Refset$f
 [1] 527.0260 527.0260 527.0278 527.0278 527.3628 527.2778 527.9722 528.9826 527.6181 545.5556 558.0712 574.4340

$Refset$fpen
 [1] 527.0260 527.0260 527.0278 527.0278 527.3628 527.2778 527.9722 528.9826 527.6181 545.5556 558.0712 574.4340

$Refset$const
 [1] 21.718310 33.264590 11.546280  1.593182  2.329744 21.720730 33.264980 11.544250  1.593146  2.329448 21.718230 33.264570 11.546340  1.593179  2.329538 21.710340 33.260050 11.549710  1.593196  2.329172 21.720520 33.264550 11.544030
[24]  1.593173  2.329432 21.713830 33.263970 11.550140  1.593263  2.329302 21.705760 33.264510 11.558740  1.593166  2.329809 21.716800 33.261540 11.544740  1.593089  2.329893 21.711180 33.264600 11.553430  1.593192  2.330171 21.714610
[47] 33.262400 11.547780  1.592912  2.328165 21.634700 33.263740 11.629050  1.593139  2.329719 21.706970 33.250750 11.543770  1.593052  2.329623

$Refset$penalty
 [1] 0 0 0 0 0 0 0 0 0 0 0 0


