$f
 [1] 2115.7378 1588.9687 1157.1059 1066.8125 1007.2813  945.8715  935.8420  753.1944  743.2760  720.3247  718.1806  714.8333  714.5903  714.4062  714.2708  714.1476  712.6111  711.2153  710.1111  710.0521  709.8628  709.3351  709.0868
[24]  708.8524  708.5260  708.3420  708.2118  708.2118

$x
           [,1]     [,2]      [,3]     [,4]     [,5]     [,6]     [,7]     [,8]     [,9]    [,10]
 [1,]  8.405410 350.1260 0.8907971 20.77054 285.6852 38.68239 28.29623 6.053514 4.341824 3.068509
 [2,]  5.167031 478.4277 0.9848357 22.22051 286.1524 48.00000 27.80073 8.724071 3.163990 3.824224
 [3,]  6.479531 415.4525 1.0000000 22.22051 286.1524 48.00000 27.63823 8.724071 3.163990 3.812349
 [4,]  5.971350 395.3488 0.5260761 19.36519 285.0231 41.36669 30.06836 7.219822 3.773619 2.103614
 [5,] 19.670964 215.0525 0.3062102 19.54515 286.5482 36.18480 25.28841 6.846653 5.460532 3.147012
 [6,] 19.670964 214.7010 0.2409953 18.79515 286.5470 36.17855 25.29856 6.843528 5.298032 3.147012
 [7,]  5.187489 411.7583 0.5369221 19.23548 285.1800 40.27905 30.33198 7.087003 4.731769 2.099303
 [8,]  5.296864 419.2583 0.6269221 19.23548 285.1050 40.07905 30.98198 7.087003 4.631769 2.105241
 [9,]  5.528432 432.4206 0.5151877 19.48331 285.2796 41.46587 31.32955 7.075693 3.358170 2.069750
[10,]  5.637807 432.4206 0.5637033 19.48331 285.2796 41.41587 31.32955 7.076474 3.408170 2.063812
[11,]  5.498854 425.0152 0.5233656 19.76618 285.2868 41.37694 31.40145 7.079289 3.367653 2.074539
[12,]  5.512525 425.0152 0.5233656 19.76618 285.2868 41.37694 31.40145 7.079289 3.367653 2.073797
[13,]  5.492332 424.7245 0.5270549 19.79524 285.2874 41.37694 31.40500 7.080184 3.373782 2.072085
[14,]  5.488914 424.7245 0.5270549 19.79524 285.2874 41.37694 31.40500 7.080184 3.373782 2.072085
[15,]  5.663901 417.9035 0.5502738 19.83878 285.2865 41.37969 31.39959 7.079450 3.477364 2.070792
[16,]  5.663901 417.8840 0.5502738 19.83878 285.2865 41.37969 31.39959 7.079450 3.477364 2.070792
[17,]  5.642347 419.9190 0.5351394 19.74808 285.2856 41.34910 31.42231 7.079940 3.509804 2.071993
[18,]  5.664870 419.8073 0.5362620 19.72315 285.2865 41.36845 31.41853 7.079960 3.495572 2.072488
[19,]  5.669631 419.7987 0.5364624 19.71414 285.2864 41.36782 31.41841 7.079959 3.490355 2.072427
[20,]  5.669631 419.7987 0.5364624 19.71414 285.2864 41.36782 31.41841 7.079959 3.487230 2.072427
[21,]  5.683796 417.3516 0.5489655 19.79439 285.2855 41.33227 31.44907 7.076752 3.515862 2.077228
[22,]  5.657286 419.7157 0.5498799 19.77488 285.2872 41.35046 31.42310 7.079692 3.484945 2.071503
[23,]  5.657286 419.7352 0.5498799 19.77488 285.2872 41.35046 31.42310 7.079692 3.484945 2.071503
[24,]  5.657559 419.8944 0.5493597 19.78668 285.2870 41.36132 31.42342 7.080057 3.476511 2.071259
[25,]  5.657403 419.4384 0.5493487 19.79759 285.2873 41.36388 31.42289 7.080147 3.473286 2.071435
[26,]  5.663620 418.5920 0.5472537 19.81796 285.2857 41.35101 31.42719 7.079222 3.481265 2.072748
[27,]  5.663620 418.5724 0.5472537 19.81796 285.2857 41.35101 31.42719 7.079222 3.481265 2.072748
[28,]  5.663620 418.5724 0.5472537 19.81796 285.2857 41.35101 31.42719 7.079222 3.481265 2.072748

$time
elapsed elapsed elapsed elapsed elapsed elapsed elapsed elapsed elapsed elapsed elapsed elapsed elapsed elapsed elapsed elapsed elapsed elapsed elapsed elapsed elapsed elapsed elapsed elapsed elapsed elapsed elapsed elapsed 
   1.89    4.94    7.23   19.47   30.88   40.70   74.13   76.55  131.97  135.27  443.20  444.91  550.11  551.59  581.59  583.17  591.55  601.89  608.03  612.05  686.02  707.14  717.22  745.92  763.11  818.52  820.00 1054.25 

$neval
 [1]   106   262   381   945  1496  1926  3423  3544  6254  6380 21067 21146 26195 26269 27739 27813 28217 28752 29021 29230 32801 33825 34304 35651 36531 39198 39272 50102

$fbest
[1] 708.2118

$xbest
 [1]   5.6636204 418.5724401   0.5472537  19.8179623 285.2856565  41.3510070  31.4271851   7.0792222   3.4812649   2.0727477

$numeval
[1] 50102

$end_crit
[1] 1

$cpu_time
elapsed 
1054.25 

$Refset
$Refset$x
             [,1]        [,2]       [,3]        [,4]        [,5]        [,6]        [,7]        [,8]        [,9]       [,10]
 [1,]   1.0000000   5.6621600 418.668000   0.5479266  19.8182700 285.2856000  41.3528900  31.4227500   7.0792490   3.4825170
 [2,]   2.0728120   2.0000000   5.661431 418.8610000   0.5479094  19.8093400 285.2854000  41.3515100  31.4249600   7.0792880
 [3,]   3.4840480   2.0727700   3.000000   5.6613010 418.8703000   0.5479038  19.8099600 285.2856000  41.3525200  31.4254100
 [4,]   7.0792980   3.4836040   2.073015   4.0000000   5.6677720 418.6316000   0.5460571  19.8185500 285.2849000  41.3516900
 [5,]  31.4229400   7.0794970   3.481191   2.0730560   5.0000000   5.6667840 419.1711000   0.5447842  19.8245300 285.2857000
 [6,]  41.3450700  31.4376000   7.079365   3.4704300   2.0703150   6.0000000   5.6939650 418.3968000   0.5476595  19.8200400
 [7,] 285.2801000  41.3328300  31.327760   7.0707380   3.4845690   2.0783340   7.0000000   6.2252350 411.5465000   0.5700535
 [8,]  19.8075700 285.3669000  41.329690  31.4866800   7.0349990   3.5577900   2.0912620   8.0000000   5.9908590 409.7475000
 [9,]   0.5534321  19.9674900 285.299900  40.2843000  31.2914000   7.0426670   3.6259720   2.0993300   9.0000000   5.5847360
[10,] 418.5819000   0.5473984  19.847680 285.2833000  41.3359400  31.3714700   7.0776530   3.4630520   2.0632640   6.8192670
[11,] 423.8746000   0.5633212  18.783710 285.3732000  41.3556500  31.4194500   7.4283300   3.3580770   2.4679160   5.5374870
[12,] 418.5443000   0.4413302  19.654180 285.2980000  40.4017400  30.9057200   7.4922010   3.4550060   2.1061350   5.1291930

$Refset$f
 [1]  708.2118  708.2118  708.4566  710.8646  717.4618  727.4896  780.1250  778.1840  736.9809  870.5278  924.9097 1353.2830

$Refset$fpen
 [1]  708.2118  708.2118  708.4566  710.8646  717.4618  727.4896  780.1250  778.1840  736.9809  870.5278  924.9097 1353.2830

$Refset$const
 [1] 16.335750 32.517480 16.181730  1.668231  2.590960 16.325290 32.515950 16.190660  1.668258  2.591158 16.326350 32.516400 16.190040  1.668228  2.591183 16.337360 32.518810 16.181450  1.668315  2.590907 16.354100 32.529570 16.175470
[24]  1.668243  2.592483 16.335470 32.515430 16.179960  1.668838  2.584078 16.249780 32.442210 16.192430  1.658110  2.613841 16.341520 32.374030 16.032510  1.666891  2.645534 16.384630 32.536950 16.152320  1.668483  2.587709 15.425640
[47] 32.641920 17.216290  1.657283  2.608816 16.199170 32.544990 16.345820  1.666851  2.608853 17.804110 32.583580 14.779470  1.667327  2.549220

$Refset$penalty
 [1] 0 0 0 0 0 0 0 0 0 0 0 0


