$f
 [1] 2491.649 2379.835 1958.608 1584.594 1438.530 1292.533 1206.906 1174.639 1161.146 1153.707 1128.045 1128.042 1126.543 1120.207 1114.089 1111.132 1110.738 1109.806 1109.542 1109.335 1109.247 1108.967 1108.359 1107.962 1107.962

$x
           [,1]     [,2]      [,3]     [,4]     [,5]     [,6]     [,7]      [,8]      [,9]    [,10]
 [1,]  7.131791 342.4658 0.2800128 15.52972 284.9214 32.52681 31.55598  6.947301  4.286604 3.576675
 [2,] 10.030832 191.2661 0.8687148 19.27705 286.8360 42.76126 26.62773 10.000000 10.000000 3.368692
 [3,] 10.030832 171.2661 0.8589143 19.25289 286.8360 42.76126 26.22148 10.000000  9.604832 3.380932
 [4,]  9.447064 176.0730 0.1100681 22.78936 285.6416 37.62863 34.81850  6.559609  5.683614 2.702449
 [5,]  9.275980 164.9799 0.1000000 23.34059 285.3679 37.58544 35.62369  6.532733  5.544002 2.066301
 [6,]  9.302019 164.0504 0.1000000 23.21516 285.3924 37.85023 35.64966  6.546195  5.277698 2.182563
 [7,]  8.917701 162.8098 0.1029496 24.74193 285.3115 37.73969 35.65394  6.662456  4.764427 2.059847
 [8,]  8.917701 162.8098 0.1027739 24.55883 285.3103 37.73344 35.65394  6.664018  4.753489 2.062815
 [9,]  9.709510 147.4534 0.1004280 24.45993 285.3891 38.30335 35.69978  6.523291  5.293666 2.447858
[10,]  9.655640 147.4358 0.1004012 24.34142 285.3886 38.13497 35.40805  6.516450  5.285858 2.449471
[11,]  9.655640 146.1858 0.1003106 24.71642 285.3983 38.13497 35.57055  6.516450  5.392301 2.449471
[12,]  9.002203 151.0391 0.1088772 25.11781 285.4052 38.40707 35.92993  6.563507  5.137690 2.442357
[13,]  9.005621 151.1172 0.1087015 25.11781 285.4052 38.40707 35.92993  6.563507  5.137690 2.442357
[14,]  9.002244 154.3105 0.1096523 24.93254 285.4016 38.41964 35.88439  6.563860  5.103063 2.422494
[15,]  9.004298 155.0295 0.1104945 24.88953 285.4004 38.44778 35.88187  6.564049  5.084956 2.412326
[16,]  9.009276 154.9809 0.1098121 24.86880 285.4003 38.46429 35.87888  6.564320  5.093024 2.418310
[17,]  9.011430 154.9680 0.1096504 24.86553 285.4003 38.46404 35.87767  6.564468  5.090805 2.422272
[18,]  9.015052 155.0452 0.1099406 24.84794 285.4000 38.46252 35.88494  6.565107  5.093611 2.415159
[19,]  9.012873 155.0065 0.1099381 24.86114 285.4005 38.60101 35.88160  6.569646  5.083942 2.419544
[20,]  9.009455 155.0065 0.1099381 24.86114 285.4005 38.60101 35.88160  6.569646  5.083942 2.419544
[21,]  9.013395 154.9933 0.1098143 24.86103 285.4005 38.59342 35.88339  6.569280  5.084270 2.420019
[22,]  9.011568 155.0803 0.1098453 24.86072 285.4001 38.61630 35.88049  6.566984  5.085900 2.421358
[23,]  9.008575 155.0415 0.1100941 24.86370 285.3999 38.61286 35.87082  6.566532  5.086962 2.426795
[24,]  9.008578 155.0416 0.1101151 24.86370 285.3995 38.62288 35.86828  6.565479  5.087550 2.426952
[25,]  9.008578 155.0416 0.1101151 24.86370 285.3995 38.62288 35.86828  6.565479  5.087550 2.426952

$time
elapsed elapsed elapsed elapsed elapsed elapsed elapsed elapsed elapsed elapsed elapsed elapsed elapsed elapsed elapsed elapsed elapsed elapsed elapsed elapsed elapsed elapsed elapsed elapsed elapsed 
   2.11    5.33    8.89   12.31   25.51   28.64   31.84   44.73   62.92   71.92   77.58  152.89  154.86  160.84  179.39  182.33  189.95  215.14  374.72  376.48  398.54  415.75  460.61  484.87 1178.47 

$neval
 [1]   106   248   380   527  1095  1233  1375  1907  2721  3132  3379  6643  6727  6998  7804  7938  8274  9353 16076 16150 17112 17863 19848 20873 50063

$fbest
[1] 1107.962

$xbest
 [1]   9.0085782 155.0415594   0.1101151  24.8636971 285.3994543  38.6228850  35.8682767   6.5654785   5.0875503   2.4269522

$numeval
[1] 50063

$end_crit
[1] 1

$cpu_time
elapsed 
1178.47 

$Refset
$Refset$x
             [,1]        [,2]       [,3]        [,4]        [,5]        [,6]        [,7]        [,8]        [,9]       [,10]
 [1,]   1.0000000   9.0069060 155.043000   0.1101601  24.8644000 285.3995000  38.6221100  35.8684600   6.5657290   5.0871090
 [2,]   2.4261370   2.0000000   9.007088 155.0358000   0.1101287  24.8641000 285.3994000  38.6220500  35.8693000   6.5658140
 [3,]   5.0877210   2.4259360   3.000000   9.0070880 155.0677000   0.1101154  24.8639500 285.3995000  38.6225800  35.8687600
 [4,]   6.5657010   5.0867540   2.426322   4.0000000   9.0062590 155.0393000   0.1101526  24.8663300 285.3995000  38.6209800
 [5,]  35.8681800   6.5657060   5.087060   2.4262350   5.0000000   9.0066530 155.0060000   0.1101239  24.8686000 285.3995000
 [6,]  38.6211800  35.8680900   6.564982   5.0872580   2.4262020   6.0000000   8.9843820 155.0268000   0.1103769  24.8786400
 [7,] 285.3995000  38.6213100  35.869530   6.5725090   5.0869880   2.4300670   7.0000000   9.0365730 155.0372000   0.1095214
 [8,]  24.8654400 285.3995000  38.604050  35.8686800   6.5653980   5.0915220   2.4281660   8.0000000   9.0105980 154.8941000
 [9,]   0.1099284  24.8676100 285.402100  38.6522700  35.9222600   6.5652110   5.0885020   2.4261960   9.0000000   9.0009140
[10,] 152.8803000   0.1040530  24.928530 285.3945000  38.2889900  35.8269100   6.5468130   5.1112060   2.4290490   9.0078950
[11,] 155.0469000   0.1102001  24.865300 285.4021000  38.6227500  35.8898300   6.5651850   5.0866910   2.4214860   8.9190620
[12,] 158.5001000   0.1144222  24.707180 285.4029000  38.1474800  35.9697200   6.5656390   5.0121820   2.3282900   9.4717690

$Refset$f
 [1] 1107.962 1107.962 1107.962 1107.962 1108.710 1109.259 1110.464 1117.389 1120.531 1118.108 1179.012 3018.802

$Refset$fpen
 [1] 1107.962 1107.962 1107.962 1107.962 1108.710 1109.259 1110.464 1117.389 1120.531 1118.108 1179.012 3018.802

$Refset$const
 [1] 19.777290 30.912890 11.135600  1.640900  3.242143 19.776380 30.912280 11.135900  1.640909  3.242226 19.777200 30.913250 11.136050  1.640905  3.242119 19.779270 30.912940 11.133670  1.640903  3.242223 19.781340 30.912740 11.131400
[24]  1.640904  3.242191 19.791660 30.913010 11.121360  1.640897  3.242349 19.773920 30.908480 11.134560  1.640823  3.244170 19.779110 30.911500 11.132390  1.640379  3.245931 19.817320 30.888790 11.071470  1.640461  3.273218 19.778610
[47] 30.913310 11.134700  1.640399  3.245340 19.694990 30.987820 11.292820  1.637838  3.309725 17.491130 29.803770 12.312640  1.625606  2.943281

$Refset$penalty
 [1] 0 0 0 0 0 0 0 0 0 0 0 0


