$f
 [1] 2279.8681 1901.6788 1793.2986 1743.4740 1527.5434 1489.4062 1407.9896 1364.4340 1316.7917 1126.2014 1118.6042 1107.6059 1103.6545 1089.4410 1089.1823 1088.2656 1087.9740 1085.5382 1084.9375 1084.6597 1084.6111 1084.0885 1083.8229
[24] 1083.6684 1075.9288 1063.9010 1062.7535 1043.7309 1042.2361 1028.1719 1028.0139 1027.6528 1027.0087 1026.6076 1025.6962 1025.1458 1025.0694 1023.6094 1023.1215 1023.0451 1021.1510 1020.5903 1019.7500 1019.6267 1018.7448 1018.6424
[47] 1018.2760 1017.7188 1016.8142 1016.8125 1016.6111 1016.3212 1016.3177 1015.6233 1015.5295 1015.5243 1014.9913 1013.5816 1012.4219  983.9757  956.0278  954.4792  920.9410  883.6424  870.7587  870.7587

$x
          [,1]     [,2]      [,3]     [,4]     [,5]     [,6]     [,7]     [,8]     [,9]    [,10]
 [1,] 33.36976 116.0880 0.8652019 21.82155 286.2911 32.72799 25.33552 2.286117 9.144185 2.163997
 [2,] 12.82312 483.6479 0.9214396 15.00000 284.9258 40.32934 29.57060 9.875221 5.433553 4.706432
 [3,] 12.60437 460.0781 1.0000000 15.00000 284.9258 40.32934 29.57060 9.823658 5.536678 4.706432
 [4,] 19.60770 258.1341 0.8175062 21.77042 285.8646 40.38365 27.43728 6.336162 5.346442 2.560284
 [5,] 21.45850 261.4461 0.9477762 18.89103 286.6092 41.97574 24.00000 6.091137 7.416066 1.565080
 [6,] 21.25925 270.9478 0.9744461 19.18193 286.8469 42.42053 24.00000 5.679291 7.682667 1.349755
 [7,] 20.66035 272.6520 0.9162069 19.66233 286.6332 41.37779 24.00000 5.877118 7.499482 1.299419
 [8,] 20.66035 273.9020 0.9552303 19.28733 286.6145 41.37779 24.00000 5.877118 7.561982 1.299419
 [9,] 18.75311 329.9900 0.8835142 16.95180 286.5776 41.19648 30.23678 6.803884 7.027418 1.638820
[10,] 18.97860 335.1439 0.8400283 16.76430 286.5776 41.19648 30.88678 6.791000 7.053188 1.602830
[11,] 21.07374 317.0786 0.9111374 18.32325 286.7404 41.75627 24.05666 6.573569 5.503989 1.219270
[12,] 21.07374 316.7661 1.0000000 18.32325 286.7416 41.75627 24.00000 6.573569 5.503989 1.219270
[13,] 20.93728 317.1263 0.9381909 18.27389 286.7642 41.71087 24.01159 6.571808 5.335234 1.200000
[14,] 20.93728 317.1263 0.9381909 18.46139 286.7642 41.71087 24.01159 6.571808 5.347734 1.200000
[15,] 21.17965 373.4147 0.8439611 17.12344 286.6995 39.46560 24.36538 6.374864 5.495419 1.274352
[16,] 21.28651 368.9903 0.8724805 17.14785 286.7089 39.46606 24.36170 6.375140 5.572984 1.272287
[17,] 21.31012 367.1183 0.8079021 17.19591 286.7077 39.46722 24.36063 6.375232 5.536232 1.274225
[18,] 21.28673 368.1606 0.8509682 17.17612 286.7090 39.46646 24.36114 6.375118 5.562227 1.272036
[19,] 21.28613 368.2547 0.8261557 17.23566 286.7052 39.46499 24.36856 6.375101 5.500759 1.274396
[20,] 21.28074 368.8958 0.8436141 17.24658 286.7041 39.46501 24.37670 6.375392 5.476203 1.274719
[21,] 21.31371 366.2835 0.8164410 17.19303 286.7024 39.46532 24.36161 6.375372 5.565516 1.274971
[22,] 21.27935 369.0575 0.8482998 17.25704 286.7054 39.46479 24.38009 6.375652 5.470391 1.274926
[23,] 21.29695 368.0449 0.8203583 17.20514 286.7038 39.46717 24.37892 6.375587 5.511343 1.274815
[24,] 21.29695 368.0449 0.8203583 17.20514 286.7038 39.46717 24.37892 6.375587 5.514468 1.274815
[25,] 21.34420 368.8204 0.8350114 17.19091 286.6857 39.24262 24.38215 6.536178 5.421591 1.580074
[26,] 21.34420 370.6954 0.8575114 17.19091 286.6857 39.24262 24.38215 6.536178 5.421591 1.577105
[27,] 21.26538 368.8094 0.8291058 17.18013 286.6178 39.02848 24.36994 6.536550 5.413194 1.514164
[28,] 21.28270 370.7987 0.8297051 17.19907 286.6549 39.21884 24.36751 6.545913 5.437991 1.579345
[29,] 21.23331 372.2934 0.8301920 17.19919 286.6586 39.22360 24.36776 6.544553 5.438762 1.578354
[30,] 21.23331 372.6059 0.9201920 17.21090 286.6586 39.21110 24.36776 6.541428 5.420012 1.578354
[31,] 21.25285 368.6772 0.8364721 17.06640 286.6587 39.17778 24.38590 6.539825 5.596643 1.578794
[32,] 21.28473 370.4325 0.8417910 17.03767 286.6619 39.17751 24.39148 6.539751 5.568757 1.576115
[33,] 21.32513 368.7334 0.8320840 17.03580 286.6504 39.10251 24.38189 6.538588 5.578560 1.575922
[34,] 21.32513 368.7334 0.8320840 17.03580 286.6504 39.10251 24.38189 6.538588 5.578560 1.575179
[35,] 21.33979 370.7307 0.9162966 17.03119 286.6704 39.19401 24.39112 6.539976 5.527151 1.575174
[36,] 21.33936 371.0059 0.9227497 17.03095 286.6706 39.19289 24.40067 6.540047 5.515525 1.575520
[37,] 21.29356 371.7083 0.9744406 17.02894 286.6594 39.13678 24.41008 6.539457 5.558792 1.575315
[38,] 21.28511 372.5142 0.9781919 17.02786 286.6602 39.14496 24.41236 6.539458 5.558565 1.574923
[39,] 21.29296 371.5728 0.9677819 17.02963 286.6615 39.15901 24.41340 6.539484 5.558350 1.575828
[40,] 21.29293 373.8810 0.9906343 17.01504 286.6542 39.09198 24.42551 6.537780 5.595670 1.576160
[41,] 21.29233 374.2237 0.9982739 17.00558 286.6560 39.09220 24.42994 6.537306 5.603378 1.576256
[42,] 21.29233 374.2237 1.0000000 17.00558 286.6560 39.09220 24.42994 6.537306 5.603378 1.576256
[43,] 21.27923 373.0820 0.9861322 17.03168 286.6554 39.11485 24.41027 6.538767 5.606175 1.575283
[44,] 21.28749 373.4232 0.9977039 17.02604 286.6516 39.06716 24.40762 6.538501 5.608570 1.574572
[45,] 21.28775 373.7165 0.9994229 17.02166 286.6512 39.07272 24.40501 6.538470 5.609055 1.573750
[46,] 21.25947 373.2494 0.9894023 17.03229 286.6554 39.11433 24.41373 6.538386 5.618659 1.575295
[47,] 21.25094 373.1964 0.9907827 17.02841 286.6554 39.11435 24.41302 6.538679 5.622291 1.575355
[48,] 21.21215 375.2827 0.9954074 17.00592 286.6547 39.07704 24.42643 6.537266 5.603969 1.574521
[49,] 21.21215 375.2827 0.9954074 17.00592 286.6547 39.07704 24.42643 6.537266 5.607094 1.574521
[50,] 21.19928 375.0442 0.9875537 17.01151 286.6549 39.08478 24.41203 6.538387 5.615547 1.573975
[51,] 21.21147 374.5866 1.0000000 17.01656 286.6549 39.09172 24.40988 6.538233 5.621469 1.575122
[52,] 21.21147 374.5866 1.0000000 17.01656 286.6549 39.09172 24.40988 6.538233 5.618344 1.575122
[53,] 21.18890 375.2586 0.9928309 17.00994 286.6534 39.08488 24.40801 6.538181 5.614713 1.573558
[54,] 21.19834 374.2115 0.9987229 17.03288 286.6551 39.12898 24.38188 6.538140 5.630280 1.576920
[55,] 21.19834 374.2505 0.9987229 17.03288 286.6551 39.12898 24.38188 6.538140 5.630280 1.576920
[56,] 21.19243 374.1420 0.9988086 17.04326 286.6553 39.12950 24.34693 6.538079 5.628042 1.579118
[57,] 21.19243 374.1420 0.9988086 17.04326 286.6553 39.12950 24.34693 6.538128 5.631167 1.577634
[58,] 21.14233 375.5756 0.9936174 17.04948 286.6544 39.16528 24.38548 6.542587 5.613237 1.574881
[59,] 21.14233 375.5756 0.9936174 17.05021 286.6544 39.16528 24.38548 6.542587 5.616362 1.574881
[60,] 18.46903 381.7989 0.9990646 16.28314 286.6311 37.77653 24.35223 8.303058 6.213382 1.570125
[61,] 18.46903 381.7989 0.9990646 16.28314 286.6310 37.77653 24.35223 8.303058 6.213382 1.576062
[62,] 18.50191 386.8596 0.9990804 16.28383 286.6308 37.82213 24.34961 8.307906 6.214512 1.570355
[63,] 18.50191 386.8596 0.9983773 16.28383 286.6308 37.82213 24.26836 8.307906 6.202012 1.570355
[64,] 18.46337 387.2269 0.9991536 16.28832 286.6305 37.78273 24.36041 8.320934 6.191557 1.559953
[65,] 18.62744 387.4612 0.9977474 16.05394 286.6305 37.78273 24.36041 8.320934 6.194682 1.562921
[66,] 18.62744 387.4612 0.9977474 16.05394 286.6305 37.78273 24.36041 8.320934 6.194682 1.562921

$time
elapsed elapsed elapsed elapsed elapsed elapsed elapsed elapsed elapsed elapsed elapsed elapsed elapsed elapsed elapsed elapsed elapsed elapsed elapsed elapsed elapsed elapsed elapsed elapsed elapsed elapsed elapsed elapsed elapsed elapsed 
   2.03    4.94    8.42   15.58   18.88   29.38   39.03   44.92   65.83   82.10  269.86  272.10  308.94  310.89  426.78  439.63  443.02  446.47  464.70  469.83  476.38  515.16  530.33  536.22  572.52  574.72  593.66  596.74  605.80  608.58 
elapsed elapsed elapsed elapsed elapsed elapsed elapsed elapsed elapsed elapsed elapsed elapsed elapsed elapsed elapsed elapsed elapsed elapsed elapsed elapsed elapsed elapsed elapsed elapsed elapsed elapsed elapsed elapsed elapsed elapsed 
 675.80  701.39  707.81  713.63  759.31  767.66  777.74  782.10  788.10  791.75  795.22  796.91  829.99  842.36  853.02  856.35  859.70  863.05  867.99  870.95  889.39  899.66  924.52  972.44  974.11  983.33 1007.66 1048.77 1050.72 1083.39 
elapsed elapsed elapsed elapsed elapsed elapsed 
1085.33 1137.13 1140.08 1225.17 1227.91 1230.58 

$neval
 [1]   106   258   369   652   788  1197  1602  1854  2655  3329 10887 10979 12473 12552 17183 17667 17805 17945 18627 18831 19096 20629 21300 21510 23014 23106 23930 24069 24474 24583 27307 28328 28602 28813 30588 30931 31342 31479 31755
[40] 31892 32034 32107 33461 33945 34354 34491 34630 34770 34980 35117 35924 36398 37479 39348 39421 39835 40867 42613 42692 44035 44119 46436 46527 50035 50148 50149

$fbest
[1] 870.7587

$xbest
 [1]  18.6274360 387.4612384   0.9977474  16.0539404 286.6305141  37.7827252  24.3604083   8.3209344   6.1946824   1.5629214

$numeval
[1] 50149

$end_crit
[1] 1

$cpu_time
elapsed 
1230.58 

$Refset
$Refset$x
             [,1]        [,2]        [,3]       [,4]       [,5]        [,6]        [,7]        [,8]        [,9]     [,10]
 [1,]   1.0000000  18.6274400   0.9977474 286.630514  24.360408   6.1946820  18.6274400   0.9977474 286.6305140  24.36041
 [2,]   6.1946820   2.0000000 387.4612400  16.053940  37.782725   8.3209340   1.5629210 387.4612400  16.0539404  37.78273
 [3,]   8.3209340   1.5629210   3.0000000  18.463370 387.226863   0.9991536  16.2883150 286.6305140  37.7827300  24.36041
 [4,]   8.3209340   6.1915570   1.5599530   4.000000  18.435610 386.8344719   0.9991108  16.3149380 286.6205100  37.79311
 [5,]  24.3748629   8.3343560   6.2147620   1.570757   5.000000  21.0549000 379.2405293   0.9935338  17.0240960 286.65806
 [6,]  39.2061200  24.4018538   6.5442050   5.579080   1.573922   6.0000000  21.0650900 378.0302116   0.9959195  17.05169
 [7,] 286.6451100  39.1656300  24.4197675   6.541618   5.602492   1.5803050   7.0000000  21.0523000 376.5281513   1.00000
 [8,]  17.1464530 286.6570030  39.1236400  24.389764   6.538280   5.6024390   1.5754930   8.0000000  18.5808600 386.05953
 [9,]   0.9994359  16.2845770 286.6080320  37.677380  24.358576   8.3243140   6.2024310   1.6616680   9.0000000  17.50845
[10,] 372.5556771   0.8651678  17.0353720 286.419965  44.888280  26.8301067   7.5096690   6.3596530   2.6727330  21.94031
[11,] 344.7452725   0.9981401  17.1014200 286.488571  39.706290  24.6645248   6.3892680   5.6293740   1.5618820  19.36399
[12,] 381.6700119   0.7292960  18.4225020 286.574911  43.568260  24.7996957   7.1690710   4.3732820   2.6398870  21.12608

$Refset$f
 [1]  870.7587  870.7587  883.6424  986.4306 1011.0035 1015.4149 1015.4688 1042.2604 1244.1615 1288.7795 1401.7066 1345.0938

$Refset$fpen
 [1]  870.7587  870.7587  883.6424  986.4306 1011.0035 1015.4149 1015.4688 1042.2604 1244.1615 1288.7795 1401.7066 1345.0938

$Refset$const
 [1]  9.859258 19.946060  2.636290 29.805318  1.519873 29.805318  1.519873  9.859258 19.946060  2.636290 10.096758 29.808443 19.711685  1.519873  2.636290 10.100176 29.785238 19.685062  1.520928  2.633167 11.445017 30.420920 18.975904
[24]  1.519284  2.582774 11.449197 30.397508 18.948311  1.520531  2.581123 11.544013 30.397561 18.853547  1.519295  2.585200 10.082146 29.797569 19.715423  1.522104  2.633033 10.675719 29.640347 18.964628  1.545044  2.435552 11.472046
[47] 30.370626 18.898580  1.536926  2.520004 14.049220 31.626718 17.577498  1.531400  2.411893 11.463448 30.302739 18.839291  1.525866  2.539971

$Refset$penalty
 [1] 0 0 0 0 0 0 0 0 0 0 0 0


