$f
 [1] 1304.5972  934.6059  777.9236  764.4809  760.8576  752.1372  749.5382  744.4722  739.0451  738.2170  737.3177  736.8299  735.9288  735.9097  735.0920  734.8819  734.4323  734.3889  732.6059  730.7344  728.9566  726.2448  726.0243
[24]  725.8698  725.5799  725.3177  725.1424  724.6771

$x
          [,1]     [,2]      [,3]     [,4]     [,5]     [,6]     [,7]     [,8]     [,9]    [,10]
 [1,] 19.21427 180.8143 0.4349015 29.03150 286.1137 41.87888 24.24604 6.399065 5.211702 3.455481
 [2,] 23.67167 248.8844 1.0000000 29.17021 286.1756 37.44542 31.36590 3.517491 2.627787 1.662376
 [3,] 23.20835 228.8844 0.7187500 30.00000 286.4006 37.64542 33.56774 2.223607 2.628660 1.662376
 [4,] 22.49673 228.4335 0.7596099 28.97346 286.3198 37.22694 33.37735 2.160187 3.573015 1.703479
 [5,] 22.91029 259.7395 0.9598219 28.53323 286.3557 37.22958 33.67307 2.251895 2.480499 1.338642
 [6,] 22.91029 259.7395 1.0000000 28.53323 286.3604 37.32977 33.67307 2.251895 2.505499 1.338642
 [7,] 23.17101 230.5115 0.7368843 29.93319 286.3770 37.44937 33.58334 2.249616 2.669301 1.628405
 [8,] 22.96637 238.5463 0.9098424 28.65800 286.3599 37.27836 33.37174 2.306518 3.232725 1.679419
 [9,] 22.96637 238.5463 0.7523424 28.65800 286.3599 37.28461 33.37174 2.306518 3.232725 1.667544
[10,] 22.87449 231.3855 0.7636074 29.97649 286.3689 37.38631 33.51942 2.278116 2.769056 1.567911
[11,] 22.87449 231.3855 0.7861074 29.97649 286.3689 37.38631 33.51942 2.265616 2.769056 1.573849
[12,] 22.86618 231.7568 0.7603387 29.97585 286.3680 37.38653 33.53037 2.278934 2.757702 1.568306
[13,] 22.84500 231.7783 0.7575414 29.97852 286.3682 37.37980 33.53436 2.287046 2.779219 1.566551
[14,] 22.84500 231.7783 0.7575414 29.97852 286.3682 37.37980 33.53436 2.280796 2.779219 1.566551
[15,] 22.88786 231.5563 0.7739895 29.96334 286.3721 37.39193 33.57355 2.307490 2.772704 1.568482
[16,] 22.87011 232.8633 0.8223167 29.93337 286.3742 37.37476 33.62629 2.311178 2.760696 1.574915
[17,] 22.87684 231.2647 0.7685181 30.00000 286.3721 37.39328 33.57973 2.307082 2.773908 1.564683
[18,] 22.87195 232.8662 0.8227239 29.93350 286.3739 37.37450 33.62166 2.311270 2.760734 1.574616
[19,] 22.82092 233.0848 0.8239065 29.96057 286.3764 37.34836 33.69161 2.314815 2.758222 1.559929
[20,] 22.83844 233.1198 0.8204811 29.95751 286.3804 37.32750 33.72923 2.329629 2.748211 1.539167
[21,] 22.89619 232.7385 0.8054352 29.89778 286.3809 37.35553 33.76550 2.317851 2.769942 1.561845
[22,] 22.94716 232.4332 0.8221547 29.94507 286.3799 37.34065 33.76145 2.332340 2.750226 1.553657
[23,] 22.88848 233.0391 0.8228277 29.93187 286.3797 37.34702 33.75938 2.332533 2.754315 1.553327
[24,] 22.88992 233.0349 0.8225563 29.93577 286.3797 37.34730 33.75912 2.332502 2.751644 1.553450
[25,] 22.88992 233.0349 0.8225563 29.93577 286.3797 37.34730 33.75912 2.332502 2.751644 1.552708
[26,] 22.82309 232.9998 0.8211146 29.91747 286.2704 37.27470 33.39384 2.333978 2.750186 1.552536
[27,] 22.82309 232.9998 0.8211146 29.91747 286.2704 37.27470 33.39384 2.346478 2.750186 1.552536
[28,] 22.81967 232.9998 0.8211146 29.91747 286.2704 37.27470 33.39384 2.346478 2.750186 1.552536

$time
elapsed elapsed elapsed elapsed elapsed elapsed elapsed elapsed elapsed elapsed elapsed elapsed elapsed elapsed elapsed elapsed elapsed elapsed elapsed elapsed elapsed elapsed elapsed elapsed elapsed elapsed elapsed elapsed 
   2.78    5.96    9.47   19.97   29.18   44.19   60.60   63.75   79.61  125.21  126.97  142.69  149.77  161.43  167.99  178.52  181.80  188.24  202.96  205.99  209.49  218.72  301.10  344.32  345.80  364.68  380.08 1180.39 

$neval
 [1]   106   252   410   831  1248  1887  2558  2693  3324  5368  5451  6139  6410  6898  7168  7577  7717  7988  8599  8735  8872  9288 12795 14603 14677 15483 16114 50126

$fbest
[1] 724.6771

$xbest
 [1]  22.8196715 232.9998032   0.8211146  29.9174749 286.2704107  37.2746971  33.3938363   2.3464781   2.7501857   1.5525364

$numeval
[1] 50126

$end_crit
[1] 1

$cpu_time
elapsed 
1180.39 

$Refset
$Refset$x
             [,1]        [,2]       [,3]        [,4]        [,5]        [,6]        [,7]        [,8]       [,9]       [,10]
 [1,]   1.0000000  22.8923400 233.154900   0.8226834  29.9578200 286.3800000  37.3372700  33.7630200   2.331369   2.7314170
 [2,]   1.5467740   2.0000000  22.891800 233.1360000   0.8226214  29.9594200 286.3800000  37.3370000  33.762650   2.3314930
 [3,]   2.7316420   1.5468090   3.000000  22.8919100 233.1380000   0.8226459  29.9590400 286.3800000  37.338340  33.7618000
 [4,]   2.3314240   2.7315480   1.546651   4.0000000  22.8856400 233.4242000   0.8226295  29.9396700 286.380000  37.3373100
 [5,]  33.7625500   2.3314250   2.734582   1.5467280   5.0000000  22.8176600 233.8591000   0.8226735  29.957890 286.3755000
 [6,]  37.3414200  33.6648100   2.331454   2.7318720   1.5462650   6.0000000  22.8869500 233.1740000   0.824635  29.9586500
 [7,] 286.3787000  37.3294100  33.737510   2.3311390   2.7315220   1.5470730   7.0000000  22.8945400 233.497500   0.8221874
 [8,]  29.8891300 286.3801000  37.335990  33.7587200   2.3193250   2.7480080   1.5574430   8.0000000  22.886310 233.2177000
 [9,]   0.8235371  29.8655400 286.378300  37.2630900  33.7424100   2.3308230   2.7473950   1.5462110   9.000000  22.8374200
[10,] 233.8651000   0.8258284  29.232140 286.3739000  37.2960500  33.7827500   2.3506650   3.1071660   1.537062  21.0269300
[11,] 228.6064000   0.8667717  29.957180 285.9791000  38.0074000  34.5696000   2.3215210   2.7213010   1.522005  22.9283500
[12,] 232.2434000   0.8203685  29.919690 286.3881000  37.3492000  33.7249400   2.3024740   2.6116930   1.525289  23.6388700

$Refset$f
 [1] 725.2483 725.2483 725.2483 725.5382 728.1563 727.2535 731.0243 738.1198 746.7500 797.3542 764.4323 780.9722

$Refset$fpen
 [1] 725.2483 725.2483 725.2483 725.5382 728.1563 727.2535 731.0243 738.1198 746.7500 797.3542 764.4323 780.9722

$Refset$const
 [1] 27.226400 33.268580  6.042182  1.503817  3.491612 27.227780 33.268360  6.040577  1.503815  3.491607 27.227490 33.268450  6.040960  1.503829  3.491339 27.205090 33.265420  6.060331  1.503814  3.491569 27.226010 33.268130  6.042114
[24]  1.505119  3.476330 27.227130 33.268480  6.041345  1.504120  3.488610 27.141120 33.251990  6.110869  1.503818  3.491279 27.118140 33.252610  6.134464  1.503727  3.496860 26.124980 32.892830  6.767859  1.504253  3.496143 27.235880
[47] 33.278700  6.042816  1.558458  3.344524 27.308000 33.388310  6.080308  1.503048  3.489143 27.216820 33.263620  6.046803  1.503900  3.490010

$Refset$penalty
 [1] 0 0 0 0 0 0 0 0 0 0 0 0


