$f
 [1] 2485.80382  440.59896  278.55208  268.06250  154.44792  140.81250  120.01215  119.21875  106.37674  104.70660   90.50521   86.59722   82.00694   78.40278   77.85764   77.41319   68.12847   66.52951   62.84896   62.71701   62.56424
[22]   62.39931   62.31944   61.77431   61.72743   61.72396   61.61806   61.14757   61.00521   60.92014   60.89236   60.87326   60.86285   60.85590   60.74826   60.74132   60.74132

$x
           [,1]     [,2]      [,3]     [,4]     [,5]     [,6]     [,7]     [,8]      [,9]    [,10]
 [1,] 14.808350 119.5242 0.9406399 21.36342 286.6003 44.87636 27.91086 6.703966  9.640917 2.561845
 [2,] 14.987509 142.0294 1.0000000 21.31553 286.7771 48.00000 24.00000 7.141324 10.000000 1.200000
 [3,] 16.083394 127.8597 0.4822366 21.31553 286.7771 47.59922 24.00000 7.141324  9.537012 1.200000
 [4,] 20.256155 312.4773 0.4457046 19.03051 286.0666 37.04478 29.21484 2.971373  5.430452 3.272701
 [5,] 13.953474 267.5609 0.4909900 20.09772 286.1903 44.37388 29.28223 7.525136  6.453852 2.957049
 [6,] 11.578061 402.2182 0.7641822 21.45044 285.8024 43.36869 28.25636 6.938566  2.099022 1.539300
 [7,] 11.578061 402.1401 0.8091822 21.46216 285.7977 43.36869 28.17511 6.938566  2.099022 1.534847
 [8,] 10.206420 293.2830 0.2806364 18.72485 285.7887 44.99850 28.67964 7.044580  6.761920 1.605669
 [9,] 10.206420 293.2830 0.2806364 18.72485 285.7957 44.99850 28.59839 7.069580  6.736920 1.581548
[10,]  9.766425 293.3461 0.3193711 18.57296 285.7950 45.50752 28.69585 7.094652  6.920848 1.415366
[11,]  9.766425 293.6586 0.2757774 18.57296 285.7997 45.50752 28.45210 7.094652  6.919286 1.415366
[12,] 11.073721 296.1943 0.4289756 19.08270 285.7680 44.56438 28.12769 7.065445  6.654859 1.894924
[13,] 11.073721 296.1943 0.4528818 19.08270 285.7653 44.56438 28.12769 7.065445  6.648609 1.883049
[14,] 10.547855 296.2358 0.2983304 18.77468 285.7721 44.45685 28.48301 7.072493  6.654270 1.864690
[15,] 10.547855 296.2358 0.2983304 18.77468 285.7721 44.45685 28.48301 7.072493  6.641770 1.864690
[16,] 11.423421 298.4208 0.4637367 19.13502 285.6432 44.37819 27.11801 6.955989  6.788820 2.061109
[17,] 11.423421 297.1708 0.4637367 18.94752 285.6432 44.35319 27.11801 6.955989  6.776320 2.049234
[18,] 11.461017 292.6328 0.4337808 19.16075 285.6598 44.59501 27.17183 6.964457  6.614841 2.035027
[19,] 11.461017 292.6328 0.3880777 19.16075 285.6598 44.59501 27.17183 6.964457  6.602341 2.035027
[20,] 11.368639 295.5835 0.3879564 19.15209 285.6556 44.62807 27.12854 6.973799  6.526546 2.021345
[21,] 11.368639 295.5835 0.3879564 19.15209 285.6556 44.62807 27.12854 6.973799  6.529671 2.024313
[22,] 11.378493 293.1790 0.3871510 19.15172 285.6572 44.63498 27.13401 6.973410  6.633487 2.030510
[23,] 11.491448 292.4830 0.3885946 19.15358 285.6610 44.67941 27.15128 6.967958  6.587594 2.028394
[24,] 11.509955 292.0107 0.3895503 19.15155 285.6598 44.66392 27.14857 6.968178  6.600525 2.029532
[25,] 11.524587 291.3522 0.3891363 19.15158 285.6612 44.66985 27.15215 6.969204  6.604333 2.029144
[26,] 11.521579 291.3896 0.3893805 19.15198 285.6612 44.66451 27.15191 6.968922  6.612575 2.029540
[27,] 11.521579 291.3896 0.3893805 19.15271 285.6612 44.66451 27.15191 6.968922  6.609450 2.029540
[28,] 11.605947 288.8630 0.3870102 19.16249 285.6574 44.64224 27.12919 6.973961  6.595335 2.025913
[29,] 11.605947 288.8630 0.3870102 19.16249 285.6574 44.64224 27.12919 6.973961  6.598460 2.025913
[30,] 11.585934 290.7975 0.3871286 19.17195 285.6580 44.62673 27.14960 6.974154  6.537442 2.026314
[31,] 11.585934 290.7975 0.3870847 19.17195 285.6580 44.62673 27.14960 6.974154  6.540567 2.026314
[32,] 11.587950 291.1283 0.3869320 19.16900 285.6580 44.62684 27.15159 6.974196  6.525498 2.026144
[33,] 11.587950 291.1087 0.3869320 19.16900 285.6580 44.62684 27.15159 6.974196  6.525498 2.026144
[34,] 11.587548 291.3786 0.3861081 19.14637 285.6583 44.62664 27.15549 6.973600  6.535956 2.026074
[35,] 11.585295 291.3510 0.3855380 19.14334 285.6584 44.62761 27.15544 6.973579  6.537924 2.026200
[36,] 11.590960 291.2863 0.3850799 19.14489 285.6586 44.62809 27.16017 6.974097  6.532515 2.026294
[37,] 11.590960 291.2863 0.3850799 19.14489 285.6586 44.62809 27.16017 6.974097  6.532515 2.026294

$time
elapsed elapsed elapsed elapsed elapsed elapsed elapsed elapsed elapsed elapsed elapsed elapsed elapsed elapsed elapsed elapsed elapsed elapsed elapsed elapsed elapsed elapsed elapsed elapsed elapsed elapsed elapsed elapsed elapsed elapsed 
   2.22    5.76    9.81   16.59   23.15   32.81   45.98  110.64  113.22  148.26  150.81  238.09  240.37  282.29  284.08  366.78  369.18  465.43  467.64  522.61  525.15  531.53  534.68  537.78  541.00  544.84  560.72  802.26  804.03  875.92 
elapsed elapsed elapsed elapsed elapsed elapsed elapsed 
 878.50  950.36  952.18 1000.84 1009.39 1145.61 1217.81 

$neval
 [1]   106   253   396   683   962  1373  1892  4582  4686  6151  6255  9915 10011 11772 11849 15245 15343 19282 19373 21680 21759 22032 22166 22300 22434 22569 23187 33059 33132 36132 36210 39334 39408 41443 41781 47318 50116

$fbest
[1] 60.74132

$xbest
 [1]  11.5909597 291.2863106   0.3850799  19.1448869 285.6585869  44.6280890  27.1601732   6.9740971   6.5325155   2.0262937

$numeval
[1] 50116

$end_crit
[1] 1

$cpu_time
elapsed 
1217.81 

$Refset
$Refset$x
             [,1]        [,2]       [,3]        [,4]        [,5]        [,6]        [,7]        [,8]        [,9]       [,10]
 [1,]   1.0000000  13.3693900 195.145400   0.7336255  19.3571000 284.5978000  38.1720900  30.7329400   5.0494540   9.3104510
 [2,]   3.8107550   2.0000000  11.591180 291.2826000   0.3850292  19.1450100 285.6586000  44.6280600  27.1552600   6.9741100
 [3,]   6.5323180   2.0262930   3.000000  11.5907000 291.2652000   0.3849692  19.1433100 285.6586000  44.6284400  27.1622700
 [4,]   6.9741050   6.5340380   2.026229   4.0000000  11.5908000 291.2876000   0.3850505  19.1447100 285.6586000  44.6281900
 [5,]  27.1606500   6.9741000   6.532605   2.0261860   5.0000000  11.5911400 291.2725000   0.3850079  19.1445800 285.6586000
 [6,]  44.6281100  27.1552900   6.974173   6.5325980   2.0262950   6.0000000  11.5910900 291.2863000   0.3850698  19.1448900
 [7,] 285.6586000  44.6281000  27.158480   6.9740530   6.5326300   2.0263590   7.0000000  11.5911100 291.2908000   0.3850469
 [8,]  19.1449200 285.6586000  44.628070  27.1556400   6.9740430   6.5324160   2.0262950   8.0000000  11.5910000 291.2861000
 [9,]   0.3850657  19.1448600 285.658600  44.6280800  27.1601500   6.9740980   6.5325140   2.0264010   9.0000000  11.5911300
[10,] 291.2810000   0.3850506  19.144960 285.6586000  44.6280600  27.1564500   6.9741040   6.5325040   2.0263010  11.5904400
[11,] 290.3953000   0.3793676  19.145390 285.6586000  44.6380100  27.1551300   6.9739800   6.5426780   2.0262210  11.5935400
[12,] 291.3705000   0.3864286  19.160850 285.6572000  44.3991600  27.2471800   6.9702010   6.5174070   2.0254690  10.7659300

$Refset$f
 [1] 2245.87153   60.74132   60.74132   60.74132   60.74132   60.74132   60.74132   60.74132   60.74132   60.76389   79.04514  400.25521

$Refset$fpen
 [1] 2245.87153   60.74132   60.74132   60.74132   60.74132   60.74132   60.74132   60.74132   60.74132   60.76389   79.04514  400.25521

$Refset$const
 [1] 10.046650 26.689550 16.642900  1.765461  2.618188 12.612690 29.467680 16.854990  1.616194  2.266232 12.609280 29.465960 16.856690  1.616210  2.266596 12.612100 29.467400 16.855290  1.616208  2.266516 12.611990 29.467400 16.855420
[24]  1.616192  2.266236 12.612260 29.467370 16.855110  1.616204  2.266398 12.612510 29.467580 16.855080  1.616195  2.266252 12.612340 29.467490 16.855140  1.616207  2.266491 12.612450 29.467500 16.855040  1.616198  2.266295 12.602720
[47] 29.457320 16.854610  1.616178  2.265903 12.643440 29.482590 16.839150  1.616928  2.278319 15.278020 32.080280 16.802260  1.628805  2.150318

$Refset$penalty
 [1] 0 0 0 0 0 0 0 0 0 0 0 0


