$f
 [1] 8062.391 5127.724 4148.830 4078.165 3463.943 3448.207 3439.179 3336.932 3308.681 3300.962 3299.660 3250.274 3103.306 3043.863 3043.696 3008.076 2987.113 2986.240 2970.391 2942.686 2928.788 2927.280 2925.569 2925.536 2919.413 2917.884
[27] 2914.266 2913.759 2913.750

$x
          [,1]     [,2]      [,3]     [,4]     [,5]     [,6]     [,7]     [,8]     [,9]    [,10]
xbest 22.47102 364.9936 0.7054502 22.94229 285.4219 28.79421 24.16751 8.014179 2.500628 3.881023
xbest 21.30375 371.7777 0.1000000 17.89645 284.5456 30.38479 25.69819 2.031978 6.408203 1.749007
xbest 21.30375 371.7777 0.1000000 17.52145 284.6956 30.38479 25.31212 3.401570 6.871042 3.404085
xbest 22.83997 494.0910 0.7608321 19.77145 286.5333 34.90920 24.48031 7.886108 4.943515 5.000000
xbest 22.91903 500.0000 1.0000000 19.73256 286.7427 34.87704 24.00163 5.446917 4.794279 3.665987
xbest 22.85789 499.9731 0.9910374 19.70477 286.6892 35.02058 24.04754 4.666716 4.987548 3.363461
xbest 22.84022 499.9708 1.0000000 19.65186 286.6753 35.01533 24.06575 5.097516 4.830549 3.514255
xbest 22.83621 500.0000 0.9538208 19.63958 286.6781 35.01078 24.06893 2.364934 5.084133 3.086191
xbest 22.83621 500.0000 0.9538208 19.45208 286.6781 35.01078 24.06893 2.389934 5.084133 3.086191
xbest 22.94125 493.7705 0.9990721 19.73484 286.7053 35.57236 24.00000 5.451153 4.473551 2.077826
xbest 22.96710 493.1087 1.0000000 19.73408 286.7028 35.51392 24.00000 5.449546 4.541162 2.196874
xbest 23.04217 489.5051 0.9400283 19.72616 286.6990 35.41544 24.02518 6.428410 4.612253 3.979436
xbest 23.04290 492.0051 1.0000000 19.72762 286.6990 35.41544 24.32500 6.528606 4.512253 3.979436
xbest 22.93800 484.7724 0.9999397 19.46695 286.6949 35.50049 24.12804 6.326613 4.851659 2.978045
xbest 22.93800 484.7724 0.9999397 19.46677 286.6949 35.50049 24.12804 6.326613 4.851659 2.978045
xbest 23.00554 490.0264 0.8774189 20.32448 286.6969 35.60396 24.09450 6.337790 4.174530 2.953096
xbest 22.72429 492.8215 0.9414032 20.32448 286.6969 35.60396 24.11989 6.337790 4.174530 2.943262
xbest 22.69019 485.6124 0.7762626 21.02952 286.6970 35.57735 24.14496 6.329882 3.752902 2.987878
xbest 22.69019 485.6124 0.7762626 21.03538 286.6958 35.57735 24.10433 6.331444 3.765402 2.981941
xbest 22.74923 486.0043 0.7774919 22.53400 286.6963 35.57021 24.18270 6.332551 2.582683 3.018581
xbest 22.74923 486.0043 0.8319850 22.53400 286.6963 35.57021 24.19033 6.332551 2.585808 3.015612
xbest 22.44338 472.3279 0.7867276 23.88085 286.6931 35.57691 24.24091 6.333317 2.000000 3.012480
xbest 22.44338 472.2889 0.8092276 23.88085 286.6931 35.57769 24.24091 6.333512 2.000000 3.012480
xbest 22.49124 470.5894 0.7954230 23.84475 286.6965 35.57743 24.22358 6.333396 2.072596 3.010228
xbest 22.49124 470.6675 0.7964777 23.84475 286.6965 35.57743 24.22358 6.333006 2.072596 3.008743
xbest 22.44308 471.5867 0.8465916 23.88248 286.6929 35.57639 24.24406 6.333353 2.055983 3.008322
xbest 22.41072 470.4181 0.8051177 23.77558 286.6909 35.58205 24.18852 6.334384 2.170232 3.010091
xbest 22.41072 470.3400 0.8051177 23.77558 286.6909 35.58205 24.18852 6.334384 2.170232 3.009349
xbest 22.41072 470.3400 0.8051177 23.77558 286.6909 35.58205 24.18852 6.334384 2.170232 3.010091

$time
elapsed elapsed elapsed elapsed elapsed elapsed elapsed elapsed elapsed elapsed elapsed elapsed elapsed elapsed elapsed elapsed elapsed elapsed elapsed elapsed elapsed elapsed elapsed elapsed elapsed elapsed elapsed elapsed elapsed 
   8.03   22.92   35.84   49.45   62.17   87.47  100.84  113.47  170.61  195.44  220.73  232.83  305.30  535.87  542.22  867.06  876.47 1096.97 1105.66 1156.52 1239.92 1454.53 1462.91 1673.73 1681.98 1746.33 1783.31 1815.53 1822.95 

$neval
 [1]   106   266   413   561   708   990  1132  1274  1918  2191  2462  2600  3398  6107  6181  9717  9825 12263 12362 12912 13839 16166 16255 18552 18646 19322 19727 20074 20075

$fbest
[1] 2913.75

$xbest
 [1]  22.4107151 470.3400044   0.8051177  23.7755817 286.6908752  35.5820519  24.1885169   6.3343838   2.1702320   3.0100908

$numeval
[1] 20075

$end_crit
[1] 2

$cpu_time
elapsed 
1822.95 

$Refset
$Refset$x
           [,1]       [,2]       [,3]       [,4]       [,5]      [,6]      [,7]      [,8]       [,9]     [,10]
 [1,] 470.34000  23.775582 35.5820519   6.334384   3.009349 470.34000 23.775582 35.582052   6.334384  3.009349
 [2,]  35.58205   6.334384  3.0093486 470.340004  23.775582  35.58205  6.334384  3.009349 470.340004 23.775582
 [3,] 470.66750  23.844746 35.5774280   6.333006   3.008743 470.66750 23.844746 35.577428   6.333006  3.008743
 [4,]  35.57743   6.333006  3.0087432 470.667499  23.844746  35.57743  6.333006  3.008743 470.667499 23.844746
 [5,]  22.44615 471.408593  0.8240934  23.894382 286.693998  35.57639 24.240540  6.333696   2.044022  3.008795
 [6,]  22.41454 470.513422  0.8045529  23.804247 286.691763  35.58119 24.201072  6.334044   2.145881  3.010414
 [7,]  22.44288 472.311417  0.7726955  23.881394 286.692695  35.57748 24.240650  6.333316   2.000000  3.012461
 [8,]  22.79355 482.850211  0.7883157  22.686606 286.704695  35.59392 24.181528  6.331450   2.529431  3.012862
 [9,]  22.44676 471.730709  0.7700164  23.891184 286.693283  35.57507 24.254303  6.333283   2.000000  3.013278
[10,]  22.82203 483.124659  0.7853399  22.615083 286.698932  35.58800 24.136059  6.332871   2.563708  3.006022
[11,]  22.43743 471.875860  0.7825651  23.929687 286.695224  35.56195 24.241673  6.333149   2.000040  3.011270
[12,]  22.81147 482.812633  0.7878263  22.693398 286.698909  35.58925 24.124568  6.332787   2.524235  3.009371

$Refset$f
 [1] 2913.759 2913.759 2919.413 2919.413 2921.514 2920.780 2924.887 2926.349 2926.606 2926.884 2927.458 2926.767

$Refset$fpen
 [1] 2913.759 2913.759 2919.413 2919.413 2921.514 2920.780 2924.887 2926.349 2926.606 2926.884 2927.458 2926.767

$Refset$const
          [,1]      [,2]      [,3]      [,4]     [,5]
 [1,] 33.82977  1.508776 21.605350 12.224418 2.764876
 [2,] 21.60535 12.224418  2.764876 33.829768 1.508776
 [3,] 33.92740  1.507987 21.772149 12.155254 2.770495
 [4,] 21.77215 12.155254  2.770495 33.927404 1.507987
 [5,] 21.85036 33.955978 12.105618  1.508199 2.771033
 [6,] 21.65837 33.854119 12.195753  1.508623 2.766384
 [7,] 21.88139 34.000000 12.118606  1.508349 2.770449
 [8,] 20.15718 33.470569 13.313394  1.507273 2.769155
 [9,] 21.89118 34.000000 12.108816  1.508221 2.772029
[10,] 20.05138 33.436292 13.384917  1.508090 2.763196
[11,] 21.92965 33.999960 12.070313  1.508016 2.772493
[12,] 20.16916 33.475765 13.306602  1.508142 2.762110

$Refset$penalty
 [1] 0 0 0 0 0 0 0 0 0 0 0 0


