$f
 [1] 3555.2483 1668.1840 1360.4983 1329.6649 1308.5451 1286.7951 1275.6788 1254.3316 1216.0399 1063.3542 1058.4861 1047.2569  987.6424  753.7257  752.2135

$x
          [,1]     [,2]      [,3]     [,4]     [,5]     [,6]     [,7]     [,8]     [,9]    [,10]
xbest 26.27464 125.5108 0.2397875 18.95553 286.1922 40.31030 26.24143 3.463463 7.909639 1.260459
xbest 20.59873 182.1839 0.9523116 16.55103 286.9081 47.28969 24.00000 4.428687 6.217771 1.464654
xbest 20.00000 182.1839 0.9944991 17.23072 286.8519 47.28969 24.32500 4.328687 6.225583 1.472076
xbest 20.20278 102.1481 0.4775670 18.69433 286.3756 43.14946 24.82569 5.585914 9.455573 1.534398
xbest 21.08236 121.2821 1.0000000 20.39216 286.7296 44.59414 24.00000 3.504189 7.974933 2.260460
xbest 21.38355 114.2093 0.9938221 18.72169 286.7461 44.36206 25.06729 3.618666 9.042713 2.105813
xbest 20.63561 110.0930 0.4852597 18.30935 286.4030 43.12642 24.66575 5.271567 8.674326 1.716787
xbest 20.63561 110.0930 0.5752597 18.30935 286.4030 43.12642 24.66575 5.271567 8.674326 1.716787
xbest 20.19170 100.0000 0.1874586 19.27871 286.4145 43.78467 24.84041 6.171915 8.739902 1.579015
xbest 20.00000 100.0000 0.1534666 19.27871 286.4145 44.18545 26.80186 6.178177 8.433055 1.579015
xbest 20.69806 100.4255 0.7960800 20.33413 286.6766 37.95604 24.08429 6.939025 8.863666 2.253377
xbest 20.74494 120.4255 0.7510800 20.33413 286.6766 37.95448 24.08429 6.939025 8.863666 2.253377
xbest 20.62560 101.0055 0.8180590 20.28909 286.6747 38.68944 24.05733 7.484963 8.887342 2.223415
xbest 20.00000 100.0000 0.9971875 20.33805 286.6417 38.63847 24.23304 7.516951 9.305047 2.234996
xbest 20.00000 100.1562 0.9975391 20.33805 286.6417 38.63847 24.19241 7.516951 9.317547 2.234996

$time
elapsed elapsed elapsed elapsed elapsed elapsed elapsed elapsed elapsed elapsed elapsed elapsed elapsed elapsed elapsed 
   2.55    7.10   10.61   28.44   32.50   35.69   42.30   47.22   54.63   85.58  398.41  400.52  418.05  441.44 1271.80 

$neval
 [1]   106   276   420  1121  1259  1393  1663  1873  2143  3365 15203 15291 15963 16873 50050

$fbest
[1] 752.2135

$xbest
 [1]  20.0000000 100.1562500   0.9975391  20.3380523 286.6417395  38.6384666  24.1924118   7.5169508   9.3175473   2.2349958

$numeval
[1] 50050

$end_crit
[1] 1

$cpu_time
elapsed 
 1271.8 

$Refset
$Refset$x
          [,1]     [,2]      [,3]     [,4]     [,5]     [,6]     [,7]     [,8]     [,9]    [,10]
 [1,] 20.30445 114.1931 0.8849187 20.38136 286.5762 38.06355 24.31618 6.973357 8.895676 2.376209
 [2,] 20.30426 114.2045 0.8848650 20.38329 286.5761 38.05495 24.31337 6.973303 8.895101 2.374327
 [3,] 20.30505 114.2030 0.8825116 20.37978 286.5779 38.06030 24.33986 6.973317 8.895728 2.376579
 [4,] 20.30469 114.2138 0.8846819 20.38036 286.5761 38.06316 24.31078 6.973347 8.895366 2.375758
 [5,] 20.30427 114.1921 0.8846785 20.38257 286.5761 38.05949 24.31421 6.973406 8.895330 2.375679
 [6,] 20.30440 114.1701 0.8844576 20.38427 286.5761 38.06295 24.31741 6.973363 8.895590 2.377437
 [7,] 20.30308 114.3428 0.8842921 20.37534 286.5771 38.05686 24.32658 6.973090 8.893946 2.376460
 [8,] 20.30578 114.1673 0.8848353 20.38349 286.5761 38.05595 24.31403 6.973315 8.894812 2.374500
 [9,] 20.30431 114.1766 0.8849759 20.38203 286.5761 38.05817 24.31070 6.973527 8.896820 2.376419
[10,] 20.30445 114.1915 0.8849230 20.38185 286.5762 38.06299 24.31616 6.973342 8.895555 2.376077
[11,] 20.21001 112.5191 0.8009994 20.36372 286.5636 38.25560 24.29612 6.973878 9.013117 2.479890
[12,] 21.03571 119.1725 0.8470497 15.58302 286.5797 37.40289 24.47761 6.940338 8.880698 2.320383

$Refset$f
 [1]  850.4896  850.4896  850.4896  850.4896  850.4896  850.4896  850.4896  850.4896  850.4896  850.4896  879.6840 1771.8750

$Refset$fpen
 [1]  850.4896  850.4896  850.4896  850.4896  850.4896  850.4896  850.4896  850.4896  850.4896  850.4896  879.6840 1771.8750

$Refset$const
           [,1]     [,2]     [,3]     [,4]     [,5]
 [1,] 11.485685 27.10432 15.61864 1.526300 2.599454
 [2,] 11.488191 27.10490 15.61671 1.526310 2.599596
 [3,] 11.484047 27.10427 15.62022 1.526050 2.601995
 [4,] 11.484994 27.10463 15.61964 1.526329 2.599014
 [5,] 11.487244 27.10467 15.61743 1.526310 2.599459
 [6,] 11.488676 27.10441 15.61573 1.526312 2.599517
 [7,] 11.481391 27.10605 15.62466 1.526173 2.600851
 [8,] 11.488681 27.10519 15.61651 1.526307 2.599606
 [9,] 11.485209 27.10318 15.61797 1.526318 2.599257
[10,] 11.486293 27.10444 15.61815 1.526298 2.599482
[11,] 11.350608 26.98688 15.63628 1.527989 2.584403
[12,]  6.702317 27.11930 20.41698 1.524308 2.645637

$Refset$penalty
 [1] 0 0 0 0 0 0 0 0 0 0 0 0


