$f
 [1] 2353.6302  822.2326  494.8698  459.8299  400.7257  396.7031  368.8750  357.2361  337.7378  288.6181  288.5868  288.1771  286.6510  275.8542  275.7708  266.3177  265.4653  265.0764  264.1163  263.9149  263.7778  263.6806  263.5451
[24]  263.4844  263.2917  263.2101  262.9792  261.9462  261.4809  260.7587  260.2361  259.7431  259.1042  258.7274  258.0417  257.6059  257.5660  257.4809  257.3507  257.1111  257.0747  256.9931  256.9566  256.7326  256.7326

$x
          [,1]     [,2]      [,3]     [,4]     [,5]     [,6]     [,7]     [,8]     [,9]    [,10]
xbest 24.79000 337.0400 0.2529000 17.72000 285.5400 45.67000 29.49000 2.970000 2.000000 2.690000
xbest 20.00000 177.4187 0.1000000 24.37498 286.2404 35.04948 24.55019 6.602697 8.192124 2.496158
xbest 20.00000 177.4187 0.1115962 24.18748 286.3904 38.24948 25.25812 6.602697 7.392124 1.688658
xbest 24.32293 275.8126 0.1000000 19.10011 286.5312 37.87789 24.00000 5.860910 6.880401 4.206256
xbest 24.06917 276.9368 0.1000000 19.34612 286.5291 37.68692 24.00000 6.293164 6.740280 4.788238
xbest 24.22153 278.7220 0.1013599 19.32401 286.5287 37.72158 24.01050 6.298372 6.777607 4.630976
xbest 24.29148 275.8781 0.1049859 19.11383 286.5307 37.83339 24.01885 6.103331 6.788801 3.726611
xbest 23.23643 255.1201 0.1503735 19.78916 286.6463 38.13601 25.01496 6.490448 7.212239 2.267467
xbest 22.67406 264.2402 0.1404378 19.21189 286.6310 37.97998 24.73478 6.907440 7.008799 2.230710
xbest 22.67406 264.4015 0.1000000 19.18841 286.6213 37.97998 24.71443 6.919965 7.133848 2.208447
xbest 22.14595 288.0981 0.1176441 18.64697 286.5883 38.12535 24.92900 6.976978 6.957330 2.284436
xbest 22.40514 281.0193 0.1128616 18.98113 286.5873 38.09641 24.92092 6.971688 6.947742 2.303633
xbest 22.29215 285.3672 0.1193033 18.98895 286.5766 38.15848 24.86899 6.975851 6.844693 2.376488
xbest 22.29215 284.1172 0.1193033 18.98895 286.5766 38.25848 24.62524 6.975851 6.844693 2.364613
xbest 22.32072 286.2783 0.1171232 19.01605 286.5747 38.17070 24.86949 6.969379 6.827680 2.371637
xbest 22.33850 286.3581 0.1141078 19.01643 286.5747 38.16667 24.87676 6.969392 6.828015 2.370890
xbest 22.32678 286.3581 0.1141078 19.01496 286.5747 38.16667 24.87676 6.969392 6.828015 2.371632
xbest 22.38137 286.7140 0.1190548 18.95065 286.5857 38.25934 24.69764 6.972197 6.800546 2.369985
xbest 22.38137 286.7140 0.1190548 18.95065 286.5857 38.25934 24.69764 6.972197 6.803671 2.369985
xbest 22.32913 288.6200 0.1170494 18.99004 286.5725 38.18742 24.89952 6.969858 6.746086 2.370568
xbest 22.43537 286.1666 0.1176369 18.95932 286.5879 38.29294 24.64237 6.974025 6.790226 2.369739
xbest 22.44602 286.1821 0.1173104 18.95413 286.5892 38.29455 24.62303 6.974017 6.790717 2.369969
xbest 22.44602 286.1821 0.1173104 18.95413 286.5892 38.29455 24.62303 6.974017 6.793842 2.369969
xbest 22.43397 286.5878 0.1185802 18.93235 286.5836 38.28775 24.67041 6.973809 6.786301 2.368027
xbest 22.43299 286.7605 0.1181738 18.92739 286.5857 38.28639 24.66683 6.974852 6.789448 2.367683
xbest 22.43307 286.7233 0.1181144 18.92698 286.5857 38.28637 24.66120 6.975528 6.789328 2.367663
xbest 22.46419 286.7373 0.1177564 18.90344 286.5871 38.29814 24.67265 6.975276 6.789502 2.360805
xbest 22.72622 286.5283 0.1180807 18.93491 286.5870 38.30442 24.68377 6.973356 6.622446 2.351753
xbest 22.72622 286.5283 0.1181686 18.93491 286.5870 38.30442 24.68377 6.973356 6.619321 2.351753
xbest 22.82737 286.4184 0.1182189 18.93013 286.5871 38.30323 24.68777 6.971929 6.573277 2.345911
xbest 22.82737 286.4184 0.1182189 18.92940 286.5871 38.30323 24.68777 6.972026 6.570152 2.345911
xbest 22.93072 287.7389 0.1150343 18.91113 286.5843 38.30200 24.68034 6.972997 6.494705 2.352938
xbest 22.93072 287.7389 0.1150343 18.91113 286.5843 38.30200 24.68034 6.972997 6.504080 2.352938
xbest 22.95461 287.7658 0.1150150 18.91080 286.5855 38.30000 24.68187 6.973185 6.479551 2.352770
xbest 23.16557 287.8166 0.1143048 18.90341 286.5848 38.30396 24.68865 6.973488 6.359063 2.349242
xbest 23.16735 287.5640 0.1134937 18.89832 286.5860 38.30706 24.68931 6.973725 6.389060 2.349328
xbest 23.17726 287.9250 0.1137895 18.89880 286.5852 38.30611 24.68342 6.973473 6.366027 2.347768
xbest 23.18936 288.5681 0.1138281 18.89581 286.5849 38.30731 24.68250 6.973592 6.329671 2.346406
xbest 23.17583 288.3404 0.1142395 18.89880 286.5851 38.30601 24.68072 6.973783 6.336498 2.346721
xbest 23.19688 287.9088 0.1138707 18.89479 286.5853 38.30640 24.67147 6.973733 6.356039 2.349154
xbest 23.20303 287.9957 0.1138566 18.89481 286.5842 38.30464 24.67429 6.973706 6.349234 2.349298
xbest 23.09746 287.8545 0.1137152 18.87775 286.5861 38.30878 24.65972 6.973573 6.433203 2.349308
xbest 23.09785 288.0066 0.1136658 18.87276 286.5856 38.31141 24.67175 6.973935 6.430859 2.349586
xbest 23.17608 288.0496 0.1137638 18.88954 286.5853 38.30922 24.67042 6.973719 6.362650 2.349324
xbest 23.17608 288.0496 0.1137638 18.88954 286.5853 38.30922 24.67042 6.973719 6.362650 2.349324

$time
elapsed elapsed elapsed elapsed elapsed elapsed elapsed elapsed elapsed elapsed elapsed elapsed elapsed elapsed elapsed elapsed elapsed elapsed elapsed elapsed elapsed elapsed elapsed elapsed elapsed elapsed elapsed elapsed elapsed elapsed 
   1.93    6.31    9.10   21.12   24.14   30.32   33.87   36.73   39.70   42.54   57.84   69.65   73.17   75.23   96.01  104.48  106.40  187.34  189.71  293.56  362.28  400.37  401.73  425.46  468.59  488.04  519.84  647.50  648.98  654.48 
elapsed elapsed elapsed elapsed elapsed elapsed elapsed elapsed elapsed elapsed elapsed elapsed elapsed elapsed elapsed 
 678.87  759.06  760.64  772.17  778.53  800.45  818.71  831.54  837.50  843.87  864.98  963.51  988.64 1026.35 1079.85 

$neval
 [1]   106   271   407   975  1119  1401  1544  1686  1824  1965  2661  3205  3343  3436  4390  4796  4880  8853  8926 13695 16869 18598 18671 19762 21738 22643 24073 30075 30154 30424 31593 35228 35304 35845 36119 37146 37966 38594 38865
[40] 39132 40143 44755 45910 47599 50006

$fbest
[1] 256.7326

$xbest
 [1]  23.1760772 288.0496295   0.1137638  18.8895442 286.5852979  38.3092244  24.6704183   6.9737194   6.3626504   2.3493239

$numeval
[1] 50006

$end_crit
[1] 1

$cpu_time
elapsed 
1079.85 

$Refset
$Refset$x
           [,1]        [,2]        [,3]      [,4]       [,5]      [,6]       [,7]       [,8]      [,9]    [,10]
 [1,]  23.17608   0.1137638 286.5852979 24.670418   6.362650  23.17608  0.1137638 286.585298 24.670418 6.362650
 [2,] 288.04963  18.8895442  38.3092244  6.973719   2.349324 288.04963 18.8895442  38.309224  6.973719 2.349324
 [3,]  23.17608 288.0496295   0.1137638 18.889544 286.585298  38.30922 24.6704183   6.973719  6.362650 2.349324
 [4,]  52.44386 135.7822729   0.6381799 22.270383 284.583875  31.08302 34.9897658   2.326707  4.605692 1.341438
 [5,]  23.17125 288.3189860   0.1139584 18.862853 286.585412  38.30911 24.6656727   6.973588  6.375208 2.349538
 [6,]  23.18330 287.7373195   0.1138717 18.886397 286.585835  38.30838 24.6744883   6.973778  6.377105 2.349420
 [7,]  23.18123 287.6424190   0.1139424 18.895833 286.586332  38.30899 24.6873962   6.973853  6.373746 2.349281
 [8,]  23.11441 287.7356598   0.1136677 18.887264 286.586377  38.30958 24.6758199   6.973718  6.418713 2.349323
 [9,]  23.18113 287.6960834   0.1138879 18.889513 286.585816  38.30846 24.6824851   6.973855  6.372168 2.349337
[10,]  23.18338 287.5552914   0.1135357 18.895251 286.585866  38.30840 24.6763200   6.973804  6.380537 2.349372
[11,]  23.16351 287.9770895   0.1139215 18.866432 286.585836  38.30883 24.6658229   6.973584  6.388959 2.349464
[12,]  25.12218 311.9003101   0.1482478 18.911149 286.498280  32.82210 24.9997101   6.889188  5.587417 2.783844

$Refset$f
 [1]     256.7326     256.7326     256.7326 1474984.0000     256.9722     257.2205     257.2674     257.4201     257.4375     257.5313     257.5990     518.0347

$Refset$fpen
 [1]     256.7326     256.7326     256.7326 2292512.9116     256.9722     257.2205     257.2674     257.4201     257.4375     257.5313     257.5990     518.0347

$Refset$const
          [,1]      [,2]      [,3]      [,4]     [,5]
 [1,] 12.52689 17.110456  2.617439 29.637350 1.524814
 [2,] 29.63735  1.524814 12.526894 17.110456 2.617439
 [3,] 12.52689 29.637350 17.110456  1.524814 2.617439
 [4,] 17.66469 31.394308 13.729617  1.743302 4.317529
 [5,] 12.48765 29.624792 17.137147  1.524814 2.617130
 [6,] 12.50929 29.622895 17.113603  1.524744 2.617980
 [7,] 12.52209 29.626254 17.104167  1.524657 2.619098
 [8,] 12.46855 29.581287 17.112736  1.524684 2.618218
 [9,] 12.51735 29.627832 17.110487  1.524725 2.618568
[10,] 12.51471 29.619463 17.104749  1.524736 2.618127
[11,] 12.47747 29.611041 17.133568  1.524768 2.617309
[12,] 13.32373 30.412583 17.088851  1.518692 2.957238

$Refset$penalty
 [1] 0.0000000 0.0000000 0.0000000 0.8175289 0.0000000 0.0000000 0.0000000 0.0000000 0.0000000 0.0000000 0.0000000 0.0000000


