$f
 [1] 2053.9080 1136.8576  679.7847  671.0208  662.8924  606.2344  555.6944  539.5191  510.4236  503.1667  486.5625  484.9896  475.4097  472.0608  450.1719  450.1406  449.5451  449.4983  448.8889  448.6441  448.5087  448.4861  448.4219
[24]  448.2674  448.0035  447.9948  446.3889  446.0625  446.0625

$x
          [,1]     [,2]      [,3]     [,4]     [,5]     [,6]     [,7]     [,8]     [,9]    [,10]
xbest 23.88007 133.0373 0.3407725 25.87969 285.8606 40.65885 28.15162 7.718250 2.879390 3.720309
xbest 28.42408 180.7319 0.1000000 16.12275 286.3660 46.57727 24.00000 3.781715 9.708758 5.000000
xbest 28.42408 159.4819 0.1000000 16.10422 286.5910 46.62727 24.09084 3.737617 9.652856 4.981224
xbest 24.61133 230.9152 0.1455774 17.76441 286.6356 46.62150 24.01800 4.419352 6.890774 4.074274
xbest 24.34325 235.5662 0.1172057 16.94799 286.6299 46.78297 24.02363 4.242135 7.725941 4.129027
xbest 22.85345 280.2015 0.1516789 18.87557 286.6279 46.62147 24.03962 4.396178 5.390381 3.633175
xbest 22.84418 280.2015 0.1065400 18.87557 286.6205 46.62147 24.00000 4.396178 5.465381 3.625246
xbest 21.93859 242.3703 0.1027393 19.06973 286.6150 48.00000 24.00000 4.194413 7.019929 3.016075
xbest 21.93859 242.3703 0.1000000 19.06973 286.6150 48.00000 24.00000 4.144413 7.119929 2.971544
xbest 21.98293 282.3138 0.1078183 18.80188 286.6256 46.65394 24.56303 4.041612 5.726556 2.767783
xbest 21.98293 282.1575 0.1000000 18.80188 286.6256 46.65394 24.56303 4.041612 5.739056 2.767783
xbest 20.29133 314.5623 0.1003830 18.96680 286.6496 46.85069 24.07010 4.090074 5.400229 3.107241
xbest 21.12965 295.8955 0.1071708 19.51424 286.6062 46.57461 24.50548 4.077812 5.396344 2.991211
xbest 20.06544 302.7188 0.1164585 19.15425 286.6249 46.54251 24.44051 4.046749 5.780353 3.004329
xbest 20.06544 302.7188 0.1000000 19.15425 286.6249 46.54251 24.60301 4.047531 5.930353 3.004329
xbest 20.02756 320.2840 0.1000000 19.15459 286.5949 46.54814 24.00965 4.087935 5.395944 2.943456
xbest 20.00000 324.4777 0.1000385 19.13820 286.5965 46.54979 24.06420 4.085095 5.268662 2.971982
xbest 20.00000 324.4778 0.1000386 19.13822 286.5971 46.55477 24.06420 4.085124 5.268724 2.971944
xbest 20.00000 324.4778 0.1000000 19.13822 286.5971 46.55477 24.06420 4.085124 5.268724 2.971944
xbest 20.00163 322.9477 0.1000000 19.13789 286.5976 46.56093 24.04401 4.087408 5.324774 2.970289
xbest 20.00059 322.4290 0.1000001 19.13804 286.5978 46.56140 24.04353 4.087612 5.338984 2.970699
xbest 20.00017 322.1589 0.1000001 19.13886 286.5978 46.56144 24.04004 4.087664 5.347166 2.970097
xbest 20.00394 322.9076 0.1000000 19.13566 286.5979 46.55967 24.04900 4.087479 5.321744 2.967947
xbest 20.00516 323.6441 0.1000011 19.13097 286.5970 46.55959 24.04586 4.087409 5.305637 2.969268
xbest 20.00046 322.9713 0.1000004 19.13796 286.5972 46.56000 24.04212 4.087542 5.320540 2.969573
xbest 20.00000 323.0572 0.1000000 19.13524 286.5973 46.55970 24.04053 4.087598 5.320149 2.970324
xbest 20.00020 322.8523 0.1000232 19.12992 286.5969 46.50830 24.37139 4.084312 5.313449 2.966110
xbest 20.00020 322.8523 0.1000232 19.12992 286.5969 46.50830 24.37139 4.084312 5.316574 2.966110
xbest 20.00020 322.8523 0.1000232 19.12992 286.5969 46.50830 24.37139 4.084312 5.316574 2.966110

$time
elapsed elapsed elapsed elapsed elapsed elapsed elapsed elapsed elapsed elapsed elapsed elapsed elapsed elapsed elapsed elapsed elapsed elapsed elapsed elapsed elapsed elapsed elapsed elapsed elapsed elapsed elapsed elapsed elapsed 
   2.30    6.39    9.26   30.67   38.06   41.30   47.39   73.92   83.61  107.47  119.17  142.83  145.92  149.25  154.69  266.48  278.94  295.36  304.51  344.89  406.58  411.42  414.61  453.36  486.14  544.67  885.51  887.30 1242.26 

$neval
 [1]   106   266   392  1254  1539  1677  1931  3025  3406  4361  4852  5798  5932  6067  6296 10842 11318 11993 12339 13961 16459 16662 16798 18369 19681 22094 35788 35861 50096

$fbest
[1] 446.0625

$xbest
 [1]  20.0002022 322.8522592   0.1000232  19.1299190 286.5968601  46.5083027  24.3713941   4.0843121   5.3165737   2.9661099

$numeval
[1] 50096

$end_crit
[1] 1

$cpu_time
elapsed 
1242.26 

$Refset
$Refset$x
          [,1]     [,2]      [,3]     [,4]     [,5]     [,6]     [,7]     [,8]     [,9]    [,10]
 [1,] 20.00158 323.0327 0.1000072 19.12313 286.5970 46.56081 24.00558 4.087835 5.329256 2.963999
 [2,] 20.00126 323.0523 0.1000083 19.12215 286.5968 46.56116 24.00776 4.087703 5.329893 2.964579
 [3,] 20.00040 323.0161 0.1000067 19.12346 286.5974 46.56154 24.00817 4.087727 5.330547 2.967971
 [4,] 20.00137 322.9847 0.1000120 19.12333 286.5970 46.56081 24.00979 4.087937 5.331022 2.963149
 [5,] 20.00171 323.0411 0.1000089 19.12258 286.5970 46.56111 24.01036 4.087897 5.329646 2.964125
 [6,] 20.00146 323.0347 0.1000217 19.12343 286.5966 46.56030 24.00691 4.087646 5.329172 2.964337
 [7,] 20.00015 322.9931 0.1001735 19.11873 286.5970 46.55753 24.02057 4.088099 5.334637 2.960319
 [8,] 20.00119 323.0534 0.1000069 19.12200 286.5967 46.56117 24.00748 4.087682 5.329691 2.963267
 [9,] 20.00714 324.7720 0.1000078 19.02111 286.5967 46.56836 24.00883 4.088134 5.354470 2.964401
[10,] 20.00048 323.0652 0.1000000 19.11896 286.5963 46.56206 24.01132 4.087698 5.334009 2.964572
[11,] 20.00242 323.0233 0.1012183 19.11336 286.5940 46.64972 24.00714 4.083269 5.369119 2.969107
[12,] 20.00096 312.4945 0.1000058 19.09674 286.5938 46.56291 24.10087 6.612452 5.329241 2.959479

$Refset$f
 [1] 447.9948 447.9948 447.9948 447.9948 447.9948 447.9948 448.6042 448.2361 448.6615 448.6042 466.0087 528.6997

$Refset$fpen
 [1] 447.9948 447.9948 447.9948 447.9948 447.9948 447.9948 448.6042 448.2361 448.6615 448.6042 466.0087 528.6997

$Refset$const
          [,1]     [,2]     [,3]     [,4]     [,5]
 [1,] 13.79388 30.67074 16.87687 1.530677 2.287183
 [2,] 13.79226 30.67011 16.87785 1.530690 2.287236
 [3,] 13.79291 30.66945 16.87654 1.530642 2.287422
 [4,] 13.79230 30.66898 16.87667 1.530670 2.287422
 [5,] 13.79293 30.67035 16.87742 1.530674 2.287427
 [6,] 13.79425 30.67083 16.87657 1.530708 2.287149
 [7,] 13.78409 30.66536 16.88127 1.530670 2.288056
 [8,] 13.79231 30.67031 16.87800 1.530695 2.287205
 [9,] 13.66664 30.64553 16.97889 1.530701 2.287063
[10,] 13.78495 30.66599 16.88104 1.530729 2.287252
[11,] 13.74424 30.63088 16.88664 1.530925 2.284028
[12,] 13.76750 30.67076 16.90326 1.530939 2.291004

$Refset$penalty
 [1] 0 0 0 0 0 0 0 0 0 0 0 0


