$f
 [1] 18861.3681  2507.3854  1183.4253  1173.1267  1139.0885  1115.0208  1066.2483  1037.7569   988.3559   952.6892   940.1128   910.1736   909.1667   903.1059   901.9444   900.9045   897.9688   895.1510   895.1250   885.4601   876.7847
[22]   875.9583   875.3889   873.9497   861.0625   859.5764   859.3681   859.3681

$x
          [,1]     [,2]      [,3]     [,4]     [,5]     [,6]     [,7]     [,8]     [,9]    [,10]
xbest 29.92998 365.5787 0.6773751 16.94802 285.8736 33.82018 24.59932 2.797007 7.712281 4.873689
xbest 20.06683 131.1323 0.4235722 21.81787 285.5557 26.51516 24.00000 7.401179 9.591868 4.365546
xbest 20.00000 100.0000 0.1000000 21.77100 285.5557 26.51516 24.00000 7.401179 9.391868 4.365546
xbest 20.13366 182.6175 0.1170632 15.74197 285.8617 26.48607 24.07218 6.354774 9.830068 4.420223
xbest 20.00183 101.0411 0.1242075 22.12429 286.0578 32.14892 24.27855 5.941274 8.713998 3.619436
xbest 20.00407 101.2821 0.1292001 22.10638 286.1759 33.90046 24.43535 5.745780 8.644409 3.481381
xbest 20.00095 100.0000 0.1039846 22.12960 285.6341 26.38170 24.01641 7.395734 9.619136 4.377919
xbest 20.00079 100.0000 0.1047207 21.97979 285.6865 26.41736 24.00029 7.351323 9.858947 4.402408
xbest 20.04089 103.2745 0.1000000 22.11349 286.5033 32.62935 26.95783 5.655452 9.378192 3.390597
xbest 20.00000 101.2500 0.1000000 22.11349 286.5033 32.62935 26.95783 5.555452 9.378192 3.390597
xbest 20.00613 100.0000 0.1016621 22.17897 285.6960 25.78608 24.00000 7.874839 9.834176 4.515237
xbest 20.00613 100.0000 0.1003516 21.42897 285.6960 25.78608 24.00000 7.874839 9.834176 4.515237
xbest 20.06890 106.3778 0.1051947 21.39208 286.2533 33.37494 24.33596 5.875512 9.502932 2.887906
xbest 20.06890 106.3778 0.1051947 21.39208 286.2533 33.37494 24.29533 5.875512 9.552932 2.935406
xbest 20.06982 106.3509 0.1054312 21.38008 286.2660 33.65032 24.38777 5.882256 9.509042 2.969700
xbest 20.07216 106.4788 0.1054713 21.34615 286.2648 33.65184 24.34254 5.881483 9.513082 2.965768
xbest 20.07216 106.4788 0.1055592 21.34615 286.2648 33.65184 24.34254 5.881483 9.519332 2.965768
xbest 20.07546 106.8719 0.1055671 21.37560 286.2537 33.38281 24.30787 5.878658 9.511587 2.950250
xbest 20.07923 106.5066 0.1051824 21.48429 286.2758 33.63575 24.54010 5.886868 9.388695 2.975386
xbest 20.07854 106.2770 0.1050004 21.54539 286.2797 33.63453 24.60090 5.886790 9.384086 2.961581
xbest 20.09075 106.3112 0.1051696 21.47961 286.2794 33.63421 24.60726 5.885503 9.447257 2.959428
xbest 20.05200 106.6854 0.1049586 21.39452 286.2805 33.62147 24.62695 5.884148 9.481228 2.959668
xbest 20.09539 106.3794 0.1054064 21.52643 286.2822 33.63496 24.61213 5.882270 9.406336 2.961127
xbest 20.11817 106.3799 0.1053931 21.53955 286.2811 33.63949 24.59816 5.881151 9.405890 2.962756
xbest 20.11963 106.3799 0.1010547 21.52783 286.2811 33.63949 24.59816 5.881151 9.418390 2.962756
xbest 20.00120 105.8014 0.1030897 21.62081 286.2838 33.64443 24.62753 5.883103 9.413696 2.955315
xbest 20.00719 105.8953 0.1032090 21.59742 286.2831 33.63819 24.60562 5.882713 9.424355 2.952087
xbest 20.00719 105.8953 0.1032090 21.59742 286.2831 33.63819 24.60562 5.882713 9.424355 2.952087

$time
elapsed elapsed elapsed elapsed elapsed elapsed elapsed elapsed elapsed elapsed elapsed elapsed elapsed elapsed elapsed elapsed elapsed elapsed elapsed elapsed elapsed elapsed elapsed elapsed elapsed elapsed elapsed elapsed 
   1.97    5.72    8.36   17.35   20.74   23.61   26.33   31.75   34.60   39.02   92.55   94.19  162.71  164.44  181.74  187.33  194.57  241.22  248.99  252.07  257.88  267.11  269.85  272.75  274.75  403.13  456.49 1048.74 

$neval
 [1]   106   264   362   810   951  1097  1238  1514  1658  1884  4426  4511  7798  7887  8702  8974  9325 11509 11847 11980 12251 12661 12795 12937 13035 19207 21707 50047

$fbest
[1] 859.3681

$xbest
 [1]  20.007192 105.895348   0.103209  21.597423 286.283106  33.638193  24.605623   5.882713   9.424355   2.952087

$numeval
[1] 50047

$end_crit
[1] 1

$cpu_time
elapsed 
1048.74 

$Refset
$Refset$x
          [,1]     [,2]      [,3]     [,4]     [,5]     [,6]     [,7]     [,8]     [,9]    [,10]
 [1,] 57.99702 198.7654 0.3797382 29.48737 284.9165 44.26729 48.18535 6.206683 6.523017 4.108030
 [2,] 20.00853 105.8571 0.1031106 21.58795 286.2809 33.63181 24.60321 5.883316 9.432467 2.950687
 [3,] 20.00582 105.8481 0.1031059 21.59543 286.2812 33.63424 24.59887 5.883337 9.428710 2.950424
 [4,] 20.00794 105.8697 0.1031985 21.59875 286.2823 33.63723 24.60449 5.883365 9.423899 2.955015
 [5,] 20.00713 105.9284 0.1031630 21.59615 286.2813 33.63733 24.59889 5.883392 9.421917 2.945308
 [6,] 20.00601 105.9436 0.1031336 21.59617 286.2817 33.63642 24.60022 5.883449 9.422057 2.951344
 [7,] 20.00623 105.9467 0.1031731 21.59647 286.2799 33.63686 24.59900 5.883477 9.421789 2.955598
 [8,] 20.00648 105.9356 0.1030168 21.59162 286.2808 33.63928 24.60028 5.883534 9.425344 2.946979
 [9,] 20.00744 105.6170 0.1033968 21.62205 286.2808 33.63717 24.59859 5.883405 9.422771 2.953266
[10,] 20.00702 105.8468 0.1031283 21.59844 286.2815 33.64047 24.60211 5.883325 9.425863 2.951707
[11,] 20.00586 105.5129 0.1031154 21.63072 286.2820 33.64213 24.60104 5.884101 9.419620 2.951049
[12,] 20.00542 105.1829 0.1049653 21.88478 286.4755 33.61169 24.67908 5.853530 9.377829 2.413773

$Refset$f
 [1] 1618681.0000     859.3681     859.3681     859.3681     859.3681     859.3681     859.3681     859.7830     859.8611     859.7830     861.1319    1038.1372

$Refset$fpen
 [1] 2187095.0673     859.3681     859.3681     859.3681     859.3681     859.3681     859.3681     859.7830     859.8611     859.7830     861.1319    1038.1372

$Refset$const
          [,1]     [,2]      [,3]     [,4]     [,5]
 [1,] 22.96435 29.47698  6.512631 1.687157 4.068414
 [2,] 12.15549 26.56753 14.412046 1.549328 2.773930
 [3,] 12.16672 26.57129 14.404574 1.549308 2.773470
 [4,] 12.17485 26.57610 14.401251 1.549172 2.774161
 [5,] 12.17423 26.57808 14.403848 1.549311 2.773273
 [6,] 12.17411 26.57794 14.403829 1.549256 2.773603
 [7,] 12.17468 26.57821 14.403530 1.549467 2.772851
 [8,] 12.16628 26.57466 14.408380 1.549369 2.773099
 [9,] 12.19928 26.57723 14.377952 1.549366 2.773097
[10,] 12.17257 26.57414 14.401564 1.549277 2.773452
[11,] 12.21110 26.58038 14.369281 1.549226 2.773410
[12,] 12.50695 26.62217 14.115223 1.525847 2.854391

$Refset$penalty
 [1] 0.5684141 0.0000000 0.0000000 0.0000000 0.0000000 0.0000000 0.0000000 0.0000000 0.0000000 0.0000000 0.0000000 0.0000000


