$f
 [1] 6495.1979 1044.7587  983.0000  834.2188  782.3594  763.1528  680.4740  672.9340  636.0677  587.0799  580.4288  541.2760  478.0486  473.4844  446.1823  441.5035  436.2569  434.2969  434.1892  433.5052  433.1562  433.0122  432.5677
[24]  432.1840  431.9792  428.8021  426.9358  426.4184  426.2274  426.0521  426.0174  426.0052  425.7674  425.7674

$x
          [,1]     [,2]      [,3]     [,4]     [,5]     [,6]     [,7]     [,8]     [,9]    [,10]
xbest 25.62714 332.1328 0.3074295 19.20922 285.6754 30.71069 24.63137 2.240187 4.395348 4.685664
xbest 23.85813 109.6447 0.1000000 24.77130 286.7956 42.50559 27.55457 4.804468 3.726622 4.237412
xbest 23.85813 109.6447 0.1000000 24.95880 286.7956 42.50559 27.47332 4.754468 3.726622 4.237412
xbest 23.46083 104.9362 0.1000000 26.39920 286.6179 41.97900 26.47673 5.446340 3.077572 3.312620
xbest 23.45250 121.5056 0.1002077 26.13015 286.6026 34.63857 26.86791 5.014323 3.916788 4.441665
xbest 22.57227 141.5018 0.1233276 21.78026 286.6238 35.84457 26.80775 3.785848 6.255749 3.026350
xbest 22.76995 138.6651 0.1237259 21.28674 286.6664 35.92950 25.93655 3.063748 6.190745 3.164000
xbest 22.73372 129.0618 0.1047216 26.35155 286.6296 35.26622 26.11045 5.986362 4.009577 4.289961
xbest 21.39134 145.4905 0.1122359 22.79662 286.6562 35.18388 26.42506 2.945181 5.881112 3.321377
xbest 22.30938 104.9461 0.1009216 26.64060 286.6423 35.61889 26.27652 6.246183 5.404568 4.678561
xbest 21.22913 108.2053 0.1013011 25.28842 286.6848 37.23868 25.92664 6.223886 6.374956 4.578095
xbest 20.88376 101.8585 0.1008218 24.95030 286.7248 37.07278 25.84175 6.253334 7.179238 4.562761
xbest 20.88376 100.0000 0.1000000 24.95030 286.7248 37.07278 25.02925 6.253334 7.379238 4.181276
xbest 20.73122 101.7239 0.1069013 27.04986 286.6617 36.36924 25.77936 6.116100 5.760948 3.085165
xbest 20.73122 101.7239 0.1040888 27.78814 286.6710 36.36924 25.77936 6.103600 5.760948 3.079228
xbest 20.62593 107.5342 0.1078691 26.76384 286.6597 36.33687 25.77028 6.105218 5.824866 2.916701
xbest 20.62593 107.5342 0.1078691 26.76384 286.6597 36.33687 25.81090 6.105218 5.824866 2.916701
xbest 20.63087 103.1517 0.1070605 26.98628 286.6583 36.36540 25.75395 6.107368 6.026824 2.915525
xbest 20.62515 100.9568 0.1073619 27.13744 286.6584 36.36517 25.74133 6.105835 6.107871 2.911750
xbest 20.62271 100.3589 0.1073670 27.10773 286.6585 36.36307 25.76451 6.106774 6.165588 2.911810
xbest 20.62286 100.5368 0.1070701 27.09489 286.6582 36.35470 25.77111 6.106420 6.161629 2.912436
xbest 20.62571 100.8918 0.1071701 27.07783 286.6584 36.36233 25.76778 6.105298 6.145739 2.913296
xbest 20.62600 100.8204 0.1071949 27.06090 286.6584 36.36198 25.76669 6.105175 6.159641 2.913263
xbest 20.62200 100.0000 0.1069433 27.08487 286.6582 36.34927 25.77047 6.104533 6.217289 2.913108
xbest 20.62200 100.0000 0.1069433 27.08487 286.6582 36.34927 25.77047 6.104533 6.220414 2.913108
xbest 20.62229 100.4131 0.1070914 26.77441 286.6589 36.35328 25.76805 6.105052 6.177846 2.911941
xbest 20.62229 100.4131 0.1076187 26.77441 286.6589 36.35328 25.76805 6.105052 6.165346 2.911941
xbest 20.62305 100.3392 0.1071327 26.76575 286.6584 36.35494 25.76765 6.105019 6.179049 2.912041
xbest 20.62310 100.5290 0.1071269 26.74360 286.6586 36.35426 25.76761 6.105027 6.178527 2.911921
xbest 20.63124 100.2496 0.1071423 26.77367 286.6587 36.35494 25.76792 6.105015 6.178114 2.911707
xbest 20.63269 100.1539 0.1081690 26.77236 286.6582 36.35412 25.76648 6.105203 6.178238 2.910277
xbest 20.63870 100.1506 0.1079737 26.75314 286.6580 36.36156 25.76088 6.105284 6.186044 2.910844
xbest 20.63810 100.1470 0.1080455 26.75467 286.6580 36.36040 25.76091 6.105322 6.186241 2.910772
xbest 20.63810 100.1470 0.1080455 26.75467 286.6580 36.36040 25.76091 6.105322 6.186241 2.910772

$time
elapsed elapsed elapsed elapsed elapsed elapsed elapsed elapsed elapsed elapsed elapsed elapsed elapsed elapsed elapsed elapsed elapsed elapsed elapsed elapsed elapsed elapsed elapsed elapsed elapsed elapsed elapsed elapsed elapsed elapsed 
   1.97    5.58    7.26   13.39   16.30   19.11   21.92   24.86   28.36   31.20   33.98   36.84   39.08   88.25   90.72  173.80  175.23  264.25  278.94  287.67  297.72  306.16  308.98  312.37  324.78  359.78  361.53  405.11  437.16  447.59 
elapsed elapsed elapsed elapsed 
 942.47  949.76  999.03 1043.89 

$neval
 [1]   106   268   352   654   798   938  1083  1232  1377  1518  1659  1801  1913  4233  4356  8300  8373 12588 13337 13742 14215 14631 14772 14908 15532 17172 17258 19297 20844 21320 45382 45722 48102 50116

$fbest
[1] 425.7674

$xbest
 [1]  20.6380951 100.1469581   0.1080455  26.7546662 286.6580150  36.3604033  25.7609146   6.1053222   6.1862409   2.9107724

$numeval
[1] 50116

$end_crit
[1] 1

$cpu_time
elapsed 
1043.89 

$Refset
$Refset$x
          [,1]     [,2]      [,3]     [,4]     [,5]     [,6]     [,7]     [,8]     [,9]    [,10]
 [1,] 20.63810 100.1470 0.1080455 26.75467 286.6580 36.36040 25.76091 6.105322 6.186241 2.910772
 [2,] 20.64214 100.1456 0.1080190 26.73994 286.6581 36.36057 25.77073 6.105432 6.192755 2.910859
 [3,] 20.63809 100.1469 0.1080454 26.75467 286.6580 36.36040 25.76090 6.105320 6.186241 2.910773
 [4,] 20.63810 100.1470 0.1080453 26.75467 286.6580 36.36040 25.76091 6.105322 6.186229 2.910773
 [5,] 20.64072 100.1536 0.1078872 26.76837 286.6580 36.36042 25.77060 6.105226 6.177245 2.911441
 [6,] 20.65254 100.1441 0.1079768 26.67849 286.6584 36.35653 25.76268 6.105143 6.222798 2.912392
 [7,] 20.62759 100.1410 0.1077838 26.72144 286.6583 36.35687 25.64233 6.103833 6.206422 2.910683
 [8,] 20.63164 100.3657 0.1104670 27.29647 286.6634 34.75554 25.72896 6.290968 6.327267 3.051517
 [9,] 20.19996 100.0000 0.1037794 27.78294 286.6738 38.76237 24.82920 5.915165 5.734163 2.386994
[10,] 20.59235 100.1327 0.1044467 26.54384 286.6358 36.29190 25.74077 6.124725 6.585730 2.893528
[11,] 21.55819 106.3633 0.1103732 25.84548 286.4289 29.00754 25.31002 2.986860 7.324107 2.634611
[12,] 20.61310 104.4039 0.1079564 26.73151 286.6542 36.80025 25.03919 6.104125 5.930521 2.875501

$Refset$f
 [1] 425.7674 425.7674 425.7674 425.7674 425.8073 425.9201 440.2969 459.6753 572.7674 491.9115 591.8906 488.3247

$Refset$fpen
 [1] 425.7674 425.7674 425.7674 425.7674 425.8073 425.9201 440.2969 459.6753 572.7674 491.9115 591.8906 488.3247

$Refset$const
          [,1]     [,2]      [,3]     [,4]     [,5]
 [1,] 20.56843 29.81376  9.245334 1.508282 2.842817
 [2,] 20.54718 29.80725  9.260065 1.508225 2.843741
 [3,] 20.56843 29.81376  9.245328 1.508282 2.842816
 [4,] 20.56844 29.81377  9.245334 1.508282 2.842817
 [5,] 20.59113 29.82275  9.231625 1.508246 2.843664
 [6,] 20.45570 29.77720  9.321505 1.508213 2.843398
 [7,] 20.51502 29.79358  9.278557 1.508747 2.832544
 [8,] 20.96920 29.67273  8.703530 1.502374 2.951988
 [9,] 22.04878 30.26584  8.217058 1.515679 2.640399
[10,] 19.95811 29.41427  9.456161 1.510746 2.836257
[11,] 18.52137 28.67589 10.154520 1.505025 3.366721
[12,] 20.80099 30.06948  9.268494 1.512831 2.752134

$Refset$penalty
 [1] 0 0 0 0 0 0 0 0 0 0 0 0


