$f
 [1] 9405.7969 1888.1858  998.6649  773.5556  755.0920  727.1875  655.5052  632.8646  613.6823  576.1927  514.2552  512.8542  500.8472  500.8090  494.3872  493.7708  490.1059  488.6562  488.6424  487.8264  486.6319  486.3403  486.1076
[24]  485.5990  485.4497  485.3021  485.1580  483.7118  483.5226  482.8160  482.1892  481.5747  481.3194  480.6476  480.2066  480.1962  480.1684  479.3507  478.7882  478.3247  478.2500  478.1389  478.0486  478.0312  477.8715  477.6493
[47]  476.8785  476.1927  475.7743  474.9427  474.5156  474.4288  473.9184  473.2639  473.2292  471.0035  470.4306  470.4010  470.1927  466.7222  465.8872  465.8872

$x
          [,1]     [,2]      [,3]     [,4]     [,5]     [,6]     [,7]     [,8]     [,9]    [,10]
xbest 24.79000 337.0400 0.2529000 17.72000 285.5400 45.67000 29.49000 2.970000 2.000000 2.690000
xbest 20.48924 353.7108 0.7254316 18.37370 285.6463 42.81811 27.57630 3.752859 2.303686 2.692530
xbest 20.00000 353.7108 0.1000000 18.43999 285.6993 38.29262 27.94974 4.884230 2.972272 3.213138
xbest 20.34561 327.0717 0.1000000 16.32969 286.7899 44.27296 27.66262 3.605469 5.567399 1.756333
xbest 20.23150 330.4627 0.1115581 16.50637 286.7994 44.59145 27.64293 4.924121 4.323060 1.717510
xbest 21.42396 385.2265 0.1000000 20.83688 286.5026 29.50066 24.00000 6.015212 2.915332 1.250241
xbest 20.38861 293.7791 0.1255751 16.67775 286.7297 44.27248 26.43120 5.369456 5.830800 1.796123
xbest 20.38861 293.7791 0.1255751 17.05275 286.7297 44.27248 26.43120 5.369456 5.824550 1.796123
xbest 20.02486 266.4473 0.1000000 17.32438 286.7625 45.30326 26.30942 5.264408 6.733696 1.200000
xbest 20.03040 263.9611 0.1000000 17.28557 286.7661 45.01823 26.79763 5.788165 6.233295 1.293096
xbest 20.03040 263.9611 0.1000000 17.66057 286.7661 45.01823 26.71638 5.788165 6.308295 1.293096
xbest 20.09050 266.8039 0.1011643 17.61203 286.6922 44.76075 26.57656 5.770764 6.145744 1.306407
xbest 20.00000 266.7843 0.1011643 17.61203 286.6887 44.76075 26.41406 5.770764 6.147306 1.294532
xbest 20.22737 264.7652 0.1015364 17.59481 286.6751 44.68331 26.52237 5.752738 6.138558 1.290192
xbest 20.07369 262.8762 0.1012804 17.59750 286.7015 44.68503 26.61021 5.714941 6.415339 1.320373
xbest 20.06197 262.8762 0.1012804 17.59750 286.7014 44.68503 26.61021 5.714941 6.418464 1.320373
xbest 20.17159 264.8134 0.1030265 17.62472 286.6729 44.68542 26.48522 5.751927 6.174464 1.292241
xbest 20.10310 264.8361 0.1038535 17.64591 286.6711 44.68512 26.46783 5.752242 6.197197 1.292237
xbest 20.12049 264.8220 0.1036081 17.65110 286.6713 44.68811 26.48719 5.751826 6.183306 1.292913
xbest 20.13008 264.8056 0.1029625 17.64954 286.6710 44.68535 26.48544 5.751559 6.188919 1.292563
xbest 20.13008 264.8056 0.1029186 17.65101 286.6710 44.68535 26.48544 5.751559 6.188919 1.293305
xbest 20.11531 264.9340 0.1036331 17.66322 286.6712 44.68594 26.47729 5.751380 6.178618 1.293612
xbest 20.09915 264.6454 0.1035666 17.65866 286.6703 44.68556 26.48204 5.751339 6.202831 1.293640
xbest 20.09961 264.6121 0.1035670 17.65795 286.6702 44.68556 26.48319 5.751339 6.205280 1.293612
xbest 20.09475 264.2891 0.1039045 17.65355 286.6703 44.68492 26.48607 5.751461 6.221251 1.293488
xbest 20.09462 264.1346 0.1038009 17.66720 286.6705 44.68545 26.48477 5.751459 6.218717 1.293468
xbest 20.09483 263.2471 0.1036851 17.65525 286.6701 44.68359 26.48425 5.751092 6.258516 1.293608
xbest 20.09483 263.2471 0.1038608 17.65525 286.6701 44.68359 26.48425 5.751287 6.255391 1.293608
xbest 20.09433 262.8559 0.1036687 17.64941 286.6700 44.68386 26.48367 5.751114 6.277760 1.293636
xbest 20.09387 262.4573 0.1036689 17.64947 286.6700 44.68363 26.48411 5.750999 6.295641 1.293634
xbest 20.09614 261.6395 0.1036782 17.64682 286.6698 44.68341 26.48495 5.750999 6.327615 1.293637
xbest 20.09786 260.9412 0.1036874 17.64627 286.6694 44.68336 26.48558 5.750880 6.353070 1.293708
xbest 20.09908 260.9523 0.1037144 17.64534 286.6692 44.68336 26.48563 5.750805 6.353357 1.293756
xbest 20.13402 258.4996 0.1036378 17.66142 286.6695 44.68142 26.48900 5.751147 6.410995 1.293717
xbest 20.09581 259.7482 0.1036677 17.66321 286.6698 44.68391 26.48637 5.750976 6.394448 1.293701
xbest 20.09581 259.7287 0.1036677 17.66321 286.6698 44.68391 26.48637 5.750976 6.394448 1.293701
xbest 20.09759 259.3345 0.1038136 17.65646 286.6696 44.68392 26.48552 5.750942 6.412081 1.293662
xbest 20.10148 259.1158 0.1039516 17.65258 286.6692 44.68366 26.48707 5.750914 6.412921 1.293708
xbest 20.10443 258.2913 0.1041299 17.65615 286.6692 44.68373 26.48715 5.750920 6.438525 1.293724
xbest 20.10443 258.2132 0.1041299 17.65615 286.6692 44.68373 26.48715 5.750920 6.444775 1.293724
xbest 20.10369 258.0365 0.1040844 17.64783 286.6692 44.68338 26.48684 5.751083 6.460086 1.293737
xbest 20.10450 258.0336 0.1039184 17.65161 286.6693 44.68342 26.48663 5.751318 6.456184 1.293736
xbest 20.10364 258.0628 0.1043840 17.64947 286.6693 44.68318 26.48730 5.751033 6.453361 1.293626
xbest 20.10460 257.9533 0.1043253 17.65066 286.6693 44.68385 26.48652 5.751064 6.455492 1.293717
xbest 20.11173 251.3861 0.1013778 17.71678 286.6413 44.63358 26.92087 5.733150 6.623012 1.311814
xbest 20.11173 251.3861 0.1013778 17.71678 286.6413 44.63358 26.92087 5.733150 6.626137 1.311814
xbest 20.14339 250.6082 0.1013446 17.72805 286.6417 44.63215 27.02443 5.732360 6.595253 1.311677
xbest 20.13959 250.7611 0.1013489 17.73240 286.6417 44.63205 27.00838 5.732361 6.599845 1.311668
xbest 20.13470 250.0752 0.1014698 17.79815 286.6473 44.67433 26.98631 5.732751 6.570008 1.311883
xbest 20.11818 249.4574 0.1014408 17.84166 286.6470 44.67835 26.97134 5.732794 6.569805 1.311847
xbest 20.11334 250.6865 0.1014208 17.79290 286.6472 44.66851 26.98176 5.732902 6.567785 1.312760
xbest 20.11375 250.7091 0.1014313 17.80134 286.6495 44.68500 26.98021 5.732705 6.560416 1.313031
xbest 20.11877 248.9649 0.1014419 17.86715 286.6492 44.67695 26.95590 5.732689 6.570663 1.311893
xbest 20.11877 248.9649 0.1017056 17.86715 286.6492 44.67695 26.99652 5.732689 6.570663 1.311893
xbest 20.11407 248.1346 0.1014688 17.90227 286.6476 44.69137 27.01361 5.735039 6.583849 1.311024
xbest 20.13751 248.1346 0.1236172 17.90227 286.6476 44.69137 27.01361 5.735039 6.583849 1.311024
xbest 20.18467 245.0970 0.1014826 18.00623 286.6492 44.69615 26.98023 5.734494 6.580693 1.312031
xbest 20.19432 245.2062 0.1014795 17.99595 286.6511 44.69088 26.97701 5.734083 6.581600 1.311907
xbest 20.20039 245.1518 0.1014802 17.99612 286.6511 44.69135 26.97629 5.734079 6.581488 1.311915
xbest 20.25885 241.8098 0.1014510 18.11511 286.6520 44.70165 26.95109 5.734110 6.569225 1.312130
xbest 20.25885 241.7317 0.1014510 18.11511 286.6520 44.70165 26.95109 5.734110 6.566100 1.312130
xbest 20.25885 241.7317 0.1014510 18.11511 286.6520 44.70165 26.95109 5.734110 6.566100 1.312130

$time
elapsed elapsed elapsed elapsed elapsed elapsed elapsed elapsed elapsed elapsed elapsed elapsed elapsed elapsed elapsed elapsed elapsed elapsed elapsed elapsed elapsed elapsed elapsed elapsed elapsed elapsed elapsed elapsed elapsed elapsed 
   2.22    6.23   10.40   16.81   29.23   32.33   38.33   43.86   64.58   73.72   75.65  170.20  172.40  194.15  196.94  204.62  222.97  225.97  232.20  235.94  237.73  286.55  300.23  312.62  328.90  378.78  381.61  383.44  436.22  450.23 
elapsed elapsed elapsed elapsed elapsed elapsed elapsed elapsed elapsed elapsed elapsed elapsed elapsed elapsed elapsed elapsed elapsed elapsed elapsed elapsed elapsed elapsed elapsed elapsed elapsed elapsed elapsed elapsed elapsed elapsed 
 459.61  462.72  476.94  479.87  482.73  502.51  520.75  523.73  551.78  566.64  636.36  655.61  662.39  703.00  745.17  746.78  759.19  762.11  788.23  791.19  796.83  800.48  803.45  811.81  836.58  844.55  903.83  908.06  929.84  936.45 
elapsed elapsed 
 941.95 1126.97 

$neval
 [1]   106   273   423   717  1282  1424  1701  1915  2862  3269  3355  7560  7665  8621  8756  9114  9933 10069 10348 10485 10568 12763 13373 13919 14679 16935 17074 17163 19499 20118 20539 20680 21294 21432 21568 22452 23281 23418 24711
[40] 25338 28494 29400 29679 31517 33368 33441 33987 34123 35271 35407 35677 35813 35949 36308 37405 37771 40342 40546 41371 41647 41865 50082

$fbest
[1] 465.8872

$xbest
 [1]  20.258846 241.731710   0.101451  18.115108 286.651996  44.701646  26.951090   5.734110   6.566100   1.312130

$numeval
[1] 50082

$end_crit
[1] 1

$cpu_time
elapsed 
1126.97 

$Refset
$Refset$x
          [,1]     [,2]      [,3]     [,4]     [,5]     [,6]     [,7]     [,8]     [,9]    [,10]
 [1,] 20.22500 244.1041 0.1015562 18.04187 286.6499 44.71224 26.96657 5.734900 6.578530 1.311962
 [2,] 20.22285 244.3183 0.1014937 18.03325 286.6501 44.70874 26.96957 5.734647 6.578608 1.311868
 [3,] 20.21921 244.3250 0.1015163 18.03560 286.6499 44.71008 26.96958 5.734941 6.578170 1.312257
 [4,] 20.22189 244.3033 0.1015165 18.03414 286.6498 44.71014 26.96827 5.734833 6.578345 1.311980
 [5,] 20.21384 244.0914 0.1016145 18.03543 286.6503 44.71011 26.97197 5.734812 6.577671 1.311994
 [6,] 20.21009 244.3672 0.1014996 18.02891 286.6496 44.70953 26.97655 5.734793 6.577662 1.311906
 [7,] 20.20787 244.3601 0.1015338 18.03007 286.6496 44.71077 26.97231 5.734801 6.578013 1.311908
 [8,] 20.20724 244.4670 0.1017518 18.01519 286.6502 44.70993 26.97138 5.734782 6.577936 1.311935
 [9,] 20.21738 244.0932 0.1015683 18.03476 286.6499 44.70764 26.97035 5.734788 6.577747 1.312206
[10,] 20.23487 244.3013 0.1017076 18.02783 286.6451 44.71263 26.90564 5.738292 6.573762 1.311266
[11,] 20.20908 245.2163 0.1014399 18.04478 286.6516 44.92666 26.87863 5.603284 6.567039 1.536001
[12,] 20.20380 244.1877 0.1016206 18.02981 286.6505 44.72527 26.97858 5.762612 6.579892 1.311568

$Refset$f
 [1] 468.8021 469.1372 469.1372 469.1372 469.3698 469.4462 469.4462 469.4410 469.4462 475.0191 526.2587 498.5000

$Refset$fpen
 [1] 468.8021 469.1372 469.1372 469.1372 469.3698 469.4462 469.4462 469.4410 469.4462 475.0191 526.2587 498.5000

$Refset$const
          [,1]     [,2]     [,3]     [,4]     [,5]
 [1,] 11.46334 29.42147 17.95813 1.521881 2.526609
 [2,] 11.45464 29.42139 17.96675 1.521852 2.526989
 [3,] 11.45743 29.42183 17.96440 1.521880 2.526848
 [4,] 11.45579 29.42165 17.96586 1.521890 2.526739
 [5,] 11.45775 29.42233 17.96457 1.521832 2.527145
 [6,] 11.45124 29.42234 17.97109 1.521891 2.527205
 [7,] 11.45206 29.42199 17.96993 1.521898 2.526910
 [8,] 11.43726 29.42206 17.98481 1.521841 2.527087
 [9,] 11.45701 29.42225 17.96524 1.521867 2.527013
[10,] 11.45407 29.42624 17.97217 1.522486 2.521175
[11,] 11.47774 29.43296 17.95522 1.522114 2.514097
[12,] 11.44991 29.42011 17.97019 1.521818 2.527056

$Refset$penalty
 [1] 0 0 0 0 0 0 0 0 0 0 0 0


