$f
 [1] 4866.0920 1242.5330  929.1181  821.5434  807.7309  744.1372  725.9757  719.9253  663.0278  555.8142  553.9913  553.7361  553.1806  552.7465  552.6875  551.5677  551.4340  551.1562  550.8733  550.8299  550.5868  550.4271  549.2674
[24]  548.9253  548.9219  548.8733  548.6997  548.4757

$x
          [,1]     [,2]      [,3]     [,4]     [,5]     [,6]     [,7]     [,8]     [,9]    [,10]
xbest 48.92146 109.8546 0.1147271 16.63641 285.7365 26.07023 24.38977 9.435630 2.153062 4.627992
xbest 20.00000 346.0423 0.1000000 17.72520 285.4129 48.00000 29.57753 2.551586 2.000000 2.574706
xbest 20.00000 304.2745 0.1000000 19.98374 285.5438 48.00000 29.57753 2.555002 2.181254 2.471051
xbest 20.00691 493.0154 1.0000000 15.00000 286.9139 47.91326 25.99721 2.000000 3.903492 1.223795
xbest 20.24121 482.9962 1.0000000 15.00000 286.9081 48.00000 26.81339 2.000000 3.934695 1.241108
xbest 20.07071 241.0771 1.0000000 16.23077 286.8199 44.32418 27.13084 6.523428 9.898605 1.880497
xbest 20.00000 439.1653 0.1000000 15.00000 286.8115 45.26548 24.90840 2.643833 4.460412 1.316293
xbest 20.50317 448.1428 0.2829056 15.01890 286.6999 45.95441 24.07506 3.020619 4.656201 1.200000
xbest 20.00663 380.7623 0.1000000 16.57504 286.6934 46.86677 25.55846 7.001306 3.200748 1.620979
xbest 20.00000 373.2623 0.1000000 16.00668 286.6934 46.82927 25.47721 6.998181 3.072254 1.668479
xbest 20.00002 420.2715 0.9932715 17.13995 286.7742 46.63784 24.02113 2.943254 5.209286 1.207758
xbest 20.00002 420.2715 0.9932715 17.13995 286.7742 46.63784 24.00000 2.943254 5.209286 1.207758
xbest 20.00067 420.3840 0.9921534 17.13654 286.7663 46.61222 24.01231 2.947458 5.201594 1.206691
xbest 20.00000 420.4520 0.9987364 17.14852 286.7791 46.65271 24.00200 2.943189 5.198082 1.208711
xbest 20.00014 419.5888 0.9925405 17.14487 286.7702 46.62867 24.01108 2.943550 5.217330 1.209553
xbest 20.00008 419.9784 0.9965176 17.14859 286.7789 46.64993 24.00652 2.943106 5.204309 1.209165
xbest 20.00008 420.0125 0.9970996 17.14768 286.7781 46.64958 24.00633 2.943090 5.204560 1.208528
xbest 20.00111 410.2568 0.9964198 17.33665 286.7695 46.63930 24.01553 2.943327 5.346799 1.212331
xbest 20.00000 410.2568 0.9964198 17.33665 286.7695 46.63930 24.01553 2.943327 5.346799 1.212331
xbest 20.00014 413.2622 0.9973816 17.30588 286.7777 46.65197 24.01176 2.943828 5.277149 1.207768
xbest 20.00014 413.2622 0.9973816 17.30588 286.7777 46.65197 24.01176 2.943828 5.280274 1.207768
xbest 20.00001 406.9403 0.9981820 17.41165 286.7840 46.65516 24.01862 2.944004 5.376976 1.206083
xbest 20.00007 404.7705 0.9979899 17.47345 286.7823 46.65608 24.02117 2.943919 5.390251 1.203321
xbest 20.00007 404.7900 0.9979899 17.47418 286.7823 46.65608 24.02117 2.943919 5.390251 1.203321
xbest 20.00317 413.3497 0.9989162 17.24186 286.7742 46.64538 24.01097 2.947402 5.315684 1.209669
xbest 20.00894 408.8853 0.9991833 17.43523 286.7754 46.64533 24.00000 2.945782 5.296155 1.212171
xbest 20.00894 408.8853 0.9991833 17.43523 286.7754 46.64533 24.00000 2.945782 5.296155 1.211429
xbest 20.00894 408.8853 1.0000000 17.43523 286.7754 46.64533 24.00000 2.945782 5.296155 1.211429

$time
elapsed elapsed elapsed elapsed elapsed elapsed elapsed elapsed elapsed elapsed elapsed elapsed elapsed elapsed elapsed elapsed elapsed elapsed elapsed elapsed elapsed elapsed elapsed elapsed elapsed elapsed elapsed elapsed 
   2.17    5.81    9.89   13.25   16.19   19.19   22.34   28.86   34.53   43.02  165.02  166.66  199.73  204.00  215.23  218.02  242.06  428.78  430.42  459.58  461.14  475.66  488.33  493.00  707.78 1032.98 1034.44 1075.13 

$neval
 [1]   106   270   459   618   761   905  1045  1324  1600  2017  7675  7749  9255  9457  9993 10128 11269 20047 20121 21464 21537 22221 22788 23007 33181 48266 48340 50120

$fbest
[1] 548.4757

$xbest
 [1]  20.008939 408.885254   1.000000  17.435232 286.775424  46.645327  24.000000   2.945782   5.296155   1.211429

$numeval
[1] 50120

$end_crit
[1] 1

$cpu_time
elapsed 
1075.13 

$Refset
$Refset$x
           [,1]        [,2]        [,3]      [,4]       [,5]      [,6]       [,7]       [,8]      [,9]    [,10]
 [1,]  20.00894   0.9991833 286.7754239 24.000000   5.296155  20.00894  0.9991833 286.775424 24.000000 5.296155
 [2,] 408.88525  17.4352323  46.6453273  2.945782   1.211429 408.88525 17.4352323  46.645327  2.945782 1.211429
 [3,]  20.00894 408.8852542   0.9991833 17.435232 286.775424  46.64533 24.0000000   2.945782  5.296155 1.212171
 [4,]  36.90378 127.9613101   0.5821248 15.410712 284.802628  21.94534 38.8182967   9.915924  4.228979 1.393825
 [5,]  20.00555 413.2739081   0.9997787 17.249071 286.774175  46.64649 24.0144688   2.947609  5.310791 1.209984
 [6,]  20.00202 413.2446412   0.9997941 17.256570 286.774442  46.64538 24.0135714   2.946476  5.309007 1.209504
 [7,]  20.00192 413.2488759   0.9998057 17.256363 286.774442  46.64510 24.0136363   2.947108  5.308745 1.209728
 [8,]  20.00204 413.2114995   0.9998072 17.256182 286.774412  46.64538 24.0135544   2.946558  5.309783 1.209514
 [9,]  20.00253 410.6216787   0.9997852 17.358244 286.773773  46.64482 24.0174678   2.944442  5.308476 1.209703
[10,]  20.00253 413.2663744   0.9973311 17.245426 286.774478  46.64446 24.0375099   2.946713  5.310510 1.204158
[11,]  20.00100 412.2443115   0.9963139 17.277478 286.774834  46.73224 24.0100172   2.957844  5.481313 1.209444
[12,]  20.00895 388.2616502   0.9992679 17.255030 286.790299  46.59011 24.0012217   2.947203  6.066360 1.214225

$Refset$f
 [1]     548.6997     548.6997     548.8733 1000000.0000     548.9288     548.9288     548.9288     548.9288     549.6198     551.2431     586.1632     581.7674

$Refset$fpen
 [1] 5.486997e+02 5.486997e+02 5.488733e+02 9.999975e+11 5.489288e+02 5.489288e+02 5.489288e+02 5.489288e+02 5.496198e+02 5.512431e+02 5.861632e+02 5.817674e+02

$Refset$const
              [,1]         [,2]         [,3]         [,4]         [,5]
 [1,] 1.213908e+01 1.856477e+01 2.342234e+00 3.070385e+01 1.515379e+00
 [2,] 3.070385e+01 1.515379e+00 1.213908e+01 1.856477e+01 2.342234e+00
 [3,] 1.213908e+01 3.070385e+01 1.856477e+01 1.515379e+00 2.342234e+00
 [4,] 1.000000e+06 1.000000e+06 1.000000e+06 1.000000e+06 1.000000e+06
 [5,] 1.193828e+01 3.068921e+01 1.875093e+01 1.515477e+00 2.342538e+00
 [6,] 1.194756e+01 3.069099e+01 1.874343e+01 1.515454e+00 2.342611e+00
 [7,] 1.194762e+01 3.069125e+01 1.874364e+01 1.515454e+00 2.342622e+00
 [8,] 1.194640e+01 3.069022e+01 1.874382e+01 1.515457e+00 2.342600e+00
 [9,] 1.204977e+01 3.069152e+01 1.864176e+01 1.515509e+00 2.342604e+00
[10,] 1.193492e+01 3.068949e+01 1.875457e+01 1.515431e+00 2.343902e+00
[11,] 1.179616e+01 3.051869e+01 1.872252e+01 1.515458e+00 2.340222e+00
[12,] 1.118867e+01 2.993364e+01 1.874497e+01 1.514045e+00 2.348842e+00

$Refset$penalty
 [1]      0.0      0.0      0.0 999996.5      0.0      0.0      0.0      0.0      0.0      0.0      0.0      0.0


