$f
 [1] 9747.5399 1431.2153 1323.0122 1253.5174 1213.8177 1144.6892 1038.3142  859.9861  850.9670  767.8802  712.4514  695.4809  687.1684  683.6042  649.9740  639.9288  635.6701  633.8490  629.8160  629.0747  617.3333  615.7240  613.0729
[24]  611.8490  611.0208  609.7847  608.4253  608.4010  607.4809  606.5382  605.6354  605.5208  603.7483  603.3750  603.2118  603.0955  601.5087  600.1094  599.8559  599.6788  599.5104  599.5104

$x
          [,1]     [,2]      [,3]     [,4]     [,5]     [,6]     [,7]     [,8]     [,9]    [,10]
xbest 20.42733 232.9337 0.9096357 17.99881 285.0569 38.94332 31.75255 2.243635 7.838407 3.164373
xbest 20.00000 327.0231 0.1192071 15.74770 286.9524 47.40689 24.00000 2.000000 2.015695 1.200000
xbest 20.00000 297.6481 0.1195587 16.49770 286.7983 47.40689 24.04062 2.012500 2.026633 1.200000
xbest 20.59953 234.1323 0.4298389 19.63282 286.2553 32.83386 24.02630 7.204747 5.591793 2.396350
xbest 20.00366 124.9937 0.4728399 25.38740 286.6547 47.24502 24.84638 5.753603 2.638632 2.113566
xbest 21.68848 186.5844 0.7455650 22.91369 286.5538 34.26226 26.17774 6.737499 3.564360 1.985167
xbest 20.38627 229.0420 0.4270424 19.51537 286.2517 32.59922 24.12157 6.875727 5.281955 2.331232
xbest 20.87198 226.0696 0.3203726 18.84187 286.6626 37.29396 24.28189 6.983820 4.174576 2.304507
xbest 20.97773 226.2303 0.5915983 17.86059 286.5063 36.50507 24.36921 7.035114 4.919939 2.205898
xbest 20.68879 247.1580 0.1585484 17.18301 286.6438 37.30252 24.00000 6.930757 4.947856 2.488282
xbest 20.26953 247.3327 0.1613609 17.18301 286.6438 36.90252 24.00000 6.930757 4.950981 2.488282
xbest 20.93237 249.3098 0.1230824 15.69787 286.6115 36.92050 24.00000 6.928720 5.875636 2.448796
xbest 21.05961 251.3190 0.1247016 15.76024 286.6364 36.85250 24.00000 6.922758 5.680207 2.510173
xbest 21.05961 251.3190 0.1247016 15.76024 286.6364 36.85250 24.00000 6.929008 5.680207 2.510173
xbest 20.96054 253.6206 0.1024753 15.00000 286.6384 37.23202 24.41940 6.646054 6.047633 2.232888
xbest 20.96054 253.9331 0.1024753 15.00000 286.6196 37.23202 24.41940 6.671054 6.047633 2.232888
xbest 21.10127 253.5729 0.1004282 15.00000 286.6117 37.23529 24.40244 6.657378 5.999469 2.182059
xbest 21.25005 252.6343 0.1000000 15.07736 286.6461 37.63053 24.10431 6.658323 5.890634 2.186264
xbest 21.25005 252.6343 0.1000000 15.00000 286.6461 37.63053 24.10431 6.658323 5.903134 2.186264
xbest 20.72022 260.5365 0.1263554 15.27602 286.5221 36.84776 24.58282 6.680669 5.300562 2.414489
xbest 20.53620 264.7194 0.1263608 15.28059 286.5153 36.80658 24.56266 6.686698 5.241685 2.389713
xbest 20.59633 264.8952 0.1263614 15.28041 286.5138 36.80982 24.55311 6.690576 5.222088 2.383800
xbest 20.59633 264.8952 0.1260098 15.28041 286.5138 36.80982 24.59374 6.690576 5.203338 2.383800
xbest 20.70594 261.6985 0.1244509 15.26861 286.5132 36.84090 24.55254 6.684639 5.330923 2.400344
xbest 20.70893 262.3659 0.1245385 15.28695 286.5105 36.79437 24.55863 6.683366 5.304771 2.403081
xbest 20.70740 261.7600 0.1245101 15.27072 286.5129 36.83964 24.55251 6.684641 5.334375 2.400110
xbest 20.70889 261.4691 0.1242069 15.27338 286.5120 36.84180 24.55255 6.688693 5.320328 2.399386
xbest 20.70889 261.4691 0.1242069 15.27338 286.5120 36.84180 24.55255 6.688693 5.323453 2.399386
xbest 20.71499 261.9954 0.1153503 15.31730 286.5198 36.84256 24.57770 6.683419 5.360432 2.400675
xbest 20.71396 261.9841 0.1153461 15.30830 286.5136 36.83367 24.57461 6.684036 5.358375 2.400617
xbest 20.70932 261.9409 0.1160782 15.27822 286.5115 36.82684 24.57337 6.686541 5.357843 2.400950
xbest 20.70855 261.7594 0.1156261 15.27932 286.5110 36.82436 24.57479 6.686663 5.387111 2.399600
xbest 20.70925 261.6256 0.1149677 15.27726 286.5074 36.82438 24.57861 6.687633 5.395047 2.399335
xbest 20.68740 261.7660 0.1149758 15.26099 286.5065 36.81710 24.58000 6.688954 5.413793 2.398660
xbest 20.68740 261.7660 0.1149758 15.26099 286.5065 36.81710 24.58000 6.688954 5.410668 2.398660
xbest 20.70553 262.7917 0.1149601 15.25637 286.5097 36.81500 24.53108 6.687775 5.339628 2.400269
xbest 20.71396 261.7705 0.1139425 15.00000 286.5034 36.80559 24.54856 6.687411 5.572057 2.401018
xbest 20.71396 262.0830 0.1139425 15.00000 286.5034 36.80559 24.50794 6.687216 5.559948 2.401018
xbest 20.73113 262.3776 0.1142249 15.00273 286.5056 36.81139 24.51892 6.688713 5.514712 2.399970
xbest 20.74315 261.5718 0.1140183 15.00000 286.5048 36.80634 24.53808 6.688656 5.577949 2.399670
xbest 20.73982 261.8953 0.1140155 15.00290 286.5050 36.80572 24.53687 6.688514 5.563668 2.400251
xbest 20.73982 261.8953 0.1140155 15.00290 286.5050 36.80572 24.53687 6.688514 5.563668 2.400251

$time
elapsed elapsed elapsed elapsed elapsed elapsed elapsed elapsed elapsed elapsed elapsed elapsed elapsed elapsed elapsed elapsed elapsed elapsed elapsed elapsed elapsed elapsed elapsed elapsed elapsed elapsed elapsed elapsed elapsed elapsed 
   2.76    7.75   10.98   18.26   22.57   26.15   29.65   33.07   40.65   47.64   50.40   75.93   86.09   87.84  125.31  127.37  156.40  159.93  165.31  176.95  187.12  197.36  202.90  217.78  224.68  228.84  232.26  241.00  259.37  266.25 
elapsed elapsed elapsed elapsed elapsed elapsed elapsed elapsed elapsed elapsed elapsed elapsed 
 276.73  293.76  301.54  315.56  317.42  497.40  676.25  678.54  736.18  744.64  778.06 1288.31 

$neval
 [1]   106   275   408   702   843   987  1128  1267  1548  1830  1943  2908  3315  3388  4744  4829  5939  6077  6292  6707  7111  7517  7741  8292  8564  8702  8840  9187  9871 10142 10558 11179 11455 12015 12089 19109 26226 26321 28520
[40] 28858 30134 50048

$fbest
[1] 599.5104

$xbest
 [1]  20.7398216 261.8952777   0.1140155  15.0029001 286.5049810  36.8057187  24.5368740   6.6885136   5.5636676   2.4002509

$numeval
[1] 50048

$end_crit
[1] 1

$cpu_time
elapsed 
1288.31 

$Refset
$Refset$x
          [,1]     [,2]      [,3]     [,4]     [,5]     [,6]     [,7]     [,8]     [,9]    [,10]
 [1,] 76.01549 123.7816 0.7178139 21.18593 286.6269 29.76865 35.64126 4.393198 9.473051 2.273057
 [2,] 20.73942 261.8543 0.1140193 15.00200 286.5060 36.81753 24.53755 6.688907 5.564497 2.399465
 [3,] 20.73648 261.9585 0.1140230 15.00200 286.5057 36.81086 24.53703 6.688701 5.561216 2.395710
 [4,] 20.73883 261.8712 0.1140270 15.00211 286.5058 36.80909 24.53712 6.688642 5.564360 2.396833
 [5,] 20.73968 261.8833 0.1139857 15.00279 286.5061 36.81026 24.53667 6.688596 5.563982 2.398706
 [6,] 20.73927 261.8853 0.1139675 15.00209 286.5053 36.80877 24.53754 6.688762 5.563316 2.398626
 [7,] 20.76161 261.8919 0.1124715 15.00157 286.5055 36.80924 24.53655 6.688630 5.564423 2.399481
 [8,] 20.73638 261.8844 0.1138366 15.00366 286.5032 36.81423 24.53687 6.689071 5.563796 2.400290
 [9,] 20.72852 261.8425 0.1140311 15.00157 286.5052 36.81530 24.53649 6.688697 5.562025 2.396357
[10,] 20.73746 261.8309 0.1138064 15.01082 286.5112 36.80916 24.53998 6.688199 5.564325 2.398730
[11,] 20.74049 261.6995 0.1132537 15.00000 286.5020 36.80706 24.51093 6.688127 5.562132 2.398269
[12,] 30.10362 264.0459 0.6501078 16.85657 286.5053 31.37521 25.30340 6.730994 4.917564 1.866421

$Refset$f
 [1] 1886523.0000     599.5104     599.5104     599.5104     599.5104     599.5104     600.0868     600.3924     600.4201     600.3385     600.1094    5198.5469

$Refset$fpen
 [1] 4626846.3537     599.5104     599.5104     599.5104     599.5104     599.5104     600.0868     600.3924     600.4201     600.3385     600.1094    5198.5469

$Refset$const
           [,1]     [,2]     [,3]     [,4]     [,5]
 [1,] 11.712879 26.52695 14.81407 1.359363 6.240323
 [2,]  9.437501 30.43550 20.99800 1.531065 2.654103
 [3,]  9.440786 30.43878 20.99800 1.531086 2.654312
 [4,]  9.437751 30.43564 20.99789 1.531066 2.654465
 [5,]  9.438810 30.43602 20.99721 1.531038 2.654471
 [6,]  9.438771 30.43668 20.99791 1.531119 2.654337
 [7,]  9.437145 30.43558 20.99843 1.531102 2.654303
 [8,]  9.439867 30.43620 20.99634 1.531366 2.653226
 [9,]  9.439540 30.43798 20.99843 1.531149 2.653859
[10,]  9.446499 30.43568 20.98918 1.530467 2.656627
[11,]  9.437868 30.43787 21.00000 1.531555 2.651118
[12,] 11.939010 31.08244 19.14343 1.509493 3.125774

$Refset$penalty
 [1] 2.740323 0.000000 0.000000 0.000000 0.000000 0.000000 0.000000 0.000000 0.000000 0.000000 0.000000 0.000000


