$f
[1] 1232.1701  434.1753  249.3507  246.8299  204.9410  202.4566  202.2135  202.2135

$x
          [,1]     [,2]      [,3]     [,4]     [,5]     [,6]     [,7]      [,8]     [,9]    [,10]
xbest 20.60558 317.7052 0.8163330 20.30494 286.6159 47.98983 29.90582  8.702418 4.851621 4.141151
xbest 20.00000 431.0519 0.7800844 16.94896 286.9042 48.00000 24.00000 10.000000 4.396097 4.326056
xbest 20.00000 450.5206 0.9144612 17.51922 286.9042 48.00000 26.60000 10.000000 4.349105 4.867803
xbest 20.18027 271.7817 0.6880821 25.44801 286.7097 47.62831 24.19234 10.000000 4.084906 4.888995
xbest 20.00000 271.7817 0.4630821 25.45103 286.7097 47.62831 24.00000  9.999799 3.802063 5.000000
xbest 20.02989 370.5757 0.7142152 23.82655 286.0644 41.49578 28.78135  6.986805 3.243893 3.621966
xbest 20.02989 370.5757 0.7142152 23.82655 286.0644 41.49578 28.78135  6.986854 3.250143 3.620482
xbest 20.02989 370.5757 0.7142152 23.82655 286.0644 41.49578 28.78135  6.986854 3.250143 3.620482

$time
elapsed elapsed elapsed elapsed elapsed elapsed elapsed elapsed 
   2.15    5.92   10.61   50.45   53.83 1317.37 1319.55 1355.67 

$neval
[1]   106   261   413  1928  2050 48757 48840 50071

$fbest
[1] 202.2135

$xbest
 [1]  20.0298923 370.5756700   0.7142152  23.8265516 286.0644195  41.4957812  28.7813498   6.9868539   3.2501430   3.6204819

$numeval
[1] 50071

$end_crit
[1] 1

$cpu_time
elapsed 
1355.67 

$Refset
$Refset$x
           [,1]        [,2]        [,3]      [,4]       [,5]      [,6]       [,7]       [,8]      [,9]    [,10]
 [1,]  20.02989   0.7142152 286.0644195 28.781350   3.250143  20.02989  0.7142152 286.064419 28.781350 3.250143
 [2,] 370.57567  23.8265516  41.4957812  6.986854   3.620482 370.57567 23.8265516  41.495781  6.986854 3.620482
 [3,]  20.06091 370.8089749   0.7004570 23.828489 286.065315  41.51162 28.7982226   6.982637  3.229987 3.634241
 [4,]  20.05880 370.8756699   0.7011182 23.832996 286.065337  41.50951 28.7969225   6.982552  3.226655 3.639283
 [5,]  20.06106 370.8170399   0.7008566 23.829385 286.065227  41.51305 28.7979196   6.982624  3.228383 3.635780
 [6,]  20.06048 370.8247207   0.7023044 23.830657 286.065461  41.52349 28.7956512   6.982564  3.229333 3.634829
 [7,]  20.06019 370.8313008   0.7016046 23.829034 286.064937  41.51134 28.7978303   6.982670  3.230270 3.634866
 [8,]  20.04589 370.3213432   0.7179292 23.834669 286.065751  41.50689 28.7925811   6.985855  3.229685 3.635862
 [9,]  20.05909 370.9682917   0.7127641 23.831435 286.062940  41.50893 28.7832429   6.982747  3.234616 3.641245
[10,]  20.06033 371.1727327   0.7116045 23.831638 286.065120  41.50790 28.7972685   6.982492  3.228278 3.643004
[11,]  20.05524 370.1129143   0.7054532 23.831371 286.065374  41.50724 28.7947470   6.985460  3.214737 3.632754
[12,]  20.06255 370.9246624   0.7025890 23.832118 286.065223  41.40901 28.8348252   6.976058  3.227327 3.640810

$Refset$f
 [1] 202.2135 202.2135 205.2170 205.2170 205.2170 205.2170 205.2170 205.2847 205.2934 205.3698 206.3507 211.6615

$Refset$fpen
 [1] 202.2135 202.2135 205.2170 205.2170 205.2170 205.2170 205.2170 205.2847 205.2934 205.3698 206.3507 211.6615

$Refset$const
          [,1]      [,2]      [,3]      [,4]     [,5]
 [1,] 20.57641 12.173448  2.589287 32.749857 1.577596
 [2,] 32.74986  1.577596 20.576409 12.173448 2.589287
 [3,] 20.59850 32.770013 12.171511  1.577489 2.589959
 [4,] 20.60634 32.773345 12.167004  1.577486 2.589978
 [5,] 20.60100 32.771617 12.170615  1.577500 2.589843
 [6,] 20.60132 32.770667 12.169343  1.577487 2.589252
 [7,] 20.59876 32.769730 12.170966  1.577531 2.589835
 [8,] 20.60498 32.770315 12.165331  1.577443 2.589924
 [9,] 20.59682 32.765384 12.168565  1.577770 2.588351
[10,] 20.60336 32.771722 12.168362  1.577508 2.590015
[11,] 20.61663 32.785263 12.168629  1.577483 2.589947
[12,] 20.60479 32.772673 12.167882  1.577353 2.597462

$Refset$penalty
 [1] 0 0 0 0 0 0 0 0 0 0 0 0


