$f
 [1] 5472.8819 1190.3264 1065.3403 1045.7413  880.5920  871.6406  856.2604  847.8576  793.2361  769.9549  738.2934  729.1302  694.1875  684.5747  678.5382  639.2726  586.1962  584.4306  571.4167  570.5486  570.1024  564.0382  563.3212
[24]  562.3941  562.1406  560.5087  560.0017  559.3854  557.6076  557.4323  556.6997  556.4358  556.1806  555.8368  554.9896  554.2031  553.4132  552.8212  552.8090  552.6372  552.3212  552.3021  552.1285  551.3958  551.0226  550.7674
[47]  550.2639  546.3559  545.3854  545.3142  545.2622  545.1962  545.1962

$x
          [,1]     [,2]      [,3]     [,4]     [,5]     [,6]     [,7]     [,8]     [,9]    [,10]
xbest 29.51344 236.4060 0.1186434 26.89593 285.9227 27.98733 24.38642 4.048901 5.471547 2.218206
xbest 24.74205 159.7320 0.1575534 27.64046 286.5676 39.07804 28.79970 5.497466 2.262623 1.213182
xbest 24.36705 139.7320 0.1575534 28.39046 286.5676 39.06407 28.79970 5.501069 2.376599 1.213182
xbest 20.73947 230.0880 0.1000000 26.87260 285.7447 28.26599 24.00000 4.031283 4.021640 2.220714
xbest 20.00000 198.9037 0.1126139 28.38895 286.6495 39.67022 28.62750 4.533864 3.102727 1.200000
xbest 20.00000 257.6675 0.1058405 27.11719 286.4679 35.68865 27.14027 4.655844 2.307912 3.539587
xbest 20.00000 189.4273 0.1187348 28.72401 286.7041 42.11461 28.62717 4.660601 3.089989 1.200000
xbest 22.14702 241.0493 0.1270159 27.09701 286.6067 35.97458 24.76354 3.847949 2.544670 2.450554
xbest 20.03027 201.3090 0.1177774 27.31446 286.6932 41.67161 28.54487 4.733556 3.077753 1.212837
xbest 20.05354 208.3324 0.1170285 26.01187 286.6892 41.72822 28.55969 4.729635 3.078014 1.200648
xbest 20.00000 208.3324 0.1062610 26.40449 286.6958 41.72822 28.55969 4.729635 3.119935 1.200000
xbest 20.28234 231.0061 0.1066647 24.80169 286.6200 41.89603 27.68872 4.267703 3.005228 1.200479
xbest 20.28234 231.0061 0.1094772 25.17767 286.6200 41.89603 27.44497 4.242789 2.822351 1.200000
xbest 20.26227 234.8879 0.1036360 24.65254 286.6235 41.91247 27.28216 4.233568 3.059554 1.201714
xbest 20.26227 234.8879 0.1036360 24.64082 286.6235 41.91247 27.27169 4.227318 3.072054 1.200000
xbest 20.25747 213.0722 0.1006138 23.58232 286.6474 44.18307 27.44291 5.389777 3.828785 1.200000
xbest 20.25747 213.0722 0.1000000 23.60575 286.6661 44.18307 27.60541 5.389777 3.828785 1.211875
xbest 20.06374 221.0612 0.1028008 25.01383 286.6385 44.20739 27.48861 5.397747 2.394150 1.209853
xbest 20.02085 220.4222 0.1052774 25.34046 286.6383 44.68943 27.58584 5.448592 2.150421 1.214018
xbest 20.01788 221.7993 0.1034967 25.04562 286.6393 44.67936 27.52932 5.448215 2.143485 1.212352
xbest 20.01644 221.8529 0.1027501 25.08823 286.6397 44.67488 27.50404 5.448130 2.141952 1.212862
xbest 20.00000 223.6284 0.1005266 25.08823 286.6397 44.67488 27.62592 5.448130 2.166952 1.212862
xbest 20.05321 210.8293 0.1029507 25.17197 286.6409 44.67797 27.52794 5.445415 2.692854 1.209937
xbest 20.05321 210.8293 0.1030386 25.17197 286.6409 44.67797 27.52794 5.445415 2.692854 1.210679
xbest 20.00000 213.4130 0.1024506 25.17353 286.6427 44.66946 27.54945 5.442681 2.604209 1.210112
xbest 20.06421 209.0345 0.1000000 25.15435 286.6414 44.70712 27.52891 5.448199 2.869204 1.209865
xbest 20.04073 209.4345 0.1010642 25.15489 286.6399 44.70691 27.52485 5.449591 2.861718 1.209353
xbest 20.07622 207.8343 0.1000779 25.13399 286.6415 44.71094 27.53008 5.448223 2.946399 1.209850
xbest 20.03297 209.5153 0.1009026 24.95508 286.6374 44.73557 27.54883 5.453714 2.966829 1.208045
xbest 20.03297 209.5153 0.1009026 24.95508 286.6374 44.73557 27.54883 5.453714 2.969954 1.208045
xbest 20.00000 209.2586 0.1006840 25.00072 286.6371 44.74145 27.53309 5.454386 3.015147 1.210009
xbest 20.00000 209.0750 0.1006664 24.99650 286.6371 44.74711 27.53695 5.455036 3.002687 1.210885
xbest 20.00000 209.0750 0.1006664 24.99650 286.6371 44.74711 27.53695 5.455036 3.002687 1.210143
xbest 20.02874 209.5497 0.1008608 24.83837 286.6376 44.75379 27.54534 5.453688 3.086950 1.207296
xbest 20.02979 209.5486 0.1007581 24.77310 286.6377 44.76167 27.54509 5.454696 3.119268 1.207297
xbest 20.04736 209.7049 0.1004066 24.77310 286.6377 44.76167 27.54763 5.454696 3.119268 1.207297
xbest 20.04650 209.7557 0.1018779 25.02851 286.6382 44.57924 27.54037 5.446374 2.786207 1.209689
xbest 20.04650 209.7557 0.1018779 25.02851 286.6382 44.57924 27.54037 5.446374 2.783082 1.209689
xbest 20.03718 210.0405 0.1025838 25.04490 286.6384 44.58488 27.56940 5.446347 2.755477 1.210712
xbest 20.03718 210.0405 0.1025618 25.04490 286.6384 44.58488 27.56940 5.446347 2.755477 1.210712
xbest 20.03588 210.1805 0.1028445 25.04337 286.6384 44.58795 27.56389 5.446346 2.756906 1.211455
xbest 20.04914 209.5642 0.1018910 25.03890 286.6380 44.57840 27.55157 5.446257 2.759496 1.211006
xbest 20.04323 209.8702 0.1029353 24.98176 286.6372 44.58409 27.58423 5.446107 2.796194 1.211142
xbest 20.04857 209.5547 0.1018231 25.03807 286.6382 44.58311 27.54240 5.446257 2.761233 1.210603
xbest 20.07487 209.5414 0.1007714 24.30191 286.6398 44.75304 27.56858 5.453543 3.434926 1.208370
xbest 20.08160 209.5730 0.1007980 24.30744 286.6397 44.75280 27.57213 5.453606 3.425334 1.208440
xbest 20.08055 209.6378 0.1009019 24.35322 286.6504 44.72463 27.84556 5.448991 3.422938 1.210145
xbest 20.08055 209.7159 0.1000000 24.35322 286.6504 44.72463 27.84556 5.448991 3.422938 1.210145
xbest 20.07947 209.4043 0.1008497 24.33185 286.6568 44.74965 27.91721 5.449609 3.424816 1.209359
xbest 20.07947 209.4043 0.1008497 24.33185 286.6568 44.74965 27.91721 5.449609 3.424816 1.208617
xbest 20.08794 209.3543 0.1010580 24.32761 286.6557 44.74147 27.90086 5.449191 3.423996 1.209551
xbest 20.09584 209.1832 0.1009983 24.33169 286.6567 44.75290 27.89511 5.449376 3.423516 1.209630
xbest 20.09584 209.1832 0.1009983 24.33169 286.6567 44.75290 27.89511 5.449376 3.423516 1.209630

$time
elapsed elapsed elapsed elapsed elapsed elapsed elapsed elapsed elapsed elapsed elapsed elapsed elapsed elapsed elapsed elapsed elapsed elapsed elapsed elapsed elapsed elapsed elapsed elapsed elapsed elapsed elapsed elapsed elapsed elapsed 
   2.02    6.99    9.63   12.74   22.11   28.43   31.61   34.60   37.71   41.39   47.28   90.83   93.94  164.64  166.94  174.28  201.77  309.02  326.11  338.78  341.83  343.91  396.52  398.21  423.43  436.43  440.07  451.39  457.32  458.80 
elapsed elapsed elapsed elapsed elapsed elapsed elapsed elapsed elapsed elapsed elapsed elapsed elapsed elapsed elapsed elapsed elapsed elapsed elapsed elapsed elapsed elapsed elapsed 
 491.13  494.49  496.24  499.63  514.83  532.27  577.08  578.86  609.41  611.99  616.38  619.72  644.91  653.21  683.44  699.36  860.46  862.47  923.19  924.93 1126.32 1166.00 1179.11 

$neval
 [1]   106   278   406   556   844  1119  1260  1399  1539  1677  1953  3860  4002  7129  7228  7503  8675 13483 14220 14763 14903 15002 17318 17397 18630 19246 19384 19930 20207 20280 21517 21655 21729 21863 22408 23170 25071 25149 26511
[40] 26585 26721 26857 27804 28140 29350 30099 36675 36754 39103 39177 47981 49545 50016

$fbest
[1] 545.1962

$xbest
 [1]  20.0958403 209.1832226   0.1009983  24.3316859 286.6567122  44.7529033  27.8951097   5.4493763   3.4235157   1.2096303

$numeval
[1] 50016

$end_crit
[1] 1

$cpu_time
elapsed 
1179.11 

$Refset
$Refset$x
           [,1]        [,2]        [,3]      [,4]       [,5]      [,6]       [,7]       [,8]      [,9]    [,10]
 [1,]  20.09584   0.1009983 286.6567122 27.895110   3.423516  20.09584  0.1009983 286.656712 27.895110 3.423516
 [2,] 209.18322  24.3316859  44.7529033  5.449376   1.209630 209.18322 24.3316859  44.752903  5.449376 1.209630
 [3,]  20.09584 209.1832226   0.1009983 24.331686 286.656712  44.75290 27.8951097   5.449376  3.423516 1.209630
 [4,]  20.08794 209.3542591   0.1010580 24.327612 286.655661  44.74147 27.9008578   5.449191  3.423996 1.209551
 [5,]  20.08294 209.3779700   0.1010471 24.328952 286.655351  44.74198 27.9005959   5.449222  3.425346 1.209550
 [6,]  20.07971 209.3338015   0.1010928 24.336593 286.655487  44.74301 27.8831127   5.449450  3.423609 1.209659
 [7,]  20.08633 209.3615397   0.1010524 24.328696 286.655738  44.74927 27.8958820   5.449223  3.423685 1.209603
 [8,]  20.08357 209.3789622   0.1010467 24.330251 286.656365  44.74276 27.9082799   5.448996  3.424072 1.209619
 [9,]  20.07795 209.4140036   0.1009413 24.333122 286.655158  44.74033 27.9006386   5.449122  3.424660 1.209478
[10,]  20.07823 209.4292017   0.1009793 24.330417 286.655605  44.74459 27.8994246   5.449177  3.424837 1.209531
[11,]  20.08528 209.3881906   0.1007654 24.293894 286.655228  44.74277 27.8993551   5.449463  3.450885 1.209430
[12,]  20.07680 198.9571673   0.1294304 24.404896 286.652739  45.58103 24.2854105   5.220481  3.922710 1.206335

$Refset$f
 [1] 545.1962 545.1962 545.1962 545.2622 545.2622 545.2622 545.2622 545.2622 545.3142 545.3142 545.3142 686.3524

$Refset$fpen
 [1] 545.1962 545.1962 545.1962 545.2622 545.2622 545.2622 545.2622 545.2622 545.3142 545.3142 545.3142 686.3524

$Refset$const
          [,1]      [,2]      [,3]      [,4]     [,5]
 [1,] 20.90817 11.668314  2.584846 32.576484 1.519334
 [2,] 32.57648  1.519334 20.908170 11.668314 2.584846
 [3,] 20.90817 32.576484 11.668314  1.519334 2.584846
 [4,] 20.90362 32.576004 11.672388  1.519416 2.585268
 [5,] 20.90361 32.574654 11.671048  1.519450 2.585118
 [6,] 20.91298 32.576391 11.663407  1.519476 2.584030
 [7,] 20.90501 32.576315 11.671304  1.519430 2.584679
 [8,] 20.90618 32.575928 11.669749  1.519327 2.585942
 [9,] 20.90846 32.575340 11.666878  1.519468 2.585115
[10,] 20.90558 32.575163 11.669583  1.519429 2.585036
[11,] 20.84301 32.549115 11.706106  1.519466 2.584965
[12,] 20.48219 32.077290 11.595104  1.525600 2.346296

$Refset$penalty
 [1] 0 0 0 0 0 0 0 0 0 0 0 0


