$f
 [1] 1826.3316  700.0747  501.1302  484.9705  462.5417  452.7413  443.4618  433.5122  425.0191  406.3056  398.6267  391.3351  385.9288  375.5712  367.5260  367.2934  364.1233  363.8524  363.6840  359.2552  347.0660  346.7257  346.4844
[24]  346.2951  344.8750  344.3420  344.1285  343.7153  343.5833  343.5764  343.4149  343.2101  343.0764  342.8750  341.1285  339.4219  339.4132  338.9844  338.3125  338.2899  338.1858  338.1319  338.0920  337.6701  337.5781  337.5556
[47]  337.5295  337.5295

$x
          [,1]     [,2]      [,3]     [,4]     [,5]     [,6]     [,7]     [,8]     [,9]    [,10]
xbest 25.95657 240.2580 0.6516954 27.59342 286.6617 43.88442 27.39757 4.704538 5.815153 4.831650
xbest 22.18324 261.8390 0.6008859 24.20305 285.7795 40.54941 27.96771 3.482168 4.585814 3.829821
xbest 22.18324 281.7784 0.8645321 24.31214 285.7795 40.54941 27.96771 3.891865 4.740966 5.000000
xbest 22.74059 297.9207 0.6459567 25.34184 285.8703 41.63116 28.27652 3.927779 2.490116 4.255010
xbest 22.85564 278.5076 0.8525582 25.62347 285.7840 42.19272 28.22552 3.976919 3.137187 4.306104
xbest 22.28681 284.2491 0.8686422 23.71283 285.7978 40.96619 27.95662 3.932086 4.981217 5.000000
xbest 22.57332 278.0426 0.8576082 24.71867 285.8293 41.20601 28.28552 3.939363 4.128812 4.765630
xbest 22.93198 278.9115 0.8543705 24.60005 285.8306 41.35976 27.98743 3.967798 3.900403 4.508978
xbest 22.93198 279.5365 0.8726518 24.60005 285.8212 41.15976 27.98743 3.967798 3.925403 4.508978
xbest 22.78936 216.3621 0.8040706 24.75975 285.8815 41.14563 29.10308 3.978412 6.207142 4.302648
xbest 22.78979 231.1554 0.8037703 24.55994 285.8816 40.80999 29.13771 3.987385 5.904256 4.236097
xbest 22.78979 231.1554 1.0000000 24.60681 285.8816 40.80999 29.13771 3.987385 5.904256 4.307347
xbest 22.75872 200.0504 0.8058249 25.03691 285.9066 40.85521 29.63757 3.975309 6.560737 4.304212
xbest 22.76577 227.5376 0.8094065 24.95647 285.8965 40.92379 29.42997 3.979097 5.683568 4.287732
xbest 22.85321 193.7210 0.8034123 25.03923 285.9230 40.86625 29.69190 3.972050 7.092773 4.335012
xbest 22.93941 218.1842 0.8089758 24.92536 285.9004 40.92748 29.52154 3.978891 6.046426 4.301542
xbest 22.94053 216.2577 0.8082715 25.10980 285.9007 40.93147 29.53428 3.978154 6.048128 4.294393
xbest 22.94053 216.2577 0.8082715 25.10834 285.9007 40.93147 29.53428 3.978154 6.045003 4.294393
xbest 22.76065 222.9097 0.8257231 24.24152 285.9421 40.76181 29.71772 3.986407 6.521024 4.064906
xbest 22.76065 222.9097 1.0000000 24.24152 285.9421 40.76181 29.71772 3.986407 6.521024 4.064906
xbest 22.77605 209.7333 0.8223239 23.76800 285.9428 40.99183 29.68450 3.986195 7.317735 4.184028
xbest 22.78191 209.7333 0.8223239 23.76800 285.9428 40.99183 29.68450 3.986195 7.317735 4.184028
xbest 22.84279 221.9374 0.8912392 25.86394 285.9460 40.85758 29.73148 3.976953 5.478732 4.249482
xbest 22.84279 221.9178 0.8912392 25.86394 285.9460 40.85758 29.73148 3.976953 5.478732 4.249482
xbest 22.85601 222.1199 0.8406059 25.65914 285.9443 40.85581 29.73319 3.977567 5.579479 4.255374
xbest 22.85109 222.1423 0.8492067 25.64465 285.9443 40.85768 29.73300 3.975670 5.593362 4.259012
xbest 22.85694 222.1423 0.8492067 25.64465 285.9443 40.85768 29.73300 3.975670 5.593362 4.259012
xbest 22.83193 218.6988 0.8382377 25.67505 285.9453 40.90369 29.72969 3.979572 5.640384 4.259731
xbest 22.83193 218.6988 0.8382377 25.67505 285.9453 40.90369 29.72969 3.979572 5.643509 4.259731
xbest 22.83143 218.7317 0.8334202 25.67108 285.9453 40.90788 29.73006 3.978842 5.640340 4.258142
xbest 22.83927 220.5775 0.9735879 25.62757 285.9449 40.90360 29.73261 3.978446 5.640641 4.256104
xbest 22.83940 221.7706 0.9831117 25.59948 285.9445 40.90400 29.73255 3.978514 5.641164 4.256056
xbest 22.84526 221.7706 0.9831117 25.59948 285.9445 40.90400 29.73255 3.978514 5.641164 4.256056
xbest 22.86658 220.6999 1.0000000 25.67954 285.9491 40.99780 29.73303 3.980968 5.641011 4.235434
xbest 22.85178 221.2098 0.9585401 25.61483 285.9476 41.01063 29.73173 3.979046 5.578675 4.193186
xbest 22.84568 220.6560 0.9573838 25.62377 285.9461 40.96940 29.73101 3.978911 5.639204 4.202790
xbest 22.86753 220.4379 1.0000000 25.65989 285.9471 41.00290 29.73142 3.981111 5.622637 4.221077
xbest 22.87079 218.9659 1.0000000 25.66065 285.9475 41.01257 29.73195 3.981218 5.641089 4.221042
xbest 22.87079 218.8877 0.9550000 25.66065 285.9475 41.01257 29.73195 3.981218 5.641089 4.221042
xbest 22.85453 219.1088 0.9994924 25.65399 285.9474 40.96104 29.73510 3.980970 5.649065 4.201343
xbest 22.85453 219.1088 0.9994924 25.65399 285.9474 40.96104 29.73510 3.980970 5.652190 4.201343
xbest 22.87305 217.5155 0.9680234 25.66042 285.9466 40.95608 29.73131 3.977909 5.695877 4.183443
xbest 22.87728 217.5914 0.9754590 25.65711 285.9468 40.96377 29.73243 3.978575 5.694872 4.220620
xbest 22.87272 217.8849 0.9853660 25.65839 285.9482 40.96516 29.73180 3.981486 5.683974 4.233294
xbest 22.87272 217.9044 0.9853660 25.65839 285.9482 40.96516 29.73180 3.981486 5.683974 4.233294
xbest 22.89079 217.6722 0.9968905 25.65750 285.9485 40.96270 29.73052 3.979521 5.689345 4.239802
xbest 22.85892 218.0327 0.9945441 25.66228 285.9458 40.96620 29.72473 3.982523 5.692572 4.231581
xbest 22.85892 218.0327 0.9945441 25.66228 285.9458 40.96620 29.72473 3.982523 5.692572 4.231581

$time
elapsed elapsed elapsed elapsed elapsed elapsed elapsed elapsed elapsed elapsed elapsed elapsed elapsed elapsed elapsed elapsed elapsed elapsed elapsed elapsed elapsed elapsed elapsed elapsed elapsed elapsed elapsed elapsed elapsed elapsed 
   2.29    5.98    9.92   20.15   23.56   26.90   30.06   33.35   45.42   68.48   78.81   81.03   87.46   97.12  104.26  107.57  114.09  116.03  139.35  150.90  179.45  187.96  534.87  536.59  539.68  563.23  571.46  636.98  638.70  665.17 
elapsed elapsed elapsed elapsed elapsed elapsed elapsed elapsed elapsed elapsed elapsed elapsed elapsed elapsed elapsed elapsed elapsed elapsed 
 691.01  698.15  709.65  729.87  732.98  737.15  740.46  744.03  745.90  776.17  781.09  788.48  805.62  808.95  816.95  932.50 1157.48 1225.65 

$neval
 [1]   106   258   393   831   977  1118  1255  1394  1903  2847  3251  3348  3619  4028  4299  4435  4706  4790  5740  6224  7332  7680 21949 22023 22157 23115 23465 26083 26156 27245 28272 28545 29030 29854 29990 30127 30265 30407 30487
[40] 31712 31921 32195 32871 33006 33346 37998 47187 50130

$fbest
[1] 337.5295

$xbest
 [1]  22.8589170 218.0327354   0.9945441  25.6622762 285.9457539  40.9661984  29.7247327   3.9825226   5.6925723   4.2315808

$numeval
[1] 50130

$end_crit
[1] 1

$cpu_time
elapsed 
1225.65 

$Refset
$Refset$x
          [,1]     [,2]      [,3]     [,4]     [,5]     [,6]     [,7]     [,8]     [,9]    [,10]
 [1,] 22.86196 218.0321 0.9945631 25.66178 285.9458 40.96856 29.72529 3.982488 5.692150 4.231887
 [2,] 22.86197 218.0268 0.9945451 25.66178 285.9458 40.96800 29.72493 3.982456 5.692243 4.231714
 [3,] 22.88324 217.7465 0.9940252 25.65955 285.9468 40.96247 29.73000 3.980294 5.686749 4.236266
 [4,] 22.88304 217.7058 0.9937923 25.65911 285.9467 40.96317 29.72961 3.980582 5.688005 4.233980
 [5,] 22.88305 217.7397 0.9941354 25.65939 285.9464 40.96481 29.72822 3.980347 5.686696 4.233390
 [6,] 22.88048 216.3937 0.9941324 25.74472 285.9462 40.96241 29.72765 3.981376 5.686174 4.221193
 [7,] 22.87537 217.9432 0.9944701 25.66068 285.9464 40.96993 29.72630 3.982116 5.691244 4.231986
 [8,] 22.89349 218.3086 0.9939838 25.66155 285.9463 40.96532 29.73250 3.981287 5.688972 4.233438
 [9,] 23.65168 209.8256 0.9206419 25.68529 285.9468 41.18269 30.10868 4.539546 5.357531 4.238393
[10,] 20.00000 250.4277 0.9796003 24.67805 286.1041 42.41241 25.94910 2.760759 5.707991 1.743857
[11,] 20.74306 233.0636 0.8041813 22.64002 286.1979 41.06326 35.68377 4.196926 6.034030 3.463798
[12,] 20.00000 223.7680 1.0000000 25.15119 286.2750 42.58682 34.26954 2.000000 6.566597 4.813401

$Refset$f
 [1] 337.5295 337.5295 337.5556 337.5556 337.5556 337.6354 337.6910 338.9184 581.8472 990.4653 966.2934 705.7292

$Refset$fpen
 [1] 337.5295 337.5295 337.5556 337.5556 337.5556 337.6354 337.6910 338.9184 581.8472 990.4653 966.2934 705.7292

$Refset$const
          [,1]     [,2]     [,3]     [,4]     [,5]
 [1,] 19.96963 30.30785 10.33822 1.589267 2.649026
 [2,] 19.96954 30.30776 10.33822 1.589259 2.649048
 [3,] 19.97280 30.31325 10.34045 1.589136 2.649985
 [4,] 19.97110 30.31200 10.34089 1.589145 2.649900
 [5,] 19.97269 30.31330 10.34061 1.589179 2.649637
 [6,] 20.05855 30.31383 10.25528 1.589199 2.649669
 [7,] 19.96944 30.30876 10.33932 1.589190 2.649217
 [8,] 19.97258 30.31103 10.33845 1.589184 2.649897
 [9,] 20.32776 30.64247 10.31471 1.588788 2.666113
[10,] 18.97006 30.29201 11.32195 1.575243 2.380067
[11,] 16.60599 29.96597 13.35998 1.536912 3.250477
[12,] 18.58459 29.43340 10.84881 1.539220 3.024168

$Refset$penalty
 [1] 0 0 0 0 0 0 0 0 0 0 0 0


