$f
[1] 15997.736  2686.564  2140.585  2027.151  2015.983  1701.380  1656.536  1509.918  1463.745

$x
          [,1]     [,2]      [,3]     [,4]     [,5]     [,6]     [,7]     [,8]     [,9]    [,10]
xbest 24.79000 337.0400 0.2529000 17.72000 285.5400 45.67000 29.49000 2.970000 2.000000 2.690000
xbest 22.88316 100.0000 0.1000000 28.29006 285.8252 32.32651 26.22314 7.853656 6.208090 5.000000
xbest 22.83628 100.6250 0.1042188 27.91506 285.8159 32.67651 28.17314 7.453656 6.204965 4.991094
xbest 21.95279 234.6494 0.1007345 19.63602 286.5565 46.77260 24.73055 5.762605 2.324070 1.383107
xbest 21.86244 179.7525 0.1296561 15.00000 286.6657 46.98800 25.03512 5.771867 7.724982 1.228090
xbest 20.04632 202.4220 0.1000000 16.50000 286.7218 46.98800 24.99497 5.771867 7.716826 1.231024
xbest 21.78139 131.7815 0.1038791 18.35650 286.6341 46.29440 24.19272 7.993175 5.982614 1.664958
xbest 20.26829 151.7815 0.1000000 19.10322 286.6354 46.51800 24.19272 7.993175 6.122133 1.664958
xbest 20.26502 151.7815 0.1000000 19.09736 286.6518 46.51800 24.19272 7.993175 6.159196 1.664958

$time
elapsed elapsed elapsed elapsed elapsed elapsed elapsed elapsed elapsed 
   2.20    6.97   10.33   20.19   42.42   45.80   67.92   80.12 1171.78 

$neval
[1]   106   273   424   857  1815  1962  2906  3443 50070

$fbest
[1] 1463.745

$xbest
 [1]  20.265015 151.781535   0.100000  19.097360 286.651792  46.518003  24.192722   7.993175   6.159196   1.664958

$numeval
[1] 50070

$end_crit
[1] 1

$cpu_time
elapsed 
1171.78 

$Refset
$Refset$x
          [,1]     [,2]      [,3]     [,4]     [,5]     [,6]     [,7]     [,8]     [,9]    [,10]
 [1,] 20.00000 155.4842 0.1120734 17.74358 286.4861 46.63260 24.17684 5.710428 9.212614 1.476396
 [2,] 20.04856 156.1680 0.1180968 18.64569 286.4865 46.68885 24.04573 5.705305 8.302340 1.458270
 [3,] 20.04616 156.1122 0.1182616 18.65744 286.4865 46.69031 24.04092 5.706030 8.294604 1.457827
 [4,] 20.06479 156.1353 0.1174207 18.66253 286.4814 46.65530 24.00985 5.702577 8.302178 1.463833
 [5,] 20.06493 156.2139 0.1160196 18.68552 286.4795 46.65056 24.02745 5.701068 8.312452 1.467047
 [6,] 20.03221 156.1311 0.1183569 18.65513 286.4876 46.69074 24.02318 5.705976 8.303280 1.456785
 [7,] 20.06351 155.9214 0.1176960 18.62229 286.4840 46.66149 24.04883 5.706107 8.305038 1.464508
 [8,] 20.04330 156.1199 0.1182027 18.65860 286.4866 46.68958 24.03982 5.706138 8.294778 1.457172
 [9,] 20.03733 156.1264 0.1183977 18.65972 286.4876 46.68982 24.04268 5.702631 8.282513 1.455832
[10,] 20.05953 156.2430 0.1176655 18.65922 286.4829 46.66584 24.03143 5.702728 8.292655 1.462721
[11,] 20.06594 156.2823 0.1153842 18.79884 286.5255 46.64957 24.10954 5.689111 8.264376 1.461305
[12,] 20.06510 156.4937 0.1155141 18.74587 286.5225 46.64522 24.11118 5.688808 8.290046 1.460836

$Refset$f
 [1] 1549.849 1557.125 1557.536 1560.399 1560.552 1561.139 1561.148 1558.899 1564.769 1564.446 1574.505 1575.281

$Refset$fpen
 [1] 1549.849 1557.125 1557.536 1560.399 1560.552 1561.139 1561.148 1558.899 1564.769 1564.446 1574.505 1575.281

$Refset$const
           [,1]     [,2]     [,3]     [,4]     [,5]
 [1,]  8.530969 26.78739 18.25642 1.539894 2.260790
 [2,] 10.343354 27.69766 17.35431 1.539787 2.252913
 [3,] 10.362838 27.70540 17.34256 1.539785 2.252634
 [4,] 10.360349 27.69782 17.33747 1.540194 2.250503
 [5,] 10.373069 27.68755 17.31448 1.540361 2.250944
 [6,] 10.351849 27.69672 17.34487 1.539693 2.252037
 [7,] 10.317248 27.69496 17.37771 1.540004 2.253026
 [8,] 10.363823 27.70522 17.34140 1.539777 2.252627
 [9,] 10.377207 27.71749 17.34028 1.539701 2.253039
[10,] 10.366566 27.70735 17.34078 1.540081 2.251739
[11,] 10.534467 27.73562 17.20116 1.536629 2.268539
[12,] 10.455826 27.70995 17.25413 1.536877 2.267846

$Refset$penalty
 [1] 0 0 0 0 0 0 0 0 0 0 0 0


