$f
 [1] 4011.9167 1077.2031  867.3021  827.5938  709.4444  629.3576  626.6354  604.7361  518.0694  448.6406  438.8889  435.8542  434.9566  434.9323  426.8854  426.4809  426.2292  424.7396  424.4010  424.1788  424.1198  423.1997  422.6701
[24]  422.4705  422.4201  422.3368  422.2934  422.2899  422.2465  422.2205  422.2153  422.2031  422.1858  422.1024  421.9965  421.8872  421.8715  421.8715

$x
          [,1]     [,2]      [,3]     [,4]     [,5]     [,6]     [,7]     [,8]     [,9]    [,10]
xbest 23.58866 141.4067 0.8693391 21.55690 286.2897 44.17315 32.80339 7.213213 9.701403 3.649850
xbest 20.00000 384.7223 0.1153568 17.22469 284.8957 45.70524 24.00000 2.000000 2.000000 1.798933
xbest 20.37500 407.2223 0.1000000 17.22469 285.0457 45.70524 24.00000 2.000000 2.049219 1.751433
xbest 23.00414 105.6792 0.1093159 22.64050 284.0000 29.22978 25.24836 3.942586 9.915415 1.769952
xbest 21.76983 390.4756 0.1631423 18.63082 286.4764 44.07843 26.40851 3.124028 3.167187 3.667299
xbest 21.30043 375.4292 0.1000000 18.36451 286.5283 44.51423 27.78911 3.076734 3.257479 4.356617
xbest 22.51479 362.9957 0.1000000 19.22461 286.6658 42.06508 30.59414 3.497643 3.378309 4.443852
xbest 21.24192 367.1818 0.1002904 18.82000 285.9365 40.98886 24.09037 2.976746 3.768735 4.155663
xbest 20.69022 357.4839 0.1000000 19.21404 286.5851 41.19417 31.23322 3.577664 3.955265 4.953632
xbest 20.43259 337.6610 0.1627142 18.90497 286.3225 38.61336 30.97580 2.496470 5.894640 3.259008
xbest 20.43259 337.6610 0.1627142 18.90497 286.2662 38.61336 30.98596 2.446470 5.894640 3.330258
xbest 20.98049 354.9591 0.2335700 19.22025 286.1946 38.40764 27.86051 2.475788 5.748912 3.428905
xbest 20.98049 354.9591 0.2335700 19.22025 286.1946 38.40764 27.86051 2.475788 5.745787 3.428905
xbest 20.44696 348.0004 0.2952968 19.46414 286.4785 37.54426 32.20574 2.000000 6.311205 3.276989
xbest 20.44696 348.2934 0.2967031 19.46414 286.4785 38.01926 32.04324 2.000000 6.311205 3.276989
xbest 20.19850 351.7581 0.2598060 19.51807 286.3800 37.88404 31.52962 2.227948 6.008375 3.521178
xbest 20.19850 351.7581 0.2598060 19.51807 286.3987 37.88404 31.52962 2.215448 6.008375 3.521178
xbest 20.16954 348.6967 0.2630805 19.45601 286.4456 38.04320 31.58538 2.230921 6.138120 3.668695
xbest 20.14859 345.6917 0.2567274 19.46680 286.4773 38.12815 31.60648 2.237587 6.215384 3.692950
xbest 20.14859 345.6917 0.2567274 19.46680 286.4773 38.12815 31.64711 2.237587 6.215384 3.692950
xbest 20.10851 347.3608 0.2566506 19.40255 286.3876 37.92079 31.49800 2.215144 6.249860 3.641172
xbest 20.10851 347.3412 0.2545412 19.40255 286.3829 37.92079 31.41675 2.240144 6.224860 3.641172
xbest 20.10961 344.7086 0.2614111 19.34670 286.4551 38.06302 31.52962 2.228335 6.381182 3.776081
xbest 20.10961 344.6890 0.2614111 19.34670 286.4551 38.06302 31.52962 2.228335 6.381182 3.776081
xbest 20.09272 344.6312 0.2512802 19.37431 286.3899 37.93196 31.50489 2.237313 6.293474 4.009974
xbest 20.09272 344.6312 0.2512802 19.37431 286.3899 37.93196 31.46426 2.237313 6.293474 4.009974
xbest 20.11141 343.9398 0.2532174 19.42416 286.3894 37.93753 31.46294 2.227498 6.297446 3.732181
xbest 20.11896 343.4177 0.2523055 19.43159 286.3894 37.93807 31.45962 2.224958 6.301374 3.715875
xbest 20.11896 343.3982 0.2523055 19.43159 286.3894 37.93807 31.45962 2.224958 6.301374 3.715875
xbest 20.10466 344.1431 0.2553309 19.42328 286.3905 37.93006 31.49386 2.249221 6.304450 3.785404
xbest 20.11139 344.2956 0.2552847 19.42378 286.3955 37.94885 31.49399 2.262626 6.295644 3.918108
xbest 20.10389 344.2470 0.2547538 19.41298 286.3891 37.92434 31.45286 2.247229 6.308407 3.782132
xbest 20.08575 343.5893 0.2504385 19.37130 286.4434 38.09231 31.45653 2.292693 6.322766 3.817598
xbest 20.07741 343.7704 0.2505577 19.37339 286.4564 38.09178 31.45399 2.291654 6.322618 3.787816
xbest 20.08727 343.1797 0.2508293 19.38372 286.4267 37.98330 31.45040 2.291841 6.327222 3.735444
xbest 20.09035 343.0221 0.2514865 19.38602 286.4253 37.98543 31.44453 2.295421 6.330557 3.761505
xbest 20.08991 342.7565 0.2515246 19.39018 286.4206 37.99781 31.47767 2.289746 6.332351 3.746089
xbest 20.08991 342.7565 0.2515246 19.39018 286.4206 37.99781 31.47767 2.289746 6.332351 3.746089

$time
elapsed elapsed elapsed elapsed elapsed elapsed elapsed elapsed elapsed elapsed elapsed elapsed elapsed elapsed elapsed elapsed elapsed elapsed elapsed elapsed elapsed elapsed elapsed elapsed elapsed elapsed elapsed elapsed elapsed elapsed 
   2.19    5.84    7.95   11.72   14.52   17.49   20.34   22.88   25.92   31.49   39.91   99.83  101.30  137.02  139.16  187.95  189.49  203.99  215.95  220.19  249.58  251.69  269.24  282.81  361.66  363.06  380.36  391.97  393.52  413.27 
elapsed elapsed elapsed elapsed elapsed elapsed elapsed elapsed 
 468.77  482.17  773.58  792.78  801.19  851.38 1001.33 1070.03 

$neval
 [1]   106   270   373   522   663   803   945  1083  1230  1506  1880  4843  4917  6539  6645  8956  9034  9709 10256 10465 11812 11918 12748 13369 17016 17090 17900 18449 18523 19465 21995 22601 36339 37218 37621 39961 47007 50114

$fbest
[1] 421.8715

$xbest
 [1]  20.0899098 342.7565354   0.2515246  19.3901832 286.4206294  37.9978127  31.4776739   2.2897462   6.3323508   3.7460888

$numeval
[1] 50114

$end_crit
[1] 1

$cpu_time
elapsed 
1070.03 

$Refset
$Refset$x
          [,1]     [,2]      [,3]     [,4]     [,5]     [,6]     [,7]     [,8]     [,9]    [,10]
 [1,] 20.09088 342.7484 0.2515363 19.39035 286.4207 37.99596 31.47459 2.291373 6.332077 3.750986
 [2,] 20.09047 342.7534 0.2515243 19.39030 286.4207 37.99663 31.47757 2.289942 6.332137 3.750117
 [3,] 20.09157 340.9769 0.2514879 19.49634 286.4290 37.96596 31.55543 2.291305 6.321177 3.749718
 [4,] 20.09051 344.0793 0.2537635 19.36430 286.4206 38.05325 31.25338 2.349880 6.335854 3.754096
 [5,] 20.16210 343.2169 0.2582084 19.40568 286.4206 38.01757 31.42327 2.261474 6.335995 3.744861
 [6,] 20.09031 342.5595 0.2515077 19.39590 286.4124 38.04049 31.43526 2.292065 6.338758 3.749159
 [7,] 20.07011 329.9178 0.1825168 19.42895 286.2442 38.13494 30.36415 2.298357 6.092945 3.752691
 [8,] 20.06609 337.9604 0.2706730 19.44462 286.3607 37.95503 31.84712 2.215944 6.589331 3.729400
 [9,] 20.02322 334.1075 0.1490560 18.35207 286.2979 41.03426 28.24817 2.066019 6.067867 4.055446
[10,] 21.22454 341.5684 0.3165503 19.01335 286.4208 37.32484 30.94636 2.243646 6.410301 4.025669
[11,] 23.72909 216.6880 0.2565542 27.66562 286.6536 39.79188 29.60213 2.252606 3.435436 3.975811
[12,] 20.00000 309.2045 0.2813331 20.09027 286.2156 37.66698 31.53536 5.664407 6.426628 4.013461

$Refset$f
 [1] 421.8715 421.8715 424.0434 424.3299 423.7969 424.2569 430.6024 432.8385 530.8299 474.6337 628.8837 452.4132

$Refset$fpen
 [1] 421.8715 421.8715 424.0434 424.3299 423.7969 424.2569 430.6024 432.8385 530.8299 474.6337 628.8837 452.4132

$Refset$const
          [,1]     [,2]      [,3]     [,4]     [,5]
 [1,] 13.05827 29.66792 16.609652 1.515905 3.175412
 [2,] 13.05816 29.66786 16.609701 1.515893 3.175668
 [3,] 13.17516 29.67882 16.503660 1.514245 3.190276
 [4,] 13.02844 29.66415 16.635702 1.517357 3.147205
 [5,] 13.06969 29.66401 16.594316 1.516283 3.168095
 [6,] 13.05714 29.66124 16.604102 1.517387 3.163818
 [7,] 13.33600 29.90706 16.571051 1.544586 2.981261
 [8,] 12.85529 29.41067 16.555380 1.521514 3.193072
 [9,] 12.28421 29.93213 17.647927 1.551939 2.647022
[10,] 12.60305 29.58970 16.986654 1.515729 3.178478
[11,] 24.23018 32.56456  8.334384 1.502913 2.960403
[12,] 13.66364 29.57337 15.909728 1.540992 3.126223

$Refset$penalty
 [1] 0 0 0 0 0 0 0 0 0 0 0 0


