$f
 [1] 47227.467  2101.097  1946.550  1487.361  1418.318  1367.701  1258.483  1210.703  1148.205  1143.368  1119.002  1116.658  1077.193  1075.547  1053.583  1039.389  1038.743  1038.391  1036.686  1034.368  1033.484  1032.594  1032.368
[24]  1031.026  1030.979  1030.366  1029.165  1026.920  1025.939  1024.868  1024.066  1023.943  1023.833  1023.514  1023.399  1023.134  1022.934  1022.451  1020.899  1019.785  1019.470  1019.470

$x
          [,1]     [,2]      [,3]     [,4]     [,5]     [,6]     [,7]     [,8]     [,9]    [,10]
xbest 24.79000 337.0400 0.2529000 17.72000 285.5400 45.67000 29.49000 2.970000 2.000000 2.690000
xbest 20.00000 102.8603 0.4428770 18.51220 286.7514 48.00000 24.00000 2.053892 2.000000 5.000000
xbest 20.00000 122.8603 0.3078770 18.51220 286.7514 48.00000 24.00000 2.053892 2.150000 5.000000
xbest 20.00000 159.8662 0.1000000 20.72359 286.7750 47.49218 24.00000 4.152170 2.000000 5.000000
xbest 20.00000 159.7702 0.1000000 20.54362 286.7364 43.74510 24.00000 5.165946 3.080353 4.618108
xbest 20.03096 161.0981 0.1000000 20.72974 286.7121 44.34060 24.11319 4.460942 2.243425 5.000000
xbest 20.00000 153.7191 0.1000000 20.71707 286.6996 44.82784 24.00000 4.408428 2.860998 4.685670
xbest 20.00904 150.0834 0.1000000 20.72090 286.6962 44.89730 24.00000 4.376695 3.046318 4.498060
xbest 20.08943 100.0597 0.1001208 25.10579 286.7203 44.86811 24.00383 4.449192 4.111050 3.907667
xbest 20.08943 100.0000 0.1000000 25.10579 286.7203 44.89311 24.00000 4.449192 4.114175 3.955167
xbest 20.09234 100.1731 0.1001087 25.18956 286.7165 44.68046 24.00000 4.501343 4.048764 3.935270
xbest 20.08958 100.2162 0.1000603 24.60642 286.7391 44.63919 24.00597 4.502852 4.167980 3.949802
xbest 20.08265 100.3829 0.1000745 25.02250 286.7370 44.55367 24.02354 4.514388 4.156953 3.962217
xbest 20.07697 105.8920 0.1000018 23.70773 286.7492 44.66301 24.09133 4.500009 4.342038 3.571887
xbest 20.07884 100.0000 0.1000373 24.12633 286.7520 44.83345 24.02725 4.506197 4.314897 3.542719
xbest 20.08127 100.2555 0.1000442 24.38160 286.7525 44.85124 24.02093 4.510444 4.302283 3.528505
xbest 20.08127 100.2555 0.1000000 24.38160 286.7525 44.85124 24.02093 4.510444 4.305408 3.531473
xbest 20.03857 101.5955 0.1000413 24.29138 286.7388 44.72689 24.00889 4.492979 4.308455 3.626764
xbest 20.03857 101.5955 0.1000000 24.29138 286.7385 44.72689 24.00889 4.493369 4.308455 3.623795
xbest 20.00656 100.4865 0.1001046 24.53082 286.7365 44.72832 24.02176 4.495607 4.264620 3.595943
xbest 20.00000 100.5299 0.1001583 24.53916 286.7363 44.72952 24.02035 4.495587 4.263239 3.594548
xbest 20.00000 100.5299 0.1001583 24.53916 286.7363 44.72952 24.02035 4.495587 4.266364 3.597517
xbest 20.02590 100.4421 0.1000627 24.37582 286.7377 44.73263 24.02643 4.495545 4.365767 3.597640
xbest 20.00034 100.6301 0.1000632 24.37711 286.7377 44.73479 24.02646 4.495759 4.376051 3.595938
xbest 20.00086 100.5784 0.1000157 24.39301 286.7377 44.73420 24.02673 4.495660 4.372636 3.596307
xbest 20.00000 100.5022 0.1000876 24.37047 286.7384 44.71731 24.03147 4.496744 4.388190 3.579025
xbest 20.00000 100.5022 0.1000876 24.37047 286.7384 44.71731 24.03147 4.496744 4.394440 3.579025
xbest 20.00000 100.7851 0.1000511 24.21557 286.7395 44.73864 24.05531 4.495678 4.489720 3.591794
xbest 20.00000 100.8432 0.1000376 24.03093 286.7409 44.73983 24.07311 4.495865 4.605218 3.588987
xbest 20.00000 100.8432 0.1000439 24.03313 286.7409 44.73983 24.07311 4.496061 4.611468 3.588987
xbest 20.00000 100.5518 0.1000271 24.05180 286.7405 44.71451 24.03141 4.495190 4.621514 3.598273
xbest 20.00036 100.6678 0.1000353 24.04976 286.7392 44.71905 24.03261 4.495101 4.608493 3.601498
xbest 20.00205 100.4193 0.1000265 24.05482 286.7408 44.73636 24.02252 4.495209 4.625769 3.594668
xbest 20.00112 100.5202 0.1000518 24.06600 286.7402 44.72841 24.02533 4.495221 4.611008 3.593479
xbest 20.00062 100.3185 0.1000270 24.04795 286.7405 44.73777 24.02169 4.496114 4.644296 3.595265
xbest 20.00068 100.3362 0.1000308 24.04911 286.7403 44.73077 24.02482 4.496045 4.642224 3.594480
xbest 20.00122 100.3237 0.1000332 23.98593 286.7393 44.72892 24.02528 4.496265 4.687717 3.593564
xbest 20.00144 100.3032 0.1000647 23.98874 286.7389 44.72571 24.04330 4.496226 4.686837 3.583317
xbest 20.00141 100.1862 0.1000396 23.99517 286.7389 44.69219 24.04973 4.495900 4.690278 3.583623
xbest 20.00141 100.1862 0.1000396 23.99517 286.7389 44.69219 24.04973 4.495900 4.696528 3.583623
xbest 20.00106 100.2642 0.1000458 23.99541 286.7388 44.69383 24.04682 4.495975 4.688802 3.583753
xbest 20.00106 100.2642 0.1000458 23.99541 286.7388 44.69383 24.04682 4.495975 4.688802 3.583753

$time
elapsed elapsed elapsed elapsed elapsed elapsed elapsed elapsed elapsed elapsed elapsed elapsed elapsed elapsed elapsed elapsed elapsed elapsed elapsed elapsed elapsed elapsed elapsed elapsed elapsed elapsed elapsed elapsed elapsed elapsed 
   2.16    7.20    9.17   12.81   19.00   25.27   28.75   35.99   41.88   44.17   50.61   53.72   63.60   66.86   70.03   76.94   78.53  103.63  116.31  148.17  151.33  153.02  169.49  176.03  182.44  186.31  188.02  197.55  207.49  222.49 
elapsed elapsed elapsed elapsed elapsed elapsed elapsed elapsed elapsed elapsed elapsed elapsed 
 252.30  260.16  270.16  278.97  308.52  370.24  636.77  907.28 1163.31 1164.97 1197.70 1211.70 

$neval
 [1]   106   272   361   524   815  1103  1256  1545  1830  1933  2207  2348  2765  2907  3049  3330  3414  4362  4857  6102  6242  6321  7005  7286  7565  7707  7780  8193  8600  9233 10464 10812 11224 11629 12932 15613 26470 37491 48206
[40] 48279 49649 50121

$fbest
[1] 1019.47

$xbest
 [1]  20.0010591 100.2641511   0.1000458  23.9954086 286.7388392  44.6938268  24.0468213   4.4959748   4.6888017   3.5837530

$numeval
[1] 50121

$end_crit
[1] 1

$cpu_time
elapsed 
 1211.7 

$Refset
$Refset$x
           [,1]        [,2]        [,3]      [,4]       [,5]      [,6]       [,7]       [,8]      [,9]    [,10]
 [1,]  20.00106   0.1000458 286.7388392 24.046821   4.688802  20.00106  0.1000458 286.738839 24.046821 4.688802
 [2,] 100.26415  23.9954086  44.6938268  4.495975   3.583753 100.26415 23.9954086  44.693827  4.495975 3.583753
 [3,]  20.00106 100.2641511   0.1000458 23.995409 286.738839  44.69383 24.0468213   4.495975  4.688802 3.583753
 [4,]  20.00118 100.2415063   0.1000412 23.998491 286.738982  44.69497 24.0423931   4.495954  4.688764 3.584104
 [5,]  20.00124 100.2459131   0.1000434 23.997975 286.738776  44.69321 24.0546868   4.495895  4.688795 3.583072
 [6,]  20.00139 100.3069599   0.1000491 23.988897 286.739054  44.69494 24.0336041   4.495965  4.688863 3.583942
 [7,]  20.00127 100.2903980   0.1000518 23.992411 286.738882  44.69448 24.0386610   4.495965  4.687857 3.583985
 [8,]  20.00107 100.2001008   0.1000419 24.002879 286.738748  44.69334 24.0437941   4.495917  4.690177 3.583581
 [9,]  20.00142 100.2606575   0.1000614 23.993199 286.739067  44.70836 24.0441182   4.495999  4.689143 3.584351
[10,]  20.00147 100.3019873   0.1000612 23.988637 286.739072  44.71030 24.0555268   4.495941  4.688043 3.584292
[11,]  20.00175 100.2236543   0.1000523 23.999370 286.739325  44.71315 24.0439836   4.496057  4.688291 3.583331
[12,]  20.00110 100.2714444   0.1000495 23.993638 286.738935  44.70392 24.0418355   4.495989  4.688563 3.584125

$Refset$f
 [1] 1019.470 1019.470 1019.470 1019.470 1019.470 1019.785 1019.785 1019.785 1022.431 1022.431 1022.431 1022.431

$Refset$fpen
 [1] 1019.470 1019.470 1019.470 1019.470 1019.470 1019.785 1019.785 1019.785 1022.431 1022.431 1022.431 1022.431

$Refset$const
          [,1]      [,2]      [,3]      [,4]     [,5]
 [1,] 19.30661 12.004591  2.387954 31.311198 1.517638
 [2,] 31.31120  1.517638 19.306607 12.004591 2.387954
 [3,] 19.30661 31.311198 12.004591  1.517638 2.387954
 [4,] 19.30973 31.311236 12.001509  1.517631 2.387720
 [5,] 19.30918 31.311205 12.002025  1.517635 2.388392
 [6,] 19.30003 31.311137 12.011103  1.517634 2.387253
 [7,] 19.30455 31.312143 12.007589  1.517644 2.387492
 [8,] 19.31270 31.309823 11.997121  1.517650 2.387768
 [9,] 19.30406 31.310857 12.006801  1.517629 2.387443
[10,] 19.30059 31.311957 12.011363  1.517617 2.388025
[11,] 19.31108 31.311709 12.000630  1.517608 2.387379
[12,] 19.30508 31.311437 12.006362  1.517641 2.387403

$Refset$penalty
 [1] 0 0 0 0 0 0 0 0 0 0 0 0


