$f
 [1] 4548.4948  544.0347  340.3194  338.6424  307.8403  289.7517  285.6858  252.2448  239.7760  237.3333  233.4826  205.0642  204.6424  163.6667  160.4462  159.5243  159.4010  158.6944  158.0017  157.6198  157.5243  157.5243

$x
          [,1]     [,2]      [,3]     [,4]     [,5]     [,6]     [,7]     [,8]     [,9]    [,10]
xbest 20.76193 241.8292 0.3409930 21.78622 286.2977 31.32947 24.24040 3.619468 2.331785 2.311707
xbest 20.44712 240.0975 0.2388393 27.84759 286.2991 31.56214 26.36803 5.791608 3.336348 2.006050
xbest 20.00000 236.4531 0.4985896 27.84706 286.3538 31.52570 28.20650 5.791608 3.372791 1.989821
xbest 20.00000 226.9961 0.2041514 26.40419 286.3739 30.24477 26.91522 6.820733 3.080687 1.260978
xbest 20.59088 243.8379 0.2368626 25.67174 286.2679 30.91600 27.76605 6.516690 3.328962 1.737651
xbest 20.68494 236.7070 0.2660253 25.99154 286.3192 31.68517 26.27068 6.411125 3.034155 1.277962
xbest 20.13272 245.5751 0.3121427 26.33785 286.3858 32.65660 27.60485 6.223697 3.289840 1.740078
xbest 20.00000 213.4565 0.2253706 26.35968 286.2882 29.98099 26.96770 7.471085 3.161670 1.297474
xbest 20.82931 245.5305 0.2400186 26.34741 286.3848 31.78678 24.48507 6.603768 2.904287 2.254888
xbest 20.82931 245.5305 0.2400186 26.34741 286.3848 31.78678 24.52570 6.603768 2.885537 2.254888
xbest 21.54212 244.6868 0.2526396 22.58263 286.3629 36.50973 24.15310 6.497190 3.217585 2.088915
xbest 21.54212 244.6868 0.1443716 22.58263 286.3629 36.50973 24.00000 6.497190 3.230470 2.186838
xbest 21.74466 238.0180 0.2693938 25.23880 286.3630 34.34463 26.82026 6.555666 2.698340 2.287730
xbest 21.74466 243.6430 0.4409563 24.86380 286.3630 34.34463 26.84058 6.555666 2.748340 2.221675
xbest 22.18929 222.1481 0.2979477 25.82635 286.3622 34.31112 26.73454 6.543763 2.393741 2.283943
xbest 22.15158 221.7945 0.3040389 25.71467 286.3621 34.28967 26.83405 6.540785 2.523893 2.261233
xbest 22.15794 221.9029 0.3112433 25.72473 286.3622 34.28542 26.83892 6.541174 2.520855 2.262597
xbest 22.11753 221.8633 0.3158629 25.78755 286.3622 34.28539 26.84067 6.541597 2.527295 2.261504
xbest 22.06101 221.9421 0.3247976 25.83348 286.3622 34.28537 26.84083 6.542097 2.552771 2.260760
xbest 22.03201 221.8952 0.3358585 25.95016 286.3618 34.28369 26.84266 6.541736 2.532513 2.261547
xbest 22.08293 221.8158 0.3364016 25.83799 286.3622 34.28645 26.83523 6.540540 2.578929 2.261093
xbest 22.08293 221.8158 0.3364016 25.83799 286.3622 34.28645 26.83523 6.540540 2.578929 2.261093

$time
elapsed elapsed elapsed elapsed elapsed elapsed elapsed elapsed elapsed elapsed elapsed elapsed elapsed elapsed elapsed elapsed elapsed elapsed elapsed elapsed elapsed elapsed 
   2.02    5.62    9.34   19.03   21.95   24.95   28.80   31.70   40.48   43.05   70.19   75.44  586.59  590.27  834.95 1161.53 1170.62 1177.09 1180.25 1196.33 1205.16 1219.03 

$neval
 [1]   106   262   401   840   983  1122  1262  1399  1810  1891  3096  3344 23539 23676 33971 47694 48044 48322 48461 49159 49499 50039

$fbest
[1] 157.5243

$xbest
 [1]  22.0829345 221.8157548   0.3364016  25.8379877 286.3622267  34.2864452  26.8352289   6.5405399   2.5789294   2.2610927

$numeval
[1] 50039

$end_crit
[1] 1

$cpu_time
elapsed 
1219.03 

$Refset
$Refset$x
           [,1]        [,2]        [,3]      [,4]       [,5]      [,6]       [,7]       [,8]      [,9]    [,10]
 [1,]  22.08293 221.8157548   0.3364016 25.837988 286.362227  34.28645 26.8352289   6.540540  2.578929 2.261093
 [2,]  22.03201   0.3358585 286.3618464 26.842663   2.532513  22.03201  0.3358585 286.361846 26.842663 2.532513
 [3,] 221.89518  25.9501556  34.2836913  6.541736   2.261547 221.89518 25.9501556  34.283691  6.541736 2.261547
 [4,]  22.03201 221.8951797   0.3358585 25.950156 286.361846  34.28369 26.8426634   6.541736  2.532513 2.261547
 [5,]  22.08508 221.7749186   0.3291279 25.838772 286.362459  34.28691 26.8362253   6.541153  2.561999 2.261511
 [6,]  22.07762 221.8285033   0.3395309 25.837777 286.362156  34.28650 26.8324495   6.540886  2.580193 2.261081
 [7,]  22.08980 221.8503162   0.3344577 25.834148 286.362255  34.28615 26.8393023   6.540821  2.556564 2.260832
 [8,]  22.08314 221.9184868   0.3374628 25.838755 286.361929  34.28620 26.8346342   6.541078  2.565094 2.261092
 [9,]  22.12332 221.8347344   0.3477551 25.871956 286.362310  34.28733 26.8379381   6.540997  2.541181 2.260664
[10,]  22.13542 221.7904166   0.3275772 25.758169 286.362110  34.28707 26.8376723   6.541291  2.562538 2.261508
[11,]  22.15158   0.3040389 286.3621105 26.834053   2.523893  22.15158  0.3040389 286.362111 26.834053 2.523893
[12,] 221.79445  25.7146739  34.2896750  6.540785   2.261233 221.79445 25.7146739  34.289675  6.540785 2.261233

$Refset$f
 [1] 157.5243 157.6198 157.6198 157.6198 157.7344 157.7535 158.0278 157.9931 158.0903 158.4340 159.5243 159.5243

$Refset$fpen
 [1] 157.5243 157.6198 157.6198 157.6198 157.7344 157.7535 158.0278 157.9931 158.0903 158.4340 159.5243 159.5243

$Refset$const
          [,1]      [,2]      [,3]      [,4]     [,5]
 [1,] 23.25906 33.421071 10.162012  1.531961 2.977501
 [2,] 23.41764 10.049844  2.978359 33.467487 1.531961
 [3,] 33.46749  1.531961 23.417643 10.049844 2.978359
 [4,] 23.41764 33.467487 10.049844  1.531961 2.978359
 [5,] 23.27677 33.438001 10.161228  1.531929 2.977659
 [6,] 23.25758 33.419807 10.162223  1.531984 2.977177
 [7,] 23.27758 33.443436 10.165852  1.531936 2.977964
 [8,] 23.27366 33.434906 10.161245  1.532000 2.977342
 [9,] 23.33078 33.458819 10.128044  1.531940 2.977745
[10,] 23.19563 33.437462 10.241831  1.531966 2.977660
[11,] 23.19078 10.285326  2.977067 33.476107 1.531994
[12,] 33.47611  1.531994 23.190781 10.285326 2.977067

$Refset$penalty
 [1] 0 0 0 0 0 0 0 0 0 0 0 0


