$f
 [1] 3181.0382 1514.2396 1115.0226  952.3455  893.5399  818.5278  773.9323  670.5208  640.6215  568.9826  555.5799  540.7743  525.7292  525.5538  522.5608  513.4497  507.9253  486.3611  484.6406  483.6215  482.5799  482.3802  482.0243
[24]  481.6267  481.5729  481.5729  481.5174  481.4601  481.3507  481.2951  481.1823  481.1076  480.9931  480.8802  480.6406  480.5816  480.4965  480.1875  480.0833  480.0833

$x
          [,1]     [,2]      [,3]     [,4]     [,5]     [,6]     [,7]     [,8]     [,9]    [,10]
xbest 21.74691 154.8251 0.7529095 19.72703 286.4655 46.51279 31.07501 3.729254 2.008385 2.187587
xbest 23.41900 151.8567 0.5901458 18.81702 286.6466 48.00000 31.36215 4.415836 5.633240 2.256698
xbest 23.41900 151.8567 0.1457708 18.82434 286.6466 48.00000 31.36215 4.353336 6.833240 3.016698
xbest 21.42639 223.0748 0.5739462 20.76321 286.5789 41.78312 29.14488 6.765795 3.910343 2.720341
xbest 20.09120 221.2202 0.4678680 22.86607 286.4516 40.64684 25.37112 7.804450 4.543778 2.493940
xbest 20.14546 245.2249 0.1020541 19.30946 286.5774 41.63760 29.55965 5.550318 6.257056 1.348443
xbest 20.91774 324.9814 0.1131143 18.21760 286.4818 36.45425 24.00000 6.857583 4.652504 2.879159
xbest 20.42858 352.9153 0.1000000 18.64685 286.4827 36.48777 24.51418 6.787810 4.035392 3.103042
xbest 20.03223 346.9283 0.1000000 16.06185 286.3200 36.23070 24.13397 7.133621 5.611947 2.394362
xbest 20.00819 345.1445 0.1009826 16.07357 286.2246 36.13070 24.45897 7.133621 5.571774 2.402660
xbest 20.25311 247.5687 0.1112731 18.00793 286.6033 42.64390 28.80891 7.093854 5.415511 2.038891
xbest 20.25311 248.1937 0.1323668 18.00793 286.6033 42.64390 28.80891 7.093854 5.415511 2.041860
xbest 20.25312 250.4427 0.1113307 18.10139 286.6307 42.65723 29.00650 7.087928 5.429825 2.038741
xbest 20.25312 250.4427 0.1113307 18.10139 286.6307 42.65723 29.00650 7.087928 5.426700 2.038741
xbest 20.99541 227.4843 0.1156361 21.07459 286.4541 35.85613 28.63154 7.044995 5.690601 2.233567
xbest 21.12075 227.8648 0.1171553 21.06560 286.4531 35.93792 28.72784 7.040475 5.364247 2.258842
xbest 21.10370 227.8661 0.1142357 21.07871 286.4679 35.91475 28.71321 7.037017 5.535260 2.237797
xbest 21.10370 227.2411 0.1000000 21.07871 286.4679 35.91475 28.87571 7.037017 5.585260 2.237797
xbest 20.82406 227.4201 0.1142140 20.41920 286.4653 35.91030 28.71179 7.037882 6.167530 2.273106
xbest 20.82406 227.4201 0.1142140 20.41920 286.4653 35.91030 28.71179 7.037882 6.164405 2.273106
xbest 20.86846 227.9718 0.1135211 20.39077 286.4659 35.91070 28.70430 7.037973 6.136727 2.274397
xbest 20.85760 229.5268 0.1138999 20.13702 286.4667 35.90985 28.71391 7.036908 6.263987 2.275775
xbest 20.85760 229.5072 0.1138999 20.13702 286.4667 35.90985 28.71391 7.036908 6.263987 2.275775
xbest 20.92306 228.3868 0.1127211 20.23218 286.4677 35.89738 28.71393 7.037538 6.209520 2.273210
xbest 20.94829 228.1557 0.1122551 20.24237 286.4674 35.90172 28.71510 7.037513 6.201169 2.273613
xbest 20.89115 228.6652 0.1124646 20.23228 286.4671 35.90000 28.71752 7.038279 6.201982 2.271515
xbest 20.90830 228.7079 0.1125763 20.23999 286.4671 35.90000 28.71808 7.038163 6.199367 2.271395
xbest 20.92614 228.7141 0.1125948 20.22844 286.4671 35.90080 28.71964 7.038203 6.197649 2.271475
xbest 20.90626 228.6009 0.1128396 20.20625 286.4663 35.90410 28.70992 7.037911 6.231036 2.274011
xbest 20.92036 228.6538 0.1126832 20.22999 286.4670 35.90523 28.71965 7.038459 6.197952 2.271397
xbest 20.91918 228.6631 0.1130478 20.23024 286.4669 35.90043 28.71851 7.038295 6.198776 2.271368
xbest 20.90665 228.6077 0.1125721 20.17694 286.4663 35.90232 28.70995 7.037908 6.253510 2.274067
xbest 20.89855 228.5871 0.1123822 20.16799 286.4659 35.90219 28.70909 7.037724 6.268748 2.274111
xbest 20.89603 228.5847 0.1122607 20.11712 286.4651 35.90428 28.70171 7.037198 6.314894 2.275626
xbest 20.92064 228.6924 0.1122906 20.17713 286.4661 35.89861 28.71266 7.037321 6.244519 2.275034
xbest 20.92353 228.7313 0.1119588 20.17118 286.4648 35.88891 28.70139 7.037001 6.250507 2.275789
xbest 20.93950 228.7470 0.1117791 20.16597 286.4639 35.89051 28.70023 7.036881 6.244561 2.276244
xbest 20.93925 229.7366 0.1111198 20.09717 286.4627 35.89109 28.68979 7.037683 6.246077 2.274190
xbest 20.93925 229.7756 0.1111198 20.09717 286.4627 35.89109 28.68979 7.037683 6.246077 2.274190
xbest 20.93925 229.7756 0.1111198 20.09717 286.4627 35.89109 28.68979 7.037683 6.246077 2.274190

$time
elapsed elapsed elapsed elapsed elapsed elapsed elapsed elapsed elapsed elapsed elapsed elapsed elapsed elapsed elapsed elapsed elapsed elapsed elapsed elapsed elapsed elapsed elapsed elapsed elapsed elapsed elapsed elapsed elapsed elapsed 
   1.75    5.99    8.41   13.94   26.72   29.88   33.05   36.75   39.83   46.94  151.55  154.46  227.11  228.58  248.33  250.89  256.63  258.36  317.10  318.44  332.75  345.99  347.42  408.67  422.63  436.11  484.64  518.03  521.85  526.92 
elapsed elapsed elapsed elapsed elapsed elapsed elapsed elapsed elapsed elapsed 
 530.41  539.71  545.97  567.50  729.49  829.81  860.42  962.55  963.86 1020.28 

$neval
 [1]   106   260   380   530  1095  1235  1377  1516  1653  1957  6002  6092  9219  9293 10252 10393 10677 10767 13636 13710 14393 15071 15145 18405 19153 19825 22325 24065 24272 24546 24684 25097 25369 26512 35141 40307 41866 47154 47227
[40] 50094

$fbest
[1] 480.0833

$xbest
 [1]  20.9392454 229.7756364   0.1111198  20.0971706 286.4626944  35.8910868  28.6897903   7.0376829   6.2460771   2.2741895

$numeval
[1] 50094

$end_crit
[1] 1

$cpu_time
elapsed 
1020.28 

$Refset
$Refset$x
          [,1]     [,2]      [,3]     [,4]     [,5]     [,6]     [,7]     [,8]     [,9]    [,10]
 [1,] 20.93924 229.5993 0.1117933 20.09191 286.4630 35.89147 28.70122 7.037592 6.258660 2.274381
 [2,] 20.93829 229.9948 0.1108125 20.10229 286.4637 35.89062 28.68896 7.037958 6.246073 2.273772
 [3,] 20.93615 230.0681 0.1118866 20.06460 286.4630 35.89146 28.69187 7.037692 6.259970 2.275135
 [4,] 20.93394 229.5125 0.1121878 20.11619 286.4648 35.89207 28.69697 7.037191 6.246993 2.275879
 [5,] 20.92938 228.6596 0.1120285 20.15974 286.4647 35.89144 28.69830 7.036912 6.258928 2.276147
 [6,] 20.92908 228.6613 0.1120218 20.15947 286.4647 35.89148 28.69841 7.036922 6.259322 2.276092
 [7,] 20.93513 229.5761 0.1112575 20.09677 286.4644 35.89101 28.68917 7.037467 6.257858 2.275294
 [8,] 20.94921 228.5715 0.1119130 19.99420 286.4649 35.98314 28.70207 7.040747 6.346505 2.273666
 [9,] 21.04510 273.6076 0.1433943 20.86402 286.4638 32.58243 27.37963 8.636331 4.756039 2.378066
[10,] 24.54815 162.6090 0.1687619 20.72513 286.4623 36.47605 30.07638 7.603757 6.662183 1.731869
[11,] 22.19144 266.1812 0.5569639 23.02876 286.4723 37.11106 30.33623 7.179138 5.622651 3.697496
[12,] 27.31790 156.6308 0.1000000 24.16541 286.4721 35.88321 24.00000 9.992047 2.874786 2.478427

$Refset$f
 [1]  480.3212  480.3229  480.3142  480.4965  480.4965  480.4965  480.6059  488.6424  944.2604 1588.0556 2115.0191 1890.4444

$Refset$fpen
 [1]  480.3212  480.3229  480.3142  480.4965  480.4965  480.4965  480.6059  488.6424  944.2604 1588.0556 2115.0191 1890.4444

$Refset$const
          [,1]     [,2]     [,3]     [,4]     [,5]
 [1,] 13.83325 29.74134 15.90809 1.516191 3.081425
 [2,] 13.85622 29.75393 15.89771 1.516165 3.080492
 [3,] 13.80463 29.74003 15.93540 1.516241 3.080434
 [4,] 13.86920 29.75301 15.88381 1.515998 3.081653
 [5,] 13.90081 29.74107 15.84026 1.515991 3.081837
 [6,] 13.90015 29.74068 15.84053 1.515992 3.081841
 [7,] 13.83891 29.74214 15.90323 1.516082 3.080763
 [8,] 13.64770 29.65349 16.00580 1.516335 3.074602
 [9,] 16.10798 31.24396 15.13598 1.507750 3.243416
[10,] 14.06295 29.33782 15.27487 1.511313 3.178229
[11,] 17.40611 30.37735 12.97124 1.511488 3.154300
[12,] 21.29062 33.12521 11.83459 1.534541 2.648993

$Refset$penalty
 [1] 0 0 0 0 0 0 0 0 0 0 0 0


