$f
 [1] 4736.2986 1798.3125 1797.2378 1339.1545 1215.2656 1072.3194 1052.3594  960.6545  956.7222  937.8698  937.6372  935.2135  933.6858  916.3351  913.6979  910.1024  909.4965  906.4722  905.5226  905.2222  904.9705  903.4392  903.3524
[24]  903.0382  902.1979  902.1823  901.7795  861.3073  824.0660  822.7622  803.4010  796.8090  781.2760

$x
          [,1]     [,2]      [,3]     [,4]     [,5]     [,6]     [,7]     [,8]     [,9]    [,10]
xbest 31.77811 192.2250 0.3086056 16.02742 285.0171 33.60333 24.23222 4.809482 6.990700 3.084069
xbest 20.00000 350.9050 0.1000000 17.60088 285.4333 48.00000 28.37579 2.000000 2.000000 1.964750
xbest 20.00000 350.8660 0.1000000 17.60088 285.4333 48.00000 28.37579 2.006250 2.000000 1.964750
xbest 24.31512 361.2549 0.5734241 20.45963 286.6294 40.87677 25.57385 3.592769 2.776066 4.047834
xbest 20.00000 324.7306 0.2395203 23.72269 286.5884 36.37804 24.36942 4.911558 3.987847 2.537671
xbest 21.07931 328.8246 0.5021750 21.23511 286.5951 36.31787 25.39978 4.999547 5.782061 2.301092
xbest 20.98240 335.2939 0.5116641 21.64770 286.5955 36.40180 25.53120 4.982012 5.735406 2.311941
xbest 20.13959 360.8683 0.5431382 25.43743 286.4311 33.01371 24.15503 6.453448 2.000000 1.482777
xbest 21.75857 322.9903 0.2758636 23.15274 286.5860 36.36502 25.21654 5.167208 3.797791 2.103529
xbest 21.75857 322.8341 0.2758636 23.15274 286.5860 36.37439 25.22669 5.179708 3.813416 2.103529
xbest 20.61494 318.3667 0.4549620 23.31887 286.5934 36.35462 25.24240 5.210941 4.902651 2.154584
xbest 21.12028 322.5764 0.3279084 23.56387 286.5840 36.60565 25.10181 5.074126 3.914986 1.751358
xbest 20.44194 318.6314 0.4450879 23.30658 286.5872 36.33674 25.24471 5.196697 4.876814 2.157075
xbest 20.00000 299.7846 0.4792763 24.90018 286.5432 37.72138 24.15345 6.155414 3.610981 1.414022
xbest 20.00000 316.1916 0.4718306 23.81529 286.5963 36.32467 25.24317 5.199957 4.875298 2.169031
xbest 20.00000 316.8166 0.4704244 23.81529 286.5963 36.32467 25.24317 5.193707 4.875298 2.160125
xbest 20.27290 317.7092 0.4266874 23.65383 286.5876 36.39018 25.22049 5.182016 4.652171 2.083506
xbest 20.16233 318.9026 0.4452093 23.58833 286.5864 36.27526 25.22074 5.192572 4.763633 2.159239
xbest 20.18802 318.9209 0.4330755 23.57371 286.5863 36.28437 25.22189 5.182696 4.762472 2.153102
xbest 20.18802 318.9209 0.4330755 23.57371 286.5863 36.28437 25.22189 5.182696 4.762472 2.152360
xbest 20.30825 317.3180 0.4320170 23.63270 286.5878 36.33855 25.21993 5.183284 4.674873 2.081408
xbest 20.26138 317.3180 0.4308378 23.63270 286.5878 36.33855 25.21993 5.183284 4.690498 2.081408
xbest 20.25816 320.1728 0.4320019 23.61837 286.5898 36.32893 25.21397 5.172918 4.629485 2.096047
xbest 20.27255 317.9949 0.4338661 23.61886 286.5892 36.31258 25.22012 5.180347 4.695204 2.094003
xbest 20.26144 317.1398 0.4204861 23.60667 286.5891 36.30590 25.22194 5.179047 4.705545 2.087248
xbest 20.25709 317.8219 0.4231712 23.60624 286.5891 36.31874 25.21669 5.179151 4.694364 2.089000
xbest 20.26437 317.5150 0.4224674 23.61010 286.5889 36.31323 25.23738 5.179045 4.694609 2.087783
xbest 20.21521 314.3877 0.7543886 22.36937 286.5581 37.49649 24.00000 6.232153 4.896806 1.373472
xbest 20.00000 314.3877 0.8443886 22.36937 286.5581 37.49649 24.00000 6.182153 4.996806 1.373472
xbest 20.16186 311.6684 0.9838393 21.99851 286.5470 37.80684 24.00000 6.264034 4.951923 1.200000
xbest 20.11998 299.6251 1.0000000 20.78167 286.5435 38.53427 24.00000 6.840099 5.100870 1.200000
xbest 20.11998 299.6251 0.9100000 20.78167 286.5435 38.53427 24.00000 6.840099 5.125870 1.200000
xbest 20.02623 300.8751 1.0000000 20.77581 286.5411 38.53427 24.00000 6.843224 5.172745 1.200000

$time
elapsed elapsed elapsed elapsed elapsed elapsed elapsed elapsed elapsed elapsed elapsed elapsed elapsed elapsed elapsed elapsed elapsed elapsed elapsed elapsed elapsed elapsed elapsed elapsed elapsed elapsed elapsed elapsed elapsed elapsed 
   2.05    5.52    7.23   10.67   20.52   23.62   26.81   30.72   37.34   42.59   52.64   56.06   59.17   62.28   72.52   78.25   84.11   91.69  103.92  111.62  140.28  144.95  162.03  178.23  186.48  249.64  257.20  567.23  569.16  572.08 
elapsed elapsed elapsed 
 580.73  601.11 1155.86 

$neval
 [1]   106   272   350   499   924  1069  1217  1359  1643  1887  2299  2435  2572  2710  3123  3352  3621  3893  4434  4781  5996  6224  6923  7608  7951 10574 10916 24566 24655 24796 25206 26109 50024

$fbest
[1] 781.276

$xbest
 [1]  20.026234 300.875054   1.000000  20.775807 286.541118  38.534268  24.000000   6.843224   5.172745   1.200000

$numeval
[1] 50024

$end_crit
[1] 1

$cpu_time
elapsed 
1155.86 

$Refset
$Refset$x
          [,1]     [,2]      [,3]     [,4]     [,5]     [,6]     [,7]     [,8]     [,9]    [,10]
 [1,] 20.81529 292.6293 0.9983285 22.97573 286.5330 37.19581 24.47073 6.055826 4.855232 1.465817
 [2,] 20.81513 292.6298 0.9983297 22.97574 286.5330 37.19581 24.47073 6.055827 4.855234 1.465817
 [3,] 20.81479 292.6281 0.9984883 22.97641 286.5330 37.19570 24.47078 6.055824 4.855267 1.465930
 [4,] 20.81533 292.6752 0.9983268 22.96619 286.5330 37.19537 24.47085 6.056033 4.859752 1.465944
 [5,] 20.81349 292.6815 0.9983425 22.97499 286.5330 37.19491 24.47099 6.055659 4.850467 1.466164
 [6,] 20.81591 293.6267 0.9985119 22.94795 286.5330 37.19583 24.46065 6.055895 4.842643 1.467175
 [7,] 20.81523 292.6673 0.9987011 22.97507 286.5331 37.19457 24.47068 6.055923 4.854496 1.466492
 [8,] 20.81457 292.6700 0.9984112 22.96507 286.5329 37.19453 24.47058 6.055978 4.858676 1.462904
 [9,] 20.81396 292.4624 0.9984748 22.98109 286.5330 37.19515 24.47155 6.055758 4.855618 1.462454
[10,] 20.81516 292.6293 0.9983147 22.97576 286.5329 37.19580 24.47136 6.055815 4.855114 1.465505
[11,] 20.82341 293.4362 0.9984587 22.99798 286.5386 37.19835 24.49333 6.148556 4.784752 1.368098
[12,] 20.83900 293.3106 0.9984872 23.03390 286.5408 37.23512 24.52411 6.158496 4.878447 1.347735

$Refset$f
 [1] 806.1979 806.1979 806.1979 806.1979 806.9253 807.5156 806.3247 809.7674 809.7674 806.1979 811.7309 812.9913

$Refset$fpen
 [1] 806.1979 806.1979 806.1979 806.1979 806.9253 807.5156 806.3247 809.7674 809.7674 806.1979 811.7309 812.9913

$Refset$const
          [,1]     [,2]     [,3]     [,4]     [,5]
 [1,] 18.12050 31.14477 13.02427 1.529014 2.638737
 [2,] 18.12050 31.14477 13.02426 1.529014 2.638737
 [3,] 18.12114 31.14473 13.02359 1.529014 2.638746
 [4,] 18.10644 31.14025 13.03381 1.529013 2.638770
 [5,] 18.12453 31.14953 13.02501 1.529011 2.638805
 [6,] 18.10530 31.15736 13.05205 1.529042 2.637949
 [7,] 18.12058 31.14550 13.02493 1.529003 2.638826
 [8,] 18.10639 31.14132 13.03493 1.529021 2.638761
 [9,] 18.12547 31.14438 13.01891 1.529017 2.638813
[10,] 18.12064 31.14489 13.02424 1.529023 2.638752
[11,] 18.21323 31.21525 13.00202 1.528350 2.642383
[12,] 18.15545 31.12155 12.96610 1.528085 2.643713

$Refset$penalty
 [1] 0 0 0 0 0 0 0 0 0 0 0 0


