$f
 [1] 1234.5156  516.0521  393.9740  389.2483  376.1736  325.1684  296.5434  296.3646  296.0174  293.6493  292.1892  291.9774  291.7604  291.3056  289.2517  289.2517

$x
          [,1]     [,2]      [,3]     [,4]     [,5]     [,6]     [,7]     [,8]     [,9]    [,10]
xbest 24.51927 189.7379 0.7268859 22.94231 285.0535 32.63652 30.15959 3.002580 6.725726 3.715462
xbest 24.47959 205.0147 0.9305540 25.96393 286.0503 33.42562 30.01882 4.051677 6.287273 3.732246
xbest 24.47959 203.7647 0.6456250 26.71393 286.3503 33.42562 30.01882 3.651677 6.287273 1.475996
xbest 24.47959 203.7668 0.7079057 26.65029 286.1350 33.42562 30.01882 3.839888 6.287273 2.407968
xbest 24.24097 189.6954 0.9324328 26.78429 286.1848 33.65300 30.64546 3.839165 6.735707 2.409463
xbest 22.60743 244.2453 0.5787393 23.16800 286.4571 41.35540 30.13437 4.066766 6.049072 1.200000
xbest 22.60743 244.2453 0.5576456 23.16800 286.4571 41.38040 29.97187 4.066766 6.049072 1.211875
xbest 22.69813 255.3476 0.6789320 24.09701 286.3405 42.90983 30.02957 3.695565 4.983171 1.837682
xbest 22.69813 255.3085 0.6789320 24.09701 286.3405 42.90983 30.02957 3.695565 4.983171 1.838424
xbest 23.10962 254.9254 0.6558547 23.64319 286.3852 43.19537 30.07240 3.731002 5.084036 1.833979
xbest 23.10962 254.9254 0.6555032 23.64319 286.3852 43.19537 30.07240 3.731002 5.090286 1.842886
xbest 23.20125 254.8084 0.6118518 23.35091 286.3973 43.26160 30.11087 3.734692 5.220835 1.833465
xbest 23.20125 254.8084 0.6118518 23.35091 286.3973 43.26160 30.07025 3.734692 5.220835 1.833465
xbest 23.33291 249.6885 0.5761374 24.14959 286.4973 43.20770 30.04528 3.571052 4.853438 1.748003
xbest 23.33291 249.6885 0.6436374 24.14959 286.4973 43.20770 30.04528 3.571052 4.840938 1.748003
xbest 23.33291 249.6885 0.6436374 24.14959 286.4973 43.20770 30.04528 3.571052 4.840938 1.748003

$time
elapsed elapsed elapsed elapsed elapsed elapsed elapsed elapsed elapsed elapsed elapsed elapsed elapsed elapsed elapsed elapsed 
   2.25    6.11    9.17   16.20   23.37   26.75   44.76  545.76  547.54  595.73  597.67  626.89  632.47 1141.83 1143.65 1209.61 

$neval
 [1]   106   258   388   685   965  1108  1883 22829 22907 24915 25002 26216 26425 47468 47549 50134

$fbest
[1] 289.2517

$xbest
 [1]  23.3329119 249.6885064   0.6436374  24.1495899 286.4973054  43.2077011  30.0452824   3.5710520   4.8409377   1.7480031

$numeval
[1] 50134

$end_crit
[1] 1

$cpu_time
elapsed 
1209.61 

$Refset
$Refset$x
           [,1]        [,2]        [,3]      [,4]       [,5]      [,6]       [,7]       [,8]      [,9]    [,10]
 [1,]  23.33291   0.6436374 286.4973054 30.045282   4.840938  23.33291  0.6436374 286.497305 30.045282 4.840938
 [2,] 249.68851  24.1495899  43.2077011  3.571052   1.748003 249.68851 24.1495899  43.207701  3.571052 1.748003
 [3,]  23.27287 249.7243336   0.5711909 24.148599 286.482067  43.07721 30.0124489   3.559249  4.854027 1.758163
 [4,]  23.33291 249.6885064   0.5761374 24.149590 286.497305  43.20770 30.0452824   3.571052  4.853438 1.748003
 [5,]  23.10435 250.0574392   0.5650624 24.125407 286.329675  42.92721 29.9430111   3.696776  4.885533 1.839071
 [6,]  23.10622 250.0277742   0.5660651 24.124735 286.327876  42.92704 29.9434257   3.696767  4.886284 1.838496
 [7,]  23.74964 250.1213814   0.5683384 24.103559 286.523762  43.04022 30.0706379   3.611440  4.677600 1.742977
 [8,]  23.11363 250.0171857   0.5648645 24.122102 286.327223  42.90260 29.9420245   3.628802  4.885149 1.839200
 [9,]  23.72349 242.4562651   0.5891383 24.119841 286.272326  41.96530 30.0785964   3.561027  5.101353 1.839749
[10,]  23.82149 209.6896165   0.6615354 24.863934 285.710699  40.58871 24.4298808   6.048416  5.597404 3.506195
[11,]  22.52750 262.8994384   0.5551948 22.097496 286.349228  43.26580 30.4507472   3.362336  5.876578 1.782510
[12,]  24.81782 134.3778146   1.0000000 26.238381 284.000000  24.25499 24.0000000  10.000000 10.000000 4.602807

$Refset$f
 [1]  289.2517  289.2517  291.2326  291.3056  292.1875  292.1875  296.9010  298.5087  328.6476  330.4479  378.8698 1858.7014

$Refset$fpen
 [1]  289.2517  289.2517  291.2326  291.3056  292.1875  292.1875  296.9010  298.5087  328.6476  330.4479  378.8698 1858.7014

$Refset$const
          [,1]      [,2]      [,3]      [,4]     [,5]
 [1,] 19.30865 11.850410  2.738141 31.159062 1.528668
 [2,] 31.15906  1.528668 19.308652 11.850410 2.738141
 [3,] 19.29457 31.145973 11.851401  1.530238 2.736647
 [4,] 19.29615 31.146562 11.850410  1.528668 2.738141
 [5,] 19.23987 31.114467 11.874593  1.547482 2.684986
 [6,] 19.23845 31.113716 11.875265  1.547684 2.684410
 [7,] 19.42596 31.322400 11.896441  1.525218 2.758328
 [8,] 19.23695 31.114851 11.877898  1.547721 2.685290
 [9,] 19.01849 30.898647 11.880159  1.552032 2.724339
[10,] 19.26653 30.402596 11.136066  1.610787 2.261623
[11,] 16.22092 30.123422 13.902504  1.544584 2.710837
[12,] 16.23838 26.000000  9.761619  1.897615 3.318112

$Refset$penalty
 [1] 0 0 0 0 0 0 0 0 0 0 0 0


