$f
 [1] 692.4340 672.0191 597.5365 573.0694 518.5642 511.6198 508.1146 501.4462 450.7708 434.8507 428.1493 427.2847 424.1806 423.0156 422.1962 421.1806 413.0000 406.0278 405.6163 405.2378 405.2083 405.0972 404.8594 404.7622 404.6753 404.3976
[27] 404.2396 403.9740 403.9740

$x
          [,1]     [,2]      [,3]     [,4]     [,5]     [,6]     [,7]     [,8]     [,9]    [,10]
xbest 34.26017 119.4827 0.1385394 24.08379 286.3405 28.84146 25.07176 4.449658 5.550853 3.901403
xbest 21.33031 338.4190 0.1433140 16.04854 286.6391 46.29701 24.02886 2.000000 2.000000 1.200000
xbest 21.33031 338.4190 0.1039390 17.36104 286.5641 43.89701 24.02031 2.000000 3.000000 1.200000
xbest 22.29905 323.6872 0.1402197 16.98186 286.4828 35.93844 24.01575 5.302222 5.095503 3.946664
xbest 22.50177 328.2040 0.1405271 15.00000 286.4750 36.45706 24.03713 6.628787 5.098139 4.318649
xbest 24.34321 271.3492 0.1520742 15.00000 286.3585 34.18954 24.39768 6.771487 5.897223 2.548413
xbest 22.76885 252.3435 0.1399449 17.18706 286.4073 34.79141 24.29073 6.668271 6.263943 2.170113
xbest 20.47375 248.6501 0.1638698 16.69184 286.3900 37.23260 24.44012 7.891160 6.726294 2.380757
xbest 20.00000 248.5713 0.1698491 16.69184 286.3900 36.83260 24.41981 7.891160 6.726294 2.404507
xbest 23.18834 267.3867 0.2485704 18.02966 286.5218 35.00615 24.40260 6.337861 6.170036 2.881998
xbest 23.18834 267.3867 0.2485704 18.02966 286.5101 35.00615 24.40260 6.337861 6.135661 2.861216
xbest 23.89355 246.7913 0.2175286 17.49006 286.4845 34.61994 24.56607 6.348916 6.622763 2.914323
xbest 23.89355 246.7913 0.2175286 17.49006 286.4845 34.61994 24.56607 6.367666 6.622763 2.914323
xbest 24.31703 240.5578 0.1985487 17.01259 286.4719 34.40648 24.55599 6.346334 6.978804 2.933358
xbest 24.33538 246.1956 0.2136353 17.42676 286.5002 34.83815 24.50308 6.316021 6.525905 2.955272
xbest 24.14775 246.8456 0.2136423 17.41303 286.5048 34.84257 24.50803 6.317568 6.486273 2.934440
xbest 24.19533 246.2056 0.2136330 17.41937 286.4982 34.83929 24.50380 6.317098 6.523357 2.940051
xbest 24.19533 246.2056 0.1953517 17.41937 286.4982 34.83929 24.50380 6.317098 6.510857 2.928176
xbest 24.22429 255.7099 0.1613280 17.69546 286.4825 34.51291 24.51783 6.366449 6.105640 2.945343
xbest 24.22469 254.9612 0.1610191 17.71131 286.4829 34.51229 24.51639 6.366439 6.123689 2.946214
xbest 24.22469 254.9612 0.1610191 17.71131 286.4829 34.51229 24.51639 6.366439 6.120564 2.946214
xbest 24.22498 254.9993 0.1611816 17.70649 286.4832 34.51307 24.51612 6.366550 6.123956 2.945895
xbest 24.22611 256.0758 0.1610482 17.70434 286.4832 34.51321 24.51670 6.366349 6.082373 2.946361
xbest 24.20561 255.5037 0.1610701 17.69841 286.4849 34.52115 24.50642 6.367138 6.119493 2.945941
xbest 24.21302 255.5468 0.1583915 17.70559 286.4793 34.44905 24.50543 6.365144 6.112494 2.946652
xbest 24.21302 255.5468 0.1584794 17.70559 286.4793 34.44905 24.50543 6.365144 6.115619 2.946652
xbest 24.21971 255.3520 0.1618162 17.72609 286.4823 34.44714 24.54169 6.364640 6.112885 2.946650
xbest 24.21971 255.3129 0.1618162 17.72609 286.4823 34.44714 24.58231 6.364640 6.112885 2.946650
xbest 24.21971 255.3129 0.1618162 17.72609 286.4823 34.44714 24.58231 6.364640 6.112885 2.946650

$time
elapsed elapsed elapsed elapsed elapsed elapsed elapsed elapsed elapsed elapsed elapsed elapsed elapsed elapsed elapsed elapsed elapsed elapsed elapsed elapsed elapsed elapsed elapsed elapsed elapsed elapsed elapsed elapsed elapsed 
   2.46    9.85   12.77   20.07   26.43   32.68   42.63   45.75   49.39  127.83  130.13  195.05  196.74  200.82  210.24  217.25  223.60  233.03  435.38  440.83  477.82  481.44  507.75  728.16 1077.11 1078.80 1178.47 1180.22 1201.44 

$neval
 [1]   106   412   545   830  1107  1381  1784  1922  2038  5265  5374  8093  8169  8304  8710  8981  9252  9616 18153 18358 19648 19787 20739 30051 44899 44978 49142 49220 50030

$fbest
[1] 403.974

$xbest
 [1]  24.2197107 255.3129365   0.1618162  17.7260935 286.4822512  34.4471394  24.5823129   6.3646404   6.1128853   2.9466499

$numeval
[1] 50030

$end_crit
[1] 1

$cpu_time
elapsed 
1201.44 

$Refset
$Refset$x
           [,1]        [,2]        [,3]     [,4]       [,5]      [,6]       [,7]       [,8]      [,9]    [,10]
 [1,]  24.21971   0.1618162 286.4822512 24.58231   6.112885  24.21971  0.1618162 286.482251 24.582313 6.112885
 [2,] 255.31294  17.7260935  34.4471394  6.36464   2.946650 255.31294 17.7260935  34.447139  6.364640 2.946650
 [3,]  24.21971 255.3519990   0.1618162 17.72609 286.482251  34.44714 24.5416879   6.364640  6.112885 2.946650
 [4,]  24.21493 255.6550167   0.1579831 17.69553 286.479762  34.46123 24.5174730   6.365061  6.117524 2.949184
 [5,]  24.21428 255.5726732   0.1581869 17.70053 286.479265  34.46119 24.5105010   6.364741  6.117843 2.949616
 [6,]  24.20622 255.4666562   0.1609336 17.70649 286.484550  34.51877 24.5107094   6.366819  6.114981 2.946695
 [7,]  24.21465 255.5284499   0.1586698 17.71175 286.479214  34.46132 24.5083464   6.364542  6.111840 2.948176
 [8,]  24.21510 255.5661763   0.1587476 17.68270 286.480935  34.45299 24.5158040   6.361831  6.144945 2.947519
 [9,]  24.19846 254.9037807   0.1778582 17.71054 286.478179  34.45952 24.6517140   6.350178  6.220546 2.946112
[10,]  24.24639 255.5433168   0.1571515 17.69437 286.493641  34.90596 24.5897642   6.349655  6.018845 2.983807
[11,]  20.00000 256.1933503   0.1734206 16.47307 286.529974  45.13721 24.8246163   6.364342  5.844934 2.955060
[12,]  20.00000 100.0000000   1.0000000 28.44682 285.316373  26.02921 24.9918818  10.000000 10.000000 5.000000

$Refset$f
 [1]  403.9740  403.9740  404.2396  404.8160  404.7378  405.0972  405.0104  405.6528  409.9288  424.6962  497.7708 3194.1250

$Refset$fpen
 [1]  403.9740  403.9740  404.2396  404.8160  404.7378  405.0972  405.0104  405.6528  409.9288  424.6962  497.7708 3194.1250

$Refset$const
          [,1]      [,2]      [,3]      [,4]     [,5]
 [1,] 11.61321 18.273907  2.789868 29.887115 1.528005
 [2,] 29.88711  1.528005 11.613208 18.273907 2.789868
 [3,] 11.61321 29.887115 18.273907  1.528166 2.786107
 [4,] 11.57800 29.882476 18.304472  1.528590 2.782003
 [5,] 11.58269 29.882157 18.299471  1.528675 2.781176
 [6,] 11.59151 29.885019 18.293505  1.528220 2.779421
 [7,] 11.59991 29.888160 18.288253  1.528689 2.780949
 [8,] 11.53775 29.855055 18.317303  1.528437 2.782833
 [9,] 11.49000 29.779454 18.289455  1.528239 2.793945
[10,] 11.67553 29.981155 18.305628  1.527916 2.765121
[11,] 10.62814 30.155066 19.526926  1.536136 2.349472
[12,] 18.44682 26.000000  7.553177  1.648420 3.370183

$Refset$penalty
 [1] 0 0 0 0 0 0 0 0 0 0 0 0


