$f
 [1] 26993.505  2472.297  2005.200  1969.908  1959.691  1929.229  1736.057  1658.552  1613.660  1463.165  1361.163  1196.391  1196.325  1144.595  1144.045  1141.359  1136.700  1136.417  1135.384  1134.241  1129.158  1124.668  1123.403
[24]  1115.319  1091.502  1087.203  1086.828  1086.076  1085.766  1082.613  1082.437  1082.417  1079.182  1076.727  1074.667  1074.648  1072.950  1071.337  1071.231  1071.153  1070.201  1070.172  1066.075  1058.205  1058.071  1058.071

$x
          [,1]     [,2]      [,3]     [,4]     [,5]     [,6]     [,7]     [,8]     [,9]    [,10]
xbest 25.24228 109.4244 0.9594505 19.62446 284.0453 26.89463 25.21952 3.257954 8.309024 1.349335
xbest 20.00000 209.9882 0.6902010 22.16246 286.3758 33.78418 25.26793 3.521106 4.637887 3.452833
xbest 20.00000 209.9882 0.3759713 22.09920 286.6005 37.78418 24.00000 2.398630 3.937887 2.439066
xbest 20.00000 209.9882 0.2751433 22.08032 286.6656 37.95044 24.00000 2.197844 3.720485 2.239288
xbest 20.00000 200.4201 0.3056435 21.65545 286.5466 36.42672 24.51807 2.183161 4.325205 1.707675
xbest 20.00000 153.0121 0.6483333 24.40870 286.5713 35.93506 25.17538 5.676764 5.940961 4.857061
xbest 20.22441 100.0000 0.7780912 16.40512 286.8085 48.00000 24.27055 6.270925 9.591815 4.695180
xbest 20.22473 106.2556 0.8396823 17.47786 286.8679 47.86665 24.08789 6.214714 9.612546 4.928552
xbest 20.20574 104.2059 0.8759150 17.29962 286.8708 47.86274 24.00037 6.217602 9.505134 4.858581
xbest 20.20574 104.2059 1.0000000 17.29962 286.8685 47.03535 24.03491 6.205648 9.507790 4.873723
xbest 20.01802 146.9816 0.2744987 21.94793 286.7018 37.35460 24.82197 6.678004 5.790926 2.468123
xbest 20.00000 141.9816 0.1619987 21.94793 286.6808 37.35460 25.29029 6.678004 5.790926 2.515623
xbest 20.01432 155.3560 0.1748264 21.39863 286.6738 37.58388 24.88202 6.635909 5.727123 2.538225
xbest 20.00000 155.1998 0.1762326 21.39863 286.6410 37.58388 24.48592 6.635909 5.730248 2.557522
xbest 20.01246 153.2008 0.1659997 21.49165 286.6517 37.22191 24.79861 6.629741 5.679658 2.338648
xbest 20.00000 153.2789 0.1659997 21.49165 286.6517 37.22191 24.79861 6.629741 5.679658 2.338648
xbest 20.01379 152.6827 0.1782574 21.18633 286.6497 37.43385 24.81392 6.637283 5.926824 2.396146
xbest 20.01418 153.9554 0.1645283 20.93957 286.6508 37.43696 24.80625 6.637259 6.136590 2.408728
xbest 20.01282 153.0600 0.1761336 21.43573 286.6555 37.41644 24.86680 6.634145 5.681292 2.402823
xbest 20.01249 152.9485 0.1761361 21.70078 286.6634 37.41655 24.89639 6.634036 5.555605 2.408472
xbest 20.01607 152.6898 0.1753904 21.29047 286.6574 37.41931 24.86490 6.633578 5.834515 2.404600
xbest 20.01419 153.8893 0.1659492 20.94130 286.6493 37.43632 24.80546 6.636993 6.059628 2.410796
xbest 20.01419 153.8893 0.1659492 20.94130 286.6493 37.43632 24.80546 6.636993 6.062753 2.409312
xbest 20.00000 153.8082 0.1475380 21.49143 286.6492 37.17006 24.77028 6.671337 5.769802 2.327384
xbest 20.00000 153.8472 0.1475380 21.47898 286.6258 37.17006 24.77028 6.671337 5.757302 2.315509
xbest 20.00234 153.8301 0.1481374 21.49513 286.6464 37.21134 24.77498 6.669941 5.765662 2.327407
xbest 20.00193 153.7849 0.1482097 21.49824 286.6481 37.22005 24.77304 6.668298 5.768342 2.327788
xbest 20.00169 153.7998 0.1478217 21.49296 286.6431 37.21509 24.76425 6.669476 5.773319 2.329230
xbest 20.00169 153.7998 0.1478217 21.49296 286.6431 37.21509 24.76425 6.669476 5.773319 2.328488
xbest 20.00000 155.3195 0.1484590 21.40948 286.6461 37.25958 24.70824 6.671023 5.729857 2.313352
xbest 20.00000 155.3195 0.1484590 21.40948 286.6461 37.25958 24.70824 6.671023 5.729857 2.314094
xbest 20.00000 155.2319 0.1487846 21.40724 286.6465 37.26821 24.68476 6.671220 5.722038 2.314051
xbest 20.00015 155.7268 0.1483607 21.37549 286.6457 37.28907 24.63732 6.672178 5.704320 2.311865
xbest 20.00000 155.9193 0.1481174 21.36354 286.6462 37.28743 24.63955 6.672104 5.678444 2.308637
xbest 20.01172 155.9974 0.1481174 21.36354 286.6462 37.28743 24.63955 6.672104 5.681569 2.308637
xbest 20.00289 151.8435 0.1417643 21.51948 286.6501 37.26975 24.70186 6.668984 5.750242 2.320055
xbest 20.00000 151.8435 0.1415006 21.51948 286.6501 37.26975 24.70186 6.668984 5.750242 2.320055
xbest 20.00898 151.8315 0.1569574 21.37376 286.6483 37.28016 24.68017 6.667471 5.753468 2.326131
xbest 20.00898 151.8315 0.1569574 21.37357 286.6483 37.28016 24.68017 6.667471 5.753468 2.326131
xbest 20.00838 152.1613 0.1533799 21.36272 286.6486 37.27924 24.67854 6.667557 5.749612 2.319742
xbest 20.00838 152.1613 0.1533799 21.36272 286.6486 37.27924 24.67854 6.667557 5.746487 2.319742
xbest 20.00947 150.9742 0.1555280 21.44443 286.6513 37.24231 24.79483 6.675585 5.827337 2.289373
xbest 20.00947 150.9938 0.1556158 21.44443 286.6519 37.23606 24.79483 6.675585 5.827337 2.289373
xbest 20.02023 150.2813 0.1548352 21.43556 286.6508 37.24635 24.75697 6.670167 5.886794 2.303436
xbest 20.02023 150.2813 0.1548132 21.43556 286.6508 37.24635 24.75697 6.670167 5.886794 2.303436
xbest 20.02023 150.2813 0.1548132 21.43556 286.6508 37.24635 24.75697 6.670167 5.886794 2.303436

$time
elapsed elapsed elapsed elapsed elapsed elapsed elapsed elapsed elapsed elapsed elapsed elapsed elapsed elapsed elapsed elapsed elapsed elapsed elapsed elapsed elapsed elapsed elapsed elapsed elapsed elapsed elapsed elapsed elapsed elapsed 
   3.70   11.84   18.40   24.26   36.26   41.68   52.34   68.73   74.01   79.20  169.57  174.26  310.42  316.34  385.00  388.31  413.07  418.79  424.84  431.36  437.31  443.39  452.20  548.42  552.86  596.57  602.09  607.98  616.76  679.14 
elapsed elapsed elapsed elapsed elapsed elapsed elapsed elapsed elapsed elapsed elapsed elapsed elapsed elapsed elapsed elapsed 
 682.11  687.46  698.48  726.14  740.04  829.18  832.71  897.71  900.78  949.65  964.87 1288.45 1292.18 1467.04 1470.95 1805.45 

$neval
 [1]   106   272   450   601   894  1037  1317  1730  1870  2007  4169  4282  7395  7541  9044  9123  9673  9810  9952 10089 10228 10366 10580 12738 12850 13811 13947 14086 14298 15775 15848 15987 16259 16947 17297 19342 19425 20918 20992
[40] 22068 22418 29919 30009 33694 33768 41256

$fbest
[1] 1058.071

$xbest
 [1]  20.0202255 150.2813133   0.1548132  21.4355642 286.6508350  37.2463476  24.7569666   6.6701665   5.8867939   2.3034360

$numeval
[1] 41256

$end_crit
[1] 2

$cpu_time
elapsed 
1805.45 

$Refset
$Refset$x
          [,1]     [,2]      [,3]     [,4]     [,5]     [,6]     [,7]     [,8]     [,9]    [,10]
 [1,] 20.03242 154.1194 0.1585862 20.99927 286.6462 37.25147 24.72253 6.670228 5.873080 2.307697
 [2,] 20.01739 150.4147 0.1550794 21.40775 286.6463 37.25225 24.73288 6.670470 5.890801 2.306397
 [3,] 20.01679 150.2189 0.1551619 21.42412 286.6463 37.25211 24.73357 6.670570 5.889232 2.306175
 [4,] 20.01781 150.3423 0.1561532 21.40443 286.6435 37.25114 24.72167 6.670486 5.895359 2.306365
 [5,] 20.01720 150.3076 0.1561988 21.41433 286.6442 37.25187 24.72641 6.670526 5.890713 2.306129
 [6,] 20.01651 150.1928 0.1563269 21.42623 286.6462 37.25210 24.72978 6.670690 5.888975 2.305942
 [7,] 20.01791 150.2911 0.1561088 21.41061 286.6452 37.25174 24.73036 6.670489 5.894119 2.306247
 [8,] 20.01458 150.1828 0.1564214 21.43010 286.6462 37.25177 24.73055 6.670690 5.888966 2.305739
 [9,] 20.01675 150.2065 0.1562671 21.42598 286.6463 37.25206 24.73353 6.670645 5.889272 2.306008
[10,] 20.03167 150.3977 0.1558991 21.39924 286.6460 37.25136 24.72337 6.670568 5.890331 2.306335
[11,] 20.04293 139.3034 0.1499943 21.90907 286.5949 37.47507 24.81054 6.676598 5.906501 2.343925
[12,] 31.20840 122.9786 0.2466993 20.30029 286.3695 32.02070 24.88450 6.358547 3.486158 3.567683

$Refset$f
 [1] 1058.580 1058.644 1058.931 1059.446 1059.446 1059.542 1059.446 1059.542 1059.542 1059.668 1098.675 3798.300

$Refset$fpen
 [1] 1058.580 1058.644 1058.931 1059.446 1059.446 1059.542 1059.446 1059.542 1059.542 1059.668 1098.675 3798.300

$Refset$const
          [,1]     [,2]     [,3]     [,4]     [,5]
 [1,] 15.12619 30.12692 15.00073 1.515932 2.697985
 [2,] 15.51695 30.10920 14.59225 1.515882 2.698833
 [3,] 15.53489 30.11077 14.57588 1.515888 2.698866
 [4,] 15.50907 30.10464 14.59557 1.516228 2.696909
 [5,] 15.52362 30.10929 14.58567 1.516136 2.697521
 [6,] 15.53725 30.11103 14.57377 1.515911 2.698528
 [7,] 15.51649 30.10588 14.58939 1.516012 2.698231
 [8,] 15.54114 30.11103 14.56990 1.515900 2.698635
 [9,] 15.53671 30.11073 14.57402 1.515889 2.698865
[10,] 15.50891 30.10967 14.60076 1.515949 2.697986
[11,] 16.00257 30.09350 14.09093 1.521784 2.673697
[12,] 16.81413 32.51384 15.69971 1.531987 2.960503

$Refset$penalty
 [1] 0 0 0 0 0 0 0 0 0 0 0 0


