$f
 [1] 14106.205  2825.089  2141.682  1918.380  1803.696  1608.135  1508.238  1456.823  1422.217  1411.712  1383.203  1379.561  1367.109  1336.917  1304.951  1292.460  1285.474  1202.337  1200.533  1200.094  1199.602  1199.236  1199.196
[24]  1199.175  1198.934  1198.667  1198.462  1198.061  1184.944  1182.863  1168.170  1167.161  1159.800  1151.852  1139.542  1132.481  1131.686  1109.349  1107.528  1088.927  1088.764  1086.844  1086.760  1086.686  1086.167  1085.802
[47]  1084.708  1084.493  1083.976  1083.955  1083.627  1082.443  1081.938  1081.729  1081.396  1081.224  1081.224

$x
          [,1]     [,2]      [,3]     [,4]     [,5]     [,6]     [,7]     [,8]     [,9]    [,10]
xbest 32.53956 356.0112 0.9589749 17.89271 286.2078 31.94378 24.44648 6.432035 2.631346 3.442000
xbest 20.00000 298.0632 1.0000000 20.39942 285.2872 31.80770 24.00000 6.748748 2.000000 4.711824
xbest 20.00000 216.6545 0.2475907 19.91876 285.4266 30.20770 26.69157 6.805097 4.181745 4.996654
xbest 24.02225 214.0934 0.3136113 19.17188 286.4304 32.66508 25.88319 6.951412 2.014467 2.870926
xbest 21.81793 253.7348 0.9540602 18.51862 286.5421 34.94092 25.01362 6.497372 2.114473 3.372795
xbest 21.85953 260.5165 0.7901195 18.57518 286.5887 35.31048 25.12685 6.524137 2.132809 3.221633
xbest 21.81649 234.0299 0.3196205 19.00417 286.6378 35.38861 25.28336 6.796247 2.170612 3.032497
xbest 21.74188 237.9161 0.6235953 18.84880 286.5855 35.47013 25.29883 6.768883 2.189124 2.875444
xbest 21.74188 237.9161 0.6685953 19.59880 286.5855 35.47013 24.97383 6.768883 2.089124 2.875444
xbest 22.90215 200.4485 0.1466491 19.20308 286.6473 36.73258 25.44470 6.840279 2.108376 2.512175
xbest 22.76546 210.0944 0.1579168 19.12715 286.6463 36.91638 25.45409 6.840087 2.077686 2.525489
xbest 22.71390 207.9276 0.1599854 19.09521 286.6466 36.92298 25.45664 6.840090 2.074250 2.531030
xbest 23.27677 204.6993 0.1000000 18.85584 286.6247 37.20990 25.53499 7.139259 2.299743 1.948796
xbest 22.89760 195.4178 0.1448748 19.21091 286.6576 37.00690 25.33896 6.878309 2.074504 2.540480
xbest 22.50911 210.0238 0.1500206 19.26145 286.6420 37.02718 25.48052 6.838360 2.089605 2.840445
xbest 22.46224 209.8676 0.1507237 19.44895 286.6408 37.02718 25.49068 6.838360 2.083355 2.840445
xbest 22.82247 212.0067 0.1162779 19.10033 286.6419 36.81750 25.46706 6.923540 2.179539 2.634663
xbest 22.83637 210.0533 0.1162779 19.79793 286.6419 36.92930 25.28538 6.925393 2.285441 2.682163
xbest 22.56126 204.2086 0.1070890 19.44326 286.6247 37.06565 25.48407 7.219946 2.235976 2.203434
xbest 22.56126 204.2086 0.1070670 19.44326 286.6247 37.06565 25.48407 7.219946 2.235976 2.203434
xbest 22.54930 203.7554 0.1070520 19.43311 286.6247 37.05871 25.47440 7.219669 2.235755 2.202828
xbest 22.54930 203.7358 0.1070520 19.43311 286.6247 37.05871 25.47440 7.219669 2.235755 2.202828
xbest 22.55834 203.8201 0.1068634 19.43638 286.6246 37.06713 25.48273 7.220492 2.235773 2.204505
xbest 22.55733 204.0526 0.1063943 19.43735 286.6248 37.06672 25.48607 7.220283 2.235470 2.204815
xbest 22.55766 204.0880 0.1062737 19.43760 286.6249 37.06648 25.48794 7.220228 2.235474 2.204749
xbest 22.56151 204.0827 0.1058955 19.44064 286.6250 37.06688 25.48883 7.220532 2.235353 2.205163
xbest 22.55970 203.7447 0.1062409 19.43818 286.6246 37.06705 25.48424 7.220483 2.235825 2.204850
xbest 22.55970 203.7057 0.1062409 19.43818 286.6246 37.06705 25.48424 7.220483 2.238950 2.204850
xbest 22.60761 174.6663 0.1053245 19.47628 286.6155 37.10332 25.38988 7.224151 4.429831 2.240497
xbest 22.60267 176.3591 0.1071585 19.46730 286.6169 37.10047 25.42354 7.223478 4.224613 2.240184
xbest 22.42041 162.0589 0.1075473 19.53016 286.6114 37.08482 25.42454 7.235559 5.121932 2.267432
xbest 22.42041 162.0589 0.1075473 19.53016 286.6114 37.08482 25.42454 7.235559 5.118807 2.264463
xbest 22.16599 178.7073 0.1044775 19.36270 286.5735 37.01037 25.26387 7.248314 4.280613 2.134466
xbest 21.98142 178.7073 0.1044775 19.38614 286.5735 37.01037 25.30450 7.248314 4.293113 2.128529
xbest 22.07472 174.6171 0.1106048 19.36472 286.5501 36.92922 25.03638 7.246208 4.273408 2.097720
xbest 22.06681 175.5379 0.1071707 19.34526 286.5534 36.99895 25.16900 7.246942 4.284297 2.147677
xbest 22.07708 174.5911 0.1108191 19.36511 286.5520 36.92574 25.04928 7.246086 4.273905 2.090870
xbest 21.98919 174.5911 0.1108191 19.38269 286.5497 36.92574 25.13053 7.249211 4.267655 2.090870
xbest 20.22611 176.2885 0.1050701 18.93062 286.5583 41.62194 24.89230 7.411913 4.494454 2.230712
xbest 20.22611 176.2885 0.1050701 18.93208 286.5583 41.62194 24.97355 7.399413 4.494454 2.230712
xbest 21.77872 172.7081 0.1043782 20.09842 286.5626 37.10572 25.07295 7.239377 4.542110 2.198334
xbest 21.75528 172.7081 0.1040266 20.09842 286.5626 37.10572 25.07295 7.239377 4.538985 2.198334
xbest 21.78572 172.4918 0.1034371 20.10641 286.5629 37.10678 25.07745 7.240074 4.540561 2.202252
xbest 21.79819 172.4874 0.1032577 20.09871 286.5634 37.10978 25.07757 7.240096 4.545278 2.202117
xbest 21.77354 172.1868 0.1034584 20.13251 286.5628 37.10935 25.07681 7.240210 4.558132 2.201913
xbest 21.78416 172.1775 0.1036441 20.14300 286.5629 37.10932 25.07805 7.240250 4.526941 2.201652
xbest 21.73826 171.5512 0.1046703 20.21099 286.5630 37.10755 25.07867 7.240076 4.534356 2.202412
xbest 21.73878 171.2112 0.1046791 20.23339 286.5631 37.10724 25.07872 7.240122 4.533413 2.202200
xbest 21.71324 170.4418 0.1051673 20.32223 286.5632 37.10609 25.08029 7.240098 4.531092 2.202251
xbest 21.71910 170.4418 0.1051673 20.32223 286.5632 37.10609 25.08029 7.240098 4.531092 2.202251
xbest 21.79955 169.3009 0.1045396 20.30013 286.5626 37.10882 25.06692 7.239913 4.551950 2.202261
xbest 21.79955 169.3009 0.1045396 20.30013 286.5626 37.10882 25.06692 7.239913 4.548825 2.202261
xbest 21.76465 169.4149 0.1052830 20.30252 286.5631 37.10734 25.07576 7.239990 4.551282 2.201664
xbest 21.76460 168.5544 0.1053857 20.36800 286.5634 37.10865 25.07661 7.240060 4.550875 2.202031
xbest 21.76634 168.9093 0.1053874 20.33792 286.5634 37.10690 25.07651 7.240000 4.550622 2.202020
xbest 21.76581 168.9177 0.1053885 20.33833 286.5634 37.10657 25.07648 7.239981 4.550649 2.202024
xbest 21.76581 168.9177 0.1053885 20.33833 286.5634 37.10657 25.07648 7.239981 4.550649 2.202024

$time
elapsed elapsed elapsed elapsed elapsed elapsed elapsed elapsed elapsed elapsed elapsed elapsed elapsed elapsed elapsed elapsed elapsed elapsed elapsed elapsed elapsed elapsed elapsed elapsed elapsed elapsed elapsed elapsed elapsed elapsed 
   2.33    6.64   11.90   19.29   29.69   33.01   39.58   42.78   48.72   51.72   57.54   60.29   63.40   72.84   75.87   82.12  107.62  118.20  208.03  210.37  243.76  245.48  255.48  262.25  268.95  272.81  279.33  281.08  284.59  295.06 
elapsed elapsed elapsed elapsed elapsed elapsed elapsed elapsed elapsed elapsed elapsed elapsed elapsed elapsed elapsed elapsed elapsed elapsed elapsed elapsed elapsed elapsed elapsed elapsed elapsed elapsed elapsed 
 304.95  317.50  407.19  409.48  419.04  437.09  440.08  442.73  727.04  728.98  916.59  918.61  928.44  934.98  942.33  960.50  974.31  983.83  987.17  989.61 1109.81 1111.56 1169.00 1190.90 1197.59 1201.61 1215.14 

$neval
 [1]   106   279   478   782  1200  1344  1626  1765  1993  2130  2400  2534  2673  3076  3215  3470  4550  4960  8635  8709 10065 10139 10548 10822 11094 11229 11497 11575 11711 12116 12525 13015 16603 16704 17111 17917 18054 18167 30004
[40] 30087 37936 38022 38436 38709 38981 39741 40290 40697 40834 40907 45819 45897 48219 49101 49378 49515 50003

$fbest
[1] 1081.224

$xbest
 [1]  21.7658085 168.9177392   0.1053885  20.3383330 286.5634238  37.1065750  25.0764790   7.2399807   4.5506495   2.2020235

$numeval
[1] 50003

$end_crit
[1] 1

$cpu_time
elapsed 
1215.14 

$Refset
$Refset$x
           [,1]       [,2]        [,3]     [,4]       [,5]      [,6]      [,7]       [,8]      [,9]    [,10]
 [1,]  21.76581 168.917739   0.1053885 20.33833 286.563424  37.10657 25.076479   7.239981  4.550649 2.202024
 [2,]  21.76460 168.554399   0.1053857 20.36800 286.563434  37.10865 25.076612   7.240060  4.550875 2.202031
 [3,]  21.76100 169.550902   0.1052723 20.30065 286.563137  37.11017 25.076388   7.240008  4.547522 2.201942
 [4,]  21.77690 169.001734   0.1050585 20.32710 286.562735  37.10685 25.076644   7.240064  4.550570 2.201924
 [5,]  21.76465   0.105283 286.5630954 25.07576   4.551282  21.76465  0.105283 286.563095 25.075760 4.551282
 [6,] 169.41491  20.302518  37.1073442  7.23999   2.201664 169.41491 20.302518  37.107344  7.239990 2.201664
 [7,]  21.76495 168.890134   0.1053470 20.34355 286.563419  37.10661 25.076504   7.240032  4.549838 2.202035
 [8,]  21.76639 169.093805   0.1053118 20.32795 286.563276  37.10675 25.075794   7.240036  4.550318 2.201800
 [9,]  21.77019 169.324872   0.1051623 20.31340 286.562732  37.10110 25.080078   7.239475  4.550421 2.202847
[10,]  21.77163 169.661590   0.1045838 20.27369 286.562745  37.10998 25.077687   7.244089  4.548896 2.208065
[11,]  21.62402 168.834455   0.1073794 20.34521 286.564430  37.09013 25.041293   7.234031  4.444059 2.202089
[12,]  21.82055 159.347406   0.1048899 20.34845 286.562791  37.11573 25.136392   7.239686  4.549487 2.155063

$Refset$f
 [1] 1081.224 1081.729 1081.877 1081.901 1081.938 1081.938 1081.729 1081.877 1081.938 1091.719 1147.470 1218.505

$Refset$fpen
 [1] 1081.224 1081.729 1081.877 1081.901 1081.938 1081.938 1081.729 1081.877 1081.938 1091.719 1147.470 1218.505

$Refset$const
          [,1]      [,2]      [,3]      [,4]     [,5]
 [1,] 15.78768 31.449351 15.661667  1.523632 2.703018
 [2,] 15.81713 31.449125 15.631999  1.523635 2.702919
 [3,] 15.75313 31.452478 15.699349  1.523673 2.702705
 [4,] 15.77653 31.449430 15.672895  1.523709 2.702758
 [5,] 15.75124 15.697482  2.702794 31.448718 1.523673
 [6,] 31.44872  1.523673 15.751236 15.697482 2.702794
 [7,] 15.79371 31.450162 15.656449  1.523633 2.703016
 [8,] 15.77763 31.449682 15.672054  1.523652 2.702897
 [9,] 15.76298 31.449579 15.686602  1.523686 2.703353
[10,] 15.72480 31.451104 15.726309  1.523712 2.702674
[11,] 15.90115 31.555941 15.654791  1.523599 2.701436
[12,] 15.79896 31.450513 15.651555  1.523526 2.707158

$Refset$penalty
 [1] 0 0 0 0 0 0 0 0 0 0 0 0


