$f
 [1] 6614.4653  934.1684  930.8733  864.1198  845.5052  817.4497  801.9983  763.1510  738.3524  729.7552  668.6858  658.8003  610.7656  596.8976  586.8212  582.8507  575.4618  575.4549  574.8056  574.5920  574.5920

$x
          [,1]     [,2]      [,3]     [,4]     [,5]     [,6]     [,7]     [,8]     [,9]    [,10]
xbest 24.79000 337.0400 0.2529000 17.72000 285.5400 45.67000 29.49000 2.970000 2.000000 2.690000
xbest 29.56377 182.8341 0.1000000 15.00000 286.7054 46.71862 31.90025 2.252341 2.000000 4.996407
xbest 29.56377 182.8341 0.1000000 15.56250 286.7054 46.71940 31.90025 2.252341 2.000000 4.996407
xbest 20.13102 218.9388 0.9784249 15.00000 285.0007 31.17764 26.84478 6.013078 8.404972 1.535852
xbest 26.15252 204.7069 0.1490051 16.58431 286.4663 45.24343 30.98307 2.372740 2.091327 4.751510
xbest 20.00000 253.9330 0.9224437 15.09585 285.0289 30.41798 26.22505 5.900102 8.327230 1.571324
xbest 22.38435 353.4778 0.2066324 15.85459 286.9107 45.96825 25.35771 3.322663 2.121786 2.911593
xbest 25.94319 212.1368 0.1977765 16.66516 286.7971 45.84973 24.84729 2.890189 4.469287 3.310925
xbest 20.00000 252.8292 0.8414287 15.15045 285.0342 30.79413 26.21991 5.894109 8.333165 1.571515
xbest 20.00000 253.5274 0.8761810 15.10632 285.0292 30.79925 26.22262 5.898765 8.327765 1.571435
xbest 20.00000 273.5274 0.8761810 15.10632 285.0292 30.79925 26.22262 5.898765 8.327765 1.571435
xbest 25.85845 244.5439 0.1686086 16.27819 285.9626 34.61824 32.51305 2.467576 3.477893 4.970750
xbest 25.85845 244.5439 0.1742336 16.27819 285.9814 34.56824 32.51305 2.569885 3.630970 4.804152
xbest 24.29365 277.2547 0.1841811 16.78873 285.8955 34.87623 32.81673 2.594103 2.663498 4.654141
xbest 24.29365 277.2547 0.1831227 16.98794 285.8955 34.87623 32.81673 2.589399 2.597905 4.672015
xbest 24.31643 266.8156 0.1866042 17.26284 285.9055 34.85894 32.86187 2.599390 2.824275 4.548046
xbest 24.26955 266.2687 0.1866042 17.45034 285.9055 34.84644 32.86187 2.590015 2.799275 4.548046
xbest 23.57105 266.6208 0.1823938 18.00335 285.8933 34.84352 32.84970 2.596042 2.859229 4.546886
xbest 23.57105 266.6208 0.1825696 18.00335 285.8933 34.84352 32.84970 2.589792 2.859229 4.546886
xbest 23.61923 266.2902 0.1795725 17.96081 285.8937 34.84967 32.84813 2.594440 2.870154 4.495804
xbest 23.61923 266.2902 0.1795725 17.96081 285.8937 34.84967 32.84813 2.594440 2.870154 4.495804

$time
elapsed elapsed elapsed elapsed elapsed elapsed elapsed elapsed elapsed elapsed elapsed elapsed elapsed elapsed elapsed elapsed elapsed elapsed elapsed elapsed elapsed 
   2.11    6.84    8.66   11.84   15.00   18.12   21.12   27.78   33.61   39.51   41.06  128.44  131.67  260.08  263.05  334.51  337.14 1036.05 1038.08 1286.89 1290.83 

$neval
 [1]   106   275   357   500   642   781   918  1190  1459  1729  1802  5441  5570 10351 10471 13214 13327 40434 40517 49944 50013

$fbest
[1] 574.592

$xbest
 [1]  23.6192323 266.2902466   0.1795725  17.9608053 285.8937219  34.8496659  32.8481317   2.5944403   2.8701542   4.4958040

$numeval
[1] 50013

$end_crit
[1] 1

$cpu_time
elapsed 
1290.83 

$Refset
$Refset$x
           [,1]        [,2]        [,3]     [,4]       [,5]      [,6]       [,7]       [,8]      [,9]    [,10]
 [1,] 266.29025  17.9608053  34.8496659  2.59444   4.495804 266.29025 17.9608053  34.849666  2.594440 4.495804
 [2,]  23.61923   0.1795725 285.8937219 32.84813   2.870154  23.61923  0.1795725 285.893722 32.848132 2.870154
 [3,]  23.62093 266.2209095   0.1799499 17.95919 285.893680  34.84994 32.8467360   2.595904  2.871396 4.511090
 [4,]  23.57645 266.9760245   0.1797379 17.95504 285.893343  34.84902 32.8502710   2.595738  2.872969 4.509777
 [5,]  23.61923 266.2902466   0.1795725 17.96081 285.893722  34.84967 32.8481317   2.594440  2.870154 4.495804
 [6,]  23.96144 266.1041592   0.1914555 17.95498 285.894778  34.85218 32.8533518   2.595723  2.729143 4.506725
 [7,]  23.83452 266.7890645   0.1912995 17.91443 285.893797  34.85181 32.8507641   2.595155  2.873205 4.514493
 [8,]  23.61977 266.0597940   0.1799657 17.95924 285.893470  34.84903 32.8674790   2.596046  2.880423 4.508163
 [9,]  23.75531 268.5600138   0.1857769 18.09415 285.893827  34.85023 32.8464056   2.599870  2.788058 4.500745
[10,]  23.58018 266.2409874   0.1798674 17.95927 285.894927  34.84919 32.8469761   3.835348  2.894053 4.509682
[11,]  21.39549 243.3306291   0.6468777 22.53076 285.865820  34.81526 32.8773043   3.647578  3.501546 3.836233
[12,]  20.00000 348.0757831   0.1000000 17.88099 286.642978  35.18652 31.1411211   3.235443  3.765696 4.473710

$Refset$f
 [1]  574.5920  574.5920  574.8212  575.4462  574.5920  576.0313  576.6944  581.0590  580.6806  596.0104  816.5000 1563.4201

$Refset$fpen
 [1]   574.5920   574.5920   574.8212   575.4462   574.5920   576.0313   576.6944   581.0590   580.6806   596.0104   816.5000 32906.7432

$Refset$const
          [,1]      [,2]      [,3]      [,4]     [,5]
 [1,] 33.12985  1.563084 15.090651 18.039195 3.471215
 [2,] 15.09065 18.039195  3.471215 33.129846 1.563084
 [3,] 15.08779 33.128604 18.040810  1.563102 3.470959
 [4,] 15.08207 33.127031 18.044963  1.563120 3.471467
 [5,] 15.09065 33.129846 18.039195  1.563084 3.471215
 [6,] 15.22584 33.270857 18.045018  1.562908 3.472035
 [7,] 15.04123 33.126795 18.085570  1.563068 3.471332
 [8,] 15.07881 33.119577 18.040765  1.562980 3.474005
 [9,] 15.30609 33.211942 17.905850  1.563084 3.470928
[10,] 15.06522 33.105947 18.040727  1.562911 3.471577
[11,] 19.02921 32.498454 13.469243  1.566773 3.469464
[12,] 14.11530 32.234304 18.119006  1.473475 3.531343

$Refset$penalty
 [1] 0.00000000 0.00000000 0.00000000 0.00000000 0.00000000 0.00000000 0.00000000 0.00000000 0.00000000 0.00000000 0.00000000 0.03134332


