$f
 [1] 2885.4635 1056.2066  861.9497  803.7951  752.9983  731.5972  612.7899  499.9115  498.0330  473.2240  454.1997  447.9497  442.3177  440.9097  438.5122  437.7830  437.2517  436.7431  434.7118  434.6684  434.3438  433.2951  432.7812
[24]  432.1580  431.4948  431.4861  431.0069  430.6302  430.4132  430.1840  429.7830  429.6285  425.4583  425.3733  424.1267  424.0885  424.0382  423.1597  423.1597

$x
          [,1]     [,2]      [,3]     [,4]     [,5]     [,6]     [,7]     [,8]     [,9]    [,10]
xbest 20.76255 137.6587 0.2578707 24.80447 286.1817 42.64035 29.91142 3.599396 3.525130 1.951546
xbest 20.58237 341.6265 0.1265347 18.92658 286.4513 45.04745 29.55437 2.083562 2.000000 2.676777
xbest 20.58237 341.6265 0.1000000 19.67512 286.8263 45.04745 28.25437 2.083562 2.400000 2.486777
xbest 20.79337 174.1028 0.2874053 23.61948 286.3523 37.31054 31.58894 5.819098 5.761852 1.816175
xbest 21.21706 215.9326 0.1198618 20.73141 286.6291 43.16355 27.92324 7.653538 5.414467 2.904953
xbest 21.14509 219.6240 0.1627492 19.11090 286.6020 43.96511 27.74079 7.949755 4.675405 2.469067
xbest 21.01031 223.8009 0.1463292 19.81981 286.7581 43.30800 29.22877 6.861399 5.033710 2.146727
xbest 21.01031 222.7528 0.1494737 20.19481 286.7581 42.88005 29.00167 6.861399 5.033710 2.179918
xbest 21.16068 228.9634 0.1265350 19.60509 286.5842 42.62856 28.51915 6.947208 4.930633 2.107388
xbest 21.13724 228.9634 0.1265350 19.60509 286.5842 42.62856 28.64102 6.947208 4.930633 2.107388
xbest 21.18516 238.6503 0.1235728 19.94145 286.5893 42.49122 28.79175 6.879999 4.477718 2.243376
xbest 21.18516 238.6503 0.1235728 19.75395 286.5893 42.49122 28.79175 6.879999 4.565218 2.243376
xbest 21.19219 233.4333 0.1281704 20.13914 286.5937 42.56974 28.51309 6.864805 4.539085 2.257335
xbest 21.19219 233.4333 0.1281704 20.13914 286.5937 42.56974 28.55371 6.864609 4.532835 2.251397
xbest 21.28105 229.3282 0.1170122 19.97162 286.5990 42.13236 28.95512 7.052589 4.777099 2.250377
xbest 21.20130 228.2275 0.1296026 20.10722 286.5948 42.56746 28.50061 6.861554 4.788735 2.260920
xbest 21.20846 225.4930 0.1303467 20.08809 286.5948 42.56664 28.48885 6.861097 4.950914 2.262712
xbest 21.20260 225.4930 0.1304346 20.08809 286.5948 42.56664 28.48885 6.861097 4.950914 2.262712
xbest 21.27097 222.3223 0.1318053 20.13552 286.5906 42.60245 28.42322 6.863035 4.963278 2.259405
xbest 21.26090 223.8055 0.1313031 20.13500 286.5923 42.59413 28.46184 6.862917 4.928648 2.258869
xbest 21.26090 223.8055 0.1314789 20.13500 286.5923 42.59413 28.50247 6.862917 4.928648 2.257385
xbest 21.40107 230.7478 0.1121779 19.84833 286.5854 42.22431 28.86700 7.066812 4.688105 2.233273
xbest 21.40107 230.7478 0.1121779 19.84833 286.5854 42.22431 28.86700 7.066812 4.688105 2.232531
xbest 21.36982 230.8017 0.1149637 19.80951 286.5826 42.22025 28.86202 7.067155 4.657411 2.233723
xbest 21.36982 230.8213 0.1149637 19.80951 286.5826 42.22025 28.86202 7.067155 4.657411 2.233723
xbest 21.44737 230.1988 0.1140926 19.81543 286.5865 42.22958 28.86607 7.065951 4.632720 2.234144
xbest 21.43288 229.8432 0.1147447 19.83664 286.5839 42.22975 28.86756 7.065982 4.636902 2.236106
xbest 21.45304 229.9831 0.1146807 19.80950 286.5841 42.22974 28.86604 7.065987 4.633452 2.232951
xbest 21.45304 229.9831 0.1146807 19.80950 286.5841 42.22974 28.82541 7.065987 4.633452 2.232951
xbest 21.42828 230.9613 0.1115377 19.88172 286.5856 42.25853 28.86253 7.066490 4.633500 2.237447
xbest 21.42828 230.9808 0.1115377 19.88172 286.5856 42.25893 28.86253 7.066490 4.633500 2.237447
xbest 21.39368 231.0115 0.1109406 19.88667 286.5792 42.19644 28.86027 7.066782 4.631990 2.232638
xbest 21.44055 231.0115 0.1109406 19.89081 286.5792 42.19644 28.86027 7.066506 4.625187 2.232638
xbest 21.29606 227.9781 0.1239868 19.95676 286.5687 42.19119 28.78491 7.065588 4.631971 2.249423
xbest 21.39366 227.2297 0.1234027 19.92777 286.5739 42.19975 28.82161 7.065859 4.629543 2.242386
xbest 21.34550 228.3597 0.1227367 20.05811 286.5688 42.19391 28.78946 7.065191 4.503972 2.245001
xbest 21.34433 228.2242 0.1227506 20.07769 286.5688 42.19440 28.78931 7.065097 4.495652 2.245165
xbest 21.34517 228.0319 0.1227402 20.06952 286.5689 42.18911 28.78774 7.068401 4.498836 2.244847
xbest 21.34517 228.0319 0.1227402 20.06952 286.5689 42.18911 28.78774 7.068401 4.498836 2.244847

$time
elapsed elapsed elapsed elapsed elapsed elapsed elapsed elapsed elapsed elapsed elapsed elapsed elapsed elapsed elapsed elapsed elapsed elapsed elapsed elapsed elapsed elapsed elapsed elapsed elapsed elapsed elapsed elapsed elapsed elapsed 
   2.25    6.34    9.17   20.23   23.66   27.03   30.42   47.28   83.19   85.14  102.52  121.61  185.95  188.14  205.72  216.39  219.59  224.66  274.23  323.77  325.73  360.41  362.16  393.39  398.37  416.42  423.27  426.55  435.72  557.91 
elapsed elapsed elapsed elapsed elapsed elapsed elapsed elapsed elapsed 
 559.72  672.05  674.44  798.67  804.28 1075.08 1116.67 1220.50 1262.39 

$neval
 [1]   106   269   385   812   953  1091  1231  1896  3262  3343  4020  4779  7251  7341  8020  8427  8560  8774 10680 12644 12727 14076 14150 15364 15572 16258 16529 16666 17010 21801 21880 26306 26402 31419 31622 42439 44142 48347 50057

$fbest
[1] 423.1597

$xbest
 [1]  21.3451689 228.0319386   0.1227402  20.0695194 286.5688662  42.1891145  28.7877378   7.0684013   4.4988362   2.2448469

$numeval
[1] 50057

$end_crit
[1] 1

$cpu_time
elapsed 
1262.39 

$Refset
$Refset$x
           [,1]        [,2]        [,3]      [,4]       [,5]      [,6]       [,7]       [,8]      [,9]    [,10]
 [1,]  21.34517   0.1227402 286.5688662 28.787738   4.498836  21.34517  0.1227402 286.568866 28.787738 4.498836
 [2,] 228.03194  20.0695194  42.1891145  7.068401   2.244847 228.03194 20.0695194  42.189115  7.068401 2.244847
 [3,]  21.34553 228.2931248   0.1227405 20.068755 286.568858  42.19356 28.7890885   7.065119  4.498543 2.245323
 [4,]  21.34533 228.3301479   0.1227371 20.069147 286.568777  42.18992 28.7894219   7.064768  4.498855 2.246036
 [5,]  21.34140 228.2567182   0.1227316 20.067554 286.568512  42.19055 28.7886419   7.066549  4.498206 2.247712
 [6,]  21.34630 228.2801298   0.1227309 20.068661 286.568835  42.19210 28.7894982   7.065459  4.497970 2.246616
 [7,]  21.36447 227.7807759   0.1207830 19.894976 286.568335  42.20003 28.7737406   7.040036  4.494960 2.255641
 [8,]  21.35666 228.4761825   0.1210286 19.918321 286.568383  42.20130 28.7904919   7.042174  4.476134 2.254648
 [9,]  21.35281 226.9542707   0.1213834 20.011465 286.569127  42.19612 28.8105890   7.039454  4.477662 2.225934
[10,]  21.26894 243.1628995   0.1005979 21.601388 286.479550  37.03005 27.1385184   7.079099  4.274287 2.251033
[11,]  20.97008 266.2057364   0.1131181 20.649983 286.480575  36.94100 27.0331765   7.078249  4.423528 2.254597
[12,]  21.37300 225.6103857   0.1208005 20.393637 286.541630  42.25379 28.7927075   7.052746  4.455926 2.208726

$Refset$f
 [1] 423.1597 423.1597 424.0382 424.0382 424.3750 424.6840 433.5660 433.7795 437.7500 485.4444 500.5955 534.2361

$Refset$fpen
 [1] 423.1597 423.1597 424.0382 424.0382 424.3750 424.6840 433.5660 433.7795 437.7500 485.4444 500.5955 534.2361

$Refset$const
          [,1]      [,2]      [,3]      [,4]     [,5]
 [1,] 15.57068 15.930481  2.724992 31.501164 1.522206
 [2,] 31.50116  1.522206 15.570683 15.930481 2.724992
 [3,] 15.57021 31.501457 15.931245  1.522212 2.724867
 [4,] 15.57029 31.501145 15.930853  1.522213 2.725041
 [5,] 15.56935 31.501794 15.932446  1.522246 2.724853
 [6,] 15.57069 31.502030 15.931339  1.522210 2.724960
 [7,] 15.40002 31.505040 16.105024  1.522330 2.723237
 [8,] 15.44219 31.523866 16.081679  1.522277 2.724406
 [9,] 15.53380 31.522338 15.988535  1.522122 2.726402
[10,] 17.32710 31.725713 14.398612  1.525569 2.851447
[11,] 16.22646 31.576472 15.350017  1.525609 2.848254
[12,] 15.93771 31.544074 15.606363  1.525386 2.711907

$Refset$penalty
 [1] 0 0 0 0 0 0 0 0 0 0 0 0


