$f
 [1] 1589.9826 1051.7969  962.6649  901.4167  822.0382  778.3472  718.9219  709.8351  707.1059  707.1059

$x
          [,1]     [,2]      [,3]     [,4]     [,5]     [,6]     [,7]     [,8]     [,9]    [,10]
xbest 20.11517 130.5872 0.8814580 15.58185 286.6303 47.79361 25.01621 6.971107 6.332408 2.925928
xbest 20.00000 131.7146 0.8301134 17.89038 286.6304 48.00000 24.99866 6.681160 8.399006 3.497341
xbest 20.00000 131.7146 0.8765196 17.98413 286.6304 48.00000 25.07991 6.706160 8.536506 3.485466
xbest 22.51703 147.2706 0.1818018 18.31356 286.7003 47.07908 24.13933 6.991222 5.485318 3.046217
xbest 22.19178 138.8004 0.4119736 18.07161 286.7704 47.05436 25.08601 6.878973 5.685590 3.542967
xbest 20.50816 141.1186 0.3809834 18.09233 286.7291 47.15782 24.33119 6.843264 8.310871 3.351917
xbest 21.54682 145.7047 0.2772317 18.24363 286.7190 47.14893 24.30105 6.905045 6.388269 3.347461
xbest 21.41147 138.8727 0.3999425 18.07550 286.7763 46.98026 25.25980 6.884598 7.298179 3.426034
xbest 21.41001 138.8727 0.3816613 18.07550 286.7763 46.98026 25.25980 6.884598 7.310679 3.437909
xbest 21.41001 138.8727 0.3816613 18.07550 286.7763 46.98026 25.25980 6.884598 7.310679 3.437909

$time
elapsed elapsed elapsed elapsed elapsed elapsed elapsed elapsed elapsed elapsed 
   2.36    6.69    9.22   15.24   18.61   23.97   30.02   32.61   40.42 1026.10 

$neval
 [1]   106   269   392   691   832  1109  1382  1519  1891 50031

$fbest
[1] 707.1059

$xbest
 [1]  21.4100059 138.8726561   0.3816613  18.0754984 286.7762663  46.9802602  25.2597988   6.8845982   7.3106788   3.4379092

$numeval
[1] 50031

$end_crit
[1] 1

$cpu_time
elapsed 
 1026.1 

$Refset
$Refset$x
          [,1]     [,2]      [,3]     [,4]     [,5]     [,6]     [,7]     [,8]     [,9]    [,10]
 [1,] 23.16567 267.9598 0.2054363 17.44636 286.3461 36.10678 24.19972 3.343394 4.753055 3.840688
 [2,] 23.16630 267.9505 0.2054691 17.44764 286.3461 36.10723 24.19686 3.343942 4.751931 3.844968
 [3,] 23.16232 267.9516 0.2055786 17.44795 286.3462 36.10731 24.19531 3.344694 4.753987 3.857067
 [4,] 23.16624 267.9175 0.2052923 17.45124 286.3460 36.10749 24.18853 3.341389 4.750666 3.823153
 [5,] 23.18423 268.4449 0.2053134 17.39747 286.3459 36.10662 24.15530 3.344248 4.727189 3.864520
 [6,] 23.16327 266.1368 0.2094581 17.53678 286.3464 36.11016 24.20196 3.343507 4.752550 3.839416
 [7,] 23.18313 267.9299 0.2060495 17.40212 286.3459 36.11364 24.17757 3.350126 4.752180 3.863710
 [8,] 23.13143 265.5539 0.2057368 17.43842 286.3462 36.10522 24.18256 3.342078 4.876370 3.830800
 [9,] 23.22633 269.4654 0.1899251 17.16131 286.5769 37.42883 24.18219 3.265382 4.800337 3.809379
[10,] 23.29000 266.0192 0.2051876 17.49507 286.3454 37.03458 24.18965 3.324015 4.267743 3.307325
[11,] 23.16262 271.0129 0.1874935 17.44835 286.3091 36.03604 24.21771 4.070235 4.749852 3.851965
[12,] 22.02776 273.0861 0.1976534 17.44672 286.2055 38.61243 24.19577 3.440812 4.757198 3.782862

$Refset$f
 [1] 764.8976 764.8976 764.9288 765.0521 765.2656 765.7622 765.8351 766.6823 791.2500 796.7760 847.5625 894.6719

$Refset$fpen
 [1] 764.8976 764.8976 764.9288 765.0521 765.2656 765.7622 765.8351 766.6823 791.2500 796.7760 847.5625 894.6719

$Refset$const
          [,1]     [,2]     [,3]     [,4]     [,5]
 [1,] 12.69330 31.24695 18.55364 1.548211 2.609869
 [2,] 12.69571 31.24807 18.55236 1.548219 2.609617
 [3,] 12.69397 31.24601 18.55205 1.548208 2.609532
 [4,] 12.70058 31.24933 18.54876 1.548241 2.608931
 [5,] 12.67028 31.27281 18.60253 1.548335 2.606268
 [6,] 12.78423 31.24745 18.46322 1.548176 2.609974
 [7,] 12.64994 31.24782 18.59788 1.548293 2.607676
 [8,] 12.56205 31.12363 18.56158 1.548239 2.608612
 [9,] 12.36097 31.19966 18.83869 1.525496 2.620441
[10,] 13.22733 31.73226 18.50493 1.549602 2.561150
[11,] 12.69850 31.25015 18.55165 1.552096 2.602955
[12,] 12.68952 31.24280 18.55328 1.565264 2.446411

$Refset$penalty
 [1] 0 0 0 0 0 0 0 0 0 0 0 0


