$f
 [1] 2338.4253 1123.3247 1048.3316  996.7882  903.0434  870.0191  833.8108  813.3715  648.9670  648.9670

$x
          [,1]     [,2]      [,3]     [,4]     [,5]     [,6]     [,7]     [,8]     [,9]    [,10]
xbest 22.89807 273.6957 0.8481041 24.23519 284.9512 27.89186 26.76909 4.922818 2.366838 4.927814
xbest 20.00000 449.8942 0.6900928 15.41737 286.2371 33.37473 29.47992 2.377799 4.366898 3.742807
xbest 20.04688 450.2067 0.6000928 15.41901 286.2383 33.39973 29.43929 2.427799 4.341898 2.365307
xbest 20.04302 443.4838 0.6916451 15.45284 286.5992 35.39096 27.78231 2.828005 4.747704 2.685810
xbest 21.43515 230.4818 0.1620635 22.04761 286.1680 38.63377 26.99056 3.841946 3.646395 1.851492
xbest 21.02121 277.9450 0.1812796 18.49937 286.3221 38.28618 28.88043 3.292085 5.025099 1.369187
xbest 21.07582 255.1181 0.1096760 18.78304 286.2971 38.31747 28.69118 3.386166 5.598994 1.232535
xbest 20.91656 260.1655 0.1000000 18.53101 286.3232 38.22344 28.87251 3.307764 5.448034 1.266532
xbest 21.04914 259.2816 0.1039775 18.24976 286.4732 38.69415 32.12251 2.898926 5.450244 1.653859
xbest 21.04914 259.2816 0.1039775 18.24976 286.4732 38.69415 32.12251 2.898926 5.450244 1.653859

$time
elapsed elapsed elapsed elapsed elapsed elapsed elapsed elapsed elapsed elapsed 
   2.89    6.63    9.78   16.80   19.85   29.16   38.85   41.72   45.22 1170.16 

$neval
 [1]   106   266   412   696   837  1261  1678  1815  1979 50067

$fbest
[1] 648.967

$xbest
 [1]  21.0491440 259.2816207   0.1039775  18.2497614 286.4731690  38.6941534  32.1225147   2.8989256   5.4502441   1.6538592

$numeval
[1] 50067

$end_crit
[1] 1

$cpu_time
elapsed 
1170.16 

$Refset
$Refset$x
          [,1]     [,2]      [,3]     [,4]     [,5]     [,6]     [,7]     [,8]     [,9]    [,10]
 [1,] 20.85458 255.8852 0.1057682 18.40538 286.3954 38.37393 31.42697 3.290982 5.471536 1.463584
 [2,] 20.86235 255.8063 0.1056609 18.40460 286.3953 38.37345 31.42756 3.291134 5.471819 1.464212
 [3,] 20.86030 255.7972 0.1057924 18.40194 286.3958 38.37495 31.42924 3.290964 5.475141 1.464629
 [4,] 20.85961 255.7854 0.1057366 18.40605 286.3957 38.37306 31.43118 3.291075 5.473274 1.464543
 [5,] 20.85610 255.8772 0.1057711 18.40488 286.3973 38.37371 31.43301 3.291006 5.471862 1.464002
 [6,] 20.86090 255.8339 0.1056496 18.40541 286.3954 38.37292 31.42809 3.290631 5.471636 1.464030
 [7,] 20.85442 255.8596 0.1057551 18.40495 286.3956 38.37397 31.43084 3.290758 5.473461 1.463546
 [8,] 20.85606 255.8838 0.1057729 18.40462 286.3954 38.37357 31.42664 3.290622 5.471170 1.463518
 [9,] 20.86085 255.8156 0.1056921 18.40236 286.3954 38.37412 31.42761 3.291132 5.474788 1.464357
[10,] 20.69336 255.8841 0.1058232 18.39228 286.3963 38.53304 31.44163 3.330023 5.472253 1.442791
[11,] 20.97832 274.7672 0.1157102 20.63938 286.7933 38.72822 24.00000 4.740323 4.742649 2.478366
[12,] 20.00000 285.6068 0.1058336 18.38312 286.3695 42.43085 32.17388 3.018349 5.425905 1.472174

$Refset$f
 [1]  661.0330  661.0330  661.0330  661.0330  661.0330  661.0330  661.0330  661.0330  661.0330  703.5295  961.8437 1750.9184

$Refset$fpen
 [1]  661.0330  661.0330  661.0330  661.0330  661.0330  661.0330  661.0330  661.0330  661.0330  703.5295  961.8437 1750.9184

$Refset$const
          [,1]     [,2]     [,3]     [,4]     [,5]
 [1,] 12.93385 30.52846 17.59462 1.521082 3.127270
 [2,] 12.93278 30.52818 17.59540 1.521087 3.127336
 [3,] 12.92680 30.52486 17.59806 1.521016 3.127608
 [4,] 12.93278 30.52673 17.59395 1.521009 3.127928
 [5,] 12.93301 30.52814 17.59512 1.520800 3.128720
 [6,] 12.93378 30.52836 17.59459 1.521069 3.127478
 [7,] 12.93149 30.52654 17.59505 1.521026 3.127778
 [8,] 12.93345 30.52883 17.59538 1.521073 3.127295
 [9,] 12.92757 30.52521 17.59764 1.521072 3.127342
[10,] 12.92002 30.52775 17.60772 1.521557 3.115920
[11,] 15.89674 31.25735 15.36062 1.505339 2.626446
[12,] 12.95722 30.57409 17.61688 1.534992 2.894640

$Refset$penalty
 [1] 0 0 0 0 0 0 0 0 0 0 0 0


