$f
 [1] 11439.453  3737.792  2446.247  2426.391  2396.080  2393.156  2377.319  2363.672  2328.314  2314.417  2313.481  2313.481

$x
          [,1]     [,2]      [,3]     [,4]     [,5]     [,6]     [,7]     [,8]     [,9]    [,10]
xbest 24.79000 337.0400 0.2529000 17.72000 285.5400 45.67000 29.49000 2.970000 2.000000 2.690000
xbest 20.00000 364.5041 0.9804598 18.16696 286.8285 47.16590 24.00000 7.234613 6.352954 2.525448
xbest 20.00000 404.5041 1.0000000 19.05635 286.8285 42.36590 24.00000 7.234613 6.752027 2.534836
xbest 20.02175 409.9500 0.9768987 18.96393 286.8279 42.36013 24.00936 7.226812 6.745043 2.606679
xbest 20.00000 409.6375 0.9992969 18.96393 286.8279 42.36013 24.00936 7.226812 6.745239 2.603710
xbest 20.06528 400.5810 0.9883983 19.35068 286.8283 42.35601 24.00903 7.179609 6.588946 2.565369
xbest 20.00146 400.4248 1.0000000 19.35654 286.8283 42.34976 24.00903 7.179609 6.588946 2.565369
xbest 20.20451 399.2517 0.8847799 21.39010 286.8279 42.32441 24.00000 7.179103 5.270382 2.568551
xbest 20.20451 399.2517 1.0000000 21.39010 286.8279 42.32441 24.00000 7.179103 5.220382 2.568551
xbest 20.20168 399.4724 0.8973357 21.16324 286.8270 42.31579 24.00109 7.178918 5.130951 2.569920
xbest 20.20168 399.4724 0.8973357 21.16324 286.8270 42.31579 24.00109 7.178918 5.127826 2.569920
xbest 20.20168 399.4724 0.8973357 21.16324 286.8270 42.31579 24.00109 7.178918 5.127826 2.569920

$time
elapsed elapsed elapsed elapsed elapsed elapsed elapsed elapsed elapsed elapsed elapsed elapsed 
   8.02   23.00   33.72  253.85  264.36  577.33  586.38  789.55  797.91  869.55  923.39 1809.52 

$neval
 [1]   106   266   390  2869  2985  6514  6613  8914  9010  9815 10436 20391

$fbest
[1] 2313.481

$xbest
 [1]  20.2016801 399.4724373   0.8973357  21.1632406 286.8270378  42.3157881  24.0010866   7.1789182   5.1278258   2.5699200

$numeval
[1] 20391

$end_crit
[1] 2

$cpu_time
elapsed 
1809.52 

$Refset
$Refset$x
          [,1]     [,2]      [,3]     [,4]     [,5]     [,6]     [,7]     [,8]     [,9]    [,10]
 [1,] 20.02051 399.6231 0.9992848 19.19024 286.8284 42.33343 24.01898 7.179248 6.776748 2.563673
 [2,] 20.02076 399.6365 1.0000000 19.18649 286.8285 42.33284 24.01916 7.179199 6.779320 2.563716
 [3,] 20.02006 399.6160 0.9979684 19.18760 286.8285 42.33306 24.02133 7.179289 6.778935 2.563647
 [4,] 20.02030 399.6254 0.9994542 19.18662 286.8285 42.33281 24.01914 7.179200 6.779553 2.563693
 [5,] 20.02042 399.6235 0.9993129 19.19026 286.8284 42.33332 24.01901 7.179246 6.776919 2.563685
 [6,] 20.01974 399.6777 0.9993617 19.18973 286.8285 42.33320 24.01900 7.179219 6.776663 2.563697
 [7,] 20.02009 399.6307 0.9992619 19.19042 286.8284 42.33326 24.01847 7.179244 6.776954 2.563782
 [8,] 20.02066 399.6500 0.9999409 19.18804 286.8284 42.33321 24.01904 7.179239 6.777890 2.563714
 [9,] 20.02015 399.6541 0.9993253 19.18876 286.8284 42.33344 24.01877 7.179235 6.777450 2.563770
[10,] 20.01977 399.6692 0.9993275 19.18980 286.8285 42.33360 24.01896 7.179220 6.776615 2.563705
[11,] 20.02051 399.6225 0.9992764 19.19036 286.8284 42.33343 24.01898 7.179248 6.776748 2.563674
[12,] 20.03631 399.7284 0.9927392 19.15367 286.8285 42.33243 24.02398 7.179244 6.794194 2.564182

$Refset$f
 [1] 2333.828 2333.828 2333.828 2333.828 2333.828 2333.828 2333.828 2333.828 2333.828 2333.828 2333.828 2334.979

$Refset$fpen
 [1] 2333.828 2333.828 2333.828 2333.828 2333.828 2333.828 2333.828 2333.828 2333.828 2333.828 2333.828 2334.979

$Refset$const
          [,1]     [,2]     [,3]     [,4]     [,5]
 [1,] 12.41349 29.22325 16.80976 1.507111 2.495651
 [2,] 12.40717 29.22068 16.81351 1.507096 2.495737
 [3,] 12.40867 29.22107 16.81240 1.507093 2.495858
 [4,] 12.40707 29.22045 16.81338 1.507096 2.495736
 [5,] 12.41334 29.22308 16.80974 1.507110 2.495659
 [6,] 12.41306 29.22334 16.81027 1.507101 2.495698
 [7,] 12.41347 29.22305 16.80958 1.507109 2.495635
 [8,] 12.41015 29.22211 16.81196 1.507106 2.495680
 [9,] 12.41131 29.22255 16.81124 1.507111 2.495638
[10,] 12.41318 29.22338 16.81020 1.507101 2.495680
[11,] 12.41361 29.22325 16.80964 1.507111 2.495651
[12,] 12.35948 29.20581 16.84633 1.507093 2.496024

$Refset$penalty
 [1] 0 0 0 0 0 0 0 0 0 0 0 0


