$f
 [1] 16142.6163  1801.5313  1305.5260  1273.0174  1105.9931  1023.2344  1009.1597   998.4427   995.6424   993.8715   992.4288   991.2552   981.6111   980.6007   975.7396   974.2899   962.9253   961.4861   946.1215   940.8437   937.0087
[22]   934.0712   934.0122   934.0122

$x
          [,1]     [,2]      [,3]     [,4]     [,5]     [,6]     [,7]     [,8]     [,9]    [,10]
xbest 24.79000 337.0400 0.2529000 17.72000 285.5400 45.67000 29.49000 2.970000 2.000000 2.690000
xbest 20.00000 100.0000 0.6820726 16.68085 286.8256 47.19171 27.86743 6.763092 8.627340 2.104239
xbest 20.00000 100.0000 0.7255004 16.47122 286.8256 47.01966 26.71075 7.563092 7.229798 2.105068
xbest 20.00000 101.1230 0.7118598 16.92437 286.8313 46.99918 26.71041 7.596371 7.335642 2.151866
xbest 20.09813 100.0000 0.9416168 16.01235 286.8257 48.00000 24.98152 7.566075 7.342747 2.299257
xbest 20.02684 100.0000 0.9538278 15.88058 286.8334 48.00000 24.96434 7.565989 6.900202 2.305754
xbest 20.03288 100.0285 0.9538918 15.88644 286.8334 48.00000 24.92371 7.565989 6.899397 2.299817
xbest 20.06685 105.0672 0.8403078 16.42302 286.7980 44.32295 25.04736 7.506909 8.507722 2.281553
xbest 20.06685 105.0672 0.8853078 16.42302 286.7980 44.32295 25.04736 7.506909 8.507722 2.281553
xbest 20.03222 104.4973 0.8967322 16.39622 286.8285 44.37188 25.73106 7.504275 8.809309 2.247474
xbest 20.03222 104.4973 0.8967322 16.39622 286.8285 44.37188 25.60919 7.504275 8.809309 2.247474
xbest 20.00000 104.6142 0.8736141 16.42921 286.8285 44.37262 25.70012 7.504541 8.868128 2.244269
xbest 20.00027 104.5968 0.8739259 16.44479 286.8378 44.39319 25.67383 7.504186 8.887177 2.233880
xbest 20.00081 104.7774 0.8681709 16.45767 286.8392 44.39696 25.66145 7.504175 8.886990 2.231771
xbest 20.00046 105.6065 0.8881292 16.40848 286.8377 44.36029 25.68823 7.504703 8.888754 2.229162
xbest 20.00032 105.5951 0.8950668 16.41685 286.8381 44.35786 25.68270 7.505053 8.889599 2.228522
xbest 20.03314 102.2738 0.8793609 16.39773 286.7979 44.33777 26.07687 7.504533 8.875981 2.058140
xbest 20.03314 102.2738 0.9018609 16.39773 286.7979 44.33777 26.07687 7.504533 8.875981 2.058140
xbest 20.02713 100.4906 0.8755699 16.39391 286.7964 44.33948 26.12000 7.504541 8.891784 2.061084
xbest 20.02713 100.4906 0.8980699 17.16442 286.7964 44.33948 26.12000 7.504541 8.891784 2.061084
xbest 20.11898 102.0380 0.8699544 16.44415 286.7967 44.39645 26.10141 7.506347 8.823781 2.062198
xbest 20.00010 100.0924 0.9430016 17.19365 286.8315 44.44059 25.53714 7.505362 8.839416 2.265517
xbest 20.00010 100.0924 0.9430016 17.19365 286.8315 44.44059 25.53714 7.505362 8.842541 2.265517
xbest 20.00010 100.0924 0.9430016 17.19365 286.8315 44.44059 25.53714 7.505362 8.842541 2.265517

$time
elapsed elapsed elapsed elapsed elapsed elapsed elapsed elapsed elapsed elapsed elapsed elapsed elapsed elapsed elapsed elapsed elapsed elapsed elapsed elapsed elapsed elapsed elapsed elapsed 
   2.39    6.40    9.48   20.73   27.03   43.53   45.95  129.54  131.14  179.98  181.72  187.79  190.87  200.59  203.58  209.98  213.48  215.14  248.37  250.40  376.95 1154.86 1156.47 1168.25 

$neval
 [1]   106   262   398   849  1134  1832  1937  5453  5526  7565  7642  7916  8051  8453  8588  8863  9000  9073 10414 10505 15841 49528 49601 50007

$fbest
[1] 934.0122

$xbest
 [1]  20.0001041 100.0923975   0.9430016  17.1936505 286.8315101  44.4405874  25.5371391   7.5053619   8.8425411   2.2655172

$numeval
[1] 50007

$end_crit
[1] 1

$cpu_time
elapsed 
1168.25 

$Refset
$Refset$x
           [,1]        [,2]        [,3]      [,4]       [,5]      [,6]       [,7]       [,8]      [,9]    [,10]
 [1,]  20.00010   0.9430016 286.8315101 25.537139   8.842541  20.00010  0.9430016 286.831510 25.537139 8.842541
 [2,] 100.09240  17.1936505  44.4405874  7.505362   2.265517 100.09240 17.1936505  44.440587  7.505362 2.265517
 [3,]  20.00053 100.0621838   0.9157275 17.200262 286.831187  44.43584 25.5690332   7.504852  8.840911 2.266272
 [4,]  20.00040 100.0850759   0.8999426 17.193224 286.831612  44.43150 25.5431965   7.504790  8.849217 2.251068
 [5,]  20.01035 100.0910760   0.8970129 17.191372 286.831368  44.41754 25.5434535   7.502988  8.838818 2.256247
 [6,]  20.00556 100.0912959   0.8990630 17.190857 286.831419  44.41765 25.5435354   7.503319  8.839721 2.255690
 [7,]  20.00164 100.0000000   0.8960542 17.252711 286.832034  44.39296 25.5591398   7.506235  8.861597 2.243633
 [8,]  20.00182 100.1455697   0.8963517 17.245836 286.832037  44.39252 25.5604861   7.506246  8.861891 2.243570
 [9,]  20.00048 100.0691116   0.9055749 17.193317 286.831296  44.42871 25.5886271   7.504618  8.843175 2.265676
[10,]  20.00108 100.0657423   0.9010723 17.141708 286.830839  44.43324 25.5747070   7.505059  8.846129 2.264755
[11,]  20.00183 100.2420016   0.8980282 17.256935 286.830912  44.07623 25.5602462   7.421500  8.845422 2.239322
[12,]  20.00519 100.4567497   0.8685670 19.251877 286.831111  44.33857 25.5956451   7.507409  7.497505 2.609708

$Refset$f
 [1]  934.0122  934.0122  940.5816  941.6962  941.9427  941.9427  942.5399  942.6580  941.1580  947.2483 1028.3576 1029.2153

$Refset$fpen
 [1]  934.0122  934.0122  940.5816  941.6962  941.9427  941.9427  942.5399  942.6580  941.1580  947.2483 1028.3576 1029.2153

$Refset$const
           [,1]      [,2]      [,3]      [,4]     [,5]
 [1,]  8.351109 18.806350  2.516214 27.157459 1.506149
 [2,] 27.157459  1.506149  8.351109 18.806350 2.516214
 [3,]  8.359351 27.159089 18.799738  1.506109 2.518187
 [4,]  8.344007 27.150783 18.806776  1.506115 2.516935
 [5,]  8.352554 27.161182 18.808628  1.506122 2.517344
 [6,]  8.351136 27.160279 18.809143  1.506117 2.517364
 [7,]  8.391113 27.138403 18.747289  1.505993 2.519403
 [8,]  8.383944 27.138109 18.754164  1.505989 2.519501
 [9,]  8.350141 27.156825 18.806683  1.506048 2.519664
[10,]  8.295579 27.153871 18.858292  1.506128 2.518490
[11,]  8.411513 27.154578 18.743065  1.505710 2.530217
[12,] 11.754373 28.502495 16.748123  1.505941 2.523176

$Refset$penalty
 [1] 0 0 0 0 0 0 0 0 0 0 0 0


