$f
 [1] 11957.8906  2080.9219  1474.9983  1378.8750  1300.3837  1188.0747  1183.9583  1174.8160  1172.5486  1158.8837  1156.2691  1140.6771  1137.7639  1136.9549  1129.4115  1128.4444  1119.9253  1113.2049  1106.6667  1103.9861  1099.1163
[22]  1096.1215  1095.8177  1091.9983  1091.9792  1091.1771  1090.7882  1090.1910  1089.6979  1074.8351  1029.0000  1019.8264   970.9358   919.1545   918.4497   914.2656   914.1597   896.2986   896.2083   895.6372   894.7674   894.5920
[43]   893.9861   893.8889   893.8594   893.7205   893.0417   893.0278   892.8767   892.4358   892.0781   891.6771   891.4010   891.3993   891.1962   890.0712   889.9375   889.8889   889.6493   889.5903   889.5903

$x
          [,1]     [,2]      [,3]     [,4]     [,5]     [,6]     [,7]     [,8]     [,9]    [,10]
xbest 24.79000 337.0400 0.2529000 17.72000 285.5400 45.67000 29.49000 2.970000 2.000000 2.690000
xbest 20.00000 274.5451 0.2898802 15.67484 285.9899 35.87369 30.69914 4.286685 8.273452 3.139700
xbest 20.00000 294.5451 0.5308148 16.50000 286.2899 35.89466 29.39914 4.286685 9.129354 3.899700
xbest 20.00000 291.1994 0.1183454 15.00000 286.5745 45.78776 29.02570 6.095133 5.404230 4.492807
xbest 20.00000 286.1743 0.1256268 15.04398 286.5107 45.59804 29.19825 6.090383 5.982299 4.429183
xbest 22.40965 384.5809 0.1000000 15.90212 286.5382 37.59679 24.00000 2.578544 4.693988 4.375378
xbest 26.34955 269.6214 0.1139005 15.00000 286.5935 37.66599 24.00000 5.863849 5.604055 4.587155
xbest 21.91088 382.6599 0.1041949 15.99685 286.5565 37.62782 24.00000 2.562869 5.010492 4.433988
xbest 21.91088 382.6599 0.1041949 15.99685 286.5565 37.62782 24.00000 2.562869 5.004242 4.433988
xbest 21.44134 374.0098 0.1196720 16.46591 286.5498 37.35086 24.14700 2.409314 5.251426 2.960540
xbest 20.75981 375.8217 0.1575252 17.19571 286.5463 37.33893 24.56133 2.121970 5.210027 4.475908
xbest 20.49805 375.6858 0.1619649 17.60957 286.5464 37.34261 24.68486 2.199710 5.189789 4.954868
xbest 21.43375 373.8577 0.1191177 16.49354 286.5574 37.21776 24.16142 2.256248 5.292716 2.337381
xbest 21.38784 372.4810 0.1218335 16.57929 286.5435 37.58805 24.05921 2.330739 5.252072 3.798106
xbest 21.38903 372.7062 0.1205724 16.59016 286.5431 37.67462 24.05810 2.311943 5.255245 3.920115
xbest 21.35841 370.8856 0.1195632 16.47067 286.5495 37.28016 24.06392 2.236484 5.413143 2.101166
xbest 20.91159 374.9250 0.1399202 16.97619 286.5479 37.57130 24.21272 2.301839 5.232378 3.251698
xbest 20.81784 374.9250 0.1399202 16.97619 286.5666 37.57130 24.21272 2.352644 5.232378 3.251698
xbest 20.90105 375.9433 0.1330171 17.55588 286.5463 37.50328 24.21481 2.345910 4.737210 3.504099
xbest 20.86003 375.9433 0.1330171 17.55588 286.5463 37.50328 24.21481 2.345910 4.737210 3.504099
xbest 20.92541 375.6666 0.1335230 17.87888 286.5458 37.49955 24.20508 2.344686 4.445495 3.511401
xbest 20.92541 375.6666 0.1331714 17.87888 286.5270 37.49955 24.20508 2.344686 4.432995 3.511401
xbest 21.13106 332.9495 0.1461330 17.68654 286.5541 37.33864 24.02851 2.389429 6.001994 1.701376
xbest 21.13758 330.6788 0.1476833 17.68647 286.5576 37.33833 24.02867 2.389246 6.073691 1.882999
xbest 21.13759 330.2339 0.1483303 17.68182 286.5577 37.33835 24.02866 2.389246 6.081410 1.884117
xbest 21.13782 329.7389 0.1481810 17.68614 286.5579 37.33859 24.02865 2.389246 6.074546 1.884795
xbest 21.13902 330.1596 0.1484284 17.68001 286.5577 37.33881 24.02856 2.389244 6.065238 1.883302
xbest 21.14097 329.9563 0.1486579 17.67268 286.5579 37.33911 24.02868 2.389244 6.073871 1.883102
xbest 21.14097 329.9563 0.1484821 17.67268 286.5579 37.33911 24.02868 2.389244 6.070746 1.886070
xbest 20.96196 334.2240 0.1092343 17.37785 286.5825 38.04710 24.00000 4.942393 5.587331 2.250749
xbest 20.91734 342.5961 0.1386683 18.58364 286.5112 36.49884 24.58625 6.083328 4.467130 3.542804
xbest 20.91734 342.5961 0.1379652 18.58364 286.5112 36.49884 24.50500 6.070828 4.467130 3.536866
xbest 21.60352 299.6768 0.1019511 16.89371 286.5567 37.32097 24.00154 6.130217 5.941395 1.604595
xbest 21.60352 299.5986 0.1300761 16.89371 286.5473 37.32097 24.00154 6.130217 6.035145 1.652095
xbest 21.57291 292.3054 0.1226301 16.70963 286.5495 37.27998 24.01884 6.128106 6.490876 1.638759
xbest 21.57291 292.3054 0.1233333 16.70963 286.5495 37.27998 24.01884 6.128106 6.481501 1.644697
xbest 21.58701 290.4005 0.1215044 16.83772 286.5128 37.18614 24.05442 6.127863 6.473824 1.645440
xbest 21.58701 289.4630 0.1411919 16.83772 286.5128 37.18614 24.07473 6.127863 6.473824 1.654346
xbest 21.45548 291.5231 0.1281765 16.89027 286.5210 37.21882 24.04955 6.129251 6.457949 1.654419
xbest 21.47791 289.5409 0.1276076 16.97191 286.5203 37.23214 24.01771 6.130025 6.456903 1.659029
xbest 21.50447 289.8783 0.1292726 16.90582 286.5181 37.21233 24.05717 6.128987 6.462712 1.651693
xbest 21.50624 289.3907 0.1292694 16.92168 286.5182 37.21279 24.05693 6.128743 6.468393 1.652321
xbest 21.49536 289.1860 0.1295614 16.94078 286.5181 37.21254 24.05738 6.129113 6.467505 1.651523
xbest 21.49225 288.4568 0.1297272 16.96667 286.5181 37.21270 24.05855 6.129274 6.478330 1.651631
xbest 21.48835 288.7928 0.1294981 16.95670 286.5179 37.21276 24.05752 6.128964 6.474298 1.651686
xbest 21.49307 288.3567 0.1295952 16.96943 286.5180 37.21270 24.05857 6.129196 6.477512 1.651649
xbest 21.49260 287.7858 0.1297371 16.98859 286.5181 37.21476 24.05862 6.129490 6.485782 1.651605
xbest 21.49560 286.5686 0.1299581 17.05190 286.5178 37.21521 24.06116 6.129563 6.499458 1.650832
xbest 21.50124 287.2958 0.1297752 17.00481 286.5185 37.21493 24.05895 6.129242 6.489170 1.652399
xbest 21.49495 285.9358 0.1300811 17.06837 286.5177 37.21516 24.06260 6.129589 6.500697 1.650755
xbest 21.49105 282.8284 0.1301638 17.15930 286.5175 37.21556 24.05924 6.129887 6.573267 1.647822
xbest 21.48990 282.7095 0.1301602 17.16297 286.5175 37.21557 24.05923 6.129856 6.573749 1.647830
xbest 21.49311 282.6832 0.1297004 17.18764 286.5171 37.21432 24.05743 6.129536 6.554304 1.648674
xbest 21.49261 285.3395 0.1295348 17.06199 286.5177 37.21363 24.05908 6.129473 6.540005 1.649655
xbest 21.49261 285.3200 0.1295348 17.06199 286.5177 37.21363 24.05908 6.129498 6.540005 1.649655
xbest 21.49490 280.1366 0.1303022 17.33541 286.5175 37.21545 24.05951 6.129823 6.552043 1.648705
xbest 21.49102 283.5595 0.1434847 17.17429 286.5171 37.21326 24.05919 6.129079 6.535769 1.648260
xbest 21.49378 283.5143 0.1444990 17.16180 286.5171 37.21258 24.05993 6.129296 6.547871 1.648583
xbest 21.49473 283.4830 0.1448065 17.15943 286.5171 37.21255 24.06008 6.129423 6.553747 1.648534
xbest 21.49597 283.4829 0.1454300 17.15839 286.5172 37.21247 24.06050 6.129394 6.555116 1.648498
xbest 21.49597 283.4829 0.1454300 17.15839 286.5172 37.21247 24.06050 6.129394 6.555116 1.648498

$time
elapsed elapsed elapsed elapsed elapsed elapsed elapsed elapsed elapsed elapsed elapsed elapsed elapsed elapsed elapsed elapsed elapsed elapsed elapsed elapsed elapsed elapsed elapsed elapsed elapsed elapsed elapsed elapsed elapsed elapsed 
   2.59    7.20    9.93   17.26   23.75   30.33   37.29   40.48   45.26   48.45   51.62   54.83   58.70   61.83   64.92   74.09   77.18   79.28  111.12  112.95  132.78  148.00  175.12  190.58  217.39  226.06  232.37  248.51  253.50  259.81 
elapsed elapsed elapsed elapsed elapsed elapsed elapsed elapsed elapsed elapsed elapsed elapsed elapsed elapsed elapsed elapsed elapsed elapsed elapsed elapsed elapsed elapsed elapsed elapsed elapsed elapsed elapsed elapsed elapsed elapsed 
 269.92  288.53  316.81  323.08  392.18  394.18  476.26  479.31  623.42  638.14  644.48  657.70  668.78  691.62  708.70  714.90  718.86  739.51  768.78  784.73  805.61  821.26  851.20  858.20  859.97  931.50 1054.68 1059.47 1072.25 1079.26 
elapsed 
1175.92 

$neval
 [1]   106   284   409   702   992  1280  1562  1703  1918  2058  2201  2341  2482  2618  2754  3159  3294  3388  4731  4811  5656  6288  7360  7976  9060  9409  9677 10351 10569 10838 11245 12018 13233 13481 16343 16431 20134 20235 26352
[40] 26970 27244 27790 28266 29213 29974 30250 30392 31275 32582 33266 34155 34842 36139 36414 36493 39500 44937 45147 45699 45974 50033

$fbest
[1] 889.5903

$xbest
 [1]  21.495970 283.482862   0.145430  17.158392 286.517195  37.212471  24.060502   6.129394   6.555116   1.648498

$numeval
[1] 50033

$end_crit
[1] 1

$cpu_time
elapsed 
1175.92 

$Refset
$Refset$x
          [,1]     [,2]      [,3]     [,4]     [,5]     [,6]     [,7]     [,8]     [,9]    [,10]
 [1,] 21.49347 283.4570 0.1452206 17.16179 286.5170 37.21251 24.06010 6.129304 6.554287 1.648504
 [2,] 21.49358 283.4501 0.1452484 17.16251 286.5170 37.21253 24.05974 6.129325 6.554412 1.648491
 [3,] 21.49358 283.4428 0.1452308 17.16195 286.5170 37.21312 24.05934 6.129316 6.554878 1.649848
 [4,] 21.49377 283.4227 0.1452274 17.16497 286.5170 37.21278 24.05956 6.129336 6.553415 1.649412
 [5,] 21.49391 283.4582 0.1451757 17.16307 286.5170 37.21213 24.05883 6.129094 6.553842 1.650460
 [6,] 21.49194 283.4168 0.1447027 17.16579 286.5168 37.21254 24.06245 6.129227 6.552719 1.649731
 [7,] 21.49389 283.5051 0.1450293 17.16159 286.5163 37.21254 24.05914 6.129735 6.549920 1.648697
 [8,] 21.49355 283.5324 0.1445312 17.17878 286.5171 37.21308 24.05840 6.129433 6.551646 1.648896
 [9,] 21.48132 282.9653 0.1447652 17.24759 286.5222 37.21338 24.05871 6.128236 6.542226 1.660943
[10,] 21.46548 283.7791 0.1490385 17.14806 286.5126 37.20310 24.06983 6.128227 6.556752 1.649732
[11,] 21.48242 280.0545 0.1463823 17.52013 286.5173 37.15528 24.10364 6.134757 6.557268 1.622665
[12,] 21.45385 278.6922 0.1393341 17.24347 286.5115 37.14965 24.01497 6.173712 6.554215 1.875893

$Refset$f
 [1]  889.6493  889.6493  889.6493  889.6493  889.6493  889.9705  890.6632  890.0017  890.0503  894.0486  942.5521 1081.0521

$Refset$fpen
 [1]  889.6493  889.6493  889.6493  889.6493  889.6493  889.9705  890.6632  890.0017  890.0503  894.0486  942.5521 1081.0521

$Refset$const
          [,1]     [,2]     [,3]     [,4]     [,5]
 [1,] 10.60750 29.44571 18.83821 1.531870 2.600392
 [2,] 10.60810 29.44559 18.83749 1.531872 2.600364
 [3,] 10.60707 29.44512 18.83805 1.531868 2.600321
 [4,] 10.61155 29.44658 18.83503 1.531872 2.600339
 [5,] 10.60923 29.44616 18.83693 1.531870 2.600325
 [6,] 10.61307 29.44728 18.83421 1.531888 2.600493
 [7,] 10.61167 29.45008 18.83841 1.531949 2.600066
 [8,] 10.62713 29.44835 18.82122 1.531867 2.600262
 [9,] 10.70537 29.45777 18.75241 1.531323 2.602064
[10,] 10.59131 29.44325 18.85194 1.532298 2.600068
[11,] 10.96287 29.44273 18.47987 1.531635 2.606679
[12,] 10.68925 29.44579 18.75653 1.532467 2.598126

$Refset$penalty
 [1] 0 0 0 0 0 0 0 0 0 0 0 0


