$f
 [1] 22597.0174  1475.6701   359.1076   334.7170   285.1615   268.5156   256.1163   220.4965   194.7795   183.7101   182.6597   181.0451   177.6528   177.0017   176.6337   176.5816   174.6302   173.6389   173.0069   172.7066   172.6441
[22]   172.5990   171.3281   170.1684   166.4219   164.4722   159.4271   157.9549   157.2778   156.5694   156.3108   150.9097   137.4479   133.8785   125.3628   121.3924   120.1198   116.1806   115.6840   115.2691   115.0764   114.1649
[43]   107.1233   100.3247   100.3247

$x
          [,1]     [,2]      [,3]     [,4]     [,5]     [,6]     [,7]     [,8]     [,9]    [,10]
xbest 24.79000 337.0400 0.2529000 17.72000 285.5400 45.67000 29.49000 2.970000 2.000000 2.690000
xbest 20.00000 336.9928 0.1000000 17.40039 286.5084 46.50146 24.00000 3.236428 2.000000 2.489872
xbest 20.00000 246.9928 0.1000000 17.40039 286.6584 46.30146 24.00000 3.236428 3.550000 2.489872
xbest 20.00000 217.7263 0.1000000 18.16641 286.8508 46.78279 24.77511 2.585817 4.549981 3.590801
xbest 20.00000 182.8284 0.1000000 18.77284 286.8787 47.29330 25.10319 2.000000 5.725507 3.523024
xbest 20.00000 182.0740 0.1000000 18.90321 286.8697 47.31436 25.50173 2.000508 5.722062 3.946980
xbest 20.00000 171.3432 0.1005381 19.34199 286.8784 47.90619 25.53959 2.072490 5.857726 3.939737
xbest 20.00000 132.8179 0.1012308 21.20832 286.8854 48.00000 26.25839 2.000000 6.714359 3.996777
xbest 20.00000 132.8179 0.1000000 21.20832 286.8854 47.98750 25.77089 2.603125 6.714359 3.996777
xbest 20.00000 122.1052 0.1003186 18.94091 286.9153 47.56185 25.15564 2.059901 9.278108 3.688877
xbest 20.00000 122.6374 0.1002954 18.87027 286.9023 47.63922 25.09919 2.088527 9.263890 3.860135
xbest 20.00000 119.0781 0.1002963 18.95688 286.9250 47.56641 25.16482 2.062099 9.461393 3.687256
xbest 20.00000 119.0781 0.1009995 18.95688 286.9063 47.56641 25.16482 2.137099 9.461393 3.687256
xbest 20.00000 123.5875 0.1003184 18.99134 286.8802 47.99948 25.18057 2.198662 9.017991 3.788108
xbest 20.00000 123.5875 0.1000000 18.99134 286.8802 47.99948 25.18057 2.223662 9.017991 3.788108
xbest 20.24193 184.7936 0.1038521 18.45133 286.7181 38.21735 25.45840 2.222339 7.703867 2.844379
xbest 20.24193 184.7936 0.1038521 18.45133 286.7556 38.21735 25.62090 2.072339 7.704063 2.844379
xbest 20.03371 110.3063 0.1035301 19.98551 286.8454 47.91221 25.49848 2.223330 9.059940 3.923774
xbest 20.03371 110.3063 0.1035301 19.98551 286.8454 47.91221 25.45785 2.248330 9.059940 3.923774
xbest 20.03396 111.0524 0.1032414 19.89591 286.8478 47.93802 25.47603 2.220162 9.084270 3.949427
xbest 20.03396 111.0524 0.1032414 19.89591 286.8478 47.93802 25.47603 2.195162 9.084270 3.949427
xbest 20.00000 108.4658 0.1000000 19.89289 286.8546 48.00000 25.00818 2.256315 9.367549 3.983927
xbest 20.00000 108.4658 0.1000000 19.89289 286.8546 48.00000 25.00818 2.256315 9.361299 3.983927
xbest 20.13637 171.5552 0.1017996 18.53098 286.6678 36.89010 25.42567 2.120934 8.548859 3.506199
xbest 20.13637 171.5552 0.1017996 18.53098 286.6865 37.29010 25.10067 2.000000 8.548859 3.506199
xbest 20.31779 163.4125 0.1144741 18.72127 286.7101 37.72312 25.65884 4.109988 8.534843 2.879794
xbest 20.31779 163.7250 0.1000000 18.72127 286.6351 37.72312 25.65884 4.109988 8.534843 2.879794
xbest 20.31736 161.2212 0.1162283 18.76199 286.7076 37.84034 25.28252 4.083991 8.559948 3.358179
xbest 20.31736 161.2212 0.1162283 18.76199 286.7076 37.84034 25.32315 4.071491 8.559948 3.358179
xbest 20.32046 161.2417 0.1162118 18.77653 286.7137 37.81899 25.28198 4.189715 8.547703 3.369860
xbest 20.32046 161.2417 0.1162118 18.77653 286.7137 37.81899 25.28198 4.177215 8.541453 3.369860
xbest 20.08857 165.9241 0.1119621 18.80796 286.6356 36.48153 25.37575 5.395141 8.386788 3.274676
xbest 20.08857 167.1741 0.1000000 18.80796 286.5747 36.38153 25.37575 5.395141 8.349288 3.274676
xbest 20.00651 165.6232 0.1115744 18.80975 286.6377 36.22457 25.38953 6.092311 8.305313 3.223470
xbest 20.00651 165.6232 0.1117502 18.81561 286.6940 36.22457 25.38953 6.094655 8.305313 3.223470
xbest 20.06386 163.1751 0.1150724 18.78229 286.6511 36.82420 25.39423 6.112482 8.180916 3.208882
xbest 20.06844 163.1449 0.1144410 18.78614 286.6409 36.74978 25.34947 6.101239 8.378218 3.223432
xbest 20.06844 163.1449 0.1144410 18.78761 286.6596 36.74978 25.26822 6.101239 8.378218 3.223432
xbest 20.08067 162.7119 0.1142471 18.80982 286.6450 36.64855 25.35366 6.101731 8.424710 3.226862
xbest 20.07869 162.6781 0.1142742 18.81397 286.6447 36.64401 25.35392 6.102537 8.424580 3.226930
xbest 20.08070 162.6042 0.1142739 18.83227 286.6453 36.63700 25.34494 6.102882 8.423718 3.226814
xbest 20.08070 162.6042 0.1137466 18.83227 286.6453 36.73700 25.26369 6.102882 8.423718 3.226814
xbest 20.15688 163.5879 0.1000000 18.75223 286.6486 36.60586 25.50187 6.819070 8.065506 3.222286
xbest 20.15688 163.5879 0.1014063 18.72879 286.6486 36.60586 25.46125 6.819070 8.103006 3.222286
xbest 20.15688 163.5879 0.1014063 18.72879 286.6486 36.60586 25.46125 6.819070 8.103006 3.222286

$time
elapsed elapsed elapsed elapsed elapsed elapsed elapsed elapsed elapsed elapsed elapsed elapsed elapsed elapsed elapsed elapsed elapsed elapsed elapsed elapsed elapsed elapsed elapsed elapsed elapsed elapsed elapsed elapsed elapsed elapsed 
   2.30    7.44   10.14   23.83   26.91   33.18   36.83   39.99   45.08   68.24   74.24   77.36   79.24   85.41  111.63  171.24  173.18  206.74  208.46  284.60  287.13  359.27  361.78  371.71  399.00  764.05  766.18  840.36  842.24  864.47 
elapsed elapsed elapsed elapsed elapsed elapsed elapsed elapsed elapsed elapsed elapsed elapsed elapsed elapsed elapsed 
 875.72  965.55  968.35 1000.44 1006.71 1032.78 1039.64 1041.63 1070.41 1073.88 1077.36 1079.44 1137.91 1140.83 1261.14 

$neval
 [1]   106   279   397  1001  1144  1430  1573  1719  1960  2933  3207  3346  3434  3710  4863  7565  7657  9124  9203 12337 12414 15103 15177 15583 16622 30545 30630 33473 33551 34497 34978 38521 38631 39840 40073 41151 41428 41511 42607
[40] 42743 42881 42968 45145 45238 50049

$fbest
[1] 100.3247

$xbest
 [1]  20.1568776 163.5878936   0.1014063  18.7287905 286.6485884  36.6058614  25.4612462   6.8190700   8.1030064   3.2222864

$numeval
[1] 50049

$end_crit
[1] 1

$cpu_time
elapsed 
1261.14 

$Refset
$Refset$x
          [,1]     [,2]      [,3]     [,4]     [,5]     [,6]     [,7]     [,8]     [,9]    [,10]
 [1,] 20.08618 166.8450 0.1069430 18.67520 286.5827 36.51113 25.88214 6.105069 8.360951 3.408118
 [2,] 20.08987 164.6318 0.1093481 18.68478 286.5960 36.58182 25.61777 6.105120 8.397962 3.401742
 [3,] 20.08693 165.3956 0.1078022 18.72032 286.6177 36.58719 25.85972 6.104635 8.363813 3.372471
 [4,] 20.08594 165.6571 0.1075887 18.74707 286.6096 36.55455 25.97037 6.102471 8.351278 3.422517
 [5,] 20.08653 166.0830 0.1076700 18.65975 286.5937 36.59514 25.76718 6.105069 8.377965 3.291682
 [6,] 20.09185 164.7051 0.1083705 18.74098 286.6407 36.78163 25.10198 6.107945 8.387560 3.186542
 [7,] 20.08978 164.5053 0.1079808 18.80105 286.6402 36.61163 25.30832 6.105965 8.384105 3.224385
 [8,] 20.08416 165.3852 0.1070132 18.70839 286.6108 36.56337 25.84023 6.106766 8.372654 3.343982
 [9,] 20.08883 164.5249 0.1084056 18.76348 286.6426 36.65074 25.33614 6.107414 8.383867 3.197979
[10,] 20.08978 164.4860 0.1079867 18.80279 286.6402 36.61162 25.30902 6.105964 8.386798 3.223950
[11,] 20.09043 164.4916 0.1082956 18.76875 286.6425 36.65536 25.33365 6.108280 8.384352 3.198356
[12,] 20.08729 164.4674 0.1082669 18.77106 286.6426 36.65409 25.34086 6.107327 8.385983 3.202211

$Refset$f
 [1] 102.3819 103.0087 103.2031 102.5486 104.6406 107.1979 107.5625 107.0833 107.6493 107.8733 107.6858 107.6858

$Refset$fpen
 [1] 102.3819 103.0087 103.2031 102.5486 104.6406 107.1979 107.5625 107.0833 107.6493 107.8733 107.6858 107.6858

$Refset$const
          [,1]     [,2]     [,3]     [,4]     [,5]
 [1,] 10.31425 27.63905 17.32480 1.516984 2.813634
 [2,] 10.28681 27.60204 17.31522 1.516689 2.791411
 [3,] 10.35651 27.63619 17.27968 1.513225 2.820910
 [4,] 10.39579 27.64872 17.25293 1.513623 2.829460
 [5,] 10.28179 27.62203 17.34025 1.516410 2.802677
 [6,] 10.35342 27.61244 17.25902 1.514081 2.753133
 [7,] 10.41694 27.61590 17.19895 1.512907 2.780427
 [8,] 10.33574 27.62735 17.29161 1.514042 2.817884
 [9,] 10.37961 27.61613 17.23652 1.512630 2.781452
[10,] 10.41599 27.61320 17.19721 1.512907 2.780477
[11,] 10.38440 27.61565 17.23125 1.512661 2.780931
[12,] 10.38508 27.61402 17.22894 1.512621 2.781655

$Refset$penalty
 [1] 0 0 0 0 0 0 0 0 0 0 0 0


