$f
 [1] 3665.8594 1500.0313  943.5052  895.7795  810.7378  801.1719  753.3351  750.3490  715.0712  713.8073  713.2986  711.9983  709.1545  708.4045  708.2222  708.1615  707.4531  706.7378  706.3576  705.9757  704.3194  704.0139  668.1927
[24]  641.9601  639.4809  624.7726  623.0521  619.9566  619.7465  619.5330  619.3420  618.5937  618.3385  617.9774

$x
          [,1]     [,2]      [,3]     [,4]     [,5]     [,6]     [,7]     [,8]     [,9]    [,10]
xbest 21.65983 206.6117 0.8054265 26.31914 286.3810 40.38424 31.02057 4.620027 7.513541 4.771882
xbest 24.77687 135.3629 0.9951220 24.52826 286.5830 43.03856 31.21526 4.330258 7.807012 4.835633
xbest 20.18750 134.1129 0.2012500 24.52826 286.5830 42.83856 33.73401 4.386508 7.732012 4.905000
xbest 21.91005 227.8348 0.1000000 22.47726 286.3825 42.12930 31.25435 4.565149 3.936949 3.450039
xbest 21.91618 227.5019 0.1000000 22.40801 286.2122 42.23438 31.12161 4.508550 3.585367 3.400407
xbest 21.91913 228.8053 0.1082617 22.40648 286.2133 42.17412 31.20480 4.509983 3.809801 3.405403
xbest 21.91913 228.8053 0.1000000 22.40648 286.2122 42.17412 31.36730 4.509983 3.734801 3.405403
xbest 21.47893 229.8294 0.1072267 21.10525 286.2017 42.42716 31.23631 4.696209 4.676200 2.688857
xbest 21.10393 229.8294 0.1072267 21.10525 286.2064 42.52716 31.23631 4.683709 4.704325 2.676982
xbest 21.56403 224.2391 0.1086588 21.05030 286.2134 42.50312 31.41562 4.679067 4.670590 2.659343
xbest 21.56403 224.0829 0.1086588 21.05030 286.2134 42.50312 31.41562 4.679067 4.667465 2.659343
xbest 21.64724 228.8112 0.1002442 21.20271 286.2083 42.37799 31.43036 4.673369 4.376841 2.636243
xbest 21.56312 227.0587 0.1018586 21.22446 286.2085 42.45093 31.37882 4.670510 4.519277 2.644327
xbest 21.56356 227.2191 0.1016975 21.19897 286.2091 42.43549 31.36189 4.668992 4.527471 2.648067
xbest 21.56579 227.7500 0.1023979 21.18901 286.2077 42.42780 31.34641 4.667277 4.517211 2.656951
xbest 21.74374 224.7759 0.1000000 21.10375 286.2138 42.45536 31.44567 4.683077 4.594507 2.596404
xbest 21.74374 224.7759 0.1000000 21.10375 286.2138 42.45536 31.40505 4.683077 4.594507 2.596404
xbest 21.60897 226.1917 0.1010469 21.11745 286.2029 42.45618 31.29105 4.674974 4.597221 2.688095
xbest 21.60897 226.1917 0.1010469 21.11745 286.2029 42.45618 31.33167 4.674974 4.597221 2.688095
xbest 21.66711 226.0797 0.1000000 21.09225 286.1998 42.45551 31.25954 4.674982 4.601183 2.693486
xbest 21.67562 226.0554 0.1000000 21.05826 286.1958 42.46634 31.22124 4.675386 4.629229 2.696602
xbest 21.67562 226.0749 0.1000000 21.05826 286.1958 42.46634 31.22124 4.675386 4.629229 2.696602
xbest 21.87566 219.1759 0.1026897 20.96434 286.1983 40.80631 31.17727 6.289701 4.562318 2.693610
xbest 21.87566 219.1759 0.1000000 20.95849 286.1983 40.80631 31.33977 6.289701 4.462318 2.693610
xbest 20.06646 286.5834 0.1000902 18.48009 286.1991 42.50785 31.26274 5.910621 4.767439 2.828730
xbest 20.00000 286.5834 0.1000000 18.48009 286.2003 42.50785 31.26274 5.910621 4.768220 2.840605
xbest 20.02455 287.2895 0.1016212 18.27909 286.1965 42.42953 31.29542 5.910509 4.636754 2.882270
xbest 20.02455 287.2895 0.1015333 18.28202 286.1965 42.42953 31.25480 5.910509 4.636754 2.882270
xbest 20.03168 287.1679 0.1016572 18.31058 286.2026 42.42999 31.34597 5.915480 4.649107 2.853606
xbest 20.02938 287.2136 0.1016416 18.30033 286.1982 42.43112 31.31076 5.911447 4.629448 2.873186
xbest 20.03106 287.1238 0.1016704 18.30806 286.2028 42.42926 31.34791 5.915373 4.637331 2.852557
xbest 20.03109 286.6155 0.1016780 18.33797 286.2027 42.42917 31.33849 5.907372 4.640290 2.856852
xbest 20.03109 286.6350 0.1016780 18.33797 286.2027 42.42917 31.33849 5.907372 4.640290 2.856852
xbest 20.03109 286.6350 0.1016780 18.33797 286.2027 42.42917 31.33849 5.907372 4.637165 2.856852

$time
elapsed elapsed elapsed elapsed elapsed elapsed elapsed elapsed elapsed elapsed elapsed elapsed elapsed elapsed elapsed elapsed elapsed elapsed elapsed elapsed elapsed elapsed elapsed elapsed elapsed elapsed elapsed elapsed elapsed elapsed 
   2.03    5.64    9.14   28.01   30.93   40.76   42.73  102.70  105.03  163.32  165.95  168.92  181.12  184.07  193.45  196.32  198.01  234.10  235.71  248.87  254.78  267.84  312.25  314.92  979.01  981.10 1055.93 1057.76 1104.76 1110.06 
elapsed elapsed elapsed elapsed 
1118.87 1128.35 1139.25 1141.07 

$neval
 [1]   106   269   438  1289  1423  1846  1939  4489  4594  7187  7271  7407  7960  8097  8508  8645  8723 10346 10419 10968 11245 11858 13753 13846 43027 43124 46437 46522 48580 48784 49189 49597 50071 50072

$fbest
[1] 617.9774

$xbest
 [1]  20.031085 286.635019   0.101678  18.337967 286.202653  42.429167  31.338494   5.907372   4.637165   2.856852

$numeval
[1] 50072

$end_crit
[1] 1

$cpu_time
elapsed 
1141.07 

$Refset
$Refset$x
           [,1]        [,2]        [,3]      [,4]       [,5]      [,6]       [,7]       [,8]      [,9]    [,10]
 [1,]  20.03109   0.1016780 286.2026527 31.338494   4.640290  20.03109  0.1016780 286.202653 31.338494 4.640290
 [2,] 286.63502  18.3379669  42.4291670  5.907372   2.856852 286.63502 18.3379669  42.429167  5.907372 2.856852
 [3,]  20.02938 287.2136419   0.1016416 18.300331 286.198210  42.43112 31.3107648   5.911447  4.629448 2.873186
 [4,]  20.03083 287.1966278   0.1016747 18.305759 286.202644  42.42946 31.3459426   5.914827  4.639172 2.854493
 [5,]  20.03168   0.1016572 286.2025877 31.345974   4.649107  20.03168  0.1016572 286.202588 31.345974 4.649107
 [6,] 287.16789  18.3105846  42.4299937  5.915480   2.853606 287.16789 18.3105846  42.429994  5.915480 2.853606
 [7,]  20.03305 286.5099816   0.1016470 18.318700 286.201413  42.43176 31.3402672   5.915047  4.656218 2.855552
 [8,]  20.03652 287.5525301   0.1016590 18.298201 286.198601  42.43043 31.3023685   5.913426  4.637716 2.871135
 [9,]  20.03307 286.7517520   0.1016489 18.320848 286.200427  42.44605 31.3160124   5.915310  4.641874 2.850325
[10,]  20.01571 287.2404777   0.1010774 18.467480 286.203122  42.41408 31.3015642   5.876386  4.677686 2.975672
[11,]  20.07972 291.0110648   0.1001248 18.556074 286.198461  42.42939 31.2751414   4.673958  4.886077 2.684915
[12,]  20.04864 292.8980974   0.1008491 18.670346 286.490656  44.29895 24.0212224   5.600890  4.682827 1.826260

$Refset$f
 [1] 618.3385 618.3385 619.5330 619.2292 619.7465 619.7465 620.0069 620.1476 619.3785 627.5399 669.3524 721.3056

$Refset$fpen
 [1] 618.3385 618.3385 619.5330 619.2292 619.7465 619.7465 620.0069 620.1476 619.3785 627.5399 669.3524 721.3056

$Refset$const
          [,1]      [,2]      [,3]      [,4]     [,5]
 [1,] 13.69768 17.662033  2.769711 31.359710 1.557787
 [2,] 31.35971  1.557787 13.697677 17.662033 2.769711
 [3,] 13.67088 31.370552 17.699669  1.558396 2.766012
 [4,] 13.66659 31.360828 17.694241  1.557769 2.770255
 [5,] 13.66148 17.689415  2.770208 31.350893 1.557776
 [6,] 31.35089  1.557776 13.661477 17.689415 2.770208
 [7,] 13.66248 31.343782 17.681300  1.557935 2.769282
 [8,] 13.66048 31.362284 17.701799  1.558370 2.765548
 [9,] 13.67897 31.358126 17.679152  1.558147 2.766323
[10,] 13.78979 31.322314 17.532520  1.557801 2.767921
[11,] 13.67000 31.113923 17.443926  1.558458 2.763508
[12,] 13.98752 31.317173 17.329654  1.539700 2.318622

$Refset$penalty
 [1] 0 0 0 0 0 0 0 0 0 0 0 0


