$f
 [1] 2226.8108  953.9219  438.5816  419.8854  388.9010  315.1389  305.7222  294.0955  273.5764  258.7274  249.3021  247.3021  246.3733  245.8090  245.2153  245.0399  244.1997  243.9045  242.1962  241.2274  240.7552  231.2795  229.4010
[24]  228.8802  228.6823  228.4601  228.4288  228.2708  228.1823  228.1319  227.9427  227.9427

$x
          [,1]     [,2]      [,3]     [,4]     [,5]     [,6]     [,7]     [,8]     [,9]    [,10]
xbest 21.07492 327.5898 0.1911926 15.06047 286.4027 42.56632 26.27399 2.126477 3.288974 4.213235
xbest 20.00000 231.3265 0.2896346 18.29571 286.5668 42.81874 26.81910 2.228460 8.942499 2.917216
xbest 20.00000 231.3265 0.1000000 18.29571 286.5574 41.21874 26.90035 2.000000 8.942499 3.107216
xbest 20.01331 294.4852 0.1012712 19.78814 286.2948 37.45987 24.00000 2.296118 6.220977 1.297757
xbest 20.07659 296.5713 0.1000000 20.25596 286.4294 36.16274 24.03602 2.423499 5.943861 1.232379
xbest 20.10041 305.3129 0.1000000 21.72863 286.4111 30.37932 24.02433 2.453340 5.633726 1.240262
xbest 20.00900 284.4637 0.1000250 17.95821 286.4053 29.78042 24.00206 2.077615 8.997864 1.607627
xbest 20.04370 304.3544 0.1000021 20.06853 286.4099 29.95448 24.03358 2.306825 6.890375 1.456703
xbest 20.00000 304.3544 0.1000021 20.06853 286.5599 30.00602 24.03358 2.306825 6.890375 1.603588
xbest 20.19245 298.8271 0.1000019 20.01856 286.4174 29.93536 24.05306 2.325825 6.948519 1.407659
xbest 20.14844 299.0277 0.1000011 20.01467 286.4121 29.93621 24.04422 2.339984 6.916325 1.392197
xbest 20.07473 298.6717 0.1000014 20.01884 286.4172 29.93615 24.03889 2.348698 6.931083 1.391496
xbest 20.06744 298.7266 0.1000013 20.01928 286.4171 29.93613 24.04014 2.346580 6.930325 1.391080
xbest 20.12135 298.8508 0.1000009 20.01670 286.4185 29.93456 24.06194 2.332061 6.934096 1.692884
xbest 20.11549 298.8508 0.1000009 20.01670 286.4185 29.93456 24.06194 2.332061 6.934096 1.692884
xbest 20.00656 300.6069 0.1000017 20.00098 286.4283 29.94526 24.12050 2.335374 6.960047 1.612078
xbest 20.00717 300.2821 0.1000017 20.00334 286.4268 29.94470 24.11205 2.334016 6.961989 1.626062
xbest 20.01592 302.0031 0.1001991 19.92631 286.4177 29.82233 24.09884 2.346877 6.948194 1.647173
xbest 20.00000 302.0031 0.1001991 19.92631 286.4177 29.82233 24.09884 2.346877 6.948194 1.647173
xbest 20.01268 302.3461 0.1002865 19.90592 286.4178 29.81521 24.11280 2.349054 6.943771 1.649198
xbest 20.01268 302.3461 0.1000000 19.90592 286.4178 29.81521 24.11280 2.349054 6.943771 1.649198
xbest 20.01330 293.8590 0.1000749 19.16348 286.4506 29.92411 24.26691 2.330418 7.746648 1.439046
xbest 20.00740 293.8590 0.1000000 19.16348 286.4506 29.92411 24.25668 2.380418 7.746648 1.534785
xbest 20.01428 293.4753 0.1002489 19.23073 286.4811 29.81490 24.52478 2.367098 7.753788 1.524307
xbest 20.01428 293.4753 0.1002489 19.23073 286.4811 29.81490 24.52478 2.360848 7.753788 1.524307
xbest 20.01428 293.3947 0.1002475 19.23094 286.4813 29.81437 24.52478 2.367064 7.755262 1.523493
xbest 20.01428 293.3667 0.1002480 19.23087 286.4812 29.81453 24.52484 2.367156 7.754759 1.523690
xbest 20.01429 293.4021 0.1002483 19.22971 286.4810 29.81471 24.52486 2.367440 7.755470 1.523388
xbest 20.01763 293.4044 0.1002562 19.23023 286.4815 29.81295 24.52484 2.366947 7.755135 1.522483
xbest 20.01763 293.4044 0.1002562 19.23023 286.4815 29.81295 24.52484 2.360697 7.755135 1.522483
xbest 20.00852 293.3611 0.1002321 19.23034 286.4818 29.81403 24.52476 2.365966 7.756667 1.522124
xbest 20.00852 293.3611 0.1002321 19.23034 286.4818 29.81403 24.52476 2.365966 7.756667 1.522124

$time
elapsed elapsed elapsed elapsed elapsed elapsed elapsed elapsed elapsed elapsed elapsed elapsed elapsed elapsed elapsed elapsed elapsed elapsed elapsed elapsed elapsed elapsed elapsed elapsed elapsed elapsed elapsed elapsed elapsed elapsed 
   2.21    6.07    8.55   19.41   22.77   26.85   39.28   42.47   44.72   55.16   58.42   68.33   74.46  119.42  121.14  137.16  143.27  208.61  210.28  222.78  244.30  551.42  553.71 1130.41 1132.07 1145.19 1151.41 1154.55 1164.10 1165.82 
elapsed elapsed 
1172.92 1174.77 

$neval
 [1]   106   267   378   828   977  1129  1683  1823  1921  2339  2479  2885  3159  5135  5209  5886  6151  8939  9013  9558 10444 23554 23656 48309 48383 48927 49199 49335 49751 49825 50101 50102

$fbest
[1] 227.9427

$xbest
 [1]  20.0085226 293.3611339   0.1002321  19.2303427 286.4817882  29.8140313  24.5247635   2.3659659   7.7566674   1.5221239

$numeval
[1] 50102

$end_crit
[1] 1

$cpu_time
elapsed 
1174.77 

$Refset
$Refset$x
           [,1]        [,2]        [,3]      [,4]       [,5]      [,6]       [,7]       [,8]      [,9]    [,10]
 [1,]  20.01763   0.1002562 286.4814877 24.524836   7.755135  20.01763  0.1002562 286.481488 24.524836 7.755135
 [2,] 293.40442  19.2302301  29.8129496  2.360697   1.522483 293.40442 19.2302301  29.812950  2.360697 1.522483
 [3,]  20.00836 293.1894424   0.1002119 19.232164 286.480705  29.81407 24.5247923   2.366579  7.760301 1.517562
 [4,]  20.01468 293.3390376   0.1002488 19.230947 286.480939  29.81447 24.5247503   2.367290  7.755968 1.523031
 [5,]  20.01083 293.0661994   0.1002431 19.233241 286.482031  29.81392 24.5246444   2.366293  7.765025 1.523271
 [6,]  20.01335 293.3594824   0.1002815 19.230917 286.481026  29.81546 24.5246362   2.373197  7.756126 1.523842
 [7,]  20.01484 293.3899202   0.1002311 19.228661 286.480568  29.81482 24.5248570   2.367454  7.755792 1.523271
 [8,]  20.00852 293.3611339   0.1002321 19.230343 286.481788  29.81403 24.5247635   2.365966  7.756667 1.522124
 [9,]  20.01063 293.2219342   0.1002347 19.233634 286.481217  29.81478 24.5246341   2.369943  7.757937 1.522985
[10,]  20.01428   0.1002489 286.4810686 24.524780   7.753788  20.01428  0.1002489 286.481069 24.524780 7.753788
[11,] 293.47533  19.2307280  29.8148956  2.360848   1.524307 293.47533 19.2307280  29.814896  2.360848 1.524307
[12,]  20.01097 293.1070533   0.1002517 19.234123 286.481638  29.81339 24.5247116   2.367104  7.762242 1.522442

$Refset$f
 [1] 228.1319 228.1319 228.1545 228.2708 228.3125 228.2934 228.2708 227.9427 228.2934 228.6823 228.6823 228.5677

$Refset$fpen
 [1] 228.1319 228.1319 228.1545 228.2708 228.3125 228.2934 228.2708 227.9427 228.2934 228.6823 228.6823 228.5677

$Refset$const
          [,1]      [,2]      [,3]      [,4]     [,5]
 [1,] 11.47510 16.769770  3.178988 28.244865 1.509234
 [2,] 28.24487  1.509234 11.475095 16.769770 3.178988
 [3,] 11.47186 28.239699 16.767836  1.509341 3.178512
 [4,] 11.47498 28.244032 16.769053  1.509314 3.178565
 [5,] 11.46822 28.234975 16.766759  1.509171 3.179095
 [6,] 11.47479 28.243874 16.769083  1.509309 3.178478
 [7,] 11.47287 28.244208 16.771339  1.509363 3.178376
 [8,] 11.47368 28.243333 16.769657  1.509202 3.178992
 [9,] 11.47570 28.242063 16.766366  1.509281 3.178638
[10,] 11.47694 16.769272  3.178579 28.246212 1.509299
[11,] 28.24621  1.509299 11.476940 16.769272 3.178579
[12,] 11.47188 28.237758 16.765877  1.509218 3.178989

$Refset$penalty
 [1] 0 0 0 0 0 0 0 0 0 0 0 0


