$f
 [1] 41940.7899  1745.6163  1432.9219  1407.8264  1211.9931  1076.4219  1069.6024  1055.2552  1027.3802  1025.5920  1011.6163  1010.6111  1006.1354  1003.4965   999.5139   999.2917   994.8177   994.5017   994.1528   990.6510   987.2604
[22]   986.3316   985.9340   980.9983   977.7778   901.3455   901.2986   900.8872   900.2587   899.7309   899.7222   899.5069   899.4878   899.1892   899.0556   897.0937   896.5017   895.3264   895.1476   889.6319   889.4392   888.9462
[43]   888.0243   886.1615   884.9444   883.6736   883.4219   883.4219

$x
          [,1]     [,2]      [,3]     [,4]     [,5]     [,6]     [,7]     [,8]     [,9]    [,10]
xbest 24.79000 337.0400 0.2529000 17.72000 285.5400 45.67000 29.49000 2.970000 2.000000 2.690000
xbest 20.00000 176.6868 0.3043458 18.44730 286.7932 48.00000 24.00000 2.097369 2.057682 2.728128
xbest 20.00000 139.1161 0.3824133 18.71247 286.6432 48.00000 24.00000 2.497369 2.217678 2.934922
xbest 20.00000 124.2152 0.3824338 20.53834 286.6334 47.99358 24.00000 2.493188 2.268274 2.867784
xbest 21.03187 127.2213 0.4270800 17.91076 286.6240 41.91639 27.05246 4.371913 2.881216 1.200000
xbest 20.69465 135.5386 0.4152827 18.27855 286.6212 41.86220 27.16714 4.280925 2.965389 1.214328
xbest 20.69465 135.5386 0.3590546 18.28295 286.6212 41.86220 27.16714 4.271524 3.002889 1.218794
xbest 20.82069 135.0994 0.3964464 18.96014 286.6528 41.87186 27.11680 4.124051 2.861271 1.298761
xbest 20.61106 132.3043 0.3864260 18.96014 286.6318 41.87361 27.11680 4.074487 2.961271 1.298761
xbest 20.43430 131.5334 0.4366246 19.62223 286.6294 41.92691 26.94060 4.032873 2.923940 1.336177
xbest 20.43430 131.2209 0.4366246 19.78629 286.6294 41.92691 26.96091 4.020373 2.923940 1.342115
xbest 20.30819 132.8565 0.4190413 19.55498 286.6306 41.87600 27.05931 4.078899 2.931806 1.295390
xbest 20.30819 132.8565 0.4640413 19.55351 286.6306 41.87600 27.05931 4.078899 2.944306 1.295390
xbest 20.38388 130.0624 0.3758436 20.63542 286.6497 41.90939 27.04124 4.043548 2.890330 1.362547
xbest 20.38401 129.2346 0.3662918 20.82092 286.6505 41.90862 27.05106 4.062596 2.889482 1.377568
xbest 20.38401 129.3128 0.3662918 20.82092 286.6504 41.90862 27.05106 4.062596 2.889482 1.378310
xbest 20.19196 132.7144 0.4728469 19.79077 286.6414 41.83974 27.14249 4.081450 3.265165 1.309448
xbest 20.19196 132.7144 0.4728469 19.79077 286.6414 41.83974 27.14249 4.081450 3.268290 1.309448
xbest 20.18654 130.8322 0.4624491 19.92549 286.6311 41.87197 27.05019 4.082174 3.369147 1.300057
xbest 20.18654 130.8322 0.5524491 19.92549 286.6311 41.87197 27.05019 4.082174 3.369147 1.300057
xbest 20.00000 130.5655 0.4768553 19.86003 286.6317 41.85988 27.02930 4.083878 3.703305 1.307732
xbest 20.00000 130.7469 0.4966071 19.75754 286.6312 41.88441 27.03114 4.087007 3.743561 1.307756
xbest 20.00058 130.7395 0.5117192 19.72793 286.6307 41.88188 27.03109 4.086153 3.850430 1.307724
xbest 20.00058 130.7395 0.5567192 19.72793 286.6307 41.88188 27.03109 4.086153 3.862930 1.307724
xbest 20.03219 126.8996 0.5262607 19.75185 286.6251 41.83623 27.17390 4.078229 4.224849 1.297708
xbest 20.00000 100.0000 1.0000000 20.30731 286.6251 41.83623 27.17390 4.079403 5.993116 1.297708
xbest 20.00734 100.0000 0.9986270 19.61130 286.6170 41.83539 27.11146 4.081239 6.507832 1.300392
xbest 20.00734 100.0000 0.9986270 19.61130 286.6171 41.83539 27.11146 4.081239 6.510957 1.300392
xbest 20.00000 100.0880 0.9938758 19.62580 286.6217 41.82169 27.10213 4.079042 6.537125 1.302472
xbest 20.00000 100.0931 0.9931446 19.62292 286.6220 41.83298 27.10097 4.079547 6.543979 1.302451
xbest 20.00000 100.0952 0.9930544 19.62360 286.6223 41.82876 27.10515 4.079585 6.543965 1.304142
xbest 20.00000 100.0952 0.9930544 19.62360 286.6223 41.82876 27.10515 4.073335 6.543965 1.304142
xbest 20.00000 100.0120 0.9955663 19.65231 286.6224 41.82340 27.10332 4.079133 6.541705 1.304091
xbest 20.00000 100.0122 0.9955049 19.61610 286.6223 41.82360 27.10215 4.079328 6.565010 1.303968
xbest 20.00006 100.0066 0.9973189 19.65157 286.6198 41.88204 26.96672 4.078124 6.543473 1.304542
xbest 20.00006 100.0066 0.9973189 19.65157 286.6010 41.88204 26.96672 4.078124 6.555973 1.316417
xbest 20.00018 100.0079 0.9854034 19.64542 286.6179 41.87321 26.96336 4.073209 6.559387 1.317522
xbest 20.00018 100.0079 1.0000000 19.64542 286.6179 41.87321 26.96336 4.073209 6.571887 1.317522
xbest 20.00020 100.0073 1.0000000 19.62868 286.6165 41.86867 26.98786 4.074908 6.589208 1.317533
xbest 20.00034 100.0006 1.0000000 19.67037 286.6118 41.91937 26.93338 4.083015 6.559497 1.316270
xbest 20.00034 100.0006 1.0000000 19.67037 286.6118 41.91937 26.89276 4.083015 6.559497 1.316270
xbest 20.00050 100.0025 1.0000000 19.67467 286.6042 41.91587 26.82005 4.085772 6.563595 1.322060
xbest 20.00050 100.0025 1.0000000 19.67467 286.6042 41.91587 26.82005 4.085772 6.557345 1.322060
xbest 20.00018 100.0083 0.9972781 19.64225 286.6203 41.92564 26.95663 4.031271 6.640928 1.328296
xbest 20.00018 100.0000 0.9972781 19.64225 286.6203 41.92564 26.91601 4.031271 6.640928 1.328296
xbest 20.00031 100.0088 0.9974155 19.65106 286.6165 41.92560 26.92018 4.037095 6.619125 1.327512
xbest 20.00031 100.0088 1.0000000 19.65106 286.6165 41.92560 26.92018 4.037095 6.619125 1.327512
xbest 20.00031 100.0088 1.0000000 19.65106 286.6165 41.92560 26.92018 4.037095 6.619125 1.327512

$time
elapsed elapsed elapsed elapsed elapsed elapsed elapsed elapsed elapsed elapsed elapsed elapsed elapsed elapsed elapsed elapsed elapsed elapsed elapsed elapsed elapsed elapsed elapsed elapsed elapsed elapsed elapsed elapsed elapsed elapsed 
   2.48    6.70    9.64   20.31   23.38   36.27   45.34   89.50   92.13  168.33  170.58  195.58  204.27  227.31  233.48  238.42  268.59  273.88  329.84  331.44  347.03  361.00  364.78  366.52  419.03  422.36  527.06  528.80  535.48  547.36 
elapsed elapsed elapsed elapsed elapsed elapsed elapsed elapsed elapsed elapsed elapsed elapsed elapsed elapsed elapsed elapsed elapsed elapsed 
 551.28  561.83  567.98  635.69  687.73  689.80  735.73  737.58  759.42  763.16  779.45  898.30  899.98 1083.94 1085.50 1091.53 1120.16 1219.17 

$neval
 [1]   106   285   421   869  1011  1572  1959  3840  3963  7236  7337  8426  8780  9736 10006 10227 11433 11641 13978 14054 14743 15286 15422 15501 17685 17845 22388 22467 22735 23274 23409 23888 24153 26968 28958 29043 30825 30904 31735
[40] 31879 32359 37034 37108 44399 44479 44752 45927 50061

$fbest
[1] 883.4219

$xbest
 [1]  20.000307 100.008839   1.000000  19.651062 286.616539  41.925597  26.920183   4.037095   6.619125   1.327512

$numeval
[1] 50061

$end_crit
[1] 1

$cpu_time
elapsed 
1219.17 

$Refset
$Refset$x
          [,1]     [,2]      [,3]     [,4]     [,5]     [,6]     [,7]     [,8]     [,9]    [,10]
 [1,] 20.00027 100.0022 0.9965492 19.63838 286.6148 41.92279 26.94863 4.042538 6.604636 1.325800
 [2,] 20.00020 100.0001 0.9971753 19.61809 286.6180 41.92220 26.95423 4.039629 6.628702 1.325384
 [3,] 20.00028 100.0027 0.9964106 19.64182 286.6151 41.92201 26.95321 4.039591 6.607096 1.325278
 [4,] 20.00028 100.0026 0.9964405 19.64185 286.6145 41.92270 26.94858 4.042886 6.608339 1.324353
 [5,] 20.00027 100.0038 0.9968614 19.63429 286.6155 41.93123 26.90546 4.043092 6.615611 1.324714
 [6,] 20.00040 100.0037 0.9964784 19.62646 286.6200 41.93159 26.94483 4.038629 6.612287 1.329783
 [7,] 20.00026 100.0040 0.9955306 20.47527 286.6174 41.92586 26.93285 4.037494 6.597671 1.327478
 [8,] 20.00024 100.0000 0.9958779 20.42971 286.6165 41.92603 26.92499 4.039045 6.616297 1.326526
 [9,] 20.00061 100.2068 0.9932554 20.38360 286.6224 41.94696 26.91601 4.031954 6.643048 1.329674
[10,] 20.00031 100.5424 0.9965552 19.60832 286.6169 41.92343 26.94765 4.040560 6.606462 1.326242
[11,] 63.94614 477.7714 0.4975404 24.95075 286.1190 43.20425 33.34623 5.983922 4.206796 3.467697
[12,] 20.00000 100.0000 0.9999741 20.54823 285.8585 42.01978 28.43064 2.000000 7.059515 2.382932

$Refset$f
 [1]     884.2413     884.3993     884.2899     885.0625     884.6962     886.0104     888.1146     888.7483     889.6997     886.4462 1981835.0000    2409.3559

$Refset$fpen
 [1]     884.2413     884.3993     884.2899     885.0625     884.6962     886.0104     888.1146     888.7483     889.6997     886.4462 1981835.0000    2409.3559

$Refset$const
          [,1]     [,2]     [,3]     [,4]     [,5]
 [1,] 13.03375 29.39536 16.36162 1.521772 2.624885
 [2,] 12.98938 29.37130 16.38191 1.521409 2.626490
 [3,] 13.03472 29.39290 16.35818 1.521730 2.625334
 [4,] 13.03351 29.39166 16.35815 1.521809 2.624758
 [5,] 13.01868 29.38439 16.36571 1.521824 2.621794
 [6,] 13.01418 29.38771 16.37354 1.521239 2.626151
 [7,] 13.87760 29.40233 15.52473 1.521540 2.624617
 [8,] 13.81342 29.38370 15.57029 1.521659 2.623731
 [9,] 13.74055 29.35695 15.61640 1.521083 2.624372
[10,] 13.00186 29.39354 16.39168 1.521546 2.625577
[11,] 20.74395 31.79320 11.04925 1.563921 2.850948
[12,] 13.48872 28.94048 15.45177 1.600522 2.485197

$Refset$penalty
 [1] 0 0 0 0 0 0 0 0 0 0 0 0


