$f
 [1] 11773.7552  2004.3438  1275.1615  1240.2899  1205.2587  1191.7517  1157.2535  1156.1736  1101.6944  1101.6545  1060.7188  1014.6667  1003.8941   970.5503   909.0399   899.1649   884.5868   880.5104   874.9323   858.7517   856.9340
[22]   856.6493   856.2326   856.0035   855.9931   855.8715   855.0226   852.3229   852.0938   850.3368   850.0851   848.1997   847.2448   846.7049   846.0938   846.0938

$x
          [,1]     [,2]      [,3]     [,4]     [,5]     [,6]     [,7]     [,8]     [,9]    [,10]
xbest 24.79000 337.0400 0.2529000 17.72000 285.5400 45.67000 29.49000 2.970000 2.000000 2.690000
xbest 24.88816 259.6728 0.8195933 17.49644 286.5303 41.66532 25.12344 2.090277 5.082452 2.709378
xbest 24.88816 279.4178 0.7278897 17.50107 286.6803 37.80258 24.86650 2.564619 7.062351 2.634274
xbest 23.15682 287.1679 0.7436532 17.80948 286.7065 38.54075 24.14019 2.176155 7.864892 2.792180
xbest 20.83633 212.6468 0.5216752 22.60206 286.7368 39.32368 24.53959 6.228863 6.216618 2.128077
xbest 22.94262 213.4559 0.7162991 22.33499 286.6923 38.89725 24.24607 2.052446 6.692375 1.967408
xbest 20.96551 242.2423 0.5469101 20.30140 286.6503 37.99096 24.62537 6.175575 6.801198 2.146949
xbest 22.90694 281.2567 0.8061831 17.66754 286.6153 37.62378 24.00000 2.488490 8.137950 2.477855
xbest 20.02136 243.2986 0.5141930 22.09081 286.6376 37.59923 24.55277 6.137855 6.664183 2.064451
xbest 20.01446 243.8549 0.5153665 21.82694 286.6253 37.58632 24.56343 6.135866 6.767970 2.075760
xbest 20.00000 243.8549 0.5322415 21.63944 286.6253 37.58632 24.40093 6.135866 6.764845 2.063885
xbest 20.00000 215.0430 0.1673380 24.42298 286.7140 37.47501 24.61396 6.390053 4.795442 2.047635
xbest 20.00000 214.4180 0.1701505 24.42298 286.7140 37.47501 24.53271 6.390053 4.789192 2.053572
xbest 20.94139 230.2695 0.2173947 21.64127 286.6672 37.02585 24.44205 6.101122 6.350522 2.329483
xbest 20.19139 230.2695 0.1723947 21.26031 286.6672 37.02585 24.47901 6.101122 6.723272 2.351096
xbest 20.98414 227.5908 0.1002762 20.26589 286.6613 37.70261 24.32318 6.647031 7.145808 2.611297
xbest 20.98414 227.1489 0.1002762 20.07839 286.6613 37.70261 24.32318 6.647031 7.170808 2.599422
xbest 21.41959 231.7604 0.1001850 20.94712 286.6605 37.47072 24.00000 6.572067 6.322173 2.758624
xbest 21.38069 230.2115 0.1002641 20.92384 286.6604 37.43304 24.08537 6.571939 6.318172 2.742238
xbest 21.40508 231.5457 0.1001839 20.93611 286.6604 37.44848 24.04766 6.572034 6.320417 2.747457
xbest 21.40508 231.5457 0.1000000 20.93611 286.6604 37.44848 24.04766 6.572034 6.320417 2.750426
xbest 21.14710 227.7679 0.1006223 20.96831 286.6800 37.42663 24.22760 6.582589 6.618800 2.637922
xbest 21.14751 227.8918 0.1006005 20.96047 286.6799 37.42960 24.18773 6.582585 6.620781 2.638747
xbest 21.14523 227.7200 0.1006867 20.96841 286.6796 37.43076 24.18154 6.582670 6.617092 2.638745
xbest 21.14025 227.4623 0.1009364 20.93337 286.6792 37.44091 24.14532 6.582386 6.654516 2.642732
xbest 21.15904 227.7011 0.1006965 20.97332 286.6806 37.42759 24.20035 6.577562 6.616946 2.638055
xbest 21.16049 227.7000 0.1006800 20.97508 286.6808 37.42753 24.18730 6.575881 6.617082 2.638010
xbest 21.16049 227.5438 0.1006800 20.78758 286.6802 37.42753 24.18730 6.576662 6.617082 2.640979
xbest 21.15364 224.8672 0.1008332 20.94701 286.6794 37.42566 24.15384 6.582528 6.649022 2.639997
xbest 21.15726 224.5795 0.1008364 20.95040 286.6794 37.41778 24.15372 6.582523 6.648294 2.639893
xbest 21.15726 224.5990 0.1007046 20.95040 286.6794 37.41778 24.15372 6.582523 6.648294 2.639893
xbest 21.03172 228.1555 0.1005797 20.86986 286.6782 37.40217 24.15851 6.581617 6.616258 2.646700
xbest 20.94417 227.9141 0.1006517 20.91563 286.6776 37.40335 24.15935 6.581554 6.623059 2.645957
xbest 20.94417 227.9141 0.1000000 20.91563 286.6776 37.40335 24.15935 6.581554 6.623059 2.645957
xbest 20.91736 227.9121 0.1007737 20.90846 286.6769 37.40415 24.15779 6.581457 6.626824 2.645695
xbest 20.91736 227.9121 0.1007737 20.90846 286.6769 37.40415 24.15779 6.581457 6.626824 2.645695

$time
elapsed elapsed elapsed elapsed elapsed elapsed elapsed elapsed elapsed elapsed elapsed elapsed elapsed elapsed elapsed elapsed elapsed elapsed elapsed elapsed elapsed elapsed elapsed elapsed elapsed elapsed elapsed elapsed elapsed elapsed 
   2.42    7.14   10.47   18.10   21.35   24.42   27.58   30.77   37.71   44.00   46.30   76.16   82.38  165.89  169.38  310.71  312.77  325.17  338.58  345.08  347.44  586.63  616.72  703.47  715.81  722.75  726.88  742.35  759.13  769.31 
elapsed elapsed elapsed elapsed elapsed elapsed 
 777.74  838.96  889.25  890.85  917.64 1196.83 

$neval
 [1]   106   265   417   714   860  1002  1143  1286  1565  1847  1952  3161  3392  6906  7028 12996 13085 13624 14167 14438 14517 24517 25813 29461 29940 30216 30354 31006 31694 32103 32460 35039 37173 37247 38348 50107

$fbest
[1] 846.0938

$xbest
 [1]  20.9173600 227.9121262   0.1007737  20.9084598 286.6769070  37.4041458  24.1577921   6.5814568   6.6268242   2.6456947

$numeval
[1] 50107

$end_crit
[1] 1

$cpu_time
elapsed 
1196.83 

$Refset
$Refset$x
          [,1]     [,2]      [,3]     [,4]     [,5]     [,6]     [,7]     [,8]     [,9]    [,10]
 [1,] 20.87667 228.7309 0.1007534 20.89897 286.6764 37.40448 24.15516 6.581627 6.630243 2.645309
 [2,] 20.87677 228.8556 0.1007348 20.89678 286.6767 37.40436 24.15593 6.581481 6.627500 2.645807
 [3,] 20.88382 228.5461 0.1007261 20.89569 286.6765 37.40395 24.15392 6.581549 6.637298 2.645794
 [4,] 20.88402 228.5800 0.1006872 20.89743 286.6767 37.40499 24.15445 6.581585 6.633934 2.645434
 [5,] 20.90819 228.7188 0.1008278 20.88166 286.6781 37.40759 24.15470 6.581541 6.734909 2.644735
 [6,] 20.81410 224.0470 0.1007313 21.40693 286.6772 37.40142 24.17370 6.572717 6.596742 2.651087
 [7,] 21.37050 225.6919 0.1007424 20.89982 286.6881 37.48054 24.59920 6.638172 6.565446 2.647544
 [8,] 20.91063 229.2684 0.1007065 20.91416 286.6775 37.28658 24.29654 6.598483 6.627951 2.757718
 [9,] 20.87668 228.6216 0.1007255 20.88513 286.6511 37.42078 24.14796 6.582987 6.628239 2.644729
[10,] 20.78936 228.8551 0.1053471 20.98054 286.6662 37.47250 24.14090 6.570024 6.627654 2.706780
[11,] 20.81485 231.1242 0.1013484 20.88724 286.6836 37.49021 24.15297 6.586025 6.704477 2.690391
[12,] 20.00000 241.8942 0.1733212 21.39270 286.5333 38.39769 24.81605 6.579536 6.120969 2.614988

$Refset$f
 [1]  846.1562  846.1562  846.1562  846.1562  855.8906  855.9080  904.3524  922.4566  887.0330  900.3038  912.7674 1285.2153

$Refset$fpen
 [1]  846.1562  846.1562  846.1562  846.1562  855.8906  855.9080  904.3524  922.4566  887.0330  900.3038  912.7674 1285.2153

$Refset$const
          [,1]     [,2]     [,3]     [,4]     [,5]
 [1,] 14.26872 29.36976 15.10103 1.514801 2.656595
 [2,] 14.26928 29.37250 15.10322 1.514762 2.656791
 [3,] 14.25840 29.36270 15.10431 1.514794 2.656562
 [4,] 14.26349 29.36607 15.10257 1.514773 2.656626
 [5,] 14.14675 29.26509 15.11834 1.514620 2.657069
 [6,] 14.81018 29.40326 14.59307 1.514646 2.658522
 [7,] 14.33437 29.43455 15.10018 1.512236 2.692250
 [8,] 14.28621 29.37205 15.08584 1.513982 2.674172
 [9,] 14.25689 29.37176 15.11487 1.517594 2.645610
[10,] 14.35289 29.37235 15.01946 1.516081 2.648197
[11,] 14.18277 29.29552 15.11276 1.514197 2.654883
[12,] 15.27173 29.87903 14.60730 1.530155 2.605372

$Refset$penalty
 [1] 0 0 0 0 0 0 0 0 0 0 0 0


