$f
 [1] 15375.1406   821.2187   562.8073   496.8906   496.8108   455.1510   452.8750   451.2448   428.9757   413.8906   393.3247   377.7882   346.7812   334.0556   326.3073   325.7691   325.4479   325.4219   325.2101   325.1840   325.0747
[22]   325.0278   324.7500   324.6736   324.6510   324.5417   324.5399   324.5191   324.5191

$x
          [,1]     [,2]      [,3]     [,4]     [,5]     [,6]     [,7]     [,8]      [,9]    [,10]
xbest 24.79000 337.0400 0.2529000 17.72000 285.5400 45.67000 29.49000 2.970000  2.000000 2.690000
xbest 20.00000 208.0942 0.3752037 20.70223 286.4610 36.41856 27.01283 2.000000  5.440264 3.254037
xbest 20.00000 188.0942 0.1000000 20.70223 286.4610 36.41856 24.88836 2.728869  5.440264 1.200000
xbest 21.96895 107.5258 0.1019643 19.16447 286.3432 36.76735 24.00931 6.214892 10.000000 4.995645
xbest 20.00000 194.7659 0.1000000 20.69790 286.6166 37.48291 24.77053 2.774922  5.550708 1.320827
xbest 21.60807 154.9663 0.1013528 21.64566 286.6434 38.01303 24.06247 6.247304  5.002956 2.427744
xbest 21.96000 105.7063 0.1000000 19.14511 286.3335 36.82518 24.00180 7.213795 10.000000 5.000000
xbest 20.00519 147.7488 0.1196612 20.48761 286.6679 37.79468 25.01848 2.000000  7.861661 1.365921
xbest 21.35675 124.1970 0.1137556 19.92584 286.6161 37.07592 24.59372 6.183648  8.313756 2.400735
xbest 21.35675 124.1970 0.1000000 20.67584 286.6161 37.07592 24.00000 6.183648  8.313756 2.685735
xbest 20.82328 110.5687 0.1152943 19.88774 286.6499 36.43032 24.30196 6.370225  9.942007 2.457917
xbest 20.82328 110.5687 0.1088784 19.88774 286.6499 36.43032 24.00000 6.367004  9.935565 2.433436
xbest 20.52112 120.6968 0.1087691 20.10438 286.7731 38.60661 24.28327 6.272730  8.391118 1.315076
xbest 20.52112 120.7164 0.1094723 20.09229 286.7356 38.60661 24.44577 6.274292  8.366118 1.315076
xbest 20.03046 104.8665 0.1117617 20.58231 286.6392 38.14640 24.44072 6.532402  9.167088 1.801746
xbest 20.02831 105.0066 0.1108221 20.65206 286.6414 38.14750 24.45415 6.536282  9.133445 1.800916
xbest 20.02307 103.2937 0.1089594 20.74170 286.6349 38.15545 24.45043 6.536423  9.179164 1.795586
xbest 20.02307 103.2937 0.1089594 20.74170 286.6349 38.15545 24.45043 6.536423  9.176039 1.795586
xbest 20.02304 103.0975 0.1090130 20.75212 286.6334 38.15615 24.44639 6.536469  9.183457 1.794628
xbest 20.02351 102.8356 0.1088083 20.77514 286.6332 38.15702 24.43295 6.536883  9.183740 1.794992
xbest 20.02351 102.8356 0.1088083 20.77514 286.6332 38.15702 24.43295 6.536883  9.183740 1.795734
xbest 20.02851 102.8051 0.1086692 20.76579 286.6362 38.16967 24.44375 6.537985  9.191071 1.798784
xbest 20.02851 102.8051 0.1086692 20.76579 286.6362 38.16967 24.44375 6.537985  9.191071 1.798041
xbest 20.03024 102.2508 0.1089908 20.77771 286.6361 38.16359 24.46938 6.537758  9.219295 1.800296
xbest 20.03024 102.2508 0.1089688 20.77771 286.6361 38.16359 24.46938 6.537758  9.219295 1.800296
xbest 20.03041 103.0082 0.1089154 20.74406 286.6349 38.14994 24.46974 6.535848  9.196519 1.802551
xbest 20.02583 103.0440 0.1090814 20.74519 286.6345 38.15131 24.46814 6.535900  9.195687 1.802823
xbest 20.02429 102.9528 0.1089179 20.75263 286.6349 38.14801 24.46190 6.535637  9.194639 1.803099
xbest 20.02429 102.9528 0.1089179 20.75263 286.6349 38.14801 24.46190 6.535637  9.194639 1.803099

$time
elapsed elapsed elapsed elapsed elapsed elapsed elapsed elapsed elapsed elapsed elapsed elapsed elapsed elapsed elapsed elapsed elapsed elapsed elapsed elapsed elapsed elapsed elapsed elapsed elapsed elapsed elapsed elapsed elapsed 
   2.25    6.81    9.61   15.81   18.67   22.17   27.90   33.48   38.97   40.93   70.62   72.82   80.97  103.93  200.09  280.64  335.95  338.09  355.07  367.25  368.73  424.25  425.65  486.00  487.45  586.26  642.65  738.57 1057.11 

$neval
 [1]   106   275   412   713   857  1000  1283  1556  1827  1925  3282  3395  3810  4878  9359 13234 15983 16057 16871 17414 17487 19964 20038 22880 22954 27746 30378 34857 50124

$fbest
[1] 324.5191

$xbest
 [1]  20.0242947 102.9527684   0.1089179  20.7526301 286.6348524  38.1480143  24.4619038   6.5356369   9.1946388   1.8030987

$numeval
[1] 50124

$end_crit
[1] 1

$cpu_time
elapsed 
1057.11 

$Refset
$Refset$x
          [,1]     [,2]      [,3]     [,4]     [,5]     [,6]     [,7]     [,8]     [,9]    [,10]
 [1,] 20.02489 102.9385 0.1088623 20.75324 286.6347 38.14851 24.46398 6.535666 9.195507 1.803170
 [2,] 20.02438 102.9388 0.1088546 20.75385 286.6351 38.14779 24.46265 6.535658 9.196180 1.803036
 [3,] 20.02945 102.8695 0.1088501 20.75438 286.6346 38.14700 24.46167 6.535669 9.197082 1.803009
 [4,] 20.02775 102.8874 0.1088619 20.75410 286.6347 38.14732 24.46318 6.535657 9.197572 1.802910
 [5,] 20.02363 102.9393 0.1088590 20.75410 286.6350 38.14755 24.46293 6.535656 9.196408 1.802946
 [6,] 20.05153 103.2582 0.1088485 20.76844 286.6349 38.14692 24.46248 6.535622 9.146680 1.803061
 [7,] 20.03016 102.8939 0.1088909 20.75392 286.6245 38.14910 24.45940 6.536866 9.193246 1.802872
 [8,] 20.10744 103.6593 0.1027609 21.02708 286.6386 38.14698 24.46219 6.535778 9.218925 1.801691
 [9,] 20.02603 106.7508 0.1088738 20.75579 286.6391 37.68850 24.49353 6.436174 9.194918 1.798913
[10,] 20.05446 103.4198 0.1059644 20.75850 286.6280 38.14067 24.46053 6.526789 9.199595 1.802837
[11,] 20.03412 104.6434 0.1093452 20.75286 286.6396 38.53875 24.46234 6.546864 9.276005 1.787051
[12,] 20.60072 120.8592 0.1481328 20.91250 286.4168 36.58311 26.42003 9.017899 8.376536 4.221057

$Refset$f
 [1] 324.5191 324.5191 324.5191 324.5191 324.5191 324.7448 325.5156 327.9201 351.2153 347.6528 354.6215 974.5608

$Refset$fpen
 [1] 324.5191 324.5191 324.5191 324.5191 324.5191 324.7448 325.5156 327.9201 351.2153 347.6528 354.6215 974.5608

$Refset$const
          [,1]     [,2]     [,3]     [,4]     [,5]
 [1,] 11.55774 26.80449 15.24676 1.519797 2.627850
 [2,] 11.55767 26.80382 15.24615 1.519764 2.627907
 [3,] 11.55730 26.80292 15.24562 1.519817 2.627692
 [4,] 11.55653 26.80243 15.24590 1.519801 2.627832
 [5,] 11.55770 26.80359 15.24590 1.519773 2.627904
 [6,] 11.62176 26.85332 15.23156 1.519785 2.627859
 [7,] 11.56068 26.80675 15.24608 1.520909 2.623679
 [8,] 11.80815 26.78108 14.97292 1.519387 2.629217
 [9,] 11.56087 26.80508 15.24421 1.518362 2.654490
[10,] 11.55891 26.80041 15.24150 1.520520 2.625451
[11,] 11.47686 26.72399 15.24714 1.519971 2.610921
[12,] 12.53597 27.62346 15.08750 1.534506 2.792776

$Refset$penalty
 [1] 0 0 0 0 0 0 0 0 0 0 0 0


