$f
 [1] 6791.9375 1126.9896 1112.8316  961.4184  854.4288  715.2465  680.8455  526.7049  510.0312  455.7188  388.5208  388.3681  386.7378  386.4566  386.3437  386.3437

$x
          [,1]     [,2]      [,3]     [,4]     [,5]     [,6]     [,7]     [,8]     [,9]    [,10]
xbest 24.79000 337.0400 0.2529000 17.72000 285.5400 45.67000 29.49000 2.970000 2.000000 2.690000
xbest 20.00000 381.1442 0.8884799 23.10781 285.4384 34.23230 24.00000 6.444086 2.350745 2.834657
xbest 20.00000 381.1442 0.8884799 23.10781 285.4384 34.33230 24.00000 6.444086 2.350745 2.834657
xbest 20.00000 168.2331 0.5108668 29.54806 285.3506 38.27708 24.82044 4.940591 5.119185 2.758104
xbest 21.66668 290.3456 0.5405592 25.14449 286.5773 39.48437 27.43423 5.943998 2.894086 3.598785
xbest 22.61690 256.4006 0.1029976 22.77883 286.5763 39.47959 31.87377 5.775865 3.721061 4.910847
xbest 21.70621 273.9271 0.1000000 24.20841 286.4711 38.85997 26.31209 5.773379 3.094080 4.629802
xbest 21.64402 305.9759 0.1105780 24.06415 286.5957 37.29873 24.35258 5.349274 3.028426 2.596147
xbest 20.87739 227.4374 0.1629441 26.31011 286.6474 37.74812 24.00000 5.101521 4.896019 3.224357
xbest 21.16084 194.6410 0.1000000 27.06178 286.7738 39.28626 24.01115 5.041965 5.508153 3.381507
xbest 20.00000 194.6410 0.1015730 27.06178 286.7790 39.28626 24.00000 5.163470 5.543109 2.607853
xbest 20.00000 262.4148 0.1005264 25.31169 286.5884 37.49861 25.28252 5.071246 4.202647 3.232911
xbest 20.00000 262.4148 0.1000000 25.31169 286.5884 37.49861 25.28252 5.071246 4.202647 3.232911
xbest 20.00485 261.6049 0.1001102 25.34237 286.5905 37.49969 25.28205 5.069789 4.218173 3.242734
xbest 20.00374 261.6063 0.1000346 25.33926 286.5906 37.50040 25.28113 5.069664 4.220369 3.243492
xbest 20.00374 261.6063 0.1000346 25.33926 286.5906 37.50040 25.28113 5.069664 4.220369 3.243492

$time
elapsed elapsed elapsed elapsed elapsed elapsed elapsed elapsed elapsed elapsed elapsed elapsed elapsed elapsed elapsed elapsed 
   1.92    6.39    8.00   11.50   17.60   20.56   26.50   33.53   36.55   39.63   43.56  564.95  566.50  578.99  604.52 1131.20 

$neval
 [1]   106   269   342   488   772   912  1187  1461  1599  1739  1874 24536 24610 25161 26321 50086

$fbest
[1] 386.3437

$xbest
 [1]  20.0037445 261.6062978   0.1000346  25.3392643 286.5906028  37.5004016  25.2811323   5.0696644   4.2203686   3.2434922

$numeval
[1] 50086

$end_crit
[1] 1

$cpu_time
elapsed 
 1131.2 

$Refset
$Refset$x
          [,1]     [,2]      [,3]     [,4]     [,5]     [,6]     [,7]     [,8]     [,9]    [,10]
 [1,] 30.61452 284.7782 0.2773750 21.60120 286.9377 21.91002 40.51889 4.701031 7.478836 2.797504
 [2,] 20.00602 261.6369 0.1000102 25.33306 286.5886 37.50113 25.27480 5.070196 4.221724 3.242549
 [3,] 20.00520 261.6411 0.1000142 25.33352 286.5882 37.50223 25.27264 5.069748 4.222196 3.262469
 [4,] 20.00567 261.6501 0.1000116 25.33242 286.5885 37.49992 25.27355 5.070385 4.221837 3.240833
 [5,] 20.00587 261.6174 0.1000117 25.33475 286.5890 37.50146 25.27668 5.070306 4.221432 3.243191
 [6,] 20.00563 261.6449 0.1000131 25.33334 286.5884 37.50667 25.27464 5.070169 4.220962 3.244309
 [7,] 20.00542 261.6449 0.1000115 25.33276 286.5884 37.50151 25.27457 5.070182 4.221740 3.242668
 [8,] 20.00510 261.6489 0.1000129 25.34224 286.5886 37.50062 25.27280 5.072276 4.215189 3.246796
 [9,] 20.00562 261.6917 0.1004184 25.32671 286.5874 37.49988 25.27466 5.070573 4.224062 3.243193
[10,] 20.00388 261.7615 0.1000000 25.26358 286.5865 37.48020 25.27080 5.070562 4.259311 3.243353
[11,] 20.00183 259.8355 0.1000032 25.33438 286.5722 37.95495 24.86779 4.990512 4.229909 3.246148
[12,] 20.40637 267.2764 0.1729368 25.16069 286.4628 37.46437 26.23428 4.217089 4.847286 2.925335

$Refset$f
 [1] 1000000.0000     386.3437     386.3437     386.3437     386.3437     386.3437     386.3437     386.4497     387.8750     388.7188     401.7917     803.3750

$Refset$fpen
 [1] 9.999975e+11 3.863437e+02 3.863437e+02 3.863437e+02 3.863437e+02 3.863437e+02 3.863437e+02 3.864497e+02 3.878750e+02 3.887188e+02 4.017917e+02 8.033750e+02

$Refset$const
              [,1]         [,2]         [,3]         [,4]         [,5]
 [1,] 1.000000e+06 1.000000e+06 1.000000e+06 1.000000e+06 1.000000e+06
 [2,] 2.111134e+01 3.177828e+01 1.066694e+01 1.521044e+00 2.707015e+00
 [3,] 2.111132e+01 3.177780e+01 1.066648e+01 1.521105e+00 2.706604e+00
 [4,] 2.111058e+01 3.177816e+01 1.066758e+01 1.521061e+00 2.706926e+00
 [5,] 2.111332e+01 3.177857e+01 1.066525e+01 1.520992e+00 2.707306e+00
 [6,] 2.111238e+01 3.177904e+01 1.066666e+01 1.521077e+00 2.706631e+00
 [7,] 2.111102e+01 3.177826e+01 1.066724e+01 1.521065e+00 2.706910e+00
 [8,] 2.112705e+01 3.178481e+01 1.065776e+01 1.521056e+00 2.706859e+00
 [9,] 2.110265e+01 3.177594e+01 1.067329e+01 1.521180e+00 2.706599e+00
[10,] 2.100427e+01 3.174069e+01 1.073642e+01 1.521251e+00 2.707012e+00
[11,] 2.110448e+01 3.177009e+01 1.066562e+01 1.525043e+00 2.645100e+00
[12,] 2.031340e+01 3.115271e+01 1.083931e+01 1.531996e+00 2.740500e+00

$Refset$penalty
 [1] 999996.5      0.0      0.0      0.0      0.0      0.0      0.0      0.0      0.0      0.0      0.0      0.0


