$f
 [1] 4653.4358 1765.7760 1082.4688 1041.5556  907.0313  898.6059  897.2153  888.6250  883.2361  881.1476  879.4688  848.0330  791.7812  775.4809  764.8351  748.7361  748.1823  747.7361  747.3108  739.6163  735.1372  731.4653  730.7344
[24]  730.1562  727.5903  723.3385  721.3941  721.1910  721.1510  721.0990  720.1337  720.0087

$x
          [,1]     [,2]      [,3]     [,4]     [,5]     [,6]     [,7]     [,8]     [,9]    [,10]
xbest 33.36761 131.5908 0.8276700 27.07742 285.8792 28.49390 24.22566 2.922551 2.794210 2.053714
xbest 27.26781 103.0740 0.8664961 29.39533 286.0674 27.93677 24.00764 2.457608 2.000000 1.319861
xbest 27.03344 100.0000 1.0000000 29.38435 286.3645 27.93677 24.00000 5.626357 2.000000 1.200464
xbest 20.37692 131.6305 0.5586993 21.79742 286.3576 42.39377 24.53781 4.974937 4.526278 1.514656
xbest 20.00000 133.7605 0.9340099 22.81319 286.4982 41.66934 24.54213 4.904901 4.135317 1.529525
xbest 20.05706 134.0366 0.9418331 22.88628 286.5361 41.84076 24.54471 4.890328 4.137285 1.531548
xbest 20.00912 133.7461 1.0000000 21.67693 286.4214 41.60018 24.52303 5.014564 4.721714 1.531865
xbest 20.14387 134.8336 0.8714818 22.40018 286.4676 42.93375 24.58022 5.072264 2.954559 1.527096
xbest 20.01108 132.3722 0.9914817 21.61191 286.4239 41.58146 24.51081 4.899371 4.722730 1.518532
xbest 20.01108 132.4504 0.9550000 21.61191 286.4239 41.58146 24.51081 4.899371 4.722730 1.518532
xbest 22.69076 136.0462 0.1000000 26.80905 286.6256 37.14449 25.34183 4.933611 2.323349 1.375630
xbest 22.69076 136.0462 0.1000000 26.99655 286.7030 37.14449 25.42371 4.933611 2.323349 1.399380
xbest 20.04632 150.1165 0.1000000 23.72060 286.6094 36.95179 25.87799 5.978527 4.497378 1.332042
xbest 20.14007 149.4697 0.1000983 23.46279 286.5812 36.95179 25.87799 5.980274 4.497378 1.329073
xbest 20.00246 187.8391 0.1103991 18.96076 286.6614 37.66452 25.45803 5.318643 5.929679 1.502539
xbest 20.00000 187.8391 0.1328991 18.94904 286.6661 37.66452 25.45803 5.306143 5.954679 1.502539
xbest 20.05920 100.4102 0.9997727 23.64817 286.6380 41.97007 24.50109 5.026171 5.344182 1.347075
xbest 20.06093 100.3869 0.9944737 23.66293 286.6424 41.96994 24.49500 5.025283 5.330959 1.346452
xbest 20.06093 100.3869 0.9944737 23.66293 286.6424 41.96994 24.49500 5.025283 5.330959 1.345710
xbest 20.05554 101.4448 0.9780293 23.50544 286.6297 42.03213 24.43488 5.032299 5.295076 1.358587
xbest 20.03247 103.5838 0.9706019 23.28864 286.6264 42.07456 24.40043 5.032105 5.208536 1.380466
xbest 20.03588 102.1565 0.9736957 23.35587 286.6431 42.09700 24.44422 5.030474 5.302858 1.375716
xbest 20.03588 102.1565 0.9511957 23.35587 286.6431 42.09700 24.44422 5.030474 5.290358 1.375716
xbest 20.05125 100.0000 0.9624876 23.49347 286.6252 42.03323 24.41275 5.033941 5.392328 1.373922
xbest 20.03568 101.2275 0.9698656 23.41854 286.6318 42.05417 24.39969 5.033698 5.387693 1.401469
xbest 20.01811 101.5844 0.9724665 23.36420 286.6348 42.05985 24.38868 5.031975 5.402511 1.405146
xbest 20.00000 101.5844 1.0000000 23.36713 286.6348 42.05985 24.38868 5.032366 5.402511 1.405146
xbest 20.05022 100.2081 0.9661768 23.48715 286.6246 42.03440 24.39949 5.032988 5.382008 1.377905
xbest 20.05022 100.2277 0.9661768 23.48715 286.6246 42.03440 24.39949 5.032988 5.382008 1.377905
xbest 20.04366 100.1336 0.9760165 23.48225 286.6025 42.03095 24.36252 5.037683 5.384585 1.377139
xbest 20.04366 100.1336 0.9760165 23.48225 286.6025 42.03095 24.40315 5.037683 5.384585 1.377139
xbest 20.04366 100.1531 0.9760165 23.48225 286.6025 42.03095 24.40315 5.037683 5.384585 1.377139

$time
elapsed elapsed elapsed elapsed elapsed elapsed elapsed elapsed elapsed elapsed elapsed elapsed elapsed elapsed elapsed elapsed elapsed elapsed elapsed elapsed elapsed elapsed elapsed elapsed elapsed elapsed elapsed elapsed elapsed elapsed 
   2.67    7.81   15.07   26.54   34.51   41.39   44.79   47.76   54.51   56.34   83.86   95.17  165.70  168.53  344.28  347.29  584.92  659.04  660.62  710.03  724.54  739.07  747.65  755.95  777.96  787.09  789.43 1115.76 1117.81 1329.14 
elapsed elapsed 
1331.28 1464.79 

$neval
 [1]   106   271   430   881  1165  1446  1587  1723  1860  1939  2881  3390  6217  6354 13216 13315 21759 24637 24711 26642 27257 27809 28167 28439 29261 29538 29629 40771 40844 46382 46455 50136

$fbest
[1] 720.0087

$xbest
 [1]  20.0436632 100.1530941   0.9760165  23.4822455 286.6025213  42.0309523  24.4031496   5.0376834   5.3845855   1.3771393

$numeval
[1] 50136

$end_crit
[1] 1

$cpu_time
elapsed 
1464.79 

$Refset
$Refset$x
          [,1]     [,2]      [,3]     [,4]     [,5]     [,6]     [,7]     [,8]     [,9]    [,10]
 [1,] 46.92727 100.1867 0.1749099 15.93934 286.8256 38.40965 42.06898 3.989168 2.492470 4.190300
 [2,] 20.04546 100.0740 0.9699721 23.45830 286.6169 42.03920 24.34689 5.035101 5.413072 1.378408
 [3,] 20.04525 100.0840 0.9693330 23.50946 286.6173 42.03469 24.35273 5.034312 5.382455 1.378240
 [4,] 20.04696 100.0808 0.9703503 23.50908 286.6179 42.03518 24.35777 5.034261 5.382275 1.378129
 [5,] 20.04430 100.0822 0.9638526 23.50788 286.6172 42.03880 24.36542 5.034546 5.382878 1.378411
 [6,] 20.04421 100.0931 0.9697085 23.50659 286.6176 42.03968 24.32881 5.034891 5.381869 1.378049
 [7,] 20.04454 100.0690 0.9832855 23.51124 286.6164 42.03740 24.34650 5.035619 5.382688 1.377449
 [8,] 20.04549 100.0827 0.9713217 23.51417 286.6202 42.04040 24.36516 5.034333 5.382789 1.378350
 [9,] 20.11355 100.0767 0.9683687 23.42355 286.6201 42.02098 24.37886 5.030659 5.382769 1.406403
[10,] 20.04467 100.0814 0.9662517 23.49661 286.6298 42.49890 24.96057 5.047489 5.380332 1.378200
[11,] 20.49736 100.0132 0.9473930 23.55299 286.6406 38.18964 24.29579 6.097022 5.811088 1.333017
[12,] 20.04987 100.0624 0.9659797 23.45519 286.6179 42.06017 24.30826 5.229389 4.958093 1.307775

$Refset$f
 [1] 483296.2292    720.2691    720.6215    720.6215    720.6215    720.6215    720.8576    721.8212    725.4774    810.8872    868.6684    868.3889

$Refset$fpen
 [1] 2091084.3479     720.2691     720.6215     720.6215     720.6215     720.6215     720.8576     721.8212     725.4774     810.8872     868.6684     868.3889

$Refset$const
          [,1]     [,2]     [,3]     [,4]     [,5]
 [1,] 13.44687 33.50753 20.06066 1.380113 5.107788
 [2,] 18.04523 30.58693 12.54170 1.526871 2.451439
 [3,] 18.12701 30.61754 12.49054 1.526826 2.452080
 [4,] 18.12681 30.61772 12.49092 1.526760 2.452580
 [5,] 18.12500 30.61712 12.49212 1.526817 2.452699
 [6,] 18.12472 30.61813 12.49341 1.526834 2.450523
 [7,] 18.12855 30.61731 12.48876 1.526924 2.451290
 [8,] 18.13138 30.61721 12.48583 1.526534 2.453620
 [9,] 18.04078 30.61723 12.57645 1.526505 2.455144
[10,] 18.11628 30.61967 12.50339 1.525098 2.477251
[11,] 17.74190 30.18891 12.44701 1.519716 2.615398
[12,] 18.49710 31.04191 12.54481 1.526855 2.448608

$Refset$penalty
 [1] 1.607788 0.000000 0.000000 0.000000 0.000000 0.000000 0.000000 0.000000 0.000000 0.000000 0.000000 0.000000


