$f
 [1] 6524.9323 1127.4757  957.7535  926.7969  877.7292  869.4184  865.7326  859.9722  851.2865  842.3264  839.8698  837.9080  836.9097

$x
          [,1]     [,2]      [,3]     [,4]     [,5]     [,6]     [,7]     [,8]      [,9]    [,10]
xbest 20.68992 137.1449 0.7127029 24.74011 285.6224 29.99052 26.98069 2.749579  5.797175 2.728274
xbest 20.00000 144.7882 0.3048290 20.18238 286.3125 46.29789 25.81812 6.486282 10.000000 2.156816
xbest 20.07248 124.7882 0.1916366 20.18238 286.3122 46.29789 27.11812 6.486282 10.000000 1.913468
xbest 20.70625 145.4095 0.2297596 19.59147 286.3883 43.97040 27.32365 6.753016  9.293697 1.633435
xbest 20.00000 161.3935 0.1632792 18.58638 286.4117 45.68538 26.37175 6.701013  9.456906 1.298294
xbest 20.00000 161.3935 0.1639823 18.58638 286.4117 45.68538 26.36921 6.701013  9.469406 1.297569
xbest 21.14638 299.6951 0.9287908 23.35244 285.5515 31.47011 29.36501 2.164251  4.775974 1.541121
xbest 21.14638 299.6951 1.0000000 23.34951 285.5515 31.47011 29.36501 2.164251  4.775974 1.547058
xbest 20.08128 134.9376 0.1968361 20.31297 286.3115 46.18276 27.14054 6.451405  9.980462 2.408237
xbest 20.00000 134.9376 0.2165236 20.31297 286.3115 46.18276 27.14054 6.451405  9.997649 2.402299
xbest 20.33557 289.2007 0.8073226 23.92641 285.6497 32.48495 28.10691 4.029498  5.203255 1.944328
xbest 20.33557 289.2007 0.8523226 23.92495 285.6497 32.48495 28.10691 4.029498  5.203255 1.947297
xbest 20.33557 289.2007 0.8523226 23.92788 285.6497 32.48495 28.06628 4.029498  5.203255 1.950266

$time
elapsed elapsed elapsed elapsed elapsed elapsed elapsed elapsed elapsed elapsed elapsed elapsed elapsed 
   1.97    5.61    8.76   23.59   26.36   40.98  128.34  130.30  268.39  270.83  924.72  927.17 1165.84 

$neval
 [1]   106   276   394  1089  1224  1877  5809  5896 12004 12108 39905 39989 50119

$fbest
[1] 836.9097

$xbest
 [1]  20.3355705 289.2006663   0.8523226  23.9278765 285.6496595  32.4849499  28.0662814   4.0294978   5.2032547   1.9502659

$numeval
[1] 50119

$end_crit
[1] 1

$cpu_time
elapsed 
1165.84 

$Refset
$Refset$x
          [,1]     [,2]      [,3]     [,4]     [,5]     [,6]     [,7]     [,8]     [,9]    [,10]
 [1,] 21.66264 288.5308 0.7929493 23.94980 285.6717 32.17271 28.12169 3.220383 5.090346 1.965681
 [2,] 21.66046 288.5008 0.7918912 23.95013 285.6721 32.17234 28.13688 3.220350 5.090755 1.962748
 [3,] 21.66258 288.5157 0.7927038 23.95047 285.6717 32.17269 28.12170 3.220380 5.090312 1.965867
 [4,] 21.66278 288.4635 0.7921710 23.95169 285.6723 32.17243 28.12437 3.220113 5.090514 1.962582
 [5,] 21.66315 288.5471 0.7905532 23.94754 285.6718 32.17277 28.11815 3.220924 5.090386 1.967443
 [6,] 21.66178 288.4769 0.7919341 23.95192 285.6713 32.17184 28.12391 3.220049 5.090404 1.964952
 [7,] 21.66155 288.5407 0.7929246 23.94909 285.6717 32.17285 28.13577 3.221526 5.090411 1.964352
 [8,] 21.66242 288.0808 0.7922601 23.95774 285.6713 32.16356 28.12525 3.220021 5.098402 1.968356
 [9,] 21.66227 288.3220 0.7923693 23.95020 285.6719 32.17285 28.10684 3.220262 5.096680 1.965730
[10,] 21.65724 288.4938 0.7922826 23.94801 285.6722 32.17232 28.13416 3.220103 5.092408 1.962587
[11,] 21.66058 286.9508 0.7885152 23.94972 285.6752 32.15268 28.13621 3.220119 5.145344 1.965022
[12,] 20.21158 288.5669 0.7934116 23.53785 285.6166 33.31016 27.41986 4.114704 5.126959 1.840429

$Refset$f
 [1] 848.4201 848.4201 848.4201 848.4201 848.4201 848.4201 848.5816 848.9080 848.9080 849.8125 851.4531 930.5174

$Refset$fpen
 [1] 848.4201 848.4201 848.4201 848.4201 848.4201 848.4201 848.5816 848.9080 848.9080 849.8125 851.4531 930.5174

$Refset$const
          [,1]     [,2]     [,3]     [,4]     [,5]
 [1,] 18.85946 30.90965 12.05020 1.609115 3.085422
 [2,] 18.85938 30.90924 12.04987 1.608982 3.087507
 [3,] 18.86016 30.90969 12.04953 1.609121 3.085412
 [4,] 18.86118 30.90949 12.04831 1.609018 3.085968
 [5,] 18.85715 30.90961 12.05246 1.609111 3.085013
 [6,] 18.86151 30.90960 12.04808 1.609153 3.085687
 [7,] 18.85867 30.90959 12.05091 1.609047 3.087189
 [8,] 18.85934 30.90160 12.04226 1.609113 3.086770
 [9,] 18.85352 30.90332 12.04980 1.609163 3.083582
[10,] 18.85560 30.90759 12.05199 1.608979 3.087200
[11,] 18.80438 30.85466 12.05028 1.608466 3.090531
[12,] 18.41089 30.87304 12.46215 1.623106 2.875875

$Refset$penalty
 [1] 0 0 0 0 0 0 0 0 0 0 0 0


