$f
 [1] 3086.2031  791.1684  460.6823  439.3958  410.3021  408.2396  399.8698  398.3351  390.7569  387.7830  384.7326  381.6059  373.9427  353.8802  350.0885  348.7118  347.9028  347.5226  347.3316  346.6493  346.3733  346.1458  346.0052
[24]  345.9323  345.8646  345.6528  345.4271  345.4219  345.2292  344.8038  344.8021  344.5295  344.3194  344.3177  344.2188  344.0868  343.6962  343.6840  343.4410  343.3941  343.2569  343.2396  342.8385  342.7604  342.7604

$x
          [,1]     [,2]      [,3]     [,4]     [,5]     [,6]     [,7]     [,8]     [,9]    [,10]
xbest 21.83550 348.3485 0.3858491 16.38831 285.5076 38.00428 24.13913 2.234520 3.126430 3.024198
xbest 20.67156 500.0000 1.0000000 16.55633 286.9296 48.00000 24.00000 3.586638 2.000000 1.902573
xbest 20.00000 321.1146 0.9004932 18.05633 286.8704 48.00000 24.00000 3.586638 7.787283 1.902573
xbest 20.21300 252.3710 0.4962964 18.80842 286.6365 44.97397 24.05922 4.006848 9.394851 2.753549
xbest 20.00000 243.2574 0.4726952 18.73878 286.7097 45.74649 24.09475 4.012405 9.548452 3.109240
xbest 20.23208 253.0283 0.4960679 18.76300 286.6350 45.46324 24.06505 4.008566 9.395642 2.845767
xbest 20.01137 270.6292 0.7432166 18.69710 286.8247 46.38088 24.07014 3.961199 8.967252 2.443143
xbest 20.00000 270.6292 0.7432166 18.69710 286.8247 46.38088 24.07014 3.961199 8.967252 2.443143
xbest 20.08279 283.4830 0.7088479 18.13207 286.8256 45.66039 24.10534 4.003139 9.096224 2.657379
xbest 20.08279 283.4830 0.7313479 18.13207 286.7881 45.66039 24.10534 4.003139 9.096224 2.663317
xbest 20.08193 282.4495 0.6591670 17.65696 286.8330 45.93587 24.03668 4.036460 9.484447 3.036368
xbest 20.08193 282.4495 0.6366670 17.65696 286.8330 45.93587 24.00000 4.036460 9.484447 3.060118
xbest 20.00132 277.1776 0.8793833 18.78427 286.8739 46.57191 24.08488 4.420891 8.563464 2.116172
xbest 20.00132 279.7545 0.8691720 18.78427 286.8715 46.57191 24.15863 4.420891 8.615003 2.067210
xbest 20.01852 282.1645 0.9249823 18.96787 286.8333 46.61353 24.07942 4.723927 8.277382 1.944268
xbest 20.00715 283.0364 1.0000000 18.97285 286.8274 46.60519 24.08662 4.723215 8.260211 1.913766
xbest 20.00325 282.9375 1.0000000 18.97112 286.8253 46.60446 24.08719 4.722732 8.258190 1.918702
xbest 20.00000 282.9114 0.9910624 18.97341 286.8255 46.60529 24.08714 4.722687 8.258419 1.913986
xbest 20.00072 282.6160 0.9712299 18.97141 286.8312 46.60781 24.08631 4.723228 8.263913 1.920309
xbest 20.00025 282.6151 0.9683820 18.97092 286.8316 46.60775 24.08641 4.722877 8.267159 1.922612
xbest 20.00023 282.4776 0.9704239 18.97086 286.8354 46.60949 24.08630 4.722978 8.269972 1.928818
xbest 20.00117 282.4608 0.9806347 18.97182 286.8338 46.60787 24.08624 4.722303 8.274798 1.930093
xbest 20.00114 282.4650 0.9874541 18.97168 286.8342 46.60821 24.08621 4.722195 8.274271 1.929973
xbest 20.00177 282.3804 0.9963262 18.97169 286.8336 46.60618 24.08641 4.723071 8.283521 1.930057
xbest 20.00175 282.2360 0.9985467 18.97186 286.8338 46.60769 24.08621 4.722547 8.291321 1.931573
xbest 20.00193 282.3742 1.0000000 18.97143 286.8335 46.60856 24.08643 4.723257 8.286931 1.930129
xbest 20.00095 282.3605 0.9959820 18.97047 286.8349 46.60012 24.08643 4.722738 8.288367 1.929702
xbest 20.00256 282.2535 0.9827063 19.08871 286.8338 46.59382 24.09013 4.722568 8.188846 1.930143
xbest 20.00098 281.6425 0.9953907 19.05612 286.8353 46.59399 24.08578 4.722298 8.242986 1.929743
xbest 20.00098 281.6425 1.0000000 19.05612 286.8353 46.59399 24.08578 4.722298 8.242986 1.929743
xbest 20.00026 281.3865 0.9977533 19.05355 286.8351 46.59254 24.08662 4.721703 8.252649 1.929604
xbest 20.01475 281.2003 1.0000000 19.22680 286.8335 46.59064 24.09049 4.721728 8.139915 1.927100
xbest 20.01693 281.0249 1.0000000 19.26644 286.8328 46.58943 24.09020 4.721597 8.090398 1.926614
xbest 20.00069 281.3302 0.9962887 19.20182 286.8330 46.59016 24.08809 4.721676 8.134670 1.929884
xbest 20.00052 281.3101 0.9972369 19.26263 286.8324 46.58846 24.08664 4.721538 8.116802 1.930405
xbest 20.00051 281.3491 0.9975918 19.29665 286.8302 46.58525 24.08605 4.721383 8.062365 1.930454
xbest 20.00000 281.3491 0.9975918 19.29958 286.8302 46.58525 24.08605 4.721383 8.062365 1.927486
xbest 20.00481 281.0071 1.0000000 19.29268 286.8343 46.59189 24.08372 4.719971 8.077826 1.927303
xbest 20.00000 281.0071 1.0000000 19.29268 286.8343 46.59189 24.08372 4.719971 8.077826 1.930272
xbest 20.00046 280.7865 0.9992025 19.33515 286.8346 46.58996 24.10223 4.721248 8.049863 1.929034
xbest 20.00000 280.7865 0.9992025 19.33515 286.8346 46.58996 24.10223 4.721248 8.052988 1.932003
xbest 20.00062 280.8493 0.9991117 19.44408 286.8344 46.59143 24.10291 4.721314 7.964664 1.929402
xbest 20.00018 280.8761 0.9993464 19.64283 286.8353 46.59314 24.12063 4.722037 7.813817 1.927717
xbest 20.00018 280.8761 0.9993464 19.64283 286.8353 46.59314 24.12063 4.722037 7.813817 1.928459
xbest 20.00018 280.8761 0.9993464 19.64283 286.8353 46.59314 24.12063 4.722037 7.813817 1.928459

$time
elapsed elapsed elapsed elapsed elapsed elapsed elapsed elapsed elapsed elapsed elapsed elapsed elapsed elapsed elapsed elapsed elapsed elapsed elapsed elapsed elapsed elapsed elapsed elapsed elapsed elapsed elapsed elapsed elapsed elapsed 
   2.51    7.64   11.29   26.28   33.51   41.44   44.97   50.39  107.54  109.67  134.58  147.62  215.75  218.89  284.31  293.51  304.01  310.92  327.87  331.51  335.09  350.29  353.72  367.39  378.58  382.75  386.34  608.39  662.86  664.78 
elapsed elapsed elapsed elapsed elapsed elapsed elapsed elapsed elapsed elapsed elapsed elapsed elapsed elapsed elapsed 
 676.56  680.20  719.20  746.37  750.33  776.50  782.29  814.78  821.15  883.44  885.61  910.97  922.29  924.17 1341.64 

$neval
 [1]   106   267   414   992  1270  1550  1685  1894  4043  4126  5064  5556  8137  8263 10709 11045 11454 11727 12342 12481 12618 13178 13318 13809 14230 14370 14508 22823 24825 24898 25309 25449 26868 27880 28020 28996 29219 30452 30666
[40] 32978 33062 34015 34423 34496 50061

$fbest
[1] 342.7604

$xbest
 [1]  20.0001840 280.8760668   0.9993464  19.6428272 286.8353171  46.5931413  24.1206291   4.7220368   7.8138165   1.9284589

$numeval
[1] 50061

$end_crit
[1] 1

$cpu_time
elapsed 
1341.64 

$Refset
$Refset$x
          [,1]     [,2]      [,3]     [,4]     [,5]     [,6]     [,7]     [,8]     [,9]    [,10]
 [1,] 20.00042 276.3880 1.0000000 19.51369 286.8337 46.59734 24.09858 4.735916 8.047414 1.933860
 [2,] 20.00046 278.7978 0.9997899 19.46299 286.8348 46.59721 24.09150 4.722510 8.034794 1.929924
 [3,] 20.00559 280.7621 0.9995563 19.35893 286.8338 46.59634 24.09809 4.722466 8.031981 1.930404
 [4,] 20.00550 280.7586 0.9995338 19.35877 286.8344 46.59617 24.09749 4.722276 8.032949 1.930567
 [5,] 20.00082 280.8235 0.9996258 19.36015 286.8346 46.59454 24.09040 4.721753 8.032854 1.932098
 [6,] 20.00158 280.8147 0.9997540 19.35856 286.8342 46.59576 24.09088 4.721844 8.033224 1.931236
 [7,] 20.00099 280.9370 0.9995964 19.35256 286.8346 46.59479 24.08784 4.721591 8.034328 1.931537
 [8,] 20.00084 280.7662 0.9981543 19.36124 286.8346 46.59426 24.08552 4.720780 8.034529 1.931879
 [9,] 20.00146 281.7046 0.9987206 19.32460 286.8345 46.59509 24.07951 4.721525 8.033572 1.930503
[10,] 20.00073 280.2236 0.9513807 19.35682 286.8338 46.59835 24.08613 4.735503 8.047494 1.932047
[11,] 20.00387 280.7614 0.9973001 19.35993 286.8334 46.59216 24.10441 4.734726 8.041102 1.933403
[12,] 20.00096 280.9936 0.9991026 19.36527 286.8296 46.57752 24.08748 4.728413 8.034714 1.932067

$Refset$f
 [1] 343.1458 343.1771 343.1979 343.1979 343.1979 343.1979 343.1979 343.2066 343.6302 344.0017 344.1146 345.1128

$Refset$fpen
 [1] 343.1458 343.1771 343.1979 343.1979 343.1979 343.1979 343.1979 343.2066 343.6302 344.0017 344.1146 345.1128

$Refset$const
          [,1]     [,2]     [,3]     [,4]     [,5]
 [1,] 11.46627 27.95259 16.48631 1.510095 2.368780
 [2,] 11.42820 27.96521 16.53701 1.509999 2.368816
 [3,] 11.32695 27.96802 16.64107 1.510080 2.368843
 [4,] 11.32582 27.96705 16.64123 1.510030 2.369014
 [5,] 11.32729 27.96715 16.63985 1.510022 2.368739
 [6,] 11.32533 27.96678 16.64144 1.510056 2.368597
 [7,] 11.31823 27.96567 16.64744 1.510024 2.368599
 [8,] 11.32671 27.96547 16.63876 1.510022 2.368505
 [9,] 11.29103 27.96643 16.67540 1.510039 2.368126
[10,] 11.30933 27.95251 16.64318 1.510098 2.368135
[11,] 11.31882 27.95890 16.64007 1.510106 2.369154
[12,] 11.33056 27.96529 16.63473 1.510464 2.367299

$Refset$penalty
 [1] 0 0 0 0 0 0 0 0 0 0 0 0


