$f
 [1] 43319.405  2642.528  1744.339  1715.736  1715.467  1702.102  1699.429  1699.069  1659.878  1642.913  1641.873  1633.623  1576.627  1558.708  1540.075  1529.736  1518.771  1500.707  1476.929  1474.234  1468.210  1459.821  1457.882
[24]  1456.880  1452.851  1452.583  1449.571  1448.536  1419.873  1418.929  1412.840  1401.307  1390.667  1383.807  1374.434  1348.882  1320.748  1298.405  1288.550  1281.510  1279.451  1263.267  1259.929  1254.141  1253.285  1251.882
[47]  1251.326  1247.566  1246.613  1246.481  1245.533  1245.405  1244.665  1244.510  1244.231  1244.168  1243.899  1243.394  1242.734  1241.686  1241.618  1241.618

$x
          [,1]     [,2]      [,3]     [,4]     [,5]     [,6]     [,7]     [,8]     [,9]    [,10]
xbest 24.79000 337.0400 0.2529000 17.72000 285.5400 45.67000 29.49000 2.970000 2.000000 2.690000
xbest 20.00000 230.5691 0.1000000 15.00000 286.2681 48.00000 24.46447 2.000000 2.289499 2.591975
xbest 20.00000 190.5691 0.1000000 17.12132 286.6923 46.30294 24.00000 5.391212 4.193118 4.823621
xbest 20.00000 184.4278 0.1000000 15.92918 286.7105 47.66379 24.00000 6.416547 4.299826 5.000000
xbest 20.00000 184.8425 0.1000000 15.81761 286.7062 47.78584 24.00000 6.334654 4.333925 5.000000
xbest 20.00000 182.9510 0.1000000 15.54651 286.7081 47.61314 24.22216 6.422958 4.290803 5.000000
xbest 20.00000 182.7559 0.1011646 15.31162 286.7074 47.61204 24.26053 6.510605 4.236782 4.994664
xbest 20.00000 179.2105 0.1000000 16.56174 286.7060 47.94308 24.00009 6.360335 4.243306 5.000000
xbest 20.00393 176.4357 0.1000610 16.66747 286.7059 47.95555 24.00000 6.396245 4.212622 4.976859
xbest 20.02254 180.9608 0.1030113 16.56409 286.6933 46.96171 24.26187 6.101512 4.318332 4.467834
xbest 20.00000 180.9608 0.1030113 16.56409 286.6933 46.96171 24.26187 6.101512 4.305832 4.467834
xbest 20.00367 174.7642 0.1019831 16.29097 286.6777 47.71799 24.12605 6.512493 4.350262 5.000000
xbest 20.00400 176.3255 0.1016452 16.17944 286.6586 47.74439 24.12521 6.520320 4.351857 5.000000
xbest 20.00276 173.7053 0.1006750 16.19827 286.6296 47.75098 24.11419 6.520462 4.524676 5.000000
xbest 20.00000 173.7053 0.1000000 16.23343 286.6296 47.75098 24.11419 6.520462 4.474676 5.000000
xbest 20.03961 167.8272 0.1002176 16.39928 286.6189 47.69664 24.09853 6.553349 4.070966 4.314751
xbest 20.00000 167.8272 0.1002176 16.39928 286.6189 47.69664 24.09853 6.565849 4.108466 4.314751
xbest 20.01305 167.0988 0.1001059 16.57251 286.6141 47.71119 24.07058 6.537382 4.170099 4.773191
xbest 20.01840 167.1175 0.1001372 16.57261 286.6177 47.71152 24.10828 6.551475 3.936351 4.666233
xbest 20.00457 167.3719 0.1001619 16.52834 286.6145 47.70927 24.10054 6.551503 4.090059 4.620235
xbest 20.00000 166.9078 0.1000083 16.59377 286.6143 47.71002 24.10150 6.547558 4.008158 4.644726
xbest 20.00204 163.2622 0.1000083 16.60907 286.6147 47.74597 24.03470 6.550513 4.335980 4.648638
xbest 20.00130 162.5049 0.1000000 16.61495 286.6148 47.75944 24.00113 6.550511 4.336122 4.648405
xbest 20.00000 162.3048 0.1000000 16.61493 286.6148 47.75960 24.00297 6.550524 4.368786 4.652032
xbest 20.00000 162.3048 0.1000000 16.80243 286.6148 47.75960 24.00297 6.550524 4.362536 4.652032
xbest 20.00994 161.2883 0.1005723 16.83225 286.6145 47.75333 24.00000 6.550117 4.387078 4.641740
xbest 20.00603 161.8589 0.1002525 16.92983 286.6147 47.75618 24.01260 6.549955 4.310220 4.639191
xbest 20.00475 160.1642 0.1001859 17.09076 286.6146 47.76107 24.00305 6.548543 4.321069 4.636526
xbest 20.00682 156.4790 0.1008775 17.61137 286.6077 47.75050 24.01943 6.550840 4.219532 4.642699
xbest 20.00660 153.9530 0.1007590 17.82607 286.6082 47.75179 24.01834 6.550884 4.192889 4.644083
xbest 20.00593 147.7388 0.1010016 18.01117 286.6056 47.75461 24.01683 6.551671 4.194610 4.649570
xbest 20.00547 137.1618 0.1017158 18.52972 286.6012 47.77441 24.01653 6.551731 4.201614 4.649865
xbest 20.00581 143.1449 0.1013101 18.84285 286.6117 47.75270 24.01746 6.551407 4.176163 4.647593
xbest 20.00581 143.1059 0.1013101 19.03181 286.6117 47.75270 24.01746 6.551407 4.176163 4.647593
xbest 20.00532 135.6811 0.1017422 19.28427 286.6160 47.75226 24.02135 6.551353 4.179458 4.623558
xbest 20.00536 129.4827 0.1002983 20.03878 286.6074 47.75291 24.00929 6.551345 4.179125 4.649451
xbest 20.00386 119.9607 0.1000000 22.50482 286.6091 47.75892 24.02897 6.550993 3.596637 4.628590
xbest 20.00508 103.4023 0.1000000 23.31682 286.6005 47.75994 24.00809 6.551671 4.130734 4.664048
xbest 20.00538 100.0000 0.1000000 23.41062 286.6029 47.76040 24.00124 6.551949 3.985293 4.660347
xbest 20.00683 105.2719 0.1001661 21.68078 286.6105 47.75873 24.01951 6.552155 4.679741 4.630573
xbest 20.00773 104.3495 0.1002076 21.30422 286.6105 47.75894 24.01953 6.552030 5.036600 4.630427
xbest 20.01022 102.5305 0.1002006 20.79643 286.6110 47.75968 24.01984 6.552424 5.677599 4.633695
xbest 20.00553 101.2594 0.1000577 19.29304 286.6112 47.75860 24.01958 6.552532 6.903680 4.618184
xbest 20.00860 100.0000 0.1001688 20.87878 286.6093 47.75913 24.01985 6.551890 5.869606 4.635257
xbest 20.00333 100.4521 0.1000000 18.80926 286.6113 47.75687 24.01943 6.552599 8.537135 4.600222
xbest 20.00000 100.4521 0.1000000 18.80926 286.6113 47.75687 24.01943 6.552599 8.524635 4.600222
xbest 20.00330 100.0000 0.1001472 20.58468 286.6093 47.76589 24.00593 6.552167 6.093970 4.630023
xbest 20.00330 100.0000 0.1000000 20.58468 286.6093 47.76589 24.00593 6.552167 6.093970 4.630023
xbest 20.00640 100.2363 0.1000598 20.32051 286.6087 47.76178 24.00940 6.551962 6.265675 4.629779
xbest 20.00640 100.2558 0.1000598 20.32051 286.6087 47.76178 24.00940 6.551962 6.265675 4.629779
xbest 20.00712 100.1766 0.1000939 20.31787 286.6090 47.76184 24.00766 6.552143 6.271457 4.634421
xbest 20.00549 100.1934 0.1001232 20.24732 286.6098 47.76142 24.01178 6.552100 6.324842 4.634844
xbest 20.00461 100.0232 0.1001096 20.37733 286.6092 47.76247 24.00590 6.552178 6.242746 4.640368
xbest 20.00424 100.0706 0.1001123 20.33954 286.6089 47.76243 24.00784 6.552200 6.265338 4.640729
xbest 20.00427 100.0824 0.1001123 20.33906 286.6087 47.76062 24.00811 6.551940 6.265333 4.640734
xbest 20.00218 100.0151 0.1001071 20.24774 286.6093 47.76170 24.01523 6.552239 6.349332 4.638896
xbest 20.00146 100.0264 0.1001062 20.21938 286.6094 47.76197 24.02010 6.552245 6.351759 4.637608
xbest 20.00431 100.0151 0.1000167 20.25703 286.6086 47.75920 24.01063 6.552783 6.334727 4.646166
xbest 20.00484 100.0016 0.1000210 20.25191 286.6087 47.76101 24.01226 6.555180 6.335101 4.608034
xbest 20.00487 100.0016 0.1000090 20.24714 286.6093 47.76160 24.01244 6.554885 6.342330 4.615740
xbest 20.00487 100.0016 0.1000090 20.24714 286.6093 47.76160 24.01244 6.554885 6.342330 4.616482
xbest 20.00487 100.0016 0.1000090 20.24714 286.6093 47.76160 24.01244 6.554885 6.342330 4.616482

$time
elapsed elapsed elapsed elapsed elapsed elapsed elapsed elapsed elapsed elapsed elapsed elapsed elapsed elapsed elapsed elapsed elapsed elapsed elapsed elapsed elapsed elapsed elapsed elapsed elapsed elapsed elapsed elapsed elapsed elapsed 
   3.59    9.37   13.61   30.31   33.95   37.69   41.47   45.06   48.65   52.64   54.78   66.26   69.81   81.65   95.12  164.20  166.48  175.01  178.84  182.56  186.54  190.97  198.61  206.29  208.39  212.19  224.20  228.06  231.97  235.75 
elapsed elapsed elapsed elapsed elapsed elapsed elapsed elapsed elapsed elapsed elapsed elapsed elapsed elapsed elapsed elapsed elapsed elapsed elapsed elapsed elapsed elapsed elapsed elapsed elapsed elapsed elapsed elapsed elapsed elapsed 
 239.79  243.72  248.25  250.47  258.40  266.42  271.09  274.92  282.15  296.94  300.72  305.23  312.94  316.76  320.61  334.75  365.45  374.72  406.98  416.90  434.04  445.65  470.33  477.98  493.22  510.34  521.06  658.01  763.95  796.95 
elapsed elapsed 
 806.75 1378.20 

$neval
 [1]   106   284   442  1032  1173  1311  1456  1595  1733  1874  1954  2360  2494  2902  3402  5873  5960  6234  6375  6515  6660  6800  7082  7370  7448  7584  7995  8136  8278  8418  8565  8709  8852  8935  9224  9511  9650  9794 10070
[40] 10566 10708 10847 11134 11277 11418 11912 13010 13352 14439 14787 15344 15754 16649 16929 17473 18097 18510 23599 27393 28565 28910 50040

$fbest
[1] 1241.618

$xbest
 [1]  20.004868 100.001598   0.100009  20.247140 286.609302  47.761597  24.012445   6.554885   6.342330   4.616482

$numeval
[1] 50040

$end_crit
[1] 1

$cpu_time
elapsed 
 1378.2 

$Refset
$Refset$x
          [,1]     [,2]      [,3]     [,4]     [,5]     [,6]     [,7]     [,8]     [,9]    [,10]
 [1,] 20.00218 100.0116 0.1000163 20.26027 286.6093 47.75307 24.00813 6.553475 6.339794 4.635719
 [2,] 20.00134 100.0122 0.1000150 20.26170 286.6089 47.75475 24.00776 6.553546 6.339116 4.635669
 [3,] 20.00242 100.0069 0.1000081 20.26196 286.6093 47.75494 24.00800 6.553533 6.338890 4.636063
 [4,] 20.00222 100.0107 0.1000127 20.26052 286.6095 47.75438 24.00727 6.553479 6.339496 4.636113
 [5,] 20.00218 100.0091 0.1000168 20.26035 286.6092 47.75217 24.00806 6.553724 6.339319 4.634908
 [6,] 20.00198 100.0116 0.1000159 20.26045 286.6094 47.75457 24.00807 6.553502 6.339774 4.636448
 [7,] 20.00260 100.0014 0.1000086 20.26111 286.6080 47.75353 24.00810 6.553584 6.339341 4.635947
 [8,] 20.00197 100.0067 0.1000128 20.26305 286.6093 47.75187 24.00834 6.553485 6.342083 4.635796
 [9,] 20.00000 100.0037 0.1000116 20.24524 286.6072 47.75234 24.00434 6.553604 6.338064 4.635657
[10,] 20.00000 100.0165 0.1000105 20.25816 286.6092 47.75123 24.00741 6.553574 6.327607 4.636266
[11,] 20.00085 100.0129 0.1000271 20.24486 286.6086 47.74981 24.00666 6.553124 6.336964 4.642961
[12,] 20.00185 100.0095 0.1000140 20.26066 286.6093 47.75457 24.00799 6.553485 6.333867 4.636140

$Refset$f
 [1] 1242.877 1242.877 1242.877 1242.877 1242.877 1242.877 1242.877 1243.142 1243.262 1243.262 1243.262 1243.394

$Refset$fpen
 [1] 1242.877 1242.877 1242.877 1242.877 1242.877 1242.877 1242.877 1243.142 1243.262 1243.262 1243.262 1243.394

$Refset$const
          [,1]     [,2]     [,3]     [,4]     [,5]
 [1,] 13.92048 29.66021 15.73973 1.529616 2.260821
 [2,] 13.92258 29.66088 15.73830 1.529648 2.260641
 [3,] 13.92307 29.66111 15.73804 1.529615 2.260774
 [4,] 13.92102 29.66050 15.73948 1.529599 2.260811
 [5,] 13.92103 29.66068 15.73965 1.529628 2.260795
 [6,] 13.92067 29.66023 15.73955 1.529614 2.260790
 [7,] 13.92177 29.66066 15.73889 1.529728 2.260392
 [8,] 13.92097 29.65792 15.73695 1.529622 2.260841
 [9,] 13.90718 29.66194 15.75476 1.529789 2.260005
[10,] 13.93056 29.67239 15.74184 1.529631 2.260777
[11,] 13.90789 29.66304 15.75514 1.529676 2.260607
[12,] 13.92679 29.66613 15.73934 1.529618 2.260770

$Refset$penalty
 [1] 0 0 0 0 0 0 0 0 0 0 0 0


