$f
 [1] 5033.167 2761.602 2325.424 2312.314 2213.425 2171.988 2015.778 1956.844 1913.325 1847.675 1771.087 1640.474 1618.302 1518.406 1517.877 1517.448 1515.333 1513.854 1513.300 1512.587 1511.113 1509.590 1506.644 1502.271 1501.920 1499.684
[27] 1497.898 1497.722 1497.637 1494.674 1493.894 1493.646 1493.516 1490.637 1480.878 1472.705 1447.571 1447.571

$x
          [,1]     [,2]      [,3]     [,4]     [,5]     [,6]     [,7]     [,8]     [,9]    [,10]
xbest 29.59840 147.6362 0.1563326 19.46236 284.9845 37.60039 25.33316 5.451849 2.675143 2.774584
xbest 20.00000 367.0229 1.0000000 16.46606 286.2529 38.47856 28.67998 2.000000 3.359704 1.890150
xbest 20.00000 447.0229 0.9775000 15.71606 286.5904 38.47856 27.37998 4.450000 3.315954 1.462650
xbest 20.00292 445.5850 0.9726330 15.75397 286.6691 38.26383 26.76887 4.138309 3.179381 1.457792
xbest 20.02907 414.8686 0.3530881 16.02353 286.5845 38.36180 28.33657 2.746627 3.003076 1.359715
xbest 20.00000 449.6263 0.9894227 16.63151 286.7469 37.89512 26.08620 6.133735 2.654726 1.609002
xbest 20.02427 169.9055 0.1000000 29.99382 286.4097 42.21650 24.11490 5.531465 2.000000 4.666257
xbest 20.00000 386.2490 0.9375732 15.07397 286.7020 42.56778 28.75603 5.316426 2.626302 1.200000
xbest 20.00000 330.4517 0.9149973 15.13990 286.7031 43.04143 28.77494 5.257187 2.601714 1.200000
xbest 20.00000 279.5649 0.9910805 15.00000 286.7732 44.59815 29.10054 5.923157 2.310851 1.200000
xbest 20.00000 313.0295 0.9789446 15.05764 286.8057 46.10919 28.37796 5.882140 2.421133 1.256339
xbest 20.01853 293.2766 1.0000000 15.00000 286.8057 46.11413 28.70296 6.082140 2.001273 1.256339
xbest 23.70818 234.1583 0.7006044 18.39867 286.6764 38.10146 24.41248 6.256837 3.758727 1.459603
xbest 23.70818 232.9277 1.0000000 18.21117 286.6810 38.10146 24.33249 6.203760 3.983339 1.447913
xbest 22.79661 238.0334 0.7696324 17.54978 286.6540 37.94068 24.73941 6.276810 5.404938 1.485429
xbest 22.79572 237.8020 0.7695010 17.54473 286.6540 37.94190 24.73898 6.276817 5.433976 1.485436
xbest 22.81714 237.0863 0.7742382 17.60902 286.6542 37.94833 24.72485 6.276813 5.375257 1.486820
xbest 22.81728 237.1382 0.7770326 17.64736 286.6538 37.94867 24.70654 6.276696 5.340353 1.486824
xbest 22.81769 237.1437 0.7766894 17.66090 286.6533 37.94831 24.70001 6.276559 5.329856 1.487185
xbest 22.87888 234.1889 0.7753883 17.60141 286.6555 37.94432 24.71721 6.277195 5.435643 1.484570
xbest 22.85038 235.3615 0.8249255 17.61797 286.6584 37.94438 24.70680 6.275317 5.424376 1.486474
xbest 22.85038 235.3615 0.8474255 17.61797 286.6584 37.94438 24.70680 6.275317 5.424376 1.486474
xbest 22.85102 235.4780 0.8793492 17.62640 286.6579 37.94460 24.70541 6.275675 5.426207 1.486488
xbest 22.84577 235.7646 0.9530586 17.63609 286.6586 37.94476 24.70212 6.275308 5.426900 1.486510
xbest 22.93449 233.1163 0.9905564 17.57479 286.6570 37.94720 24.70138 6.277917 5.460580 1.484727
xbest 22.93449 233.1163 1.0000000 17.57772 286.6570 37.94720 24.70138 6.277917 5.473080 1.484727
xbest 23.01146 226.4598 0.9715120 17.83825 286.6563 37.97697 24.72339 6.279387 5.398246 1.472801
xbest 23.11753 226.5410 0.9832200 17.65103 286.6590 37.94995 24.70154 6.275875 5.428020 1.487828
xbest 23.24540 221.8074 0.9829139 17.75038 286.6590 37.95005 24.70185 6.275960 5.397973 1.487664
xbest 23.24540 221.8074 1.0000000 17.75917 286.6590 37.95005 24.70185 6.275960 5.410473 1.487664
xbest 23.06993 224.7779 0.9839772 17.85799 286.6526 37.94561 24.67458 6.275895 5.417065 1.487793
xbest 23.07727 224.1468 0.9842113 17.89365 286.6517 37.94331 24.67341 6.275836 5.408328 1.487843
xbest 23.07727 224.1468 1.0000000 17.89365 286.6517 37.94331 24.67341 6.275836 5.408328 1.487843
xbest 23.35385 223.9860 0.9498740 17.89278 286.6435 38.09138 24.31310 6.216278 5.213451 1.428387
xbest 23.36040 224.0642 0.9498740 17.88692 286.6411 38.09138 24.35373 6.216278 5.214325 1.428387
xbest 20.65716 210.2010 0.9578882 17.87686 286.6481 38.10448 25.24302 7.112743 5.956471 1.236899
xbest 20.65716 210.2010 1.0000000 18.62979 286.6475 38.10448 25.24302 7.112743 5.956471 1.236899
xbest 20.65716 210.2010 1.0000000 18.62979 286.6475 38.10448 25.24302 7.112743 5.956471 1.236899

$time
elapsed elapsed elapsed elapsed elapsed elapsed elapsed elapsed elapsed elapsed elapsed elapsed elapsed elapsed elapsed elapsed elapsed elapsed elapsed elapsed elapsed elapsed elapsed elapsed elapsed elapsed elapsed elapsed elapsed elapsed 
   2.29    6.53    9.65   17.25   20.54   23.81   26.98   30.85   34.09   37.17   44.14   46.96  173.37  176.98  392.03  430.92  438.67  452.29  476.07  537.45  607.75  609.42  621.40  627.25  637.04  642.62  750.93  789.20  796.81  824.95 
elapsed elapsed elapsed elapsed elapsed elapsed elapsed elapsed 
 950.62 1033.75 1035.34 1096.84 1099.14 1158.50 1160.50 1188.00 

$neval
 [1]   106   278   418   714   859  1001  1145  1283  1422  1561  1841  1968  7274  7435 16587 18157 18496 19043 20058 22698 25647 25720 26274 26546 26960 27182 31801 33356 33691 34863 40186 43646 43719 46302 46407 48855 48945 50042

$fbest
[1] 1447.571

$xbest
 [1]  20.657156 210.201007   1.000000  18.629787 286.647515  38.104476  25.243017   7.112743   5.956471   1.236899

$numeval
[1] 50042

$end_crit
[1] 1

$cpu_time
elapsed 
   1188 

$Refset
$Refset$x
           [,1]      [,2]        [,3]      [,4]       [,5]      [,6]     [,7]       [,8]      [,9]    [,10]
 [1,]  20.65716   1.00000 286.6475146 25.243017   5.956471  20.65716  1.00000 286.647515 25.243017 5.956471
 [2,] 210.20101  18.62979  38.1044756  7.112743   1.236899 210.20101 18.62979  38.104476  7.112743 1.236899
 [3,]  20.65716 210.20101   0.9578882 17.876858 286.648101  38.10448 25.24302   7.112743  5.956471 1.236899
 [4,]  23.07205 224.38749   0.9840303 17.887102 286.653002  37.94540 24.68063   6.276056  5.407263 1.487897
 [5,]  23.07612 224.62647   0.9855422 17.884691 286.651454  37.94524 24.66944   6.276622  5.384218 1.487485
 [6,]  21.44297 389.44204   0.9266695 16.495016 285.501273  22.37699 46.83110   3.547550  5.813236 2.794758
 [7,]  23.10426 224.13654   0.9831660 17.888339 286.653060  37.95674 24.65369   6.275611  5.386027 1.483412
 [8,]  23.08815 224.49352   0.9836334 17.887738 286.650909  37.94591 24.59270   6.274656  5.361877 1.485681
 [9,]  23.09420 224.38157   0.9673368 17.891646 286.647808  38.17735 24.35384   6.236750  5.388895 1.399278
[10,]  23.07916 233.90252   0.9844565 17.373465 286.663511  37.98332 24.67055   6.274586  5.395322 1.481272
[11,]  23.07589 230.13763   0.9787717 17.619252 286.657294  38.03841 24.67209   6.276849  5.316882 1.485273
[12,]  23.41039 225.27594   0.9749639 17.877926 286.641132  37.90718 24.69698   6.193991  5.174726 1.486291

$Refset$f
 [1]    1447.571    1447.571    1472.705    1493.646    1494.267 1000000.000    1503.295    1507.648    1511.741    1515.165    1527.181    1568.667

$Refset$fpen
 [1] 1.447571e+03 1.447571e+03 1.472705e+03 1.493646e+03 1.494267e+03 9.999975e+11 1.503295e+03 1.507648e+03 1.511741e+03 1.515165e+03 1.527181e+03 1.568667e+03

$Refset$const
              [,1]         [,2]         [,3]         [,4]         [,5]
 [1,] 1.267332e+01 1.737021e+01 2.694905e+00 3.004353e+01 1.515936e+00
 [2,] 3.004353e+01 1.515936e+00 1.267332e+01 1.737021e+01 2.694905e+00
 [3,] 1.192039e+01 3.004353e+01 1.812314e+01 1.515871e+00 2.695130e+00
 [4,] 1.247984e+01 3.059274e+01 1.811290e+01 1.516792e+00 2.661298e+00
 [5,] 1.250047e+01 3.061578e+01 1.811531e+01 1.516995e+00 2.659852e+00
 [6,] 1.000000e+06 1.000000e+06 1.000000e+06 1.000000e+06 1.000000e+06
 [7,] 1.250231e+01 3.061397e+01 1.811166e+01 1.516892e+00 2.658667e+00
 [8,] 1.252586e+01 3.063812e+01 1.811226e+01 1.517290e+00 2.653690e+00
 [9,] 1.250275e+01 3.061111e+01 1.810835e+01 1.518763e+00 2.623015e+00
[10,] 1.197814e+01 3.060468e+01 1.862653e+01 1.515757e+00 2.662613e+00
[11,] 1.230237e+01 3.068312e+01 1.838075e+01 1.516538e+00 2.657606e+00
[12,] 1.270320e+01 3.082527e+01 1.812207e+01 1.517957e+00 2.659990e+00

$Refset$penalty
 [1]      0.0      0.0      0.0      0.0      0.0 999996.5      0.0      0.0      0.0      0.0      0.0      0.0


