$f
 [1] 1978.8611  861.9427  704.9722  663.0156  632.2431  616.2361  578.6944  496.2674  488.0642  474.6615  346.4028  345.0295  339.9045  332.8420  326.5868  326.5868

$x
          [,1]     [,2]      [,3]     [,4]     [,5]     [,6]     [,7]     [,8]     [,9]    [,10]
xbest 22.53913 399.7003 0.3231054 15.70733 286.3825 40.47620 24.04569 2.137076 8.432136 4.469776
xbest 21.90804 103.6067 0.3266347 25.99800 285.8906 46.37873 27.30898 3.143423 7.320074 3.961864
xbest 21.90804 103.6067 0.2197597 27.49800 285.8906 44.17873 27.30898 3.143423 7.320074 4.104364
xbest 20.00000 233.5317 0.1204514 21.78287 286.8662 44.62425 25.63984 2.678129 6.629698 3.932689
xbest 20.00000 237.4404 0.1377497 21.25979 286.7511 44.95086 25.54973 3.041490 6.708033 2.793567
xbest 20.05480 236.5604 0.2332606 21.77531 286.7471 43.21315 25.71298 3.698307 6.703004 3.930732
xbest 21.24584 225.8577 0.2727178 18.01924 286.4485 43.77686 26.71749 7.318394 7.136216 3.767065
xbest 20.23536 240.5488 0.1584169 21.13980 286.7090 44.29403 24.75466 3.275520 6.496971 2.584854
xbest 20.23536 240.3144 0.1359169 21.13980 286.7090 44.29403 24.75466 3.275520 6.496971 2.584854
xbest 21.48858 243.5225 0.1477647 18.50170 286.8128 44.91921 24.21445 7.248035 7.055571 4.715724
xbest 21.48858 243.5225 0.1000000 18.50170 286.8128 44.51921 24.09258 7.248035 6.905571 4.424786
xbest 21.93584 247.0933 0.1230260 18.06761 286.5879 43.62038 24.51203 7.254262 6.750434 4.917020
xbest 21.93584 247.0933 0.1230260 18.25511 286.5879 43.62038 24.51203 7.254262 6.750434 4.917020
xbest 21.85920 249.7047 0.1236949 18.05293 286.5758 43.66815 24.44361 7.253053 6.733769 4.727492
xbest 21.85920 250.6911 0.1011949 18.02673 286.5758 43.66815 24.44361 7.253053 6.698222 4.727492
xbest 21.85920 250.6911 0.1011949 18.02673 286.5758 43.66815 24.44361 7.253053 6.698222 4.727492

$time
elapsed elapsed elapsed elapsed elapsed elapsed elapsed elapsed elapsed elapsed elapsed elapsed elapsed elapsed elapsed elapsed 
   2.22    6.72    9.22   15.80   19.15   23.26   29.40   32.39   42.86   75.05   77.39  280.97  282.50  303.20  314.25 1145.30 

$neval
 [1]   106   264   377   673   821   965  1245  1387  1878  3229  3344 12844 12917 13862 14369 50093

$fbest
[1] 326.5868

$xbest
 [1]  21.8591985 250.6910570   0.1011949  18.0267287 286.5758064  43.6681503  24.4436110   7.2530532   6.6982217   4.7274922

$numeval
[1] 50093

$end_crit
[1] 1

$cpu_time
elapsed 
 1145.3 

$Refset
$Refset$x
          [,1]     [,2]      [,3]     [,4]     [,5]     [,6]     [,7]     [,8]     [,9]    [,10]
 [1,] 21.82675 246.3700 0.1051451 18.10385 286.6542 43.86716 24.98563 7.257806 6.792398 4.846104
 [2,] 21.82596 246.4819 0.1051593 18.11101 286.6546 43.86994 24.98308 7.257544 6.783678 4.845637
 [3,] 21.82717 246.3172 0.1051867 18.10190 286.6540 43.86720 24.99814 7.257817 6.795150 4.846215
 [4,] 21.82679 246.3866 0.1051555 18.10385 286.6542 43.86679 24.98710 7.257753 6.791496 4.846055
 [5,] 21.82670 246.3866 0.1051508 18.10368 286.6542 43.86702 24.98561 7.257804 6.791777 4.846063
 [6,] 21.82474 246.4055 0.1051304 18.10960 286.6541 43.86669 24.97415 7.257666 6.789660 4.845396
 [7,] 21.82404 246.4434 0.1051492 18.10549 286.6542 43.86661 24.97524 7.257705 6.791049 4.846060
 [8,] 21.82485 246.4010 0.1051353 18.10646 286.6543 43.86887 24.97830 7.257772 6.791237 4.843828
 [9,] 21.82640 246.3680 0.1051406 18.10770 286.6540 43.86663 24.99516 7.257796 6.790753 4.845882
[10,] 21.82703 246.3678 0.1051610 18.10265 286.6540 43.86719 24.99397 7.257809 6.792742 4.846131
[11,] 21.83260 246.3929 0.1051895 18.09854 286.6540 43.86347 24.98063 7.257638 6.792470 4.833350
[12,] 21.81176 244.2532 0.1321722 18.34570 286.6907 43.79880 25.08792 7.247895 6.805307 4.562556

$Refset$f
 [1] 334.7847 334.7847 334.7847 334.7847 334.7847 334.8177 334.8177 334.8177 334.8177 334.7847 335.0799 382.0365

$Refset$fpen
 [1] 334.7847 334.7847 334.7847 334.7847 334.7847 334.8177 334.8177 334.8177 334.8177 334.7847 335.0799 382.0365

$Refset$const
          [,1]     [,2]     [,3]     [,4]     [,5]
 [1,] 11.31145 29.20760 17.89615 1.523856 2.439264
 [2,] 11.32733 29.21632 17.88899 1.523823 2.439161
 [3,] 11.30675 29.20485 17.89810 1.523856 2.439939
 [4,] 11.31235 29.20850 17.89615 1.523849 2.439381
 [5,] 11.31190 29.20822 17.89632 1.523848 2.439295
 [6,] 11.31994 29.21034 17.89040 1.523879 2.438578
 [7,] 11.31444 29.20895 17.89451 1.523864 2.438691
 [8,] 11.31522 29.20876 17.89354 1.523859 2.438805
 [9,] 11.31694 29.20925 17.89230 1.523856 2.439798
[10,] 11.30990 29.20726 17.89735 1.523859 2.439704
[11,] 11.30607 29.20753 17.90146 1.523880 2.439022
[12,] 11.54039 29.19469 17.65430 1.520134 2.460242

$Refset$penalty
 [1] 0 0 0 0 0 0 0 0 0 0 0 0


