$f
 [1] 11799.161  5298.771  4922.703  4120.502  3833.252  3682.413  3589.842  3389.101  3366.247  3356.066  3268.189  3214.517  3122.686  3058.844  3042.819  3030.651  3004.590  2989.113  2946.342  2944.139  2922.958  2921.915  2915.003
[24]  2913.575  2913.224  2912.795  2912.486  2912.319  2911.731  2911.146  2911.146

$x
          [,1]     [,2]      [,3]     [,4]     [,5]     [,6]     [,7]     [,8]     [,9]    [,10]
xbest 24.79000 337.0400 0.2529000 17.72000 285.5400 45.67000 29.49000 2.970000 2.000000 2.690000
xbest 20.00000 424.3469 0.1117558 17.16163 285.1575 46.72387 24.04054 2.000000 2.000000 2.564766
xbest 20.00000 404.3469 0.1000000 17.16163 285.1575 48.00000 24.00000 2.000000 2.001747 2.755596
xbest 26.43699 216.9002 0.6092953 23.68548 286.0042 26.87737 25.25175 6.906247 7.085171 4.472381
xbest 27.02926 289.6421 0.4568760 24.73700 286.4092 30.68455 26.66658 4.109613 3.463490 3.414119
xbest 21.42889 229.5755 0.1042087 20.72264 285.6108 40.75716 25.00438 2.420580 6.273723 2.309216
xbest 20.15439 235.9781 0.1035421 20.59724 285.5731 40.74399 25.50385 2.018277 6.494175 3.830006
xbest 20.00000 228.9263 0.1025797 21.01702 285.6354 37.08333 25.87691 2.000000 6.948728 4.927195
xbest 20.00000 224.8550 0.1000000 20.36126 285.3646 41.10557 25.96559 2.191404 6.926122 4.981523
xbest 20.91862 180.4610 0.1163742 24.76972 285.6410 39.02155 24.99055 2.393238 6.270812 3.559682
xbest 20.75094 168.5141 0.1029124 25.26947 285.4682 36.84197 25.39636 2.145976 6.504009 3.696597
xbest 20.65914 192.0166 0.1000000 25.33349 285.2094 34.37340 26.49344 2.069616 5.609317 3.424431
xbest 20.65914 192.0166 0.1000000 25.54141 285.2081 33.77340 26.43063 2.043847 5.609317 3.400681
xbest 20.23296 198.8343 0.1000000 25.64482 285.1467 34.47304 25.67548 2.070162 5.352030 3.461068
xbest 20.23296 198.8343 0.1000879 25.64042 285.1478 34.49804 25.71611 2.057662 5.364530 3.461068
xbest 20.72234 186.9449 0.1078825 24.92449 285.1877 34.10477 26.12734 2.787729 6.126945 3.327268
xbest 20.72234 186.9450 0.1000000 24.92449 285.1877 34.10477 26.12734 2.800229 6.126945 3.327268
xbest 20.71260 187.3505 0.1110593 24.97985 285.1009 34.09928 25.50184 2.820173 6.111846 3.391033
xbest 20.71260 187.3505 0.1000000 24.97912 285.1006 33.94899 25.50184 2.820173 6.086846 3.581404
xbest 20.71628 191.1604 0.1084404 25.14049 285.1016 34.06987 25.51637 2.848000 5.859009 3.384974
xbest 20.71628 190.8479 0.1054619 25.14049 285.1016 34.06987 25.47574 2.848000 5.859009 3.384974
xbest 20.55599 191.6128 0.1059476 25.15603 285.0986 34.06603 25.45483 2.849183 5.853626 3.414037
xbest 20.55599 191.5738 0.1059476 25.15603 285.0986 34.06603 25.45483 2.849183 5.856751 3.414037
xbest 20.54300 191.7940 0.1054014 25.15332 285.0971 34.06303 25.44097 2.848123 5.851671 3.411957
xbest 20.57919 191.5519 0.1054354 25.15381 285.0975 34.06366 25.44298 2.848217 5.851865 3.393829
xbest 20.55751 191.6729 0.1052061 25.15369 285.0982 34.06288 25.44528 2.848043 5.852578 3.409369
xbest 20.55511 191.6547 0.1051023 25.15434 285.0978 34.06316 25.44420 2.848119 5.851426 3.410133
xbest 20.56052 191.6482 0.1052085 25.15355 285.0981 34.06388 25.44522 2.848037 5.852483 3.403772
xbest 20.55455 191.6589 0.1051027 25.15439 285.0977 34.06318 25.44426 2.848121 5.851477 3.415364
xbest 20.55892 191.7126 0.1051685 25.15070 285.0978 34.06519 25.44657 2.848769 5.852133 3.402287
xbest 20.55892 191.7126 0.1051685 25.15070 285.0978 34.06519 25.44657 2.848769 5.852133 3.402287

$time
elapsed elapsed elapsed elapsed elapsed elapsed elapsed elapsed elapsed elapsed elapsed elapsed elapsed elapsed elapsed elapsed elapsed elapsed elapsed elapsed elapsed elapsed elapsed elapsed elapsed elapsed elapsed elapsed elapsed elapsed 
   7.46   20.21   27.79   38.79   50.60   60.25   69.89   80.79   90.78  100.70  121.71  132.48  141.43  228.15  245.85  524.89  532.84  617.48  648.18  768.31  775.35  933.82  939.75 1023.12 1132.46 1189.48 1308.17 1318.93 1339.54 1658.12 
elapsed 
1813.46 

$neval
 [1]   106   268   371   521   668   808   947  1088  1226  1364  1638  1775  1897  3098  3342  7116  7222  8303  8688 10201 10295 12342 12420 13518 14937 15699 17276 17412 17681 22024 24283

$fbest
[1] 2911.146

$xbest
 [1]  20.5589195 191.7125864   0.1051685  25.1507026 285.0977966  34.0651908  25.4465663   2.8487692   5.8521327   3.4022869

$numeval
[1] 24283

$end_crit
[1] 2

$cpu_time
elapsed 
1813.46 

$Refset
$Refset$x
           [,1]        [,2]        [,3]      [,4]       [,5]      [,6]       [,7]       [,8]      [,9]    [,10]
 [1,]  20.55892   0.1051685 285.0977966 25.446566   5.852133  20.55892  0.1051685 285.097797 25.446566 5.852133
 [2,] 191.71259  25.1507026  34.0651908  2.848769   3.402287 191.71259 25.1507026  34.065191  2.848769 3.402287
 [3,]  20.55892 191.7125864   0.1051685 25.150703 285.097797  34.06519 25.4465663   2.848769  5.852133 3.402287
 [4,]  20.56341 191.7405493   0.1051939 25.149188 285.098452  34.06340 25.4468189   2.848711  5.850585 3.396071
 [5,]  20.56919 191.7425521   0.1050790 25.146886 285.098481  34.06362 25.4471691   2.848706  5.850370 3.399966
 [6,]  20.56769 191.7401366   0.1050945 25.147356 285.098537  34.06357 25.4465792   2.848544  5.850696 3.401826
 [7,]  20.56799 191.7163540   0.1050981 25.148614 285.098433  34.06385 25.4470924   2.848640  5.850707 3.400929
 [8,]  24.57138 161.3131959   0.7981045 27.113723 285.478230  41.53634 40.4900739   8.854449  9.998983 1.241121
 [9,]  20.56011 191.7323590   0.1051230 25.148836 285.098404  34.06359 25.4472982   2.848519  5.850516 3.399247
[10,]  20.56617 192.1817990   0.1062171 25.150373 285.098787  34.06102 25.4692577   2.856490  5.842088 3.407975
[11,]  20.56116 192.0226695   0.1032976 24.733474 285.176319  34.06416 25.4924133   2.833197  6.021451 3.319311
[12,]  21.04119 240.3323349   0.1230565 22.484324 285.199259  33.75554 25.3933473   2.889128  5.819047 3.493085

$Refset$f
 [1]    2911.146    2911.146    2911.146    2912.040    2912.073    2912.073    2912.073 1715256.477    2912.786    2943.998    3222.215    3635.163

$Refset$fpen
 [1]    2911.146    2911.146    2911.146    2912.040    2912.073    2912.073    2912.073 1715256.477    2912.786    2943.998    3222.215    3635.163

$Refset$const
          [,1]      [,2]      [,3]      [,4]     [,5]
 [1,] 19.29857 10.849297  2.517759 30.147867 1.690695
 [2,] 30.14787  1.690695 19.298570 10.849297 2.517759
 [3,] 19.29857 30.147867 10.849297  1.690695 2.517759
 [4,] 19.29860 30.149415 10.850812  1.690618 2.518009
 [5,] 19.29652 30.149630 10.853114  1.690615 2.518029
 [6,] 19.29666 30.149304 10.852644  1.690607 2.517992
 [7,] 19.29791 30.149293 10.851386  1.690621 2.518000
 [8,] 17.11474 26.001017  8.886277  1.619135 3.493203
 [9,] 19.29832 30.149484 10.851164  1.690625 2.518028
[10,] 19.30828 30.157912 10.849627  1.690647 2.520114
[11,] 18.71202 29.978549 11.266526  1.681130 2.535851
[12,] 16.66528 30.180953 13.515676  1.678581 2.551542

$Refset$penalty
 [1] 0 0 0 0 0 0 0 0 0 0 0 0


