$f
 [1] 3427.420 2836.226 2413.812 1890.299 1768.910 1654.227 1589.569 1534.568 1527.785 1441.929 1397.649 1335.922 1291.253 1264.576 1191.757 1182.229 1175.563 1165.205 1156.752 1152.889 1142.120 1119.016 1113.950 1112.432 1110.061 1109.795
[27] 1109.358 1108.389 1107.986 1107.689 1107.214 1107.118 1107.000 1104.549 1103.960 1103.432 1103.026 1101.351 1101.347 1101.066 1100.986 1100.672 1099.174 1098.705 1098.434 1098.429 1097.816 1097.144 1096.622 1095.417 1088.278 1083.260
[53] 1083.260

$x
          [,1]     [,2]      [,3]     [,4]     [,5]     [,6]     [,7]     [,8]     [,9]    [,10]
xbest 22.03034 105.0687 0.9585045 24.83531 285.1222 35.15609 25.67235 5.158103 6.554214 4.232900
xbest 20.00000 255.5105 0.1000000 17.32560 285.2546 47.06239 24.00000 2.063192 2.000000 2.250166
xbest 20.00000 235.5105 0.1225246 15.00655 285.2586 47.06239 25.95000 2.061446 2.200000 2.535166
xbest 20.29798 230.4172 0.1921145 15.20719 286.6958 44.68932 26.92789 5.222725 4.958269 3.935580
xbest 20.43782 230.7479 0.1959437 15.21411 286.7318 46.17758 27.46870 4.596477 4.150159 4.521967
xbest 20.23122 205.9081 0.1000000 16.27526 286.7334 45.13187 26.33450 6.113375 6.419914 3.574883
xbest 20.29921 186.6608 0.1038832 15.32390 286.8255 46.40894 27.87335 7.221962 6.682665 4.647612
xbest 22.77794 100.0000 0.3261966 18.35033 286.6707 45.92049 25.32141 6.056724 7.302708 3.694591
xbest 20.18385 233.7339 0.1553413 16.81994 286.5876 44.49928 24.00000 6.430587 2.147287 1.896774
xbest 20.26144 190.1170 0.1000000 15.38075 286.8297 46.41375 28.16852 7.257676 7.114516 4.760594
xbest 20.21457 190.1170 0.1000000 15.19325 286.8274 46.41375 28.02633 7.257676 7.127016 4.843719
xbest 20.26109 201.9077 0.1141081 15.47652 286.7233 45.77407 28.20726 7.164294 6.368981 4.561129
xbest 20.00000 201.9077 0.1000000 15.00000 286.7233 45.77407 28.20726 7.164294 6.968981 4.561129
xbest 22.35922 194.3756 0.1039193 16.90011 286.7017 47.19356 24.99393 5.821901 2.594911 1.424266
xbest 20.78806 196.0781 0.1086154 16.85464 286.7147 47.09771 26.93378 6.184568 3.057366 1.391484
xbest 20.78806 196.0781 0.1086154 17.04288 286.7147 47.09771 26.93378 6.184568 3.057366 1.391484
xbest 20.72339 196.5915 0.1101850 16.52709 286.7032 47.10265 26.91123 6.188061 3.762572 1.390562
xbest 20.62964 197.8415 0.1101850 16.52709 286.7032 47.10265 26.95754 6.188061 3.758069 1.390562
xbest 20.81400 188.3586 0.1143526 17.78119 286.7059 46.51533 26.96271 6.083283 2.830720 1.338873
xbest 20.40003 214.5149 0.1106364 16.07074 286.7152 46.73009 26.72496 6.083848 3.490492 1.267235
xbest 20.40003 213.8899 0.1106364 16.25824 286.7176 46.73009 26.74527 6.083848 3.446742 1.267235
xbest 20.00799 221.5282 0.1035348 17.31348 286.7137 46.73866 26.87133 6.118221 2.639314 1.287352
xbest 20.00000 221.5282 0.1035348 17.31641 286.7137 46.73866 26.87133 6.118221 2.639314 1.290320
xbest 20.01451 222.1968 0.1075601 17.23818 286.7144 46.74459 26.86878 6.121313 2.930317 1.293587
xbest 20.00625 221.9972 0.1085817 17.28263 286.7138 46.73910 26.87327 6.119938 2.886729 1.291061
xbest 20.00000 221.9972 0.1085817 17.28263 286.7138 46.73910 26.87327 6.119938 2.874229 1.291061
xbest 20.01473 228.6029 0.1060247 17.16059 286.7199 46.75184 26.97487 6.130897 2.647013 1.289391
xbest 20.00000 228.6029 0.1060247 17.16059 286.7199 46.75184 26.97487 6.130897 2.647013 1.289391
xbest 20.02291 227.3445 0.1060663 17.17690 286.7136 46.74031 26.99549 6.127947 2.646767 1.286699
xbest 20.02153 226.5660 0.1068375 17.16146 286.7134 46.73877 26.99471 6.127864 2.664644 1.286708
xbest 20.00000 226.5660 0.1068375 17.16146 286.7134 46.73877 26.99471 6.127864 2.664644 1.286708
xbest 20.04813 228.4834 0.1047456 17.22292 286.7162 46.70801 26.99146 6.122469 2.635534 1.287661
xbest 20.04813 228.4834 0.1047676 17.22292 286.7162 46.70801 26.99146 6.122493 2.635534 1.287661
xbest 20.02638 229.5220 0.1053700 17.20859 286.7192 46.72654 26.97524 6.101785 2.635234 1.304955
xbest 20.02638 229.5220 0.1053700 17.20859 286.7192 46.72654 26.97524 6.101785 2.635234 1.305697
xbest 20.04607 227.4556 0.1038941 17.31142 286.7142 46.73375 27.00896 6.128519 2.648294 1.285756
xbest 20.04517 227.4221 0.1041922 17.27420 286.7143 46.73398 27.00538 6.128290 2.660249 1.285768
xbest 20.04681 227.3681 0.1032823 17.29956 286.7144 46.73447 27.00584 6.128331 2.659589 1.285124
xbest 20.04683 227.5044 0.1031703 17.32701 286.7142 46.73224 27.01102 6.127991 2.661485 1.285647
xbest 20.04719 227.5003 0.1030207 17.34038 286.7142 46.73092 27.01140 6.127972 2.662461 1.285320
xbest 20.04647 227.0163 0.1031664 17.39307 286.7142 46.73636 27.00606 6.128592 2.640148 1.285441
xbest 20.04744 226.7874 0.1029921 17.42247 286.7142 46.73792 27.00578 6.128579 2.640341 1.285100
xbest 20.04642 227.1574 0.1020153 17.44805 286.7148 46.73700 27.00244 6.128398 2.646971 1.286590
xbest 20.04704 226.5204 0.1026105 17.47179 286.7145 46.73963 27.00763 6.128864 2.630334 1.285664
xbest 20.04647 227.1504 0.1016749 17.49567 286.7147 46.73692 27.00086 6.128394 2.646529 1.286609
xbest 20.04638 227.1229 0.1016731 17.50565 286.7147 46.73676 26.99876 6.128390 2.645809 1.286617
xbest 20.04645 227.1459 0.1018078 17.48906 286.7146 46.73947 27.00072 6.128413 2.647622 1.286640
xbest 20.04621 227.2269 0.1019653 17.44586 286.7144 46.73543 27.00206 6.128428 2.651179 1.286659
xbest 20.04471 227.1234 0.1015784 17.63551 286.7248 46.67931 27.24370 6.122587 2.646780 1.290187
xbest 20.04471 227.1234 0.1015784 17.63551 286.7248 46.67931 27.24370 6.122587 2.646780 1.290929
xbest 20.04530 227.1817 0.1017121 17.47754 286.7185 46.69556 27.13609 6.124698 2.649900 1.286651
xbest 20.05116 227.1817 0.1017121 17.47754 286.7185 46.69556 27.13609 6.124698 2.649900 1.286651
xbest 20.05116 227.1817 0.1017121 17.47754 286.7185 46.69556 27.13609 6.124698 2.649900 1.286651

$time
elapsed elapsed elapsed elapsed elapsed elapsed elapsed elapsed elapsed elapsed elapsed elapsed elapsed elapsed elapsed elapsed elapsed elapsed elapsed elapsed elapsed elapsed elapsed elapsed elapsed elapsed elapsed elapsed elapsed elapsed 
   2.19    7.08   10.08   13.61   19.99   23.10   29.29   35.25   38.88   41.99   44.46   79.08   81.05   96.05  112.10  113.80  187.41  189.66  195.33  215.72  221.46  268.52  270.35  296.16  299.39  304.44  392.97  394.60  400.75  416.46 
elapsed elapsed elapsed elapsed elapsed elapsed elapsed elapsed elapsed elapsed elapsed elapsed elapsed elapsed elapsed elapsed elapsed elapsed elapsed elapsed elapsed elapsed elapsed 
 427.22  502.27  504.02  529.60  537.47  701.19  706.47  712.79  726.10  729.11  732.16  735.14  739.68  749.36  758.35  787.27  793.25  799.24  943.49  945.13  986.63  988.16 1153.58 

$neval
 [1]   106   272   406   557   847   988  1271  1547  1687  1829  1943  3425  3519  4189  4866  4945  8084  8185  8462  9416  9650 11678 11763 12837 12975 13189 16907 16981 17253 17917 18393 21569 21648 22750 23098 30364 30573 30854 31420
[40] 31562 31700 31840 32047 32464 32874 34163 34436 34710 41051 41124 42885 42958 50051

$fbest
[1] 1083.26

$xbest
 [1]  20.0511634 227.1817219   0.1017121  17.4775384 286.7185002  46.6955644  27.1360910   6.1246975   2.6498999   1.2866507

$numeval
[1] 50051

$end_crit
[1] 1

$cpu_time
elapsed 
1153.58 

$Refset
$Refset$x
          [,1]     [,2]      [,3]     [,4]     [,5]     [,6]     [,7]     [,8]     [,9]    [,10]
 [1,] 20.04540 227.6464 0.1018512 17.43307 286.7211 46.70541 27.16193 6.124037 2.656248 1.284906
 [2,] 20.04805 227.1510 0.1018324 17.46679 286.7176 46.67551 27.14996 6.123544 2.665709 1.287280
 [3,] 20.04750 227.1355 0.1018834 17.47166 286.7174 46.67753 27.14277 6.123427 2.669972 1.286809
 [4,] 20.04845 227.2083 0.1018297 17.46861 286.7184 46.67819 27.14820 6.123520 2.669582 1.286677
 [5,] 20.04738 227.1207 0.1018801 17.47366 286.7189 46.68288 27.14306 6.123173 2.671053 1.286851
 [6,] 20.04714 227.1176 0.1018849 17.47374 286.7184 46.68068 27.14654 6.123224 2.670758 1.286776
 [7,] 20.04802 227.1462 0.1018451 17.47089 286.7180 46.67786 27.14944 6.123453 2.671353 1.286913
 [8,] 20.04848 227.0377 0.1018545 17.46866 286.7188 46.69506 27.14666 6.125293 2.667639 1.285223
 [9,] 20.04821 227.5062 0.1018443 17.46001 286.7201 46.68371 27.14740 6.122944 2.659853 1.286839
[10,] 64.88474 180.0767 0.5583338 28.29278 286.1598 16.41042 27.35590 5.394440 3.941070 4.113208
[11,] 20.04283 227.1295 0.1019577 17.48598 286.7142 46.73036 27.00541 6.128082 2.650252 1.286634
[12,] 20.05277 226.6565 0.1020236 16.88451 286.7189 46.49712 27.15161 6.148812 2.636772 1.402577

$Refset$f
 [1]    1083.924    1084.340    1084.519    1084.519    1084.583    1084.583    1084.583    1084.941    1085.615 1000000.000    1097.816    1104.069

$Refset$fpen
 [1] 1.083924e+03 1.084340e+03 1.084519e+03 1.084519e+03 1.084583e+03 1.084583e+03 1.084583e+03 1.084941e+03 1.085615e+03 9.999975e+11 1.097816e+03 1.104069e+03

$Refset$const
              [,1]         [,2]         [,3]         [,4]         [,5]
 [1,] 1.477682e+01 3.334375e+01 1.856693e+01 1.516514e+00 2.494085e+00
 [2,] 1.480108e+01 3.333429e+01 1.853321e+01 1.516844e+00 2.493165e+00
 [3,] 1.480169e+01 3.333003e+01 1.852834e+01 1.516881e+00 2.492606e+00
 [4,] 1.479902e+01 3.333042e+01 1.853139e+01 1.516771e+00 2.493262e+00
 [5,] 1.480260e+01 3.332895e+01 1.852634e+01 1.516736e+00 2.492989e+00
 [6,] 1.480299e+01 3.332924e+01 1.852626e+01 1.516775e+00 2.493089e+00
 [7,] 1.479954e+01 3.332865e+01 1.852911e+01 1.516809e+00 2.493194e+00
 [8,] 1.480102e+01 3.333236e+01 1.853134e+01 1.516757e+00 2.492736e+00
 [9,] 1.480015e+01 3.334015e+01 1.853999e+01 1.516611e+00 2.493638e+00
[10,] 1.000000e+06 1.000000e+06 1.000000e+06 1.000000e+06 1.000000e+06
[11,] 1.483573e+01 3.334975e+01 1.851402e+01 1.517471e+00 2.481939e+00
[12,] 1.424774e+01 3.336323e+01 1.911549e+01 1.516533e+00 2.499674e+00

$Refset$penalty
 [1]      0.0      0.0      0.0      0.0      0.0      0.0      0.0      0.0      0.0 999996.5      0.0      0.0


