$f
 [1] 1464.6632  919.6927  760.2951  672.5799  638.8229  626.8264  561.7708  523.3646  523.2969  506.7604  506.1892  503.1771  499.3125  499.0469  497.8524  494.3212  493.6493  492.0590  488.9983  487.6701  484.0000  470.8941  458.0035
[24]  456.1979  445.7847  445.2778  444.5556  443.9583  443.5608  440.9063  439.3750  415.7656  398.5660  396.4618  387.5069  386.8750  386.4427  384.8872  384.7118  384.4861  384.4010  381.3420  381.3420

$x
          [,1]     [,2]      [,3]     [,4]     [,5]     [,6]     [,7]     [,8]      [,9]    [,10]
xbest 28.89083 242.9100 0.4143833 16.24902 286.2030 28.16192 24.61334 8.633731  6.267754 4.046132
xbest 20.00000 187.9285 0.3028530 15.87534 286.0585 43.84213 24.00000 7.008721  9.602659 4.962253
xbest 20.00000 187.6160 0.2466030 18.00000 286.6022 43.84213 24.32500 7.008721 10.000000 4.962253
xbest 20.57950 218.6436 0.3601814 16.62687 286.4150 40.31610 24.59933 7.351126  9.033571 4.549901
xbest 23.35143 250.8475 0.3906448 19.55544 286.3930 35.59976 24.51464 5.965110  6.727908 3.796101
xbest 23.12863 222.2214 0.2779875 18.98018 286.3466 35.70360 24.13283 6.611977  7.040207 3.748625
xbest 21.95272 236.0680 0.1628824 19.59064 286.2890 35.45883 24.18811 6.758511  6.871534 3.777740
xbest 21.76522 236.0680 0.2050699 19.21564 286.2890 35.45883 24.18811 6.783511  6.871534 3.771802
xbest 22.03945 230.0307 0.2756407 19.91104 286.3743 35.65373 24.18054 6.718645  6.955174 3.775158
xbest 22.03945 230.0307 0.2756407 19.93448 286.3555 35.62873 24.18054 6.718645  6.995799 3.797423
xbest 22.06821 232.5038 0.2994425 19.87573 286.3564 35.62909 24.18005 6.720757  6.976436 3.774194
xbest 22.02719 232.5038 0.2990909 19.87573 286.3552 35.62909 24.18005 6.720757  6.976436 3.774194
xbest 21.99944 231.2728 0.2734928 19.49236 286.4537 36.43979 24.20477 6.711297  7.040425 3.814210
xbest 21.99944 231.2728 0.2735148 19.49236 286.4537 36.43979 24.20477 6.711297  7.040425 3.814210
xbest 22.31045 231.3291 0.3028567 19.35462 286.4761 36.49025 24.21969 6.712118  7.006721 3.785314
xbest 22.15532 230.2599 0.3043281 19.75990 286.4620 36.41553 24.19414 6.713124  6.893003 3.782895
xbest 22.29039 231.1678 0.3053883 19.37514 286.4752 36.47828 24.21871 6.712103  7.007876 3.789448
xbest 22.08553 230.1030 0.3059555 19.90165 286.4615 36.40527 24.19687 6.712937  6.868944 3.781524
xbest 22.03865 230.1030 0.3059555 19.90165 286.4615 36.40527 24.19687 6.712742  6.862694 3.784493
xbest 21.55579 228.2295 0.2921429 19.99655 286.4712 36.52662 24.18276 6.737399  7.238021 3.623358
xbest 21.55579 228.2295 0.3146429 19.99655 286.4712 36.52662 24.18276 6.737399  7.250521 3.623358
xbest 20.92375 235.2759 0.2413655 19.59518 286.4734 36.52032 24.20410 6.742330  7.390034 3.494512
xbest 20.97062 235.2759 0.2856623 19.22018 286.4734 36.52032 24.20410 6.742330  7.390034 3.494512
xbest 21.50199 230.7278 0.2537171 19.57376 286.4687 36.51718 24.20010 6.742967  7.109210 3.493746
xbest 21.50199 230.7278 0.2551234 19.76126 286.4687 36.51718 24.20010 6.742967  7.196320 3.493746
xbest 21.77100 230.7209 0.2492670 19.57900 286.4685 36.51515 24.19964 6.742305  7.046472 3.495704
xbest 21.63561 224.6835 0.2382963 19.56377 286.4691 36.51184 24.20377 6.742286  7.457001 3.495659
xbest 21.63561 224.7225 0.2382963 19.56377 286.4691 36.51184 24.20377 6.742286  7.457001 3.495659
xbest 21.72823 229.6020 0.2662702 19.66297 286.4690 36.50540 24.18795 6.742946  7.110061 3.492499
xbest 21.72823 229.6020 0.2887702 19.66443 286.4690 36.50540 24.18795 6.742946  7.103811 3.492499
xbest 21.91816 229.5763 0.2656942 19.59201 286.4693 36.51365 24.20178 6.742952  6.946547 3.492209
xbest 21.52568 228.3577 0.2340939 19.28187 286.5128 36.84153 24.34666 6.831325  7.066070 3.041340
xbest 21.47758 228.3719 0.2351266 19.28176 286.5092 36.83937 24.35713 6.822121  7.072645 3.046979
xbest 21.47758 228.3719 0.2353024 19.28176 286.5092 36.83937 24.35713 6.822121  7.066395 3.045494
xbest 21.57558 228.7861 0.2398456 19.41797 286.4926 36.76202 24.30092 6.821204  6.786760 2.989162
xbest 21.57517 228.8549 0.2396468 19.41797 286.4966 36.76182 24.30282 6.823307  6.781206 2.970931
xbest 21.57529 228.8512 0.2405957 19.41789 286.4984 36.76169 24.30287 6.822690  6.782636 2.981307
xbest 21.57476 229.0193 0.2385903 19.41084 286.4967 36.76192 24.30335 6.821848  6.828912 2.974071
xbest 21.57460 229.0668 0.2382105 19.41042 286.4966 36.76191 24.30333 6.821745  6.828091 2.975229
xbest 21.58854 229.0982 0.2393336 19.38294 286.4969 36.76788 24.30045 6.822041  6.840167 2.979467
xbest 21.58277 229.2889 0.2395898 19.41473 286.4974 36.81628 24.30243 6.822889  6.806017 2.978906
xbest 21.58277 229.2889 0.2620898 19.41326 286.4980 36.81628 24.30243 6.822889  6.818517 2.978906
xbest 21.58277 229.2889 0.2620898 19.41326 286.4980 36.81628 24.30243 6.822889  6.818517 2.978906

$time
elapsed elapsed elapsed elapsed elapsed elapsed elapsed elapsed elapsed elapsed elapsed elapsed elapsed elapsed elapsed elapsed elapsed elapsed elapsed elapsed elapsed elapsed elapsed elapsed elapsed elapsed elapsed elapsed elapsed elapsed 
   2.59    7.42   11.17   22.70   27.02   40.95   44.36   50.55  105.23  108.09  190.61  193.06  229.36  231.19  246.06  249.61  264.66  299.80  309.62  461.73  463.70  511.58  514.14  566.80  569.27  628.30  666.92  668.77  709.05  711.83 
elapsed elapsed elapsed elapsed elapsed elapsed elapsed elapsed elapsed elapsed elapsed elapsed elapsed 
 902.00  923.08  934.08  943.56  947.47  959.56  963.58  967.34  978.30  982.08 1033.67 1035.91 1356.69 

$neval
 [1]   106   263   381   815   955  1496  1631  1872  4024  4133  7119  7211  8559  8632  9171  9306  9851 11134 11498 17104 17183 18939 19040 21065 21161 23353 24757 24830 26306 26389 33493 34255 34674 35033 35167 35571 35708 35844 36252
[40] 36389 38224 38313 50086

$fbest
[1] 381.342

$xbest
 [1]  21.5827652 229.2888933   0.2620898  19.4132622 286.4979592  36.8162822  24.3024339   6.8228885   6.8185171   2.9789061

$numeval
[1] 50086

$end_crit
[1] 1

$cpu_time
elapsed 
1356.69 

$Refset
$Refset$x
          [,1]     [,2]      [,3]     [,4]     [,5]     [,6]     [,7]     [,8]     [,9]    [,10]
 [1,] 21.58158 226.8482 0.2425957 19.41349 286.4989 36.82387 24.29898 6.823300 6.863345 2.972299
 [2,] 21.58365 226.7083 0.2428214 19.41895 286.5006 36.82680 24.29365 6.823158 6.864825 2.971130
 [3,] 21.58117 226.7624 0.2432154 19.42145 286.4994 36.82418 24.29666 6.823188 6.863621 2.972367
 [4,] 21.58127 226.7242 0.2430413 19.42082 286.4997 36.82410 24.29804 6.823235 6.864491 2.971500
 [5,] 21.58246 226.7401 0.2430014 19.41862 286.5004 36.82558 24.29741 6.823236 6.865023 2.972175
 [6,] 21.58997 226.6032 0.2434890 19.42258 286.5011 36.82988 24.29373 6.822998 6.863679 2.971575
 [7,] 21.58977 226.5312 0.2431825 19.42015 286.5001 36.82660 24.29702 6.823178 6.864996 2.971986
 [8,] 53.43138 190.3189 0.4172754 15.64177 284.3106 23.22371 24.79098 4.263891 5.232399 3.386428
 [9,] 21.58380 226.8497 0.2424675 19.41656 286.4992 36.82530 24.29775 6.823143 6.861881 2.972298
[10,] 21.37020 235.5690 0.2334939 19.38890 286.4948 36.86365 24.25859 6.821560 6.786769 3.005662
[11,] 21.59236 226.2242 0.2951597 19.53222 286.4887 35.93239 25.36326 6.823045 7.095961 2.969074
[12,] 21.51133 271.9084 0.2442550 18.98623 286.4845 32.75851 24.94189 6.925751 6.864726 2.967092

$Refset$f
 [1]    382.6024    382.6024    382.6024    382.6024    382.6024    382.8872    382.8455 616599.1042    383.6215    425.9184    664.1076    726.7604

$Refset$fpen
 [1]    382.6024    382.6024    382.6024    382.6024    382.6024    382.8872    382.8455 931100.8703    383.6215    425.9184    664.1076    726.7604

$Refset$const
          [,1]     [,2]     [,3]     [,4]     [,5]
 [1,] 12.55015 29.13666 16.58651 1.532524 2.632296
 [2,] 12.55413 29.13518 16.58105 1.532363 2.632316
 [3,] 12.55783 29.13638 16.57855 1.532477 2.632276
 [4,] 12.55632 29.13551 16.57918 1.532438 2.632502
 [5,] 12.55360 29.13498 16.58138 1.532362 2.632637
 [6,] 12.55890 29.13632 16.57742 1.532307 2.632360
 [7,] 12.55515 29.13500 16.57985 1.532401 2.632435
 [8,] 10.40937 30.76760 20.35823 1.820703 3.814502
 [9,] 12.55468 29.13812 16.58344 1.532491 2.632253
[10,] 12.60213 29.21323 16.61110 1.533148 2.625611
[11,] 12.43626 28.90404 16.46778 1.528296 2.767694
[12,] 12.12151 29.13527 17.01377 1.520423 2.950636

$Refset$penalty
 [1] 0.0000000 0.0000000 0.0000000 0.0000000 0.0000000 0.0000000 0.0000000 0.3145018 0.0000000 0.0000000 0.0000000 0.0000000


