$f
 [1] 14321.097  3014.240  2772.743  2755.167  2752.175  2751.901  2714.891  2654.361  2613.434  2560.580  2549.160  2463.639  2442.453  2408.304  2340.269  2314.604  2286.031  2277.344  2223.663  2222.840  2219.720  2214.606  2214.062
[24]  2211.557  2204.068  2203.844  2188.493  2139.828  2138.493

$x
          [,1]     [,2]      [,3]     [,4]     [,5]     [,6]     [,7]     [,8]     [,9]    [,10]
xbest 24.79000 337.0400 0.2529000 17.72000 285.5400 45.67000 29.49000 2.970000 2.000000 2.690000
xbest 20.00000 373.3304 0.1000000 21.44048 286.5179 35.98221 24.66590 5.279125 2.450774 2.708338
xbest 20.00000 393.9554 0.1000000 21.06548 286.5085 35.98221 24.00000 5.716625 2.450774 2.607401
xbest 20.00000 369.0953 0.1000000 21.84849 286.5297 35.97298 24.28849 5.953419 2.522202 1.932585
xbest 20.38094 332.2777 0.1064359 21.26667 286.5295 35.86423 24.11734 6.843614 3.291483 2.420167
xbest 20.02467 368.5773 0.1000000 21.35161 286.5302 35.97948 24.26116 5.939179 2.861868 1.892086
xbest 20.09745 347.7081 0.1000795 22.35617 286.3920 35.70057 24.22631 5.779794 2.471500 2.834985
xbest 20.05795 372.0072 0.1000000 21.53779 286.4986 35.79232 24.32792 5.907052 2.523540 2.556752
xbest 20.00000 372.0072 0.1000000 21.53779 286.4986 35.79232 24.32792 5.907052 2.423540 2.555267
xbest 20.17366 326.3102 0.1122936 21.06660 286.4795 36.03546 24.10986 8.149739 3.229235 2.844742
xbest 20.06091 327.9276 0.1105053 21.06977 286.4951 36.03538 24.07148 8.159125 3.242797 2.961134
xbest 20.08462 329.0966 0.1129662 21.06169 286.4966 36.03567 24.06892 8.159655 3.338262 3.107777
xbest 20.08170 329.0966 0.1354662 21.06462 286.4977 36.03567 24.07908 8.159655 3.350762 3.107777
xbest 20.12309 325.7841 0.1055952 21.74342 286.4903 36.05496 24.07797 8.078116 3.120058 3.576539
xbest 20.00000 325.1590 0.1266787 22.11847 286.4903 36.00496 24.07797 8.078116 3.062389 3.565462
xbest 20.03984 248.4679 0.1000000 24.26157 286.3188 41.77182 24.04058 8.040117 2.140147 3.104021
xbest 20.00000 248.4679 0.1000000 24.26157 286.3147 41.77182 24.00000 8.040117 2.190147 3.104021
xbest 20.01276 246.9069 0.1000000 24.39794 286.3006 41.51529 24.00403 8.039950 2.139888 3.053303
xbest 20.01752 242.9169 0.1000000 24.56410 286.2981 41.48875 24.00882 8.039941 2.132358 3.065533
xbest 20.01755 242.9370 0.1000000 24.58484 286.2998 41.49638 24.00935 8.039946 2.131280 3.062550
xbest 20.01729 242.8430 0.1000000 24.56117 286.3035 41.49735 24.00936 8.039953 2.141514 3.058196
xbest 20.01730 243.2863 0.1000000 24.56818 286.3042 41.46463 24.00692 8.038231 2.126607 3.059141
xbest 20.01736 242.3728 0.1000000 24.56153 286.3001 41.49048 24.01174 8.039509 2.138249 3.060485
xbest 20.01734 242.2966 0.1000000 24.56204 286.2988 41.49161 24.01025 8.039834 2.143043 3.060534
xbest 20.01735 241.7952 0.1000000 24.55868 286.2987 41.49206 24.01076 8.040480 2.140013 3.061965
xbest 20.01735 241.8501 0.1000000 24.55717 286.2987 41.49200 24.01092 8.040363 2.138724 3.062315
xbest 20.03214 241.7754 0.1000658 24.70874 286.4440 41.80216 24.00783 8.046729 2.122488 3.143425
xbest 20.00000 241.7705 0.1000000 24.74396 286.4440 41.80216 24.00783 8.046729 2.366323 3.143425
xbest 20.00000 241.7705 0.1000000 24.74177 286.4440 41.80216 24.00783 8.046925 2.363198 3.143425

$time
elapsed elapsed elapsed elapsed elapsed elapsed elapsed elapsed elapsed elapsed elapsed elapsed elapsed elapsed elapsed elapsed elapsed elapsed elapsed elapsed elapsed elapsed elapsed elapsed elapsed elapsed elapsed elapsed elapsed 
   7.12   19.59   27.10   47.92   85.60  104.48  113.50  123.35  130.23  177.40  187.23  205.51  231.40  340.92  353.54  857.20  864.95  893.93  913.87  944.56  955.10  982.04  992.84 1002.35 1013.09 1022.75 1208.21 1217.60 1816.00 

$neval
 [1]   106   274   395   697  1260  1534  1669  1808  1911  2596  2732  3002  3371  4847  5009 12067 12163 12570 12840 13249 13384 13730 13866 14002 14138 14273 16777 16903 24570

$fbest
[1] 2138.493

$xbest
 [1]  20.000000 241.770468   0.100000  24.741766 286.444048  41.802164  24.007834   8.046925   2.363198   3.143425

$numeval
[1] 24570

$end_crit
[1] 2

$cpu_time
elapsed 
   1816 

$Refset
$Refset$x
          [,1]     [,2]      [,3]     [,4]     [,5]     [,6]     [,7]     [,8]     [,9]    [,10]
 [1,] 20.02924 241.1646 0.1000814 24.76785 286.4573 41.87679 24.02476 8.047379 2.147746 3.145417
 [2,] 20.00307 241.1748 0.1000801 24.79317 286.4573 41.87783 24.00588 8.047369 2.148819 3.146595
 [3,] 20.02936 241.1395 0.1000813 24.76852 286.4571 41.87620 24.03472 8.047339 2.148700 3.146503
 [4,] 20.02930 241.2923 0.1000781 24.76484 286.4568 41.87773 24.02561 8.047339 2.147888 3.146707
 [5,] 20.13847 241.2812 0.1002054 24.72480 286.4572 41.86467 24.09808 8.047246 2.147957 3.141249
 [6,] 20.02933 241.1605 0.1000870 24.76830 286.4581 41.87690 24.02957 8.047175 2.148607 3.145980
 [7,] 20.01978 242.7791 0.1001050 24.78366 286.3059 41.48554 24.01118 8.039245 2.192188 3.060223
 [8,] 20.01976 242.8170 0.1001026 24.77511 286.3060 41.48591 24.01093 8.039029 2.186853 3.061094
 [9,] 20.03262 242.8105 0.1000444 24.52875 286.3059 41.49270 24.01067 8.039734 2.194045 3.058573
[10,] 20.03480 242.8798 0.1006628 24.49903 286.3057 41.49147 24.00852 8.040351 2.195101 3.055836
[11,] 20.00000 242.1511 0.1003008 24.62078 286.2997 41.48410 24.01178 8.039625 2.176946 3.064302
[12,] 20.06456 241.1446 0.1005202 24.77219 286.4575 41.87434 24.02214 8.047245 2.229643 3.126369

$Refset$f
 [1] 2144.651 2144.141 2144.665 2145.639 2169.323 2145.477 2193.747 2194.111 2196.693 2199.465 2201.665 2178.066

$Refset$fpen
 [1] 2144.651 2144.141 2144.665 2145.639 2169.323 2145.477 2193.747 2194.111 2196.693 2199.465 2201.665 2178.066

$Refset$const
          [,1]     [,2]     [,3]     [,4]     [,5]
 [1,] 22.62011 33.85225 11.23215 1.542254 2.385904
 [2,] 22.64435 33.85118 11.20683 1.542265 2.384738
 [3,] 22.61982 33.85130 11.23148 1.542268 2.386456
 [4,] 22.61695 33.85211 11.23516 1.542303 2.385759
 [5,] 22.57685 33.85204 11.27520 1.542212 2.390703
 [6,] 22.61969 33.85139 11.23170 1.542178 2.386431
 [7,] 22.59147 33.80781 11.21634 1.556156 2.353564
 [8,] 22.58826 33.81315 11.22489 1.556154 2.353542
 [9,] 22.33471 33.80596 11.47125 1.556162 2.353268
[10,] 22.30393 33.80490 11.50097 1.556177 2.353135
[11,] 22.44383 33.82305 11.37922 1.556723 2.351876
[12,] 22.54255 33.77036 11.22781 1.542241 2.385875

$Refset$penalty
 [1] 0 0 0 0 0 0 0 0 0 0 0 0


