$f
 [1] 35912.550  2604.611  1705.977  1524.665  1486.089  1436.851  1351.826  1332.498  1325.146  1290.870  1267.023  1231.470  1200.599  1198.601  1195.839  1193.023  1187.234  1183.033  1177.274  1169.483  1168.984  1168.894  1167.203
[24]  1165.981  1165.807  1165.476  1165.005  1164.932  1164.750  1164.542  1162.786  1147.479  1146.387  1142.306  1141.792  1141.568  1140.526  1139.646  1139.339  1137.807  1136.689  1135.887  1135.477  1134.750  1134.731  1134.564
[47]  1134.094  1132.314  1127.345  1125.165  1121.559  1113.005  1104.606  1099.984  1098.115  1097.903  1091.806  1091.806

$x
          [,1]     [,2]      [,3]     [,4]     [,5]     [,6]     [,7]     [,8]     [,9]    [,10]
xbest 24.79000 337.0400 0.2529000 17.72000 285.5400 45.67000 29.49000 2.970000 2.000000 2.690000
xbest 20.00000 273.1397 0.5267870 22.42395 285.7201 27.44566 24.00000 4.547925 3.073232 2.539630
xbest 20.00000 223.1397 0.9331933 22.42395 286.3201 27.44566 24.00000 4.547925 4.323232 2.539630
xbest 20.00000 162.5537 0.1000000 17.02253 286.6604 44.53097 25.09606 3.427742 5.684988 4.802527
xbest 20.00000 148.1950 0.1000000 17.76029 286.7815 44.84157 25.12207 3.506155 6.164413 5.000000
xbest 20.00000 148.3574 0.1018523 17.81206 286.8110 45.11492 24.94918 3.522676 6.126801 4.904848
xbest 20.00000 140.7773 0.1001160 17.88309 286.7554 47.35553 25.35827 3.564207 6.603265 4.949441
xbest 20.00000 140.5868 0.1001629 18.15160 286.7474 47.56605 25.36555 3.536764 5.904018 4.946616
xbest 20.00000 141.7623 0.1001916 18.57337 286.7249 47.54017 25.37315 3.551381 5.798033 4.941747
xbest 20.00000 141.7623 0.1000000 18.57115 286.7249 47.51517 24.88554 3.538881 6.163948 5.000000
xbest 20.03368 145.5139 0.1046834 18.84371 286.9165 47.11630 25.06908 4.840754 5.206888 3.448451
xbest 20.00000 143.0561 0.1019296 22.11924 286.9261 48.00000 25.07150 5.603730 2.537802 2.012674
xbest 20.00000 143.0561 0.1000000 22.11924 286.9261 48.00000 25.07150 5.653730 2.537802 2.012674
xbest 20.14569 150.7496 0.1000936 17.39943 286.9107 47.20456 24.90221 4.758705 6.622702 4.092852
xbest 20.14569 150.7496 0.1000936 17.39943 286.9107 47.20456 24.86159 4.758705 6.622702 4.092852
xbest 20.09075 147.5211 0.1000204 17.10500 286.9096 47.18316 25.01617 4.723151 6.753224 3.852382
xbest 20.07244 137.3949 0.1000410 18.47467 286.9183 46.97423 25.14754 4.751549 6.706226 3.624565
xbest 20.10322 151.3617 0.1001069 17.22439 286.9077 47.22569 24.92700 4.739049 6.656609 3.830395
xbest 20.10563 152.0468 0.1001058 17.24608 286.9076 47.22935 24.91405 4.744517 6.656107 3.831506
xbest 20.00000 152.0468 0.1001058 17.24608 286.9076 47.22935 24.91405 4.744517 6.656107 3.831506
xbest 20.06509 148.7655 0.1000633 17.33699 286.9080 47.21479 24.93754 4.739925 6.762301 3.842525
xbest 20.06509 148.7655 0.1000633 17.33699 286.9080 47.21479 24.93754 4.739925 6.765426 3.842525
xbest 20.07276 148.8863 0.1000683 17.33268 286.9080 47.21769 24.93751 4.736827 6.755773 3.847134
xbest 20.06179 149.0404 0.1000669 17.36693 286.9077 47.22088 24.92530 4.737455 6.721722 3.839530
xbest 20.06179 149.0404 0.1000229 17.36693 286.9077 47.22088 24.92530 4.737455 6.724847 3.839530
xbest 20.06506 148.9676 0.1000709 17.31664 286.9080 47.21540 24.94161 4.738210 6.763511 3.834053
xbest 20.06533 149.0138 0.1000735 17.31298 286.9082 47.21531 24.94385 4.738226 6.763556 3.831939
xbest 20.06511 148.9865 0.1000654 17.31682 286.9084 47.21552 24.93692 4.738212 6.764374 3.837504
xbest 20.06494 148.9820 0.1000633 17.31759 286.9084 47.21551 24.93471 4.738218 6.764202 3.836020
xbest 20.06077 143.7957 0.1003717 18.03828 286.8951 47.21986 24.83579 4.743534 6.726619 3.767709
xbest 20.06069 139.3719 0.1004886 18.32977 286.8897 47.22187 24.79815 4.744850 6.726439 3.726245
xbest 20.06069 139.3719 0.1000000 18.33563 286.8897 47.24764 24.79815 4.744850 6.724828 3.720308
xbest 20.06201 136.9841 0.1001832 18.48596 286.8951 47.21518 24.84177 4.746487 6.756813 3.784224
xbest 20.06201 136.9841 0.1001832 18.48669 286.8951 47.21987 24.83923 4.744924 6.763063 3.784224
xbest 20.06275 136.7698 0.1001538 18.51060 286.8952 47.25880 24.84167 4.745318 6.759421 3.785904
xbest 20.06275 136.8479 0.1000000 18.51060 286.8952 47.25880 24.84167 4.745318 6.759421 3.785904
xbest 20.06271 136.7338 0.1000631 18.51211 286.8953 47.25743 24.83640 4.750450 6.761160 3.791482
xbest 20.06227 136.8218 0.1000627 18.51391 286.8950 47.26262 24.83396 4.751111 6.758022 3.792040
xbest 20.06338 136.6171 0.1000893 18.51172 286.8962 47.25554 24.84721 4.749812 6.770489 3.788091
xbest 20.06373 136.6739 0.1001107 18.51388 286.8963 47.25390 24.84795 4.750066 6.765053 3.788010
xbest 20.06302 136.9522 0.1001010 18.45552 286.8962 47.25470 24.84641 4.749499 6.777737 3.793527
xbest 20.06276 136.5185 0.1000053 18.50478 286.8964 47.25316 24.85528 4.753702 6.784370 3.753282
xbest 20.06275 136.4671 0.1000250 18.50597 286.8965 47.25296 24.85841 4.755235 6.782791 3.735880
xbest 20.06315 136.7020 0.1000280 18.49875 286.8965 47.25349 24.84998 4.754359 6.767741 3.746511
xbest 20.06279 136.4784 0.1000259 18.50761 286.8963 47.25322 24.85170 4.755130 6.778537 3.733372
xbest 20.06277 136.6512 0.1000590 18.49598 286.8960 47.25348 24.85545 4.755186 6.771699 3.737624
xbest 20.06268 136.5652 0.1000391 18.49924 286.8965 47.25371 24.85873 4.755960 6.777562 3.731278
xbest 20.06326 123.9056 0.1000622 18.54166 286.8874 47.27840 24.73597 4.751193 7.534161 3.734122
xbest 20.06326 123.9056 0.1000453 18.52918 286.8874 47.27840 24.73597 4.751193 7.535771 3.722247
xbest 20.06146 108.4385 0.1000611 18.62414 286.8962 47.27780 24.75482 4.749320 8.256896 3.723032
xbest 20.06134 100.6787 0.1000475 18.63108 286.8962 47.28118 24.72546 4.749169 9.001094 3.712111
xbest 20.06085 100.0000 0.1000429 18.72117 286.8958 47.28538 24.67730 4.747349 9.355676 3.705694
xbest 20.06495 112.1920 0.1000641 18.52429 286.8882 47.27522 24.72714 4.741382 8.455557 3.762793
xbest 20.06134 100.3991 0.1000576 18.54110 286.8914 47.29364 24.71502 4.751265 9.546601 3.706507
xbest 20.06150 100.0000 0.1000559 18.80630 286.8809 47.32464 24.54638 4.745713 9.327311 3.696119
xbest 20.06125 100.0000 0.1000591 18.86559 286.8884 47.31845 24.52271 4.750286 9.284157 3.689641
xbest 20.00000 100.0000 0.1000591 18.86559 286.8790 47.31845 24.44145 4.750286 9.309157 3.683703
xbest 20.00000 100.0000 0.1000591 18.86559 286.8790 47.31845 24.44145 4.750286 9.309157 3.683703

$time
elapsed elapsed elapsed elapsed elapsed elapsed elapsed elapsed elapsed elapsed elapsed elapsed elapsed elapsed elapsed elapsed elapsed elapsed elapsed elapsed elapsed elapsed elapsed elapsed elapsed elapsed elapsed elapsed elapsed elapsed 
   2.57    7.00   10.32   19.43   26.81   33.86   38.06   45.15   48.53   52.25   78.75   82.36   91.47  150.17  152.22  155.72  160.03  171.43  175.12  192.09  242.31  244.20  266.95  277.48  283.93  294.87  307.04  328.56  336.09  387.45 
elapsed elapsed elapsed elapsed elapsed elapsed elapsed elapsed elapsed elapsed elapsed elapsed elapsed elapsed elapsed elapsed elapsed elapsed elapsed elapsed elapsed elapsed elapsed elapsed elapsed elapsed elapsed elapsed 
 397.90  404.61  476.06  478.76  546.62  549.48  560.09  564.62  568.42  572.20  576.00  579.78  583.48  618.86  626.40  651.36  722.87  801.78  804.62  808.39  812.04  824.17  827.65  835.50  839.18  842.76  845.51 1360.70 

$neval
 [1]   106   267   390   687   976  1258  1397  1674  1811  1953  2893  3028  3386  5448  5526  5660  5798  6209  6348  6970  8854  8927  9733 10137 10349 10750 11157 11900 12178 14056 14470 14707 17306 17405 19871 19950 20361 20498 20637
[40] 20780 20921 21061 21198 22499 22774 23671 26341 29188 29298 29440 29579 29999 30137 30408 30549 30685 30793 50101

$fbest
[1] 1091.806

$xbest
 [1]  20.0000000 100.0000000   0.1000591  18.8655867 286.8790050  47.3184478  24.4414517   4.7502860   9.3091570   3.6837027

$numeval
[1] 50101

$end_crit
[1] 1

$cpu_time
elapsed 
 1360.7 

$Refset
$Refset$x
          [,1]     [,2]      [,3]     [,4]     [,5]     [,6]     [,7]     [,8]     [,9]    [,10]
 [1,] 20.06249 100.0800 0.1000161 18.85840 286.8736 47.33419 24.43830 4.749976 9.269068 3.713762
 [2,] 20.06406 100.0817 0.1000045 18.84283 286.8739 47.33134 24.44799 4.749510 9.280582 3.716792
 [3,] 20.06403 100.0832 0.1000112 18.84305 286.8739 47.33136 24.44662 4.749575 9.279972 3.714448
 [4,] 20.06230 100.0793 0.1000133 18.85426 286.8736 47.33131 24.44425 4.749349 9.273106 3.716769
 [5,] 20.06390 100.0812 0.1000109 18.84354 286.8738 47.33233 24.43437 4.749624 9.280232 3.725001
 [6,] 20.06379 100.0878 0.1000090 18.86603 286.8765 47.34450 24.44869 4.750391 9.260543 3.709708
 [7,] 20.05964 100.0573 0.1000135 18.68468 286.8727 47.33442 24.43489 4.755031 9.398845 3.712885
 [8,] 20.06131 100.0809 0.1000130 18.85783 286.8736 47.33436 24.43995 4.750990 9.270200 3.722099
 [9,] 20.06296 100.0807 0.1000100 18.84570 286.8738 47.33078 24.43821 4.749677 9.279381 3.721965
[10,] 20.06280 100.0749 0.1000133 18.85485 286.8744 47.33304 24.44127 4.753478 9.267725 3.683032
[11,] 20.06302 100.0829 0.1000145 18.84258 286.8739 47.33136 24.44703 4.749469 9.280642 3.716989
[12,] 20.05576 100.0729 0.1000185 18.63092 286.8307 47.25910 24.92241 6.709510 9.077385 3.494030

$Refset$f
 [1] 1092.750 1092.750 1092.750 1092.750 1092.750 1092.839 1092.910 1092.839 1092.750 1092.995 1092.995 1170.773

$Refset$fpen
 [1] 1092.750 1092.750 1092.750 1092.750 1092.750 1092.839 1092.910 1092.839 1092.750 1092.995 1092.995 1170.773

$Refset$const
          [,1]     [,2]     [,3]     [,4]     [,5]
 [1,] 9.589336 26.73093 17.14160 1.506549 2.380731
 [2,] 9.562248 26.71942 17.15717 1.506504 2.381440
 [3,] 9.563081 26.72003 17.15695 1.506508 2.381360
 [4,] 9.581152 26.72689 17.14574 1.506542 2.381113
 [5,] 9.563307 26.71977 17.15646 1.506537 2.380634
 [6,] 9.605485 26.73946 17.13397 1.506278 2.382044
 [7,] 9.285830 26.60115 17.31532 1.506633 2.380228
 [8,] 9.587627 26.72980 17.14217 1.506547 2.380812
 [9,] 9.566321 26.72062 17.15430 1.506530 2.380886
[10,] 9.587124 26.73227 17.14515 1.506476 2.381189
[11,] 9.561933 26.71936 17.15742 1.506505 2.381390
[12,] 9.553540 26.92262 17.36908 1.509809 2.393152

$Refset$penalty
 [1] 0 0 0 0 0 0 0 0 0 0 0 0


