$f
 [1] 1903.7587 1053.2726  831.9427  819.3438  764.7917  728.1302  707.3646  678.8924  676.0903  672.0295  668.3368  667.0573  663.8472  662.4757  661.2153  661.1840  659.7378  657.8872  657.1406  656.0642  653.9878  653.6910  652.8073
[24]  652.6979  652.5972  652.1962  651.6615  651.2361  651.2049  651.1736  650.4462  649.2500  649.2066  648.5052  648.5000  648.4635  648.4236  648.3872  648.3351  648.2205  647.9410  647.9132  647.9045  647.8455  647.8368  647.8368

$x
          [,1]     [,2]      [,3]     [,4]     [,5]     [,6]     [,7]     [,8]     [,9]    [,10]
xbest 20.62419 375.0514 0.7236221 17.75587 286.0762 37.24917 24.73409 5.354137 6.844844 3.914608
xbest 20.75726 358.2510 0.7580557 17.73487 286.4640 37.58450 24.75409 4.191273 5.149628 3.303542
xbest 20.75726 378.2510 0.5612500 17.73487 286.4640 37.58450 24.00000 2.591273 5.099628 2.638542
xbest 20.40022 380.6476 0.7465517 17.27552 286.7334 37.40764 24.02304 5.356744 5.078566 2.798530
xbest 20.20222 374.9096 0.6176685 17.29909 286.7582 39.18843 25.46180 5.871444 4.961327 2.923737
xbest 20.72641 376.0508 0.6907146 17.40888 286.7114 37.86457 25.16855 5.053921 4.750831 2.741169
xbest 21.16503 381.1060 0.8533101 17.25751 286.6990 37.79931 24.64424 5.247330 4.928701 2.770751
xbest 20.63303 368.3763 0.6751027 17.87929 286.6471 38.11980 24.49633 5.255760 4.695223 2.680881
xbest 21.00659 386.1378 0.8011819 17.27814 286.6895 37.71812 24.94501 5.208548 4.558044 2.810902
xbest 21.37644 356.9636 0.7092620 17.61029 286.6717 38.17551 24.41665 5.256058 4.764003 2.759056
xbest 21.37644 356.9636 0.7092620 17.61029 286.6717 38.17551 24.70103 5.256058 4.814003 2.759056
xbest 21.09759 389.2517 0.7499827 16.82295 286.7013 38.20307 24.68908 5.244599 4.571464 2.721961
xbest 21.08970 390.7269 0.7498302 16.91480 286.7020 38.20272 24.73768 5.234071 4.561640 2.723313
xbest 20.92986 390.5045 0.7809496 16.99233 286.7007 38.20651 24.69711 5.228949 4.562134 2.715702
xbest 20.99192 390.6451 0.7603135 16.96169 286.7015 38.20350 24.71401 5.231077 4.561759 2.717981
xbest 20.98476 389.5768 0.7555886 16.93596 286.7012 38.17294 24.70592 5.232288 4.634060 2.721969
xbest 20.92715 391.8423 0.7949328 16.92714 286.7001 38.19432 24.69245 5.228983 4.624895 2.718629
xbest 20.97494 394.6237 0.7713289 16.84094 286.7011 38.20072 24.70644 5.232049 4.604499 2.718796
xbest 20.98062 395.5668 0.7821792 16.79972 286.7004 38.19912 24.72043 5.232030 4.596231 2.713955
xbest 20.98062 395.5277 0.7821792 16.79972 286.7004 38.19912 24.72043 5.232030 4.599356 2.713955
xbest 21.01389 393.8563 0.8439596 16.84231 286.6932 38.20444 24.69845 5.232178 4.637678 2.716094
xbest 21.00734 394.7509 0.8215701 16.72435 286.7004 38.19010 24.70663 5.231021 4.683047 2.714468
xbest 21.17230 389.2549 0.9011066 16.85805 286.6951 38.20466 24.70235 5.237725 4.672609 2.709446
xbest 21.24196 387.1280 0.8982675 16.84979 286.6950 38.20459 24.70234 5.238196 4.672586 2.708232
xbest 21.05555 394.3976 0.8761436 16.75434 286.7002 38.19380 24.70655 5.231056 4.669636 2.714935
xbest 21.24632 385.8734 0.8955392 16.85018 286.6944 38.20484 24.69537 5.238727 4.744266 2.706948
xbest 21.25445 382.8653 0.8949356 16.84393 286.6906 38.20479 24.69238 5.239327 4.812715 2.705638
xbest 21.25445 382.8653 0.8949356 16.84393 286.6906 38.20479 24.69238 5.239327 4.815840 2.705638
xbest 21.03492 393.4942 0.8847551 16.80382 286.6892 38.20169 24.69863 5.236700 4.672908 2.713388
xbest 21.05117 391.6997 0.8845588 16.79846 286.6802 38.19938 24.66666 5.235660 4.711913 2.709088
xbest 21.04789 391.3951 0.8822272 16.78958 286.6727 38.19940 24.63363 5.235652 4.739972 2.709074
xbest 21.04737 391.3047 0.8814489 16.78497 286.6722 38.19916 24.62587 5.235888 4.750885 2.707484
xbest 21.04748 388.9208 0.8839748 16.78699 286.6753 38.19925 24.66108 5.235055 4.837977 2.714466
xbest 21.03823 387.8464 0.8839191 16.78772 286.6756 38.19912 24.66120 5.234815 4.881317 2.718242
xbest 21.03823 387.8660 0.8839191 16.78772 286.6756 38.19912 24.66120 5.234815 4.881317 2.718242
xbest 21.00759 390.8271 0.8860737 16.78248 286.6683 38.20721 24.64559 5.241924 4.766702 2.696161
xbest 20.99046 390.8255 0.8863010 16.82773 286.6682 38.20736 24.62514 5.241172 4.773431 2.710688
xbest 20.98911 390.9185 0.8887021 16.82450 286.6692 38.21088 24.62577 5.241829 4.773227 2.704398
xbest 20.97757 390.9887 0.8880226 16.82686 286.6708 38.20515 24.63473 5.241915 4.777132 2.704434
xbest 20.99344 390.9999 0.8907374 16.81873 286.6694 38.20232 24.62983 5.241657 4.773975 2.705038
xbest 20.99300 390.7125 0.8952568 16.83572 286.6689 38.20698 24.62513 5.241902 4.770460 2.703897
xbest 20.98260 391.0071 0.8918267 16.82086 286.6694 38.20235 24.63037 5.241643 4.779449 2.704985
xbest 20.97791 391.0086 0.8926819 16.82167 286.6694 38.20169 24.63041 5.241620 4.782152 2.704985
xbest 20.98546 390.9830 0.8930538 16.82588 286.6691 38.20429 24.62930 5.241806 4.775355 2.705519
xbest 20.98577 390.9285 0.8925808 16.82843 286.6694 38.20477 24.62634 5.241883 4.774997 2.704986
xbest 20.98577 390.9285 0.8925808 16.82843 286.6694 38.20477 24.62634 5.241883 4.774997 2.704986

$time
elapsed elapsed elapsed elapsed elapsed elapsed elapsed elapsed elapsed elapsed elapsed elapsed elapsed elapsed elapsed elapsed elapsed elapsed elapsed elapsed elapsed elapsed elapsed elapsed elapsed elapsed elapsed elapsed elapsed elapsed 
   2.02    5.72    8.66   15.99   22.60   26.10   29.69   32.97   40.17   43.44   46.05   52.64   55.78   59.16   62.44   65.56   69.63   72.72   78.88   80.80   88.97   92.25   98.75  108.77  111.77  122.36  128.61  149.35  194.74  203.03 
elapsed elapsed elapsed elapsed elapsed elapsed elapsed elapsed elapsed elapsed elapsed elapsed elapsed elapsed elapsed elapsed 
 206.31  216.10  248.94  252.72  263.88  884.14  888.97  995.92 1010.13 1022.89 1031.92 1035.80 1053.17 1088.39 1123.03 1268.13 

$neval
 [1]   106   268   398   690   979  1121  1269  1411  1697  1842  1927  2202  2339  2475  2614  2749  2891  3027  3305  3383  3659  3794  4067  4474  4609  5093  5370  6255  8168  8506  8639  9041 10464 10599 11077 36965 37170 40692 41169
[40] 41578 41854 41992 42607 43774 45011 50052

$fbest
[1] 647.8368

$xbest
 [1]  20.9857720 390.9285276   0.8925808  16.8284256 286.6694107  38.2047739  24.6263429   5.2418826   4.7749970   2.7049864

$numeval
[1] 50052

$end_crit
[1] 1

$cpu_time
elapsed 
1268.13 

$Refset
$Refset$x
          [,1]     [,2]      [,3]     [,4]     [,5]     [,6]     [,7]     [,8]     [,9]    [,10]
 [1,] 20.98373 391.0163 0.8937563 16.82468 286.6695 38.20340 24.62905 5.241934 4.776820 2.705558
 [2,] 20.98421 390.9991 0.8955790 16.82529 286.6692 38.19933 24.63420 5.241831 4.776943 2.705694
 [3,] 20.98350 391.0021 0.8967400 16.82536 286.6688 38.20392 24.62955 5.241785 4.777038 2.705968
 [4,] 20.98404 390.9950 0.8945507 16.82505 286.6691 38.20370 24.62924 5.241910 4.777096 2.705939
 [5,] 20.98363 391.0034 0.8941488 16.82542 286.6699 38.20399 24.62988 5.241808 4.777023 2.705718
 [6,] 20.98383 391.0086 0.8938216 16.82453 286.6694 38.20297 24.63116 5.241914 4.776987 2.705779
 [7,] 20.98287 391.0378 0.8941743 16.82365 286.6695 38.20574 24.62430 5.242175 4.777162 2.705501
 [8,] 20.98404 391.0088 0.8950393 16.82493 286.6690 38.20336 24.63182 5.241951 4.776881 2.705616
 [9,] 20.98366 391.0284 0.8954777 16.82483 286.6695 38.20342 24.62914 5.241610 4.776849 2.706084
[10,] 20.98354 391.0135 0.8937403 16.82501 286.6693 38.20358 24.62953 5.241791 4.777061 2.705496
[11,] 21.00575 389.4149 0.8950484 16.61204 286.6665 38.18865 24.55452 5.235264 4.991846 2.729959
[12,] 20.94396 388.9010 0.8900305 16.81514 286.6544 38.03868 24.42461 5.245743 4.920605 2.718494

$Refset$f
 [1] 647.8368 647.8368 647.8368 647.8368 647.8368 647.8368 647.8368 647.8368 647.8368 647.8368 649.0191 664.1823

$Refset$fpen
 [1] 647.8368 647.8368 647.8368 647.8368 647.8368 647.8368 647.8368 647.8368 647.8368 647.8368 649.0191 664.1823

$Refset$const
          [,1]     [,2]     [,3]     [,4]     [,5]
 [1,] 12.04786 31.22318 19.17532 1.515669 2.650780
 [2,] 12.04835 31.22306 19.17471 1.515680 2.651251
 [3,] 12.04832 31.22296 19.17464 1.515748 2.650511
 [4,] 12.04795 31.22290 19.17495 1.515720 2.650601
 [5,] 12.04839 31.22298 19.17458 1.515625 2.650962
 [6,] 12.04754 31.22301 19.17547 1.515675 2.650915
 [7,] 12.04649 31.22284 19.17635 1.515693 2.650282
 [8,] 12.04805 31.22312 19.17507 1.515716 2.650795
 [9,] 12.04798 31.22315 19.17517 1.515671 2.650777
[10,] 12.04794 31.22294 19.17499 1.515698 2.650703
[11,] 11.62019 31.00815 19.38796 1.516196 2.644658
[12,] 11.89454 31.07940 19.18486 1.517596 2.637551

$Refset$penalty
 [1] 0 0 0 0 0 0 0 0 0 0 0 0


