$f
 [1] 923.9965 720.9427 541.6997 538.6458 526.9774 410.8698 369.2778 302.0538 301.5313 252.6979 235.0903 217.7552 208.2309 200.8785 199.9705 197.1580 194.7569 193.9653 193.2951 190.2587 189.7014 188.6684 188.0712 187.9757 187.6840 186.7969
[27] 186.3733 186.0226 185.8333 185.7639 185.6458 185.3924 183.9236 183.8681 183.7708 183.7569 183.6181 183.1233 182.9705 182.9132 182.8194 182.6701 182.4271 182.4010 182.3073 182.2812 182.1806 182.0608 182.0191 182.0191

$x
          [,1]     [,2]      [,3]     [,4]     [,5]     [,6]     [,7]     [,8]     [,9]    [,10]
xbest 26.44942 151.9575 0.6010259 21.73871 286.6288 39.96036 29.34048 6.402634 3.595790 2.192368
xbest 20.00000 347.0394 0.2618261 18.53340 286.3832 45.25854 24.00000 4.340745 2.868846 3.653872
xbest 20.00000 367.0394 0.1000000 18.53340 286.3832 45.25854 24.00000 4.340745 2.768846 3.653872
xbest 20.00000 363.2456 0.1000000 19.07351 286.3867 45.26102 24.00000 4.995658 2.771639 3.539223
xbest 20.09835 314.4857 0.1000000 18.82841 286.5920 43.13615 25.88160 4.414592 4.428046 1.200000
xbest 20.01319 333.4905 0.1895817 18.70177 286.7590 38.49117 25.16273 6.915521 4.545950 2.176213
xbest 20.00287 360.5458 0.1350853 19.62130 286.7157 37.48374 24.92521 6.526980 3.678582 2.018392
xbest 20.00829 335.4385 0.1718416 18.64399 286.7445 38.93380 25.15531 6.769509 4.736695 2.110377
xbest 20.01153 343.5250 0.1275694 19.00725 286.6564 38.23058 24.14673 6.739965 3.648227 2.149211
xbest 20.01254 342.5417 0.1000000 19.29852 286.6636 38.08778 25.00050 6.748039 4.026294 2.167447
xbest 20.00000 340.0417 0.1453516 19.39227 286.6636 38.09403 25.00050 6.748039 3.985669 2.143697
xbest 21.00316 310.0181 0.1370317 18.81024 286.5897 38.41251 24.07892 6.740835 4.663324 2.085251
xbest 21.61840 299.0206 0.1373557 18.80708 286.5878 38.38750 24.12514 6.757919 4.644102 2.079144
xbest 20.70974 316.4796 0.1455168 18.78026 286.6181 38.30829 24.18893 6.730632 4.810172 2.129051
xbest 20.70974 316.4796 0.1456925 18.78026 286.6181 38.30829 24.18893 6.730632 4.822672 2.129051
xbest 20.34537 326.3168 0.1391490 18.70362 286.6172 38.55801 24.22794 6.720733 4.628257 2.138942
xbest 20.33589 325.4574 0.1391297 18.70394 286.6164 38.55776 24.22737 6.720716 4.627563 2.141335
xbest 20.28396 327.9471 0.1391133 18.65637 286.6135 38.55619 24.22653 6.720911 4.620923 2.142306
xbest 20.28396 328.0252 0.1391133 18.65490 286.6135 38.55619 24.22653 6.720911 4.620923 2.141564
xbest 20.52952 318.1605 0.1392403 18.99135 286.6253 38.54853 24.26260 6.750911 4.603725 2.082622
xbest 20.52952 318.1605 0.1392403 18.99135 286.6253 38.54853 24.26260 6.750911 4.597475 2.082622
xbest 20.52120 317.5562 0.1393464 18.99436 286.6253 38.55388 24.26588 6.753355 4.601423 2.081106
xbest 20.64885 318.0171 0.1397361 18.83822 286.6245 38.57205 24.26942 6.755344 4.632564 2.079719
xbest 20.68363 318.2819 0.1398079 18.74032 286.6245 38.56911 24.26831 6.754767 4.645075 2.080079
xbest 20.72706 316.8707 0.1391261 18.69738 286.6245 38.57418 24.26221 6.757430 4.648155 2.074252
xbest 20.59392 318.7260 0.1396112 18.79646 286.6247 38.57238 24.26977 6.756586 4.638600 2.076857
xbest 20.67401 316.1575 0.1391285 18.73378 286.6245 38.57400 24.30632 6.758955 4.714668 2.066403
xbest 20.63132 317.4777 0.1396815 18.85805 286.6267 38.56096 24.24548 6.752403 4.638290 2.089189
xbest 20.59057 317.2568 0.1399546 18.88754 286.6246 38.57285 24.25726 6.754808 4.636231 2.082387
xbest 20.59361 317.2785 0.1394605 18.88862 286.6240 38.57785 24.24749 6.755393 4.631430 2.081621
xbest 20.68344 316.8783 0.1404364 18.83670 286.6241 38.54470 24.22387 6.751479 4.629500 2.091453
xbest 20.57295 317.3197 0.1392399 18.87605 286.6226 38.57998 24.23847 6.756243 4.654574 2.080078
xbest 20.73120 319.0520 0.1476235 18.86745 286.6234 38.57933 24.23570 6.755427 4.446954 2.081578
xbest 20.67073 317.5523 0.1468669 18.86023 286.6238 38.58376 24.24188 6.756411 4.511011 2.079406
xbest 20.72146 318.9339 0.1475298 18.87204 286.6236 38.57977 24.23754 6.755582 4.449956 2.081311
xbest 20.71843 318.9287 0.1473504 18.87816 286.6235 38.57998 24.23756 6.755124 4.447652 2.081950
xbest 20.69321 318.6382 0.1465317 18.87405 286.6235 38.58018 24.23795 6.755680 4.450124 2.081704
xbest 20.70948 318.4543 0.1440547 18.87164 286.6236 38.58070 24.23791 6.755447 4.456480 2.081308
xbest 20.71669 318.3761 0.1437777 18.87278 286.6237 38.58107 24.23791 6.755311 4.454534 2.081331
xbest 20.71433 318.4539 0.1448722 18.87405 286.6236 38.58084 24.23751 6.755481 4.455942 2.081571
xbest 20.71351 318.4607 0.1451099 18.87379 286.6236 38.58090 24.23728 6.755512 4.455786 2.081681
xbest 20.71450 318.4486 0.1449477 18.87425 286.6236 38.58086 24.23715 6.755637 4.455600 2.081752
xbest 20.71450 318.4291 0.1449477 18.87425 286.6236 38.58086 24.23715 6.755637 4.455600 2.081752
xbest 20.71601 318.5028 0.1447306 18.87293 286.6237 38.58024 24.23774 6.755751 4.451518 2.081211
xbest 20.71561 318.5012 0.1450707 18.87019 286.6238 38.58042 24.23785 6.756057 4.454063 2.080644
xbest 20.71645 318.5018 0.1446689 18.87303 286.6237 38.58064 24.23739 6.756021 4.448956 2.080737
xbest 20.72130 318.5039 0.1446830 18.87580 286.6234 38.58139 24.23501 6.756034 4.445236 2.080420
xbest 20.72150 318.5051 0.1446836 18.87734 286.6230 38.58194 24.23283 6.756050 4.443573 2.080276
xbest 20.72147 318.5015 0.1446831 18.87729 286.6231 38.58220 24.23050 6.756052 4.443407 2.080369
xbest 20.72147 318.5015 0.1446831 18.87729 286.6231 38.58220 24.23050 6.756052 4.443407 2.080369

$time
elapsed elapsed elapsed elapsed elapsed elapsed elapsed elapsed elapsed elapsed elapsed elapsed elapsed elapsed elapsed elapsed elapsed elapsed elapsed elapsed elapsed elapsed elapsed elapsed elapsed elapsed elapsed elapsed elapsed elapsed 
   2.39    6.11    8.34   16.38   19.88   23.25   26.72   33.56   37.61   41.16   48.33   51.89   68.97   72.31   84.16  101.17  104.28  114.53  119.80  208.38  210.13  226.80  230.81  234.28  241.11  244.58  265.25  277.67  369.34  505.13 
elapsed elapsed elapsed elapsed elapsed elapsed elapsed elapsed elapsed elapsed elapsed elapsed elapsed elapsed elapsed elapsed elapsed elapsed elapsed elapsed 
 553.59  589.14  688.28  703.49  775.66  787.88  792.00  795.55  799.02  803.16  806.61  810.00  815.31  838.69  850.94  930.64  936.72  943.88  951.06 1302.81 

$neval
 [1]   106   265   355   652   795   942  1088  1367  1504  1649  1913  2056  2749  2889  3380  4058  4192  4594  4813  8374  8448  9131  9273  9413  9687  9829 10707 11240 14897 20215 22047 23475 27268 27887 30698 31182 31320 31458 31597
[40] 31733 31871 32008 32218 33022 33435 36254 36459 36736 37012 50058

$fbest
[1] 182.0191

$xbest
 [1]  20.7214747 318.5015032   0.1446831  18.8772910 286.6230557  38.5822023  24.2305045   6.7560515   4.4434074   2.0803688

$numeval
[1] 50058

$end_crit
[1] 1

$cpu_time
elapsed 
1302.81 

$Refset
$Refset$x
          [,1]     [,2]      [,3]     [,4]     [,5]     [,6]     [,7]     [,8]     [,9]    [,10]
 [1,] 20.72085 318.4947 0.1446523 18.87676 286.6232 38.58179 24.23411 6.756106 4.444070 2.080374
 [2,] 20.71727 318.6144 0.1446392 18.87400 286.6230 38.58216 24.23336 6.756083 4.444306 2.080413
 [3,] 20.72869 318.4091 0.1445525 18.87703 286.6218 38.57780 24.23411 6.755590 4.444473 2.082512
 [4,] 20.71627 318.4971 0.1445695 18.87994 286.6230 38.58235 24.23468 6.756037 4.444086 2.080405
 [5,] 20.71947 318.4669 0.1446574 18.88085 286.6232 38.58229 24.23436 6.755838 4.443768 2.080854
 [6,] 20.72093 318.4915 0.1446355 18.87810 286.6226 38.58200 24.23407 6.756053 4.444099 2.080911
 [7,] 20.71444 318.5592 0.1449064 18.87555 286.6228 38.58259 24.23374 6.756037 4.447375 2.079746
 [8,] 20.89736 314.3856 0.1408615 18.89493 286.6215 38.58000 24.23409 6.756184 4.468345 2.079856
 [9,] 20.91082 313.0522 0.1464440 18.88155 286.6254 38.60368 24.23410 6.756105 4.440045 2.080238
[10,] 20.78062 316.7328 0.1445323 18.88003 286.6229 38.58229 24.23613 6.755536 4.447419 2.081649
[11,] 20.72725 318.3842 0.1442449 18.87198 286.6220 38.55682 24.23341 6.767222 4.441226 2.082812
[12,] 20.83189 323.2199 0.3227795 18.80752 286.6110 38.49590 24.36065 6.820324 4.604874 2.088980

$Refset$f
 [1] 182.0191 182.0347 182.0799 182.1545 182.1545 182.1545 182.4271 183.7153 185.8837 185.4653 220.0538 358.0955

$Refset$fpen
 [1] 182.0191 182.0347 182.0799 182.1545 182.1545 182.1545 182.4271 183.7153 185.8837 185.4653 220.0538 358.0955

$Refset$const
          [,1]     [,2]     [,3]     [,4]     [,5]
 [1,] 14.43269 31.55593 17.12324 1.522380 2.586133
 [2,] 14.42969 31.55569 17.12600 1.522398 2.586006
 [3,] 14.43256 31.55553 17.12297 1.522524 2.585798
 [4,] 14.43585 31.55591 17.12006 1.522394 2.586098
 [5,] 14.43708 31.55623 17.11915 1.522378 2.586134
 [6,] 14.43400 31.55590 17.12190 1.522441 2.585912
 [7,] 14.42817 31.55263 17.12445 1.522420 2.585938
 [8,] 14.42658 31.53166 17.10507 1.522559 2.585585
 [9,] 14.44151 31.55996 17.11845 1.522181 2.585938
[10,] 14.43261 31.55258 17.11997 1.522404 2.586159
[11,] 14.43076 31.55877 17.12802 1.522465 2.586803
[12,] 14.20264 31.39513 17.19248 1.523207 2.594933

$Refset$penalty
 [1] 0 0 0 0 0 0 0 0 0 0 0 0


