$f
 [1] 2987.4080 1800.1510 1684.4722 1430.4340 1166.9288 1097.5799 1063.4635 1017.5278  966.8993  947.9965  936.1059  928.1927  904.5382  898.2986  890.4184  886.7153  878.5660  878.3976  871.6319  847.2934  843.8281  839.9948  837.6719
[24]  836.0938  824.7760  820.1458  819.6597  817.1076  816.8524  811.2448  811.2014  810.9878  808.2743  804.9792  804.6476  802.5781  801.0174  800.8316  800.4948  800.4913  800.4201  800.1944  799.9722  799.7014  798.8889  797.9618
[47]  797.9253  797.7899  797.6007  797.5729  797.5295  797.4965  797.4965

$x
          [,1]     [,2]      [,3]     [,4]     [,5]     [,6]     [,7]     [,8]     [,9]    [,10]
xbest 26.97713 133.2282 0.2821803 18.08504 286.0622 41.05498 28.71101 5.205742 4.660421 3.252848
xbest 20.57615 376.8236 0.1000000 16.83751 285.6978 46.15873 24.92006 3.007536 2.094789 3.089775
xbest 20.57615 396.8236 0.1000000 16.83751 285.6978 46.18373 24.92006 2.995036 2.268226 3.042275
xbest 20.19748 377.4410 0.1585402 22.84574 285.5824 33.10276 24.37152 3.529384 2.740982 3.101112
xbest 20.20228 459.6765 0.2108971 20.69393 286.2418 33.32449 24.00000 2.392474 2.628212 3.617263
xbest 20.00000 460.5480 0.1361112 20.02879 286.3650 33.27788 24.00000 2.348081 2.604297 3.895609
xbest 20.76919 447.2156 0.1347317 19.39356 286.3759 35.69503 24.28278 2.348635 2.814392 3.396238
xbest 20.16841 495.9019 0.1489103 20.89594 286.2265 26.34532 24.16882 2.127149 2.915791 3.978824
xbest 20.70257 431.2134 0.1119049 19.03877 286.5636 38.20489 24.33168 2.410006 2.836773 3.444358
xbest 20.35974 433.4654 0.1000000 19.43387 286.5746 38.20788 24.27252 2.433989 2.833795 3.507623
xbest 20.24359 375.9703 0.1064482 21.86997 286.6321 38.40951 24.14886 2.124228 2.885885 3.517307
xbest 20.07870 445.4484 0.1000000 19.42075 286.5934 36.94170 24.36459 2.457287 2.712319 3.476634
xbest 20.07870 445.4484 0.1014063 19.42075 286.6121 36.96670 24.36459 2.338537 2.712319 3.476634
xbest 20.10458 344.0682 0.1024027 23.68541 286.5408 37.38847 24.26549 2.265787 2.578911 3.944240
xbest 20.15023 279.1713 0.1000139 26.53018 286.5360 37.12661 24.12978 2.049237 2.591295 4.145269
xbest 20.13256 260.9426 0.1008089 27.59908 286.5342 37.12123 24.12310 2.008799 2.533349 4.646651
xbest 20.16923 292.4290 0.1064484 26.00233 286.5279 37.79905 24.02406 2.360420 2.659531 3.502680
xbest 20.02728 297.0978 0.1169363 25.92487 286.5756 37.66480 24.03136 2.308271 2.707832 1.466036
xbest 20.00684 258.1065 0.1182107 27.44553 286.6055 37.70729 24.02221 2.308990 2.746191 1.366511
xbest 20.12748 259.4707 0.1037291 27.54250 286.6036 37.38350 24.13983 2.100826 2.638106 1.578699
xbest 20.17203 268.0385 0.1081138 26.61757 286.5948 37.49405 24.22569 2.154619 2.922547 1.418306
xbest 20.17203 268.0385 0.1074107 26.61757 286.5971 37.59405 24.22569 2.182744 2.922547 1.430181
xbest 20.13932 271.1290 0.1069978 26.60541 286.5532 37.75186 24.04859 2.197359 2.804426 1.492341
xbest 20.13932 271.1290 0.1069978 26.60541 286.5342 37.75186 24.04859 2.197359 2.791926 1.492341
xbest 20.07024 222.9967 0.1082226 26.16441 286.5869 37.27081 24.14368 2.458792 4.938780 1.231116
xbest 20.00085 185.4924 0.1083372 26.42649 286.5851 37.30156 24.11806 2.592256 6.225009 1.200000
xbest 20.00159 183.2213 0.1067621 26.60518 286.5960 37.35934 24.12446 2.661691 6.196165 1.200000
xbest 20.00116 184.5489 0.1057076 26.49760 286.5796 37.43250 24.11527 2.627295 6.215251 1.200000
xbest 20.09524 206.9104 0.1066033 26.48221 286.5947 37.74838 24.09220 2.318439 5.443416 1.266418
xbest 20.00247 189.4802 0.1061672 26.50300 286.5779 37.43816 24.14491 2.755320 6.094300 1.200000
xbest 20.00000 189.4802 0.1061672 26.50300 286.5779 37.43816 24.14491 2.755320 6.094300 1.200000
xbest 20.10089 201.9906 0.1073382 26.33554 286.5830 37.55297 24.08695 2.355331 5.613357 1.201087
xbest 20.10089 201.9906 0.1073382 26.33554 286.6017 37.55297 24.24945 2.355331 5.613357 1.200000
xbest 20.02632 163.1564 0.1061283 26.64707 286.5720 37.30040 24.14514 2.868754 7.113057 1.209231
xbest 20.02632 163.1564 0.1061283 26.64707 286.5720 37.30040 24.02326 2.868754 7.113057 1.209231
xbest 20.10016 195.5248 0.1064324 26.61723 286.5842 37.43652 24.15723 2.849080 5.698629 1.200276
xbest 20.05329 195.5248 0.1085418 26.61723 286.5842 37.43652 24.19786 2.874080 5.698629 1.200276
xbest 20.09797 192.7742 0.1071401 26.90446 286.5856 37.45819 24.15991 2.862048 5.650955 1.205031
xbest 20.09797 192.6179 0.1071401 26.90446 286.5856 37.45819 24.15991 2.868298 5.650955 1.207999
xbest 20.10489 198.2805 0.1071889 26.52486 286.5838 37.44895 24.11179 2.870632 5.624318 1.202750
xbest 20.10489 198.2805 0.1071889 26.52486 286.5838 37.44895 24.11179 2.870632 5.624318 1.202008
xbest 20.12705 197.3205 0.1077656 26.54969 286.5845 37.45261 24.12754 2.833532 5.657136 1.200419
xbest 20.12705 197.3205 0.1079414 26.54969 286.5845 37.45261 24.12754 2.846032 5.657136 1.200419
xbest 20.12959 197.5907 0.1077174 26.54319 286.5884 37.46829 24.11526 2.849108 5.648830 1.204024
xbest 20.09218 197.1141 0.1080892 26.58926 286.5159 37.45420 24.07509 2.842187 5.653641 1.207917
xbest 20.09218 197.1141 0.1080892 26.58926 286.5159 37.45420 24.07509 2.842187 5.656766 1.207917
xbest 20.07560 197.0039 0.1080657 26.60730 286.5103 37.46234 24.04828 2.843041 5.654412 1.211633
xbest 20.08082 197.3052 0.1080859 26.47740 286.5142 37.46134 24.04863 2.842135 5.717727 1.208083
xbest 20.08082 197.3052 0.1080859 26.47740 286.5142 37.46134 24.04863 2.842135 5.717727 1.208826
xbest 20.07224 197.5073 0.1080595 26.47472 286.5145 37.46377 24.05129 2.841190 5.713893 1.208267
xbest 20.10349 197.1744 0.1076030 26.47869 286.5146 37.46228 24.05304 2.841181 5.714025 1.209970
xbest 20.09755 197.2118 0.1076130 26.48056 286.5096 37.46775 24.04485 2.846221 5.711004 1.210091
xbest 20.09755 197.2118 0.1076130 26.48056 286.5096 37.46775 24.04485 2.846221 5.711004 1.210091

$time
elapsed elapsed elapsed elapsed elapsed elapsed elapsed elapsed elapsed elapsed elapsed elapsed elapsed elapsed elapsed elapsed elapsed elapsed elapsed elapsed elapsed elapsed elapsed elapsed elapsed elapsed elapsed elapsed elapsed elapsed 
   2.21    6.04    8.79   12.50   16.86   20.57   24.22   27.68   31.07   38.41   41.86   45.50   47.97   51.41   58.89   62.22   65.60   73.07   76.38   79.77   83.16   85.58  155.61  158.41  161.57  164.74  171.11  178.27  181.32  190.80 
elapsed elapsed elapsed elapsed elapsed elapsed elapsed elapsed elapsed elapsed elapsed elapsed elapsed elapsed elapsed elapsed elapsed elapsed elapsed elapsed elapsed elapsed elapsed 
 192.54  236.49  238.50  244.64  271.60  287.24  305.57  351.04  353.07  419.29  421.07  463.16  465.30  552.58  742.89  744.74  784.50  882.69  884.63  948.79 1048.33 1116.10 1290.10 

$neval
 [1]   106   264   368   518   662   813   955  1094  1237  1516  1658  1804  1908  2048  2324  2464  2602  2879  3016  3153  3292  3393  6249  6335  6473  6609  6884  7157  7291  7693  7767  9525  9609  9886 11042 11712 12472 14233 14317
[40] 16889 16963 18586 18671 22076 29516 29589 31237 34480 34553 37140 41080 43602 50034

$fbest
[1] 797.4965

$xbest
 [1]  20.097553 197.211804   0.107613  26.480558 286.509624  37.467748  24.044847   2.846221   5.711004   1.210091

$numeval
[1] 50034

$end_crit
[1] 1

$cpu_time
elapsed 
 1290.1 

$Refset
$Refset$x
          [,1]     [,2]      [,3]     [,4]     [,5]     [,6]     [,7]     [,8]     [,9]    [,10]
 [1,] 20.09923 197.2016 0.1076362 26.47849 286.5124 37.46403 24.04764 2.842425 5.713872 1.210982
 [2,] 20.09695 197.2024 0.1076610 26.47809 286.5128 37.46248 24.05323 2.843182 5.714911 1.211410
 [3,] 20.09870 197.2064 0.1076329 26.47806 286.5127 37.46445 24.04773 2.842629 5.713864 1.210439
 [4,] 20.09443 197.2208 0.1076751 26.47705 286.5124 37.46388 24.05316 2.843433 5.715400 1.210821
 [5,] 20.09526 197.2445 0.1076740 26.47748 286.5129 37.46321 24.05098 2.843126 5.714118 1.211239
 [6,] 20.09922 197.1997 0.1076379 26.47852 286.5124 37.46374 24.04771 2.842449 5.714060 1.211327
 [7,] 20.09992 197.2218 0.1076513 26.47747 286.5122 37.46400 24.05209 2.842691 5.713736 1.210741
 [8,] 20.08853 197.2199 0.1077894 26.48396 286.5140 37.46666 24.04397 2.841999 5.713688 1.209452
 [9,] 20.08269 197.5145 0.1079982 26.47076 286.5136 37.45646 24.05144 2.840778 5.712275 1.210071
[10,] 20.09917 197.4005 0.1078890 26.51191 286.5117 37.46090 24.05404 2.842747 5.686287 1.212689
[11,] 20.09918 197.3251 0.1076510 26.47839 286.5124 37.42553 24.04861 2.841502 5.713868 1.225435
[12,] 20.00000 141.6175 0.1790234 26.04918 286.4922 45.80774 26.00176 7.560614 2.000000 1.200000

$Refset$f
 [1]  797.4965  797.4965  797.4965  797.4965  797.4965  797.4965  797.5295  797.5295  797.6007  797.8854  798.1198 1264.9740

$Refset$fpen
 [1]  797.4965  797.4965  797.4965  797.4965  797.4965  797.4965  797.5295  797.5295  797.6007  797.8854  798.1198 1264.9740

$Refset$const
          [,1]     [,2]     [,3]     [,4]     [,5]
 [1,] 20.76462 30.28613 9.521509 1.532784 2.585543
 [2,] 20.76318 30.28509 9.521907 1.532734 2.586155
 [3,] 20.76420 30.28614 9.521937 1.532755 2.585629
 [4,] 20.76165 30.28460 9.522950 1.532770 2.585970
 [5,] 20.76336 30.28588 9.522521 1.532722 2.586008
 [6,] 20.76446 30.28594 9.521480 1.532787 2.585552
 [7,] 20.76373 30.28626 9.522533 1.532802 2.585787
 [8,] 20.77027 30.28631 9.516041 1.532627 2.585700
 [9,] 20.75849 30.28772 9.529238 1.532639 2.586605
[10,] 20.82563 30.31371 9.488087 1.532845 2.585911
[11,] 20.76453 30.28613 9.521606 1.532722 2.587483
[12,] 24.04918 34.00000 9.950816 1.539171 2.381505

$Refset$penalty
 [1] 0 0 0 0 0 0 0 0 0 0 0 0


