$f
 [1] 8652.4375 1091.7344  653.9288  597.9861  592.1528  583.0903  582.5677  573.7569  555.7014  550.0660  533.6424  533.1701  531.8438  514.4705  514.0799  509.1319  505.8385  504.7344  503.7882  491.2344  486.0590  484.5417  484.4792
[24]  483.8056  481.1840  478.8941  477.5556  472.8681  472.5035  472.1528  472.0208  471.4653  471.4219  471.2899  471.0677  471.0052  470.8142  470.5729  470.4861  470.3160  470.1910  469.3819  469.3264  468.5764  468.5139  465.0747
[47]  465.0747

$x
          [,1]     [,2]      [,3]     [,4]     [,5]     [,6]     [,7]     [,8]     [,9]    [,10]
xbest 24.79000 337.0400 0.2529000 17.72000 285.5400 45.67000 29.49000 2.970000 2.000000 2.690000
xbest 23.01954 121.9784 0.1000000 30.00000 286.2616 47.63843 30.33659 7.774357 4.688137 4.339204
xbest 23.07813 101.9784 0.1009064 30.00000 286.0741 47.57471 34.23659 6.924357 4.795125 4.639776
xbest 24.53066 316.6301 0.5519466 22.63560 286.0463 38.26734 27.22834 3.335592 3.892453 2.455863
xbest 24.64657 316.8919 0.5543880 22.74777 286.0464 38.22428 27.21289 3.374491 3.848659 2.477075
xbest 20.53301 343.7779 0.9726459 23.34072 285.6607 41.86665 26.63620 3.066137 3.454596 1.200000
xbest 24.69825 316.9560 0.5530931 22.83290 286.0466 38.22487 27.28993 3.420516 3.773495 2.501637
xbest 23.93855 309.3591 0.5463765 23.58940 285.9421 38.20958 27.12377 3.426542 3.856003 2.506856
xbest 23.97196 309.3591 0.5259755 23.58940 285.9421 38.20958 27.11653 3.501542 3.856003 2.698335
xbest 21.04254 246.0424 0.4669110 23.55346 286.3717 42.14941 30.91955 3.600267 5.989421 1.461868
xbest 21.04254 246.0424 0.4444110 23.55346 286.3717 42.14003 31.08205 3.598704 5.964421 1.461868
xbest 23.42141 315.6561 0.5238958 23.16052 286.0350 38.23395 29.07076 3.481845 3.973635 2.383941
xbest 23.80484 315.4127 0.5437324 23.17750 286.0296 38.19479 29.06864 3.475137 3.998976 2.619403
xbest 23.80484 315.4420 0.5226496 22.99000 286.0296 38.19479 29.06864 3.450137 3.936476 2.571903
xbest 22.78894 314.1915 0.5126601 23.65587 286.0172 38.14943 29.05747 3.576957 3.968625 2.409519
xbest 22.68294 321.9712 0.5100160 23.37249 286.0262 38.08849 29.12912 3.514607 3.958719 2.180714
xbest 22.72974 318.0574 0.5149295 23.51568 286.0213 38.10817 29.09687 3.530323 3.961427 2.389334
xbest 22.71580 318.6015 0.5143906 23.47866 286.0200 38.11365 29.07767 3.534058 3.963031 2.336495
xbest 22.73924 318.6015 0.5143906 23.48159 286.0200 38.11365 29.07767 3.546558 3.963031 2.336495
xbest 20.97184 246.1864 0.3093518 23.41119 286.2917 43.98073 28.56584 3.666418 5.674867 1.349459
xbest 20.97184 246.0301 0.3093518 23.41119 286.3105 43.98073 28.48333 3.666418 5.674867 1.349459
xbest 21.05894 245.8045 0.2840815 23.36188 286.3154 43.98740 28.60693 3.668955 5.610672 1.353028
xbest 21.05894 245.8045 0.2840815 23.36188 286.3154 43.98740 28.60693 3.668955 5.613797 1.353028
xbest 20.91402 247.9240 0.2840263 23.34158 286.2649 43.96636 28.18373 3.679496 5.619760 1.362518
xbest 20.94293 249.9079 0.3273982 23.38764 286.2653 44.14347 28.20036 3.686527 5.554453 1.354820
xbest 20.94293 249.9079 0.3273982 23.38764 286.2840 44.14347 28.36286 3.686527 5.554453 1.354820
xbest 21.12220 247.5864 0.2901298 23.33630 286.2533 44.18745 28.10467 3.695037 5.466937 1.352992
xbest 21.12220 247.5864 0.2887236 23.33630 286.2694 44.18745 28.10467 3.695037 5.479437 1.341117
xbest 21.09203 247.6507 0.3029323 23.29793 286.2843 44.09882 28.27142 3.710854 5.429044 1.383162
xbest 21.09203 247.6507 0.3029323 23.29793 286.2843 44.09882 28.23079 3.710854 5.429044 1.383162
xbest 21.09671 247.8576 0.2815374 23.33850 286.2640 44.18177 28.10965 3.693838 5.455232 1.347687
xbest 21.07328 247.8576 0.2815374 23.33850 286.2640 44.18177 28.06902 3.693838 5.455232 1.347687
xbest 21.11596 248.5678 0.2845859 23.32169 286.2638 44.18427 28.09358 3.694135 5.449615 1.349144
xbest 21.11543 248.4018 0.2868561 23.30643 286.2649 44.18592 28.11847 3.694145 5.453770 1.346937
xbest 21.11707 248.3617 0.2870294 23.30836 286.2650 44.18522 28.11907 3.694134 5.454011 1.348880
xbest 21.11707 248.3812 0.2870294 23.30836 286.2650 44.18522 28.11907 3.694134 5.454011 1.348880
xbest 21.11275 248.3654 0.2821925 23.30317 286.2647 44.19131 28.09200 3.694096 5.441208 1.346679
xbest 21.11001 248.8968 0.2831990 23.30891 286.2648 44.19350 28.08530 3.694172 5.424781 1.346490
xbest 21.11361 248.1192 0.2785435 23.29558 286.2648 44.19116 28.09308 3.693732 5.438728 1.346531
xbest 21.11385 247.9307 0.2769741 23.29629 286.2633 44.19194 28.08242 3.694051 5.439469 1.346619
xbest 21.07648 266.9056 0.3091888 23.25404 286.2656 44.17105 28.06370 3.693378 4.712376 1.352630
xbest 21.07648 266.9837 0.3091888 23.25404 286.2656 44.17105 28.10432 3.693378 4.712376 1.352630
xbest 21.05314 281.0417 0.3422883 23.24735 286.2662 44.16505 28.05490 3.692645 4.388930 1.357173
xbest 21.05314 281.0026 0.3422883 23.24735 286.2662 44.16505 28.05490 3.692645 4.392055 1.357173
xbest 21.05421 270.6993 0.2734826 23.22310 286.2638 44.17173 28.05348 3.694625 4.523392 1.360272
xbest 21.05421 270.8556 0.2734826 23.22310 286.2638 44.17173 28.05348 3.694625 4.523392 1.359530
xbest 21.05421 270.8556 0.2734826 23.22310 286.2638 44.17173 28.05348 3.694625 4.523392 1.359530

$time
elapsed elapsed elapsed elapsed elapsed elapsed elapsed elapsed elapsed elapsed elapsed elapsed elapsed elapsed elapsed elapsed elapsed elapsed elapsed elapsed elapsed elapsed elapsed elapsed elapsed elapsed elapsed elapsed elapsed elapsed 
   2.78    8.25   13.87   26.95   35.14   39.51   48.78   52.98   60.90   86.53  107.40  142.12  150.70  154.64  176.93  181.15  190.17  194.43  201.18  271.73  274.45  306.33  316.58  329.12  341.04  360.47  463.67  466.58  540.11  542.28 
elapsed elapsed elapsed elapsed elapsed elapsed elapsed elapsed elapsed elapsed elapsed elapsed elapsed elapsed elapsed elapsed elapsed 
 697.14  700.42  725.43  762.28  779.97  790.34  895.95  941.03  955.93  993.29 1230.65 1233.06 1280.29 1282.61 1477.98 1480.76 1585.26 

$neval
 [1]   106   274   440   869  1145  1289  1571  1707  1967  2768  3405  4483  4757  4887  5576  5713  5987  6125  6344  8524  8614  9703 10054 10467 10876 11498 14626 14723 17185 17259 22150 22230 23048 24209 24757 25103 28431 30001 30468
[40] 31621 39005 39084 40585 40663 46867 46950 50138

$fbest
[1] 465.0747

$xbest
 [1]  21.0542081 270.8555860   0.2734826  23.2231049 286.2638180  44.1717349  28.0534780   3.6946254   4.5233917   1.3595295

$numeval
[1] 50138

$end_crit
[1] 1

$cpu_time
elapsed 
1585.26 

$Refset
$Refset$x
          [,1]     [,2]      [,3]     [,4]     [,5]     [,6]     [,7]     [,8]     [,9]    [,10]
 [1,] 21.10415 249.8257 0.2762530 23.33789 286.2639 44.18934 28.05618 3.693959 5.348343 1.348260
 [2,] 21.11189 249.6214 0.2723999 23.34908 286.2635 44.18945 28.06755 3.694007 5.326212 1.348190
 [3,] 21.08924 249.9619 0.2829738 23.32507 286.2643 44.19200 28.05298 3.694297 5.384180 1.348730
 [4,] 21.06881 250.0543 0.2763486 23.34577 286.2652 44.18932 28.05794 3.693493 5.348132 1.348134
 [5,] 21.08105 249.5511 0.2759669 23.32243 286.2657 44.19033 28.06908 3.693479 5.374348 1.347357
 [6,] 21.09998 250.1677 0.2821854 23.32477 286.2678 44.19506 28.02466 3.692963 5.375398 1.352781
 [7,] 21.10214 249.7663 0.2760524 23.34787 286.2641 44.19098 28.04643 3.693473 5.347201 1.347905
 [8,] 21.33175 248.9339 0.2810701 22.85588 286.2855 44.15052 28.17727 3.701311 5.506023 1.390051
 [9,] 21.09084 250.2124 0.2700938 23.31975 286.2560 44.12742 28.03196 3.671424 5.431657 1.414551
[10,] 21.16153 240.0330 0.2836717 23.34723 286.2814 44.19259 28.29286 3.776801 5.398415 1.357073
[11,] 21.13945 246.2775 0.4037463 24.44621 285.3412 34.30839 26.99425 4.311611 5.813259 1.375812
[12,] 20.84618 250.0141 0.2458481 22.91630 286.3227 44.03099 29.48912 3.524497 5.424806 1.200000

$Refset$f
 [1] 470.2326 470.1701 470.5139 470.6146 470.6146 470.7135 470.7153 482.1719 481.9479 527.8316 589.3507 559.7986

$Refset$fpen
 [1] 470.2326 470.1701 470.5139 470.6146 470.6146 470.7135 470.7153 482.1719 481.9479 527.8316 589.3507 559.7986

$Refset$const
          [,1]     [,2]     [,3]     [,4]     [,5]
 [1,] 17.98955 30.65166 12.66211 1.559116 2.485608
 [2,] 18.02287 30.67379 12.65092 1.559143 2.486185
 [3,] 17.94089 30.61582 12.67493 1.559071 2.485460
 [4,] 17.99764 30.65187 12.65423 1.558977 2.486122
 [5,] 17.94808 30.62565 12.67757 1.558922 2.486895
 [6,] 17.94937 30.62460 12.67523 1.558743 2.484678
 [7,] 18.00067 30.65280 12.65213 1.559104 2.485020
 [8,] 17.34986 30.49398 13.14412 1.556757 2.501077
 [9,] 17.88810 30.56834 12.68025 1.559900 2.484169
[10,] 17.94881 30.60158 12.65277 1.557083 2.505263
[11,] 18.63296 30.18674 11.55379 1.661600 2.686019
[12,] 17.49150 30.57519 13.08370 1.550793 2.600776

$Refset$penalty
 [1] 0 0 0 0 0 0 0 0 0 0 0 0


