$f
 [1] 6741.594 2524.755 2211.106 2135.941 1964.905 1923.359 1835.911 1670.099 1537.212 1527.870 1432.616 1427.661 1422.085 1399.625 1396.573 1368.403 1350.128 1347.736 1277.170 1275.326 1272.417 1271.260 1265.339 1265.227 1256.170 1252.113
[27] 1243.984 1236.057 1212.741 1212.266 1210.417 1206.045 1198.543 1189.521 1186.748 1186.714 1185.694 1184.727 1184.707 1184.312 1184.123 1184.073 1142.156 1115.302 1108.384 1106.868 1104.146 1104.000 1102.920 1100.066 1099.812 1099.389
[53] 1098.139 1096.148 1095.368 1094.297 1094.023 1092.970 1092.847 1092.741 1091.286 1091.050 1090.811 1089.642 1089.578 1089.396 1089.396

$x
          [,1]     [,2]      [,3]     [,4]     [,5]     [,6]     [,7]     [,8]     [,9]    [,10]
xbest 27.24903 125.4930 0.2439229 18.91476 285.0366 40.45637 26.41371 2.254100 3.044477 4.084265
xbest 24.53567 159.8499 0.2379725 20.88334 285.4919 35.72515 24.04249 2.044331 4.082689 4.009565
xbest 24.53567 139.8499 1.0000000 21.24076 285.4872 35.72515 24.20499 2.056250 4.132689 4.009565
xbest 20.00000 326.6147 0.1000000 15.46083 286.8462 47.76483 24.00038 3.377550 2.066061 3.649085
xbest 20.00000 176.6958 0.3952404 23.90124 286.1383 36.05996 24.45042 7.356904 4.222754 4.583802
xbest 21.87121 233.2428 0.4591249 18.02761 286.6954 44.73220 24.00510 2.997378 2.902479 3.363342
xbest 20.54880 168.4950 0.4076968 23.92595 286.1604 36.30946 24.42796 7.289906 4.209617 4.481135
xbest 20.73652 174.2447 0.4154702 23.65703 286.6368 37.52852 24.44119 7.318591 3.840101 4.811248
xbest 20.73652 174.2447 0.4210952 23.28203 286.7118 37.52852 24.28369 7.319266 4.014332 4.811248
xbest 22.52483 122.6410 0.3932023 24.84922 286.5385 36.53110 24.62201 7.339545 4.195672 4.597257
xbest 22.48498 121.2973 0.5342929 24.84922 286.5405 37.33110 24.70326 7.339545 4.365359 4.549757
xbest 22.67630 101.3142 0.4138168 26.88979 286.5774 37.76910 24.69640 7.418288 3.842257 4.508210
xbest 22.45221 132.2585 0.4355940 24.23127 286.5406 36.69889 24.63642 7.374767 4.029527 4.163165
xbest 22.45221 132.2585 0.4531721 24.23127 286.5406 36.69889 24.61611 7.374767 4.048277 4.175040
xbest 22.56716 117.0200 0.4140101 25.18784 286.5170 36.67524 24.61219 7.342930 4.173272 4.440357
xbest 22.56716 117.0200 0.4756668 25.39479 286.5146 36.67524 24.53725 7.342930 4.095363 4.392487
xbest 22.55590 118.1938 0.4140233 25.02570 286.5002 36.65864 24.60810 7.342896 4.169175 4.437432
xbest 22.55582 116.7578 0.4161725 25.27258 286.5001 36.65879 24.60590 7.342899 4.184588 4.436828
xbest 22.55582 116.1316 1.0000000 25.27258 286.5001 36.65879 24.60590 7.343682 4.972064 4.448726
xbest 22.34583 116.7393 0.8652862 25.44712 286.4992 36.60221 24.65310 7.345169 4.603173 4.421958
xbest 22.34583 116.7393 0.9102862 25.44712 286.4992 36.60221 24.65310 7.345169 4.603173 4.421958
xbest 22.06928 120.8101 0.9862245 25.82403 286.4987 36.60664 24.66557 7.345097 4.512670 4.415605
xbest 22.36079 115.0362 0.9915254 25.47391 286.5002 36.60671 24.68090 7.345053 4.619278 4.412483
xbest 22.75072 118.6753 0.9301723 24.36355 286.5017 36.61772 24.63135 7.344284 4.898963 4.415827
xbest 22.45570 117.0912 0.9231672 23.74149 286.5000 36.61378 24.68736 7.344888 5.447125 4.424709
xbest 22.47874 117.4340 0.9090643 22.84910 286.4996 36.61467 24.68763 7.344916 5.957330 4.432126
xbest 22.48463 117.7428 0.9072188 22.17843 286.4996 36.61479 24.69909 7.344974 6.532867 4.435556
xbest 22.40338 117.8743 0.9036203 21.96280 286.4996 36.61515 24.69805 7.344986 6.657575 4.434448
xbest 22.43631 117.8446 0.9062462 21.63801 286.4998 36.61515 24.69900 7.344991 6.838401 4.434977
xbest 22.43631 117.8446 0.9062462 21.63801 286.4998 36.61515 24.69900 7.344991 6.841526 4.434977
xbest 22.69943 102.1198 0.9053376 23.47493 286.5045 36.62017 24.64692 7.343279 6.397081 4.420110
xbest 22.55315 106.4918 0.9089750 23.14152 286.5009 36.62148 24.65633 7.344975 6.445579 4.420621
xbest 22.50640 102.9004 0.9005002 22.98395 286.5008 36.62015 24.65658 7.345009 6.874003 4.420648
xbest 22.50640 103.2129 1.0000000 22.98395 286.5008 36.62015 24.65658 7.345009 6.874003 4.420648
xbest 22.57312 100.0000 0.9639578 23.16877 286.4988 36.61774 24.60979 7.345313 6.918195 4.406541
xbest 22.57144 100.0019 0.9869158 23.20784 286.5002 36.62477 24.64286 7.345319 6.880529 4.414588
xbest 22.57169 100.0022 0.9948549 23.19972 286.5010 36.62873 24.63799 7.345322 6.888841 4.412805
xbest 22.57264 100.0943 0.9991031 23.18964 286.5008 36.62874 24.63949 7.345418 6.884121 4.422644
xbest 22.57228 100.0762 0.9997395 23.18900 286.5012 36.62948 24.63912 7.345475 6.885112 4.427669
xbest 22.56789 100.1367 1.0000000 23.19228 286.5003 36.63910 24.62204 7.345174 6.887366 4.437380
xbest 22.57661 100.0000 0.9997548 23.18245 286.4979 36.63873 24.61439 7.345213 6.890461 4.426673
xbest 22.57878 100.0000 0.9997711 23.18425 286.4981 36.64068 24.61193 7.345248 6.887755 4.427957
xbest 22.66227 100.0000 1.0000000 23.09651 286.5377 36.59589 25.09929 7.203325 6.835928 4.989673
xbest 22.66227 100.0000 1.0000000 23.28987 286.5377 36.59589 25.26179 7.203325 6.810928 4.989673
xbest 22.70497 100.0000 1.0000000 23.10917 286.5376 36.59687 25.18742 7.202590 6.835930 4.987707
xbest 22.72576 100.0000 0.9973198 23.11976 286.5371 36.55859 25.25463 7.202154 6.838174 5.000000
xbest 22.71977 100.0000 0.9957050 23.16514 286.5350 36.58812 24.99121 7.202196 6.842075 4.957133
xbest 22.73101 100.1021 0.9882685 23.12741 286.5365 36.56244 24.98203 7.202174 6.840813 4.949838
xbest 22.72387 100.1470 0.9453344 23.03387 286.5212 36.64625 24.87615 7.201866 6.896346 4.999740
xbest 22.74731 100.1470 0.9453344 23.03240 286.5212 36.64625 24.87615 7.201866 6.899471 4.999740
xbest 22.71581 100.0952 0.9643814 23.11350 286.5170 36.67545 24.73570 7.202461 6.893972 5.000000
xbest 22.74349 100.4192 0.9903754 23.02879 286.5266 36.63668 24.93732 7.203215 6.885553 4.967561
xbest 22.73491 100.5642 0.9857799 23.03034 286.5194 36.64824 24.80202 7.203031 6.897210 4.977138
xbest 22.73491 100.4079 0.9857799 23.03620 286.5194 36.64824 24.84265 7.203031 6.897210 4.980107
xbest 22.74518 100.3828 0.9933665 23.02735 286.5261 36.63114 24.92165 7.205329 6.892975 4.940792
xbest 22.75055 100.1157 0.9983784 23.07108 286.5245 36.66059 24.83163 7.204227 6.896360 4.956365
xbest 22.73113 100.5787 0.9908267 23.02915 286.5189 36.65549 24.83482 7.205064 6.890020 4.946731
xbest 22.74224 100.3841 0.9939615 23.01819 286.5239 36.64687 24.88908 7.205387 6.896529 4.943391
xbest 22.74224 100.3645 0.9939615 23.01819 286.5239 36.64687 24.88908 7.205387 6.896529 4.943391
xbest 22.74399 100.3122 0.9964976 23.03034 286.5256 36.64888 24.88001 7.205868 6.887091 4.931754
xbest 22.74509 100.0672 0.9969020 23.04251 286.5149 36.59552 24.78227 7.204946 6.900754 4.949119
xbest 22.74508 100.1244 0.9968630 23.04204 286.5155 36.59591 24.78591 7.205325 6.898805 4.943651
xbest 22.74506 100.0535 0.9969382 23.05278 286.5059 36.59485 24.72327 7.204717 6.909529 4.959870
xbest 22.74799 100.2645 0.9977051 23.02451 286.5195 36.60678 24.76747 7.205275 6.899032 4.943560
xbest 22.75053 100.3066 0.9978539 23.01779 286.5199 36.60502 24.77085 7.205277 6.899093 4.943462
xbest 22.75053 100.3066 0.9978539 23.01779 286.5199 36.60502 24.77085 7.205277 6.895968 4.943462
xbest 22.75053 100.3066 0.9978539 23.01779 286.5199 36.60502 24.77085 7.205277 6.895968 4.943462

$time
elapsed elapsed elapsed elapsed elapsed elapsed elapsed elapsed elapsed elapsed elapsed elapsed elapsed elapsed elapsed elapsed elapsed elapsed elapsed elapsed elapsed elapsed elapsed elapsed elapsed elapsed elapsed elapsed elapsed elapsed 
   2.01    5.64    9.20   17.05   20.40   30.36   33.70   40.58   47.40   80.59   84.19  103.26  112.62  118.75  170.53  173.42  187.30  200.47  210.53  296.26  298.59  305.33  308.75  312.15  315.31  318.45  325.36  328.51  332.01  333.76 
elapsed elapsed elapsed elapsed elapsed elapsed elapsed elapsed elapsed elapsed elapsed elapsed elapsed elapsed elapsed elapsed elapsed elapsed elapsed elapsed elapsed elapsed elapsed elapsed elapsed elapsed elapsed elapsed elapsed elapsed 
 351.03  354.28  361.58  369.92  476.20  498.51  501.84  509.15  512.59  524.05  689.44  742.03  845.55  847.56  861.12  864.44  874.76  881.61  965.39  967.30  994.80  998.03 1001.30 1003.34 1006.69 1020.69 1024.09 1030.42 1038.55 1055.80 
elapsed elapsed elapsed elapsed elapsed elapsed elapsed 
1069.64 1104.65 1107.90 1146.37 1183.98 1185.69 1211.51 

$neval
 [1]   106   273   429   727   872  1299  1440  1725  1985  3338  3493  4316  4724  4965  7124  7251  7797  8353  8749 12257 12330 12612 12756 12898 13037 13176 13453 13591 13733 13806 14501 14640 14915 15271 19654 20539 20674 20948 21090
[40] 21575 28517 30750 35098 35187 35738 35878 36290 36557 40054 40138 41220 41357 41497 41586 41722 42271 42409 42677 43023 43712 44254 45687 45826 47409 48989 49063 50022

$fbest
[1] 1089.396

$xbest
 [1]  22.7505264 100.3066459   0.9978539  23.0177877 286.5199156  36.6050240  24.7708454   7.2052769   6.8959684   4.9434621

$numeval
[1] 50022

$end_crit
[1] 1

$cpu_time
elapsed 
1211.51 

$Refset
$Refset$x
           [,1]        [,2]        [,3]      [,4]       [,5]      [,6]       [,7]       [,8]      [,9]    [,10]
 [1,]  22.75053   0.9978539 286.5199156 24.770845   6.895968  22.75053  0.9978539 286.519916 24.770845 6.895968
 [2,] 100.30665  23.0177877  36.6050240  7.205277   4.943462 100.30665 23.0177877  36.605024  7.205277 4.943462
 [3,]  22.75127 100.2840184   0.9978544 23.015150 286.519901  36.60604 24.7704056   7.205279  6.899213 4.943280
 [4,]  22.75053 100.2928788   0.9971515 23.013920 286.519266  36.60623 24.7672563   7.205302  6.898957 4.943177
 [5,]  22.75021 100.2518581   0.9990198 23.018827 286.519298  36.60779 24.7804934   7.205277  6.898147 4.944085
 [6,]  22.75418 100.2356020   0.9978345 23.017671 286.518970  36.60405 24.7628242   7.205179  6.899233 4.944122
 [7,]  22.75115 100.2356828   0.9980736 23.020343 286.520326  36.60287 24.7885162   7.205273  6.899144 4.944158
 [8,]  22.74955 100.2242433   0.9982685 23.022014 286.519600  36.60918 24.7718496   7.205353  6.898534 4.943594
 [9,]  22.75672 100.2244608   0.9977869 22.992822 286.512398  36.59805 24.7863703   7.205069  6.909246 4.943223
[10,]  22.74047 100.0000000   0.9981231 22.961976 286.519273  36.59832 24.7993344   7.205162  6.950000 4.945890
[11,]  22.74770 100.4854898   0.9948520 22.976859 286.518806  36.60465 24.7972862   7.205538  6.908736 4.940812
[12,]  22.58638 100.1520917   0.9970753 23.084368 286.616310  38.85603 24.8018606   7.252390  6.892965 4.925942

$Refset$f
 [1] 1089.396 1089.396 1089.396 1089.396 1089.396 1089.396 1089.396 1089.460 1089.877 1089.759 1089.578 1245.174

$Refset$fpen
 [1] 1089.396 1089.396 1089.396 1089.396 1089.396 1089.396 1089.396 1089.460 1089.877 1089.759 1089.578 1245.174

$Refset$const
          [,1]      [,2]      [,3]      [,4]     [,5]
 [1,] 16.12182 12.982212  2.689614 29.104032 1.528379
 [2,] 29.10403  1.528379 16.121819 12.982212 2.689614
 [3,] 16.11594 29.100787 12.984850  1.528384 2.689516
 [4,] 16.11496 29.101043 12.986080  1.528465 2.689015
 [5,] 16.12068 29.101853 12.981173  1.528423 2.690025
 [6,] 16.11844 29.100767 12.982329  1.528508 2.688663
 [7,] 16.12120 29.100856 12.979657  1.528272 2.691335
 [8,] 16.12348 29.101466 12.977986  1.528420 2.689350
 [9,] 16.08358 29.090754 13.007178  1.529153 2.688520
[10,] 16.01198 29.050000 13.038024  1.528346 2.692090
[11,] 16.06812 29.091264 13.023141  1.528418 2.691398
[12,] 16.19140 29.107035 12.915632  1.522085 2.612490

$Refset$penalty
 [1] 0 0 0 0 0 0 0 0 0 0 0 0


