$f
 [1] 5719.2622 1051.7170  983.9497  897.2378  862.5938  756.1424  749.5451  737.8333  735.2656  732.6424  730.9306  729.1649  726.6736  718.4861  717.8767  717.8368  717.6927  717.6285  711.6684  694.9097  693.7014  693.2118  693.1771

$x
          [,1]     [,2]      [,3]     [,4]     [,5]     [,6]     [,7]     [,8]     [,9]    [,10]
xbest 24.79000 337.0400 0.2529000 17.72000 285.5400 45.67000 29.49000 2.970000 2.000000 2.690000
xbest 20.00000 207.2255 1.0000000 20.15947 286.4722 45.18593 30.75166 4.590635 7.362582 3.385193
xbest 20.01172 207.3036 1.0000000 20.15947 286.5097 45.18593 30.75166 4.590635 7.362582 3.385193
xbest 20.02710 265.8738 0.7625029 20.08318 286.8126 41.04959 25.69290 5.353440 5.983989 1.219785
xbest 20.00999 274.0907 0.7022594 20.22309 286.7246 39.26144 26.10251 6.539965 6.203221 1.200000
xbest 20.00000 274.0907 1.0000000 19.82215 286.7246 39.26144 26.10251 6.539965 6.061800 1.206299
xbest 20.59059 229.3428 0.4876982 20.37352 286.2442 38.05090 32.09308 5.570892 6.814773 3.280455
xbest 20.59059 229.3428 0.4876982 20.37352 286.2442 38.06340 32.09308 5.564642 6.852273 3.304205
xbest 20.59337 230.0714 0.4817761 20.33407 286.2588 38.09837 32.05923 5.569699 6.830991 3.247519
xbest 20.59337 230.0714 0.5042761 20.33407 286.2588 38.09837 32.05923 5.569699 6.843491 3.241581
xbest 20.84461 228.8487 0.6374653 20.51941 286.2668 37.48318 32.76287 5.403455 6.746981 3.968994
xbest 20.55551 232.9894 0.4949928 20.02926 286.2833 38.24154 32.09884 5.578057 6.941209 3.160622
xbest 20.55551 232.6769 0.4738991 20.02926 286.2833 38.22904 32.11915 5.578057 6.928709 3.160622
xbest 20.42920 234.2936 0.4639365 20.30267 286.1982 37.91527 31.83908 5.658860 6.620678 3.373645
xbest 20.42920 234.3717 0.4637607 20.30267 286.1982 37.91527 31.87970 5.658860 6.620678 3.373645
xbest 20.45914 234.0591 0.4639081 20.30148 286.2001 37.91106 31.84110 5.658913 6.613519 3.373673
xbest 20.45914 234.0591 0.4639081 20.30148 286.2001 37.91106 31.84110 5.658913 6.616644 3.373673
xbest 20.43512 234.7320 0.4638613 20.30011 286.2026 37.91448 31.84531 5.658957 6.597751 3.373840
xbest 20.43715 232.3692 0.4879961 19.62491 286.1838 37.95279 31.65586 5.556709 7.441915 3.086107
xbest 20.01758 231.2754 0.3979961 19.57640 286.1838 37.95279 31.65586 5.556709 7.441915 3.109857
xbest 20.29267 266.7967 0.4059579 18.83971 286.2000 37.90480 31.95326 5.662817 6.576512 3.392095
xbest 20.28095 266.7967 0.4059579 18.83971 286.2000 37.90480 31.95326 5.662817 6.579637 3.392095
xbest 20.28095 266.7967 0.4059579 18.83971 286.2000 37.90480 31.95326 5.662817 6.576512 3.392095

$time
elapsed elapsed elapsed elapsed elapsed elapsed elapsed elapsed elapsed elapsed elapsed elapsed elapsed elapsed elapsed elapsed elapsed elapsed elapsed elapsed elapsed elapsed elapsed 
   2.22    6.39    8.10   12.16   34.74   43.38   94.69   96.78  196.69  198.55  211.67  227.77  233.11  298.10  299.92  344.75  346.31  352.42  439.46  442.61 1104.80 1106.47 1174.22 

$neval
 [1]   106   277   356   503  1479  1865  4042  4136  8467  8551  9094  9776 10011 12728 12812 14699 14772 15040 18782 18898 47307 47385 50089

$fbest
[1] 693.1771

$xbest
 [1]  20.2809498 266.7967280   0.4059579  18.8397051 286.2000173  37.9048040  31.9532565   5.6628170   6.5765121   3.3920946

$numeval
[1] 50089

$end_crit
[1] 1

$cpu_time
elapsed 
1174.22 

$Refset
$Refset$x
          [,1]     [,2]      [,3]     [,4]     [,5]     [,6]     [,7]     [,8]     [,9]    [,10]
 [1,] 74.92956 202.3638 0.6956303 25.15432 285.7295 38.55089 46.30305 5.083754 9.309832 3.083111
 [2,] 77.45086 315.7089 0.1370121 22.21137 286.0170 29.11224 46.10096 7.907114 9.616398 1.615743
 [3,] 20.25872 265.3741 0.4053907 18.88078 286.2016 37.92655 31.84715 5.669092 6.591981 3.390747
 [4,] 20.27649 265.2102 0.4023082 18.88450 286.1995 37.92677 31.80792 5.667330 6.590415 3.384463
 [5,] 20.27256 265.3571 0.4000872 18.87560 286.2005 37.92714 31.83864 5.669367 6.588618 3.395719
 [6,] 20.30717 264.6691 0.4009302 18.88582 286.1987 37.92577 31.79591 5.661424 6.592122 3.386599
 [7,] 20.13250 269.5670 0.4070999 18.90189 286.1969 37.92138 31.79894 5.554107 6.690535 3.241411
 [8,] 20.47590 266.6445 0.4092273 18.85832 286.1952 37.96640 31.74508 5.583117 6.597329 3.383832
 [9,] 20.27904 265.1681 0.4048410 18.88112 286.2004 37.92660 31.82054 5.668025 6.594276 3.390796
[10,] 20.41659 265.1178 0.3939214 18.69322 286.1688 37.65944 31.76078 5.652184 6.604306 3.150189
[11,] 20.39578 265.7990 0.4012308 18.73696 286.1578 37.63731 31.75496 5.639621 6.663531 3.202252
[12,] 20.27440 265.3339 0.4046914 18.89564 286.1994 37.94009 31.71695 5.669313 6.591919 3.394327

$Refset$f
 [1] 1557534.0000 1000000.0000     696.1615     696.2222     696.2187     696.3299     697.4618     715.8281     697.5104     735.6667     736.7448     729.7535

$Refset$fpen
 [1] 3.656947e+06 9.999975e+11 6.961615e+02 6.962222e+02 6.962187e+02 6.963299e+02 6.974618e+02 7.158281e+02 6.975104e+02 7.356667e+02 7.367448e+02 7.297535e+02

$Refset$const
              [,1]         [,2]         [,3]         [,4]         [,5]
 [1,] 1.584448e+01 2.669017e+01 1.084568e+01 1.488420e+00 5.599413e+00
 [2,] 1.000000e+06 1.000000e+06 1.000000e+06 1.000000e+06 1.000000e+06
 [3,] 1.228880e+01 2.940802e+01 1.711922e+01 1.542368e+00 3.130668e+00
 [4,] 1.229409e+01 2.940959e+01 1.711550e+01 1.542835e+00 3.125730e+00
 [5,] 1.228698e+01 2.941138e+01 1.712440e+01 1.542555e+00 3.129302e+00
 [6,] 1.229370e+01 2.940788e+01 1.711418e+01 1.543006e+00 3.124222e+00
 [7,] 1.221136e+01 2.930947e+01 1.709811e+01 1.543203e+00 3.124247e+00
 [8,] 1.226099e+01 2.940267e+01 1.714168e+01 1.543887e+00 3.114004e+00
 [9,] 1.228684e+01 2.940572e+01 1.711888e+01 1.542661e+00 3.127396e+00
[10,] 1.208891e+01 2.939569e+01 1.730678e+01 1.546020e+00 3.132595e+00
[11,] 1.207343e+01 2.933647e+01 1.726304e+01 1.547427e+00 3.129711e+00
[12,] 1.230372e+01 2.940808e+01 1.710436e+01 1.543371e+00 3.114969e+00

$Refset$penalty
 [1] 2.099413e+00 9.999965e+05 0.000000e+00 0.000000e+00 0.000000e+00 0.000000e+00 0.000000e+00 0.000000e+00 0.000000e+00 0.000000e+00 0.000000e+00 0.000000e+00


