$f
[1] 2270.8837 1643.5295 1188.1771 1127.6823 1107.5990 1070.5729  867.5382  867.5382

$x
          [,1]     [,2]      [,3]     [,4]     [,5]     [,6]     [,7]     [,8]     [,9]    [,10]
xbest 26.14905 128.9190 0.9512060 20.56393 286.7357 35.05305 24.24003 6.262408 7.380361 1.286193
xbest 24.34487 107.2781 0.9556757 19.64321 286.8766 48.00000 24.00000 5.698371 6.917599 1.200000
xbest 23.40151 102.5000 0.9704687 19.69009 286.7453 47.60000 24.00000 5.760871 6.617599 1.200000
xbest 20.95552 100.0000 0.9562376 20.65922 286.3829 45.27949 25.25838 7.145994 6.705930 1.823005
xbest 20.95552 100.0000 0.9787376 20.64750 286.3454 45.27949 25.25838 7.145994 6.851238 1.823005
xbest 20.17222 116.4377 0.9454703 20.15404 286.3754 45.90086 24.36574 7.148863 6.756355 1.318340
xbest 20.00000 116.4377 0.2800000 20.15404 286.3754 45.90086 24.27949 7.148863 7.039197 1.318340
xbest 20.00000 116.4377 0.2800000 20.15404 286.3754 45.90086 24.27949 7.148863 7.039197 1.318340

$time
elapsed elapsed elapsed elapsed elapsed elapsed elapsed elapsed 
   2.72    7.18   12.28   35.19   53.16   72.10   94.46 1364.91 

$neval
[1]   106   266   465  1300  1950  2617  3393 50068

$fbest
[1] 867.5382

$xbest
 [1]  20.000000 116.437654   0.280000  20.154042 286.375418  45.900858  24.279491   7.148863   7.039197   1.318340

$numeval
[1] 50068

$end_crit
[1] 1

$cpu_time
elapsed 
1364.91 

$Refset
$Refset$x
          [,1]     [,2]      [,3]     [,4]     [,5]     [,6]     [,7]     [,8]     [,9]    [,10]
 [1,] 23.71278 210.4057 0.8811122 19.39069 286.4482 36.66878 24.52945 6.026892 6.573442 1.398618
 [2,] 23.72316 209.6487 0.8800349 19.39336 286.4480 36.66977 24.52842 6.026407 6.595917 1.398767
 [3,] 23.72206 209.7366 0.8801997 19.39107 286.4482 36.66933 24.52500 6.026496 6.594867 1.398585
 [4,] 23.72575 209.8107 0.8788099 19.38875 286.4484 36.66940 24.52796 6.026360 6.590482 1.398822
 [5,] 23.72458 209.8185 0.8787266 19.38864 286.4487 36.66897 24.52316 6.026226 6.592223 1.398895
 [6,] 23.72295 209.8085 0.8797260 19.39070 286.4485 36.67054 24.52806 6.026564 6.590172 1.398709
 [7,] 23.72221 209.6965 0.8795151 19.39306 286.4486 36.67015 24.52827 6.026362 6.592566 1.398763
 [8,] 23.71888 210.1049 0.8807706 19.39417 286.4484 36.66901 24.52894 6.025652 6.581232 1.398537
 [9,] 23.71381 210.4083 0.8809733 19.38913 286.4483 36.65872 24.52929 6.024595 6.573622 1.398611
[10,] 23.47077 210.5304 0.8895683 19.39026 286.4486 36.66677 24.60151 6.026483 6.578323 1.392519
[11,] 24.23345 143.2999 0.5923424 24.71923 286.1931 38.19941 29.90057 6.644607 3.751788 3.353205
[12,] 32.29970 148.4911 0.6466820 24.58954 286.1473 35.27410 26.86904 6.207174 6.242331 1.862411

$Refset$f
 [1]  1078.500  1079.859  1079.859  1079.859  1079.859  1079.859  1080.021  1080.505  1085.689  1140.675  2004.177 10304.378

$Refset$fpen
 [1]  1078.500  1079.859  1079.859  1079.859  1079.859  1079.859  1080.021  1080.505  1085.689  1140.675  2004.177 10304.378

$Refset$const
          [,1]     [,2]     [,3]     [,4]     [,5]
 [1,] 12.81725 29.42656 16.60931 1.537154 2.640913
 [2,] 12.79745 29.40408 16.60664 1.537179 2.640710
 [3,] 12.79620 29.40513 16.60893 1.537160 2.640551
 [4,] 12.79827 29.40952 16.61125 1.537138 2.640829
 [5,] 12.79642 29.40778 16.61136 1.537109 2.640600
 [6,] 12.80053 29.40983 16.60930 1.537126 2.640818
 [7,] 12.80050 29.40743 16.60694 1.537114 2.640891
 [8,] 12.81294 29.41877 16.60583 1.537129 2.640943
 [9,] 12.81551 29.42638 16.61087 1.537128 2.641463
[10,] 12.81194 29.42168 16.60974 1.536909 2.646923
[11,] 20.96744 32.24821 11.28077 1.553156 2.914372
[12,] 18.34721 29.75767 11.41046 1.561716 2.826539

$Refset$penalty
 [1] 0 0 0 0 0 0 0 0 0 0 0 0


