$f
 [1] 3289.264 2170.396 1505.655 1487.698 1457.530 1392.641 1363.200 1352.644 1319.142 1315.007 1311.920 1308.151 1307.983 1307.931 1300.538 1300.293 1298.361 1294.771 1281.248 1280.073 1279.655 1279.451 1278.990 1278.762 1278.563 1277.276
[27] 1277.177 1273.099 1267.773 1263.644 1261.040 1258.667 1258.066 1256.859 1256.833 1256.812 1256.604 1254.292 1253.969 1253.950 1253.911 1253.592 1253.392 1253.392

$x
          [,1]     [,2]      [,3]     [,4]     [,5]     [,6]     [,7]     [,8]     [,9]    [,10]
xbest 21.23049 275.8784 0.1273374 19.84336 285.0331 26.88009 26.50464 9.111909 6.975283 1.496518
xbest 24.25447 494.5367 0.2726714 19.48454 286.7676 43.52628 24.00000 2.470419 3.948075 3.443120
xbest 24.25447 440.0000 0.1000000 19.48362 286.7563 41.72961 24.10156 2.476279 3.732281 3.316948
xbest 22.70075 464.8669 0.1002810 19.52571 286.7602 42.21041 24.06416 2.535103 3.724871 3.305714
xbest 22.29874 471.0951 0.1039581 18.94772 286.7558 44.59485 25.44016 2.341230 3.629754 3.112701
xbest 22.82389 447.9599 0.1083296 19.56469 286.8431 45.00574 24.00000 2.000000 3.517109 3.798178
xbest 22.69534 498.4497 0.1002759 19.03687 286.8514 44.91216 24.05706 2.000000 2.834085 5.000000
xbest 22.35140 500.0000 0.1000000 19.25702 286.8557 44.85758 24.05398 2.000000 2.764915 4.883132
xbest 22.35140 499.6875 0.1000000 19.25702 286.8557 44.95758 24.00254 2.050000 2.764915 4.883132
xbest 22.10310 455.7443 0.1119745 19.90601 286.8634 45.80805 24.26459 2.187963 3.422146 4.262008
xbest 21.99668 464.8126 0.1086421 19.81516 286.8595 45.73129 24.28755 2.185730 3.265315 4.278100
xbest 22.02012 464.8126 0.1086421 19.81370 286.8601 45.73129 24.28755 2.185730 3.268440 4.278100
xbest 21.97602 465.9760 0.1087124 19.81687 286.8592 45.72732 24.28693 2.185744 3.274964 4.281512
xbest 21.97769 466.0759 0.1086360 19.81630 286.8591 45.72795 24.28684 2.185736 3.269662 4.281381
xbest 21.95142 465.4728 0.1076622 19.81657 286.8598 45.74726 24.28542 2.185930 3.268556 4.432560
xbest 21.95142 465.4728 0.1075743 19.81657 286.8598 45.74726 24.24480 2.185930 3.268556 4.432560
xbest 21.97824 467.9229 0.1084393 19.86983 286.8593 45.77572 24.28972 2.193806 3.125986 4.490197
xbest 21.98873 468.5245 0.1082639 19.87829 286.8590 45.78011 24.29171 2.195395 3.093033 4.481351
xbest 22.03480 471.7192 0.1083741 19.79868 286.8618 45.77946 24.27305 2.191585 3.083977 4.574762
xbest 22.03480 471.7192 0.1083741 19.79868 286.8618 45.77946 24.27305 2.191585 3.080852 4.574762
xbest 22.06294 468.1877 0.1086588 19.90556 286.8596 45.75921 24.24053 2.190969 3.082885 4.602913
xbest 22.13665 469.0821 0.1066045 19.91496 286.8594 45.76269 24.21821 2.191627 3.006021 4.591355
xbest 22.13079 469.0821 0.1066045 19.91496 286.8594 45.76269 24.21821 2.191627 3.006021 4.591355
xbest 22.19177 470.1049 0.1049263 19.91279 286.8683 45.77635 24.13934 2.192089 2.953223 4.590507
xbest 22.19177 470.1244 0.1049263 19.91279 286.8683 45.77635 24.13934 2.192089 2.953223 4.590507
xbest 22.29133 472.7195 0.1054582 19.94602 286.8589 45.75615 24.21382 2.191965 2.793418 4.597147
xbest 22.28565 473.1801 0.1051839 19.95398 286.8591 45.75287 24.23998 2.191998 2.771325 4.597867
xbest 22.36690 477.5167 0.1049814 19.98684 286.8591 45.75150 24.24027 2.192012 2.598619 4.596142
xbest 22.45819 487.3569 0.1031852 20.05398 286.8587 45.75205 24.24265 2.192180 2.227969 4.594245
xbest 22.17365 499.2738 0.1000000 20.06015 286.8591 45.75141 24.24137 2.192046 2.099140 4.591170
xbest 22.11706 498.6522 0.1018091 20.03000 286.8578 45.75340 24.23176 2.191630 2.186301 4.587193
xbest 22.11706 498.6522 0.1000000 20.02707 286.8578 45.75340 24.06926 2.191630 2.186301 4.587193
xbest 22.12490 497.8981 0.1000000 20.12665 286.8564 45.75090 24.23195 2.191715 2.095411 4.591218
xbest 22.13600 499.7467 0.1002984 20.06658 286.8603 45.74940 24.21871 2.191149 2.116955 4.587636
xbest 22.13600 499.7467 0.1002984 20.06658 286.8603 45.74940 24.17808 2.191149 2.116955 4.587636
xbest 22.06942 500.0000 0.1000000 19.96016 286.8570 45.75514 24.22177 2.191029 2.204899 4.612507
xbest 22.11619 499.0597 0.1004830 20.04819 286.8586 45.75364 24.23102 2.191384 2.154983 4.589745
xbest 22.03136 500.0000 0.1001345 20.14328 286.8695 45.77400 24.28139 2.190121 2.077182 4.604141
xbest 22.03351 499.9876 0.1001073 20.14358 286.8702 45.76111 24.26932 2.190068 2.077622 4.602310
xbest 22.03331 499.9616 0.1001486 20.14033 286.8690 45.77381 24.27625 2.190467 2.080177 4.605785
xbest 22.03320 499.9012 0.1000645 20.08185 286.8663 45.76464 24.26089 2.190715 2.129624 4.617894
xbest 22.02692 500.0000 0.1000568 20.08725 286.8683 45.77561 24.26711 2.191393 2.125887 4.614144
xbest 22.02629 500.0000 0.1000521 20.08820 286.8684 45.77583 24.26524 2.191451 2.124954 4.613426
xbest 22.02629 500.0000 0.1000521 20.08820 286.8684 45.77583 24.26524 2.191451 2.124954 4.613426

$time
elapsed elapsed elapsed elapsed elapsed elapsed elapsed elapsed elapsed elapsed elapsed elapsed elapsed elapsed elapsed elapsed elapsed elapsed elapsed elapsed elapsed elapsed elapsed elapsed elapsed elapsed elapsed elapsed elapsed elapsed 
   4.77   13.14   20.32   49.05   56.13   62.66   69.35   76.63   94.16  134.39  161.24  165.49  205.10  224.91  231.36  235.13  241.83  249.44  296.47  307.33  562.88  759.74  763.27  838.10  841.60  868.86  875.36  881.86  889.24  895.96 
elapsed elapsed elapsed elapsed elapsed elapsed elapsed elapsed elapsed elapsed elapsed elapsed elapsed elapsed 
 909.53  913.61  946.21  972.55  982.32  996.11 1028.46 1041.18 1126.13 1197.13 1394.50 1424.89 1451.39 1809.55 

$neval
 [1]   106   263   413  1006  1154  1294  1436  1579  1951  2776  3323  3412  4218  4628  4770  4850  4987  5125  6090  6303 11529 15570 15644 17288 17361 17897 18032 18166 18303 18442 18717 18803 19489 20029 20243 20522 21196 21470 23189
[40] 24746 28768 29380 29919 37047

$fbest
[1] 1253.392

$xbest
 [1]  22.0262871 500.0000000   0.1000521  20.0881970 286.8684277  45.7758294  24.2652436   2.1914513   2.1249544   4.6134263

$numeval
[1] 37047

$end_crit
[1] 2

$cpu_time
elapsed 
1809.55 

$Refset
$Refset$x
          [,1]     [,2]      [,3]     [,4]     [,5]     [,6]     [,7]     [,8]     [,9]    [,10]
 [1,] 22.02774 499.9707 0.1000530 20.08451 286.8683 45.77571 24.27062 2.190911 2.128035 4.610494
 [2,] 22.02629 499.9974 0.1000248 20.08839 286.8683 45.77563 24.26274 2.191071 2.125064 4.614772
 [3,] 22.02790 499.9782 0.1000587 20.08668 286.8686 45.77581 24.26719 2.190945 2.125842 4.607192
 [4,] 22.02721 499.9926 0.1000546 20.08735 286.8684 45.77346 24.27371 2.190239 2.125374 4.611724
 [5,] 22.02672 499.9814 0.1000428 20.08728 286.8684 45.78000 24.25337 2.190837 2.125694 4.613084
 [6,] 22.02762 499.9948 0.1000518 20.08784 286.8681 45.78316 24.22380 2.190211 2.124697 4.613812
 [7,] 22.04255 499.5533 0.1000300 20.09518 286.8679 45.77704 24.23738 2.188895 2.124834 4.625218
 [8,] 22.02554 499.9610 0.1000534 20.08504 286.8679 45.75228 24.27216 2.190161 2.122830 4.610681
 [9,] 22.02272 499.7373 0.1000544 20.10536 286.8684 45.77575 24.26976 2.190768 2.127954 4.611536
[10,] 22.13493 499.9906 0.1000256 19.94662 286.8688 45.81205 24.25292 2.295483 2.155038 4.472124
[11,] 21.68570 499.9668 0.1000544 20.14153 286.7290 45.00419 24.27756 2.181513 2.110295 4.597299
[12,] 25.13188 410.2850 0.1266407 20.41130 286.8962 45.19460 24.88822 2.105350 2.328307 4.409831

$Refset$f
 [1] 1253.392 1253.392 1253.392 1253.392 1253.392 1253.906 1254.898 1258.401 1258.040 1315.847 1414.873 1852.729

$Refset$fpen
 [1] 1253.392 1253.392 1253.392 1253.392 1253.392 1253.906 1254.898 1258.401 1258.040 1315.847 1414.873 1852.729

$Refset$const
          [,1]     [,2]     [,3]     [,4]     [,5]
 [1,] 17.95647 33.87196 15.91549 1.506172 2.413806
 [2,] 17.96333 33.87494 15.91161 1.506182 2.413379
 [3,] 17.96083 33.87416 15.91332 1.506148 2.413728
 [4,] 17.96197 33.87463 15.91265 1.506150 2.414104
 [5,] 17.96158 33.87431 15.91272 1.506183 2.412794
 [6,] 17.96314 33.87530 15.91216 1.506262 2.410930
 [7,] 17.97034 33.87517 15.90482 1.506255 2.411795
 [8,] 17.96221 33.87717 15.91496 1.506187 2.414443
 [9,] 17.97741 33.87205 15.89464 1.506157 2.413820
[10,] 17.79158 33.84496 16.05338 1.506173 2.411967
[11,] 18.03123 33.88970 15.85847 1.518470 2.388143
[12,] 18.08299 33.67169 15.58870 1.501945 2.477037

$Refset$penalty
 [1] 0 0 0 0 0 0 0 0 0 0 0 0


