$f
[1] 1237.2118 1090.0000 1051.9410 1000.4757  945.8194  765.2691  699.2517  650.3854  650.3854

$x
          [,1]     [,2]      [,3]     [,4]     [,5]     [,6]     [,7]     [,8]     [,9]    [,10]
xbest 38.52751 232.8791 0.9053591 21.98726 285.3791 37.28597 31.71629 4.066514 6.088678 4.048270
xbest 43.19400 222.0818 0.7883179 21.50471 284.8747 30.74167 30.40498 6.817214 6.069729 3.970478
xbest 42.57291 217.0818 0.6730054 21.50471 284.8747 30.74167 30.24248 6.817214 6.069729 3.970478
xbest 35.66446 166.3582 0.3316899 27.80732 286.6604 41.40495 30.74086 6.393743 4.878017 4.397769
xbest 51.93008 105.1274 0.1104715 25.96340 284.2838 40.85783 37.31174 2.000000 2.429306 3.025428
xbest 33.28560 134.5355 0.2787891 25.57579 284.2487 35.07561 32.37769 7.375530 4.411197 1.200000
xbest 32.73369 114.6695 0.2622435 25.00480 284.0000 33.51481 33.51809 8.071026 4.381803 1.200000
xbest 32.73369 114.6695 0.1000000 25.00480 284.0000 33.51481 33.52317 8.071026 4.331803 1.200000
xbest 32.73369 114.6695 0.1000000 25.00480 284.0000 33.51481 33.52317 8.071026 4.331803 1.200000

$time
elapsed elapsed elapsed elapsed elapsed elapsed elapsed elapsed elapsed 
   1.36    4.64    7.08    9.70   15.27   17.91   23.74   35.39  571.41 

$neval
[1]   106   257   389   535   814   952  1224  1855 30023

$fbest
[1] 650.3854

$xbest
 [1]  32.733694 114.669514   0.100000  25.004804 284.000000  33.514810  33.523172   8.071026   4.331803   1.200000

$numeval
[1] 30023

$end_crit
[1] 1

$cpu_time
elapsed 
 571.41 

$Refset
$Refset$x
          [,1]     [,2]      [,3]     [,4]     [,5]     [,6]     [,7]     [,8]     [,9]    [,10]
 [1,] 36.00281 104.6385 0.5298899 27.89300 284.0209 37.13888 37.66386 6.805593 5.217582 3.213309
 [2,] 36.22418 104.6529 0.5400876 27.73451 284.0169 37.09630 37.63613 6.806073 5.210234 3.209188
 [3,] 35.93858 104.8102 0.4935400 27.73883 284.0446 37.14653 37.56839 6.800493 5.293633 3.219871
 [4,] 35.93103 104.8573 0.4914433 27.73842 284.0442 37.14749 37.56766 6.800312 5.292106 3.220933
 [5,] 35.94356 104.8569 0.4940720 27.73855 284.0437 37.14767 37.56976 6.800348 5.291492 3.220870
 [6,] 36.21529 104.6400 0.5215595 27.73507 284.0177 37.10539 37.63694 6.805686 5.209241 3.209559
 [7,] 36.21441 104.9084 0.5440908 27.73400 284.0185 37.11552 37.63786 6.806188 5.215089 3.208327
 [8,] 35.93695 103.6098 0.5543874 28.00221 284.0400 37.11364 37.57168 6.799759 5.284947 3.218403
 [9,] 36.10288 104.8833 0.5320326 27.81599 284.0244 37.12102 37.66090 6.803062 5.214563 3.216706
[10,] 36.15069 105.1496 0.5141819 27.77383 284.0574 37.02765 37.58951 6.804034 5.285171 3.189935
[11,] 36.21332 104.7366 0.5137409 28.09389 284.0763 37.19271 37.17085 6.807044 5.199382 3.431338
[12,] 31.11071 129.2702 0.4495847 24.83633 285.0158 35.55285 31.99608 5.761613 8.028274 2.869954

$Refset$f
 [1] 693.7882 695.9149 699.1042 699.1042 699.1042 699.2344 699.0139 709.0139 706.4427 727.2187 867.2517 994.7917

$Refset$fpen
 [1] 693.7882 695.9149 699.1042 699.1042 699.1042 699.2344 699.0139 709.0139 706.4427 727.2187 867.2517 994.7917

$Refset$const
          [,1]     [,2]      [,3]     [,4]     [,5]
 [1,] 22.67541 30.78242  8.107004 1.893326 3.455532
 [2,] 22.52428 30.78977  8.265489 1.894275 3.457812
 [3,] 22.44519 30.70637  8.261174 1.887753 3.440394
 [4,] 22.44631 30.70789  8.261579 1.887848 3.440115
 [5,] 22.44706 30.70851  8.261450 1.887980 3.440388
 [6,] 22.52583 30.79076  8.264926 1.894093 3.456524
 [7,] 22.51891 30.78491  8.265998 1.893893 3.455091
 [8,] 22.71727 30.71505  7.997787 1.888841 3.445866
 [9,] 22.60143 30.78544  8.184011 1.892501 3.458018
[10,] 22.48866 30.71483  8.226168 1.884729 3.462922
[11,] 22.89451 30.80062  7.906112 1.880402 3.374760
[12,] 16.80805 27.97173 11.163674 1.705030 3.026638

$Refset$penalty
 [1] 0 0 0 0 0 0 0 0 0 0 0 0


