$f
 [1] 635.4201 624.4948 423.0608 396.4253 395.8594 391.8108 390.9201 378.8021 351.9583 351.2361 350.9410 349.1719 346.3941 345.1337 335.5903 335.3576 335.1094 335.0538 334.9132 334.3576 334.2899
[22] 334.2899

$x
          [,1]     [,2]      [,3]     [,4]     [,5]     [,6]     [,7]     [,8]     [,9]    [,10]
xbest 33.76791 238.0331 0.1107159 23.35417 286.6201 44.35710 28.14126 7.187244 2.217597 2.246465
xbest 36.99771 228.2418 0.3189048 22.19523 286.5161 45.34324 29.93100 7.304922 2.848333 2.107658
xbest 36.99771 228.8382 0.3246379 22.18596 286.5431 46.14324 29.88282 7.417343 3.083057 2.110391
xbest 32.03425 236.1733 0.7576259 26.75193 286.1744 44.95111 34.70836 7.150732 2.024863 1.200000
xbest 32.03425 236.1733 0.7801259 26.75193 286.1744 44.95111 34.70836 7.150732 2.024863 1.200000
xbest 33.53385 232.0031 0.4217318 23.73232 286.2924 44.84091 29.71298 5.885618 4.310320 2.025457
xbest 33.53385 232.0031 0.4217318 23.54482 286.2924 44.84091 29.71298 5.885618 4.297820 2.025457
xbest 32.04110 233.4717 0.4824730 23.14318 286.3239 42.51635 29.77336 4.770355 5.632954 1.958136
xbest 32.04110 233.4717 0.8593543 23.13805 286.3301 42.51635 29.77336 4.770355 5.648590 1.958136
xbest 35.43161 213.4767 0.4608425 23.40654 285.7173 36.16324 29.76436 3.776105 6.188354 2.410720
xbest 35.43161 213.4767 0.4833425 23.40654 285.7173 36.16324 29.76436 3.776105 6.188354 2.410720
xbest 30.91838 232.0754 0.5200960 23.19243 286.4114 43.23674 29.73116 4.722361 5.648766 1.961160
xbest 30.91838 232.0754 0.6100960 23.18950 286.4114 43.23674 29.73116 4.722361 5.648766 1.958191
xbest 34.97524 205.2355 0.4756996 23.48416 285.7073 36.83063 29.84065 3.817886 6.206002 2.330259
xbest 34.97524 205.2355 0.4756996 23.48123 285.7237 36.83063 29.84065 3.817886 6.206002 2.333228
xbest 35.07406 205.1822 0.4760735 23.57028 285.7321 36.83086 29.85012 3.816344 6.164796 2.360488
xbest 35.04855 204.6248 0.4733373 23.50795 285.7268 36.83243 29.85137 3.819681 6.207532 2.374886
xbest 35.04855 204.6248 0.4733373 23.50795 285.7268 36.83243 29.85137 3.819681 6.204407 2.374886
xbest 35.08752 204.5424 0.4735651 23.50832 285.7269 36.83302 29.85099 3.819480 6.207541 2.367155
xbest 35.06763 204.5175 0.4837831 23.45983 285.7278 36.82908 29.86643 3.818937 6.230407 2.359992
xbest 35.06763 204.5175 0.4837831 23.45983 285.7278 36.82908 29.82580 3.818937 6.230407 2.359992
xbest 35.06763 204.5175 0.4837831 23.45983 285.7278 36.82908 29.82580 3.818937 6.230407 2.359992

$time
elapsed elapsed elapsed elapsed elapsed elapsed elapsed elapsed elapsed elapsed elapsed elapsed elapsed elapsed elapsed elapsed elapsed elapsed elapsed elapsed elapsed elapsed 
   1.49    4.03    6.83   30.27   31.52   93.17   94.50  132.83  134.80  226.91  228.20  266.69  268.24  374.47  376.11  455.72  481.45  482.78  492.06  501.56  506.92  521.52 

$neval
 [1]   106   254   419  1788  1861  5358  5438  7586  7710 13131 13204 15212 15299 21576 21672 26327 27887 27961 28503 29038 29383 30060

$fbest
[1] 334.2899

$xbest
 [1]  35.0676289 204.5175222   0.4837831  23.4598317 285.7277856  36.8290760  29.8258000   3.8189366   6.2304070   2.3599921

$numeval
[1] 30060

$end_crit
[1] 1

$cpu_time
elapsed 
 521.52 

$Refset
$Refset$x
           [,1]        [,2]        [,3]      [,4]       [,5]      [,6]       [,7]       [,8]      [,9]    [,10]
 [1,] 204.51752  23.4598317  36.8290760  3.818937   2.359992 204.51752 23.4598317  36.829076  3.818937 2.359992
 [2,]  35.06763   0.4837831 285.7277856 29.825800   6.230407  35.06763  0.4837831 285.727786 29.825800 6.230407
 [3,]  35.05530 204.5643249   0.4758606 23.495799 285.726930  36.83236 29.8523959   3.819585  6.211912 2.363543
 [4,]  35.06605 205.0291642   0.4777852 23.535149 285.731886  36.83132 29.8506352   3.817899  6.181114 2.366097
 [5,]  35.04855   0.4733373 285.7268306 29.851371   6.204407  35.04855  0.4733373 285.726831 29.851371 6.204407
 [6,] 204.62484  23.5079486  36.8324327  3.819681   2.374886 204.62484 23.5079486  36.832433  3.819681 2.374886
 [7,]  35.05097 204.6143919   0.4762108 23.497614 285.726971  36.83145 29.8205659   3.818766  6.208515 2.363528
 [8,]  35.85512 203.8323569   0.4372126 23.431106 285.727441  36.83252 29.9277742   3.818558  6.180098 2.371500
 [9,]  34.91824 206.4449261   0.4977442 22.240124 285.734039  36.79964 30.0192235   3.810704  6.839659 2.345554
[10,]  34.79271 206.1986760   0.5487320 22.152915 285.728253  36.86139 31.0360072   3.815221  6.977271 2.345831
[11,]  34.98569 209.3969658   0.4817467 23.632917 285.777129  36.57014 29.9200664   3.795808  6.200412 2.363246
[12,]  35.47749 209.4736219   0.4782747 23.404017 285.768245  38.26765 29.2503271   3.901742  5.724121 2.359199

$Refset$f
 [1] 334.2899 334.2899 334.9792 334.9931 335.0538 335.0538 335.3264 335.4323 343.2483 344.1997 352.8628 514.8993

$Refset$fpen
 [1] 334.2899 334.2899 334.9792 334.9931 335.0538 335.0538 335.3264 335.4323 343.2483 344.1997 352.8628 514.8993

$Refset$const
          [,1]      [,2]      [,3]      [,4]     [,5]
 [1,] 29.76959  1.609558 17.229425 12.540168 2.859836
 [2,] 17.22942 12.540168  2.859836 29.769593 1.609558
 [3,] 17.28389 29.788088 12.504201  1.609605 2.861869
 [4,] 17.35404 29.818886 12.464851  1.608953 2.863200
 [5,] 17.30354 12.492051  2.861737 29.795593 1.609621
 [6,] 29.79559  1.609621 17.303542 12.492051 2.861737
 [7,] 17.28910 29.791485 12.502386  1.609685 2.858924
 [8,] 17.25101 29.819902 12.568894  1.609328 2.869193
 [9,] 15.40047 29.160341 13.759876  1.608115 2.882448
[10,] 15.17564 29.022729 13.847085  1.605768 2.976710
[11,] 17.43251 29.799588 12.367083  1.602117 2.903687
[12,] 17.67990 30.275879 12.595983  1.608150 2.719326

$Refset$penalty
 [1] 0 0 0 0 0 0 0 0 0 0 0 0


