$f
[1] 822.93924  57.86111  40.85764  40.85764

$x
          [,1]     [,2]      [,3]     [,4]     [,5]     [,6]     [,7]     [,8]     [,9]    [,10]
xbest 48.47809 420.2740 0.3763499 16.63108 285.9246 36.10734 24.08768 5.449686 2.445143 4.440902
xbest 43.96056 200.9891 0.4342437 17.53205 285.8593 37.18410 26.94842 4.414192 7.245590 3.501792
xbest 43.96056 200.9891 0.2486187 17.53205 286.1979 37.18410 26.94842 4.414192 7.245590 3.596792
xbest 43.96056 200.9891 0.2486187 17.53205 286.1979 37.18410 26.94842 4.414192 7.245590 3.596792

$time
elapsed elapsed elapsed elapsed 
   1.42    3.77    5.37    5.37 

$neval
[1] 106 254 361 361

$fbest
[1] 40.85764

$xbest
 [1]  43.9605568 200.9891417   0.2486187  17.5320550 286.1979140  37.1840993  26.9484218   4.4141915   7.2455895   3.5967923

$numeval
[1] 361

$end_crit
[1] 3

$cpu_time
elapsed 
   5.37 

$Refset
$Refset$x
          [,1]     [,2]      [,3]     [,4]     [,5]     [,6]     [,7]     [,8]     [,9]    [,10]
 [1,] 43.96056 200.9891 0.2486187 17.53205 286.1979 37.18410 26.94842 4.414192 7.245590 3.596792
 [2,] 24.08472 458.6748 0.4331975 15.50918 284.7224 35.25680 25.10532 6.488048 4.835954 3.311041
 [3,] 43.96056 200.9891 0.4342437 17.53205 285.8593 37.18410 26.94842 4.414192 7.245590 3.501792
 [4,] 27.05515 432.2728 0.8813420 20.35585 284.0353 42.86247 24.00000 2.000000 2.011265 2.534529
 [5,] 27.28308 251.3829 0.1827568 18.63097 286.3633 46.47955 36.30460 4.186349 5.394582 1.299111
 [6,] 24.38280 450.6117 0.2872320 16.83025 284.9664 39.66291 29.49343 2.571469 4.404246 2.729555
 [7,] 23.01007 166.2431 0.2543969 29.20120 285.3543 37.99495 26.58117 5.642575 5.283891 3.197442
 [8,] 31.88709 374.7618 0.1507561 15.21048 285.3655 35.52000 28.73438 5.886199 4.787726 1.665248
 [9,] 28.88974 347.4035 0.4103233 16.03121 284.9372 37.04161 29.40911 5.600522 6.281468 4.138137
[10,] 34.67517 340.3170 0.2664623 18.92531 285.1762 39.20366 25.91958 4.994953 2.261225 2.668362
[11,] 41.55399 215.0856 0.4258553 19.50421 285.2563 40.25356 38.57034 4.231605 5.014162 2.237044
[12,] 22.43666 422.7549 0.6788465 17.07500 284.1667 41.04776 27.99573 6.403499 5.947726 2.761502

$Refset$f
 [1]   40.85764  408.69965   57.86111  177.91146  139.75347  188.97396  526.55382  137.26910  107.67535  293.59028  177.98090 1669.50000

$Refset$fpen
 [1]   40.85764  408.69965   57.86111  177.91146  139.75347  188.97396  526.55382  137.26910  107.67535  293.59028  177.98090 1669.50000

$Refset$const
           [,1]     [,2]     [,3]     [,4]     [,5]
 [1,] 10.286465 28.75441 18.46795 1.559863 2.724246
 [2,] 10.673229 31.16405 20.49082 1.729913 2.365774
 [3,] 10.286465 28.75441 18.46795 1.599390 2.622274
 [4,] 18.344584 33.98874 15.64415 1.724273 1.961023
 [5,] 13.236391 30.60542 17.36903 1.532092 2.972217
 [6,] 12.426006 31.59575 19.16975 1.706533 2.486191
 [7,] 23.917309 30.71611  6.79880 1.656201 2.433796
 [8,] 10.422753 31.21227 20.78952 1.657971 2.764031
 [9,]  9.749741 29.71853 19.96879 1.715929 2.631641
[10,] 16.664088 33.73877 17.07469 1.669769 2.302981
[11,] 14.490051 30.98584 16.49579 1.658602 3.344410
[12,] 11.127272 30.05227 18.92500 1.783784 2.236613

$Refset$penalty
 [1] 0 0 0 0 0 0 0 0 0 0 0 0


