$f
 [1] 639.60417 193.20486 137.14757 134.94097 127.55208 125.55556 120.51389 118.01910 114.23437 102.74479 100.49306  94.13715  93.54514  93.00000  92.63194  89.61285  85.68229  84.12847  82.81250
[20]  82.23264  82.22222  81.67014  81.48090  80.88021  80.54861  79.94792  79.94792

$x
          [,1]     [,2]      [,3]     [,4]     [,5]     [,6]     [,7]     [,8]     [,9]    [,10]
xbest 26.81273 111.2404 0.6364731 23.20065 286.1969 38.61497 34.99193 6.010505 9.657158 2.579858
xbest 48.64852 133.0890 0.1219956 22.40987 284.5883 33.36683 25.86865 2.571025 5.718269 2.374639
xbest 48.64852 133.0890 0.1135581 22.22237 284.5321 33.36683 25.86865 2.371025 5.730769 2.374639
xbest 51.24451 102.7395 0.1000000 23.03535 284.0000 34.15064 25.81591 2.000000 6.002657 1.942598
xbest 38.96366 223.4822 0.4546975 20.34662 285.7767 34.07919 30.21756 3.572069 5.970005 2.042209
xbest 41.16437 239.9976 0.3052857 19.10478 285.5872 32.79058 28.80619 2.815981 6.086774 2.548965
xbest 41.90709 236.6050 0.3051108 18.75248 285.5970 32.73217 29.79176 2.825984 6.281532 2.520929
xbest 40.62395 228.5166 0.3134685 19.88013 285.5990 34.05124 29.33345 3.060862 5.953841 2.612998
xbest 40.05876 218.4901 0.3694163 20.68907 285.7412 34.01406 30.09824 3.931006 5.774146 2.609892
xbest 40.05876 218.4901 0.3490257 20.66563 285.8256 33.90156 30.74824 3.931006 5.786646 2.657392
xbest 40.50247 182.1080 0.1486326 20.17451 284.4165 33.61484 28.77693 4.009325 6.054625 2.463384
xbest 40.50247 182.1080 0.1493358 20.17451 284.4375 33.38984 28.77693 4.009325 6.029625 2.463384
xbest 51.22991 176.0430 0.1401576 20.62095 286.1155 31.47310 24.44426 2.718999 5.894269 1.200000
xbest 51.23863 175.9688 0.1306815 20.48836 286.1628 31.60329 24.36608 2.706484 5.920279 1.216568
xbest 51.32180 176.2411 0.1388824 20.69821 286.1019 31.43387 24.49225 2.714871 5.877421 1.204962
xbest 51.32180 176.2411 0.1388824 20.69821 286.1019 31.43426 24.57350 2.714871 5.877421 1.204962
xbest 51.68728 176.3568 0.1347493 20.50635 286.1669 31.62035 24.46683 2.798409 5.916973 1.206842
xbest 51.68728 176.3568 0.1352767 20.50635 286.1669 31.62035 24.50745 2.785909 5.916973 1.206842
xbest 48.89085 174.9980 0.1202393 20.79745 286.1204 31.47715 24.55781 2.717720 5.933180 1.237825
xbest 48.89085 174.9199 0.1202393 20.79745 286.1204 31.47558 24.55781 2.717720 5.920680 1.237825
xbest 50.78781 176.2251 0.1497072 20.85640 286.1379 31.58333 24.56170 2.758111 5.936913 1.232390
xbest 50.77483 176.1687 0.1496018 20.86348 286.1383 31.57503 24.56805 2.759850 5.936136 1.231885
xbest 50.77483 176.1687 0.1492503 20.86348 286.1383 31.57503 24.52742 2.759850 5.936136 1.228916
xbest 50.99097 173.4865 0.1461049 21.01936 286.1674 31.54042 24.87057 2.714283 5.928511 1.238455
xbest 50.99097 173.4865 0.1461049 21.01936 286.1674 31.54042 24.87057 2.714283 5.931636 1.238455
xbest 50.87008 174.2947 0.1480670 20.89374 286.1557 31.53478 24.94227 2.709941 5.986469 1.242398
xbest 50.87008 174.2947 0.1480670 20.89374 286.1557 31.53478 24.94227 2.709941 5.986469 1.242398

$time
elapsed elapsed elapsed elapsed elapsed elapsed elapsed elapsed elapsed elapsed elapsed elapsed elapsed elapsed elapsed elapsed elapsed elapsed elapsed elapsed elapsed elapsed elapsed elapsed elapsed 
   1.58    4.17    7.05    9.64   12.11   14.85   22.38   27.10   32.25   34.94  109.86  111.58  162.60  165.85  188.25  189.83  205.07  217.60  307.63  309.05  419.60  438.71  447.00  518.89  520.88 
elapsed elapsed 
 539.03  567.50 

$neval
 [1]   106   257   367   507   646   789  1203  1475  1748  1877  5650  5750  8308  8511  9721  9800 10607 11235 16263 16351 22434 23443 23932 27626 27699 28650 30067

$fbest
[1] 79.94792

$xbest
 [1]  50.870080 174.294698   0.148067  20.893743 286.155715  31.534780  24.942272   2.709941   5.986469   1.242398

$numeval
[1] 30067

$end_crit
[1] 1

$cpu_time
elapsed 
  567.5 

$Refset
$Refset$x
           [,1]       [,2]       [,3]       [,4]       [,5]      [,6]      [,7]      [,8]      [,9]      [,10]
 [1,]  50.87008 174.294698  0.1480670 20.8937429 286.155715  31.53478 24.942272  2.709941 5.9864686   1.242398
 [2,]  51.14658 173.988927  0.1489033 20.8832952 286.173628  31.52253 25.071474  2.705991 5.9732839   1.243883
 [3,]  51.07484 173.232392  0.1478980 21.0104729 286.173387  31.53702 25.022645  2.708573 5.9603584   1.243084
 [4,]  50.89436 173.748636  0.1476927 20.9380721 286.161101  31.53510 24.988014  2.709888 5.9814800   1.242398
 [5,]  51.03261 173.749714  0.1456872 20.9310533 286.158617  31.52864 24.948416  2.710966 5.9420355   1.241370
 [6,] 173.48655  21.019362 31.5404238  2.7142826   1.238455 173.48655 21.019362 31.540424 2.7142826   1.238455
 [7,]  24.87057   5.931636 50.9909703  0.1461049 286.167395  24.87057  5.931636 50.990970 0.1461049 286.167395
 [8,]  50.84443 184.647596  0.1760660 20.6523488 286.158055  31.57501 24.980424  2.762974 5.9179714   1.471590
 [9,]  50.49523 174.881526  0.1447715 20.8823735 286.135141  31.55647 24.680190  2.753351 6.0207453   1.230843
[10,]  51.74669 178.932893  0.1608606 20.6378850 286.158996  31.56019 25.025401  2.759987 5.9564129   1.471537
[11,]  50.77500 185.398065  0.1609692 20.4593825 286.153713  31.57208 24.887234  2.785708 5.9728968   1.444774
[12,]  50.85760 177.127128  0.1490882 20.8886222 286.159453  31.57056 24.989631  2.700469 5.9723141   1.404350

$Refset$f
 [1] 79.94792 80.06944 80.19097 80.08160 80.41493 80.54861 80.54861 80.57118 81.10764 82.65104 84.72396 85.23090

$Refset$fpen
 [1] 79.94792 80.06944 80.19097 80.08160 80.41493 80.54861 80.54861 80.57118 81.10764 82.65104 84.72396 85.23090

$Refset$const
          [,1]      [,2]     [,3]      [,4]     [,5]
 [1,] 14.90727 30.013531 15.10626  1.556651 2.929988
 [2,] 14.91001 30.026716 15.11670  1.553704 2.952133
 [3,] 15.05011 30.039642 14.98953  1.554030 2.945183
 [4,] 14.95659 30.018520 15.06193  1.555751 2.937035
 [5,] 14.98902 30.057964 15.06895  1.556231 2.932258
 [6,] 30.06836  1.555532 15.08773 14.980638 2.925578
 [7,] 30.06836  1.555532 15.08773 14.980638 2.925578
 [8,] 14.73438 30.082029 15.34765  1.556324 2.931531
 [9,] 14.86163 29.979255 15.11763  1.560525 2.891706
[10,] 14.68147 30.043587 15.36212  1.555934 2.938262
[11,] 14.48649 30.027103 15.54062  1.557301 2.919801
[12,] 14.91631 30.027686 15.11138  1.556086 2.933461

$Refset$penalty
 [1] 0 0 0 0 0 0 0 0 0 0 0 0


