$f
 [1] 1092.6615 1055.6476  789.3420  788.6597  780.5382  773.0434  754.5434  746.7517  727.7118  671.3316  636.0469  624.3056  604.0451  594.4184  590.2969  582.4132  572.5625  567.1441  564.5642
[20]  564.1337  562.4722  553.0556  551.0486  550.0729  548.7031  547.5382  547.3264  545.3993  543.4410  543.2865  543.2465  542.6528  542.5747  542.5486  542.4740  541.7153  541.4427  541.4427

$x
          [,1]     [,2]      [,3]     [,4]     [,5]     [,6]     [,7]     [,8]     [,9]    [,10]
xbest 27.77822 190.5688 0.3518471 29.68136 284.7355 33.52212 24.28293 7.412504 2.807770 1.908137
xbest 39.39568 348.5961 0.7310696 15.43205 286.6707 45.85020 25.19737 5.576577 4.172729 2.215047
xbest 39.39568 358.7535 1.0000000 15.43205 286.3707 45.85020 24.00000 5.576577 4.172729 2.215047
xbest 39.39568 356.1297 0.8887202 15.43205 286.5199 45.85020 25.00683 5.576577 4.172729 2.215047
xbest 39.39556 360.4624 1.0000000 15.00000 286.2655 45.87833 24.19129 5.726566 4.339912 2.183502
xbest 42.28457 287.7868 0.8155768 16.15915 286.3630 44.72019 25.48217 5.369962 5.101276 2.444946
xbest 42.27250 305.7052 0.8162444 16.10271 286.3306 44.86594 25.82448 5.373291 5.050802 2.539405
xbest 42.34121 301.4803 0.8580506 16.20051 286.3618 44.31423 25.07654 5.432906 4.844064 2.643254
xbest 41.80782 320.3346 0.8187527 16.22252 286.3906 44.61774 26.82522 5.371364 4.626916 2.355344
xbest 41.80782 319.7096 1.0000000 16.24596 286.4047 44.61774 26.17522 5.371364 4.833166 2.352375
xbest 41.21258 295.7193 0.8018239 19.35189 286.2721 44.42572 25.87588 5.409667 4.171530 2.830513
xbest 41.21258 295.4068 1.0000000 19.35189 286.2721 44.42572 25.87588 5.410058 4.172311 2.830513
xbest 41.58697 296.4064 0.7815141 17.36383 286.2293 44.40090 25.70430 5.413082 4.887639 2.889207
xbest 41.45136 295.7722 0.7985425 18.81040 286.2902 44.42717 25.86010 5.409737 4.334184 2.822583
xbest 41.45136 295.7722 0.8435425 18.81333 286.2902 44.42717 25.86010 5.409542 4.334184 2.825552
xbest 42.03829 295.9711 0.7794108 17.85295 286.2551 44.41339 25.70486 5.413157 4.663106 2.795264
xbest 41.76909 295.8668 0.7899127 17.86555 286.2502 44.40339 25.66156 5.413206 4.623152 2.802693
xbest 41.76909 295.8668 0.7899127 17.86555 286.2502 44.40339 25.62094 5.413206 4.623152 2.802693
xbest 41.75249 295.1408 0.7748817 17.92839 286.2620 44.43531 25.71862 5.419464 4.665844 2.876225
xbest 41.72906 295.1408 0.7748817 17.92839 286.2620 44.43531 25.67799 5.419464 4.665844 2.876225
xbest 42.77393 259.5653 0.7958724 19.87980 286.3101 44.36119 25.72208 5.406910 3.971594 2.901737
xbest 42.77393 259.5653 0.9751693 19.87980 286.3101 44.36119 25.72208 5.406910 3.971594 2.913612
xbest 42.51936 255.6728 0.8138329 20.19919 286.2639 44.42277 25.54947 5.413402 3.937459 2.917498
xbest 42.51936 255.6728 0.7463329 20.20066 286.2639 44.42277 25.54947 5.413402 3.937459 2.917498
xbest 42.58994 259.0856 0.8066751 20.03384 286.2642 44.41905 25.62037 5.413561 3.920943 2.919525
xbest 42.62334 254.6889 0.8113738 20.28671 286.2586 44.40782 25.61799 5.412444 3.918634 2.924363
xbest 42.62334 254.6889 0.8113738 20.28671 286.2586 44.40782 25.61799 5.412444 3.915509 2.924363
xbest 42.75158 257.2616 0.8037706 20.01272 286.2738 44.42677 25.59813 5.413175 3.934557 2.917614
xbest 42.75158 257.2616 0.8487706 20.01272 286.2738 44.42677 25.59813 5.413175 3.959557 2.917614
xbest 42.78047 257.7473 0.8454968 19.92943 286.2811 44.43115 25.59917 5.412428 3.987078 2.913546
xbest 42.77507 257.7338 0.8444040 19.94377 286.2811 44.43144 25.59763 5.412416 3.985145 2.913218
xbest 42.73140 257.7232 0.8742611 19.98138 286.2811 44.43016 25.59487 5.412441 3.986416 2.912378
xbest 42.73736 257.8295 0.8660175 19.96350 286.2790 44.42845 25.59541 5.412600 3.991584 2.913286
xbest 42.74760 257.8969 0.8649852 19.95228 286.2794 44.42849 25.59564 5.412617 3.990561 2.913436
xbest 42.80690 257.6828 0.8664201 19.93673 286.2813 44.42977 25.61480 5.411880 3.983397 2.913990
xbest 42.80690 257.6828 0.8664201 19.93673 286.2813 44.42977 25.65542 5.411880 3.983397 2.913990
xbest 42.79127 257.6918 0.8629672 19.94346 286.2810 44.42986 25.67474 5.412065 3.983835 2.913224
xbest 42.79127 257.6918 0.8629672 19.94346 286.2810 44.42986 25.67474 5.412065 3.983835 2.913224

$time
elapsed elapsed elapsed elapsed elapsed elapsed elapsed elapsed elapsed elapsed elapsed elapsed elapsed elapsed elapsed elapsed elapsed elapsed elapsed elapsed elapsed elapsed elapsed elapsed elapsed 
   1.79    4.70    7.81   13.28   22.65   25.11   28.54   30.76   33.08   35.03  101.76  103.67  107.47  127.48  134.83  146.26  149.03  164.87  196.40  198.03  213.28  225.06  246.42  252.39  260.47 
elapsed elapsed elapsed elapsed elapsed elapsed elapsed elapsed elapsed elapsed elapsed elapsed elapsed 
 266.12  282.08  296.87  313.81  417.26  436.09  444.72  462.01  468.09  475.94  477.45  524.70  613.89 

$neval
 [1]   106   258   369   654  1205  1343  1482  1619  1754  1877  5114  5212  5353  6312  6671  7206  7342  8093  9586  9666 10488 11126 12204 12553 12954 13226 13983 14668 15425 20585 21454 21854
[33] 22734 23008 23418 23491 25800 30111

$fbest
[1] 541.4427

$xbest
 [1]  42.7912674 257.6917613   0.8629672  19.9434574 286.2810061  44.4298569  25.6747417   5.4120647   3.9838354   2.9132238

$numeval
[1] 30111

$end_crit
[1] 1

$cpu_time
elapsed 
 613.89 

$Refset
$Refset$x
          [,1]     [,2]      [,3]     [,4]     [,5]     [,6]     [,7]     [,8]     [,9]    [,10]
 [1,] 42.78875 257.7411 0.8644125 19.94386 286.2811 44.42841 25.66789 5.412070 3.983314 2.913444
 [2,] 42.78864 257.7191 0.8629725 19.94366 286.2810 44.43008 25.67351 5.412067 3.983779 2.913223
 [3,] 42.79435 257.6887 0.8627363 19.94210 286.2811 44.42985 25.66915 5.412063 3.983619 2.913611
 [4,] 42.79141 257.6892 0.8629052 19.94378 286.2810 44.42987 25.67245 5.412066 3.983823 2.913433
 [5,] 42.79256 257.6916 0.8630130 19.94327 286.2810 44.42973 25.67250 5.412066 3.983499 2.913261
 [6,] 42.79345 257.6964 0.8637167 19.94214 286.2807 44.42897 25.67207 5.411981 3.984537 2.913675
 [7,] 42.78830 257.7639 0.8655783 19.94373 286.2815 44.42941 25.66271 5.412029 3.983441 2.912957
 [8,] 42.79778 257.6258 0.8628779 19.94287 286.2805 44.42948 25.66947 5.411729 3.985532 2.913839
 [9,] 42.79195 257.7237 0.8649073 19.94260 286.2810 44.42946 25.67357 5.412047 3.983716 2.913301
[10,] 42.79028 257.7107 0.8631825 19.94335 286.2811 44.42856 25.66948 5.412079 3.983776 2.913552
[11,] 42.78962 257.7187 0.8637385 19.94372 286.2814 44.42965 25.67218 5.412067 3.983743 2.913396
[12,] 42.85038 257.7291 0.8629007 19.89276 286.2799 44.42718 25.77287 5.411943 3.984564 2.913370

$Refset$f
 [1] 541.4427 541.4427 541.4427 541.4427 541.4427 541.4427 541.4427 541.4427 541.4427 541.4427 541.4427 542.6059

$Refset$fpen
 [1] 541.4427 541.4427 541.4427 541.4427 541.4427 541.4427 541.4427 541.4427 541.4427 541.4427 541.4427 542.6059

$Refset$const
          [,1]     [,2]     [,3]     [,4]     [,5]
 [1,] 15.96054 32.01669 16.05614 1.558418 2.343915
 [2,] 15.95988 32.01622 16.05634 1.558426 2.344152
 [3,] 15.95848 32.01638 16.05790 1.558419 2.343936
 [4,] 15.95995 32.01618 16.05622 1.558425 2.344102
 [5,] 15.95977 32.01650 16.05673 1.558425 2.344109
 [6,] 15.95761 32.01546 16.05786 1.558449 2.344034
 [7,] 15.96029 32.01656 16.05627 1.558378 2.343716
 [8,] 15.95734 32.01447 16.05713 1.558468 2.343812
 [9,] 15.95888 32.01628 16.05740 1.558427 2.344171
[10,] 15.95957 32.01622 16.05665 1.558416 2.344005
[11,] 15.95998 32.01626 16.05628 1.558392 2.344197
[12,] 15.90819 32.01544 16.10724 1.558544 2.349429

$Refset$penalty
 [1] 0 0 0 0 0 0 0 0 0 0 0 0


