$f
 [1] 1159.7517  502.9878  388.1181  321.8819  302.6302  295.2882  270.5833  261.7865  260.0677  245.7639  221.6771  218.9774  217.5920  215.9149  210.1181  210.0781  205.0035  197.1962  193.7014
[20]  190.4983  189.8611  182.3750  180.7639  179.6997  179.2691  178.4983  177.9896  177.5295  177.3767  176.5087  176.2049  175.9410  175.8785  175.7934  175.7049  175.6181  175.5712  175.5712

$x
          [,1]     [,2]      [,3]     [,4]     [,5]     [,6]     [,7]     [,8]     [,9]    [,10]
xbest 28.92703 361.0236 0.3806738 19.10057 286.3147 30.75634 24.95167 4.644356 5.978758 3.200981
xbest 34.73313 281.2305 0.9968425 20.98230 285.8091 38.80559 36.12069 8.373686 2.690614 2.591707
xbest 34.82688 301.2305 1.0000000 20.98230 285.8091 38.03684 32.23085 8.373686 2.693739 2.594676
xbest 49.28818 385.9850 0.9950641 15.00000 286.0273 37.24776 24.66964 3.257416 3.881021 2.051494
xbest 41.32131 309.3366 0.6403579 15.07609 286.4934 43.99768 28.75127 4.952083 6.313609 1.848602
xbest 49.18083 379.1151 0.9860676 15.36350 285.6338 37.07922 25.17046 3.252165 3.734703 2.165037
xbest 49.19139 380.8467 0.9865176 15.43000 285.3589 36.95235 25.24163 3.248331 3.524320 2.098073
xbest 49.83389 367.2757 0.9736517 15.45496 285.4115 36.99439 25.16814 3.258276 3.581094 2.113440
xbest 49.83389 366.8851 0.9961517 15.45496 285.4126 36.99439 25.16814 3.258276 3.581094 2.113626
xbest 41.20569 306.6421 0.6874245 15.00000 286.0632 43.61213 28.70198 5.192006 5.672669 1.922294
xbest 42.72542 305.9084 0.7037649 17.70135 286.0149 42.38433 28.67937 5.199896 3.543626 1.587581
xbest 42.72542 305.9084 0.7037649 17.70135 286.0152 42.38433 28.72000 5.199896 3.531126 1.587581
xbest 44.22291 302.9838 0.9511431 16.57583 285.8504 42.72064 27.22953 4.642051 4.531083 2.375677
xbest 44.31666 302.9838 0.9286431 16.57583 285.8504 42.72689 27.22953 4.642051 4.531083 2.378646
xbest 43.04940 303.8072 0.9185705 16.72220 285.9099 42.79451 27.71723 4.766728 4.307774 2.077246
xbest 43.25844 301.9208 0.9277301 16.82508 285.8063 42.78570 27.67895 4.772102 4.372328 2.079194
xbest 44.02993 302.5109 0.9115065 16.63108 285.8513 42.72581 27.46453 4.775417 4.267042 1.994737
xbest 44.17016 302.4479 0.9112881 16.50263 285.8493 42.71744 27.45806 4.776294 4.241520 1.988269
xbest 42.62622 303.0023 0.9023609 17.25628 285.8413 42.66782 27.81417 4.768152 4.325286 2.002996
xbest 43.54819 298.4235 0.9055750 16.93973 285.8488 42.71047 27.48053 4.772804 4.243539 2.000178
xbest 43.06284 302.6630 0.9054245 16.92681 285.8451 42.71722 27.63559 4.776438 4.260678 1.988198
xbest 43.06284 302.9755 0.7254245 16.93853 285.8497 42.71722 27.67621 4.776438 4.260678 1.988198
xbest 43.19182 303.0265 0.9027637 17.03259 285.8550 42.73223 27.66479 4.776347 4.280923 1.988036
xbest 43.19052 303.0040 0.9031651 17.02923 285.8589 42.73246 27.64827 4.776259 4.275821 1.987139
xbest 43.19052 303.0040 0.9031651 17.02923 285.8589 42.73207 27.64827 4.776259 4.275821 1.986396
xbest 43.43090 300.4212 0.9150062 17.04101 285.8609 42.73155 27.65586 4.774970 4.253445 1.983627
xbest 43.39981 300.0317 0.9148660 17.04139 285.8601 42.73142 27.65607 4.774829 4.252770 1.983521
xbest 43.39591 299.9629 0.9148236 17.04038 285.8601 42.73121 27.65610 4.774896 4.257187 1.984300
xbest 43.42026 300.1842 0.9145613 17.03645 285.8599 42.73169 27.66399 4.774653 4.271281 1.984789
xbest 43.42026 300.1842 0.9370613 17.03645 285.8599 42.73169 27.66399 4.774653 4.271281 1.984789
xbest 43.35884 299.8706 0.9094486 17.11831 285.8587 42.73803 27.73466 4.774615 4.222641 1.985070
xbest 43.35884 299.8901 0.9094486 17.11831 285.8587 42.73803 27.73466 4.774615 4.222641 1.985070
xbest 43.34916 300.5019 0.9077624 17.10675 285.8580 42.73928 27.68494 4.775189 4.210725 1.984721
xbest 43.35604 300.6753 0.9075931 17.11265 285.8596 42.73750 27.72153 4.774536 4.202163 1.984843
xbest 43.36836 300.5549 0.9077301 17.11186 285.8595 42.73740 27.73202 4.773823 4.203700 1.986505
xbest 43.37412 300.4632 0.9078270 17.11193 285.8594 42.73732 27.73059 4.773812 4.204298 1.986585
xbest 43.37009 300.3102 0.9011146 17.11302 285.8592 42.73774 27.73323 4.773949 4.206944 1.986279
xbest 43.37009 300.3102 0.9011146 17.11302 285.8592 42.73774 27.73323 4.773949 4.206944 1.986279

$time
elapsed elapsed elapsed elapsed elapsed elapsed elapsed elapsed elapsed elapsed elapsed elapsed elapsed elapsed elapsed elapsed elapsed elapsed elapsed elapsed elapsed elapsed elapsed elapsed elapsed 
   1.02    3.09    5.55    9.09   14.30   15.97   19.23   20.92   23.80   37.16   38.91   43.44   98.86   99.95  105.98  111.20  126.03  128.03  131.75  135.59  139.78  141.34  160.31  162.20  164.95 
elapsed elapsed elapsed elapsed elapsed elapsed elapsed elapsed elapsed elapsed elapsed elapsed elapsed 
 172.44  175.06  180.56  184.22  185.09  239.00  239.94  248.19  382.59  400.78  415.22  486.39  503.44 

$neval
 [1]   106   266   394   681  1100  1236  1507  1643  1877  2822  2957  3317  7371  7462  7866  8269  9281  9419  9694  9966 10242 10348 11450 11587 11804 12341 12478 12885 13155 13228 16514 16587
[33] 17137 24601 25482 26359 29352 30100

$fbest
[1] 175.5712

$xbest
 [1]  43.3700884 300.3102193   0.9011146  17.1130194 285.8591937  42.7377391  27.7332316   4.7739487   4.2069443   1.9862793

$numeval
[1] 30100

$end_crit
[1] 1

$cpu_time
elapsed 
 503.44 

$Refset
$Refset$x
            [,1]      [,2]       [,3]       [,4]       [,5]       [,6]     [,7]       [,8]       [,9]     [,10]
 [1,] 300.310219  17.11302 42.7377391   4.773949   1.986279 300.310219 17.11302 42.7377391   4.773949  1.986279
 [2,]   4.206944  43.37009  0.9011146 285.859194  27.733232   4.206944 43.37009  0.9011146 285.859194 27.733232
 [3,]  43.370088 300.31022  0.9011146  17.113019 285.859194  42.737739 27.73323  4.7739487   4.206944  1.986279
 [4,]  43.365294 300.39055  0.9065558  17.117388 285.859347  42.737649 27.73009  4.7739953   4.205447  1.986205
 [5,]  43.366360 300.45296  0.9075751  17.114965 285.858835  42.737493 27.73361  4.7739182   4.204740  1.986603
 [6,]  43.366604 300.55063  0.9070186  17.110874 285.859520  42.738443 27.72434  4.7740100   4.203671  1.986242
 [7,]  43.364220 300.52396  0.9065851  17.113546 285.859600  42.737547 27.73029  4.7740906   4.203860  1.985491
 [8,]  43.346324 300.54286  0.9051009  17.109415 285.856375  42.734478 27.71493  4.7755644   4.230460  1.987303
 [9,]  43.371857 300.54402  0.9154631  17.110901 285.860710  42.738031 27.72988  4.7751688   4.201373  1.987003
[10,]  43.366539 300.47971  0.9101645  17.112084 285.859761  42.734954 27.73203  4.7746781   4.203842  1.986679
[11,]  43.113174 298.82076  0.8635164  17.162284 285.811392  42.866962 29.61985  4.7686235   4.117535  1.952848
[12,]  41.914228 277.75519  0.8592792  18.775422 286.054155  42.459131 27.92348  5.1268347   4.531891  2.184745

$Refset$f
 [1] 175.5712 175.5712 175.5712 175.5712 175.5712 175.7049 175.7049 175.8663 176.2292 176.3976 264.7517 277.4479

$Refset$fpen
 [1] 175.5712 175.5712 175.5712 175.5712 175.5712 175.7049 175.7049 175.8663 176.2292 176.3976 264.7517 277.4479

$Refset$const
           [,1]      [,2]     [,3]      [,4]      [,5]
 [1,] 31.793056  1.600036 12.90608 18.886981  2.411847
 [2,]  1.600036 12.906075 18.88698  2.411847 31.793056
 [3,] 12.906075 31.793056 18.88698  1.600036  2.411847
 [4,] 12.911941 31.794553 18.88261  1.600019  2.411698
 [5,] 12.910225 31.795260 18.88504  1.600073  2.411791
 [6,] 12.907203 31.796329 18.88913  1.599997  2.411361
 [7,] 12.909686 31.796140 18.88645  1.599993  2.411777
 [8,] 12.878955 31.769540 18.89059  1.600309  2.410172
 [9,] 12.909528 31.798627 18.88910  1.599881  2.412006
[10,] 12.908242 31.796158 18.88792  1.599979  2.412024
[11,] 13.044748 31.882465 18.83772  1.605612  2.512664
[12,] 14.243532 31.468109 17.22458  1.580056  2.486031

$Refset$penalty
 [1] 0 0 0 0 0 0 0 0 0 0 0 0


