$f
 [1] 766.07813 354.17188 306.80035 245.55208 243.46875 187.41493 134.17187 127.36632 120.03646  95.30208  93.90799  76.85417  76.85243  76.76215  76.49653  76.46875  76.39410  76.08681  75.99479
[20]  75.88021  75.52604  75.46181  75.44271  75.44271

$x
          [,1]     [,2]      [,3]     [,4]     [,5]     [,6]     [,7]     [,8]     [,9]    [,10]
xbest 40.72660 302.4964 0.6658366 22.70501 285.0356 32.63689 25.66338 2.557368 3.098660 4.201968
xbest 52.32946 194.3633 0.7821422 23.70449 285.0965 33.39632 24.00000 2.000000 2.236272 4.448351
xbest 52.32946 214.3633 0.7821422 23.70449 285.0965 33.39632 24.16250 2.049219 2.286272 4.495851
xbest 39.17586 195.6205 0.6725697 17.92484 285.7519 41.00149 30.56736 4.830455 6.807199 1.870607
xbest 58.12534 131.5334 0.8105562 26.10564 285.2015 30.71713 24.00000 2.082798 3.895856 4.265859
xbest 41.71328 169.5995 0.6522511 18.11428 286.2800 40.56511 28.00356 4.837536 7.496985 2.158869
xbest 34.10286 152.5651 0.4749894 20.56629 284.6771 44.95972 33.26979 3.776202 6.074171 1.674213
xbest 34.36154 113.7474 0.4140553 20.78032 284.4254 45.70910 32.37299 3.000065 7.543393 1.670717
xbest 36.73079 139.9336 0.5305222 19.99716 284.0581 41.14257 34.48927 2.674005 6.897275 1.200000
xbest 36.73079 139.9336 0.5030985 19.99716 284.0394 41.54257 33.18927 2.674005 6.887900 1.247500
xbest 38.32521 131.4384 0.6317690 19.71669 284.5977 44.23305 31.79292 2.692531 7.342305 2.480564
xbest 38.32521 128.9384 0.5867690 19.81044 284.5977 44.23305 31.79292 2.730031 7.267305 2.528064
xbest 38.41533 142.1294 0.4768816 19.77414 284.2953 41.66079 32.97229 2.726187 6.888043 2.317464
xbest 38.41306 142.3079 0.4772031 19.77867 284.2960 41.66268 32.99814 2.725106 6.878259 2.319098
xbest 38.47052 141.6950 0.4751401 19.77945 284.2976 41.66487 32.99014 2.725687 6.881893 2.317919
xbest 38.45542 141.7968 0.4768502 19.77856 284.2973 41.66336 32.99688 2.725216 6.881916 2.318538
xbest 38.49343 140.8277 0.4754632 19.78549 284.2970 41.66275 33.00631 2.725841 6.878536 2.315617
xbest 38.49343 140.8277 0.4754632 19.78549 284.2970 41.66275 33.00631 2.725841 6.875411 2.312648
xbest 38.55523 140.6273 0.4738910 19.78253 284.2981 41.66097 33.02803 2.725652 6.874191 2.315279
xbest 38.52819 140.7452 0.4736524 19.78030 284.2982 41.66107 33.02595 2.725589 6.873635 2.315264
xbest 38.53160 140.6605 0.4733996 19.78030 284.2969 41.66182 33.01437 2.725657 6.876914 2.316950
xbest 38.52514 140.7245 0.4735029 19.78006 284.2976 41.66163 33.01974 2.725605 6.875360 2.316652
xbest 38.52411 140.7289 0.4734208 19.78015 284.2973 41.66153 33.01862 2.725622 6.875218 2.316709
xbest 38.52411 140.7289 0.4734208 19.78015 284.2973 41.66153 33.01862 2.725622 6.875218 2.316709

$time
elapsed elapsed elapsed elapsed elapsed elapsed elapsed elapsed elapsed elapsed elapsed elapsed elapsed elapsed elapsed elapsed elapsed elapsed elapsed elapsed elapsed elapsed elapsed elapsed 
   1.91    4.72    6.47    8.91   16.38   18.92   21.63   26.67   29.24   33.63   85.70   87.56  328.55  335.03  340.16  350.39  356.20  357.52  362.53  367.78  383.39  421.91  456.72  558.27 

$neval
 [1]   106   260   356   497   921  1064  1208  1486  1623  1890  4567  4676 17967 18308 18579 19123 19398 19478 19748 20020 20843 22700 24549 30120

$fbest
[1] 75.44271

$xbest
 [1]  38.5241117 140.7288884   0.4734208  19.7801478 284.2973000  41.6615276  33.0186245   2.7256221   6.8752180   2.3167094

$numeval
[1] 30120

$end_crit
[1] 1

$cpu_time
elapsed 
 558.27 

$Refset
$Refset$x
          [,1]     [,2]      [,3]     [,4]     [,5]     [,6]     [,7]     [,8]     [,9]    [,10]
 [1,] 38.52387 140.7317 0.4735024 19.78031 284.2971 41.66164 33.01863 2.725658 6.875053 2.316694
 [2,] 38.52416 140.7283 0.4734595 19.78020 284.2973 41.66128 33.01861 2.725617 6.875241 2.316708
 [3,] 38.52424 140.7290 0.4735018 19.78044 284.2971 41.66161 33.01868 2.725643 6.875008 2.316756
 [4,] 38.52442 140.7283 0.4734341 19.78032 284.2973 41.66136 33.01864 2.725623 6.875031 2.316704
 [5,] 38.52437 140.7283 0.4734885 19.78024 284.2973 41.66145 33.01872 2.725628 6.875132 2.316709
 [6,] 38.52749 140.7368 0.4727806 19.78013 284.2974 41.66134 33.01845 2.725623 6.874313 2.316699
 [7,] 38.52573 140.7289 0.4734664 19.78016 284.2974 41.66137 33.01862 2.725620 6.875092 2.316704
 [8,] 38.52368 140.7305 0.4734963 19.78038 284.2979 41.66120 33.01862 2.725597 6.875027 2.316162
 [9,] 38.53344 140.7440 0.4735139 19.78010 284.2972 41.66117 33.01919 2.721255 6.875049 2.317186
[10,] 38.42793 140.8682 0.4862108 19.77065 284.3826 41.47741 33.04133 2.755154 6.872193 2.089518
[11,] 36.87365 174.6380 0.4998889 20.55277 284.4648 41.35132 34.73505 2.966958 5.598915 3.624984
[12,] 39.68612 141.4398 0.5643730 19.75372 284.3855 41.51615 32.53631 2.699735 6.654935 2.320118

$Refset$f
 [1]  75.44271  75.44271  75.44271  75.44271  75.44271  75.46181  75.46181  75.79688  76.36632  81.45312 114.83333  95.16840

$Refset$fpen
 [1]  75.44271  75.44271  75.44271  75.44271  75.44271  75.46181  75.46181  75.79688  76.36632  81.45312 114.83333  95.16840

$Refset$const
          [,1]     [,2]     [,3]     [,4]     [,5]
 [1,] 12.90526 29.12495 16.21969 1.807596 2.547793
 [2,] 12.90496 29.12476 16.21980 1.807575 2.547826
 [3,] 12.90543 29.12499 16.21956 1.807596 2.547799
 [4,] 12.90529 29.12497 16.21968 1.807570 2.547826
 [5,] 12.90511 29.12487 16.21976 1.807577 2.547823
 [6,] 12.90582 29.12569 16.21987 1.807562 2.547817
 [7,] 12.90507 29.12491 16.21984 1.807565 2.547827
 [8,] 12.90535 29.12497 16.21962 1.807485 2.547882
 [9,] 12.90505 29.12495 16.21990 1.807587 2.547871
[10,] 12.89845 29.12781 16.22935 1.795746 2.568045
[11,] 14.95386 30.40109 15.44723 1.791409 2.717911
[12,] 13.09879 29.34507 16.24628 1.792123 2.528958

$Refset$penalty
 [1] 0 0 0 0 0 0 0 0 0 0 0 0


