$f
 [1] 132.08160 130.44792  96.17708  87.96354  87.09375  87.08854  74.60243  71.94618  70.87674  62.97743  52.33160  49.22396  49.22396

$x
          [,1]     [,2]      [,3]     [,4]     [,5]     [,6]     [,7]     [,8]     [,9]    [,10]
xbest 54.49838 117.8350 0.5581434 23.74609 285.6083 27.71288 25.21084 7.708953 4.627076 3.810370
xbest 54.72053 100.0000 0.5616601 26.72589 285.4474 27.78802 24.96000 7.673508 4.422098 3.749943
xbest 54.72053 100.0000 0.5827953 25.98515 285.4474 27.78802 25.42764 7.673508 4.298354 3.766737
xbest 53.57530 135.5010 0.5556310 23.24720 285.6692 35.58870 24.00000 2.000000 4.226025 2.047607
xbest 53.53893 134.1252 0.5616717 23.29070 285.9327 35.73310 24.00000 2.000699 4.257265 2.224312
xbest 68.14999 151.2320 0.6018675 21.50199 286.3678 27.34399 24.32514 5.137916 4.118462 3.650601
xbest 67.39999 151.2320 0.4596012 21.50199 286.3678 27.34399 24.32514 5.137916 4.318462 3.650601
xbest 52.07773 135.8892 0.5139623 22.49401 284.4933 34.15927 27.55578 3.539526 4.362169 3.251501
xbest 68.28244 149.6554 0.5976668 21.81349 286.4128 27.65359 24.41035 5.244372 4.117319 3.289713
xbest 68.28244 149.6554 0.6426668 21.80039 286.3378 27.65359 24.41035 5.244372 4.033466 3.289713
xbest 50.85629 110.8830 0.5856565 23.18064 285.3054 34.20741 26.90933 4.291650 5.701453 4.336975
xbest 51.67354 100.5239 0.6345984 23.93330 285.3394 32.56123 24.95305 5.122803 5.878790 4.907328
xbest 51.67354 100.5239 0.6345984 23.93330 285.3394 32.56123 24.95305 5.122803 5.878790 4.907328

$time
elapsed elapsed elapsed elapsed elapsed elapsed elapsed elapsed elapsed elapsed elapsed elapsed elapsed 
   2.30    6.19    8.05   17.09   22.53   26.15   27.45   29.50   42.67   47.42   60.86   62.84   62.84 

$neval
 [1]  106  398  525 1217 1625 1895 2000 2136 3071 3432 4235 4369 4369

$fbest
[1] 49.22396

$xbest
 [1]  51.6735383 100.5239320   0.6345984  23.9333032 285.3394086  32.5612310  24.9530533   5.1228033   5.8787895   4.9073275

$numeval
[1] 4369

$end_crit
[1] 3

$cpu_time
elapsed 
  62.84 

$Refset
$Refset$x
           [,1]        [,2]        [,3]      [,4]       [,5]      [,6]       [,7]       [,8]      [,9]    [,10]
 [1,]  50.85629 110.8830029   0.5856565 23.180640 285.305383  34.20741 26.9093325   4.291650  5.701453 4.336975
 [2,]  51.19727 100.1363559   0.5980370 23.694520 285.369393  32.83665 24.9795384   5.137574  5.991354 4.430509
 [3,]  68.28244   0.6426668 286.3378492 24.410354   4.033466  68.28244  0.6426668 286.337849 24.410354 4.033466
 [4,] 149.65537  21.8003872  27.6535891  5.244372   3.289713 149.65537 21.8003872  27.653589  5.244372 3.289713
 [5,]  52.40038 117.3593385   0.4538646 24.064584 285.236783  32.88265 24.0000000   4.514954  4.792731 2.324922
 [6,]  51.67354 100.5239320   0.6345984 23.933303 285.339409  32.56123 24.9530533   5.122803  5.878790 4.907328
 [7,]  49.66219 108.6616448   0.6680965 23.004465 284.854937  34.12806 28.0775156   4.389471  6.131574 4.022764
 [8,]  67.39999   0.4596012 286.3677779 24.325136   4.318462  67.39999  0.4596012 286.367778 24.325136 4.318462
 [9,] 151.23196  21.5019850  27.3439895  5.137916   3.650601 151.23196 21.5019850  27.343990  5.137916 3.650601
[10,]  65.42324 154.4383476   0.5553615 22.245083 286.467086  28.44582 24.0812209   4.285057  4.121057 4.705756
[11,]  44.42922 100.0000000   0.2211668 21.921666 284.401921  35.39253 31.2450481   3.152196  6.881192 3.946025
[12,]  52.41924 102.7412306   0.6172177 23.703604 285.367666  32.31291 25.0915422   5.178362  5.886944 4.074356

$Refset$f
 [1] 52.33160 54.09896 62.97743 62.97743 63.86806 49.22396 71.02257 74.60243 74.60243 76.15104 87.02604 67.92882

$Refset$fpen
 [1] 52.33160 54.09896 62.97743 62.97743 63.86806 49.22396 71.02257 74.60243 74.60243 76.15104 87.02604 67.92882

$Refset$const
          [,1]      [,2]      [,3]      [,4]     [,5]
 [1,] 17.47919 30.298547 12.819360  1.666282 2.677820
 [2,] 17.70317 30.008646 12.305480  1.657782 2.610968
 [3,] 17.76692 14.199613  3.371053 31.966534 1.514848
 [4,] 31.96653  1.514848 17.766921 14.199613 3.371053
 [5,] 19.27185 31.207269 11.935416  1.672315 2.494315
 [6,] 18.05451 30.121210 12.066697  1.661656 2.621693
 [7,] 16.87289 29.868426 12.995535  1.729757 2.711642
 [8,] 17.18352 14.498015  3.416295 31.681538 1.509141
 [9,] 31.68154  1.509141 17.183523 14.498015 3.416295
[10,] 18.12403 31.878943 13.754917  1.505938 3.271152
[11,] 15.04047 29.118808 14.078334  1.807572 2.866641
[12,] 17.81666 30.113056 12.296396  1.658172 2.659239

$Refset$penalty
 [1] 0 0 0 0 0 0 0 0 0 0 0 0


