$f
[1] 1071.5920  866.7413  478.6632  445.3542  394.1406  394.1406

$x
          [,1]     [,2]      [,3]     [,4]     [,5]     [,6]     [,7]     [,8]     [,9]    [,10]
xbest 35.01982 203.3149 0.6246457 22.09249 284.9457 43.29419 39.74151 5.731904 5.101174 2.254001
xbest 26.28164 119.6432 0.3088306 23.46904 284.0000 37.21071 28.22437 8.377702 4.188125 1.200000
xbest 26.28164 103.7500 0.2850027 23.84404 284.1500 39.25618 28.86025 8.377702 3.433453 1.200000
xbest 26.64610 102.3023 0.2847736 22.63017 284.2259 39.92568 29.03777 8.380845 3.507121 1.200000
xbest 26.64610 112.3023 0.3893063 22.61052 284.2259 39.92568 29.03777 8.380845 3.340973 1.200000
xbest 26.64610 112.3023 0.3893063 22.61052 284.2259 39.92568 29.03777 8.380845 3.340973 1.200000

$time
elapsed elapsed elapsed elapsed elapsed elapsed 
   1.72    4.38    7.24   27.52   35.60  564.44 

$neval
[1]   106   258   407  1531  1925 30026

$fbest
[1] 394.1406

$xbest
 [1]  26.6460962 112.3022962   0.3893063  22.6105170 284.2259027  39.9256811  29.0377717   8.3808449   3.3409732   1.2000000

$numeval
[1] 30026

$end_crit
[1] 1

$cpu_time
elapsed 
 564.44 

$Refset
$Refset$x
          [,1]     [,2]      [,3]     [,4]     [,5]     [,6]     [,7]     [,8]     [,9]    [,10]
 [1,] 30.26432 162.9289 0.9978494 23.67357 286.5026 44.27014 27.58750 4.139082 7.608104 4.127043
 [2,] 30.26106 162.9061 0.9967846 23.67731 286.5013 44.27104 27.58789 4.138931 7.607071 4.126766
 [3,] 30.26183 163.1201 0.9971581 23.66641 286.5014 44.26335 27.58018 4.140184 7.603430 4.122837
 [4,] 30.23779 163.1752 0.9924173 23.66542 286.5098 44.26515 27.59574 4.139326 7.603541 4.128454
 [5,] 30.16329 162.7243 0.9977552 23.66949 286.5040 44.27130 27.60740 4.139255 7.618332 4.127765
 [6,] 30.07267 162.4919 0.9956461 23.69343 286.5396 44.31009 27.49772 4.156109 7.634480 4.171708
 [7,] 30.26862 162.8708 0.9969636 23.67095 286.5212 44.23198 27.58271 4.152615 7.606228 4.130837
 [8,] 30.43931 162.9288 0.9971584 23.49176 286.5099 44.15668 27.56821 4.152906 7.690348 4.137819
 [9,] 30.35275 165.3864 0.9894177 23.48500 286.4915 44.20004 27.53759 4.118686 7.621220 4.038714
[10,] 30.25988 164.7126 0.9970939 23.53433 286.5026 44.15714 27.57812 4.145552 7.626746 4.133115
[11,] 32.17763 153.9809 0.9932176 24.44860 286.4808 40.39277 27.74311 4.118088 7.530523 4.146891
[12,] 30.25901 179.5044 0.9366334 23.02937 286.5105 43.09590 27.41211 4.152012 7.611762 4.073970

$Refset$f
 [1] 662.8576 662.8576 663.6840 663.8194 664.1372 670.5868 671.7882 675.4653 681.4878 685.7552 685.9479 722.2014

$Refset$fpen
 [1] 662.8576 662.8576 663.6840 663.8194 664.1372 670.5868 671.7882 675.4653 681.4878 685.7552 685.9479 722.2014

$Refset$const
          [,1]     [,2]     [,3]     [,4]     [,5]
 [1,] 16.06547 28.39190 12.32643 1.535341 2.530154
 [2,] 16.07024 28.39293 12.32269 1.535476 2.529700
 [3,] 16.06298 28.39657 12.33359 1.535475 2.529538
 [4,] 16.06188 28.39646 12.33458 1.534589 2.533266
 [5,] 16.05116 28.38167 12.33051 1.535165 2.531809
 [6,] 16.05895 28.36552 12.30657 1.531736 2.535666
 [7,] 16.06472 28.39377 12.32905 1.533399 2.537629
 [8,] 15.80141 28.30965 12.50824 1.534510 2.535790
 [9,] 15.86378 28.37878 12.51500 1.536496 2.526013
[10,] 15.90758 28.37325 12.46567 1.535246 2.533912
[11,] 16.91807 28.46948 11.55140 1.531578 2.705900
[12,] 15.41760 28.38824 12.97063 1.533495 2.568541

$Refset$penalty
 [1] 0 0 0 0 0 0 0 0 0 0 0 0


