$f
 [1] 345.1424 301.2014 236.2344 235.5087 221.6354 177.3351 174.5139 163.4618 158.5503 145.0521 142.6198 136.7378 130.8993 128.3854 128.1458 127.5816 125.9653 124.9826 124.8698 124.8403 124.5712
[22] 123.3924 123.2882 122.7378 121.0486 120.5851 120.5104 120.3438 120.3090 120.3038 119.7031 119.3507 119.2917 119.0469 119.0104 118.9896 118.9115 118.6372 118.6076 118.6076

$x
          [,1]     [,2]      [,3]     [,4]     [,5]     [,6]     [,7]     [,8]     [,9]    [,10]
xbest 44.04187 202.9442 0.2192845 20.13720 285.2442 30.19127 25.63334 7.463460 4.828161 4.594494
xbest 52.81372 255.6950 0.1443922 18.22232 286.1036 27.95089 25.00240 5.524043 4.264593 2.267249
xbest 52.81372 255.6950 0.1357026 18.87595 286.1036 27.15089 24.63904 5.412239 4.503825 2.923660
xbest 40.31197 194.3266 0.2515480 20.31229 285.1262 32.43908 25.45584 6.609396 4.831380 2.955529
xbest 53.75552 173.5767 0.1874844 23.09274 286.2549 29.96846 26.15421 5.328360 4.157465 3.289129
xbest 44.98831 201.4466 0.1650667 20.61974 285.3172 28.48423 25.97032 6.303844 4.737385 2.930948
xbest 45.24293 214.2787 0.1544324 20.13291 285.3236 28.69134 26.51017 6.205309 4.718511 2.863217
xbest 45.91074 205.1302 0.1382291 20.55099 285.5345 28.44646 26.08379 6.250577 4.730389 3.099867
xbest 45.75984 213.6992 0.1626021 20.28860 285.5798 28.79653 26.14758 6.261889 4.707471 3.109548
xbest 45.71296 213.6992 0.1851021 20.28860 285.5423 28.79653 26.14758 6.261889 4.707471 3.109548
xbest 47.06767 214.0563 0.1636075 20.08270 285.5685 28.73084 26.15620 6.261990 4.671849 3.092356
xbest 47.11455 214.0563 0.1632560 20.08270 285.5685 28.73084 26.23745 6.261990 4.671849 3.090872
xbest 46.97812 216.8248 0.1766643 20.26069 285.5211 28.16569 26.00097 6.266302 4.562730 3.085732
xbest 46.97812 216.8248 0.1545158 20.26069 285.5211 28.16569 26.00097 6.266302 4.550230 3.085732
xbest 47.37105 211.6282 0.1875881 20.22110 285.5763 28.67607 26.05323 6.258825 4.694263 3.051185
xbest 47.37105 211.6282 0.1876760 20.22110 285.5763 28.67607 26.05323 6.258825 4.697388 3.051185
xbest 47.69156 211.5056 0.1854241 20.41753 285.5177 28.11143 26.05330 6.262674 4.672820 3.092810
xbest 47.69156 211.5056 0.1854241 20.41753 285.5177 28.11143 26.05330 6.262674 4.669695 3.092810
xbest 47.68019 211.4565 0.1854256 20.41406 285.5204 28.11556 26.04975 6.262699 4.673252 3.092721
xbest 47.67866 211.3871 0.1854478 20.41382 285.5196 28.12021 26.05079 6.262677 4.673624 3.092727
xbest 47.72363 211.4998 0.1853089 20.42838 285.5209 28.08221 26.05092 6.261779 4.673520 3.101272
xbest 47.64132 211.3607 0.1854121 20.40445 285.5188 28.08394 26.04890 6.262160 4.674465 3.089678
xbest 47.64132 211.3607 0.1854121 20.40445 285.5188 28.08394 26.04890 6.262160 4.674465 3.088936
xbest 47.66119 211.4260 0.1850600 20.35518 285.5168 28.18161 26.04898 6.266347 4.665632 3.087683
xbest 47.66119 211.4260 0.1850600 20.35518 285.5168 28.18161 26.08960 6.266347 4.665632 3.087683
xbest 47.67286 211.4354 0.1848966 20.29080 285.5162 28.20575 26.04895 6.267553 4.675662 3.089277
xbest 47.67286 211.4354 0.1848966 20.29080 285.5162 28.20575 26.00832 6.267553 4.675662 3.089277
xbest 47.67323 210.5281 0.1861477 20.34601 285.5190 28.16170 26.08418 6.264650 4.670221 3.088655
xbest 47.67354 210.4678 0.1862338 20.35215 285.5190 28.16199 26.08115 6.264649 4.669770 3.088645
xbest 47.67354 210.4678 0.1862338 20.35215 285.5190 28.16199 26.08115 6.264649 4.666645 3.088645
xbest 47.68586 210.0942 0.1889514 20.38341 285.5193 28.16243 26.08870 6.265270 4.671505 3.088684
xbest 47.67414 210.0942 0.1889514 20.38341 285.5193 28.16243 26.00745 6.265270 4.671505 3.088684
xbest 47.70985 209.8533 0.1905355 20.41879 285.5194 28.16398 26.08832 6.265111 4.670349 3.088542
xbest 47.78510 209.5575 0.1911228 20.42100 285.5210 28.16217 26.08416 6.264580 4.668840 3.087839
xbest 47.77582 209.3810 0.1910018 20.42384 285.5207 28.16257 26.08691 6.264688 4.673535 3.088117
xbest 47.75061 209.4376 0.1906851 20.42476 285.5198 28.16364 26.08644 6.265052 4.671705 3.087906
xbest 47.73867 208.9022 0.1900866 20.45822 285.5197 28.16560 26.08341 6.265237 4.668342 3.088358
xbest 47.73827 207.9310 0.1921788 20.48789 285.5182 28.16056 26.10087 6.264872 4.702794 3.088658
xbest 47.73996 207.6621 0.1927251 20.50483 285.5178 28.16049 26.10243 6.264876 4.703481 3.088679
xbest 47.73996 207.6621 0.1927251 20.50483 285.5178 28.16049 26.10243 6.264876 4.703481 3.088679

$time
elapsed elapsed elapsed elapsed elapsed elapsed elapsed elapsed elapsed elapsed elapsed elapsed elapsed elapsed elapsed elapsed elapsed elapsed elapsed elapsed elapsed elapsed elapsed elapsed elapsed 
   1.69    7.19    9.95   17.14   19.73   22.34   25.55   28.36   35.47   37.09   69.27   70.86   93.17   99.48  186.47  187.89  246.98  248.56  254.36  257.03  262.20  267.31  277.36  359.86  361.27 
elapsed elapsed elapsed elapsed elapsed elapsed elapsed elapsed elapsed elapsed elapsed elapsed elapsed elapsed elapsed 
 363.84  389.39  409.58  415.22  419.31  465.56  467.00  475.34  497.70  510.53  513.09  520.72  524.78  556.28  592.45 

$neval
 [1]   106   398   543   955  1095  1233  1371  1509  1922  2006  3894  3982  5068  5425  9804  9883 12877 12951 13231 13369 13646 13919 14400 18504 18577 18711 20008 20957 21227 21438 23630 23709
[33] 24127 25299 25981 26117 26524 26734 28294 30128

$fbest
[1] 118.6076

$xbest
 [1]  47.7399593 207.6621254   0.1927251  20.5048341 285.5178179  28.1604949  26.1024286   6.2648759   4.7034807   3.0886786

$numeval
[1] 30128

$end_crit
[1] 1

$cpu_time
elapsed 
 592.45 

$Refset
$Refset$x
          [,1]     [,2]      [,3]     [,4]     [,5]     [,6]     [,7]     [,8]     [,9]    [,10]
 [1,] 47.73996 207.6621 0.1927251 20.50483 285.5178 28.16049 26.10243 6.264876 4.703481 3.088679
 [2,] 47.72937 207.7596 0.1925063 20.49841 285.5176 28.16072 26.09990 6.264855 4.702567 3.088585
 [3,] 47.72947 208.1458 0.1927522 20.47376 285.5190 28.16151 26.08571 6.264887 4.706500 3.088794
 [4,] 47.72044 208.1291 0.1922995 20.47377 285.5187 28.15983 26.09381 6.264887 4.706905 3.088440
 [5,] 47.73081 207.8628 0.1920985 20.47447 285.5179 28.16359 26.08516 6.265039 4.710415 3.088642
 [6,] 47.73310 207.7376 0.1918024 20.48349 285.5184 28.16124 26.09691 6.264940 4.709044 3.088542
 [7,] 47.72639 207.8919 0.1923444 20.47859 285.5177 28.16048 26.09507 6.264919 4.709870 3.088778
 [8,] 47.71840 207.8929 0.1921609 20.48165 285.5185 28.16061 26.09233 6.264919 4.707733 3.088614
 [9,] 47.73245 207.7506 0.1926485 20.49845 285.5190 28.16067 26.09982 6.264867 4.704085 3.088606
[10,] 47.87183 207.1676 0.1924372 20.49814 285.5184 28.16117 26.10906 6.264942 4.707129 3.088704
[11,] 47.77832 212.1653 0.1931023 20.49237 285.4980 28.03099 25.30291 6.250208 4.671004 3.178463
[12,] 48.69689 207.8802 0.1841431 20.49609 285.5426 27.94513 26.07053 6.249699 4.709915 3.095310

$Refset$f
 [1] 118.6076 118.6076 118.6076 118.6076 118.6076 118.6076 118.6076 118.6076 118.6076 118.6215 137.4062 137.9132

$Refset$fpen
 [1] 118.6076 118.6076 118.6076 118.6076 118.6076 118.6076 118.6076 118.6076 118.6076 118.6215 137.4062 137.9132

$Refset$const
          [,1]     [,2]     [,3]     [,4]     [,5]
 [1,] 15.80135 31.29652 15.49517 1.622942 3.267837
 [2,] 15.79584 31.29743 15.50159 1.622995 3.267322
 [3,] 15.76726 31.29350 15.52624 1.622872 3.265306
 [4,] 15.76686 31.29309 15.52623 1.622854 3.266801
 [5,] 15.76405 31.28959 15.52553 1.623065 3.264555
 [6,] 15.77445 31.29096 15.51651 1.622896 3.266989
 [7,] 15.76872 31.29013 15.52141 1.623005 3.266606
 [8,] 15.77391 31.29227 15.51835 1.622911 3.266357
 [9,] 15.79437 31.29591 15.50155 1.622785 3.267725
[10,] 15.79102 31.29287 15.50186 1.622816 3.268993
[11,] 15.82137 31.32900 15.50763 1.630091 3.153981
[12,] 15.78618 31.29009 15.50391 1.618011 3.303294

$Refset$penalty
 [1] 0 0 0 0 0 0 0 0 0 0 0 0


