$f
 [1] 531.33681 231.78299 119.26389 105.86632 105.85417  95.19097  94.34722  77.07118  75.53646  69.94271  67.27778  66.91146  66.91146

$x
          [,1]     [,2]      [,3]     [,4]     [,5]     [,6]     [,7]     [,8]     [,9]    [,10]
xbest 30.83541 427.0576 0.8600292 20.43338 284.2232 28.68642 25.57666 3.007309 3.214827 1.474108
xbest 33.22469 241.3070 0.1345005 16.62406 286.3789 45.43232 36.28414 6.928306 5.824141 3.050196
xbest 28.15841 241.3070 0.3688689 16.62406 286.3839 46.23232 36.37099 6.929929 7.924141 3.050196
xbest 33.57657 240.8218 0.3636890 16.62392 286.3152 43.48743 36.28453 6.926733 7.023106 2.965540
xbest 32.11142 248.4112 0.6008990 17.85231 286.4044 41.68910 31.85358 5.013716 7.164153 2.184697
xbest 33.09797 250.2707 0.4117368 17.99752 286.2890 40.08896 30.01868 5.473400 6.860621 2.327310
xbest 32.49392 224.7415 0.3354734 17.59673 286.1761 42.60070 36.61941 6.898564 6.978125 3.151178
xbest 32.49392 224.7415 0.2904734 17.59673 286.1386 42.60070 36.61941 6.898564 6.978125 3.151178
xbest 31.74960 220.8569 0.3348816 17.39383 286.2969 44.28947 35.99582 6.988747 7.234977 2.976105
xbest 31.37460 221.0779 0.3077510 17.39383 286.2969 44.28063 36.02455 6.988747 7.234218 2.987980
xbest 31.81694 231.7638 0.3388430 16.93566 286.2947 44.04352 35.92742 6.975913 7.309909 3.153895
xbest 31.81694 231.6857 0.3388430 16.93566 286.2947 44.04352 35.92742 6.975913 7.306784 3.153895
xbest 31.81694 231.6857 0.3388430 16.93566 286.2947 44.04352 35.92742 6.975913 7.306784 3.153895

$time
elapsed elapsed elapsed elapsed elapsed elapsed elapsed elapsed elapsed elapsed elapsed elapsed elapsed 
   1.50    4.17    7.16   18.03   28.41   30.75   33.20   34.75  173.89  175.94  203.45  204.80  553.61 

$neval
 [1]   106   249   403   972  1524  1662  1802  1881  9426  9552 11048 11128 30113

$fbest
[1] 66.91146

$xbest
 [1]  31.816936 231.685702   0.338843  16.935665 286.294736  44.043524  35.927419   6.975913   7.306784   3.153895

$numeval
[1] 30113

$end_crit
[1] 1

$cpu_time
elapsed 
 553.61 

$Refset
$Refset$x
          [,1]     [,2]      [,3]     [,4]     [,5]     [,6]     [,7]     [,8]     [,9]    [,10]
 [1,] 65.27325 227.5076 0.7222337 28.49301 284.4515 38.21273 46.75014 4.129176 8.153277 1.623728
 [2,] 30.94679 231.3717 0.3622561 17.16066 286.2732 44.17774 36.04213 6.988215 7.373734 3.008633
 [3,] 30.94679 231.3722 0.3622578 17.16068 286.2732 44.17770 36.04185 6.988215 7.373708 3.008534
 [4,] 49.78761 125.3799 0.7798278 16.41452 285.3217 18.21249 39.11037 9.514016 3.535345 2.717912
 [5,] 30.94827 231.3525 0.3622451 17.16045 286.2732 44.17725 36.04046 6.988235 7.374011 3.008599
 [6,] 30.94941 231.5142 0.3617580 17.16343 286.2732 44.16209 36.02305 6.987976 7.369092 3.008392
 [7,] 30.94322 230.9842 0.3621242 17.16615 286.2732 44.17832 36.04372 6.988490 7.382143 3.008633
 [8,] 30.94716 231.3746 0.3622769 17.16055 286.2733 44.17810 36.04180 6.988214 7.373618 3.008472
 [9,] 30.94483 231.3567 0.3616950 17.15819 286.2735 44.17849 36.04130 6.988215 7.376457 3.009688
[10,] 30.96674 231.4027 0.3622353 17.16105 286.2733 44.17710 36.04215 6.988205 7.365187 3.007919
[11,] 30.94665 231.3620 0.3611600 17.16207 286.2733 44.17768 36.04167 6.986873 7.371673 3.049480
[12,] 31.77969 222.2561 0.3119500 17.14874 286.2393 42.60279 35.67571 6.769646 7.595887 2.831608

$Refset$f
 [1] 1.205505e+06 6.722222e+01 6.722222e+01 1.000000e+06 6.723090e+01 6.724306e+01 6.725868e+01 6.723090e+01 6.726215e+01 6.738368e+01 6.739583e+01 7.744965e+01

$Refset$fpen
 [1] 3.177004e+06 6.722222e+01 6.722222e+01 9.999975e+11 6.723090e+01 6.724306e+01 6.725868e+01 6.723090e+01 6.726215e+01 6.738368e+01 6.739583e+01 7.744965e+01

$Refset$const
              [,1]         [,2]         [,3]         [,4]         [,5]
 [1,] 2.033973e+01 2.784672e+01 7.506990e+00 1.726971e+00 5.471499e+00
 [2,] 9.786925e+00 2.862627e+01 1.883934e+01 1.537461e+00 3.065510e+00
 [3,] 9.786974e+00 2.862629e+01 1.883932e+01 1.537460e+00 3.065493e+00
 [4,] 1.000000e+06 1.000000e+06 1.000000e+06 1.000000e+06 1.000000e+06
 [5,] 9.786443e+00 2.862599e+01 1.883955e+01 1.537461e+00 3.065414e+00
 [6,] 9.794342e+00 2.863091e+01 1.883657e+01 1.537480e+00 3.064984e+00
 [7,] 9.784010e+00 2.861786e+01 1.883385e+01 1.537447e+00 3.065633e+00
 [8,] 9.786935e+00 2.862638e+01 1.883945e+01 1.537451e+00 3.065492e+00
 [9,] 9.781729e+00 2.862354e+01 1.884181e+01 1.537428e+00 3.065501e+00
[10,] 9.795865e+00 2.863481e+01 1.883895e+01 1.537441e+00 3.065610e+00
[11,] 9.790394e+00 2.862833e+01 1.883793e+01 1.537447e+00 3.065520e+00
[12,] 9.552850e+00 2.840411e+01 1.885126e+01 1.537825e+00 3.136339e+00

$Refset$penalty
 [1] 1.971499e+00 0.000000e+00 0.000000e+00 9.999965e+05 0.000000e+00 0.000000e+00 0.000000e+00 0.000000e+00 0.000000e+00 0.000000e+00 0.000000e+00 0.000000e+00


