$f
 [1] 262.34896 156.25000 147.80382 140.08681 127.38194 125.96181 120.55382 115.07813  96.03125  92.40972  92.23264  89.35764  88.74653  88.43924  87.51736  82.50347  80.53472  79.20486  70.69271
[20]  70.44792  68.32465  68.22396  65.96875  63.84028  63.61806  63.61111  63.43229  63.38194  63.34028  63.13542  63.01562  62.78993  62.71875  62.71875

$x
          [,1]     [,2]      [,3]     [,4]     [,5]     [,6]     [,7]     [,8]     [,9]    [,10]
xbest 36.49037 324.9820 0.9530532 15.98179 284.1489 41.06765 25.60185 4.141817 4.344913 4.515077
xbest 32.83012 378.3117 0.5158144 19.21803 284.3440 40.82102 28.16569 2.674077 2.484787 3.340402
xbest 32.83012 378.3117 0.4033144 19.21803 284.1940 40.83500 28.16569 2.674077 2.484787 3.366955
xbest 36.88365 226.8292 0.2495524 17.60154 285.2722 34.55794 33.26265 6.353343 6.702950 2.890026
xbest 31.68733 263.1259 0.3774409 19.82295 284.4656 40.69418 30.12552 3.858621 4.871667 3.132812
xbest 29.26023 228.2476 0.3297661 18.40938 286.0070 39.29705 28.41241 7.496126 7.121120 3.519695
xbest 33.24290 346.9745 0.3775561 18.02776 286.6615 40.43942 28.62637 4.326608 4.968275 2.987749
xbest 30.89617 227.9357 0.3229998 18.34850 286.0822 40.35031 28.46564 7.344810 7.042220 3.498791
xbest 28.98513 226.9552 0.3227116 18.43503 286.4177 44.02036 27.92001 7.395703 7.120242 3.684423
xbest 28.98513 227.2677 0.3213053 18.24753 286.4177 44.02036 27.92001 7.395703 7.120242 3.681454
xbest 32.30071 205.6245 0.5040241 19.61388 285.9650 40.33882 27.37160 6.977118 6.854449 3.454231
xbest 34.89840 228.8837 0.2440756 18.66403 285.8968 42.07925 27.81516 4.290822 6.439172 3.347062
xbest 35.12777 218.4334 0.3392777 19.05918 285.9182 42.16296 28.75770 4.878000 6.395870 3.243035
xbest 35.12777 218.4334 0.3617777 19.05992 285.9182 42.16296 28.75770 4.878000 6.395870 3.243035
xbest 35.13212 208.9154 0.3135110 21.59673 285.8496 42.33305 28.19302 4.195476 5.499591 3.414445
xbest 35.10329 213.3263 0.3188378 22.12651 285.8518 42.30409 28.33107 4.196060 4.769872 3.443678
xbest 35.10329 213.3263 0.3413378 22.12651 285.8518 42.30409 28.33107 4.196060 4.769872 3.443678
xbest 33.62308 257.2373 0.5285755 19.38910 286.0750 43.03347 26.94568 4.913869 5.703200 3.048571
xbest 33.62308 257.5498 0.7085755 19.40579 286.0817 43.08937 26.92297 4.913869 5.694259 3.046715
xbest 33.53880 255.9498 0.5528627 19.35968 286.0821 43.21350 26.79895 4.936537 5.645181 3.025540
xbest 33.70973 255.9498 0.5508740 19.35761 286.0821 43.21350 26.88020 4.936537 5.617972 3.025540
xbest 33.48486 256.4698 0.5504961 19.35522 286.1034 43.21559 26.76028 4.935237 5.636807 3.034756
xbest 33.62291 259.7593 0.5369127 19.20166 286.0991 43.13115 26.78525 4.924395 5.642792 3.036131
xbest 33.50572 259.7593 0.5369127 19.20166 286.1014 43.13115 26.78525 4.930645 5.637960 3.036131
xbest 33.81414 264.6248 0.5447431 18.88918 286.1046 43.15391 26.63583 4.930186 5.660563 3.022470
xbest 33.81414 264.6248 0.5672431 18.88918 286.1046 43.15391 26.63583 4.930186 5.660563 3.022470
xbest 33.81021 264.6707 0.5461548 18.89500 286.1052 43.14938 26.65756 4.929971 5.656792 3.020302
xbest 33.83364 264.6707 0.5463902 18.89239 286.1058 43.14864 26.65936 4.930046 5.656788 3.020205
xbest 33.78434 264.8121 0.5496292 18.89237 286.1045 43.15383 26.65682 4.930281 5.658469 3.018694
xbest 33.78434 264.7340 0.5496292 18.89237 286.1042 43.15383 26.65682 4.930281 5.655344 3.018694
xbest 33.76842 264.9200 0.5510090 18.89719 286.1050 43.15476 26.66238 4.930108 5.667441 3.020039
xbest 33.82504 264.7992 0.5507294 18.87259 286.1049 43.15375 26.65698 4.930281 5.672708 3.018036
xbest 33.82544 264.8007 0.5508178 18.86682 286.1049 43.15417 26.65696 4.930282 5.676086 3.018079
xbest 33.82544 264.8007 0.5508178 18.86682 286.1049 43.15417 26.65696 4.930282 5.676086 3.018079

$time
elapsed elapsed elapsed elapsed elapsed elapsed elapsed elapsed elapsed elapsed elapsed elapsed elapsed elapsed elapsed elapsed elapsed elapsed elapsed elapsed elapsed elapsed elapsed elapsed elapsed 
   1.07    2.86    3.97    7.25    8.86   10.42   12.04   15.17   18.26   20.89   31.50   33.15   34.76   38.82   54.40   56.06   56.89   76.15   77.79  105.01  106.32  111.98  117.00  125.45  224.73 
elapsed elapsed elapsed elapsed elapsed elapsed elapsed elapsed elapsed 
 225.57  237.57  258.17  282.87  283.82  343.67  357.61  368.68  369.57 

$neval
 [1]   106   253   349   634   774   910  1052  1326  1598  1831  2653  2789  2925  3269  4464  4600  4673  6162  6307  8472  8587  8996  9401 10047 18125 18198 19144 20807 22937 23023 27971 29135
[33] 30016 30017

$fbest
[1] 62.71875

$xbest
 [1]  33.8254428 264.8007452   0.5508178  18.8668169 286.1049144  43.1541652  26.6569559   4.9302824   5.6760864   3.0180785

$numeval
[1] 30017

$end_crit
[1] 1

$cpu_time
elapsed 
 369.57 

$Refset
$Refset$x
           [,1]       [,2]        [,3]      [,4]       [,5]      [,6]      [,7]       [,8]      [,9]    [,10]
 [1,]  33.82544 264.800745   0.5508178 18.866817 286.104914  43.15417 26.656956   4.930282  5.676086 3.018079
 [2,]  33.76842   0.551009 286.1050388 26.662382   5.667441  33.76842  0.551009 286.105039 26.662382 5.667441
 [3,] 264.92002  18.897186  43.1547648  4.930108   3.020039 264.92002 18.897186  43.154765  4.930108 3.020039
 [4,]  33.76842 264.920017   0.5510090 18.897186 286.105039  43.15476 26.662382   4.930108  5.667441 3.020039
 [5,]  33.78833 264.760205   0.5503164 18.888955 286.105460  43.15165 26.657084   4.930209  5.657234 3.020266
 [6,]  33.78394 264.683586   0.5506270 18.893077 286.104809  43.15274 26.662982   4.930282  5.657300 3.018774
 [7,]  33.78911 264.767498   0.5507219 18.896003 286.104917  43.15169 26.658104   4.930139  5.651805 3.020147
 [8,]  33.82100 264.776277   0.5505844 18.879960 286.105959  43.15319 26.658287   4.930262  5.669037 3.018031
 [9,]  33.78435 264.974346   0.5507547 18.887526 286.102211  43.15304 26.660324   4.930338  5.668181 3.019132
[10,]  33.78074 264.901786   0.5508180 18.887842 286.104574  43.15416 26.659648   4.930324  5.669466 3.018952
[11,]  33.75579 265.033452   0.5506812 18.897353 286.105389  43.15826 26.668528   4.929595  5.668480 3.022868
[12,]  33.92939 264.455776   0.5768840 20.031864 286.065333  43.21247 26.621759   4.936271  4.903371 2.648309

$Refset$f
 [1] 62.71875 63.01562 63.01562 63.01562 63.13542 63.13542 63.13542 62.78993 63.22396 63.22396 64.40625 67.15799

$Refset$fpen
 [1] 62.71875 63.01562 63.01562 63.01562 63.13542 63.13542 63.13542 62.78993 63.22396 63.22396 64.40625 67.15799

$Refset$const
          [,1]      [,2]      [,3]      [,4]     [,5]
 [1,] 13.19073 30.323914 17.133183  1.575222 2.395205
 [2,] 13.22975 17.102814  2.395537 30.332559 1.575211
 [3,] 30.33256  1.575211 13.229746 17.102814 2.395537
 [4,] 13.22975 30.332559 17.102814  1.575211 2.395537
 [5,] 13.23172 30.342766 17.111045  1.575170 2.395452
 [6,] 13.23578 30.342700 17.106923  1.575233 2.395584
 [7,] 13.24420 30.348195 17.103997  1.575222 2.395364
 [8,] 13.21092 30.330963 17.120040  1.575121 2.395602
 [9,] 13.21934 30.331819 17.112474  1.575484 2.394714
[10,] 13.21838 30.330534 17.112158  1.575256 2.395272
[11,] 13.22887 30.331520 17.102647  1.575178 2.395867
[12,] 15.12849 31.096629 15.968136  1.579016 2.380442

$Refset$penalty
 [1] 0 0 0 0 0 0 0 0 0 0 0 0


