$f
 [1] 754.7760 229.1892 202.3542 189.6858 189.4653 163.5764 161.6510 156.0556 155.1215 154.8889 150.1615 145.3351 143.4375 140.3507 138.6267 138.0087 137.6163 134.4010 134.3455 134.1458 134.1163
[22] 134.0365 134.0295 133.9358 133.8420 133.7743 133.7743

$x
          [,1]     [,2]      [,3]     [,4]     [,5]     [,6]     [,7]     [,8]     [,9]    [,10]
xbest 29.67974 303.1670 0.2338225 15.29469 284.7396 42.09164 30.02303 6.148438 5.166478 3.545366
xbest 25.78052 180.1801 0.3898719 26.84629 286.1802 48.00000 38.50242 7.047134 4.517012 1.297087
xbest 25.78052 180.1801 0.5740906 26.84629 286.1802 48.00000 38.50242 7.047134 4.442012 1.297087
xbest 34.45157 280.0442 0.4257193 19.65894 285.8943 42.28790 27.20798 4.738237 5.329070 2.450992
xbest 30.37637 269.1730 0.7866558 22.26555 286.0584 44.58582 29.22855 5.451449 4.368894 1.433895
xbest 30.37637 268.0792 0.5174839 22.26555 286.0584 44.58582 29.26829 5.451449 4.347018 1.422020
xbest 36.34668 270.6838 0.3838203 19.72388 285.8023 40.98680 29.52156 4.800714 5.187716 2.920992
xbest 36.34668 271.3088 0.3838203 19.53638 285.8023 40.98680 29.52156 4.800714 5.225216 2.920992
xbest 33.64040 265.9984 0.5180866 20.60221 286.3457 45.20497 24.41999 4.949835 4.838954 2.834045
xbest 33.64040 265.9984 0.5180866 20.60221 286.3457 45.20497 24.41999 4.949835 4.835829 2.834045
xbest 33.75343 260.7555 0.5163137 20.78431 286.2768 45.21559 24.27846 4.963618 4.843689 2.831394
xbest 33.70655 260.7555 0.6063137 20.78431 286.2768 45.21559 24.27846 4.963618 4.843689 2.831394
xbest 33.80429 266.7456 0.5133485 20.59113 286.3082 45.15303 24.55666 4.954755 4.837569 2.735270
xbest 33.80429 266.7456 0.6033485 20.59113 286.3084 45.15303 24.55666 4.954755 4.837569 2.735270
xbest 34.02464 265.9574 0.5281022 20.60694 286.3169 45.02803 24.44149 4.951605 4.834592 2.729991
xbest 34.02464 265.8793 0.5277506 20.60694 286.3180 45.02803 24.44149 4.951605 4.832248 2.729991
xbest 34.17059 266.8403 0.5346909 20.64148 286.3607 45.03557 24.45597 4.948215 4.744609 2.730458
xbest 34.17059 266.8403 0.5571909 20.63562 286.3607 45.04807 24.39503 4.948215 4.716484 2.727490
xbest 34.13248 267.5514 0.5332467 20.65642 286.3472 45.06929 24.45342 4.949058 4.716559 2.733150
xbest 34.12662 267.5514 0.5332467 20.65642 286.3472 45.06929 24.45342 4.949058 4.716559 2.733150
xbest 34.28300 267.1992 0.5342172 20.60699 286.3548 45.03321 24.46750 4.948901 4.698743 2.724327
xbest 34.28410 265.7017 0.5269096 20.60689 286.3531 45.03086 24.45916 4.948904 4.745672 2.725472
xbest 34.27524 265.5836 0.5320414 20.60543 286.3542 45.03063 24.45956 4.948795 4.751552 2.724607
xbest 34.28165 265.5448 0.5324012 20.59726 286.3536 45.03070 24.45911 4.948957 4.755639 2.724376
xbest 34.28751 265.5448 0.5324012 20.59726 286.3536 45.03070 24.45911 4.948957 4.755639 2.724376
xbest 34.26871 266.9539 0.5293596 20.60495 286.3560 45.03560 24.46860 4.948755 4.707692 2.724546
xbest 34.26871 266.9539 0.5293596 20.60495 286.3560 45.03560 24.46860 4.948755 4.707692 2.724546

$time
elapsed elapsed elapsed elapsed elapsed elapsed elapsed elapsed elapsed elapsed elapsed elapsed elapsed elapsed elapsed elapsed elapsed elapsed elapsed elapsed elapsed elapsed elapsed elapsed elapsed 
   1.69    4.56    6.37   24.83   32.29   34.83   94.01   95.72  141.95  143.37  145.97  172.75  224.92  226.48  318.62  320.61  397.31  399.40  419.14  425.58  460.53  475.98  484.48  490.14  491.39 
elapsed elapsed 
 588.31  591.00 

$neval
 [1]   106   261   356  1332  1741  1873  4838  4926  7235  7309  7443  8739 11307 11389 16122 16219 20124 20236 21332 21676 23564 24320 24727 24995 25068 29996 30065

$fbest
[1] 133.7743

$xbest
 [1]  34.2687148 266.9538732   0.5293596  20.6049452 286.3559957  45.0355983  24.4685968   4.9487554   4.7076916   2.7245460

$numeval
[1] 30065

$end_crit
[1] 1

$cpu_time
elapsed 
    591 

$Refset
$Refset$x
            [,1]      [,2]       [,3]      [,4]       [,5]       [,6]      [,7]      [,8]      [,9]    [,10]
 [1,] 266.953873  20.60495 45.0355983  4.948755   2.724546 266.953873  20.60495 45.035598  4.948755 2.724546
 [2,]   2.724546 266.95387 20.6049452 45.035598   4.948755   2.724546 266.95387 20.604945 45.035598 4.948755
 [3,]  34.268715 266.95387  0.5293596 20.604945 286.355996  45.035598  24.46860  4.948755  4.707692 2.724546
 [4,]  34.273699 266.99674  0.5295864 20.605564 286.356381  45.035379  24.46885  4.948770  4.705843 2.724473
 [5,]  34.274297 266.72134  0.5288461 20.603151 286.357019  45.036123  24.46859  4.948758  4.714406 2.724638
 [6,]  34.271014 266.48680  0.5275120 20.623814 286.355554  45.035263  24.46807  4.948839  4.714313 2.723941
 [7,]  34.245228 266.89515  0.5344360 20.633038 286.355852  45.035651  24.46502  4.948646  4.708239 2.725763
 [8,]  34.274405 267.05543  0.5301315 20.593197 286.356895  45.036004  24.47039  4.948560  4.715296 2.724147
 [9,]  34.731474 265.52504  0.5294625 20.598630 286.351577  45.035827  24.46339  4.948972  4.712731 2.725809
[10,]  35.000047 262.68597  0.5657143 20.615434 286.358182  45.038686  24.51337  4.966040  4.538810 2.702837
[11,]  34.260205 214.71598  0.5295701 23.830903 286.349439  44.547371  24.37091  4.939286  4.502320 3.004976
[12,]  39.698725 224.73484  0.5438207 20.553963 286.162507  47.258451  28.26018  2.607703  4.348668 1.501015

$Refset$f
 [1] 133.7743 133.7743 133.7743 133.9705 133.9705 134.0885 134.1615 134.1840 135.2969 175.1059 178.3854 335.9288

$Refset$fpen
 [1] 133.7743 133.7743 133.7743 133.9705 133.9705 134.0885 134.1615 134.1840 135.2969 175.1059 178.3854 335.9288

$Refset$const
           [,1]     [,2]     [,3]      [,4]      [,5]
 [1,] 31.292308  1.55129 15.89725 15.395055  2.282023
 [2,]  2.282023 31.29231  1.55129 15.897254 15.395055
 [3,] 15.897254 31.29231 15.39505  1.551290  2.282023
 [4,] 15.899721 31.29416 15.39444  1.551258  2.282151
 [5,] 15.888746 31.28559 15.39685  1.551203  2.282295
 [6,] 15.909501 31.28569 15.37619  1.551327  2.281881
 [7,] 15.924799 31.29176 15.36696  1.551300  2.281794
 [8,] 15.877901 31.28470 15.40680  1.551215  2.282358
 [9,] 15.885899 31.28727 15.40137  1.551661  2.280506
[10,] 16.076624 31.46119 15.38457  1.551127  2.284903
[11,] 19.328583 31.49768 12.16910  1.551936  2.289100
[12,] 16.205295 31.65133 15.44604  1.569548  2.361171

$Refset$penalty
 [1] 0 0 0 0 0 0 0 0 0 0 0 0


