$f
 [1] 284.91146 231.89931 195.21875 188.17708 126.36458 111.51910  94.85243  86.58507  85.35069  83.19097  82.12153  80.83333  79.46181  79.32465  76.36632  71.30208  71.03472  70.43750  70.38368
[20]  70.14583  69.93403  69.78993  69.46701  69.33160  67.39410  67.03299  67.00174  66.90799  66.84896  66.56250  66.15451  66.09028  65.82292  65.82292

$x
          [,1]     [,2]      [,3]     [,4]     [,5]     [,6]     [,7]     [,8]     [,9]    [,10]
xbest 30.13769 179.7820 0.8479321 26.26255 286.0035 43.69471 25.57184 7.310961 3.207463 1.433999
xbest 20.00000 181.3711 0.9293833 29.20490 286.0000 42.18265 25.31514 8.273487 3.564752 1.200000
xbest 20.00000 179.4924 0.7803811 29.20490 286.0000 42.18265 25.04816 8.273487 3.486626 1.200000
xbest 35.36506 241.3506 0.7388840 23.15976 286.5229 39.92590 27.04724 5.328201 3.826717 2.136408
xbest 37.17992 176.9809 0.5800313 27.30093 285.6970 39.61728 24.87532 4.623246 3.382198 4.347740
xbest 33.16613 240.8712 0.4103926 23.15016 285.9743 42.79900 26.28212 4.895609 3.401188 2.046059
xbest 33.92605 224.7077 0.3936596 22.88878 285.7207 44.32728 26.20456 4.127666 3.563263 2.105314
xbest 33.92605 224.7077 0.3880346 22.88878 285.7301 44.22728 25.55456 4.127666 3.563263 2.130548
xbest 38.72330 278.4585 0.5893658 19.83658 285.7950 42.49785 27.12664 2.049066 3.849197 2.420578
xbest 38.72330 278.4585 0.5893658 19.83658 285.7763 42.49785 27.12664 2.049066 3.874197 2.396828
xbest 38.22218 288.7167 0.5817583 19.82520 285.7355 42.23521 26.97446 2.366247 3.695592 2.340891
xbest 38.22218 288.0917 0.6351958 19.82520 285.7355 42.23521 27.01508 2.366247 3.683092 2.340891
xbest 37.14360 232.5983 0.9309067 23.71249 285.9579 42.18513 34.24265 4.665647 2.827812 2.790160
xbest 37.14360 232.5788 0.9309067 23.71249 285.9579 42.18513 34.24265 4.665647 2.827812 2.790160
xbest 37.93874 285.3272 0.5835989 19.87151 285.7362 42.42582 26.93609 2.405364 3.703066 2.349595
xbest 37.93874 285.3272 0.5850052 19.87151 285.7151 42.42582 26.93609 2.405364 3.715566 2.361470
xbest 38.74168 263.4310 0.7343201 21.12138 285.8309 42.36623 27.74377 2.352198 3.448943 2.474563
xbest 38.74754 263.7435 0.6907264 21.12138 285.8309 42.39123 27.74377 2.352198 3.448943 2.477532
xbest 38.74121 263.9106 0.7359480 21.12170 285.8303 42.36985 27.78248 2.352195 3.448398 2.468906
xbest 38.84917 263.4210 0.7542485 20.87335 285.8366 42.36694 27.79854 2.351542 3.607342 2.473533
xbest 38.84917 263.4210 0.7542485 20.87335 285.8179 42.36694 27.79854 2.351542 3.607342 2.473533
xbest 38.66052 258.7526 1.0000000 22.78796 285.8362 42.40452 27.84932 2.364260 2.667502 2.422890
xbest 38.66052 258.7526 1.0000000 22.78796 285.8174 42.40452 27.84932 2.364260 2.655002 2.422890
xbest 38.68889 258.9168 0.8085968 22.59969 285.8383 42.38824 27.82334 2.362891 2.788342 2.421639
xbest 39.06389 258.9168 0.9885968 22.59969 285.8383 42.38824 27.82334 2.362891 2.738342 2.421639
xbest 38.97167 258.7859 0.9938828 22.77582 285.8412 42.39852 27.91065 2.362478 2.659376 2.425458
xbest 38.97167 258.7859 0.9550000 22.77582 285.8412 42.39852 27.91065 2.362478 2.659376 2.425458
xbest 38.97857 258.7574 0.9941427 22.77876 285.8411 42.39946 27.91052 2.362144 2.654610 2.423434
xbest 39.13630 258.0694 0.9998996 22.76727 285.8411 42.40031 27.91670 2.362129 2.653392 2.422014
xbest 39.24420 257.1592 1.0000000 22.78048 285.8411 42.40166 27.91755 2.360987 2.650204 2.422695
xbest 39.04913 258.6505 0.9867715 22.73612 285.8408 42.39690 27.91140 2.361011 2.659364 2.424469
xbest 39.15347 259.1116 0.9780542 22.67125 285.8408 42.38977 27.89721 2.354481 2.672979 2.438192
xbest 39.15347 259.1116 1.0000000 22.67125 285.8408 42.38977 27.89721 2.354481 2.660479 2.438192
xbest 39.15347 259.1116 1.0000000 22.67125 285.8408 42.38977 27.89721 2.354481 2.660479 2.438192

$time
elapsed elapsed elapsed elapsed elapsed elapsed elapsed elapsed elapsed elapsed elapsed elapsed elapsed elapsed elapsed elapsed elapsed elapsed elapsed elapsed elapsed elapsed elapsed elapsed elapsed 
   0.97    2.69    4.35    5.96    7.60    9.17   14.64   22.19   70.52   71.60   94.36   95.53  113.10  113.91  125.50  131.49  214.14  215.33  226.08  229.44  233.64  255.66  256.58  270.25  274.61 
elapsed elapsed elapsed elapsed elapsed elapsed elapsed elapsed elapsed 
 315.16  315.99  319.41  325.11  326.83  330.11  331.75  334.33  377.99 

$neval
 [1]   106   260   405   546   691   829  1242  1898  5794  5888  7647  7751  9108  9182 10116 10610 17432 17536 18355 18626 18971 20591 20671 21763 22121 25277 25351 25623 26029 26166 26440 26576
[33] 26800 30077

$fbest
[1] 65.82292

$xbest
 [1]  39.153474 259.111623   1.000000  22.671251 285.840764  42.389772  27.897213   2.354481   2.660479   2.438192

$numeval
[1] 30077

$end_crit
[1] 1

$cpu_time
elapsed 
 377.99 

$Refset
$Refset$x
          [,1]     [,2]      [,3]     [,4]     [,5]     [,6]     [,7]     [,8]     [,9]    [,10]
 [1,] 39.13202 257.4613 0.9843118 22.76566 285.8440 42.39818 27.90713 2.361103 2.657669 2.424675
 [2,] 39.13374 257.3795 0.9781385 22.76867 285.8420 42.39839 27.90381 2.361156 2.657613 2.424827
 [3,] 39.13227 257.3786 0.9885730 22.76750 285.8417 42.39962 27.90538 2.361330 2.657471 2.424558
 [4,] 39.14972 257.3099 0.9786696 22.76726 285.8424 42.39529 27.91481 2.360141 2.658165 2.424813
 [5,] 39.13683 257.3333 0.9824873 22.77008 285.8420 42.39913 27.90490 2.361275 2.656833 2.424487
 [6,] 39.13887 257.3119 0.9843333 22.76930 285.8422 42.39850 27.90704 2.361103 2.657743 2.424761
 [7,] 39.14620 257.4590 0.9992803 22.77057 285.8650 42.40094 27.90713 2.358971 2.651660 2.424458
 [8,] 39.13135 257.5032 0.9850496 22.76355 285.8458 42.39816 27.90913 2.360543 2.657410 2.425233
 [9,] 39.13327 258.1513 0.9926221 22.72664 285.8407 42.39343 27.90310 2.361300 2.658111 2.423633
[10,] 38.62635 253.8440 0.9792227 22.78524 285.8530 42.40439 27.90935 2.377996 2.806596 2.373135
[11,] 39.30114 247.8007 0.9343309 22.14992 285.7413 42.31470 29.16199 2.480528 3.134590 2.368532
[12,] 45.59662 256.8622 0.8205596 23.30317 285.8609 36.46812 27.87225 2.555868 2.536104 2.462709

$Refset$f
 [1]  66.07465  66.07465  66.07465  66.07465  66.07465  66.07465  66.11979  66.16319  66.21528  68.46875  87.64410 176.16667

$Refset$fpen
 [1]  66.07465  66.07465  66.07465  66.07465  66.07465  66.07465  66.11979  66.16319  66.21528  68.46875  87.64410 176.16667

$Refset$const
          [,1]     [,2]     [,3]     [,4]     [,5]
 [1,] 20.10799 33.34233 13.23434 1.601825 2.432370
 [2,] 20.11106 33.34239 13.23133 1.602025 2.431671
 [3,] 20.11003 33.34253 13.23250 1.602063 2.431627
 [4,] 20.10910 33.34184 13.23274 1.601995 2.432568
 [5,] 20.11325 33.34317 13.22992 1.602030 2.431697
 [6,] 20.11156 33.34226 13.23070 1.602009 2.431908
 [7,] 20.11891 33.34834 13.22943 1.599665 2.437478
 [8,] 20.10614 33.34259 13.23645 1.601637 2.432949
 [9,] 20.06853 33.34189 13.27336 1.602158 2.431513
[10,] 19.97864 33.19340 13.21476 1.600902 2.434477
[11,] 19.01533 32.86541 13.85008 1.613264 2.490254
[12,] 20.76707 33.46390 12.69683 1.596699 2.745198

$Refset$penalty
 [1] 0 0 0 0 0 0 0 0 0 0 0 0


