$f
 [1] 923.8021 683.2622 525.3160 505.1406 481.7049 461.4358 441.8160 429.9253 406.3576 392.4670 377.7170 370.6389 368.3819 367.4010 362.6597 362.5122 361.2743 361.1337 360.6910 360.3403 360.2257
[22] 360.2240 359.9705 359.5208 359.4913 359.3802 359.3594 359.2083 359.2083

$x
          [,1]     [,2]      [,3]     [,4]     [,5]     [,6]     [,7]     [,8]     [,9]    [,10]
xbest 33.79273 113.2160 0.2889692 24.51167 285.8422 43.50012 33.26695 6.615629 8.006751 3.942728
xbest 44.74795 292.3810 0.8316539 21.67527 285.6635 39.63568 35.00561 3.652766 3.545001 2.262756
xbest 45.07941 287.9616 0.9153223 20.37316 285.6196 41.04989 37.76333 3.652766 3.456612 2.269860
xbest 45.16136 243.9306 0.8734099 20.90363 285.6452 42.87657 37.51224 3.645217 3.920182 2.293708
xbest 47.00450 175.1392 0.7014986 20.88002 285.5534 42.21541 37.66003 4.547693 5.924420 4.642069
xbest 45.49597 222.9032 0.7968825 20.88466 285.5339 41.57283 36.61123 3.760344 4.656730 3.284431
xbest 45.77685 221.8535 0.8140972 20.90399 285.6297 42.00209 37.40035 3.749253 4.586835 3.369907
xbest 46.70326 165.1114 0.7292331 21.83361 285.5227 41.47050 37.59956 3.703571 6.020993 4.028582
xbest 46.67983 165.1114 0.7939206 21.83361 285.3727 41.47050 37.59956 3.703571 6.020993 4.052332
xbest 48.61270 135.6877 0.9812216 22.62297 285.5998 41.62430 38.23412 2.050939 6.959495 4.471906
xbest 48.89395 134.4377 1.0000000 22.24797 285.5998 41.62430 38.23412 2.050939 6.959495 4.471906
xbest 48.90537 131.5161 0.9667884 22.54606 285.6128 41.63773 38.15935 2.052718 7.067401 4.542515
xbest 48.90537 131.5161 0.9892884 22.54898 285.6128 41.63773 38.32185 2.052718 7.067401 4.542515
xbest 48.69633 149.8707 0.8480117 21.66333 285.5878 41.67660 38.03810 2.049769 6.714780 4.329550
xbest 48.69633 149.8707 0.8480117 21.66479 285.6065 41.67660 37.95685 2.049769 6.714780 4.329550
xbest 48.59857 152.1862 0.9139644 21.67060 285.5676 41.69222 37.59259 2.052312 6.626633 4.309226
xbest 48.59857 152.1862 0.9139644 21.67060 285.5676 41.69222 37.63322 2.052312 6.626633 4.309226
xbest 48.59773 152.3243 0.9197248 21.69106 285.5676 41.69072 37.67553 2.052949 6.606676 4.299215
xbest 48.68948 152.6762 0.9154729 21.57298 285.5683 41.68754 37.65523 2.052405 6.617247 4.292256
xbest 48.71292 152.6762 0.9154729 21.57298 285.5683 41.68754 37.69586 2.052405 6.617247 4.292256
xbest 48.66823 152.5905 0.9128920 21.58619 285.5687 41.68777 37.66381 2.052407 6.625263 4.293398
xbest 48.67791 153.1241 0.9150130 21.53133 285.5685 41.68738 37.66207 2.052542 6.624347 4.291903
xbest 48.71392 152.6264 0.9442005 21.58467 285.5684 41.68906 37.67233 2.052348 6.625360 4.291256
xbest 48.71984 152.6247 0.9364889 21.58517 285.5684 41.68906 37.67034 2.052436 6.623340 4.291411
xbest 48.73752 152.6472 0.9393870 21.57959 285.5684 41.68934 37.67815 2.052497 6.620055 4.291286
xbest 48.73883 152.6191 0.9399507 21.57518 285.5684 41.68931 37.68263 2.052693 6.619467 4.296660
xbest 48.73171 152.6251 0.9396546 21.58001 285.5682 41.68882 37.67583 2.052656 6.623605 4.296492
xbest 48.73171 152.6251 0.9396546 21.58001 285.5682 41.68882 37.67583 2.052656 6.623605 4.295749
xbest 48.73171 152.6251 0.9396546 21.58001 285.5682 41.68882 37.67583 2.052656 6.623605 4.295749

$time
elapsed elapsed elapsed elapsed elapsed elapsed elapsed elapsed elapsed elapsed elapsed elapsed elapsed elapsed elapsed elapsed elapsed elapsed elapsed elapsed elapsed elapsed elapsed elapsed elapsed 
   1.56    4.42    8.78   19.09   23.97   26.33   31.78   34.48   36.45   66.30   68.09  131.53  132.98  201.45  202.91  277.95  279.37  337.00  376.36  377.64  393.08  410.45  484.73  488.56  541.51 
elapsed elapsed elapsed elapsed 
 545.37  558.14  570.01  585.09 

$neval
 [1]   106   255   434   999  1271  1408  1682  1822  1934  3294  3387  6617  6702 10067 10150 14006 14079 16913 19152 19231 20056 20941 24972 25177 27865 28071 28759 29382 30058

$fbest
[1] 359.2083

$xbest
 [1]  48.7317080 152.6251493   0.9396546  21.5800116 285.5682304  41.6888211  37.6758302   2.0526558   6.6236052   4.2957494

$numeval
[1] 30058

$end_crit
[1] 1

$cpu_time
elapsed 
 585.09 

$Refset
$Refset$x
           [,1]        [,2]        [,3]      [,4]       [,5]      [,6]       [,7]       [,8]      [,9]    [,10]
 [1,]  48.73171   0.9396546 285.5682304 37.675830   6.623605  48.73171  0.9396546 285.568230 37.675830 6.623605
 [2,] 152.62515  21.5800116  41.6888211  2.052656   4.295749 152.62515 21.5800116  41.688821  2.052656 4.295749
 [3,]  48.73887 152.6187238   0.9430046 21.577741 285.568199  41.68918 37.6696730   2.052663  6.621876 4.296685
 [4,]  48.73808 152.6218453   0.9392224 21.575755 285.568361  41.68924 37.6940363   2.052689  6.618165 4.296617
 [5,]  48.73744 152.6175479   0.9322660 21.574768 285.568338  41.68923 37.6742120   2.052727  6.619488 4.294136
 [6,]  48.72698 152.8613353   0.9497760 21.595836 285.568285  41.68904 37.6733774   2.053087  6.603499 4.319668
 [7,]  48.73364 152.7515521   0.9400339 21.578592 285.568244  41.68981 37.6729250   2.053178  6.616310 4.301072
 [8,]  48.73014 152.7761419   0.9424817 21.578063 285.568116  41.68954 37.6667032   2.053890  6.616282 4.307656
 [9,] 152.64724  21.5795914  41.6893430  2.052497   4.291286 152.64724 21.5795914  41.689343  2.052497 4.291286
[10,]  48.73725 152.6765277   0.9317083 21.577614 285.568007  41.68857 37.6919672   2.051508  6.615997 4.299087
[11,]  49.60174 152.6146986   0.9302147 21.596317 285.570382  41.23178 37.7253010   2.035284  6.624613 4.282612
[12,]  48.85635 148.6995467   0.9359548 21.520598 285.467613  41.73747 37.7903260   2.000000  6.645581 4.294812

$Refset$f
 [1] 359.2083 359.2083 359.3646 359.3802 359.3802 359.4861 359.4861 359.4861 359.4913 359.6840 367.7274 402.9236

$Refset$fpen
 [1] 359.2083 359.2083 359.3646 359.3802 359.3802 359.4861 359.4861 359.4861 359.4913 359.6840 367.7274 402.9236

$Refset$const
          [,1]      [,2]      [,3]      [,4]     [,5]
 [1,] 14.95641 14.419988  3.178972 29.376395 1.619428
 [2,] 29.37639  1.619428 14.956406 14.419988 3.178972
 [3,] 14.95587 29.378124 14.422259  1.619459 3.178286
 [4,] 14.95759 29.381835 14.424245  1.619337 3.180871
 [5,] 14.95528 29.380512 14.425232  1.619420 3.178796
 [6,] 14.99234 29.396501 14.404164  1.619431 3.178711
 [7,] 14.96228 29.383690 14.421408  1.619442 3.178580
 [8,] 14.96178 29.383718 14.421937  1.619485 3.177918
 [9,] 29.37994  1.619399 14.959536 14.420409 3.179209
[10,] 14.96162 29.384003 14.422386  1.619396 3.180613
[11,] 14.97170 29.375387 14.403683  1.617154 3.229169
[12,] 14.87502 29.354419 14.479402  1.634229 3.157323

$Refset$penalty
 [1] 0 0 0 0 0 0 0 0 0 0 0 0


