$f
 [1] 2684.5278  392.5937  362.2622  287.2031  284.5747  267.8785  265.1163  258.9618  258.6753  258.2552  218.9931  210.3524  198.7691  198.7674  189.2465  188.0573  185.7031  185.3906  164.8333
[20]  156.3733  146.5035  134.4635  129.6979  128.4462  121.3333  121.0208  120.5347  119.7812  118.9583  118.5451  118.3767  117.4688  113.9479  113.8715  113.6806  113.6684  113.6667  113.6649
[39]  113.5642  113.3490  113.2049  112.9132  112.7795  112.6076  112.5955  112.1684  112.1632  110.7639  110.5035  110.3906  110.1285  110.1059  109.9913  109.6788  109.6788

$x
          [,1]     [,2]      [,3]     [,4]     [,5]     [,6]     [,7]      [,8]      [,9]    [,10]
xbest 25.23963 157.6688 0.2193773 22.61182 286.6437 46.51775 31.38180  4.573965  9.163442 1.290833
xbest 42.35520 162.9965 0.4775460 27.38038 286.7739 36.12139 24.00000  2.369881  4.161566 3.731145
xbest 41.98020 162.9965 0.3875460 27.38038 286.7739 35.72139 24.00000  2.269881  4.164691 3.731145
xbest 33.15714 149.0449 0.2517321 17.16690 286.0191 45.79015 28.80261  3.997400  9.534393 1.867194
xbest 34.69237 158.1252 0.2704162 16.27451 285.8788 43.43846 27.80871  2.271920  9.946919 1.699299
xbest 34.40793 152.9494 0.2701095 16.66636 285.8531 43.62497 27.76622  2.048826 10.000000 1.483188
xbest 39.23398 133.9879 0.9158214 21.08390 286.4860 33.79320 26.28841  2.914771  8.634383 3.577474
xbest 40.49125 135.9433 1.0000000 20.41890 286.6118 32.58215 25.58190  2.300648  9.026906 3.449993
xbest 39.50570 135.4962 0.9984247 20.58648 286.4734 34.10948 26.89575  2.253509  9.077217 3.643047
xbest 32.90871 137.0517 0.2275123 16.76372 285.8105 47.45882 28.87197  3.972049  9.724741 1.828961
xbest 20.00000 100.0000 1.0000000 19.44910 284.0000 38.88085 24.00000 10.000000 10.000000 5.000000
xbest 20.00000 100.0000 1.0000000 19.72910 284.0000 38.81116 24.00000 10.000000 10.000000 5.000000
xbest 20.00000 100.0000 1.0000000 19.93348 284.0000 38.51913 24.00000 10.000000 10.000000 5.000000
xbest 20.00000 100.0000 1.0000000 19.92688 284.0000 38.50675 24.00000 10.000000 10.000000 5.000000
xbest 20.00000 107.5260 0.8035344 19.92688 284.0000 38.50675 24.16250 10.000000 10.000000 4.995531
xbest 32.03274 102.4213 0.6297625 20.54190 284.8653 41.13914 24.27695  6.963053  9.267418 4.290474
xbest 32.00931 102.4213 0.5608562 20.54190 284.8653 41.16414 24.27695  6.963053  9.267418 4.271920
xbest 31.90248 101.8270 0.2922710 21.36342 284.7372 40.83796 24.29597  6.934763  8.496937 4.304900
xbest 32.94286 102.2097 0.3213668 20.47219 284.5727 40.91673 24.08662  6.919838  8.546297 4.418059
xbest 33.01083 102.2833 0.3217827 19.97983 284.5326 40.91536 24.06466  6.919921  8.607692 4.431647
xbest 33.11364 102.4122 0.2857836 19.60631 284.4244 40.86874 24.00000  6.919763  8.192038 4.456408
xbest 34.27734 103.2065 0.2270006 19.84390 284.4798 41.01189 24.24541  6.929696  7.688178 4.441006
xbest 34.27734 103.2065 0.2270006 19.84390 284.4798 41.01189 24.16416  6.929696  7.688178 4.441006
xbest 32.91377 102.7612 0.2435276 20.47895 284.4271 41.02074 24.00000  6.931874  7.688603 4.403015
xbest 32.91377 102.7612 0.2463401 20.47895 284.4271 40.92074 24.00000  6.931874  7.676103 4.355515
xbest 33.10061 102.9925 0.2412393 20.40021 284.4246 40.88306 24.00384  6.929646  7.682426 4.371705
xbest 33.09953 103.0440 0.2397324 20.37185 284.4173 40.87421 24.00381  6.930030  7.684447 4.371458
xbest 33.43052 103.0206 0.2353176 20.13663 284.4016 40.88411 24.00238  6.930963  7.680716 4.370690
xbest 33.61014 103.0243 0.2362663 20.05440 284.3937 40.88249 24.00163  6.931570  7.680014 4.370182
xbest 33.45764 102.7188 0.2138705 20.05527 284.3985 40.85684 24.01871  6.932129  7.706838 4.359776
xbest 33.47412 102.9659 0.2286703 20.09995 284.4068 40.87829 24.01760  6.931549  7.720539 4.366206
xbest 33.58435 102.7266 0.1947033 19.92033 284.3932 40.85506 24.02544  6.932170  7.711274 4.362448
xbest 34.13778 103.3196 0.2040639 19.77843 284.4317 40.86867 24.00023  6.929673  7.678805 4.362532
xbest 34.12021 103.3196 0.2040639 19.77843 284.4317 40.86867 24.00023  6.929673  7.678805 4.362532
xbest 33.77900 100.1673 0.1794668 20.03598 284.4072 40.88264 24.00120  6.933308  7.715116 4.359490
xbest 33.74953 100.1515 0.1773370 20.04812 284.4078 40.87916 24.00000  6.933125  7.712474 4.360468
xbest 33.73941 100.1490 0.1767054 20.04843 284.4079 40.87821 24.00000  6.933102  7.712585 4.360423
xbest 33.86144 100.1048 0.1760592 19.96849 284.4070 40.86309 24.00014  6.932834  7.713764 4.356456
xbest 33.91749 100.0375 0.1757413 19.93690 284.3939 40.85482 24.00000  6.933584  7.711804 4.355860
xbest 34.05298 100.0428 0.1756575 19.89837 284.3860 40.83336 24.00001  6.933764  7.712118 4.350887
xbest 34.06630 100.0537 0.1744950 19.89269 284.3926 40.82925 24.00891  6.933728  7.725546 4.350140
xbest 34.15705 100.0529 0.1720280 19.81120 284.3888 40.81159 24.01458  6.933626  7.729156 4.346688
xbest 34.19522 100.0609 0.1711460 19.77301 284.3879 40.80947 24.01474  6.933432  7.729621 4.346558
xbest 34.06026 100.0560 0.1759443 19.86864 284.3846 40.83261 24.00057  6.933901  7.712251 4.350735
xbest 34.06026 100.0560 0.1759443 19.86864 284.3846 40.83261 24.04119  6.933901  7.712251 4.350735
xbest 34.19093 100.0329 0.1757542 19.82304 284.3918 40.83852 24.00641  6.933903  7.717960 4.343554
xbest 34.16033 100.1000 0.1747724 19.77996 284.3858 40.84625 24.01444  6.934727  7.741156 4.342494
xbest 34.57857 100.1067 0.1736239 19.54256 284.3604 40.81792 24.01794  6.936114  7.766962 4.337721
xbest 34.63159 100.1032 0.1742077 19.67018 284.3869 40.80986 24.00307  6.933834  7.694236 4.340497
xbest 34.62180 100.1456 0.1730275 19.67448 284.3904 40.84937 24.00620  6.934236  7.685042 4.341724
xbest 34.62128 100.1165 0.1722029 19.66913 284.3901 40.84949 24.00577  6.934307  7.675606 4.340639
xbest 34.63470 100.1234 0.1700971 19.65747 284.3903 40.85132 24.00579  6.934503  7.670118 4.340245
xbest 34.61485 100.1186 0.1744761 19.58125 284.3855 40.84296 24.01317  6.934871  7.742095 4.338849
xbest 34.64239 100.1177 0.1744535 19.58166 284.3922 40.85401 24.01544  6.934670  7.734817 4.337733
xbest 34.64239 100.1177 0.1744535 19.58166 284.3922 40.85401 24.01544  6.934670  7.734817 4.337733

$time
elapsed elapsed elapsed elapsed elapsed elapsed elapsed elapsed elapsed elapsed elapsed elapsed elapsed elapsed elapsed elapsed elapsed elapsed elapsed elapsed elapsed elapsed elapsed elapsed elapsed 
   1.38    3.29    4.77    6.91   11.86   14.08   16.02   19.91   25.61   33.11   35.30   37.49   39.57   43.71   49.18  117.46  118.99  124.32  128.18  132.21  135.82  137.71  138.82  168.57  170.22 
elapsed elapsed elapsed elapsed elapsed elapsed elapsed elapsed elapsed elapsed elapsed elapsed elapsed elapsed elapsed elapsed elapsed elapsed elapsed elapsed elapsed elapsed elapsed elapsed elapsed 
 191.19  194.60  196.83  198.83  205.50  207.57  209.44  213.38  215.58  298.93  306.39  319.10  366.54  371.38  375.60  377.75  380.05  382.25  386.41  389.16  393.41  395.50  397.43  426.57  430.52 
elapsed elapsed elapsed elapsed elapsed 
 432.38  437.27  443.85  449.88  455.82 

$neval
 [1]   106   259   365   508   793   936  1075  1351  1752  2222  2357  2491  2627  2894  3270  8016  8124  8533  8811  9091  9368  9509  9583 11505 11603 12978 13188 13327 13466 13888 14027 14166
[33] 14442 14519 19969 20438 21262 24352 24694 24972 25108 25246 25383 25655 25865 26137 26273 26411 28257 28530 28669 29015 29433 29846 30185

$fbest
[1] 109.6788

$xbest
 [1]  34.6423889 100.1176891   0.1744535  19.5816607 284.3922284  40.8540084  24.0154447   6.9346702   7.7348172   4.3377330

$numeval
[1] 30185

$end_crit
[1] 1

$cpu_time
elapsed 
 455.82 

$Refset
$Refset$x
          [,1]     [,2]      [,3]     [,4]     [,5]     [,6]     [,7]     [,8]     [,9]    [,10]
 [1,] 34.64239 100.1177 0.1744535 19.58166 284.3922 40.85401 24.01544 6.934670 7.734817 4.337733
 [2,] 34.55499 100.1140 0.1747544 19.58339 284.3736 40.82497 24.00757 6.935457 7.753320 4.340648
 [3,] 34.63470 100.1234 0.1700971 19.65747 284.3903 40.85132 24.00579 6.934503 7.670118 4.340245
 [4,] 34.55562 100.1147 0.1745889 19.61769 284.3784 40.83379 24.00691 6.935431 7.751050 4.339141
 [5,] 34.53781 100.4004 0.1755735 19.69340 284.3887 40.84269 24.00894 6.933895 7.695754 4.342417
 [6,] 34.55569 100.2599 0.1753223 19.68798 284.3886 40.83838 24.00826 6.933877 7.701098 4.342432
 [7,] 34.55400 100.0691 0.1754498 19.70620 284.3878 40.82130 24.00415 6.933698 7.707834 4.342428
 [8,] 34.56324 100.3796 0.1747859 19.65399 284.3891 40.84773 24.00646 6.933998 7.707073 4.343248
 [9,] 34.57604 100.1363 0.1742394 19.62550 284.3929 40.85459 24.01952 6.934753 7.742353 4.335764
[10,] 34.55880 100.3834 0.1753388 19.67003 284.3893 40.84387 24.00682 6.933842 7.704855 4.343159
[11,] 34.58290 100.2841 0.1736903 19.66561 284.3896 40.85076 24.00661 6.934213 7.702086 4.342885
[12,] 34.67174 100.0707 0.1733635 19.66678 284.3788 40.80026 24.00194 6.933834 7.693224 4.340292

$Refset$f
 [1] 109.6788 109.9948 110.1059 110.1858 110.1944 110.1944 110.2361 110.2726 110.1441 110.3038 110.3125 110.4670

$Refset$fpen
 [1] 109.6788 109.9948 110.1059 110.1858 110.1944 110.1944 110.2361 110.2726 110.1441 110.3038 110.3125 110.4670

$Refset$const
          [,1]     [,2]     [,3]     [,4]     [,5]
 [1,] 11.84684 28.26518 16.41834 1.714491 2.042238
 [2,] 11.83007 28.24668 16.41661 1.716089 2.041167
 [3,] 11.98735 28.32988 16.34253 1.714538 2.041666
 [4,] 11.86664 28.24895 16.38231 1.715628 2.041267
 [5,] 11.99765 28.30425 16.30660 1.714772 2.041952
 [6,] 11.98688 28.29890 16.31202 1.714803 2.042040
 [7,] 11.99836 28.29217 16.29380 1.714945 2.042275
 [8,] 11.94692 28.29293 16.34601 1.714673 2.041705
 [9,] 11.88314 28.25765 16.37450 1.714482 2.042489
[10,] 11.96518 28.29515 16.32997 1.714690 2.041856
[11,] 11.96353 28.29791 16.33439 1.714606 2.041669
[12,] 11.97356 28.30678 16.33322 1.715790 2.042051

$Refset$penalty
 [1] 0 0 0 0 0 0 0 0 0 0 0 0


