$f
 [1] 2226.948 1846.682 1427.316 1364.613 1277.809 1275.255 1218.410 1201.670 1183.177 1174.056
[11] 1172.483 1167.778 1149.806 1128.778 1103.076 1085.080 1062.247 1057.142 1056.080 1053.493
[21] 1046.019 1042.828 1039.028 1033.852 1028.436 1025.509 1017.774 1016.653 1015.644 1014.877
[31] 1014.431 1014.391 1014.389 1013.943 1013.148 1013.069 1013.069

$x
          [,1]     [,2]      [,3]     [,4]     [,5]     [,6]     [,7]     [,8]     [,9]    [,10]
xbest 21.93655 134.5862 0.2081501 21.42380 285.1660 37.34008 24.34105 5.676815 8.553469 2.415312
xbest 25.06955 104.9730 0.1202426 18.60678 285.6454 38.03005 24.10479 6.544596 8.470774 1.671486
xbest 25.44455 104.8168 0.1056250 20.01303 285.7204 39.63005 24.10479 6.544596 7.745774 1.698204
xbest 20.44205 100.0000 0.4233532 28.18808 286.3875 37.58740 24.19733 6.824758 7.168584 1.772260
xbest 20.37576 100.0000 0.4968194 27.57067 286.3875 37.58740 24.00000 6.824758 7.164165 1.772260
xbest 13.59527 454.4071 0.4614801 19.87133 286.8126 39.91069 25.27105 6.602485 4.195061 1.863632
xbest 13.59527 494.4071 0.4614801 19.10822 286.8126 39.91069 25.27105 6.602485 4.167110 1.890392
xbest 16.63768 302.0775 0.2497141 20.35768 286.6491 38.06474 24.94194 6.897159 5.918794 2.039585
xbest 17.54615 303.7725 0.3264048 20.41626 286.6246 37.94785 24.77887 6.796638 5.839005 2.056579
xbest 18.55577 279.5473 0.2833936 20.37708 286.6144 38.03213 24.75182 6.796330 5.412543 2.056119
xbest 18.74382 277.3601 0.2616386 20.29104 286.5748 38.07178 24.79408 6.813057 5.392973 2.044497
xbest 18.74382 277.3601 0.2616386 20.29104 286.5748 38.07335 24.87533 6.813057 5.405473 2.044497
xbest 17.36126 316.2538 0.3610872 20.20991 286.6066 37.96759 24.69144 6.844383 5.040970 1.656680
xbest 18.01915 306.5579 0.3834581 20.41040 286.5792 37.83453 24.81602 6.953970 5.174921 1.926928
xbest 18.01915 306.4798 0.4734581 20.40747 286.5792 37.83453 24.81602 6.953970 5.174921 1.926928
xbest 19.07090 295.6622 0.7734339 20.28531 286.5759 37.52913 24.93140 6.755341 5.054844 1.692274
xbest 19.07090 295.1935 0.7706214 20.47281 286.5759 37.52913 24.82984 6.755341 5.054844 1.692274
xbest 19.47131 248.6533 1.0000000 22.21246 286.5862 38.22136 24.47546 6.789512 5.171684 1.692007
xbest 19.47131 248.6533 1.0000000 22.21573 286.5862 38.22136 24.47546 6.789512 5.165434 1.686070
xbest 19.63135 258.5737 0.9328282 21.05412 286.5704 38.18380 24.43065 6.789904 5.529552 1.692918
xbest 19.63135 258.9253 0.9103282 21.05412 286.5704 38.20255 24.43065 6.789904 5.543615 1.692918
xbest 18.96046 282.7794 0.6574167 20.46565 286.5435 37.69526 24.44338 6.846220 5.062701 1.656061
xbest 19.42370 263.7894 0.8674662 20.66870 286.5638 38.31382 24.39060 6.799659 5.608804 1.676361
xbest 19.49351 262.6025 0.9755056 20.70328 286.5712 38.29643 24.44204 6.798841 5.587740 1.678724
xbest 19.49351 261.9775 0.9943750 20.70328 286.5712 38.29643 24.44204 6.798841 5.675240 1.678724
xbest 19.18168 264.8588 0.9649557 20.71942 286.5701 38.29127 24.42788 6.798639 5.857978 1.681140
xbest 19.18168 264.8588 1.0000000 20.71942 286.5701 38.29127 24.42788 6.797856 5.882978 1.680768
xbest 19.31000 269.0891 1.0000000 20.51083 286.5718 38.31272 24.43810 6.800351 5.791722 1.671758
xbest 19.31000 269.0891 1.0000000 20.51083 286.5718 38.31272 24.43810 6.800351 5.797972 1.671758
xbest 19.29358 265.8213 0.9963399 20.54233 286.5702 38.29530 24.43201 6.797136 5.909682 1.676328
xbest 19.29358 265.8213 1.0000000 20.54233 286.5702 38.29530 24.43201 6.797136 5.909682 1.676328
xbest 19.28983 265.8954 0.9964672 20.52574 286.5703 38.29556 24.43120 6.797272 5.920607 1.676683
xbest 19.28956 265.8329 0.9963243 20.53599 286.5730 38.29937 24.42285 6.797447 5.915607 1.676251
xbest 19.28870 265.8260 0.9963239 20.53135 286.5728 38.30087 24.41756 6.797585 5.918686 1.676252
xbest 19.27977 266.9744 0.9963456 20.52467 286.5705 38.30260 24.40686 6.803041 5.871615 1.670021
xbest 19.27684 266.9744 0.9963456 20.52467 286.5705 38.30260 24.40686 6.803041 5.871615 1.670021
xbest 19.27684 266.9744 0.9963456 20.52467 286.5705 38.30260 24.40686 6.803041 5.871615 1.670021

$time
elapsed elapsed elapsed elapsed elapsed elapsed elapsed elapsed elapsed elapsed elapsed elapsed 
   1.35    3.51    6.26   22.50   27.98   49.21   50.71   68.84   70.90   83.07   89.39   94.78 
elapsed elapsed elapsed elapsed elapsed elapsed elapsed elapsed elapsed elapsed elapsed elapsed 
 105.64  114.10  118.12  164.40  165.95  208.70  210.01  237.82  239.34  250.21  252.26  260.45 
elapsed elapsed elapsed elapsed elapsed elapsed elapsed elapsed elapsed elapsed elapsed elapsed 
 262.45  300.85  302.31  349.79  350.84  382.76  383.84  399.21  413.09  419.12  444.50  449.40 
elapsed 
 469.53 

$neval
 [1]   106   256   402  1506  1888  3235  3335  4548  4685  5433  5835  6188  6856  7392  7617
[16] 10604 10707 13410 13496 15240 15346 16022 16158 16701 16797 19235 19333 22334 22407 24466
[31] 24539 25497 26388 26794 28505 28854 30079

$fbest
[1] 1013.069

$xbest
 [1]  19.2768435 266.9743726   0.9963456  20.5246750 286.5704822  38.3025968  24.4068554
 [8]   6.8030412   5.8716148   1.6700212

$numeval
[1] 30079

$end_crit
[1] 1

$cpu_time
elapsed 
 469.53 

$Refset
$Refset$x
           [,1]        [,2]        [,3]      [,4]       [,5]      [,6]       [,7]       [,8]
 [1,] 266.97437  20.5246750  38.3025968  6.803041   1.670021 266.97437 20.5246750  38.302597
 [2,]  19.27684   0.9963456 286.5704822 24.406855   5.871615  19.27684  0.9963456 286.570482
 [3,]  19.27723 266.6209131   0.9963131 20.530996 286.570639  38.30246 24.3994890   6.803135
 [4,]  19.28729 265.8780936   0.9959378 20.536015 286.571051  38.29743 24.4137264   6.800596
 [5,]  19.28975 265.9145874   0.9963214 20.534266 286.572328  38.30010 24.4153804   6.800859
 [6,]  19.28708 266.1380393   0.9960354 20.534162 286.570847  38.29834 24.4108639   6.801025
 [7,]  19.28932 265.8261601   0.9962498 20.531134 286.572677  38.30084 24.4208232   6.797557
 [8,]  19.29155 265.5347983   0.9962304 20.530310 286.572169  38.30087 24.4193096   6.797657
 [9,]  19.28880 265.8328326   0.9962670 20.531343 286.571970  38.30075 24.4205801   6.797523
[10,]  19.29043 265.6715954   0.9952401 20.531492 286.571061  38.29615 24.4244202   6.797539
[11,]  19.28976 265.7392590   0.9962202 20.531387 286.571884  38.30019 24.4224525   6.797545
[12,]  19.28863 265.8467440   0.9963655 20.531193 286.572098  38.29869 24.4223251   6.797499
           [,9]    [,10]
 [1,]  6.803041 1.670021
 [2,] 24.406855 5.871615
 [3,]  5.878924 1.668278
 [4,]  5.904340 1.671563
 [5,]  5.902355 1.672086
 [6,]  5.893669 1.671289
 [7,]  5.918614 1.676247
 [8,]  5.928019 1.675162
 [9,]  5.918282 1.676261
[10,]  5.922293 1.675697
[11,]  5.921161 1.676088
[12,]  5.918920 1.676269

$Refset$f
 [1] 1013.069 1013.069 1013.069 1013.583 1013.627 1013.674 1013.943 1013.943 1013.943 1013.943
[11] 1013.943 1014.389

$Refset$fpen
 [1] 1013.069 1013.069 1013.069 1013.583 1013.627 1013.674 1013.943 1013.943 1013.943 1013.943
[11] 1013.943 1014.389

$Refset$const
          [,1]      [,2]      [,3]      [,4]     [,5]
 [1,] 30.12839  1.527064 14.653060 15.475325 2.592809
 [2,] 14.65306 15.475325  2.592809 30.128385 1.527064
 [3,] 14.65207 30.121076 15.469004  1.527066 2.592327
 [4,] 14.63168 30.095660 15.463985  1.526979 2.593763
 [5,] 14.63191 30.097645 15.465734  1.526843 2.594216
 [6,] 14.64049 30.106331 15.465838  1.527009 2.593436
 [7,] 14.61252 30.081386 15.468866  1.526794 2.594709
 [8,] 14.60229 30.071981 15.469690  1.526852 2.594414
 [9,] 14.61306 30.081718 15.468657  1.526869 2.594442
[10,] 14.60920 30.077707 15.468508  1.526949 2.594618
[11,] 14.61023 30.078839 15.468613  1.526873 2.594576
[12,] 14.61227 30.081080 15.468807  1.526848 2.594714

$Refset$penalty
 [1] 0 0 0 0 0 0 0 0 0 0 0 0


