$f
[1] 2195.175 2074.549 1815.943 1555.318 1385.247 1301.490 1272.148 1272.148

$x
          [,1]     [,2]      [,3]     [,4]     [,5]     [,6]     [,7]     [,8]     [,9]    [,10]
xbest 19.58016 212.4901 0.6386979 23.98940 286.3899 37.67919 24.26740 4.805633 2.461832 2.699655
xbest 21.16909 165.6589 0.6858908 22.10564 285.8965 37.17623 25.92392 6.214587 2.759284 4.049005
xbest 21.16909 164.4089 0.2928467 22.10564 285.9001 37.17623 25.27392 6.214587 2.778034 4.040064
xbest 18.97465 167.9940 0.2828489 22.13323 285.6538 37.19949 25.01099 7.658253 3.306578 4.136967
xbest 18.54249 160.4251 0.2823384 22.10794 285.6319 37.06164 25.02348 7.710864 3.404977 4.120738
xbest 18.21202 162.5260 0.2822029 22.08210 285.6247 36.70262 24.97810 7.673971 3.433558 4.118535
xbest 18.11827 162.5260 0.2597029 22.08210 285.6177 36.70262 24.97810 7.673971 3.446058 4.112598
xbest 18.11827 162.5260 0.2597029 22.08210 285.6177 36.70262 24.97810 7.673971 3.446058 4.112598

$time
elapsed elapsed elapsed elapsed elapsed elapsed elapsed elapsed 
   1.26    3.37    5.37    9.28   15.81   23.29   26.40  417.00 

$neval
[1]   106   262   411   700  1123  1680  1913 30136

$fbest
[1] 1272.148

$xbest
 [1]  18.1182675 162.5259644   0.2597029  22.0820981 285.6177166  36.7026169  24.9781040
 [8]   7.6739707   3.4460576   4.1125975

$numeval
[1] 30136

$end_crit
[1] 1

$cpu_time
elapsed 
    417 

$Refset
$Refset$x
          [,1]     [,2]      [,3]     [,4]     [,5]     [,6]     [,7]     [,8]     [,9]    [,10]
 [1,] 19.87741 202.6743 0.2064738 18.35529 286.0432 36.19958 26.37110 2.134518 7.025278 2.932452
 [2,] 19.87189 202.7520 0.2069249 18.35462 286.0433 36.20313 26.38032 2.132595 7.026218 2.943170
 [3,] 19.87379 202.7374 0.2068269 18.35831 286.0438 36.20843 26.36983 2.135193 7.022383 2.917155
 [4,] 19.87624 202.7394 0.2066144 18.35557 286.0430 36.20177 26.37470 2.134216 7.022271 2.937070
 [5,] 19.87903 202.9365 0.2062940 18.35557 286.0416 36.19835 26.36772 2.135297 7.010029 2.938305
 [6,] 19.87640 202.6473 0.2065140 18.35706 286.0436 36.20153 26.37269 2.134582 7.025680 2.931015
 [7,] 19.87770 202.7159 0.2066509 18.35614 286.0431 36.20050 26.36606 2.134251 7.021685 2.917199
 [8,] 19.88082 202.7458 0.2065948 18.35457 286.0433 36.20255 26.37044 2.136266 7.019707 2.933133
 [9,] 19.87956 202.9579 0.2068921 18.32997 286.0430 36.19563 26.38521 2.145479 7.025979 2.933570
[10,] 19.87713 202.7847 0.2073164 18.35442 286.0448 36.19983 26.37518 2.134159 7.019750 2.936762
[11,] 20.03690 297.1457 0.2131368 17.33443 286.1820 27.99261 25.13617 2.160648 6.888326 2.919432
[12,] 20.82336 195.5818 0.2231344 20.48887 286.1241 35.03564 24.34518 5.640327 5.877465 2.929506

$Refset$f
 [1] 1559.274 1559.274 1559.274 1559.274 1559.274 1559.274 1559.439 1559.637 1560.832 1561.229
[11] 1836.509 1917.465

$Refset$fpen
 [1] 1559.274 1559.274 1559.274 1559.274 1559.274 1559.274 1559.439 1559.637 1560.832 1561.229
[11] 1836.509 1917.465

$Refset$const
          [,1]     [,2]     [,3]     [,4]     [,5]
 [1,] 11.33001 28.97472 17.64471 1.577656 2.686781
 [2,] 11.32840 28.97378 17.64538 1.577627 2.687384
 [3,] 11.33592 28.97762 17.64169 1.577601 2.686317
 [4,] 11.33330 28.97773 17.64443 1.577672 2.686899
 [5,] 11.34554 28.98997 17.64443 1.577842 2.686104
 [6,] 11.33138 28.97432 17.64294 1.577612 2.686911
 [7,] 11.33445 28.97831 17.64386 1.577676 2.686280
 [8,] 11.33486 28.98029 17.64543 1.577651 2.686574
 [9,] 11.30399 28.97402 17.67003 1.577633 2.688186
[10,] 11.33467 28.98025 17.64558 1.577453 2.687618
[11,] 10.44610 29.11167 18.66557 1.532600 3.372788
[12,] 14.61141 30.12253 15.51113 1.570857 2.610825

$Refset$penalty
 [1] 0 0 0 0 0 0 0 0 0 0 0 0


