$f
 [1] 1335.8472 1139.7986  378.9080  369.1719  333.5312  243.7795  227.2326  202.8924  199.1667
[10]  190.7205  183.8438  168.8281  165.1354  165.0694  165.0399  164.8976  164.3351  164.2205
[19]  163.9826  163.3403  162.3924  161.9115  161.7274  161.5208  161.4045  161.2830  161.2135
[28]  161.0260  160.7813  160.6962

$x
           [,1]     [,2]      [,3]     [,4]     [,5]     [,6]     [,7]     [,8]     [,9]
xbest 17.317713 177.8066 0.5464712 26.78431 285.3802 46.94540 27.46629 2.787510 6.872587
xbest  7.382864 497.9153 0.1000000 15.00000 284.5770 46.64851 24.99615 6.475860 6.448195
xbest  9.745125 497.7544 0.2263149 16.09517 284.8240 47.71496 25.45577 6.405699 6.115799
xbest 14.986061 344.3144 0.5721828 22.87043 285.9873 37.35022 26.17971 7.162701 5.077625
xbest 15.232023 368.7602 0.3735166 19.91691 285.7096 37.52040 26.33454 7.040255 5.450415
xbest 15.514464 389.1728 0.4517617 21.77973 285.8284 34.71871 26.95996 7.019191 4.680450
xbest 15.619280 389.1728 0.5205020 21.77973 285.8237 34.71871 27.37757 7.019191 4.680450
xbest 15.785428 350.5206 0.3869287 22.21752 285.8210 37.73934 26.36475 7.099274 4.686170
xbest 15.785428 350.5206 0.3871044 22.21752 285.8398 37.73934 26.28350 7.099274 4.686170
xbest 15.767200 361.6937 0.3905528 21.98460 285.8128 37.80425 26.34992 7.093550 4.573690
xbest 15.860950 365.2292 0.3908308 21.91831 285.8128 37.80425 26.39055 7.093550 4.546220
xbest 15.744079 362.6107 0.2574055 23.49023 285.8294 33.81615 27.15769 7.267818 3.347028
xbest 15.744079 362.6107 0.2588117 23.49023 285.8294 33.81615 27.15769 7.274068 3.328278
xbest 15.853163 364.0728 0.3689512 23.40257 285.7982 33.89149 26.56688 7.285385 3.771637
xbest 15.853644 364.0269 0.3582296 23.38567 285.8016 33.90028 26.56325 7.285028 3.762111
xbest 15.851028 364.1150 0.3562929 23.40341 285.8010 33.89832 26.53414 7.286193 3.740603
xbest 15.850938 364.1325 0.3484140 23.40352 285.8026 33.90091 26.53422 7.286204 3.720530
xbest 15.852881 364.1349 0.3454618 23.40242 285.8042 33.90088 26.54359 7.286188 3.705972
xbest 15.853955 364.1771 0.3445784 23.41649 285.8044 33.89667 26.54502 7.286632 3.695950
xbest 15.854420 364.1625 0.3347440 23.42556 285.8038 33.89661 26.55113 7.286956 3.660387
xbest 15.801816 364.0220 0.3437674 23.39834 285.8054 33.90076 26.57977 7.286407 3.726231
xbest 15.802215 364.0142 0.3423933 23.39885 285.8065 33.90157 26.58374 7.286338 3.719201
xbest 15.804206 364.0101 0.3434918 23.40102 285.7998 33.90082 26.58248 7.286245 3.719514
xbest 15.804206 363.9906 0.3434918 23.40102 285.7998 33.90082 26.58248 7.286269 3.719514
xbest 15.797625 364.1481 0.3419280 23.42165 285.8044 33.89978 26.57272 7.286577 3.699216
xbest 15.792568 364.2161 0.3414422 23.42846 285.8039 33.89918 26.56924 7.286843 3.691666
xbest 15.784612 364.1919 0.3401929 23.42798 285.7947 33.88567 26.57139 7.286506 3.691656
xbest 15.796047 364.1579 0.3386485 23.42946 285.8052 33.89838 26.55930 7.286460 3.685590
xbest 15.796434 364.1757 0.3373999 23.45149 285.8038 33.89919 26.57444 7.286772 3.662713
xbest 15.796434 364.1757 0.3373999 23.45149 285.8038 33.89919 26.57444 7.286772 3.662713
         [,10]
xbest 2.737055
xbest 3.367322
xbest 5.000000
xbest 2.326634
xbest 2.517182
xbest 2.399286
xbest 2.428973
xbest 2.348001
xbest 2.348001
xbest 2.345669
xbest 2.343322
xbest 2.024777
xbest 2.036652
xbest 2.040897
xbest 2.037239
xbest 2.035908
xbest 2.035150
xbest 2.034978
xbest 2.034517
xbest 2.033736
xbest 2.036232
xbest 2.036243
xbest 2.040616
xbest 2.040616
xbest 2.036562
xbest 2.035911
xbest 2.035782
xbest 2.036446
xbest 2.036617
xbest 2.035875

$time
elapsed elapsed elapsed elapsed elapsed elapsed elapsed elapsed elapsed elapsed elapsed elapsed 
   1.53    4.23    8.87   23.32   25.86   33.67   38.67   73.65   75.26   93.71  103.75  167.54 
elapsed elapsed elapsed elapsed elapsed elapsed elapsed elapsed elapsed elapsed elapsed elapsed 
 169.29  475.73  480.39  482.95  488.20  493.51  498.98  501.73  509.09  514.34  529.75  533.95 
elapsed elapsed elapsed elapsed elapsed elapsed 
 537.26  540.06  553.54  561.40  573.11  585.07 

$neval
 [1]   106   254   491  1198  1333  1747  2012  3764  3847  4787  5304  8565  8657 24518 24725
[16] 24861 25135 25407 25681 25817 26153 26427 27255 27473 27613 27757 28444 28856 29466 30009

$fbest
[1] 160.6962

$xbest
 [1]  15.7964344 364.1756605   0.3373999  23.4514939 285.8037805  33.8991874  26.5744438
 [8]   7.2867716   3.6627135   2.0358748

$numeval
[1] 30009

$end_crit
[1] 1

$cpu_time
elapsed 
 585.07 

$Refset
$Refset$x
           [,1]        [,2]        [,3]      [,4]       [,5]      [,6]       [,7]       [,8]
 [1,]  15.79643 364.1756605   0.3373999 23.451494 285.803781  33.89919 26.5744438   7.286772
 [2,]  15.79605   0.3386485 285.8052241 26.559299   3.685590  15.79605  0.3386485 285.805224
 [3,] 364.15795  23.4294612  33.8983837  7.286460   2.036446 364.15795 23.4294612  33.898384
 [4,]  15.79605 364.1579495   0.3386485 23.429461 285.805224  33.89838 26.5592988   7.286460
 [5,]  15.79336 363.5272498   0.3407054 23.552390 285.805985  33.89846 26.6284395   7.284070
 [6,]  15.79658 364.0211421   0.3431268 23.398628 285.801212  33.90053 26.5842011   7.286315
 [7,]  15.79659 364.0211342   0.3431209 23.398668 285.801216  33.90053 26.5841777   7.286313
 [8,]  15.80421   0.3434918 285.7997562 26.582480   3.719514  15.80421  0.3434918 285.799756
 [9,] 363.99056  23.4010229  33.9008173  7.286269   2.040616 363.99056 23.4010229  33.900817
[10,]  15.78683 364.0422137   0.3439861 23.416580 285.800953  33.89993 26.5799563   7.286740
[11,]  15.79721 364.0659336   0.3401940 23.439310 285.802892  33.89947 26.5819266   7.286727
[12,]  15.79631 364.1455996   0.3376666 23.457604 285.804300  33.89927 26.5868759   7.286705
           [,9]    [,10]
 [1,]  3.662713 2.036617
 [2,] 26.559299 3.685590
 [3,]  7.286460 2.036446
 [4,]  3.685590 2.036446
 [5,]  3.629253 2.039580
 [6,]  3.721918 2.039486
 [7,]  3.721905 2.039494
 [8,] 26.582480 3.719514
 [9,]  7.286269 2.040616
[10,]  3.715300 2.037789
[11,]  3.687421 2.037612
[12,]  3.663082 2.036747

$Refset$f
 [1] 160.7813 161.0260 161.0260 161.0260 161.1076 161.4948 161.4948 161.5208 161.5208 161.5399
[11] 161.5087 161.4809

$Refset$fpen
 [1] 160.7813 161.0260 161.0260 161.0260 161.1076 161.4948 161.4948 161.5208 161.5208 161.5399
[11] 161.5087 161.4809

$Refset$const
          [,1]      [,2]      [,3]      [,4]     [,5]
 [1,] 19.78878 32.337287 12.548506  1.602178 2.793085
 [2,] 19.74387 12.570539  2.792073 32.314410 1.602033
 [3,] 32.31441  1.602033 19.743871 12.570539 2.792073
 [4,] 19.74387 32.314410 12.570539  1.602033 2.792073
 [5,] 19.92314 32.370747 12.447610  1.601752 2.799100
 [6,] 19.67671 32.278082 12.601372  1.602481 2.793203
 [7,] 19.67676 32.278095 12.601332  1.602481 2.793202
 [8,] 19.68151 12.598977  2.792593 32.280486 1.602672
 [9,] 32.28049  1.602672 19.681509 12.598977 2.792593
[10,] 19.70128 32.284700 12.583420  1.602524 2.792757
[11,] 19.75189 32.312579 12.560690  1.602272 2.793544
[12,] 19.79452 32.336918 12.542396  1.602079 2.794452

$Refset$penalty
 [1] 0 0 0 0 0 0 0 0 0 0 0 0


