$f
 [1] 2284.5260 1197.8021 1064.7188  960.1753  932.9271  898.8715  736.3420  641.0035  614.9670
[10]  544.6979  510.2535  426.5642  385.9288  382.7882  372.5885  335.0729  309.9392  308.4097
[19]  307.9201  296.8542  291.0747  282.3715  261.8403  247.8021  245.3663  231.8056  230.9844
[28]  230.7569  230.4549  229.5434  225.7986  219.3507  216.4618  215.8351  215.1372  214.7882
[37]  214.7708  214.4392  214.2396  214.0573  213.9010  213.9010

$x
           [,1]     [,2]      [,3]     [,4]     [,5]     [,6]     [,7]     [,8]     [,9]
xbest 10.474368 216.0703 0.7042271 23.15322 284.8144 37.24124 35.87358 3.881578 6.112433
xbest  8.095288 452.4500 0.2118259 15.29397 285.0783 36.48853 32.37128 6.307943 4.835279
xbest  8.095288 472.4500 0.1612009 15.66897 285.0783 35.68853 32.37128 6.307943 4.635279
xbest 10.480313 474.1312 0.1832975 15.17785 286.4260 42.53531 31.02428 5.975643 4.840125
xbest 11.071052 479.0509 0.1838284 15.00000 286.8215 48.00000 30.18616 5.664458 4.705560
xbest 10.965293 480.1345 0.1844500 15.00010 286.8227 47.97881 30.04891 6.216290 4.827529
xbest 11.099308 472.7208 0.1683810 16.64700 286.6270 45.26663 29.86324 6.356621 3.784307
xbest 11.072936 476.3105 0.1897275 16.50847 286.7900 45.44933 29.86227 6.349937 4.493469
xbest 11.926300 484.2252 0.1347114 15.70992 286.6366 46.34700 28.52465 6.623109 3.231386
xbest 12.242445 455.7316 0.4512888 17.74434 286.6209 46.41868 25.99552 6.621657 3.327653
xbest 12.432388 464.9842 0.6064902 17.64723 286.6221 46.41348 25.71531 6.620694 3.341356
xbest 12.466548 489.8753 0.2583403 15.78852 286.7436 47.35066 25.74525 6.525241 3.328810
xbest 12.419673 460.0000 0.1683403 15.78852 286.7448 47.35066 25.74525 6.525241 3.328810
xbest 12.041667 454.3407 0.2561755 16.90308 286.7011 45.32474 25.79427 6.525161 3.816428
xbest 11.296871 455.4542 0.2527710 17.09608 286.6513 42.93997 27.95302 6.513304 4.147465
xbest 11.712714 453.0336 0.2505107 16.99024 286.6735 44.85059 25.87336 6.511319 3.858512
xbest 11.695136 450.2211 0.2392607 17.00196 286.7087 44.85059 25.87336 6.498819 3.833512
xbest 12.201246 451.1945 0.2821281 17.06342 286.8146 47.80990 25.54836 6.446882 3.513625
xbest 12.201246 451.1945 0.2821281 17.06342 286.8146 47.80990 25.54836 6.446882 3.516750
xbest 11.357978 447.4070 0.2841000 17.65449 286.7454 47.03766 25.54601 6.546877 4.046088
xbest 11.361494 447.4055 0.2833097 17.65440 286.7400 47.04148 25.54630 6.548440 4.041718
xbest 11.361494 447.4055 0.3283097 17.66612 286.7400 47.04148 25.46505 6.548440 3.966718
xbest 12.158526 399.5454 0.2751654 19.23613 286.7517 47.22093 25.56989 6.418073 3.499273
xbest 12.158526 399.5454 0.2742332 19.23613 286.8080 47.20326 25.89489 6.418073 3.466127
xbest 12.156803 401.9982 0.2716152 18.82970 286.7793 47.44454 25.55077 6.426906 3.601147
xbest 12.156803 402.5451 0.2941152 18.85313 286.7887 47.44454 25.63202 6.426906 3.638647
xbest 12.215301 389.2580 0.2641475 19.09699 286.7824 47.45649 25.60600 6.424499 3.612975
xbest 12.215301 389.2580 0.2642354 19.09699 286.7824 47.45649 25.60600 6.424499 3.612975
xbest 12.204060 389.3668 0.2686551 19.11373 286.7798 47.44300 25.60425 6.424576 3.610685
xbest 12.284258 360.8124 0.2794883 20.28130 286.7839 47.49506 25.48909 6.430909 3.596501
xbest 12.298733 359.3126 0.2859286 20.27933 286.7836 47.50074 25.51887 6.431996 3.591406
xbest 12.339083 323.7633 0.2830970 21.75927 286.7868 47.50215 25.43273 6.436554 3.588279
xbest 12.339779 330.0347 0.2864704 21.51186 286.7880 47.50354 25.42759 6.436678 3.593216
xbest 12.339779 330.0347 0.2864704 21.51186 286.7880 47.50354 25.42759 6.436678 3.596341
xbest 12.319124 327.2122 0.2774318 21.57178 286.7820 47.44292 25.62308 6.426871 3.619728
xbest 12.319124 327.1926 0.2774318 21.57178 286.7820 47.44292 25.62308 6.426871 3.619728
xbest 12.287688 346.3528 0.2921248 20.91830 286.7812 47.45352 25.61340 6.429603 3.557259
xbest 12.287688 346.3528 0.2921248 20.91830 286.7812 47.45352 25.61340 6.429603 3.551009
xbest 12.279721 346.8210 0.2953230 20.85805 286.7811 47.45232 25.60520 6.429054 3.613819
xbest 12.279721 346.8405 0.2953230 20.85768 286.7811 47.45232 25.60520 6.429054 3.613819
xbest 12.342516 341.7443 0.2886487 20.97677 286.7813 47.45338 25.61133 6.429493 3.608089
xbest 12.342516 341.7443 0.2886487 20.97677 286.7813 47.45338 25.61133 6.429493 3.608089
         [,10]
xbest 3.234027
xbest 3.248718
xbest 3.248718
xbest 2.030772
xbest 2.021776
xbest 2.245249
xbest 2.268984
xbest 2.237986
xbest 2.183987
xbest 2.190344
xbest 2.189317
xbest 1.676423
xbest 1.676423
xbest 1.637836
xbest 1.594565
xbest 1.291416
xbest 1.267666
xbest 1.486572
xbest 1.486572
xbest 1.627933
xbest 1.623932
xbest 1.623932
xbest 1.541746
xbest 1.541746
xbest 1.531828
xbest 1.531828
xbest 1.537278
xbest 1.538020
xbest 1.539045
xbest 1.530227
xbest 1.531855
xbest 1.525301
xbest 1.525266
xbest 1.525266
xbest 1.538027
xbest 1.538027
xbest 1.531678
xbest 1.531678
xbest 1.534762
xbest 1.534762
xbest 1.531515
xbest 1.531515

$time
elapsed elapsed elapsed elapsed elapsed elapsed elapsed elapsed elapsed elapsed elapsed elapsed 
   1.26    3.53    5.25    7.33   11.45   13.69   15.81   18.06   20.48   22.70   24.84   26.97 
elapsed elapsed elapsed elapsed elapsed elapsed elapsed elapsed elapsed elapsed elapsed elapsed 
  28.22   36.03   42.70   44.86   53.34   91.28   92.37   94.44  111.45  115.17  150.22  151.76 
elapsed elapsed elapsed elapsed elapsed elapsed elapsed elapsed elapsed elapsed elapsed elapsed 
 182.89  184.39  212.28  213.53  215.50  217.50  221.69  224.03  235.53  236.50  284.51  285.64 
elapsed elapsed elapsed elapsed elapsed elapsed 
 372.19  373.33  385.45  399.09  491.01  513.28 

$neval
 [1]   106   254   363   510   798   938  1079  1220  1359  1499  1643  1781  1872  2289  2705
[16]  2840  3371  5689  5762  5899  6984  7213  8854  8961 10871 10982 12755 12834 12978 13116
[31] 13393 13538 14233 14306 17282 17356 22521 22595 23272 24027 28929 30074

$fbest
[1] 213.901

$xbest
 [1]  12.3425155 341.7443210   0.2886487  20.9767692 286.7812669  47.4533825  25.6113284
 [8]   6.4294929   3.6080892   1.5315154

$numeval
[1] 30074

$end_crit
[1] 1

$cpu_time
elapsed 
 513.28 

$Refset
$Refset$x
           [,1]        [,2]        [,3]      [,4]       [,5]      [,6]       [,7]       [,8]
 [1,]  12.34252   0.2886487 286.7812669 25.611328   3.608089  12.34252  0.2886487 286.781267
 [2,] 341.74432  20.9767692  47.4533825  6.429493   1.531515 341.74432 20.9767692  47.453383
 [3,]  12.34252 341.7443210   0.2886487 20.976769 286.781267  47.45338 25.6113284   6.429493
 [4,]  12.35721 341.2770719   0.2886572 20.962418 286.782523  47.45302 25.6193094   6.429175
 [5,]  12.27275 345.3346721   0.2887075 21.030835 286.781311  47.45426 25.6097382   6.429902
 [6,]  12.31580 343.3399053   0.2896678 20.971792 286.781032  47.45236 25.6101402   6.429232
 [7,]  12.37177 340.4802584   0.2884475 20.990576 286.779928  47.45152 25.6104084   6.428374
 [8,]  12.25534 344.4591199   0.2885790 20.921519 286.782054  47.45184 25.6272786   6.429236
 [9,]  12.30248 344.2023711   0.2910727 20.904905 286.781824  47.45027 25.6115862   6.428923
[10,]  12.28129 345.8343071   0.2887076 20.899812 286.781456  47.45390 25.6125601   6.429697
[11,]  12.35917 342.0286829   0.2888398 20.970465 286.782848  47.45174 25.6172405   6.429430
[12,]  12.26644 342.7714764   0.2886581 20.860071 286.778454  47.46585 25.6283927   6.632016
           [,9]    [,10]
 [1,] 25.611328 3.608089
 [2,]  6.429493 1.531515
 [3,]  3.608089 1.531515
 [4,]  3.621771 1.531837
 [5,]  3.484393 1.533313
 [6,]  3.588108 1.533372
 [7,]  3.617713 1.532976
 [8,]  3.626384 1.533392
 [9,]  3.625826 1.534074
[10,]  3.568226 1.532102
[11,]  3.566963 1.531482
[12,]  3.579745 1.534951

$Refset$f
 [1] 213.9010 213.9010 213.9010 214.0799 214.4097 214.4948 214.6424 214.6962 214.8090 214.9132
[11] 216.3142 259.2517

$Refset$fpen
 [1] 213.9010 213.9010 213.9010 214.0799 214.4097 214.4948 214.6424 214.6962 214.8090 214.9132
[11] 216.3142 259.2517

$Refset$const
          [,1]     [,2]      [,3]      [,4]     [,5]
 [1,] 17.36868 15.02323  2.406881 32.391911 1.513640
 [2,] 32.39191  1.51364 17.368680 15.023231 2.406881
 [3,] 17.36868 32.39191 15.023231  1.513640 2.406881
 [4,] 17.34065 32.37823 15.037582  1.513514 2.407758
 [5,] 17.54644 32.51561 14.969165  1.513639 2.406786
 [6,] 17.38368 32.41189 15.028208  1.513663 2.406765
 [7,] 17.37286 32.38229 15.009424  1.513764 2.406416
 [8,] 17.29513 32.37362 15.078481  1.513546 2.408053
 [9,] 17.27908 32.37417 15.095095  1.513586 2.407180
[10,] 17.33159 32.43177 15.100188  1.513621 2.406998
[11,] 17.40350 32.43304 15.029535  1.513485 2.407798
[12,] 17.28033 32.42025 15.139929  1.513888 2.406446

$Refset$penalty
 [1] 0 0 0 0 0 0 0 0 0 0 0 0


