$f
 [1] 1940.1632 1360.3750 1181.9965 1108.6667 1102.5104 1085.9010 1044.3455  947.4635  944.1337
[10]  914.2500  913.9375  913.3108  912.3455  912.1042  904.1597  880.9670  878.4687  874.4670
[19]  871.2031  869.5069  869.5069

$x
          [,1]     [,2]      [,3]     [,4]     [,5]     [,6]     [,7]     [,8]     [,9]    [,10]
xbest 28.43288 107.9573 0.4249248 16.09197 286.3627 37.53789 33.06728 2.478749 3.933799 4.612871
xbest 35.00000 108.3970 0.1000000 15.52845 286.6310 37.79048 24.19337 4.498435 2.000000 4.992953
xbest 35.00000 128.3970 0.1000000 15.52845 286.6334 37.59048 24.19337 4.498435 2.050000 5.000000
xbest 29.28259 201.5430 0.1011494 17.08947 286.5523 37.41926 24.11517 3.983794 2.360363 4.004267
xbest 28.57755 219.6778 0.1004783 16.79376 286.6234 37.39908 24.15518 3.880308 2.274837 3.961868
xbest 33.85421 141.8432 0.1000000 17.33088 286.6115 35.97953 24.18531 4.688106 3.498787 4.964028
xbest 26.72981 150.8456 0.2057428 19.02484 286.4952 35.03189 25.37705 5.731052 5.907582 3.049397
xbest 26.72653 130.8456 0.4757428 18.98175 286.5046 35.03189 25.36570 5.727558 6.012398 3.037522
xbest 24.06047 199.0246 0.1348597 20.82804 286.5399 36.14000 24.53210 6.631416 3.509030 3.798177
xbest 24.06047 199.6496 0.1348597 20.81632 286.5586 36.14000 24.46100 6.631416 3.537155 3.798177
xbest 26.99937 187.1865 0.1432825 18.92959 286.5252 34.81869 25.20915 5.754759 3.769146 3.690774
xbest 26.99937 187.1865 0.1432825 18.92959 286.5252 34.81869 25.20915 5.754759 3.766021 3.690774
xbest 27.08081 186.6952 0.1405134 18.34733 286.5176 34.82145 25.23220 5.749417 4.232408 3.628667
xbest 27.08373 186.6952 0.1405134 18.34733 286.5176 34.82145 25.23220 5.749417 4.232408 3.628667
xbest 26.71241 166.8779 0.1428703 18.92929 286.5058 34.86087 25.28091 6.765077 4.220983 3.606060
xbest 26.71241 165.9940 0.1428703 18.92929 286.5433 34.86087 25.60591 6.765077 4.291694 3.606060
xbest 26.69384 168.6088 0.1416631 18.91493 286.5040 34.93859 25.28925 6.765750 4.186544 3.624470
xbest 26.69882 167.7580 0.1406172 18.91883 286.5039 34.92651 25.29053 6.765321 4.209562 3.627148
xbest 26.70353 167.7082 0.1398768 18.92286 286.5039 34.92540 25.29068 6.765388 4.217069 3.627020
xbest 26.70353 167.7082 0.1398768 18.92286 286.5039 34.92540 25.25005 6.765388 4.217069 3.629989
xbest 26.70353 167.7082 0.1398768 18.92286 286.5039 34.92540 25.25005 6.765388 4.217069 3.629989

$time
elapsed elapsed elapsed elapsed elapsed elapsed elapsed elapsed elapsed elapsed elapsed elapsed 
   1.95    5.54    7.67   20.53   27.53   30.79   40.43   44.18  136.58  139.00  261.75  264.18 
elapsed elapsed elapsed elapsed elapsed elapsed elapsed elapsed elapsed 
 342.84  344.43  396.93  398.93  402.50  409.39  419.89  434.93  738.31 

$neval
 [1]   106   262   357   926  1202  1344  1758  1895  5564  5669 10707 10781 13913 13986 16024
[16] 16114 16254 16527 16934 17549 30052

$fbest
[1] 869.5069

$xbest
 [1]  26.7035296 167.7082119   0.1398768  18.9228632 286.5039098  34.9253964  25.2500547
 [8]   6.7653877   4.2170687   3.6299892

$numeval
[1] 30052

$end_crit
[1] 1

$cpu_time
elapsed 
 738.31 

$Refset
$Refset$x
          [,1]     [,2]      [,3]     [,4]     [,5]     [,6]     [,7]     [,8]     [,9]    [,10]
 [1,] 15.23701 395.0177 0.6437697 19.76907 284.5581 33.03219 45.19780 5.815371 3.513182 2.886691
 [2,] 27.31031 194.0385 0.1369924 18.63249 286.5136 34.77259 25.24102 5.750544 3.311844 3.573901
 [3,] 27.36626 193.9532 0.1354931 18.63440 286.5189 34.79327 25.25478 5.749686 3.284493 3.563361
 [4,] 27.27309 194.2622 0.1387275 18.69073 286.5187 34.80137 25.26470 5.749587 3.262262 3.562379
 [5,] 27.30570 194.2800 0.1372790 18.64195 286.5190 34.78186 25.25840 5.749709 3.286534 3.565481
 [6,] 27.36634 194.0060 0.1353959 18.63212 286.5189 34.80119 25.25686 5.750166 3.280537 3.564210
 [7,] 27.29017 194.4834 0.1373624 18.66722 286.5195 34.80828 25.25248 5.749679 3.273971 3.593126
 [8,] 27.32200 194.3851 0.1374025 18.64893 286.5195 34.81882 25.25996 5.749911 3.268196 3.624122
 [9,] 27.22910 193.8202 0.1392268 18.63209 286.5171 34.79309 25.25653 5.750391 3.385046 3.555151
[10,] 27.03816 202.4520 0.1347070 17.93576 286.5165 34.83224 25.20658 5.769897 3.519452 3.565203
[11,] 27.03631 201.2372 0.1373135 18.01768 286.5164 34.82949 25.21829 5.769881 3.497438 3.565423
[12,] 27.32857 191.5240 0.1384495 18.32777 286.4615 34.32115 24.97986 5.571739 3.412401 3.490157

$Refset$f
 [1] 762104.3056    899.7639    900.1042    900.5538    900.5590    899.7240    900.5087
 [8]    901.3125    901.5885    906.7656    907.4913   1068.4566

$Refset$fpen
 [1] 7147305.2632     899.7639     900.1042     900.5538     900.5590     899.7240     900.5087
 [8]     901.3125     901.5885     906.7656     907.4913    1068.4566

$Refset$const
          [,1]     [,2]     [,3]     [,4]     [,5]
 [1,] 16.25589 32.48682 16.23093 1.565293 9.885201
 [2,] 15.32065 32.68816 17.36751 1.522580 2.841655
 [3,] 15.34991 32.71551 17.36560 1.521956 2.843625
 [4,] 15.42847 32.73774 17.30927 1.521955 2.843953
 [5,] 15.35542 32.71347 17.35805 1.521892 2.844792
 [6,] 15.35158 32.71946 17.36788 1.521967 2.843294
 [7,] 15.39325 32.72603 17.33278 1.521934 2.842641
 [8,] 15.38073 32.73180 17.35107 1.521938 2.842611
 [9,] 15.24704 32.61495 17.36791 1.522153 2.843120
[10,] 14.41630 32.48055 18.06424 1.522560 2.835498
[11,] 14.52024 32.50256 17.98232 1.522516 2.836740
[12,] 14.91537 32.58760 17.67223 1.528447 2.827878

$Refset$penalty
 [1] 6.385201 0.000000 0.000000 0.000000 0.000000 0.000000 0.000000 0.000000 0.000000 0.000000
[11] 0.000000 0.000000


