$f
 [1] 1728.6007 1449.1701 1191.0920 1067.5122 1059.7066 1057.7674 1018.2552  975.1215  869.8646
[10]  865.5972  853.9375  848.0226  847.3976  842.9358  842.6163  838.1389  832.8125  830.8698
[19]  829.1042  827.1892  825.8003  824.8611  823.2153  821.3212  820.6597  820.4028  817.0729
[28]  815.8472  814.0295  813.4358  809.0122  806.0764  796.4375  790.8976  789.5712  774.3924
[37]  747.8976  715.6962  695.2188  694.4323

$x
           [,1]     [,2]      [,3]     [,4]     [,5]     [,6]     [,7]     [,8]     [,9]
xbest 13.378354 162.6195 0.3721621 19.25556 286.1179 46.89219 33.30680 3.349558 5.878695
xbest  6.930147 223.3106 0.8461788 21.43935 285.2953 35.66027 35.04891 6.722109 5.523800
xbest  6.953584 253.3106 1.0000000 21.43642 285.2953 35.66027 35.13016 6.722109 5.623800
xbest  6.554827 283.6189 0.9846806 21.37799 285.2491 42.99886 35.12670 6.123739 4.108342
xbest 17.523001 122.0593 0.5968903 20.82524 285.9840 38.32884 27.40180 5.732473 5.078622
xbest  6.822067 263.7506 0.5182114 22.17977 285.2495 37.98272 34.86873 6.165867 4.142356
xbest  6.541047 285.7544 0.9630290 21.25430 285.2524 43.52988 34.65998 6.105169 4.226697
xbest  5.436840 295.6038 0.8389172 19.18258 285.3120 46.95788 35.56857 6.426748 5.559951
xbest  5.227209 295.9532 0.7948946 19.37008 285.3120 47.75788 35.56857 6.426748 5.673926
xbest  6.916057 280.2161 0.9552035 21.36214 285.5477 43.87623 33.99424 6.158353 4.852179
xbest  6.916057 280.2161 0.9552035 21.36214 285.5290 43.50123 33.99424 6.158353 4.852179
xbest  7.470344 276.3252 0.8053414 20.97906 285.5745 44.31245 34.04730 6.205750 4.452360
xbest  7.497115 274.7989 0.8239838 20.97097 285.5448 44.28313 33.88846 6.217503 4.615027
xbest  7.497115 274.7989 0.8239838 20.97097 285.5448 44.38313 33.88846 6.217503 4.627527
xbest  7.455636 275.5286 0.8506993 21.00819 285.5455 44.24993 33.91893 6.212142 4.527518
xbest  7.455636 275.5286 0.9181993 21.00819 285.5455 44.24993 33.91893 6.212142 4.552518
xbest  7.441573 275.6599 0.8523184 20.99961 285.5453 44.23335 33.95485 6.212288 4.537258
xbest  7.688697 259.5328 0.8254889 21.13308 285.5359 43.93525 33.92375 6.209744 4.586283
xbest  7.700611 256.8205 0.8262243 21.27714 285.5354 43.88958 33.93248 6.209631 4.584467
xbest  7.709401 256.8205 0.8262243 21.27714 285.5354 43.88958 33.93248 6.209631 4.584467
xbest  7.480920 264.3338 0.8610031 21.45310 285.5607 44.30974 34.09729 6.210253 4.604504
xbest  7.480920 264.3338 0.8610031 21.45310 285.5607 44.30974 34.09729 6.210253 4.601379
xbest  7.485736 264.7844 0.8772832 21.45121 285.5564 44.30141 34.05554 6.209732 4.620932
xbest  7.489241 263.6069 0.8955360 21.48064 285.5585 44.32505 34.08327 6.209270 4.674842
xbest  7.484374 262.2381 0.8731842 21.58604 285.5651 44.29773 34.09369 6.209790 4.619800
xbest  7.490846 254.4038 0.9107489 21.72394 285.5642 44.33851 34.08378 6.205974 4.852514
xbest  7.494391 251.5549 0.8794497 22.10103 285.5699 44.36566 34.13004 6.208926 4.658203
xbest  7.494125 250.5854 0.8859495 22.24799 285.5703 44.36471 34.14406 6.210063 4.539876
xbest  7.633490 240.3682 0.9545833 22.45804 285.5413 44.17424 33.82430 6.207410 4.622929
xbest  7.491889 248.5576 0.8693675 22.07503 285.5657 44.35999 34.09366 6.209945 4.623635
xbest  7.494224 244.4591 0.9047826 22.37898 285.5686 44.36771 34.12893 6.210263 4.574003
xbest  7.845043 232.4983 1.0000000 23.23092 285.5363 44.10605 33.83472 6.207734 4.407028
xbest  7.845043 232.4983 1.0000000 23.04635 285.5363 44.10605 33.83472 6.207734 4.394528
xbest  7.896443 220.6805 0.9327214 23.13615 285.5430 44.00446 33.88267 6.212281 4.634614
xbest  7.681630 214.1105 0.8924500 23.03182 285.5498 44.23997 33.99077 6.209480 5.319419
xbest  7.780753 197.3851 0.8932043 23.02426 285.5400 44.20919 33.96912 6.209362 5.967913
xbest  7.924831 163.1202 0.8942688 23.17147 285.5401 44.20863 33.98018 6.208972 6.997577
xbest  8.281504 105.6476 0.8967872 23.52313 285.5309 44.14229 33.96558 6.208787 9.218458
xbest  8.281504 105.6476 0.8742872 23.52313 285.5309 44.14229 33.80308 6.208787 9.218458
xbest  8.281504 105.6476 0.8967872 23.52313 285.5309 44.14229 33.80308 6.208787 9.218458
         [,10]
xbest 3.062612
xbest 4.063622
xbest 4.158622
xbest 3.580850
xbest 3.811242
xbest 3.462371
xbest 3.498860
xbest 3.202323
xbest 3.202323
xbest 3.478499
xbest 3.395374
xbest 3.454150
xbest 3.427762
xbest 3.439637
xbest 3.443567
xbest 3.443567
xbest 3.440808
xbest 3.450720
xbest 3.454921
xbest 3.454921
xbest 3.428852
xbest 3.428852
xbest 3.428066
xbest 3.426502
xbest 3.430034
xbest 3.424868
xbest 3.421251
xbest 3.420951
xbest 3.442047
xbest 3.425904
xbest 3.414165
xbest 3.453418
xbest 3.453418
xbest 3.429165
xbest 3.434719
xbest 3.459576
xbest 3.468766
xbest 3.482222
xbest 3.470347
xbest 3.470347

$time
elapsed elapsed elapsed elapsed elapsed elapsed elapsed elapsed elapsed elapsed elapsed elapsed 
   1.22    3.12    4.47    7.97    9.65   12.89   14.57   18.48   23.03   58.48   59.64   73.04 
elapsed elapsed elapsed elapsed elapsed elapsed elapsed elapsed elapsed elapsed elapsed elapsed 
  76.20   77.22   96.51   97.51   99.14  108.90  113.75  114.62  146.09  146.95  154.12  155.72 
elapsed elapsed elapsed elapsed elapsed elapsed elapsed elapsed elapsed elapsed elapsed elapsed 
 157.42  159.09  160.73  162.32  168.18  175.56  177.20  180.45  183.17  189.84  193.03  195.34 
elapsed elapsed elapsed elapsed 
 196.98  198.59  201.20  369.18 

$neval
 [1]   106   260   377   668   810  1081  1223  1496  1879  4839  4936  6027  6295  6380  7870
[16]  7957  8093  8915  9319  9395 11974 12048 12595 12732 12872 13011 13147 13281 13756 14298
[31] 14433 14703 14928 15486 15758 15899 16036 16170 16389 30126

$fbest
[1] 694.4323

$xbest
 [1]   8.2815043 105.6476403   0.8967872  23.5231328 285.5308965  44.1422908  33.8030754
 [8]   6.2087869   9.2184577   3.4703473

$numeval
[1] 30126

$end_crit
[1] 1

$cpu_time
elapsed 
 369.18 

$Refset
$Refset$x
          [,1]     [,2]      [,3]     [,4]     [,5]     [,6]     [,7]     [,8]     [,9]    [,10]
 [1,] 7.875424 194.7585 0.8962995 23.56616 285.5386 44.00085 33.83667 6.216604 5.382423 3.410512
 [2,] 7.819680 200.1404 0.8949615 23.38228 285.5394 43.98655 33.84301 6.216143 5.324259 3.408355
 [3,] 7.823040 199.9176 0.8973172 23.39972 285.5386 44.00056 33.85325 6.216504 5.321309 3.410191
 [4,] 7.818532 193.9142 0.9003367 23.70279 285.5386 44.00677 33.87083 6.216585 5.345547 3.408247
 [5,] 7.823592 193.2433 0.8967221 23.65344 285.5368 43.99269 33.84810 6.216313 5.401306 3.411806
 [6,] 7.818626 195.8464 0.8965318 23.54977 285.5395 44.00693 33.85601 6.216626 5.377234 3.411810
 [7,] 7.817032 194.5313 0.9226869 23.64185 285.5367 44.00403 33.85486 6.216428 5.371317 3.411282
 [8,] 7.820305 192.4867 0.9008956 23.77733 285.5354 43.99360 33.84857 6.217935 5.362910 3.411324
 [9,] 7.749548 207.5378 0.8770537 23.06243 285.5421 43.96238 33.91601 6.217043 5.261709 3.406341
[10,] 7.825252 200.1054 0.8999684 23.47075 285.5405 44.00882 33.86322 6.216616 5.258704 3.406556
[11,] 7.823491 200.0432 0.8999868 23.43594 285.5391 44.00328 33.86513 6.216542 5.288285 3.408975
[12,] 7.826736 207.0753 0.8998554 23.08101 285.5383 44.00173 33.86492 6.216989 5.249052 3.411744

$Refset$f
 [1] 745.1771 750.3142 752.4427 756.2257 756.5139 755.3021 757.2674 757.3420 760.2101 749.4931
[11] 749.7431 761.3715

$Refset$fpen
 [1] 745.1771 750.3142 752.4427 756.2257 756.5139 755.3021 757.2674 757.3420 760.2101 749.4931
[11] 749.7431 761.3715

$Refset$const
          [,1]     [,2]     [,3]     [,4]     [,5]
 [1,] 18.18374 30.61758 12.43384 1.636572 2.674892
 [2,] 18.05802 30.67574 12.61772 1.636453 2.676336
 [3,] 18.07841 30.67869 12.60028 1.636556 2.676101
 [4,] 18.35725 30.65445 12.29721 1.636547 2.677016
 [5,] 18.25214 30.59869 12.34656 1.636784 2.675727
 [6,] 18.17254 30.62277 12.45023 1.636448 2.676157
 [7,] 18.27054 30.62868 12.35815 1.636792 2.675575
 [8,] 18.41442 30.63709 12.22267 1.636963 2.675370
 [9,] 17.80072 30.73829 12.93757 1.636056 2.683539
[10,] 18.21204 30.74130 12.52925 1.636317 2.676813
[11,] 18.14765 30.71171 12.56406 1.636482 2.676930
[12,] 17.83196 30.75095 12.91899 1.636590 2.676792

$Refset$penalty
 [1] 0 0 0 0 0 0 0 0 0 0 0 0


