$f
 [1] 1874.4983 1132.1285  880.5556  878.1649  755.9722  680.7569  661.6580  621.1042  612.7587
[10]  600.2517  574.7726  571.2101  542.5694  540.6979  540.1823  537.8524  537.2899  536.9340
[19]  536.2951  536.0035  535.1198  535.1007  534.9583  534.3976  534.3264  534.1458  514.8611
[28]  496.6667  494.8906  455.7448  446.8281  431.1059  414.7986  410.1892  408.8194  405.6892
[37]  405.6892

$x
           [,1]     [,2]      [,3]     [,4]     [,5]     [,6]     [,7]     [,8]     [,9]
xbest  9.498268 412.5231 0.1791356 18.77301 285.6175 31.61266 28.92270 5.939460 3.484631
xbest 11.370806 409.0199 0.1852089 18.57323 285.9889 34.89698 27.28927 7.512695 2.839863
xbest 11.183306 449.0199 0.1795839 18.19823 285.9889 34.89698 27.28927 7.500195 2.596113
xbest 12.973068 465.7781 0.2257604 16.78968 286.0456 36.27262 25.86304 7.151684 2.586601
xbest 12.802350 408.9781 0.2413706 18.88958 286.0288 35.24441 26.64955 7.134891 3.063639
xbest 11.668364 435.2540 0.2292229 18.75189 285.9801 35.21468 26.33014 6.406248 2.462431
xbest 11.668364 435.2540 0.2067229 18.75189 285.9801 35.61468 26.33014 6.406248 2.389774
xbest 12.264093 419.0539 0.1876924 18.27723 285.9410 32.52072 26.44144 6.491664 3.397254
xbest 12.264093 419.0539 0.1651924 18.27723 285.9410 32.52072 26.44144 6.491664 3.397254
xbest 11.237416 413.8443 0.2045036 18.72393 286.1663 35.15794 27.41662 6.870609 2.799416
xbest 11.237416 433.8443 0.2041520 18.34893 286.1674 35.15794 27.41662 6.870609 2.824416
xbest 10.969364 424.4226 0.2129902 18.45259 285.9920 34.65101 26.66672 6.671929 2.952436
xbest 10.967899 445.6726 0.2101777 18.07759 285.9920 34.65101 26.66672 6.671929 3.027436
xbest 11.246284 415.6670 0.2042065 18.57318 285.9940 34.92571 26.49587 6.944483 2.971452
xbest 11.246284 415.6670 0.2041186 18.57318 285.9940 34.92571 26.49587 6.944483 2.968327
xbest 11.271866 416.0429 0.2137782 18.61054 285.9966 34.93894 26.51558 6.942630 2.943067
xbest 11.265951 415.9638 0.2091534 18.64398 285.9955 34.91342 26.49536 6.939601 2.932719
xbest 11.265951 415.9638 0.2091534 18.64398 285.9955 34.91342 26.49536 6.939601 2.935844
xbest 11.266920 415.8099 0.2095525 18.64951 285.9956 34.94588 26.48620 6.941401 2.913290
xbest 11.268453 415.5331 0.2098335 18.65359 285.9949 34.93906 26.48081 6.941247 2.931941
xbest 11.268222 415.3394 0.2102138 18.65296 285.9948 34.94527 26.47741 6.941969 2.931628
xbest 11.267802 415.3472 0.2101052 18.65169 285.9947 34.94138 26.48336 6.943350 2.931959
xbest 11.272268 415.1332 0.2104715 18.65069 285.9946 34.94203 26.48035 6.943289 2.933701
xbest 11.274976 415.0115 0.2105686 18.64913 285.9945 34.94084 26.48046 6.943775 2.934335
xbest 11.266375 414.6591 0.2111814 18.66147 285.9948 34.94470 26.47514 6.944425 2.942830
xbest 11.256072 415.0156 0.2116183 18.66220 285.9949 34.94474 26.47506 6.944410 2.944175
xbest 11.934025 443.8506 0.2218326 17.36900 286.6584 42.34128 25.32352 7.334038 2.096621
xbest 11.934025 443.8506 0.1761294 17.39244 286.6584 42.34128 25.32352 7.334038 2.109121
xbest 11.864350 441.0009 0.2110590 17.10729 286.6826 42.58373 25.19502 7.313866 2.177550
xbest 11.860444 441.2180 0.2100559 17.10010 286.7049 42.63592 25.13374 7.314257 2.204462
xbest 11.626260 442.2563 0.2054558 17.44529 286.6862 42.69966 25.13964 7.313194 2.195673
xbest 11.626260 442.2563 0.1604558 17.44529 286.6862 42.69966 25.05839 7.313194 2.195673
xbest 11.776910 442.6123 0.2048583 17.65694 286.6548 41.99729 25.24976 7.289578 2.105853
xbest 11.870660 442.6123 0.2048583 17.65694 286.6548 41.99729 25.24976 7.289578 2.080853
xbest 11.699140 453.3748 0.2199616 17.49716 286.6475 41.87492 25.31044 7.286779 2.078056
xbest 11.699140 453.5310 0.2206647 17.49716 286.6498 41.87492 25.31044 7.286779 2.079618
xbest 11.699140 453.5310 0.2206647 17.49716 286.6498 41.87492 25.31044 7.286779 2.079618
         [,10]
xbest 4.130692
xbest 4.612909
xbest 4.707909
xbest 4.534867
xbest 4.099936
xbest 2.479205
xbest 2.526705
xbest 2.293350
xbest 2.293350
xbest 1.858009
xbest 1.858009
xbest 1.909976
xbest 1.909976
xbest 1.867194
xbest 1.867194
xbest 1.870337
xbest 1.871333
xbest 1.871333
xbest 1.869477
xbest 1.869964
xbest 1.869984
xbest 1.869895
xbest 1.870147
xbest 1.870179
xbest 1.868982
xbest 1.868857
xbest 2.295384
xbest 2.289447
xbest 2.102974
xbest 2.054524
xbest 2.050051
xbest 2.055988
xbest 2.160214
xbest 2.160214
xbest 2.176481
xbest 2.176481
xbest 2.176481

$time
elapsed elapsed elapsed elapsed elapsed elapsed elapsed elapsed elapsed elapsed elapsed elapsed 
   2.07    5.32    8.41   24.41   27.32   36.94   41.97   63.40   73.71  138.49  141.21  156.00 
elapsed elapsed elapsed elapsed elapsed elapsed elapsed elapsed elapsed elapsed elapsed elapsed 
 172.18  281.04  282.77  297.63  312.72  314.30  411.68  418.83  421.60  430.93  433.72  436.69 
elapsed elapsed elapsed elapsed elapsed elapsed elapsed elapsed elapsed elapsed elapsed elapsed 
 453.69  474.93  521.69  523.74  541.72  544.77  554.27  556.10  621.16  623.04  655.40  657.65 
elapsed 
 668.60 

$neval
 [1]   106   263   406  1127  1264  1683  1923  2870  3346  6313  6406  7093  7872 12779 12859
[16] 13536 14208 14281 18706 19047 19183 19592 19728 19864 20607 21559 23664 23760 24578 24714
[31] 25122 25206 27928 28013 29517 29621 30038

$fbest
[1] 405.6892

$xbest
 [1]  11.6991403 453.5310080   0.2206647  17.4971603 286.6498448  41.8749215  25.3104411
 [8]   7.2867795   2.0796181   2.1764815

$numeval
[1] 30038

$end_crit
[1] 1

$cpu_time
elapsed 
  668.6 

$Refset
$Refset$x
            [,1]       [,2]        [,3]      [,4]       [,5]       [,6]      [,7]       [,8]
 [1,] 453.531008  17.497160  41.8749215  7.286779   2.176481 453.531008 17.497160  41.874922
 [2,]   7.286779   2.176481 453.5310080 17.497160  41.874922   7.286779  2.176481 453.531008
 [3,]  11.698874 453.313832   0.2198222 17.492825 286.648284  41.882880 25.304964   7.286678
 [4,]  11.662308 454.165171   0.2189742 17.500180 286.648310  41.894110 25.293892   7.286669
 [5,]  11.678688 453.407962   0.2194620 17.525605 286.649284  41.905548 25.309539   7.286544
 [6,]  11.721900 454.629709   0.2165478 17.418095 286.654415  41.892977 25.338563   7.287502
 [7,]  11.736807 454.371400   0.2140179 17.331121 286.653468  41.928340 25.292335   7.284914
 [8,]  11.726200 454.205441   0.2142450 17.387420 286.649479  41.924984 25.260701   7.283342
 [9,]  11.886577 445.013914   0.1682638 17.308197 286.685372  44.407772 24.576140   7.319391
[10,]  11.558718 460.566657   0.2183693 17.396520 286.646484  41.676771 25.324312   7.320801
[11,]  11.905592 443.943485   0.1536077 17.298096 286.657887  41.924068 25.318817   7.322708
[12,]  11.975912 273.334915   0.1071380 27.175668 286.552629  41.889491 29.079829   9.298593
           [,9]     [,10]
 [1,]  7.286779  2.176481
 [2,] 17.497160 41.874922
 [3,]  2.077919  2.176831
 [4,]  2.078112  2.178579
 [5,]  2.061065  2.178031
 [6,]  2.082396  2.172050
 [7,]  2.096835  2.155234
 [8,]  2.095866  2.170925
 [9,]  2.016708  2.317917
[10,]  2.085938  2.221448
[11,]  2.109607  2.295515
[12,]  5.356001  2.053331

$Refset$f
 [1]   405.6892   405.6892   406.0503   406.5660   407.7257   408.3785   410.9965   408.1615
 [9]   460.8351   472.5122   479.9792 13233.0382

$Refset$fpen
 [1]   405.6892   405.6892   406.0503   406.5660   407.7257   408.3785   410.9965   408.1615
 [9]   460.8351   472.5122   479.9792 13233.0382

$Refset$const
          [,1]      [,2]      [,3]      [,4]      [,5]
 [1,] 33.92038  1.521779 15.417542 18.502840  2.530155
 [2,] 18.50284  2.530155 33.920382  1.521779 15.417542
 [3,] 15.41491 33.922081 18.507175  1.521959  2.528931
 [4,] 15.42207 33.921888 18.499820  1.521992  2.527781
 [5,] 15.46454 33.938935 18.474395  1.521875  2.528695
 [6,] 15.33570 33.917604 18.581905  1.521280  2.532905
 [7,] 15.23429 33.903165 18.668879  1.521513  2.528178
 [8,] 15.29155 33.904134 18.612580  1.521977  2.524840
 [9,] 15.29149 33.983292 18.691803  1.521801  2.408528
[10,] 15.31058 33.914062 18.603480  1.521848  2.537703
[11,] 15.18849 33.890393 18.701904  1.521005  2.531641
[12,] 21.81967 30.643999  8.824332  1.522507  2.755401

$Refset$penalty
 [1] 0 0 0 0 0 0 0 0 0 0 0 0


