$f
 [1] 9544.5885 1216.5417  973.1979  901.3767  893.3125  812.7622  803.3194  772.5764  763.9931
[10]  741.2292  695.4306  679.7344  676.7066  675.9236  672.4010  669.6528  668.9687  665.8212
[19]  660.1892  657.7569  652.9618  652.8125  652.6892  652.3299  651.5503  629.2431  622.1545
[28]  621.5486  620.9896  617.7587  617.5365  617.5365

$x
           [,1]     [,2]      [,3]     [,4]     [,5]     [,6]     [,7]     [,8]     [,9]
xbest 26.913930 223.5605 0.8361972 17.87605 286.3838 35.39688 26.61190 7.871218 6.106461
xbest 10.887211 258.4070 0.1000000 21.03515 285.9105 35.81439 26.22555 6.292995 5.617556
xbest 11.637211 252.8169 0.2159419 21.03515 286.0527 35.81439 26.40723 6.286008 5.617556
xbest  5.491523 443.2323 0.7981739 20.00475 285.5782 43.51185 26.76251 6.878161 3.823233
xbest 11.686339 305.8296 0.3984194 20.99900 286.0038 33.02298 24.82351 4.452532 5.750561
xbest 11.124776 265.6445 0.3577062 20.02682 286.2654 44.05668 24.91696 5.054919 6.048251
xbest  5.078598 471.8066 1.0000000 19.55603 285.5065 46.24592 25.48542 7.070354 3.768628
xbest 11.276585 264.3257 0.3564804 19.97749 286.2561 43.84045 24.81736 4.947120 6.058371
xbest 11.276585 264.3257 0.3564804 19.97749 286.2561 43.84045 24.81736 4.953370 6.058371
xbest 11.170789 256.4648 0.2592643 19.97795 286.1633 43.07570 25.00237 5.356079 6.237114
xbest 11.170789 256.4648 0.2764909 19.97795 286.1516 43.07570 24.69768 5.318579 6.312114
xbest 11.328729 249.8589 0.1802269 20.01536 286.1176 43.37859 24.73676 5.152711 6.149739
xbest 11.328729 249.8589 0.2027269 20.01536 286.1171 43.37859 24.73676 5.152711 6.174739
xbest 11.322869 249.8658 0.2057122 20.01394 286.1198 43.54789 24.57580 5.167102 6.111483
xbest 11.358025 249.8658 0.2057122 20.03152 286.1198 43.54789 24.61643 5.166320 6.111483
xbest 11.329794 247.4864 0.2314193 19.98718 286.2723 43.61045 25.04058 5.249859 6.408490
xbest 11.329794 247.4864 0.2314193 19.98718 286.2723 43.61045 25.04058 5.249859 6.402240
xbest 11.313548 249.7772 0.2980931 20.03383 286.1142 43.55445 24.60354 5.174493 6.377665
xbest 11.313548 249.7772 0.2979174 20.03383 286.1142 43.55445 24.60354 5.180938 6.371415
xbest 11.306308 249.6682 0.3207892 20.04823 286.1096 43.52415 24.49928 5.173258 6.433889
xbest 11.306308 249.4472 0.3207892 20.04823 286.1096 43.52415 24.58053 5.173258 6.458889
xbest 11.283174 249.0149 0.3214399 20.04233 286.1055 43.54776 24.50745 5.173853 6.509470
xbest 11.283174 249.0344 0.3214399 20.04233 286.1055 43.54776 24.50745 5.173853 6.509470
xbest 11.339867 250.1462 0.3203729 20.04829 286.1061 43.54678 24.54225 5.173654 6.395761
xbest 11.316659 249.4795 0.3293702 20.04533 286.1045 43.73266 24.30937 5.195490 6.431852
xbest 11.318653 249.5425 0.3173521 20.04651 286.1046 43.62112 24.46196 5.187257 6.413070
xbest 11.318653 249.5425 0.3194615 20.04651 286.1046 43.64612 24.42134 5.187257 6.388070
xbest 11.286242 246.4322 0.3120167 20.14924 286.1034 43.74079 24.41542 5.196133 6.409534
xbest 11.287226 248.1813 0.3138465 20.08818 286.1020 43.73988 24.35476 5.196869 6.410298
xbest 11.408215 241.2002 0.3171065 20.33169 286.1041 43.72147 24.39057 5.196871 6.400098
xbest 11.419933 241.2002 0.3171065 20.33169 286.1041 43.72147 24.39057 5.196871 6.403223
xbest 11.419933 241.2002 0.3171065 20.33169 286.1041 43.72147 24.39057 5.196871 6.403223
         [,10]
xbest 2.662240
xbest 2.009045
xbest 1.944434
xbest 2.053230
xbest 3.573566
xbest 1.617692
xbest 2.013569
xbest 1.962592
xbest 1.971498
xbest 1.639788
xbest 1.692895
xbest 1.885337
xbest 1.873462
xbest 1.828327
xbest 1.828327
xbest 1.736467
xbest 1.736467
xbest 1.758911
xbest 1.758911
xbest 1.765001
xbest 1.765001
xbest 1.771556
xbest 1.771556
xbest 1.768017
xbest 1.702222
xbest 1.701737
xbest 1.701737
xbest 1.692555
xbest 1.694151
xbest 1.693005
xbest 1.693005
xbest 1.693005

$time
elapsed elapsed elapsed elapsed elapsed elapsed elapsed elapsed elapsed elapsed elapsed elapsed 
   1.19    3.33    5.31    9.23   11.06   12.88   14.73   16.59   25.69   38.23   44.98   74.53 
elapsed elapsed elapsed elapsed elapsed elapsed elapsed elapsed elapsed elapsed elapsed elapsed 
  75.70  113.09  114.36  131.38  134.14  144.83  154.03  187.83  188.94  209.56  210.55  212.44 
elapsed elapsed elapsed elapsed elapsed elapsed elapsed elapsed 
 214.25  229.55  230.84  290.58  298.72  310.38  311.41  413.77 

$neval
 [1]   106   263   416   708   847   984  1124  1262  1885  2826  3342  5384  5473  8180  8276
[16]  9492  9699 10505 11133 13718 13802 15296 15369 15507 15643 16722 16820 21180 21793 22605
[31] 22684 30080

$fbest
[1] 617.5365

$xbest
 [1]  11.4199334 241.2001546   0.3171065  20.3316894 286.1040868  43.7214694  24.3905723
 [8]   5.1968714   6.4032233   1.6930046

$numeval
[1] 30080

$end_crit
[1] 1

$cpu_time
elapsed 
 413.77 

$Refset
$Refset$x
          [,1]     [,2]      [,3]     [,4]     [,5]     [,6]     [,7]     [,8]     [,9]    [,10]
 [1,] 11.40976 235.1098 0.3238695 20.74965 286.1061 43.57278 24.42829 5.175997 6.399272 1.774374
 [2,] 11.41016 235.0985 0.3235886 20.74980 286.1061 43.57287 24.42826 5.175996 6.398416 1.774276
 [3,] 11.41181 235.0983 0.3236351 20.74872 286.1060 43.58926 24.42809 5.176252 6.396218 1.769812
 [4,] 11.41139 235.3189 0.3235633 20.73504 286.1056 43.57168 24.42686 5.176456 6.399376 1.771643
 [5,] 11.41345 235.1070 0.3233451 20.74783 286.1058 43.57078 24.42785 5.176064 6.395645 1.770899
 [6,] 11.41241 235.3078 0.3240324 20.73754 286.1058 43.57177 24.42659 5.175735 6.398533 1.771332
 [7,] 11.41744 235.0879 0.3237990 20.73225 286.1059 43.57075 24.42782 5.175961 6.406360 1.769224
 [8,] 11.41369 235.2310 0.3236718 20.74208 286.1062 43.57294 24.42696 5.176124 6.396024 1.771573
 [9,] 11.41325 235.2265 0.3235755 20.74206 286.1060 43.57272 24.42750 5.176075 6.396104 1.771604
[10,] 11.41225 235.3089 0.3239671 20.74160 286.1061 43.57245 24.42690 5.175960 6.397429 1.774218
[11,] 11.38940 236.6835 0.3652114 20.81391 286.1142 41.57487 27.60274 5.768989 6.587984 1.748363
[12,] 13.98779 221.1320 0.5993025 22.16798 286.2729 38.27826 26.05785 5.408701 4.795827 2.980659

$Refset$f
 [1]  640.5312  640.5312  640.6198  640.6198  640.6198  640.6198  640.6198  640.6198  640.6198
[10]  641.0660  861.7083 1547.0226

$Refset$fpen
 [1]  640.5312  640.5312  640.6198  640.6198  640.6198  640.6198  640.6198  640.6198  640.6198
[10]  641.0660  861.7083 1547.0226

$Refset$const
          [,1]     [,2]     [,3]     [,4]     [,5]
 [1,] 14.35038 29.60073 15.25035 1.573128 2.256389
 [2,] 14.35139 29.60158 15.25020 1.573129 2.256384
 [3,] 14.35250 29.60378 15.25128 1.573119 2.255872
 [4,] 14.33567 29.60062 15.26496 1.573164 2.256236
 [5,] 14.35219 29.60435 15.25217 1.573149 2.256367
 [6,] 14.33900 29.60147 15.26246 1.573149 2.256262
 [7,] 14.32589 29.59364 15.26775 1.573147 2.256374
 [8,] 14.34606 29.60398 15.25792 1.573111 2.256358
 [9,] 14.34595 29.60390 15.25794 1.573132 2.256334
[10,] 14.34417 29.60257 15.25840 1.573123 2.256334
[11,] 14.22593 29.41202 15.18609 1.573555 2.520185
[12,] 17.37216 31.20417 13.83202 1.555373 2.616381

$Refset$penalty
 [1] 0 0 0 0 0 0 0 0 0 0 0 0


