$f
 [1] 898.2031 656.0243 496.2483 490.6389 468.4809 466.3056 461.5156 457.2135 456.8455 454.2361
[11] 451.6215 451.5295 450.8854 450.7743 450.6146 450.5677 449.8125 449.7448 449.6562 449.6094
[21] 448.2188 442.7448 441.3802 439.0399 438.7917 437.9132 435.4028 435.0486 434.6910 433.5573
[31] 432.3542 432.3542

$x
          [,1]     [,2]      [,3]     [,4]     [,5]     [,6]     [,7]     [,8]     [,9]    [,10]
xbest 24.47766 109.0474 0.5533612 26.69647 286.0323 36.53292 25.26405 4.343972 8.898191 1.500530
xbest 24.75636 109.4859 0.5474338 26.69560 286.5215 36.91395 25.81753 4.360130 8.506683 1.397582
xbest 24.75636 100.9407 0.5474338 27.44560 286.5590 34.51395 25.81753 4.760130 8.506683 1.200000
xbest 24.02903 243.2105 0.6053305 21.06493 286.5764 35.74570 25.98177 3.868098 6.989069 3.275188
xbest 24.02903 242.5855 0.6053305 21.25243 286.5389 35.73320 25.65677 3.868098 6.990631 3.275188
xbest 24.71393 274.2305 0.7113669 21.76680 286.5551 34.71719 27.37704 3.986069 5.336059 3.371157
xbest 24.70221 274.5430 0.7563669 21.76680 286.5551 34.71719 27.37704 3.986069 5.336059 3.371157
xbest 24.69750 223.1917 0.6839375 20.84564 286.5930 35.19864 27.49073 4.036388 7.573389 2.916250
xbest 24.69750 223.1917 0.7064375 20.84564 286.5930 35.19864 27.49073 4.036388 7.573389 2.916250
xbest 24.95949 256.5194 0.6299609 20.78061 286.5711 35.42648 26.89599 3.988957 6.566809 3.535276
xbest 24.95363 256.5194 0.6524609 20.78061 286.5710 35.42648 26.89599 3.988957 6.566809 3.535276
xbest 24.93858 249.4559 0.6874640 20.86122 286.5731 34.99422 27.61973 4.283222 6.742960 3.529000
xbest 24.93763 249.5982 0.7173377 20.85862 286.5710 34.98830 27.63232 4.287234 6.744153 3.526560
xbest 24.97896 246.5492 0.6788054 20.87356 286.5695 34.98169 27.52284 3.976389 6.822475 3.541649
xbest 24.93759 249.5974 0.7237367 20.85892 286.5714 34.98531 27.63826 4.292817 6.746322 3.524781
xbest 24.93838 249.5433 0.7234766 20.85911 286.5704 34.98345 27.63645 4.290398 6.748763 3.520527
xbest 24.94657 247.2687 0.6789556 20.86656 286.5704 34.98850 27.50852 3.978473 6.837823 3.537964
xbest 24.94678 249.4100 0.7250125 20.85722 286.5689 34.98511 27.62263 4.291180 6.747436 3.513869
xbest 24.95273 249.4044 0.7280060 20.85728 286.5688 34.98465 27.62356 4.291440 6.747751 3.509786
xbest 24.95042 249.3643 0.7218212 20.85876 286.5709 34.99022 27.63602 4.289787 6.748026 3.514402
xbest 24.94802 249.0247 0.6830440 20.86108 286.5703 34.98916 27.59672 3.981984 6.800352 3.519645
xbest 24.95388 249.0247 0.6830440 20.86108 286.5726 35.03916 27.59672 3.975734 6.787852 3.495895
xbest 24.09678 254.5030 0.8880188 21.23286 286.5615 35.67626 26.27225 4.049739 6.576779 3.321397
xbest 24.09678 254.5030 1.0000000 21.23286 286.5615 35.67626 26.27225 4.049739 6.576779 3.321397
xbest 23.39324 252.9014 0.9207906 21.58310 286.5534 35.70240 26.26293 4.052124 6.634329 3.152017
xbest 23.62430 251.1149 0.8809185 21.55618 286.5526 35.69199 26.26068 4.039529 6.609423 3.291945
xbest 23.67117 251.1149 1.0000000 21.55618 286.5526 35.69199 26.26068 4.039529 6.618799 3.291945
xbest 23.93274 255.1160 0.8965055 21.29111 286.5671 35.70461 26.38440 4.048656 6.566820 3.309985
xbest 23.93274 255.0965 0.8965055 21.29111 286.5670 35.70461 26.38440 4.048656 6.566820 3.309985
xbest 24.09783 249.5845 0.8842369 21.32877 286.5557 35.64106 26.36172 4.045841 6.670438 3.331006
xbest 24.09197 249.5845 0.9292369 21.33024 286.5557 35.64106 26.36172 4.045841 6.670438 3.331006
xbest 24.09197 249.5845 0.9292369 21.33024 286.5557 35.64106 26.36172 4.045841 6.670438 3.331006

$time
elapsed elapsed elapsed elapsed elapsed elapsed elapsed elapsed elapsed elapsed elapsed elapsed 
   1.25    4.89    7.05   26.30   27.91   46.07   52.80   93.74   94.68  122.91  124.02  203.19 
elapsed elapsed elapsed elapsed elapsed elapsed elapsed elapsed elapsed elapsed elapsed elapsed 
 211.85  216.27  220.02  233.43  237.30  240.80  246.05  250.63  268.68  283.44  366.47  367.58 
elapsed elapsed elapsed elapsed elapsed elapsed elapsed elapsed 
 377.86  388.80  390.22  423.02  424.29  441.49  448.91  484.13 

$neval
 [1]   106   397   514  1913  2014  3096  3453  6003  6076  7953  8037 13474 14094 14370 14639
[16] 15524 15804 15946 16221 16360 17233 17873 23050 23129 23795 24460 24560 26586 26666 27615
[31] 28100 30114

$fbest
[1] 432.3542

$xbest
 [1]  24.0919721 249.5844887   0.9292369  21.3302358 286.5557427  35.6410620  26.3617250
 [8]   4.0458410   6.6704384   3.3310055

$numeval
[1] 30114

$end_crit
[1] 1

$cpu_time
elapsed 
 484.13 

$Refset
$Refset$x
           [,1]        [,2]        [,3]      [,4]       [,5]      [,6]       [,7]       [,8]
 [1,]  24.09197   0.9292369 286.5557427 26.361725   6.670438  24.09197  0.9292369 286.555743
 [2,] 249.58449  21.3302358  35.6410620  4.045841   3.331006 249.58449 21.3302358  35.641062
 [3,]  24.09673 254.4992792   0.8988541 21.251834 286.563109  35.69631 26.3799412   4.050977
 [4,]  24.04510 254.4058723   0.9014614 21.279188 286.563076  35.69773 26.3839949   4.052901
 [5,]  24.02838 254.6993083   0.8996246 21.272090 286.564831  35.70370 26.3724851   4.056191
 [6,]  24.05152 254.5235194   0.8988437 21.278142 286.566552  35.71300 26.3816192   4.052664
 [7,]  23.83359 252.6912856   0.8912887 21.357222 286.547912  35.68731 26.2188691   4.051521
 [8,]  23.92962 256.0648738   0.9417658 21.241553 286.564220  37.43840 24.9676873   4.044823
 [9,]  23.88058 253.8419997   0.9335712 21.401439 286.562193  37.43802 24.7982205   4.070902
[10,]  23.89191 253.5226424   0.9347680 21.402444 286.562914  37.48868 24.8077907   4.067579
[11,]  24.11208 253.8013126   0.8775371 21.419875 286.560733  35.72269 26.0933663   4.146284
[12,]  23.96320 251.9123169   0.9057112 21.435302 286.519009  35.68293 26.2622420   4.052369
           [,9]    [,10]
 [1,] 26.361725 6.670438
 [2,]  4.045841 3.331006
 [3,]  6.559630 3.312402
 [4,]  6.565130 3.314287
 [5,]  6.565555 3.311176
 [6,]  6.556159 3.312325
 [7,]  6.616197 3.304116
 [8,]  6.594496 3.303024
 [9,]  6.579923 3.305628
[10,]  6.584139 3.311809
[11,]  6.412888 4.116188
[12,]  6.654349 3.287598

$Refset$f
 [1] 432.3542 432.3542 433.9514 434.3750 434.3750 434.3750 436.4740 442.9601 444.3490 444.3490
[11] 460.7257 463.0868

$Refset$fpen
 [1] 432.3542 432.3542 433.9514 434.3750 434.3750 434.3750 436.4740 442.9601 444.3490 444.3490
[11] 460.7257 463.0868

$Refset$const
          [,1]      [,2]      [,3]      [,4]     [,5]
 [1,] 14.65980 14.669764  2.904519 29.329562 1.515406
 [2,] 29.32956  1.515406 14.659797 14.669764 2.904519
 [3,] 14.69220 29.440370 14.748166  1.514627 2.905376
 [4,] 14.71406 29.434870 14.720812  1.514617 2.905648
 [5,] 14.70653 29.434445 14.727910  1.514480 2.904851
 [6,] 14.72198 29.443841 14.721858  1.514263 2.905772
 [7,] 14.74102 29.383803 14.642778  1.517143 2.884561
 [8,] 14.64706 29.405504 14.758447  1.524601 2.676654
 [9,] 14.82152 29.420077 14.598561  1.525340 2.662519
[10,] 14.81831 29.415861 14.597556  1.525333 2.660898
[11,] 15.00699 29.587112 14.580125  1.516288 2.875526
[12,] 14.78095 29.345651 14.564698  1.520388 2.877347

$Refset$penalty
 [1] 0 0 0 0 0 0 0 0 0 0 0 0


