$f
 [1] 1564.5573  715.0139  582.7309  464.4688  318.5260  258.9063  256.6788  250.9618  239.0885
[10]  237.8142  232.6545  225.5000  215.5677  214.3715  212.5417  211.6997  208.3802  207.0955
[19]  206.1979  205.8941  201.4010  201.4010

$x
          [,1]     [,2]      [,3]     [,4]     [,5]     [,6]     [,7]     [,8]     [,9]    [,10]
xbest 19.48313 130.8638 0.2849389 23.44981 285.8883 41.14307 34.90692 2.774982 8.998547 3.311678
xbest 15.09064 341.6780 0.6505167 22.15406 285.9261 43.97522 28.93293 2.467656 4.679229 5.000000
xbest 15.13330 321.6780 0.5155167 22.15406 285.9261 43.97522 28.93293 2.367656 4.679229 4.287500
xbest 25.55636 272.8132 0.8991966 16.32575 285.8063 30.64148 25.19737 6.899181 7.332954 5.000000
xbest 17.76471 353.0809 0.7059275 15.99328 285.6980 35.61441 24.66194 7.245009 6.962031 3.168434
xbest 17.76471 276.6241 0.7218374 18.99328 285.6998 35.61441 24.54704 7.245009 7.103453 3.158055
xbest 23.26303 189.5100 0.5606465 20.21409 286.5295 36.61098 24.57440 7.147527 7.686784 3.375542
xbest 23.26303 189.5100 0.5831465 20.21409 286.5295 36.61098 24.49315 7.147527 7.686784 3.393355
xbest 23.92667 189.3181 0.5479564 20.21472 286.6669 36.77006 24.86663 7.287152 7.669912 4.183645
xbest 23.92667 189.3181 0.5479564 20.21472 286.6669 36.77006 24.86663 7.287152 7.679287 4.177707
xbest 23.95669 191.1605 0.3908293 20.21418 286.5223 36.68147 24.48703 7.160750 6.641427 3.137716
xbest 23.95669 191.1605 0.3711418 20.21418 286.5223 36.68147 24.47688 7.160750 6.638302 3.176310
xbest 24.98712 181.4128 0.2150039 20.25903 286.6466 36.85114 24.32224 7.156675 6.370524 3.132506
xbest 24.98712 181.4128 0.2150918 20.25903 286.6466 36.85114 24.32224 7.156675 6.376774 3.132506
xbest 24.95144 181.7381 0.2112942 20.33097 286.6464 36.82412 24.24821 7.156484 6.358082 3.059843
xbest 25.03888 181.6477 0.3183670 20.32155 286.6481 36.83967 24.28988 7.154122 6.365589 3.091478
xbest 25.03888 181.6477 0.3197732 20.50905 286.6481 36.83967 24.45238 7.154122 6.365589 3.073665
xbest 24.58061 195.3438 0.4638374 20.31025 286.6344 36.72402 24.46991 7.150948 6.219498 3.125202
xbest 24.71427 187.4687 0.5362543 20.33921 286.6428 36.71163 24.45736 7.151881 6.604721 3.147076
xbest 24.67196 188.3487 0.4140957 20.26813 286.5654 36.69817 24.45461 7.153109 6.342392 3.149059
xbest 24.67710 188.6612 0.4362457 20.26941 286.5654 36.69817 24.45461 7.153109 6.375010 3.149059
xbest 24.67710 188.6612 0.4362457 20.26941 286.5654 36.69817 24.45461 7.153109 6.375010 3.149059

$time
elapsed elapsed elapsed elapsed elapsed elapsed elapsed elapsed elapsed elapsed elapsed elapsed 
   1.20    3.58    5.27   14.33   22.53   28.38  292.86  294.08  338.70  339.95  368.94  370.56 
elapsed elapsed elapsed elapsed elapsed elapsed elapsed elapsed elapsed elapsed 
 407.13  409.09  419.63  428.13  431.64  444.69  449.77  454.27  456.22  468.36 

$neval
 [1]   106   258   372   930  1487  1885 19101 19187 22016 22103 24130 24241 26407 26486 27158
[16] 27702 27932 28730 28995 29265 29402 30083

$fbest
[1] 201.401

$xbest
 [1]  24.6770952 188.6611640   0.4362457  20.2694078 286.5654091  36.6981684  24.4546103
 [8]   7.1531095   6.3750099   3.1490593

$numeval
[1] 30083

$end_crit
[1] 1

$cpu_time
elapsed 
 468.36 

$Refset
$Refset$x
           [,1]        [,2]        [,3]      [,4]       [,5]      [,6]       [,7]       [,8]
 [1,]  24.67710   0.4362457 286.5654091 24.454610   6.375010  24.67710  0.4362457 286.565409
 [2,] 188.66116  20.2694078  36.6981684  7.153109   3.149059 188.66116 20.2694078  36.698168
 [3,]  24.67196 188.3486640   0.4140957 20.268125 286.565409  36.69817 24.4546103   7.153109
 [4,]  24.70808 191.2013841   0.4718996 20.312707 286.634872  36.71302 24.4736184   7.152460
 [5,]  25.03888   0.3197732 286.6481030 24.452384   6.365589  25.03888  0.3197732 286.648103
 [6,] 181.64771  20.5090521  36.8396705  7.154122   3.073665 181.64771 20.5090521  36.839670
 [7,]  24.83806 184.9218544   0.4604965 20.315727 286.642572  36.81566 24.3620705   7.153352
 [8,]  26.26638 128.9495067   0.7417866 20.192418 286.546966  36.87116 24.3535774   7.149368
 [9,]  25.17685 154.0688208   0.5624162 21.317993 286.586131  37.00380 24.5010785   7.084564
[10,]  24.70096 192.7013925   0.4343405 20.458163 286.629924  36.73729 24.4698200   7.151815
[11,]  25.71172 190.8574941   0.5030044 20.333103 286.604247  36.68357 24.5058050   7.138704
[12,]  25.18465 170.9893265   0.9277953 20.987873 286.326183  34.25788 24.0852758   5.576046
           [,9]    [,10]
 [1,] 24.454610 6.375010
 [2,]  7.153109 3.149059
 [3,]  6.342392 3.149059
 [4,]  6.381078 3.147321
 [5,] 24.452384 6.365589
 [6,]  7.154122 3.073665
 [7,]  6.293609 3.057473
 [8,]  8.946270 4.007549
 [9,]  7.307913 3.712096
[10,]  6.279509 3.142712
[11,]  6.201157 3.130370
[12,]  8.265279 3.511554

$Refset$f
 [1] 201.4010 201.4010 205.8941 207.3403 208.3802 208.3802 216.6389 226.0677 235.4462 227.3108
[11] 261.0226 547.4844

$Refset$fpen
 [1] 201.4010 201.4010 205.8941 207.3403 208.3802 208.3802 216.6389 226.0677 235.4462 227.3108
[11] 261.0226 547.4844

$Refset$const
          [,1]      [,2]      [,3]      [,4]     [,5]
 [1,] 13.89440 15.730592  2.675522 29.624990 1.524531
 [2,] 29.62499  1.524531 13.894398 15.730592 2.675522
 [3,] 13.92573 29.657608 15.731875  1.524531 2.675522
 [4,] 13.93163 29.618922 15.687293  1.516816 2.702498
 [5,] 14.14346 15.490948  2.698977 29.634411 1.515710
 [6,] 29.63441  1.515710 14.143463 15.490948 2.698977
 [7,] 14.02212 29.706391 15.684273  1.516573 2.690800
 [8,] 11.24615 27.053730 15.807582  1.527215 2.651428
 [9,] 14.01008 28.692087 14.682007  1.522741 2.670623
[10,] 14.17865 29.720491 15.541837  1.517432 2.698963
[11,] 14.13195 29.798843 15.666897  1.520037 2.695044
[12,] 12.72259 27.734721 15.012127  1.547301 2.700583

$Refset$penalty
 [1] 0 0 0 0 0 0 0 0 0 0 0 0


