$f
 [1] 2060.5295 1727.0642 1209.1771 1097.1198 1073.3993 1039.3889 1007.9132  984.0642  950.2378
[10]  942.4913  935.5729  869.0486  864.0382  863.3542  863.2135  862.7708  862.6944

$x
           [,1]     [,2]      [,3]     [,4]     [,5]     [,6]     [,7]      [,8]     [,9]
xbest 10.163328 258.1074 0.1142683 22.38831 286.1968 41.46327 28.42797  4.289001 3.658051
xbest  6.637146 244.2217 1.0000000 21.35230 284.6576 36.20774 26.64172 10.000000 4.145062
xbest  6.427515 264.1908 0.6781906 21.35230 284.6576 36.20774 26.64172  9.981250 3.816631
xbest  6.464541 241.9530 0.6491339 21.43248 284.6316 39.04651 24.81442 10.000000 4.369895
xbest  6.485261 243.5407 0.6438333 21.45155 284.6246 39.54953 24.83149 10.000000 4.339772
xbest  6.508270 246.4584 0.6435252 21.44996 284.6315 39.88951 24.81688 10.000000 4.606886
xbest  6.425169 251.7021 0.6181728 21.93716 284.6159 37.84614 24.97495  9.983489 4.280569
xbest  6.425169 251.7021 0.6427822 21.93716 284.6159 37.84614 25.13745  9.983489 4.256350
xbest  6.689104 236.2010 0.6957671 22.06710 284.8039 39.49221 26.46753  9.981631 4.776471
xbest  6.689104 236.1619 0.6507671 22.06710 284.8039 39.49221 26.46753  9.981631 4.776471
xbest  7.148034 266.2623 0.4855246 21.31058 284.9445 39.80027 28.03335  9.981203 3.452665
xbest  7.148034 246.2623 0.4067746 21.31058 284.9445 39.80027 28.03335  9.981203 3.321415
xbest  7.360208 255.4285 0.3953767 21.39357 284.9163 39.94687 27.75769  9.990706 3.167761
xbest  7.360208 255.4285 0.3953767 21.39357 284.9163 39.94687 27.75769  9.990706 3.170886
xbest  7.355221 255.3362 0.3953298 21.38698 284.9166 39.94706 27.76198  9.995401 3.168107
xbest  7.352218 255.3591 0.3948233 21.38716 284.9166 39.94749 27.76144  9.996146 3.166974
xbest  7.349288 255.3591 0.3948233 21.38716 284.9166 39.94749 27.76144  9.996146 3.166974
         [,10]
xbest 1.950346
xbest 4.266540
xbest 4.076540
xbest 4.467258
xbest 4.486799
xbest 4.684112
xbest 4.561329
xbest 4.561329
xbest 4.361604
xbest 4.361604
xbest 4.238766
xbest 4.143766
xbest 4.202425
xbest 4.202425
xbest 4.148973
xbest 4.148634
xbest 4.148634

$time
elapsed elapsed elapsed elapsed elapsed elapsed elapsed elapsed elapsed elapsed elapsed elapsed 
   1.36    3.75    5.98   16.52   18.58   20.72   25.58   29.12   48.50   49.62  103.00  104.58 
elapsed elapsed elapsed elapsed elapsed 
 411.94  412.98  449.06  452.00  461.98 

$neval
 [1]   106   262   411  1123  1261  1404  1679  1916  3262  3341  6872  6981 26890 26963 29317
[16] 29522 30067

$fbest
[1] 862.6944

$xbest
 [1]   7.3492878 255.3591385   0.3948233  21.3871553 284.9166268  39.9474887  27.7614364
 [8]   9.9961465   3.1669740   4.1486337

$numeval
[1] 30067

$end_crit
[1] 1

$cpu_time
elapsed 
 461.98 

$Refset
$Refset$x
            [,1]        [,2]        [,3]      [,4]       [,5]       [,6]       [,7]       [,8]
 [1,]   7.352218 255.3591385   0.3948233 21.387155 284.916627  39.947489 27.7614364   9.996146
 [2,]   7.377400 255.2311197   0.3948877 21.315838 284.916478  39.935485 27.7642141   9.995366
 [3,]   7.370222 255.1389135   0.4003608 21.354331 284.917684  39.945156 27.7839099   9.993399
 [4,]   7.355221   0.3953298 284.9165852 27.761977   3.168107   7.355221  0.3953298 284.916585
 [5,] 255.336176  21.3869825  39.9470596  9.995401   4.148973 255.336176 21.3869825  39.947060
 [6,]   7.323316 254.9417017   0.3937583 21.427671 284.912853  39.950317 27.7422914   9.975694
 [7,]   7.323238 254.9684583   0.3939062 21.427754 284.912860  39.951875 27.7427112   9.975647
 [8,]   7.328822 255.1619934   0.3934200 21.420349 284.914365  39.947266 27.7534612   9.990994
 [9,]   7.321412 255.3812944   0.3935451 21.392454 284.914121  39.916050 27.7418815   9.974585
[10,]   7.561311 269.8841581   0.3784105 21.400035 285.355395  40.445992 27.6873037   9.930540
[11,]   7.325586 304.6946778   0.3498012 21.231388 285.509317  40.195987 27.5991041   7.200809
[12,]   7.466510 257.6451962   0.3839683 22.266554 285.661381  41.467461 25.2115407   7.939787
           [,9]    [,10]
 [1,]  3.166974 4.148634
 [2,]  3.176732 4.149336
 [3,]  3.174516 4.147352
 [4,] 27.761977 3.168107
 [5,]  9.995401 4.148973
 [6,]  3.169153 4.310825
 [7,]  3.169157 4.311254
 [8,]  3.163064 4.201569
 [9,]  3.181139 4.303753
[10,]  3.333433 4.022555
[11,]  3.324093 4.094713
[12,]  4.006894 3.298826

$Refset$f
 [1]  862.7708  862.7743  862.9028  863.2135  863.2135  878.2031  878.6285  877.2257  880.6649
[10] 1080.6667 1409.9774 1474.0156

$Refset$fpen
 [1]  862.7708  862.7743  862.9028  863.2135  863.2135  878.2031  878.6285  877.2257  880.6649
[10] 1080.6667 1409.9774 1474.0156

$Refset$const
          [,1]      [,2]      [,3]      [,4]     [,5]
 [1,] 18.22018 32.833026 14.612845  1.703834 2.347608
 [2,] 18.13911 32.823268 14.684162  1.703910 2.348301
 [3,] 18.17982 32.825484 14.645669  1.703845 2.349308
 [4,] 18.21888 14.613018  2.347656 32.831893 1.703843
 [5,] 32.83189  1.703843 18.218876 14.613018 2.347656
 [6,] 18.25852 32.830847 14.572329  1.704138 2.345711
 [7,] 18.25860 32.830843 14.572246  1.704133 2.345669
 [8,] 18.25729 32.836936 14.579651  1.704042 2.346780
 [9,] 18.21132 32.818861 14.607546  1.704123 2.347395
[10,] 18.06660 32.666567 14.599965  1.654577 2.394232
[11,] 17.90729 32.675907 14.768612  1.638259 2.430678
[12,] 18.25966 31.993106 13.733446  1.615885 2.265641

$Refset$penalty
 [1] 0 0 0 0 0 0 0 0 0 0 0 0


