$f
 [1] 3620.7188 1669.7569 1377.4688 1295.6580 1289.6146 1221.2500 1177.2465 1176.4375 1143.7344
[10] 1133.3003 1125.6979 1120.5694 1088.0920 1043.3194  901.1406  900.6076

$x
           [,1]     [,2]      [,3]     [,4]     [,5]     [,6]     [,7]      [,8]     [,9]
xbest  6.034005 431.4997 0.7803567 17.39543 286.5054 34.14496 24.87782  3.898757 6.744957
xbest  8.270156 293.4546 0.1256322 19.42817 284.5166 48.00000 24.17207  6.801260 2.290099
xbest  8.276753 313.4546 0.1010556 19.42817 284.4791 46.40000 24.17207  6.999501 2.285408
xbest  7.958575 353.8222 0.9909740 18.07683 285.3514 37.99042 24.00000  6.422457 7.017002
xbest  7.958575 353.8222 0.9550000 18.07683 285.3514 37.99042 24.00000  6.422457 7.017002
xbest  8.211656 333.6954 0.7851237 21.09233 285.3504 38.77910 24.01134  6.478400 5.077814
xbest  8.209024 375.9168 0.9467199 19.27793 285.7644 36.77643 24.00000  6.747472 5.927144
xbest  8.209024 375.9168 0.9467199 19.27793 285.7644 36.77643 24.00000  6.747472 5.927144
xbest 10.912067 261.4555 0.6394177 24.98972 285.6905 41.09829 24.58021  6.074430 3.412028
xbest 10.818317 261.4555 0.6197302 24.61472 285.6905 41.09829 24.58021  6.074430 3.412028
xbest 10.508149 315.8396 0.6196887 22.48102 285.7246 40.33782 24.73747  6.011373 3.496992
xbest 10.508149 315.9177 0.6196887 22.48395 285.7240 40.33782 24.73747  6.017623 3.496992
xbest 10.657678 237.2268 0.8418379 23.76322 286.0899 42.60378 24.51223 10.000000 3.497316
xbest 10.623807 246.8293 0.6946977 23.40373 286.0851 42.51736 24.55370 10.000000 3.426753
xbest 10.248807 265.5793 0.4753227 23.40666 286.0851 42.61736 24.87870 10.000000 3.326753
xbest 10.248807 265.5793 0.4753227 23.40666 286.0851 42.61736 24.87870 10.000000 3.326753
         [,10]
xbest 2.419006
xbest 2.925580
xbest 2.722209
xbest 1.606783
xbest 1.606783
xbest 1.704790
xbest 1.200000
xbest 1.200742
xbest 3.328998
xbest 3.323061
xbest 3.879427
xbest 3.879427
xbest 3.834376
xbest 3.827997
xbest 3.878466
xbest 3.879208

$time
elapsed elapsed elapsed elapsed elapsed elapsed elapsed elapsed elapsed elapsed elapsed elapsed 
   1.16    3.44    5.67   11.47   26.27   31.57   35.16   45.33   50.71   64.39  115.00  116.24 
elapsed elapsed elapsed elapsed 
 130.78  133.42  137.16  421.39 

$neval
 [1]   106   266   429   852  1869  2273  2539  3283  3690  4721  8277  8367  9452  9587  9868
[16] 30101

$fbest
[1] 900.6076

$xbest
 [1]  10.2488074 265.5792799   0.4753227  23.4066554 286.0851047  42.6173578  24.8786961
 [8]  10.0000000   3.3267528   3.8792077

$numeval
[1] 30101

$end_crit
[1] 1

$cpu_time
elapsed 
 421.39 

$Refset
$Refset$x
          [,1]     [,2]      [,3]     [,4]     [,5]     [,6]     [,7]     [,8]     [,9]    [,10]
 [1,] 10.55530 327.6120 0.5661746 22.41363 285.7320 40.34859 25.13453 6.032434 3.262576 3.689810
 [2,] 10.56365 327.5335 0.5661626 22.43024 285.7302 40.34471 25.12791 6.032230 3.251947 3.694605
 [3,] 10.56358 327.8123 0.5701277 22.41195 285.7323 40.34973 25.13465 6.032187 3.259674 3.692505
 [4,] 10.55533 327.6099 0.5663902 22.41466 285.7321 40.34812 25.13459 6.032377 3.262701 3.690510
 [5,] 10.55634 327.6190 0.5654516 22.42109 285.7316 40.34680 25.13526 6.032117 3.262254 3.689996
 [6,] 10.55324 327.4594 0.5688188 22.43755 285.7310 40.34538 25.12983 6.032429 3.262050 3.688692
 [7,] 10.55749 327.5410 0.5673545 22.42589 285.7316 40.34515 25.12941 6.032135 3.264478 3.692109
 [8,] 10.43496 327.6483 0.5667802 22.50979 285.7339 40.34363 25.15004 6.032294 3.265535 3.685366
 [9,] 10.55082 327.6321 0.5664032 22.42829 285.7333 40.34625 25.13632 6.032226 3.266310 3.689312
[10,] 10.55838 327.6274 0.5672260 22.44563 285.7310 40.34858 25.13067 6.032432 3.262570 3.690555
[11,] 10.35862 338.0231 0.5542596 22.41156 285.7480 40.33304 25.04616 6.037115 3.243428 3.731239
[12,] 10.35753 327.7418 0.5717065 22.40906 285.7349 38.67869 25.11498 6.030926 3.891443 3.690802

$Refset$f
 [1] 1079.663 1079.955 1080.260 1079.663 1080.616 1080.616 1080.616 1083.948 1081.941 1083.911
[11] 1186.262 1437.080

$Refset$fpen
 [1] 1079.663 1079.955 1080.260 1079.663 1080.616 1080.616 1080.616 1083.948 1081.941 1083.911
[11] 1186.262 1437.080

$Refset$const
          [,1]     [,2]     [,3]     [,4]     [,5]
 [1,] 19.15105 32.73742 13.58637 1.610952 2.316738
 [2,] 19.17830 32.74805 13.56976 1.611109 2.316094
 [3,] 19.15228 32.74033 13.58805 1.610916 2.316784
 [4,] 19.15196 32.73730 13.58534 1.610943 2.316783
 [5,] 19.15883 32.73775 13.57891 1.610994 2.316762
 [6,] 19.17550 32.73795 13.56245 1.611034 2.316367
 [7,] 19.16141 32.73552 13.57411 1.610983 2.316471
 [8,] 19.24425 32.73447 13.49021 1.610809 2.318295
 [9,] 19.16198 32.73369 13.57171 1.610832 2.317234
[10,] 19.18306 32.73743 13.55437 1.611036 2.316288
[11,] 19.16813 32.75657 13.58844 1.609285 2.315535
[12,] 18.51762 32.10856 13.59094 1.612540 2.383319

$Refset$penalty
 [1] 0 0 0 0 0 0 0 0 0 0 0 0


