$f
 [1] 1644.5747 1188.0729  828.5260  819.8108  797.3090  783.5399  782.7969  758.7674  749.9531
[10]  741.8090  738.3056  725.6875  723.2153  722.1545  706.8542  706.7917  705.8976  705.7812
[19]  705.1997  704.9028  704.5503  704.2153  704.0382  703.9913  703.8750  703.5920  702.5694
[28]  692.7760  692.6597

$x
          [,1]     [,2]      [,3]     [,4]     [,5]     [,6]     [,7]     [,8]     [,9]    [,10]
xbest  5.89604 208.0268 0.3551289 27.30437 285.6100 36.52888 35.08931 9.368262 2.584057 4.796783
xbest 21.87015 211.1328 0.6448862 15.00000 286.1317 36.28433 24.00000 2.000000 2.000000 4.306265
xbest 21.30765 211.2085 1.0000000 18.00000 286.5907 36.28433 25.26003 2.393942 2.400000 3.433960
xbest 20.98358 211.2342 1.0000000 18.17933 286.5868 36.28433 25.19588 2.411289 2.484065 3.498256
xbest 21.20957 193.1069 0.9755180 17.97261 286.6915 36.99379 25.85401 2.432590 3.547661 4.973284
xbest 21.14857 187.9394 0.8333171 16.61641 286.6537 36.57790 26.13451 3.085177 4.205541 4.114628
xbest 21.13071 185.0476 0.7796640 16.95014 286.6574 36.31929 26.16193 3.330972 4.570750 3.852064
xbest 21.13071 185.0476 0.8302890 16.95014 286.6574 36.71929 26.16193 3.280972 4.570750 3.923314
xbest 21.41159 154.3939 0.9463905 18.09476 286.6484 36.69504 25.99089 3.022086 5.399283 4.897948
xbest 21.41159 156.8939 0.9463905 18.22985 286.6484 36.69504 26.03631 2.984586 5.249283 4.897948
xbest 20.91099 152.6195 0.9546510 18.14838 286.6723 36.55679 26.31935 3.075387 6.412777 4.260855
xbest 20.91695 143.2814 0.9961653 18.14865 286.6569 36.56926 26.20318 3.051381 7.117655 4.359555
xbest 20.91695 143.2814 1.0000000 18.14865 286.6569 36.56926 26.36568 3.001381 7.117655 4.359555
xbest 20.95956 149.6882 0.9858451 15.75347 286.6523 36.64736 26.19682 3.114578 7.597282 4.403302
xbest 20.95956 149.6882 1.0000000 15.75347 286.6511 36.64736 26.11557 2.989566 7.597282 4.391421
xbest 20.88510 149.7477 0.9595453 15.79061 286.6621 36.59504 26.17174 2.978636 7.659398 4.445979
xbest 20.88510 149.7477 0.9820453 15.79061 286.6621 36.59504 26.33424 2.978636 7.659398 4.445979
xbest 20.91517 149.0663 0.9571293 15.86632 286.6610 36.59385 26.20107 2.976455 7.618044 4.425527
xbest 20.91517 149.0272 0.9571293 15.86632 286.6610 36.59385 26.24170 2.976455 7.618044 4.425527
xbest 20.88532 148.9976 0.9813159 15.83484 286.6623 36.58961 26.27496 2.971854 7.684044 4.465601
xbest 20.85462 149.5800 0.9700154 15.82264 286.6601 36.60149 26.23958 2.974629 7.702678 4.453562
xbest 20.84840 149.6128 0.9701156 15.80776 286.6599 36.60379 26.23044 2.972658 7.719753 4.456609
xbest 20.84840 149.6128 0.9701156 15.80776 286.6599 36.60379 26.23044 2.978908 7.719753 4.456609
xbest 20.86370 149.2782 0.9820836 15.84094 286.6625 36.60243 26.20362 2.978628 7.705959 4.486399
xbest 20.86370 149.2782 0.9820836 15.84094 286.6625 36.60243 26.20362 2.972378 7.705959 4.486399
xbest 20.86425 149.1480 0.9803819 15.85373 286.6610 36.60141 26.23400 2.974253 7.699913 4.483286
xbest 20.45542 141.5328 0.6631456 15.87867 286.6623 36.73036 26.15656 4.845239 8.268808 4.569020
xbest 20.45542 141.5328 0.7081456 15.87867 286.6623 36.73036 26.15656 4.845239 8.268808 4.569020
xbest 20.45542 141.5328 0.7081456 15.87867 286.6623 36.73036 26.15656 4.851489 8.268808 4.569020

$time
elapsed elapsed elapsed elapsed elapsed elapsed elapsed elapsed elapsed elapsed elapsed elapsed 
   1.42    3.77    6.63   12.86   21.02   23.94   25.97   29.41   88.56   90.08   99.47  103.31 
elapsed elapsed elapsed elapsed elapsed elapsed elapsed elapsed elapsed elapsed elapsed elapsed 
 110.19  158.69  161.03  239.74  240.83  281.70  282.80  294.14  298.17  300.20  305.19  374.19 
elapsed elapsed elapsed elapsed elapsed 
 375.20  384.24  392.39  397.33  462.13 

$neval
 [1]   106   258   458   884  1447  1588  1730  1968  5804  5911  6596  6871  7366 10508 10619
[16] 15759 15838 18418 18496 19183 19456 19590 19931 24395 24469 25011 25552 25893 30019

$fbest
[1] 692.6597

$xbest
 [1]  20.4554235 141.5327846   0.7081456  15.8786678 286.6623331  36.7303615  26.1565589
 [8]   4.8514890   8.2688081   4.5690196

$numeval
[1] 30019

$end_crit
[1] 1

$cpu_time
elapsed 
 462.13 

$Refset
$Refset$x
          [,1]     [,2]      [,3]     [,4]     [,5]     [,6]     [,7]     [,8]     [,9]    [,10]
 [1,] 20.86442 149.1418 0.9826181 15.85265 286.6617 36.60191 26.21953 2.971403 7.702151 4.486494
 [2,] 20.86315 149.1972 0.9816746 15.85040 286.6619 36.60188 26.21499 2.972342 7.701189 4.471696
 [3,] 20.86630 149.0711 0.9816605 15.85829 286.6624 36.60142 26.21953 2.978745 7.697308 4.488630
 [4,] 20.85586 149.1845 0.9828998 15.87805 286.6676 36.60532 26.23346 2.970510 7.696807 4.495263
 [5,] 20.85367 149.5421 0.9826241 15.85206 286.6616 36.60090 26.21795 2.972404 7.694087 4.488026
 [6,] 20.85400 149.3089 0.9825911 15.85503 286.6616 36.59820 26.19694 2.972426 7.704450 4.484444
 [7,] 20.85813 149.2851 0.9819369 15.85033 286.6521 36.60064 26.20064 2.975470 7.702000 4.471687
 [8,] 20.86454 149.5423 0.9832877 15.85024 286.6624 36.58568 26.23190 2.971435 7.677554 4.485194
 [9,] 20.84595 148.9137 0.9816664 15.84227 286.6619 36.60399 26.20371 2.971114 8.387345 4.481646
[10,] 20.84992 149.4557 0.9737743 16.56783 286.6679 36.60244 26.19344 2.981065 7.742850 4.511755
[11,] 20.78472 150.0785 0.9868345 15.98429 286.6478 36.74665 25.77927 2.973325 7.752492 4.620513
[12,] 20.85612 149.1869 0.9828620 15.88638 286.6570 36.56554 26.31521 2.971199 7.696803 4.488593

$Refset$f
 [1] 703.5694 703.8108 704.3889 704.7795 704.5208 705.4167 704.8056 704.9931 713.9531 719.6615
[11] 733.1181 706.1059

$Refset$fpen
 [1] 703.5694 703.8108 704.3889 704.7795 704.5208 705.4167 704.8056 704.9931 713.9531 719.6615
[11] 733.1181 706.1059

$Refset$const
          [,1]     [,2]     [,3]     [,4]     [,5]
 [1,] 8.150496 28.29785 20.14735 1.506606 2.870153
 [2,] 8.149209 28.29881 20.14960 1.506601 2.869832
 [3,] 8.160984 28.30269 20.14171 1.506521 2.870480
 [4,] 8.181244 28.30319 20.12195 1.505862 2.873663
 [5,] 8.157972 28.30591 20.14794 1.506625 2.870019
 [6,] 8.150579 28.29555 20.14497 1.506704 2.868313
 [7,] 8.148330 28.29800 20.14967 1.507816 2.864512
 [8,] 8.172688 28.32245 20.14976 1.506419 2.872615
 [9,] 7.454927 27.61265 20.15773 1.506657 2.868676
[10,] 8.824975 28.25715 19.43217 1.505995 2.870353
[11,] 8.231798 28.24751 20.01571 1.510532 2.816150
[12,] 8.189574 28.30320 20.11362 1.506622 2.879233

$Refset$penalty
 [1] 0 0 0 0 0 0 0 0 0 0 0 0


