$f
 [1] 2595.9132 1635.9236 1223.7205 1113.8837  990.8646  983.2795  976.2674  961.4844  958.5417
[10]  941.9913  939.4705  939.3438  938.8924  938.8924

$x
           [,1]     [,2]      [,3]     [,4]     [,5]     [,6]     [,7]      [,8]     [,9]
xbest  5.802219 400.0152 0.7053870 20.41777 284.7004 30.52659 24.74176  7.020619 6.110386
xbest 12.799025 333.8234 0.5297863 18.56278 285.5267 35.92869 24.00000  7.711760 6.398962
xbest 10.544635 382.0222 0.3362712 18.56278 285.4037 35.92869 24.00000  7.547784 6.298962
xbest 14.898112 340.8109 0.3865460 15.00000 286.8131 47.80763 25.58065 10.000000 6.381190
xbest 14.897778 321.4004 0.1215048 15.00000 286.8131 47.97500 25.58065  9.999645 6.340284
xbest 11.335116 376.6813 0.3185384 20.68295 286.0849 36.77753 28.17117  7.583250 5.035260
xbest 11.336581 376.6813 0.3185384 20.68295 286.0843 36.87753 28.17117  7.584032 5.016510
xbest 12.068465 367.9172 0.2343704 18.89321 286.0694 37.29769 28.00895  7.647550 5.707142
xbest 12.068465 367.9172 0.2568704 18.89321 286.0694 37.29769 28.00895  7.647550 5.707142
xbest 12.482206 368.0186 0.2510858 18.85926 286.0696 37.35830 28.03882  7.650189 5.695769
xbest 12.482206 368.0186 0.2510858 18.85926 286.0696 37.35830 28.03882  7.650134 5.689519
xbest 12.498034 367.6709 0.2514988 18.84758 286.0679 37.34915 27.96314  7.649209 5.690972
xbest 12.498034 367.6709 0.2514988 18.84758 286.0679 37.34915 28.00376  7.649209 5.690972
xbest 12.498034 367.6709 0.2514988 18.84758 286.0679 37.34915 28.00376  7.649209 5.690972
         [,10]
xbest 1.756687
xbest 4.982523
xbest 5.000000
xbest 4.952815
xbest 5.000000
xbest 4.857034
xbest 4.868909
xbest 4.685195
xbest 4.685195
xbest 4.673709
xbest 4.679646
xbest 4.688268
xbest 4.688268
xbest 4.688268

$time
elapsed elapsed elapsed elapsed elapsed elapsed elapsed elapsed elapsed elapsed elapsed elapsed 
   1.26    3.45    5.31   13.95   27.58   68.64   70.11  118.19  119.17  190.64  191.80  289.76 
elapsed elapsed 
 290.76  425.39 

$neval
 [1]   106   260   394   957  1933  4766  4868  8403  8476 13625 13709 20548 20621 30051

$fbest
[1] 938.8924

$xbest
 [1]  12.4980342 367.6709189   0.2514988  18.8475770 286.0679165  37.3491500  28.0037615
 [8]   7.6492087   5.6909723   4.6882679

$numeval
[1] 30051

$end_crit
[1] 1

$cpu_time
elapsed 
 425.39 

$Refset
$Refset$x
          [,1]     [,2]      [,3]     [,4]     [,5]     [,6]     [,7]     [,8]     [,9]    [,10]
 [1,] 12.64195 367.3886 0.2486351 18.81197 286.0657 37.34362 27.96520 7.650196 5.678352 4.687878
 [2,] 12.64429 367.6508 0.2473068 18.81677 286.0667 37.37187 27.96296 7.650645 5.656295 4.691176
 [3,] 12.64512 367.6167 0.2481413 18.80833 286.0656 37.37151 27.96315 7.650378 5.667945 4.691173
 [4,] 12.64248 367.4551 0.2476669 18.81229 286.0656 37.37455 27.96268 7.650498 5.669182 4.690902
 [5,] 12.64437 367.5153 0.2483574 18.81079 286.0658 37.36144 27.96269 7.650393 5.670283 4.686811
 [6,] 12.64536 367.9746 0.2493975 18.80005 286.0655 37.38030 27.96118 7.650788 5.669418 4.683562
 [7,] 12.65366 367.8066 0.2483321 18.80861 286.0665 37.37812 27.96254 7.650636 5.661912 4.690867
 [8,] 12.62799 364.9011 0.2480497 18.80778 286.0653 37.37727 27.92775 7.650134 5.689090 4.680460
 [9,] 12.67258 367.8798 0.2779942 18.81754 286.0417 37.37110 26.98021 7.623080 5.695320 4.677867
[10,] 12.67282 379.6414 0.3237994 18.77708 286.0659 38.39670 27.10280 7.642645 5.611392 4.685163
[11,] 20.42058 316.9979 0.7297767 24.51507 285.8394 42.45098 34.77809 5.381700 5.674315 4.629187
[12,] 16.44833 244.6225 0.4277962 19.79011 285.2405 35.58213 29.97326 4.743792 6.614057 3.116374

$Refset$f
 [1]   940.0139   940.0851   940.0851   940.0851   940.7309   940.1788   940.1372   949.7326
 [9]   959.5017  1030.6649 13640.0295  2080.2726

$Refset$fpen
 [1]   940.0139   940.0851   940.0851   940.0851   940.7309   940.1788   940.1372   949.7326
 [9]   959.5017  1030.6649 13640.0295  2080.2726

$Refset$const
          [,1]     [,2]     [,3]     [,4]     [,5]
 [1,] 13.13361 30.32165 17.18803 1.573103 2.757750
 [2,] 13.16048 30.34371 17.18323 1.573053 2.756042
 [3,] 13.14039 30.33205 17.19167 1.573178 2.755751
 [4,] 13.14311 30.33082 17.18771 1.573188 2.755509
 [5,] 13.14050 30.32972 17.18921 1.573139 2.756408
 [6,] 13.13063 30.33058 17.19995 1.573217 2.754975
 [7,] 13.14670 30.33809 17.19139 1.573083 2.755563
 [8,] 13.11869 30.31091 17.19222 1.573320 2.752260
 [9,] 13.12222 30.30468 17.18246 1.578343 2.666373
[10,] 13.16569 30.38861 17.22292 1.576690 2.625521
[11,] 18.84075 30.32569 11.48493 1.593720 2.926524
[12,] 13.17606 29.38594 16.20989 1.674104 2.852329

$Refset$penalty
 [1] 0 0 0 0 0 0 0 0 0 0 0 0


