$f
 [1] 1425.7778  518.6128  396.0278  394.0990  371.4462  347.8993  228.8559  228.0295  226.4913
[10]  225.2517  222.7552  215.4045  200.0312  195.8663  195.3472  195.0243  194.7049  194.4358
[19]  194.3438  194.2222  194.0903  193.9826  193.4740  193.3976  192.4167  191.5729  191.2951
[28]  190.6580  190.1719  188.9844

$x
          [,1]     [,2]      [,3]     [,4]     [,5]     [,6]     [,7]      [,8]     [,9]
xbest 18.69066 417.2656 0.7452498 16.73930 285.0283 41.05484 30.18606  3.136622 3.972797
xbest 28.40752 100.0000 0.1137152 30.00000 286.0592 38.36148 27.45560  2.892979 5.766397
xbest 28.40752 100.0000 0.1404939 29.68555 286.0592 38.17361 27.45560  2.447772 5.766397
xbest 28.33423 100.0000 0.1513467 29.71672 286.0581 38.37920 27.46124  2.449726 5.721619
xbest 20.15041 318.7842 0.5689703 22.13807 285.9108 34.54412 27.08086  6.769134 4.874008
xbest 16.51503 378.6139 0.6738527 21.21693 285.9361 40.87871 27.75511 10.000000 3.618738
xbest 16.52559 386.1144 1.0000000 20.84456 285.9404 41.47872 27.10509 10.000000 3.576484
xbest 22.64462 453.9003 0.9710979 20.81028 286.2328 27.58131 24.69326 10.000000 2.697908
xbest 22.64462 453.9003 1.0000000 20.81028 286.2328 27.58131 24.69326 10.000000 2.672126
xbest 22.20271 459.5053 0.7963721 21.00575 286.3092 29.14503 24.84614  9.999272 2.000000
xbest 22.08970 458.5087 0.7954227 21.09810 286.3223 29.21664 24.84759  9.999686 2.003800
xbest 22.08970 458.5087 0.9754227 21.09810 286.3223 29.21664 24.84759  9.999686 2.003800
xbest 22.66233 385.2592 0.9443845 23.16096 286.3310 29.08530 24.73266 10.000000 2.234889
xbest 22.66233 385.2592 0.9443845 23.34846 286.3310 29.08530 24.73266 10.000000 2.191139
xbest 22.81897 385.0521 0.9599858 23.17597 286.3306 29.08916 24.74438 10.000000 2.234763
xbest 22.79200 385.3357 0.9581667 23.17276 286.3308 29.08903 24.74842 10.000000 2.234527
xbest 22.87224 385.7361 0.9490716 23.11025 286.3375 29.09005 24.74858 10.000000 2.235396
xbest 22.86931 385.7361 0.9490716 23.11025 286.3375 29.09005 24.74858 10.000000 2.235396
xbest 22.83309 390.4283 0.9691321 23.14783 286.3272 29.05749 24.82974 10.000000 2.107519
xbest 22.96520 387.8597 0.9573884 23.21098 286.3282 29.03639 24.83612  9.999788 2.036162
xbest 22.98127 388.4667 0.9514234 23.19823 286.3280 29.02957 24.83794  9.999690 2.008583
xbest 22.98127 388.4667 0.9514234 23.19823 286.3280 29.02957 24.83794  9.999690 2.011708
xbest 22.81217 389.0814 0.9575298 23.19179 286.3192 29.03288 24.90253 10.000000 2.078380
xbest 22.81366 389.2582 0.9566845 23.19272 286.3262 29.05093 24.90977  9.999968 2.081661
xbest 22.83389 395.0851 0.9784912 23.12205 286.3161 29.02015 24.91074  9.999971 2.003252
xbest 22.83243 394.3307 0.9926321 23.11496 286.3161 29.02203 24.91233  9.999972 2.000000
xbest 22.83243 394.3307 1.0000000 23.11496 286.3161 29.02203 24.91233  9.999972 2.000000
xbest 22.80784 413.8840 0.9999909 22.28247 286.3250 29.01065 24.97240  9.999942 2.002212
xbest 22.85472 413.2590 0.9550000 22.30591 286.3250 29.01065 24.97240  9.999942 2.013930
xbest 22.85472 413.8840 1.0000000 22.30591 286.3250 29.01065 24.97240  9.999942 2.026430
         [,10]
xbest 2.893915
xbest 2.977930
xbest 3.057590
xbest 3.185434
xbest 3.859250
xbest 4.668671
xbest 4.972746
xbest 3.720219
xbest 3.720219
xbest 3.648670
xbest 3.686789
xbest 3.686789
xbest 3.668839
xbest 3.668839
xbest 3.666193
xbest 3.666337
xbest 3.663844
xbest 3.663844
xbest 3.690547
xbest 3.685093
xbest 3.684386
xbest 3.684386
xbest 3.680104
xbest 3.678222
xbest 3.694640
xbest 3.693001
xbest 3.693001
xbest 3.686161
xbest 3.686161
xbest 3.680223

$time
elapsed elapsed elapsed elapsed elapsed elapsed elapsed elapsed elapsed elapsed elapsed elapsed 
   1.43    3.54    5.47   16.38   18.32   22.22   29.10   95.55   96.97  104.04  113.97  119.16 
elapsed elapsed elapsed elapsed elapsed elapsed elapsed elapsed elapsed elapsed elapsed elapsed 
 143.14  144.36  157.80  164.35  182.39  185.46  192.80  203.10  205.21  208.38  211.39  213.61 
elapsed elapsed elapsed elapsed elapsed elapsed 
 215.85  222.05  231.43  391.07  392.50  457.69 

$neval
 [1]   106   250   383  1086  1221  1490  1964  6433  6529  6941  7604  7952  9454  9538 10502
[16] 10908 12197 12412 12824 13502 13643 13855 13992 14130 14270 14678 15291 25877 25977 30132

$fbest
[1] 188.9844

$xbest
 [1]  22.854715 413.883980   1.000000  22.305907 286.325043  29.010650  24.972396   9.999942
 [9]   2.026430   3.680223

$numeval
[1] 30132

$end_crit
[1] 1

$cpu_time
elapsed 
 457.69 

$Refset
$Refset$x
          [,1]     [,2]      [,3]     [,4]     [,5]     [,6]     [,7]      [,8]     [,9]
 [1,] 22.93712 388.7585 0.9960709 23.15204 286.3191 29.00231 24.93239 10.000000 2.118269
 [2,] 22.92120 390.3670 0.9958417 23.02966 286.3163 29.00550 24.94588  9.999636 2.169701
 [3,] 22.91998 389.5463 0.9954864 23.14767 286.3145 28.99410 24.93889  9.999986 2.103208
 [4,] 22.91993 389.5309 0.9958600 23.14681 286.3162 28.99589 24.93118  9.999978 2.105558
 [5,] 22.91997 389.6119 0.9954673 23.14686 286.3139 28.99527 24.93952  9.999980 2.101021
 [6,] 22.91924 389.5410 0.9957283 23.14720 286.3146 28.99658 24.93747  9.999988 2.101980
 [7,] 22.90886 391.1102 0.9963018 23.10397 286.3168 29.00476 24.95746  9.999936 2.036905
 [8,] 22.92101 389.2515 0.9956458 23.15952 286.3176 29.00935 24.93010  9.999979 2.067512
 [9,] 22.90500 390.3995 0.9959492 23.16715 286.3171 28.99789 24.94267  9.999985 2.038952
[10,] 22.91816 390.0799 0.9958414 23.11725 286.3171 28.99641 24.93725  9.999010 2.142365
[11,] 22.92039 389.6666 0.9957512 23.08641 286.3147 28.85474 25.35279  9.979786 2.077583
[12,] 23.35512 389.2655 0.9959595 23.08105 286.3231 28.90573 24.91175  9.992994 2.122073
         [,10]
 [1,] 3.686161
 [2,] 3.691321
 [3,] 3.689466
 [4,] 3.688920
 [5,] 3.689393
 [6,] 3.689327
 [7,] 3.690016
 [8,] 3.688737
 [9,] 3.689414
[10,] 3.689312
[11,] 3.736278
[12,] 3.676415

$Refset$f
 [1] 191.2691 191.3003 191.3125 191.3125 191.3125 191.3247 191.3750 191.4497 191.8281 191.9271
[11] 200.0816 210.2205

$Refset$fpen
 [1] 191.2691 191.3003 191.3125 191.3125 191.3125 191.3247 191.3750 191.4497 191.8281 191.9271
[11] 200.0816 210.2205

$Refset$const
          [,1]     [,2]     [,3]     [,4]     [,5]
 [1,] 21.03377 33.88173 12.84796 1.522625 3.261301
 [2,] 20.85996 33.83030 12.97034 1.522919 3.261678
 [3,] 21.04446 33.89679 12.85233 1.523134 3.261333
 [4,] 21.04125 33.89444 12.85319 1.522972 3.260715
 [5,] 21.04584 33.89898 12.85314 1.523216 3.261023
 [6,] 21.04522 33.89802 12.85280 1.523148 3.260850
 [7,] 21.06706 33.96309 12.89603 1.522755 3.263709
 [8,] 21.09201 33.93249 12.84048 1.522879 3.259459
 [9,] 21.12820 33.96105 12.83285 1.522775 3.262550
[10,] 20.97488 33.85763 12.88275 1.522814 3.261915
[11,] 21.00883 33.92242 12.91359 1.518944 3.342298
[12,] 20.95898 33.87793 12.91895 1.521616 3.272269

$Refset$penalty
 [1] 0 0 0 0 0 0 0 0 0 0 0 0


