$f
 [1] 1176.8194 1042.2188  805.0694  771.5312  679.1944  597.1493  589.0174  525.1424  509.4722
[10]  493.5017  411.6806  411.6163  407.8229  405.7222  404.4531  403.4288  403.0295  402.9583
[19]  402.9271  402.3993  402.1997  402.0625  402.0104  401.8976  401.7812  401.2448  401.1684
[28]  401.1024  401.0920  385.7587  356.9896

$x
          [,1]     [,2]      [,3]     [,4]     [,5]     [,6]     [,7]     [,8]     [,9]    [,10]
xbest 10.84209 240.2633 0.9814299 23.04964 285.9639 40.73879 27.60791 9.330750 4.879375 1.898170
xbest 11.38930 336.3455 0.6063891 21.08702 285.9874 40.56744 28.45346 6.877103 3.739349 2.907331
xbest 11.38930 361.4994 0.5333286 20.33702 285.9874 40.56744 28.70471 6.977103 3.675695 2.954100
xbest 10.68090 377.7577 0.4892168 20.89750 285.8643 37.93382 27.19220 7.235039 3.277055 3.705290
xbest 11.77981 366.2216 0.4607162 20.85013 285.9548 39.00730 26.91314 7.341162 2.000000 3.603510
xbest 12.54113 344.9178 0.4560652 20.67748 285.9627 40.46903 26.82388 7.348271 2.081208 3.620489
xbest 11.38766 389.4460 0.4555995 21.20304 286.0588 39.50306 27.09988 7.437163 2.011322 3.420589
xbest 11.05607 381.9209 0.4922973 19.75068 286.0412 37.82463 27.41793 7.276896 2.451624 2.134558
xbest 11.77391 388.4316 0.4313967 20.51490 286.1455 39.76950 27.83621 7.338784 2.392524 3.467874
xbest 11.14669 398.1143 0.4168273 20.50797 286.1358 40.25358 27.25567 7.330145 2.340492 3.513233
xbest 11.14669 398.1143 0.4224523 20.50797 286.1404 40.85358 27.58067 7.330145 2.165492 3.655733
xbest 11.18407 393.4869 0.4081584 20.95738 286.1189 38.31562 27.96742 7.331923 2.270656 3.327711
xbest 11.29142 393.9162 0.3832068 20.47530 286.1189 38.33937 27.95786 7.334708 2.351915 3.330933
xbest 11.37948 390.7318 0.3427024 20.33528 286.1279 38.27802 28.06317 7.329047 2.368866 3.320792
xbest 11.40675 389.6113 0.3458185 20.29750 286.1311 38.25485 28.07038 7.330135 2.387938 3.319714
xbest 11.21412 394.5795 0.3800061 20.55274 286.1156 38.30800 28.03748 7.333350 2.311199 3.330012
xbest 11.21412 394.5795 0.3800061 20.55274 286.1156 38.30800 28.03748 7.333350 2.308074 3.330012
xbest 11.22707 391.4140 0.3824889 20.64554 286.1124 38.32759 27.95503 7.334852 2.324617 3.332461
xbest 11.22707 391.4140 0.3824889 20.64554 286.1124 38.32759 27.95503 7.334852 2.321492 3.332461
xbest 11.24870 392.0270 0.3828222 20.60671 286.1094 38.31547 27.93225 7.334456 2.295053 3.340516
xbest 11.24925 391.5724 0.3829068 20.64129 286.1102 38.34408 27.90835 7.334774 2.296199 3.331567
xbest 11.24929 391.5712 0.3829179 20.64130 286.1103 38.34879 27.89667 7.334797 2.295946 3.330925
xbest 11.24680 391.6614 0.3830559 20.64219 286.1094 38.34355 27.87935 7.334728 2.292872 3.324726
xbest 11.24959 391.5436 0.3815031 20.63659 286.1112 38.34788 27.90165 7.334856 2.291939 3.331321
xbest 11.24680 391.5038 0.3812818 20.61990 286.1089 38.35108 27.90426 7.336039 2.300080 3.324464
xbest 11.24672 391.6629 0.3801867 20.61649 286.1115 38.36565 27.90409 7.336219 2.289466 3.326017
xbest 11.25006 391.1939 0.3691779 20.61834 286.1115 38.33627 27.90171 7.335098 2.297035 3.327215
xbest 11.25032 391.1661 0.3702174 20.61894 286.1115 38.33957 27.90074 7.335287 2.295420 3.326141
xbest 11.25271 391.8285 0.3702033 20.63520 286.1115 38.33777 27.95404 7.335218 2.247115 3.326610
xbest 11.38633 389.7754 0.4452440 20.12907 286.2197 42.43381 27.66473 7.398807 2.315717 3.044804
xbest 11.38633 369.4629 0.3552440 20.12907 286.2209 42.43381 27.66473 7.398807 2.315717 3.044804

$time
elapsed elapsed elapsed elapsed elapsed elapsed elapsed elapsed elapsed elapsed elapsed elapsed 
   1.46    3.60    6.14   10.39   13.24   17.35   19.38   23.44   25.49   27.55   29.52   54.55 
elapsed elapsed elapsed elapsed elapsed elapsed elapsed elapsed elapsed elapsed elapsed elapsed 
  57.54   61.55   65.50   67.49   76.30  150.75  151.82  162.29  180.93  190.61  215.72  267.52 
elapsed elapsed elapsed elapsed elapsed elapsed elapsed 
 281.00  303.44  373.71  406.24  434.74  440.43  443.85 

$neval
 [1]   106   253   427   715   856  1135  1274  1553  1696  1839  1971  3648  3854  4127  4396
[16]  4533  5143 10174 10248 10929 12226 12907 14612 18128 19014 20588 25329 27556 29562 29906
[31] 30043

$fbest
[1] 356.9896

$xbest
 [1]  11.386326 369.462921   0.355244  20.129070 286.220861  42.433810  27.664727   7.398807
 [9]   2.315717   3.044804

$numeval
[1] 30043

$end_crit
[1] 1

$cpu_time
elapsed 
 443.85 

$Refset
$Refset$x
           [,1]        [,2]        [,3]      [,4]       [,5]      [,6]       [,7]       [,8]
 [1,]  11.38633 389.7754208   0.4452440 20.129070 286.219689  42.43381 27.6647271   7.398807
 [2,] 391.82848  20.6351954  38.3377746  7.335218   3.326610 391.82848 20.6351954  38.337775
 [3,]  11.25271   0.3702033 286.1115134 27.954043   2.247115  11.25271  0.3702033 286.111513
 [4,]  11.25271 391.8284757   0.3702033 20.635195 286.111513  38.33777 27.9540429   7.335218
 [5,]  11.25032 391.1660613   0.3702174 20.618936 286.111526  38.33957 27.9007406   7.335287
 [6,]  11.24973 391.2540041   0.3701125 20.618122 286.111204  38.34296 27.8925460   7.335212
 [7,]  11.25144 391.0781881   0.3698094 20.617182 286.111621  38.33830 27.9022903   7.335153
 [8,]  11.24880 390.7638532   0.3704000 20.639467 286.111345  38.34276 27.9006381   7.335448
 [9,]  11.25104 391.0395133   0.3699006 20.626119 286.111439  38.34548 27.9015196   7.335220
[10,]  11.25052 391.1158744   0.3700346 20.623224 286.111528  38.33918 27.9013213   7.335262
[11,]  11.29344 391.5528123   0.3706772 20.548282 286.111886  38.34703 27.9286363   7.335239
[12,]  11.46915 389.4619651   0.4301786 20.149607 286.193385  42.44418 27.7539026   7.387658
           [,9]    [,10]
 [1,]  2.315717 3.044804
 [2,]  7.335218 3.326610
 [3,] 27.954043 2.247115
 [4,]  2.247115 3.326610
 [5,]  2.295420 3.326141
 [6,]  2.293007 3.323084
 [7,]  2.297447 3.326573
 [8,]  2.300157 3.327696
 [9,]  2.297431 3.327152
[10,]  2.296848 3.326440
[11,]  2.286265 3.329907
[12,]  2.303605 3.135380

$Refset$f
 [1] 385.7587 401.0920 401.0920 401.0920 401.1024 401.1024 401.1024 401.1684 401.1684 401.1684
[11] 402.0781 410.8403

$Refset$fpen
 [1] 385.7587 401.0920 401.0920 401.0920 401.1024 401.1024 401.1024 401.1684 401.1684 401.1684
[11] 402.0781 410.8403

$Refset$const
          [,1]      [,2]      [,3]      [,4]     [,5]
 [1,] 17.81335 33.684283 15.870930  1.562939 2.518476
 [2,] 33.75288  1.569569 18.388080 15.364805 2.710059
 [3,] 18.38808 15.364805  2.710059 33.752885 1.569569
 [4,] 18.38808 33.752885 15.364805  1.569569 2.710059
 [5,] 18.32352 33.704580 15.381064  1.569699 2.705646
 [6,] 18.32512 33.706993 15.381878  1.569763 2.704683
 [7,] 18.31973 33.702553 15.382818  1.569682 2.705876
 [8,] 18.33931 33.699843 15.360533  1.569727 2.705392
 [9,] 18.32869 33.702569 15.373881  1.569718 2.705334
[10,] 18.32638 33.703152 15.376776  1.569697 2.705716
[11,] 18.26202 33.713735 15.451718  1.569603 2.707575
[12,] 17.84600 33.696395 15.850393  1.565609 2.515902

$Refset$penalty
 [1] 0 0 0 0 0 0 0 0 0 0 0 0


