$f
 [1] 2674.2361 2071.7413 1646.5938 1614.2795 1486.8403 1308.8333 1256.9288 1250.2743 1137.2049
[10] 1073.1233 1066.7396 1065.3351 1064.3142 1050.1528 1037.7622 1034.3073 1032.3264 1031.9688
[19] 1030.6701 1029.5122 1024.0903 1023.0469 1005.3698 1005.1927 1004.4688 1000.8420  985.5833
[28]  984.5990  984.1997  983.7326  983.5608  983.1701  983.1684  975.2604  975.1146  974.7465
[37]  974.3003  974.1927  970.2222  970.2222

$x
          [,1]     [,2]      [,3]     [,4]     [,5]     [,6]     [,7]      [,8]      [,9]
xbest 16.85761 129.3212 0.9377088 18.67808 285.9817 36.46728 27.31585  8.004789  7.257290
xbest 20.30985 115.3403 0.9084616 20.13720 286.1609 32.90764 25.84335  9.767523  7.010580
xbest 20.30985 100.0000 0.5421726 20.13720 286.1609 33.13125 25.07121  9.739682  6.954678
xbest 19.04334 100.0000 0.2574823 30.00000 286.3525 42.83103 24.00000 10.000000  2.041770
xbest 21.63135 102.7662 0.6133371 22.76619 286.2632 28.80212 24.12099  9.998329  7.589857
xbest 19.39338 100.0000 0.1345769 30.00000 286.6067 46.75415 24.00000 10.000000  2.000000
xbest 19.95082 100.0000 0.1000000 30.00000 286.5724 46.68459 24.03395 10.000000  2.000000
xbest 19.92191 100.2000 0.1000000 29.82535 286.5714 46.33042 24.00972 10.000000  2.000000
xbest 19.92191 100.2000 0.1225000 29.43568 286.5655 46.23042 24.00000  9.993701  2.087792
xbest 17.98816 105.9306 0.9664234 22.07235 286.3968 36.29400 24.12229  9.565660  7.285018
xbest 17.98816 105.9306 0.9664234 22.07235 286.3968 36.29400 24.16292  9.565269  7.297518
xbest 17.97956 105.7939 0.9608299 22.09303 286.3968 36.31666 24.04126  9.567316  7.274784
xbest 17.97956 105.7939 0.9833299 22.09303 286.3968 36.31666 24.04126  9.567316  7.274784
xbest 18.00694 103.6007 0.9737964 21.52049 286.4109 36.27729 24.23193  9.562107  7.852720
xbest 18.00548 103.6007 0.9527027 21.49706 286.4109 36.27729 24.06943  9.562107  7.902720
xbest 17.84062 104.2168 0.9905196 21.36033 286.4175 36.41813 24.10023  9.569332  8.084252
xbest 17.84062 104.2168 0.9550000 21.36033 286.4175 36.41813 24.10023  9.569332  8.084252
xbest 17.87422 104.0785 0.9721246 21.19754 286.4039 36.40253 24.07449  9.566388  8.180527
xbest 17.87422 104.0785 0.9721246 21.19754 286.4039 36.40214 24.03387  9.566388  8.180527
xbest 17.83612 104.0846 0.9716310 20.92473 286.4038 36.41361 24.00000  9.567237  8.421769
xbest 17.75491 103.9908 0.9698285 20.70974 286.4036 36.44528 24.00351  9.568883  8.643307
xbest 17.93148 101.6770 0.9703622 19.86065 286.4097 36.53869 24.00363  9.574836  9.113924
xbest 17.65426 103.8793 0.9677926 20.07006 286.4024 36.46631 24.00000  9.569870  9.272440
xbest 17.65426 103.8793 0.9452926 20.07006 286.4024 36.46631 24.00000  9.569870  9.272440
xbest 17.53534 103.6927 0.9659910 19.53744 286.4014 36.48719 24.01304  9.573401  9.795474
xbest 17.52093 103.6626 0.9603893 19.38769 286.3984 36.56215 24.00000  9.578546 10.000000
xbest 17.71828 103.5306 0.9677084 19.30533 286.3988 36.33636 24.00788  9.568644  9.925804
xbest 17.63216 103.2686 0.9703392 19.36834 286.3938 36.35441 24.00369  9.568484 10.000000
xbest 17.64321 101.7040 0.9689366 19.54216 286.3950 36.30854 24.05463  9.568097  9.962921
xbest 17.61674 103.0063 0.9729808 19.43915 286.3927 36.33329 24.00000  9.568283  9.999983
xbest 17.62439 103.0584 0.9694019 19.46928 286.3948 36.36958 24.01985  9.568346  9.959599
xbest 17.62939 102.0023 0.9716737 19.50130 286.3946 36.35185 24.01893  9.568160  9.984124
xbest 17.62850 101.1066 0.9708115 19.53119 286.3945 36.34833 24.01804  9.568117 10.000000
xbest 17.62833 101.0366 0.9677390 19.58269 286.3945 36.34082 24.02504  9.568091  9.999711
xbest 17.62800 100.9628 0.9696542 19.61010 286.3945 36.36562 24.01754  9.567823 10.000000
xbest 17.62507 100.9628 0.9696542 19.61010 286.3945 36.36562 24.01754  9.567823 10.000000
xbest 17.63108 100.6668 0.9694827 19.60386 286.3959 36.35284 24.03593  9.568285  9.999012
xbest 17.55673 100.9363 0.9702276 19.62218 286.3926 36.42149 24.04854  9.573889  9.998983
xbest 17.55673 100.6238 0.9477276 19.63390 286.3926 36.42149 24.04854  9.573889  9.998983
xbest 17.55673 100.6238 0.9477276 19.63390 286.3926 36.42149 24.04854  9.573889  9.998983
         [,10]
xbest 2.460639
xbest 2.632437
xbest 2.738650
xbest 5.000000
xbest 2.791038
xbest 5.000000
xbest 5.000000
xbest 5.000000
xbest 4.905000
xbest 2.832438
xbest 2.814625
xbest 2.810713
xbest 2.810713
xbest 2.822744
xbest 2.822744
xbest 2.798014
xbest 2.798014
xbest 2.814272
xbest 2.814272
xbest 2.813765
xbest 2.812772
xbest 2.802228
xbest 2.812427
xbest 2.812427
xbest 2.811840
xbest 2.810390
xbest 2.819924
xbest 2.824974
xbest 2.804182
xbest 2.827912
xbest 2.806101
xbest 2.802824
xbest 2.802152
xbest 2.801079
xbest 2.806653
xbest 2.806653
xbest 2.801468
xbest 2.798212
xbest 2.795243
xbest 2.795243

$time
elapsed elapsed elapsed elapsed elapsed elapsed elapsed elapsed elapsed elapsed elapsed elapsed 
   1.93    4.88    8.00   11.11   17.75   20.64   29.25   38.50   41.91  137.49  139.44  158.24 
elapsed elapsed elapsed elapsed elapsed elapsed elapsed elapsed elapsed elapsed elapsed elapsed 
 171.30  229.44  231.49  308.13  309.71  360.64  362.25  367.80  370.69  388.80  391.68  393.85 
elapsed elapsed elapsed elapsed elapsed elapsed elapsed elapsed elapsed elapsed elapsed elapsed 
 399.66  405.39  424.49  463.63  470.74  483.25  501.66  505.30  507.94  519.75  525.30  526.74 
elapsed elapsed elapsed elapsed 
 582.58  643.05  645.05  665.66 

$neval
 [1]   106   263   411   555   838   978  1388  1795  1951  6282  6375  7181  7794 10365 10467
[16] 13998 14076 16382 16462 16728 16864 17680 17816 17890 18156 18422 19236 20958 21296 21842
[31] 22725 22860 22993 23524 23798 23872 26441 29211 29302 30125

$fbest
[1] 970.2222

$xbest
 [1]  17.5567287 100.6237510   0.9477276  19.6338953 286.3926099  36.4214930  24.0485383
 [8]   9.5738892   9.9989830   2.7952434

$numeval
[1] 30125

$end_crit
[1] 1

$cpu_time
elapsed 
 665.66 

$Refset
$Refset$x
           [,1]        [,2]        [,3]      [,4]       [,5]      [,6]       [,7]       [,8]
 [1,] 100.62375  19.6338953  36.4214930  9.573889   2.795243 100.62375 19.6338953  36.421493
 [2,]  17.55673   0.9477276 286.3926099 24.048538   9.998983  17.55673  0.9477276 286.392610
 [3,]  17.50675 100.5749750   0.9704350 19.624122 286.390537  36.43825 24.0499866   9.576241
 [4,]  17.62278 101.4396395   0.9700597 19.565842 286.394808  36.36439 24.0369769   9.568120
 [5,]  17.64031 100.9090694   0.9687482 19.572519 286.392595  36.40903 24.0521543   9.569025
 [6,]  17.61390 102.1962911   0.9732134 19.474151 286.393120  36.33635 24.0006426   9.568254
 [7,]  17.60655 101.4158891   0.9695745 19.570918 286.407189  36.41962 24.0507126   9.568713
 [8,]  17.59832 101.4911438   0.9708908 19.601407 286.367458  36.27637 24.1718648   9.564308
 [9,]  17.63367 101.5584265   0.9712717 19.598666 286.321355  36.01120 24.1055581   9.561757
[10,]  17.64937 102.8350254   0.9746305 19.319598 286.395838  36.20297 24.0112782   9.555511
[11,]  21.72087 114.7362316   0.9761443 19.167912 286.323685  30.46422 24.5208959   9.308676
[12,]  14.73166 156.4874667   0.4701717 22.045895 286.424259  32.80935 26.7653257   6.655614
           [,9]    [,10]
 [1,]  9.573889 2.795243
 [2,] 24.048538 9.998983
 [3,] 10.000000 2.790065
 [4,]  9.997424 2.803573
 [5,]  9.990000 2.811014
 [6,]  9.987563 2.827619
 [7,]  9.990221 2.808542
 [8,]  9.981237 2.828188
 [9,]  9.936048 2.824598
[10,]  9.872758 2.823247
[11,]  9.251521 2.740566
[12,]  6.823665 2.593256

$Refset$f
 [1]  970.2222  970.2222  973.9948  975.1667  976.2830  982.7135  983.4809 1047.5208 1048.1441
[10] 1063.1441 1412.9392 4100.4028

$Refset$fpen
 [1]  970.2222  970.2222  973.9948  975.1667  976.2830  982.7135  983.4809 1047.5208 1048.1441
[10] 1063.1441 1412.9392 4100.4028

$Refset$const
           [,1]      [,2]      [,3]      [,4]     [,5]
 [1,] 26.001017  1.543998  9.634912 16.366105 2.596841
 [2,]  9.634912 16.366105  2.596841 26.001017 1.543998
 [3,]  9.624122 26.000000 16.375878  1.544244 2.595393
 [4,]  9.568418 26.002576 16.434158  1.543700 2.599634
 [5,]  9.582519 26.010000 16.427481  1.543972 2.597766
 [6,]  9.486588 26.012437 16.525849  1.543924 2.597667
 [7,]  9.580697 26.009779 16.429082  1.542416 2.602016
 [8,]  9.620169 26.018763 16.398593  1.546211 2.605747
 [9,]  9.662617 26.063952 16.401334  1.550972 2.599333
[10,]  9.446840 26.127242 16.680402  1.543396 2.606397
[11,]  9.916392 26.748479 16.832088  1.532950 3.044021
[12,] 15.222229 29.176335 13.954105  1.517992 3.127038

$Refset$penalty
 [1] 0 0 0 0 0 0 0 0 0 0 0 0


