$f
 [1] 1750.2847 1571.2951 1278.5347 1257.6719 1199.2830 1113.6979 1043.1719  993.4323  953.4774
[10]  940.9618  846.2986  838.1580  834.2552  813.6736  811.9983  800.0503  779.7170  778.2222
[19]  778.1024  764.8125  759.4201  758.6632  758.1562  749.7031  741.6545  740.5642  740.5642

$x
          [,1]     [,2]      [,3]     [,4]     [,5]     [,6]     [,7]     [,8]      [,9]
xbest 13.60834 325.5239 0.6650074 16.03246 285.1018 32.46411 31.05469 4.120626  8.023786
xbest 14.77594 335.4759 0.3476916 16.37358 285.7616 45.40052 28.68357 3.014661  2.894841
xbest 14.77594 374.4877 0.9911061 16.37126 285.5939 40.84458 28.68357 5.114803  3.517415
xbest 19.88114 186.1021 0.4721401 15.44565 286.3068 41.09174 27.16026 3.720110  7.131072
xbest 23.39618 192.6956 0.5115447 15.01436 286.6467 41.20112 24.00000 4.016369  7.971000
xbest 18.26372 184.8788 0.3064460 20.20084 286.2335 39.65996 27.75932 3.361176  7.160586
xbest 23.30400 190.6797 0.3244031 15.01436 286.6722 40.10596 24.00000 4.184867  7.921247
xbest 21.62971 207.5732 0.5843764 18.73508 286.5718 38.70951 27.35509 3.646437  7.065885
xbest 21.74360 195.6443 0.4901321 18.50975 286.5809 39.04650 26.46500 3.412294  7.062492
xbest 18.68146 179.1873 0.5843859 20.94887 286.0389 37.04251 29.60468 3.580970  7.255369
xbest 20.63848 171.9187 0.5785801 19.53077 286.0698 37.12124 29.97142 3.627692  7.213947
xbest 20.30285 174.2252 0.6045451 19.80334 286.0687 37.09474 30.16630 3.654793  7.115308
xbest 20.30285 174.2252 0.6719572 19.80627 286.0687 37.09474 30.16630 3.654793  7.115308
xbest 20.16198 172.2248 0.7721161 17.25550 286.1187 37.53335 29.97218 3.651611  9.354758
xbest 20.41324 185.5605 0.5910362 19.48737 286.2061 38.39868 30.12451 3.698535  6.459301
xbest 20.08638 154.1284 1.0000000 17.08704 286.1349 37.89231 30.11384 3.520354 10.000000
xbest 19.78103 171.2974 0.9633911 16.71338 286.2006 37.85985 30.11819 3.348238 10.000000
xbest 20.02254 194.7133 0.8810945 18.14211 286.2017 38.11751 29.91498 3.599563  7.472135
xbest 19.99733 194.0756 0.9161099 18.51635 286.2023 37.91880 30.11695 3.596117  7.556697
xbest 19.99733 194.0756 0.8711099 18.14135 286.2023 37.91880 30.11695 3.646117  7.556697
xbest 20.22148 188.1671 1.0000000 18.31321 286.1964 37.96129 30.10972 3.535037  7.636984
xbest 20.37282 189.0174 0.9997540 18.75866 286.2008 38.00775 30.16504 3.594527  7.093312
xbest 20.19604 188.0840 1.0000000 18.24672 286.1993 37.93715 30.07834 3.572173  7.637656
xbest 20.24845 188.0840 1.0000000 18.24672 286.1993 37.93715 30.20022 3.622173  7.637656
xbest 20.45817 147.1824 0.9885769 18.75642 286.1983 38.08672 30.18946 3.758575  8.449387
xbest 20.45817 147.1824 1.0000000 18.75642 286.1983 38.08672 30.18946 3.758575  8.449387
xbest 20.45817 147.1824 1.0000000 18.75642 286.1983 38.08672 30.18946 3.758575  8.449387
         [,10]
xbest 3.769556
xbest 2.672541
xbest 2.596669
xbest 1.235610
xbest 1.463771
xbest 1.781537
xbest 1.520107
xbest 1.937737
xbest 1.729127
xbest 3.318697
xbest 2.906679
xbest 3.067510
xbest 3.067510
xbest 2.573235
xbest 2.742403
xbest 2.080939
xbest 1.867550
xbest 2.189257
xbest 2.219683
xbest 2.219683
xbest 2.132153
xbest 2.378144
xbest 2.111624
xbest 2.111624
xbest 1.321293
xbest 1.324261
xbest 1.324261

$time
elapsed elapsed elapsed elapsed elapsed elapsed elapsed elapsed elapsed elapsed elapsed elapsed 
   1.91    5.03    7.94   10.36   12.72   15.32   17.77   20.36   22.91   25.30   27.57   33.33 
elapsed elapsed elapsed elapsed elapsed elapsed elapsed elapsed elapsed elapsed elapsed elapsed 
  34.86   47.94   50.75   53.11   55.66   57.96   60.33   61.82   78.03   80.68   83.10   89.13 
elapsed elapsed elapsed 
 104.94  117.41  555.27 

$neval
 [1]   106   261   437   583   722   864  1005  1145  1284  1425  1564  1848  1934  2625  2762
[16]  2899  3045  3182  3319  3403  4219  4355  4492  4850  5670  6293 30111

$fbest
[1] 740.5642

$xbest
 [1]  20.458169 147.182396   1.000000  18.756417 286.198277  38.086722  30.189456   3.758575
 [9]   8.449387   1.324261

$numeval
[1] 30111

$end_crit
[1] 1

$cpu_time
elapsed 
 555.27 

$Refset
$Refset$x
          [,1]     [,2]      [,3]     [,4]     [,5]     [,6]     [,7]     [,8]     [,9]    [,10]
 [1,] 20.32096 165.9826 0.9901560 18.07845 286.2150 38.14819 30.08338 3.663521 8.481178 2.116065
 [2,] 20.33458 178.4361 0.9896408 18.05153 286.2075 37.99120 30.13486 3.667815 8.115128 2.150523
 [3,] 20.33347 178.4150 0.9885099 18.06418 286.2055 37.99263 30.13774 3.670056 8.104333 2.149641
 [4,] 20.34102 178.5171 0.9898627 17.97463 286.2076 37.99058 30.13740 3.671541 8.186565 2.142717
 [5,] 20.33917 178.5560 0.9898377 17.96932 286.2077 37.99179 30.13900 3.674691 8.189797 2.141311
 [6,] 20.33597 178.4711 0.9895994 18.03839 286.2065 37.98937 30.13230 3.666800 8.122240 2.147854
 [7,] 20.33833 178.3689 0.9902200 18.05209 286.2123 37.99906 30.13494 3.670705 8.112931 2.153206
 [8,] 20.33432 178.4625 0.9889111 18.06225 286.2063 37.99212 30.13603 3.670157 8.103652 2.149604
 [9,] 20.34784 178.4955 0.9901759 17.97460 286.2084 37.99148 30.20855 3.671163 8.180544 2.146198
[10,] 20.33929 178.9255 0.9898797 18.06917 286.2067 37.99031 30.13753 3.668368 8.116278 2.148299
[11,] 20.33331 171.9464 0.9944943 18.07670 286.2242 38.19033 30.07670 3.688319 8.479780 2.073000
[12,] 11.31347 250.4240 0.8042965 21.01775 285.6361 36.80664 34.27524 4.084829 6.814616 2.111458

$Refset$f
 [1]  741.7101  743.4236  743.4236  743.4774  743.4774  743.5295  743.5347  743.4462  743.6545
[10]  744.0365  753.4809 1263.3872

$Refset$fpen
 [1]  741.7101  743.4236  743.4236  743.4774  743.4774  743.5295  743.5347  743.4462  743.6545
[10]  744.0365  753.4809 1263.3872

$Refset$const
           [,1]     [,2]     [,3]     [,4]     [,5]
 [1,]  9.597273 27.51882 17.92155 1.549504 2.942966
 [2,]  9.936399 27.88487 17.94847 1.549730 2.956742
 [3,]  9.959848 27.89567 17.93582 1.549978 2.956171
 [4,]  9.788061 27.81344 18.02537 1.549713 2.957040
 [5,]  9.779523 27.81020 18.03068 1.549690 2.957160
 [6,]  9.916148 27.87776 17.96161 1.549869 2.956250
 [7,]  9.939160 27.88707 17.94791 1.549148 2.957914
 [8,]  9.958602 27.89635 17.93775 1.549885 2.956332
 [9,]  9.794054 27.81946 18.02540 1.549312 2.964031
[10,]  9.952889 27.88372 17.93083 1.549817 2.956771
[11,]  9.596923 27.52022 17.92330 1.548513 2.942587
[12,] 14.203134 29.18538 14.98225 1.604107 3.324703

$Refset$penalty
 [1] 0 0 0 0 0 0 0 0 0 0 0 0


