$f
 [1] 1803.5295 1562.0642 1097.8576  900.6285  884.2865  874.4253  786.6580  775.8021  772.7118
[10]  764.1198  763.8524  746.1701  745.6858  738.9427  738.8941  738.5104  736.7517  734.6597
[19]  728.4861  719.9010  719.4774  708.6736  708.6128  708.2934  708.1701  708.1111  707.1632
[28]  706.8125  706.6476  706.6406  706.3490  706.3351  706.0573  705.9184  705.6892  705.5538
[37]  705.2431  705.2257  705.1823  705.1615  705.0833  704.8177  704.6181  701.3924  696.4392
[46]  695.9792  695.7483  689.2726  687.6424  687.5052  686.5382  686.1944  685.5503  684.5868
[55]  682.9774  682.9774

$x
          [,1]     [,2]      [,3]     [,4]     [,5]     [,6]     [,7]     [,8]     [,9]    [,10]
xbest 18.04662 310.2351 0.8367176 18.19920 286.6152 33.67045 24.97232 2.621480 9.229606 4.902169
xbest 18.03084 331.9431 0.9993654 16.94533 286.6552 37.41628 24.97071 3.044012 9.324274 4.834277
xbest 18.03084 304.8720 0.2899437 16.94533 286.6254 36.85059 24.65000 2.826334 8.965685 1.842443
xbest 18.18303 325.9886 0.5490162 16.10553 286.5451 38.30754 24.23678 5.325754 8.530583 1.774435
xbest 18.18303 326.3011 0.4604225 16.10553 286.5451 38.30754 24.24693 5.325754 8.518083 1.774435
xbest 18.68381 325.5660 0.5327243 15.36770 286.5608 38.20349 24.32938 6.009300 8.730093 2.177967
xbest 18.58372 322.3447 0.5333765 17.37552 286.5457 38.18627 24.25648 5.964900 7.193657 1.961532
xbest 18.47764 315.5146 0.7189617 18.08827 286.5609 38.34734 24.30473 6.040114 7.155544 2.111094
xbest 18.47764 315.5146 0.7639617 18.08827 286.5609 38.34734 24.30473 6.040114 7.155544 2.109610
xbest 18.97981 317.1947 1.0000000 18.25373 286.5577 38.17735 24.18725 5.975369 7.066059 2.232303
xbest 19.01003 314.9404 0.6909811 17.86689 286.5407 38.18183 24.21333 6.026783 6.795442 2.145861
xbest 18.92968 317.1029 0.8294433 17.90919 286.5563 38.17315 24.27075 6.018200 6.978811 2.161628
xbest 18.91072 315.6647 0.9226477 18.06964 286.5490 38.17987 24.20040 6.006472 6.992399 2.172782
xbest 18.92763 315.7603 0.9597898 18.09753 286.5506 38.18070 24.22493 6.006308 6.987743 2.192393
xbest 18.92763 315.7603 0.9597898 18.09753 286.5506 38.18070 24.22493 6.006308 6.990868 2.192393
xbest 18.82263 320.3382 0.8748694 17.92938 286.5560 38.15837 24.25006 6.018047 7.008547 2.204246
xbest 18.92615 316.5916 0.9052570 18.04410 286.5482 38.16370 24.21794 6.020978 6.969939 2.188500
xbest 18.90979 316.2851 1.0000000 18.03203 286.5480 38.16765 24.22545 6.021569 6.996511 2.197108
xbest 17.91801 316.9559 0.9891820 18.13591 286.5463 38.17153 24.22244 6.024194 7.502712 2.168972
xbest 18.10546 316.8523 0.9845187 18.11862 286.5457 38.17318 24.22357 6.025347 7.511344 2.156246
xbest 18.09771 316.8827 0.9816916 18.04244 286.5460 38.17109 24.25198 6.024875 7.481876 2.173168
xbest 18.09771 316.8827 1.0000000 18.03658 286.5460 38.18359 24.41448 6.024875 7.458438 2.173168
xbest 18.34664 316.9119 0.9998513 18.25233 286.5511 38.15973 24.22871 6.020882 7.272988 2.164995
xbest 18.34664 316.9119 0.9998513 18.25233 286.5511 38.15973 24.22871 6.020882 7.269863 2.164995
xbest 18.33617 316.4976 0.9991734 18.24071 286.5500 38.17504 24.21462 6.022152 7.307279 2.173619
xbest 18.35142 316.2246 0.9990182 18.24881 286.5511 38.17828 24.21487 6.022182 7.295441 2.174054
xbest 18.32992 316.8331 0.9996911 18.22432 286.5492 38.18253 24.21265 6.022342 7.305205 2.175334
xbest 18.34468 316.2264 0.9985226 18.24955 286.5509 38.18892 24.21793 6.022470 7.292806 2.174217
xbest 18.34468 316.2264 0.9985226 18.24955 286.5509 38.18892 24.21793 6.022470 7.292806 2.173475
xbest 18.36931 313.5148 0.9999124 18.34780 286.5436 38.14141 24.21645 6.021035 7.289783 2.174866
xbest 18.36463 314.7397 0.9998290 18.27328 286.5464 38.16884 24.21462 6.021529 7.307809 2.177061
xbest 18.36433 314.3948 0.9998551 18.30793 286.5460 38.15408 24.21445 6.021458 7.301762 2.181360
xbest 18.36278 314.4536 0.9998097 18.22134 286.5494 38.19961 24.21182 6.022929 7.356401 2.172989
xbest 18.38282 313.2926 1.0000000 18.28847 286.5446 38.18767 24.21605 6.021283 7.326194 2.172546
xbest 18.36594 313.5432 0.9986052 18.30767 286.5482 38.18643 24.21284 6.022052 7.314996 2.179186
xbest 18.36818 313.0423 0.9979895 18.28040 286.5474 38.19821 24.21472 6.022338 7.353846 2.189382
xbest 18.36826 312.7670 0.9980645 18.28176 286.5474 38.19818 24.21488 6.022309 7.359180 2.189713
xbest 18.36280 313.0971 0.9980803 18.29143 286.5488 38.20959 24.21257 6.023797 7.339521 2.186927
xbest 18.36690 313.3825 0.9996476 18.26605 286.5482 38.19869 24.21437 6.022687 7.353790 2.182769
xbest 18.36327 312.8299 0.9979336 18.27981 286.5492 38.20462 24.21244 6.023545 7.359771 2.187780
xbest 18.37212 312.9573 0.9992808 18.30108 286.5484 38.19750 24.21334 6.023166 7.331025 2.188319
xbest 18.37188 312.7373 0.9981586 18.29739 286.5486 38.19666 24.21306 6.023181 7.345567 2.189259
xbest 18.37130 312.5841 0.9981671 18.30018 286.5487 38.19610 24.21292 6.023336 7.346060 2.187990
xbest 18.35164 304.4363 0.9972364 18.14151 286.5811 38.33867 24.26227 5.982395 7.319668 1.804069
xbest 18.35164 304.4919 0.9990056 18.14151 286.5811 38.33867 24.09977 5.983500 7.369668 1.804069
xbest 18.34823 304.7794 0.9971988 18.15138 286.5730 38.34065 24.23591 5.983498 7.323240 1.802573
xbest 18.34437 304.7255 0.9967356 18.15864 286.5720 38.33462 24.23463 5.983075 7.321821 1.802662
xbest 18.50453 304.8737 0.9855333 18.13676 286.5718 38.32657 24.22899 5.976820 7.286496 1.830230
xbest 18.53438 304.9097 0.9842175 18.13453 286.5716 38.32847 24.22940 5.977326 7.273151 1.830807
xbest 18.54626 304.8975 0.9780387 18.13430 286.5715 38.32663 24.22809 5.977428 7.271355 1.830246
xbest 18.49579 304.9006 0.9967670 18.12420 286.5699 38.33093 24.23131 5.977976 7.307958 1.831776
xbest 18.55216 304.8991 0.9832500 18.13714 286.5719 38.32805 24.22994 5.977612 7.263778 1.829949
xbest 18.55216 304.8991 0.9832500 18.13787 286.5719 38.32805 24.22994 5.977612 7.263778 1.830691
xbest 18.57858 302.4616 0.9926280 18.16598 286.5630 38.32461 24.20073 5.977279 7.317564 1.817403
xbest 18.57736 302.2277 0.9948237 18.16682 286.5632 38.32506 24.20196 5.977172 7.317604 1.817706
xbest 18.57736 302.2277 0.9948237 18.16682 286.5632 38.32506 24.20196 5.977172 7.317604 1.817706

$time
elapsed elapsed elapsed elapsed elapsed elapsed elapsed elapsed elapsed elapsed elapsed elapsed 
   1.21    3.35    6.83   14.72   27.69   29.46   39.24   46.55   47.64   55.22   57.13   59.07 
elapsed elapsed elapsed elapsed elapsed elapsed elapsed elapsed elapsed elapsed elapsed elapsed 
  63.61   65.71   68.71   75.07   79.22   83.28   85.25   87.28   89.22   90.61  154.00  155.02 
elapsed elapsed elapsed elapsed elapsed elapsed elapsed elapsed elapsed elapsed elapsed elapsed 
 165.46  167.36  169.30  175.30  176.30  178.33  184.25  191.10  195.03  213.57  222.14  224.05 
elapsed elapsed elapsed elapsed elapsed elapsed elapsed elapsed elapsed elapsed elapsed elapsed 
 230.50  242.66  250.96  252.85  256.58  258.47  289.71  330.43  331.86  340.49  365.47  376.00 
elapsed elapsed elapsed elapsed elapsed elapsed elapsed elapsed 
 379.78  384.44  390.07  392.03  394.97  402.74  413.35  439.50 

$neval
 [1]   106   257   455  1022  1966  2103  2791  3339  3417  3959  4096  4234  4505  4646  4854
[16]  5269  5550  5823  5961  6099  6238  6339 10856 10930 11606 11742 11876 12293 12367 12506
[31] 12916 13325 13595 14886 15498 15636 16041 16916 17456 17592 17867 18005 20098 22749 22854
[46] 23401 25120 25875 26152 26434 26846 26989 27205 27747 28425 30119

$fbest
[1] 682.9774

$xbest
 [1]  18.5773610 302.2276759   0.9948237  18.1668207 286.5631633  38.3250560  24.2019586
 [8]   5.9771717   7.3176038   1.8177059

$numeval
[1] 30119

$end_crit
[1] 1

$cpu_time
elapsed 
  439.5 

$Refset
$Refset$x
          [,1]     [,2]      [,3]     [,4]     [,5]     [,6]     [,7]     [,8]     [,9]    [,10]
 [1,] 18.57736 302.2277 0.9948237 18.16682 286.5632 38.32506 24.20196 5.977172 7.317604 1.817706
 [2,] 18.54498 302.4235 0.9891992 18.16257 286.5625 38.32410 24.20017 5.977679 7.318054 1.814338
 [3,] 18.61858 301.4877 0.9870096 18.15617 286.5655 38.32536 24.21193 5.977720 7.299597 1.827073
 [4,] 18.60896 302.2270 0.9876073 18.16225 286.5662 38.32475 24.20906 5.977940 7.297480 1.826971
 [5,] 18.64153 300.4316 0.9900572 18.16748 286.5625 38.31509 24.22436 5.977728 7.311273 1.826036
 [6,] 18.58192 303.3132 0.9858725 18.14360 286.5686 38.32665 24.22763 5.977134 7.293744 1.827898
 [7,] 18.59719 302.2580 0.9883010 18.16151 286.5662 38.32486 24.21034 5.977945 7.298760 1.827829
 [8,] 18.65729 300.7588 0.9919302 18.17753 286.5817 38.55840 24.18083 5.976703 7.320012 1.834962
 [9,] 18.59138 301.6620 0.9872171 18.18246 286.5549 38.30942 24.24039 5.978053 7.296437 1.822597
[10,] 18.51214 302.3937 0.9930622 18.16472 286.5624 38.27141 24.20655 5.976385 7.322270 1.812492
[11,] 18.79131 318.6417 0.7316251 17.38997 286.6640 35.84709 26.20152 6.350764 6.695689 3.297594
[12,] 24.11122 307.6492 0.5222607 17.67900 286.1917 38.25645 29.49976 3.889660 7.420384 2.102128

$Refset$f
 [1]  682.9774  684.7135  685.0174  685.1319  685.2014  685.5625  685.5937  686.4219  685.5052
[10]  699.7847 1340.6215 3615.2309

$Refset$fpen
 [1]  682.9774  684.7135  685.0174  685.1319  685.2014  685.5625  685.5937  686.4219  685.5052
[10]  699.7847 1340.6215 3615.2309

$Refset$const
          [,1]     [,2]     [,3]     [,4]     [,5]
 [1,] 10.84922 28.68240 17.83318 1.528368 2.574108
 [2,] 10.84451 28.68195 17.83743 1.528441 2.573785
 [3,] 10.85658 28.70040 17.84383 1.528096 2.575660
 [4,] 10.86477 28.70252 17.83775 1.528035 2.575702
 [5,] 10.85621 28.68873 17.83252 1.528370 2.575971
 [6,] 10.84986 28.70626 17.85640 1.527742 2.577821
 [7,] 10.86275 28.70124 17.83849 1.528027 2.575810
 [8,] 10.85752 28.67999 17.82247 1.526818 2.568464
 [9,] 10.88602 28.70356 17.81754 1.529124 2.574721
[10,] 10.84245 28.67773 17.83528 1.528354 2.576664
[11,] 10.69428 29.30431 18.61003 1.503924 2.920067
[12,] 10.25861 28.57962 18.32100 1.555001 2.873540

$Refset$penalty
 [1] 0 0 0 0 0 0 0 0 0 0 0 0


