$f
 [1] 13992.8229  2878.8698  1810.1788  1560.9149  1378.8472  1271.2240  1224.1840  1218.4705
 [9]  1200.3767  1139.1736  1070.9896  1008.5503   878.8819   850.3437   828.4983   827.3351
[17]   810.5990   807.5833   791.4861   787.4635   784.4809   781.2691   779.9219   778.0677
[25]   778.0330   777.8924   777.8160   777.3733   776.9184   776.6354   776.6354

$x
          [,1]     [,2]      [,3]     [,4]     [,5]     [,6]     [,7]     [,8]     [,9]    [,10]
xbest 18.07381 255.2446 0.1967196 20.29821 286.1077 31.71028 28.35894 7.932507 7.659275 3.168798
xbest 18.12048 100.0000 0.1868387 15.55286 284.1434 39.92995 24.00000 2.000000 2.000000 4.708937
xbest 21.79195 100.0000 0.1000000 20.06991 284.2594 36.35224 24.00000 2.000000 2.250000 5.000000
xbest 17.73041 131.7326 0.6216339 24.89778 286.7989 41.59873 24.73333 4.176972 2.745491 1.200000
xbest 16.22347 170.9631 0.2087393 22.85620 286.6636 37.86597 26.10593 4.881283 3.168732 3.781736
xbest 15.90887 198.0395 0.2414944 22.44053 286.5929 36.36801 26.22099 4.698638 3.228066 3.063917
xbest 19.75445 127.0876 0.1648544 25.93905 286.6409 38.00138 24.12060 2.976936 2.711042 2.857925
xbest 15.97949 207.6975 0.2804869 22.16888 286.6670 37.40778 25.95426 3.401462 3.342214 2.573580
xbest 15.41760 210.4842 0.2812977 22.42533 286.6801 36.03560 25.56096 2.985460 3.347971 2.371066
xbest 13.75224 204.7089 0.4251752 24.12236 286.6711 36.33596 26.69015 5.791556 3.304236 2.400523
xbest 13.72880 205.3339 0.3541596 24.12236 286.6711 36.36096 26.69015 5.841556 3.301892 2.400523
xbest 16.77735 198.4541 0.1614166 22.19640 286.6502 36.34794 25.40136 6.303829 2.751224 2.485400
xbest 16.77735 178.4541 0.1610651 22.96984 286.6595 36.42294 25.11699 6.303829 2.904718 2.437900
xbest 14.48293 190.9046 0.4396703 24.97987 286.6359 36.97702 24.39514 6.504594 2.933617 2.888004
xbest 14.48293 190.9046 0.4191590 24.94673 286.5961 36.97482 24.07014 6.504041 2.833617 2.900599
xbest 15.37179 210.3327 0.2275134 22.08278 286.6833 36.35677 25.86282 6.472856 2.672712 2.581616
xbest 15.46999 210.0393 0.2296943 22.00947 286.6831 36.34389 25.84993 6.469109 2.660800 2.599331
xbest 15.36898 210.6744 0.2136359 22.09931 286.6781 36.30963 25.91498 6.453937 2.674603 2.574102
xbest 15.36898 210.0494 0.2136359 22.28681 286.6781 36.30963 25.83373 6.453937 2.649603 2.574102
xbest 15.30696 209.8976 0.2075930 22.21258 286.6750 36.41105 25.85863 6.474893 2.684362 2.476978
xbest 15.30696 209.8976 0.2075930 22.21258 286.6750 36.41105 25.85863 6.474893 2.690612 2.482916
xbest 15.31967 211.5639 0.2076475 21.95251 286.6787 36.39936 25.87024 6.474771 2.673000 2.477545
xbest 15.25890 209.6050 0.2102210 22.29188 286.6743 36.40233 25.85886 6.474003 2.692614 2.475726
xbest 15.25890 209.6832 0.2112757 22.29188 286.6743 36.40233 25.89948 6.474003 2.692614 2.475726
xbest 15.35298 209.7540 0.2114459 22.12868 286.6767 36.33096 25.85817 6.457077 2.796251 2.554569
xbest 15.35591 209.7540 0.2114459 22.12868 286.6767 36.33096 25.85817 6.457077 2.796251 2.554569
xbest 15.33600 210.2395 0.2116305 22.14523 286.6804 36.36187 25.89420 6.458701 2.768787 2.538317
xbest 15.32835 210.2122 0.2120525 22.15522 286.6761 36.36399 25.80094 6.461327 2.767621 2.547327
xbest 15.34454 209.3509 0.2115036 22.14336 286.6782 36.36006 25.85804 6.460114 2.801359 2.547447
xbest 15.32666 210.1978 0.2117515 22.12860 286.6783 36.36448 25.81886 6.460795 2.788296 2.547453
xbest 15.32666 210.1978 0.2117515 22.12860 286.6783 36.36448 25.81886 6.460795 2.788296 2.547453

$time
elapsed elapsed elapsed elapsed elapsed elapsed elapsed elapsed elapsed elapsed elapsed elapsed 
   1.10    3.08    4.91    6.77   10.22   11.88   13.50   17.44   19.05   20.64   23.75   73.85 
elapsed elapsed elapsed elapsed elapsed elapsed elapsed elapsed elapsed elapsed elapsed elapsed 
  75.44   98.75  100.21  113.55  115.29  117.04  119.83  137.54  138.46  140.14  151.75  156.19 
elapsed elapsed elapsed elapsed elapsed elapsed elapsed 
 199.18  200.02  250.71  318.50  339.24  357.27  374.41 

$neval
 [1]   106   267   421   573   865  1007  1144  1424  1563  1701  1968  6139  6274  8046  8171
[16]  9149  9287  9428  9659 11019 11098 11234 12175 12536 15949 16022 20130 25689 27388 28814
[31] 30097

$fbest
[1] 776.6354

$xbest
 [1]  15.3266591 210.1977820   0.2117515  22.1286018 286.6783132  36.3644829  25.8188649
 [8]   6.4607952   2.7882962   2.5474534

$numeval
[1] 30097

$end_crit
[1] 1

$cpu_time
elapsed 
 374.41 

$Refset
$Refset$x
           [,1]        [,2]        [,3]      [,4]       [,5]      [,6]       [,7]       [,8]
 [1,]  15.32666   0.2117515 286.6783132 25.818865   2.788296  15.32666  0.2117515 286.678313
 [2,] 210.19778  22.1286018  36.3644829  6.460795   2.547453 210.19778 22.1286018  36.364483
 [3,]  15.32666 210.1977820   0.2117515 22.128602 286.678313  36.36448 25.8188649   6.460795
 [4,]  15.34454 209.3508691   0.2115036 22.143362 286.678190  36.36006 25.8580382   6.460114
 [5,]  15.31700 210.4795731   0.2117192 22.144377 286.680697  36.35915 25.8777450   6.460470
 [6,]  15.33780 210.0932548   0.2109250 22.146256 286.679008  36.35475 25.8503429   6.460182
 [7,]  15.34635 209.7335742   0.2114704 22.147329 286.679716  36.35470 25.8752267   6.459689
 [8,]  15.32833 210.1297916   0.2118175 22.179847 286.679561  36.36327 25.8224520   6.461008
 [9,]  15.33339 210.4018945   0.2116468 22.114370 286.678270  36.36303 25.8168128   6.460168
[10,]  15.46832 207.4577339   0.2138814 22.130532 286.676036  36.37859 25.8432181   6.471593
[11,]  15.33595 206.2501619   0.2262348 22.131407 286.679375  36.36613 25.8777035   6.462487
[12,]  15.37191 208.3014033   0.2122912 22.357981 286.682759  36.35892 25.8116345   6.474991
           [,9]    [,10]
 [1,] 25.818865 2.788296
 [2,]  6.460795 2.547453
 [3,]  2.788296 2.547453
 [4,]  2.801359 2.547447
 [5,]  2.769992 2.544461
 [6,]  2.771153 2.543263
 [7,]  2.780404 2.549016
 [8,]  2.751183 2.541394
 [9,]  2.784867 2.547497
[10,]  2.825845 2.543473
[11,]  2.785888 2.543362
[12,]  2.756588 2.473127

$Refset$f
 [1] 776.6354 776.6354 776.6354 776.9184 777.2205 777.2205 777.2257 777.9549 778.5712 790.4271
[11] 793.2170 939.4896

$Refset$fpen
 [1] 776.6354 776.6354 776.6354 776.9184 777.2205 777.2205 777.2257 777.9549 778.5712 790.4271
[11] 793.2170 939.4896

$Refset$const
          [,1]      [,2]      [,3]      [,4]     [,5]
 [1,] 19.34031 13.871398  2.856199 33.211704 1.505676
 [2,] 33.21170  1.505676 19.340306 13.871398 2.856199
 [3,] 19.34031 33.211704 13.871398  1.505676 2.856199
 [4,] 19.34200 33.198641 13.856638  1.505505 2.859970
 [5,] 19.37438 33.230008 13.855623  1.505122 2.862862
 [6,] 19.37510 33.228847 13.853744  1.505426 2.859958
 [7,] 19.36692 33.219596 13.852671  1.505234 2.862510
 [8,] 19.42866 33.248817 13.820153  1.505510 2.857123
 [9,] 19.32950 33.215133 13.885630  1.505685 2.856089
[10,] 19.30469 33.174155 13.869468  1.505879 2.856541
[11,] 19.34552 33.214112 13.868593  1.505298 2.861854
[12,] 19.60139 33.243412 13.642019  1.505171 2.857764

$Refset$penalty
 [1] 0 0 0 0 0 0 0 0 0 0 0 0


