$f
 [1] 1243.0764 1013.4444  748.7292  733.3837  537.5069  506.3299  496.5990  460.4878  415.1302
[10]  372.6875  372.6875

$x
           [,1]     [,2]      [,3]     [,4]     [,5]     [,6]     [,7]      [,8]     [,9]
xbest  6.463299 342.4250 0.5153920 21.05096 285.3920 35.17696 32.42098  9.895903 3.187150
xbest  6.637024 326.6469 0.5125639 20.90103 285.3912 36.52383 32.26243  9.989629 2.328896
xbest  7.000603 288.2616 0.4131305 21.07131 285.3162 41.32383 32.44411 10.000000 2.000000
xbest 12.003330 174.7867 0.2476631 19.28638 286.4834 42.55224 25.32128  7.044736 5.279988
xbest 12.003330 174.7867 0.2814131 19.28638 286.5209 42.55224 25.48378  7.044736 5.629988
xbest 11.723622 181.3053 0.2438970 19.25506 286.7469 44.73499 25.17777  7.308130 5.385135
xbest 11.815821 182.3822 0.2445017 19.14550 286.7012 43.46750 25.38797  7.228648 5.222211
xbest 11.815821 182.3822 0.2220017 19.28612 286.7012 43.66750 25.38797  7.228648 5.209711
xbest 11.785097 169.0619 0.2411633 19.53584 286.4923 42.15406 25.56854  7.266170 5.551478
xbest 11.972597 174.0229 0.2524133 19.53584 286.4922 42.15406 25.73104  7.266366 5.601478
xbest 11.972597 174.0229 0.2524133 19.53584 286.4922 42.15406 25.73104  7.266366 5.601478
         [,10]
xbest 4.459407
xbest 4.766345
xbest 4.718845
xbest 1.593459
xbest 1.495491
xbest 1.212527
xbest 1.243635
xbest 1.291135
xbest 1.555232
xbest 1.555232
xbest 1.555232

$time
elapsed elapsed elapsed elapsed elapsed elapsed elapsed elapsed elapsed elapsed elapsed 
   1.23    4.90    7.05   31.98   33.30   45.22   50.03   51.25   59.50   69.51  362.58 

$neval
 [1]   106   408   589  2641  2753  3696  4101  4208  4885  5674 30090

$fbest
[1] 372.6875

$xbest
 [1]  11.9725974 174.0228670   0.2524133  19.5358436 286.4921811  42.1540572  25.7310434
 [8]   7.2663657   5.6014782   1.5552320

$numeval
[1] 30090

$end_crit
[1] 1

$cpu_time
elapsed 
 362.58 

$Refset
$Refset$x
          [,1]     [,2]      [,3]     [,4]     [,5]     [,6]     [,7]     [,8]     [,9]    [,10]
 [1,] 11.45049 206.6969 0.2201161 19.13826 286.5393 42.87053 25.97280 7.114741 4.405029 1.386335
 [2,] 11.45008 206.7099 0.2202554 19.13829 286.5392 42.86948 25.97353 7.114588 4.404945 1.386351
 [3,] 11.45040 206.6920 0.2201851 19.13715 286.5393 42.87310 25.97206 7.114939 4.405074 1.386170
 [4,] 11.45040 206.7110 0.2202320 19.13814 286.5393 42.86966 25.97309 7.114620 4.404719 1.386828
 [5,] 11.44994 206.6847 0.2202737 19.13827 286.5393 42.86990 25.97319 7.114703 4.406350 1.386534
 [6,] 11.45055 206.7015 0.2201424 19.13802 286.5394 42.87013 25.97586 7.114659 4.405097 1.386666
 [7,] 11.45049 206.6966 0.2201191 19.13826 286.5393 42.87034 25.97262 7.114767 4.405024 1.386339
 [8,] 11.44992 206.6424 0.2207959 19.14007 286.5363 42.88791 25.93467 7.114117 4.402243 1.379210
 [9,] 11.45703 206.7443 0.2206588 19.17009 286.5380 42.87770 25.95653 7.107105 4.405618 1.389713
[10,] 11.45643 206.7291 0.2212368 19.15973 286.5388 42.87206 25.96894 7.108853 4.406397 1.385658
[11,] 11.45361 206.7101 0.2213301 19.13539 286.5331 41.63258 25.98262 7.051386 4.406796 1.405517
[12,] 11.48961 207.2536 0.2184570 19.18789 286.5448 43.71540 25.92749 7.134916 4.404611 1.384655

$Refset$f
 [1] 412.1701 412.1701 412.1701 412.1701 412.1701 412.1701 412.1701 415.6927 418.5608 420.1285
[11] 522.5122 532.1441

$Refset$fpen
 [1] 412.1701 412.1701 412.1701 412.1701 412.1701 412.1701 412.1701 415.6927 418.5608 420.1285
[11] 522.5122 532.1441

$Refset$const
          [,1]     [,2]     [,3]     [,4]     [,5]
 [1,] 14.73323 31.59497 16.86174 1.532834 2.495677
 [2,] 14.73335 31.59505 16.86171 1.532842 2.495729
 [3,] 14.73208 31.59493 16.86285 1.532834 2.495547
 [4,] 14.73342 31.59528 16.86186 1.532837 2.495715
 [5,] 14.73192 31.59365 16.86173 1.532836 2.495717
 [6,] 14.73292 31.59490 16.86198 1.532821 2.495910
 [7,] 14.73324 31.59498 16.86174 1.532834 2.495673
 [8,] 14.73783 31.59776 16.85993 1.533214 2.491623
 [9,] 14.76447 31.59438 16.82991 1.533001 2.493939
[10,] 14.75334 31.59360 16.84027 1.532893 2.495208
[11,] 14.72859 31.59320 16.86461 1.532125 2.543106
[12,] 14.78328 31.59539 16.81211 1.533083 2.463727

$Refset$penalty
 [1] 0 0 0 0 0 0 0 0 0 0 0 0


