$f
 [1] 598.8715 360.9253 351.4757 344.7361 340.5451 330.5833 315.7344 312.4062 267.3125 262.5174
[11] 260.6858 252.6406 251.5156 243.4080 243.3524 241.6406 241.6042 240.8056 233.5382 226.8646
[21] 213.7760 212.0312 210.1337 206.0122 205.0000 203.8524 198.6441 192.2813 187.6962 187.2517
[31] 187.2170 187.1493 187.1493

$x
          [,1]     [,2]      [,3]     [,4]     [,5]     [,6]     [,7]     [,8]     [,9]    [,10]
xbest 19.09950 194.7120 0.3584879 15.06233 286.7536 39.26783 25.35842 9.230765 8.836733 4.760219
xbest 19.96635 203.4279 0.1298692 21.32676 286.4604 48.00000 27.21266 4.347767 2.000136 4.131283
xbest 19.96635 203.4279 0.1297450 21.32676 286.4979 47.60000 27.21266 4.347767 2.000136 4.131283
xbest 19.96635 203.4279 0.1299154 21.32676 286.4537 47.47953 27.21266 4.347767 2.000136 4.131283
xbest 17.60152 362.4487 0.6323953 19.05013 285.8738 36.73009 26.40469 4.225728 2.788919 4.741058
xbest 14.95446 468.5099 0.5970218 16.92898 286.1033 35.61338 29.34467 4.501462 3.075096 4.153562
xbest 17.65834 356.2663 0.4190003 18.98519 285.8353 35.62800 26.40409 4.247070 2.790360 4.731090
xbest 17.61870 359.6464 0.5053078 19.04659 285.8575 36.09289 26.40475 4.238121 2.788967 4.734806
xbest 17.61870 359.5292 0.5497804 19.04659 285.8575 36.09289 26.32350 2.000000 2.751465 5.000000
xbest 20.01892 207.4368 0.1239063 20.89662 286.4137 46.93920 28.46037 4.235221 2.038820 4.183394
xbest 15.20813 490.6756 0.9859908 16.03165 286.1147 34.92976 30.09091 5.295168 3.089489 3.939328
xbest 15.03735 491.2808 0.8568556 15.87722 286.1282 35.60822 29.64278 5.297893 3.089527 3.966900
xbest 15.01514 491.1198 0.7858672 15.85232 286.1267 35.51607 29.58342 5.298631 3.089533 3.982423
xbest 15.02878 489.4820 0.8671095 16.09907 286.1300 35.50039 29.84730 5.300010 3.089674 3.945479
xbest 19.61394 209.4557 0.1505857 20.99342 286.3855 46.68492 28.26521 4.209529 2.103677 4.010631
xbest 19.61394 209.4557 0.1505857 20.99342 286.3855 46.67867 28.22458 4.209529 2.091177 4.034381
xbest 19.60917 208.5172 0.1525949 20.99217 286.3876 46.67772 28.25145 4.210228 2.125093 4.019717
xbest 19.60917 208.5172 0.1525949 20.99217 286.3876 46.67772 28.25145 4.210228 2.121968 4.019717
xbest 19.13635 251.9562 0.1788673 21.59865 286.2385 36.42054 29.71209 5.314533 2.343017 3.883124
xbest 19.13635 251.9562 0.1848335 21.59865 286.2385 36.52054 29.71209 5.302033 2.393017 3.859374
xbest 19.46052 246.7797 0.1858105 21.52996 286.2676 37.58045 29.71934 5.284972 2.265632 3.896887
xbest 19.46052 246.7797 0.1858984 21.71746 286.2676 37.58045 29.71934 5.284972 2.265632 3.896887
xbest 20.29325 232.3161 0.1785534 21.02619 286.2526 37.22928 29.40896 6.593166 2.025780 3.802299
xbest 20.29325 232.3161 0.1785534 21.02033 286.2526 37.32928 29.40896 6.593166 2.038280 3.814174
xbest 18.96116 263.9819 0.1901535 20.79995 286.2348 37.62595 29.26047 6.503434 2.162219 4.062090
xbest 18.96116 263.8257 0.1901535 20.79995 286.2348 37.62595 29.26047 6.503434 2.137219 4.062090
xbest 18.56128 270.0607 0.2202766 20.71939 286.2359 37.75103 29.48698 6.537039 2.278761 4.139435
xbest 18.56128 270.0607 0.2417219 20.71939 286.2359 37.75103 29.48698 6.537039 2.260011 4.139435
xbest 18.27506 269.8239 0.2207652 20.71501 286.2352 37.74425 29.64149 6.554263 2.267293 4.193448
xbest 18.28925 269.9002 0.2208954 20.71575 286.2353 37.74589 29.63910 6.554256 2.275638 4.190825
xbest 18.29558 269.9127 0.2208790 20.71602 286.2353 37.74674 29.63897 6.554257 2.279530 4.190777
xbest 18.29851 269.9127 0.2208790 20.71602 286.2353 37.74674 29.63897 6.554257 2.279530 4.190777
xbest 18.29851 269.9127 0.2208790 20.71602 286.2353 37.74674 29.63897 6.554257 2.279530 4.190777

$time
elapsed elapsed elapsed elapsed elapsed elapsed elapsed elapsed elapsed elapsed elapsed elapsed 
   1.22    3.30    4.52    6.55   10.63   14.70   16.64   18.61   26.72   80.30   91.77   93.84 
elapsed elapsed elapsed elapsed elapsed elapsed elapsed elapsed elapsed elapsed elapsed elapsed 
  97.84  101.95  204.36  205.78  250.78  251.84  277.06  278.44  282.56  299.92  368.66  369.92 
elapsed elapsed elapsed elapsed elapsed elapsed elapsed elapsed elapsed 
 385.13  392.63  424.45  425.72  436.17  444.38  446.47  447.50  459.45 

$neval
 [1]   106   258   341   488   765  1049  1187  1325  1891  5416  6168  6304  6571  6844 13573
[16] 13667 16534 16608 18375 18472 18743 19908 24290 24380 25326 25812 27831 27921 28593 29141
[31] 29278 29351 30041

$fbest
[1] 187.1493

$xbest
 [1]  18.298511 269.912744   0.220879  20.716021 286.235344  37.746742  29.638968   6.554257
 [9]   2.279530   4.190777

$numeval
[1] 30041

$end_crit
[1] 1

$cpu_time
elapsed 
 459.45 

$Refset
$Refset$x
           [,1]        [,2]        [,3]      [,4]       [,5]      [,6]       [,7]       [,8]
 [1,] 269.91274  20.7160213  37.7467420  6.554257   4.190777 269.91274 20.7160213  37.746742
 [2,]  18.29851   0.2208790 286.2353439 29.638968   2.279530  18.29851  0.2208790 286.235344
 [3,]  18.31646 270.6250150   0.2381900 20.711579 286.235265  37.74888 29.5954031   6.554891
 [4,]  18.31591 270.5627403   0.2360704 20.712743 286.236319  37.75659 29.5667775   6.554837
 [5,]  18.56128   0.2417219 286.2359275 29.486979   2.260011  18.56128  0.2417219 286.235928
 [6,] 270.06066  20.7193861  37.7510269  6.537039   4.139435 270.06066 20.7193861  37.751027
 [7,]  19.56362 209.0778935   0.1533141 20.970504 286.384619  46.58260 28.2717664   4.209408
 [8,]  18.94431 260.5265945   0.1695783 19.532506 286.332037  37.92963 29.7248932   6.574350
 [9,]  19.59872 208.9064978   0.1519710 20.978237 286.357304  46.56813 28.2584687   4.209079
[10,]  18.13638 270.2390584   0.2406833 20.714830 286.321161  37.89561 29.6152084   6.321712
[11,]  17.48112 279.1496030   0.2521976 20.665372 286.297567  38.25153 29.3928960   6.335309
[12,]  18.17658 209.5503768   0.1745941 20.458050 286.246072  46.30081 30.0805128   4.720377
           [,9]    [,10]
 [1,]  6.554257 4.190777
 [2,] 29.638968 2.279530
 [3,]  2.295921 4.135987
 [4,]  2.273223 4.126530
 [5,] 29.486979 2.260011
 [6,]  6.537039 4.139435
 [7,]  2.150226 4.006604
 [8,]  3.471208 4.148499
 [9,]  2.128778 4.017925
[10,]  2.766629 4.114623
[11,]  2.971499 4.278379
[12,]  3.377036 3.806442

$Refset$f
 [1] 187.1493 187.1493 189.8420 189.9618 192.2813 192.2813 241.0365 234.5365 252.1962 253.1233
[11] 253.7378 333.9444

$Refset$fpen
 [1] 187.1493 187.1493 189.8420 189.9618 192.2813 192.2813 241.0365 234.5365 252.1962 253.1233
[11] 253.7378 333.9444

$Refset$const
          [,1]      [,2]      [,3]      [,4]     [,5]
 [1,] 33.72047  1.547469 18.436492 15.283979 2.938367
 [2,] 18.43649 15.283979  2.938367 33.720470 1.547469
 [3,] 18.41566 33.704079 15.288421  1.547664 2.934091
 [4,] 18.43952 33.726777 15.287257  1.547673 2.931230
 [5,] 18.45938 15.280614  2.924043 33.739989 1.548028
 [6,] 33.73999  1.548028 18.459376 15.280614 2.924043
 [7,] 18.82028 33.849774 15.029496  1.548139 2.448503
 [8,] 16.06130 32.528792 16.467494  1.535573 2.969373
 [9,] 18.84946 33.871222 15.021763  1.550822 2.439835
[10,] 17.94820 33.233371 15.285170  1.537296 2.957352
[11,] 17.69387 33.028501 15.334628  1.542286 2.902523
[12,] 17.08101 32.622964 15.541950  1.560286 2.520251

$Refset$penalty
 [1] 0 0 0 0 0 0 0 0 0 0 0 0


