$f
 [1] 2499.0642 1339.3646 1120.2674  946.0278  850.0365  828.4028  720.7674  687.5451  542.9931
[10]  495.9566  463.3785  462.0035  435.8924  413.3108  403.7205  402.9531  395.3038  393.1458
[19]  392.4358  387.4427  386.2552  386.0087  385.9028  382.4983  381.2951  380.4896  379.5000
[28]  374.7639  374.4844  374.2049  373.4844  373.0868  372.9861  372.9687  372.8872  372.8802
[37]  372.8767  372.7830  372.7326  372.6701  372.6181  372.4115  372.4115

$x
          [,1]     [,2]      [,3]     [,4]     [,5]     [,6]     [,7]      [,8]      [,9]
xbest 16.54935 230.5734 0.9190862 25.80760 285.0982 38.14370 27.41583  5.406953  2.066526
xbest 16.59139 136.4305 0.1911524 20.79765 286.6893 48.00000 34.74998 10.000000  9.250994
xbest 16.60311 116.4305 0.2811524 20.83281 286.6893 47.97500 34.74998 10.000000  9.297869
xbest 18.72833 166.3418 0.3248652 20.45548 286.3073 41.55914 29.52661  7.417225  9.483642
xbest 17.90709 164.2534 0.2247442 19.49463 286.4788 41.55791 30.67309  7.398599 10.000000
xbest 18.83781 169.9738 0.2227618 19.04405 286.4669 41.09451 30.29335  7.443029  9.535762
xbest 17.71360 165.8507 0.2363111 19.54267 286.5747 41.87952 30.44094  7.402662  9.739030
xbest 17.59754 160.4765 0.2432701 19.54967 286.5635 44.32915 31.45250  7.724374  9.743804
xbest 17.59754 140.4765 0.1504576 19.54967 286.5635 44.32915 31.45250  7.727499  9.806304
xbest 15.19945 379.5751 0.9825030 16.48059 286.7520 43.48589 29.19948  7.241246  6.528444
xbest 15.19945 398.9501 0.9375030 16.48059 286.7520 43.48589 28.87448  7.241246  6.528444
xbest 15.72311 352.4173 1.0000000 17.79164 286.6939 44.52673 28.50182  7.300062  5.777522
xbest 15.72311 352.3392 0.9071875 17.79164 286.6939 44.52673 28.50182  7.300062  5.827522
xbest 15.07032 384.1616 0.4305564 21.04661 286.6746 44.16018 28.60777  7.311839  2.449098
xbest 15.07032 384.1616 0.4305564 20.67161 286.6746 44.16097 28.60777  7.311839  2.442848
xbest 15.12282 375.4996 0.4941948 19.48303 286.6902 43.75069 29.13409  7.284395  4.113558
xbest 15.16970 374.8746 0.4970073 19.48303 286.6902 43.65069 29.13409  7.284395  4.112777
xbest 15.15555 371.6305 0.5094462 20.17323 286.6898 43.98893 28.88292  7.287168  3.634129
xbest 15.15622 357.8291 0.2630378 19.93160 286.6921 43.66925 29.20568  7.288366  3.432197
xbest 15.15565 368.2218 0.4012291 20.07390 286.6900 43.89505 29.01174  7.287595  3.667997
xbest 15.15565 368.2999 0.4012291 20.07390 286.6900 43.89505 28.97111  7.287595  3.667997
xbest 15.26001 361.0634 0.4591039 19.80149 286.6915 43.86975 29.04983  7.283320  4.105842
xbest 15.24289 360.4465 0.4560090 19.79663 286.6917 43.86916 29.01232  7.283911  4.105598
xbest 15.30980 360.8631 0.4733545 19.85998 286.6915 43.86775 29.05429  7.282366  4.048889
xbest 15.32331 360.5470 0.4744928 19.81021 286.6910 43.86801 28.98475  7.282834  4.085174
xbest 15.32331 360.5470 0.4744928 19.81021 286.6910 43.86801 28.98475  7.282834  4.082049
xbest 15.26659 368.0050 0.4981251 20.35468 286.6823 43.83949 28.84634  7.283493  3.458482
xbest 15.29975 368.3191 0.4970503 20.36469 286.6823 43.84294 28.83937  7.284204  3.457650
xbest 15.31901 368.3564 0.4983038 20.35876 286.6823 43.83833 28.84793  7.284058  3.458943
xbest 15.32324 368.3421 0.4973776 20.36422 286.6823 43.84056 28.84173  7.284186  3.457198
xbest 15.33202 368.6546 0.4987839 20.36422 286.6823 43.84056 28.84173  7.284186  3.457198
xbest 15.34549 361.5012 0.4767941 19.93697 286.6799 43.92205 28.81074  7.291439  3.919099
xbest 15.34214 361.5492 0.4751842 19.98280 286.6784 43.90640 28.79036  7.290978  3.883536
xbest 15.34280 361.7924 0.4747718 19.96895 286.6804 43.93045 28.81878  7.290860  3.885918
xbest 15.34571 361.5224 0.4748283 19.98073 286.6803 43.92633 28.79015  7.290942  3.882778
xbest 15.34571 361.5224 0.4748283 19.98073 286.6803 43.92633 28.79015  7.290942  3.879653
xbest 15.33883 361.7861 0.4769262 19.97224 286.6798 43.91167 28.80663  7.291010  3.889808
xbest 15.34354 361.3251 0.4765403 19.91561 286.6800 43.91306 28.81434  7.291670  3.946985
xbest 15.34453 361.1602 0.4769488 19.87539 286.6806 43.91587 28.82098  7.291806  3.984184
xbest 15.34914 360.6876 0.4773780 19.95388 286.6804 43.91533 28.81545  7.291798  3.930053
xbest 15.34874 360.5771 0.4772998 19.89992 286.6804 43.91552 28.81475  7.291784  3.979530
xbest 15.35109 360.0751 0.4775665 19.92117 286.6805 43.91583 28.81316  7.291789  3.976099
xbest 15.35109 360.0751 0.4775665 19.92117 286.6805 43.91583 28.81316  7.291789  3.976099
         [,10]
xbest 3.261081
xbest 3.400656
xbest 3.400656
xbest 2.629417
xbest 2.292630
xbest 2.425352
xbest 2.318447
xbest 2.390563
xbest 2.360876
xbest 1.824496
xbest 1.824496
xbest 1.793785
xbest 1.770035
xbest 1.738947
xbest 1.738947
xbest 1.743444
xbest 1.738248
xbest 1.736470
xbest 1.720193
xbest 1.731069
xbest 1.731069
xbest 1.734486
xbest 1.733696
xbest 1.733991
xbest 1.734268
xbest 1.737237
xbest 1.739795
xbest 1.738620
xbest 1.740201
xbest 1.740043
xbest 1.740043
xbest 1.731232
xbest 1.732096
xbest 1.733475
xbest 1.732114
xbest 1.732114
xbest 1.731951
xbest 1.731667
xbest 1.731385
xbest 1.731441
xbest 1.731436
xbest 1.731364
xbest 1.731364

$time
elapsed elapsed elapsed elapsed elapsed elapsed elapsed elapsed elapsed elapsed elapsed elapsed 
   1.56    4.10    6.49   13.66   16.03   18.60   23.22   26.30   33.13   57.69   59.10   75.50 
elapsed elapsed elapsed elapsed elapsed elapsed elapsed elapsed elapsed elapsed elapsed elapsed 
  82.31  124.06  125.47  149.86  151.78  171.10  177.85  181.70  187.17  201.94  212.77  216.17 
elapsed elapsed elapsed elapsed elapsed elapsed elapsed elapsed elapsed elapsed elapsed elapsed 
 222.83  224.20  231.63  242.19  244.70  247.25  251.24  304.69  320.63  323.47  332.33  336.06 
elapsed elapsed elapsed elapsed elapsed elapsed elapsed 
 384.28  393.03  398.05  517.08  533.53  569.86  575.22 

$neval
 [1]   106   251   361   785   926  1065  1338  1477  1866  3356  3450  4524  4905  7197  7281
[16]  8639  8748  9567  9835  9969 10185 10724 11130 11264 11544 11623 12029 12569 12706 12843
[31] 13067 15948 16700 16842 17264 17473 20072 20559 20833 27202 28086 29949 30156

$fbest
[1] 372.4115

$xbest
 [1]  15.3510887 360.0750633   0.4775665  19.9211674 286.6804914  43.9158294  28.8131615
 [8]   7.2917887   3.9760995   1.7313641

$numeval
[1] 30156

$end_crit
[1] 1

$cpu_time
elapsed 
 575.22 

$Refset
$Refset$x
          [,1]     [,2]      [,3]     [,4]     [,5]     [,6]     [,7]     [,8]     [,9]    [,10]
 [1,] 15.35109 360.0751 0.4775665 19.92117 286.6805 43.91583 28.81316 7.291789 3.976099 1.731364
 [2,] 15.34874 360.5771 0.4772998 19.89992 286.6804 43.91552 28.81475 7.291784 3.979530 1.731436
 [3,] 23.06128 392.0222 0.5580594 23.88635 286.2823 45.12468 41.82248 2.355198 7.224861 2.826722
 [4,] 33.73591 298.4606 0.6563883 25.81969 284.2317 29.30940 46.67568 2.481626 3.268647 4.223698
 [5,] 32.00005 444.5087 0.5843689 19.62436 285.1770 30.99556 31.11049 9.677822 8.392713 3.230235
 [6,] 15.34618 361.2987 0.4771847 19.87804 286.6808 43.91594 28.81798 7.291685 3.978230 1.731395
 [7,] 15.34519 361.1774 0.4770022 19.87480 286.6792 43.91553 28.81441 7.291759 3.983687 1.731408
 [8,] 15.34176 361.9151 0.4765296 19.94676 286.6770 43.90769 28.79508 7.291430 3.901908 1.731404
 [9,] 15.34666 361.1680 0.4771279 19.94469 286.6756 43.91392 28.78934 7.291590 3.923823 1.731299
[10,] 15.31304 361.1948 0.4770937 19.89306 286.6797 43.91570 28.81519 7.291494 3.988542 1.731422
[11,] 15.35041 360.8470 0.4809171 19.88686 286.6802 43.93259 28.79865 7.291759 3.983806 1.731530
[12,] 15.34594 360.6676 0.4773758 19.94710 286.6804 43.91555 28.82516 7.291367 3.945071 1.731586

$Refset$f
 [1]     372.4115     372.6181  122101.1510 1000000.0000  811309.9983     372.7326     372.7326
 [8]     372.7778     373.0799     373.0226     372.7344     373.5000

$Refset$fpen
 [1] 3.724115e+02 3.726181e+02 1.793480e+05 9.999975e+11 8.775236e+05 3.727326e+02 3.727326e+02
 [8] 3.727778e+02 3.730799e+02 3.730226e+02 3.727344e+02 3.735000e+02

$Refset$const
              [,1]         [,2]         [,3]         [,4]         [,5]
 [1,] 1.594507e+01 3.202390e+01 1.607883e+01 1.513098e+00 2.688640e+00
 [2,] 1.592039e+01 3.202047e+01 1.610008e+01 1.513100e+00 2.688736e+00
 [3,] 1.666149e+01 2.877514e+01 1.211365e+01 1.511431e+00 3.557247e+00
 [4,] 1.000000e+06 1.000000e+06 1.000000e+06 1.000000e+06 1.000000e+06
 [5,] 1.123164e+01 2.760729e+01 1.637564e+01 1.662602e+00 3.566214e+00
 [6,] 1.589981e+01 3.202177e+01 1.612196e+01 1.513049e+00 2.689088e+00
 [7,] 1.589111e+01 3.201631e+01 1.612520e+01 1.513231e+00 2.688254e+00
 [8,] 1.604485e+01 3.209809e+01 1.605324e+01 1.513522e+00 2.686405e+00
 [9,] 1.602086e+01 3.207618e+01 1.605531e+01 1.513694e+00 2.685231e+00
[10,] 1.590452e+01 3.201146e+01 1.610694e+01 1.513179e+00 2.688476e+00
[11,] 1.590305e+01 3.201619e+01 1.611314e+01 1.513198e+00 2.686813e+00
[12,] 1.600203e+01 3.205493e+01 1.605290e+01 1.513071e+00 2.689440e+00

$Refset$penalty
 [1] 0.000000e+00 0.000000e+00 5.724688e-02 9.999965e+05 6.621363e-02 0.000000e+00 0.000000e+00
 [8] 0.000000e+00 0.000000e+00 0.000000e+00 0.000000e+00 0.000000e+00


