$f
 [1] 1770.9601 1457.3750 1404.2101  907.3924  841.1024  797.9201  780.1806  691.7413  567.9931
[10]  567.5990  543.7274  536.4323  498.1302  476.8385  436.7778  416.6615  396.9132  360.6267
[19]  312.5573  312.1875  311.3715  310.5747  310.2188  309.3663  309.3490  309.0052  308.2830
[28]  307.6389  305.6094  296.0712  295.8177

$x
           [,1]     [,2]      [,3]     [,4]     [,5]     [,6]     [,7]      [,8]     [,9]
xbest  9.563356 269.5992 0.4167195 19.20491 284.9687 31.99693 29.27424  2.184577 8.017672
xbest 11.524671 234.8680 0.4335154 22.21490 286.5257 40.14678 32.18818  8.357679 7.324378
xbest 11.534497 237.2807 0.4785154 22.21817 286.5257 39.94678 32.18818  8.357679 7.223504
xbest 11.698771 232.1314 0.3074298 21.16550 286.4194 40.28596 32.06086 10.000000 7.544903
xbest 11.687933 231.0483 0.3388782 21.15143 286.4013 39.60368 32.24076 10.000000 7.542646
xbest 13.166311 240.1321 0.4638161 21.61820 286.4710 40.65188 31.98135  7.179852 6.567931
xbest 14.072598 224.5300 0.4433636 23.83485 286.4692 41.71953 33.09486  6.768071 4.792658
xbest 12.215484 320.9471 0.5503283 21.36654 286.5595 40.73021 32.27009  7.262660 4.293141
xbest 11.584627 406.7609 0.5981334 21.32665 286.5583 40.89148 32.65749  7.159192 2.610712
xbest 11.595242 408.0687 0.5918169 21.34640 286.5570 40.89284 32.65860  7.155877 2.601511
xbest 11.595242 408.1474 0.5468169 21.34936 286.5617 40.89284 32.65860  7.155877 2.557761
xbest 11.716268 323.8868 0.4826177 21.92995 286.4567 40.91238 31.91944  7.397781 3.782326
xbest 11.716268 323.8868 0.4355083 21.92995 286.4567 40.93738 31.91944  7.385281 3.782326
xbest 12.074409 311.6954 0.3974935 24.03721 286.5285 41.67514 32.41637  7.263821 2.609439
xbest 12.074409 312.3594 0.3974935 23.65049 286.5285 41.70014 32.31480  7.263821 2.634439
xbest  9.441240 395.7829 0.5506551 20.76834 286.4531 44.38487 31.40061  7.535131 3.319214
xbest  9.441240 395.6066 0.5042489 20.76834 286.4531 44.38487 31.39045  7.535131 3.331714
xbest  9.321716 393.3926 0.5537851 21.33291 286.4612 44.22996 31.45178  7.521528 3.321822
xbest  9.309997 373.3926 0.4680038 21.33291 286.4612 44.22996 31.45178  7.524653 3.268697
xbest  9.574918 376.1680 0.5296740 21.27540 286.4800 44.35477 31.64523  7.503256 3.281896
xbest  9.574918 376.1680 0.5296740 21.27540 286.4800 44.35477 31.64523  7.503256 3.285021
xbest  9.580709 377.4252 0.5232694 21.30606 286.4835 44.36066 31.63709  7.501462 3.197004
xbest  9.584515 375.9746 0.5218274 21.27360 286.4796 44.35864 31.64155  7.504120 3.260033
xbest  9.599261 374.4849 0.5115925 21.27009 286.4777 44.35443 31.64299  7.504125 3.266349
xbest  9.586790 374.8315 0.5177449 21.27700 286.4765 44.35510 31.62588  7.505066 3.264375
xbest  9.586790 374.7925 0.5177449 21.27700 286.4765 44.35510 31.62588  7.505066 3.264375
xbest  9.574212 375.6151 0.5298581 21.28058 286.4764 44.37902 31.63593  7.505326 3.294625
xbest  9.574212 375.6151 0.5298581 21.28058 286.4764 44.37902 31.63593  7.505326 3.291500
xbest  9.514185 380.0657 0.5231475 21.25481 286.4794 44.40201 31.37952  7.498322 3.150000
xbest  9.514185 380.0657 0.5006475 21.25481 286.4794 44.40357 31.37952  7.498322 3.137500
xbest  9.514185 380.0657 0.5006475 21.25481 286.4794 44.40357 31.37952  7.498322 3.140625
         [,10]
xbest 1.955939
xbest 3.977453
xbest 3.977453
xbest 4.089548
xbest 3.591096
xbest 3.514102
xbest 4.297827
xbest 3.457680
xbest 3.308013
xbest 3.276112
xbest 3.323612
xbest 2.590795
xbest 2.608608
xbest 3.001143
xbest 3.001143
xbest 2.324627
xbest 2.324627
xbest 2.106806
xbest 2.106806
xbest 2.176734
xbest 2.179702
xbest 2.178729
xbest 2.179244
xbest 2.181602
xbest 2.178510
xbest 2.179252
xbest 2.181623
xbest 2.181623
xbest 2.180310
xbest 2.180310
xbest 2.180310

$time
elapsed elapsed elapsed elapsed elapsed elapsed elapsed elapsed elapsed elapsed elapsed elapsed 
   2.11    5.58    8.94   12.07   18.16   24.33   27.32   30.47   33.60   39.80   43.08   70.21 
elapsed elapsed elapsed elapsed elapsed elapsed elapsed elapsed elapsed elapsed elapsed elapsed 
  76.21  142.53  145.05  183.41  185.85  248.94  251.35  346.71  348.49  354.63  370.46  373.57 
elapsed elapsed elapsed elapsed elapsed elapsed elapsed 
 379.72  381.57  388.44  416.69  439.75  451.69  703.24 

$neval
 [1]   106   255   372   514   792  1070  1208  1349  1488  1766  1880  3109  3343  6178  6288
[16]  8044  8152 10838 10949 14963 15042 15318 16000 16137 16405 16483 16756 17902 18850 19335
[31] 30126

$fbest
[1] 295.8177

$xbest
 [1]   9.5141852 380.0656567   0.5006475  21.2548113 286.4793513  44.4035704  31.3795190
 [8]   7.4983220   3.1406246   2.1803104

$numeval
[1] 30126

$end_crit
[1] 1

$cpu_time
elapsed 
 703.24 

$Refset
$Refset$x
          [,1]     [,2]      [,3]     [,4]     [,5]     [,6]     [,7]     [,8]     [,9]    [,10]
 [1,] 10.39850 374.1140 0.4343641 20.80663 286.5383 43.32264 27.08410 7.604061 3.336750 1.675050
 [2,] 10.39687 373.9973 0.4349267 20.81432 286.5383 43.32143 27.07006 7.604254 3.335785 1.676304
 [3,] 10.39058 374.1785 0.4371723 20.82420 286.5373 43.32305 27.05738 7.604525 3.334039 1.676440
 [4,] 10.38832 374.0338 0.4371377 20.84230 286.5370 43.32325 27.07250 7.604931 3.336478 1.677210
 [5,] 10.40502 373.5973 0.4346508 20.80919 286.5385 43.32258 27.08280 7.604056 3.340556 1.676150
 [6,] 10.39060 373.9974 0.4358740 20.82156 286.5373 43.32310 27.07268 7.604548 3.338676 1.675919
 [7,] 10.42038 374.0522 0.4753600 20.70644 286.5417 43.31869 27.10193 7.603161 3.379339 1.676043
 [8,] 10.42958 374.3590 0.4649742 20.68878 286.5425 43.32162 27.09427 7.603249 3.313828 1.675164
 [9,] 10.32658 382.9058 0.4660379 20.94611 286.5309 43.30653 27.07490 7.586116 3.153837 1.712557
[10,] 10.37330 382.2881 0.4704268 20.91151 286.5450 43.30592 27.10371 7.583253 3.187824 1.712635
[11,] 10.38824 374.3075 0.4530533 20.73483 286.5168 43.21627 27.15441 7.596012 3.338017 1.675589
[12,] 11.84583 442.1617 0.4535898 19.28429 286.5287 36.52428 26.42043 7.466350 3.667074 1.891235

$Refset$f
 [1] 326.9774 326.9774 326.9774 326.8333 327.1597 327.3229 328.0521 328.2431 333.2222 333.2240
[11] 369.1146 527.0347

$Refset$fpen
 [1] 326.9774 326.9774 326.9774 326.8333 327.1597 327.3229 328.0521 328.2431 333.2222 333.2240
[11] 369.1146 527.0347

$Refset$const
          [,1]     [,2]     [,3]     [,4]     [,5]
 [1,] 17.46988 32.66325 15.19337 1.531505 2.547853
 [2,] 17.47854 32.66422 15.18568 1.531531 2.547005
 [3,] 17.49016 32.66596 15.17580 1.531661 2.545784
 [4,] 17.50583 32.66352 15.15770 1.531657 2.546657
 [5,] 17.46864 32.65944 15.19081 1.531487 2.547841
 [6,] 17.48289 32.66132 15.17844 1.531633 2.546753
 [7,] 17.32710 32.62066 15.29356 1.531113 2.550325
 [8,] 17.37496 32.68617 15.31122 1.531046 2.550006
 [9,] 17.79227 32.84616 15.05389 1.532268 2.545363
[10,] 17.72369 32.81218 15.08849 1.530753 2.552091
[11,] 17.39681 32.66198 15.26517 1.533480 2.549194
[12,] 15.61722 32.33293 16.71571 1.521174 2.839306

$Refset$penalty
 [1] 0 0 0 0 0 0 0 0 0 0 0 0


