$f
 [1] 1630.5885  935.6267  742.0382  711.1094  710.5365  700.5278  641.1441  629.1076  602.7326
[10]  563.6267  559.1736  554.2170  550.3247  538.2708  524.2118  521.8142  521.4427  520.1076
[19]  519.7483  518.4757  518.0382  517.7674  517.5260  516.8264  516.7934  516.7830  516.6528
[28]  516.5312  516.4983  516.3941  516.3611  516.3611

$x
           [,1]     [,2]      [,3]     [,4]     [,5]     [,6]     [,7]     [,8]     [,9]
xbest  9.426616 305.5913 0.4179578 19.62860 284.4449 40.37442 35.12536 4.851077 7.766349
xbest 10.614326 249.3010 0.3893825 19.32179 284.3477 43.72390 29.11391 6.436335 7.847380
xbest 10.189158 289.3010 0.5637138 19.30998 284.3430 43.72390 29.11391 6.436335 7.872575
xbest 23.165820 258.6377 0.8171209 20.84484 286.5403 38.14193 25.64285 7.379112 5.269655
xbest 18.819263 265.3861 0.8394017 18.41756 286.1677 40.11867 27.96493 6.197089 8.445690
xbest 20.023913 265.3433 0.7983354 18.38967 286.2415 39.53319 28.33069 5.750750 8.827563
xbest 18.035942 263.2009 0.8897731 18.73458 286.1932 40.31878 28.17280 5.932857 8.931870
xbest 18.038872 263.2790 0.8039918 18.73458 286.1932 40.31878 28.17280 5.932857 8.956870
xbest 19.849151 255.8150 0.7571952 18.60829 286.1374 39.69982 28.43984 6.513255 8.721510
xbest 19.827174 255.8150 1.0000000 18.60829 286.1374 39.69982 28.43984 6.513255 8.559789
xbest 19.486761 228.5088 0.8051448 19.56948 286.2354 40.46918 29.70547 5.867338 8.736126
xbest 19.486761 228.6651 0.8072541 19.56948 286.2354 40.46918 29.82735 5.867338 8.736126
xbest 19.505356 237.0412 0.8812018 19.06954 286.2847 40.57917 29.57169 5.878672 8.698554
xbest 19.493637 237.0412 0.8583503 19.06954 286.2847 40.57917 29.56915 5.878672 8.698554
xbest 19.142444 255.0679 0.7917616 18.37315 286.2708 40.60694 30.08772 5.968994 8.735373
xbest 19.142444 255.0679 0.7917616 18.37242 286.2708 40.60694 30.08772 5.968994 8.732248
xbest 19.161851 254.4975 0.7883842 18.37130 286.2705 40.60372 30.09110 5.968799 8.735780
xbest 19.161851 254.4975 0.8108842 18.37130 286.2705 40.60372 30.09110 5.968799 8.735780
xbest 19.251611 253.4677 0.7883047 18.36965 286.2700 40.58902 30.07191 5.968696 8.731708
xbest 19.250879 253.3895 0.7879531 18.36965 286.2688 40.58902 30.07191 5.968696 8.731708
xbest 19.253162 253.4733 0.7883596 18.35197 286.2712 40.60394 30.08513 5.969713 8.740312
xbest 19.260003 253.3802 0.7883547 18.35183 286.2707 40.60405 30.08515 5.969443 8.740094
xbest 19.267802 253.3010 0.7883867 18.35305 286.2711 40.60692 30.08504 5.969232 8.739675
xbest 19.268443 253.1848 0.7883131 18.35843 286.2710 40.60625 30.09035 5.969064 8.739153
xbest 19.267401 253.2857 0.7883537 18.35451 286.2716 40.61406 30.09268 5.969179 8.739188
xbest 19.268749 253.1350 0.7882970 18.36099 286.2701 40.60369 30.09358 5.969184 8.738062
xbest 19.269876 253.2690 0.7883498 18.35536 286.2713 40.60599 30.08999 5.969281 8.737996
xbest 19.269176 253.2190 0.7883298 18.35763 286.2703 40.60328 30.09344 5.969240 8.738075
xbest 19.269176 253.2190 0.7883298 18.35763 286.2703 40.60328 30.09344 5.969240 8.738075
xbest 19.268074 253.2394 0.7884289 18.35449 286.2705 40.61009 30.09040 5.969167 8.739831
xbest 19.269136 253.2388 0.7883683 18.35456 286.2706 40.60707 30.09052 5.969158 8.739640
xbest 19.269136 253.2388 0.7883683 18.35456 286.2706 40.60707 30.09052 5.969158 8.739640
         [,10]
xbest 4.014212
xbest 4.870142
xbest 4.973737
xbest 3.430602
xbest 3.265267
xbest 3.125639
xbest 3.110916
xbest 3.098856
xbest 3.857447
xbest 3.856055
xbest 2.547244
xbest 2.547244
xbest 2.521976
xbest 2.521976
xbest 2.853015
xbest 2.853015
xbest 2.853991
xbest 2.853991
xbest 2.859852
xbest 2.859110
xbest 2.859027
xbest 2.858171
xbest 2.852899
xbest 2.852931
xbest 2.854220
xbest 2.853012
xbest 2.854526
xbest 2.853462
xbest 2.854204
xbest 2.853823
xbest 2.854046
xbest 2.854046

$time
elapsed elapsed elapsed elapsed elapsed elapsed elapsed elapsed elapsed elapsed elapsed elapsed 
   1.49    3.75    5.78   18.67   20.64   24.66   26.69   28.28   42.36   51.34  134.52  135.88 
elapsed elapsed elapsed elapsed elapsed elapsed elapsed elapsed elapsed elapsed elapsed elapsed 
 143.99  158.34  200.05  201.17  251.45  252.55  277.41  278.83  295.94  299.92  317.08  321.13 
elapsed elapsed elapsed elapsed elapsed elapsed elapsed elapsed 
 340.66  342.77  345.63  347.75  348.81  410.58  419.95  481.25 

$neval
 [1]   106   256   398  1241  1376  1652  1790  1902  2845  3382  8246  8337  8876  9779 12229
[16] 12309 15306 15379 17027 17125 18235 18513 19529 19801 20965 21101 21238 21379 21452 25435
[31] 26043 30079

$fbest
[1] 516.3611

$xbest
 [1]  19.2691363 253.2387965   0.7883683  18.3545620 286.2706050  40.6070702  30.0905223
 [8]   5.9691581   8.7396403   2.8540463

$numeval
[1] 30079

$end_crit
[1] 1

$cpu_time
elapsed 
 481.25 

$Refset
$Refset$x
          [,1]     [,2]      [,3]     [,4]     [,5]     [,6]     [,7]     [,8]     [,9]    [,10]
 [1,] 13.24852 118.8237 0.8025503 21.67262 284.3769 18.18667 28.21736 7.551808 5.195152 2.193870
 [2,] 19.26888 253.2368 0.7885041 18.35576 286.2706 40.61091 30.09107 5.969183 8.738658 2.854201
 [3,] 19.26866 253.2382 0.7885865 18.35460 286.2711 40.60896 30.10093 5.969161 8.739770 2.854212
 [4,] 19.26913 253.2321 0.7883753 18.35458 286.2705 40.61100 30.08982 5.969221 8.739639 2.854043
 [5,] 19.26865 253.2431 0.7884925 18.35451 286.2706 40.60843 30.09184 5.969176 8.739642 2.853953
 [6,] 19.26084 253.3127 0.7885260 18.35559 286.2707 40.61028 30.09132 5.969205 8.738934 2.854024
 [7,] 19.26783 253.1481 0.7915387 18.33435 286.2723 40.56861 30.08326 5.969234 8.740465 2.847170
 [8,] 19.26441 253.2635 0.7883178 18.33208 286.2730 40.62423 30.07392 5.969643 8.765071 2.854175
 [9,] 19.33808 251.3227 0.7866927 18.35787 286.2580 40.61014 29.86158 5.966090 8.717313 2.855513
[10,] 19.27100 252.6558 0.7905226 18.34941 286.2731 40.56651 30.09472 5.958213 8.745967 2.853699
[11,] 19.84309 237.6199 0.7976958 19.30118 286.2706 40.37079 29.79934 5.958886 8.387906 2.818291
[12,] 17.91588 247.7497 0.7747963 18.82253 285.8576 38.62696 29.04332 5.949687 8.752327 2.641811

$Refset$f
 [1] 1000000.0000     516.3611     516.3611     516.3611     516.3611     517.4965     533.6059
 [8]     520.0938     542.1441     544.5417     595.8611     820.8750

$Refset$fpen
 [1] 9.999975e+11 5.163611e+02 5.163611e+02 5.163611e+02 5.163611e+02 5.174965e+02 5.336059e+02
 [8] 5.200938e+02 5.421441e+02 5.445417e+02 5.958611e+02 8.208750e+02

$Refset$const
              [,1]         [,2]         [,3]         [,4]         [,5]
 [1,] 1.000000e+06 1.000000e+06 1.000000e+06 1.000000e+06 1.000000e+06
 [2,] 9.617101e+00 2.726134e+01 1.764424e+01 1.549378e+00 2.800732e+00
 [3,] 9.614832e+00 2.726023e+01 1.764540e+01 1.549288e+00 2.801799e+00
 [4,] 9.614941e+00 2.726036e+01 1.764542e+01 1.549398e+00 2.800579e+00
 [5,] 9.614866e+00 2.726036e+01 1.764549e+01 1.549374e+00 2.800929e+00
 [6,] 9.616654e+00 2.726107e+01 1.764441e+01 1.549371e+00 2.800803e+00
 [7,] 9.593885e+00 2.725953e+01 1.766565e+01 1.549107e+00 2.803199e+00
 [8,] 9.567007e+00 2.723493e+01 1.766792e+01 1.549178e+00 2.799401e+00
 [9,] 9.640559e+00 2.728269e+01 1.764213e+01 1.551581e+00 2.778103e+00
[10,] 9.603446e+00 2.725403e+01 1.765059e+01 1.548966e+00 2.804541e+00
[11,] 1.091327e+01 2.761209e+01 1.669882e+01 1.549741e+00 2.791556e+00
[12,] 1.007021e+01 2.724767e+01 1.717747e+01 1.598031e+00 2.704835e+00

$Refset$penalty
 [1] 999996.5      0.0      0.0      0.0      0.0      0.0      0.0      0.0      0.0      0.0
[11]      0.0      0.0


