$f
 [1] 2235.9479 1348.7500  990.6233  965.0295  925.1545  884.6094  826.6528  819.0990  818.3559
[10]  788.3212  783.0417  782.9097  771.6684  755.1285  754.6059  754.1580  751.0972  744.6667
[19]  686.4670  686.2813  651.3646  631.9566

$x
          [,1]     [,2]      [,3]     [,4]     [,5]     [,6]     [,7]     [,8]     [,9]    [,10]
xbest 11.63239 259.5377 0.9599966 24.06323 286.5859 41.73198 29.54581 7.261441 4.808416 4.982305
xbest 19.82291 295.2071 0.9440869 17.30945 286.5973 39.12362 28.31299 7.186561 2.665961 2.068409
xbest 16.02859 392.1778 0.1000000 16.13105 286.5223 39.12362 28.10987 7.178749 2.028564 2.071689
xbest 15.43065 274.8771 0.5444045 20.17644 286.2115 41.41101 28.85580 7.133258 3.936352 2.705291
xbest 15.82205 305.3965 0.4708314 18.16850 286.5386 40.35777 31.22610 7.052320 3.594850 2.209950
xbest 16.72762 301.7273 0.4695460 18.17244 286.5281 40.02258 31.74300 7.046859 3.614582 2.202466
xbest 14.80211 343.7530 0.4752033 17.87646 286.5454 41.95866 31.82890 7.113089 2.793877 2.033392
xbest 14.80211 343.7530 0.5652033 17.87646 286.5454 41.95866 31.82890 7.113089 2.793877 2.030423
xbest 16.01444 242.2687 0.4636031 17.91085 286.5083 41.05383 31.21197 7.074147 6.505203 2.301508
xbest 16.05473 277.9688 0.6824480 18.83099 286.6708 43.21130 29.39822 7.107961 4.438027 2.021584
xbest 16.05473 277.9688 0.7499480 18.83099 286.6708 43.21130 29.39822 7.107961 4.438027 2.015647
xbest 15.80543 278.6265 0.6976286 18.81009 286.6683 43.20179 29.30699 7.108029 4.375860 2.018528
xbest 15.78199 278.6265 0.5176286 18.81009 286.6683 43.20179 29.30699 7.108029 4.375860 2.018528
xbest 16.67435 249.6369 0.5498459 19.08967 286.6697 43.19938 29.37755 7.099997 4.440809 2.029890
xbest 16.94779 245.7215 0.5369460 19.28247 286.6713 43.19934 29.38854 7.100045 4.469138 2.038771
xbest 15.11279 307.9620 0.4800504 17.89851 286.5404 42.07352 31.60625 7.120588 3.754902 2.071977
xbest 15.83665 268.7401 0.6637564 19.07156 286.6714 42.98872 29.43602 7.179870 4.269754 2.006108
xbest 16.54294 252.2094 0.6540834 19.04625 286.6672 43.42063 29.32359 7.043630 4.452271 1.477597
xbest 15.38736 274.0992 0.5602641 19.13333 286.6564 43.69335 29.25657 7.036141 4.430837 1.471759
xbest 16.36274 253.0189 0.7445620 18.89677 286.6674 43.38151 29.38644 7.025200 4.483756 1.508173
xbest 16.30996 253.0189 0.8936172 18.88797 286.6674 43.38151 29.38644 7.015817 4.533756 1.508173
xbest 16.30996 253.0189 0.8936172 18.88797 286.6674 43.28151 29.38644 7.015817 4.533756 1.508173

$time
elapsed elapsed elapsed elapsed elapsed elapsed elapsed elapsed elapsed elapsed elapsed elapsed 
   1.22    3.37    6.56   14.29   16.22   19.93   26.40   27.48   45.62   47.61   48.76   87.72 
elapsed elapsed elapsed elapsed elapsed elapsed elapsed elapsed elapsed elapsed 
  88.92   92.68  102.06  104.03  105.93  110.70  113.47  128.29  130.65  427.15 

$neval
 [1]   106   257   489  1055  1197  1465  1876  1957  3167  3301  3388  5952  6037  6311  6989
[16]  7127  7263  7605  7743  8824  8940 30004

$fbest
[1] 631.9566

$xbest
 [1]  16.3099594 253.0188916   0.8936172  18.8879696 286.6673801  43.2815119  29.3864448
 [8]   7.0158173   4.5337560   1.5081731

$numeval
[1] 30004

$end_crit
[1] 1

$cpu_time
elapsed 
 427.15 

$Refset
$Refset$x
          [,1]     [,2]      [,3]     [,4]     [,5]     [,6]     [,7]     [,8]     [,9]    [,10]
 [1,] 16.88838 222.0516 0.9770156 19.26101 286.6730 43.25198 29.45191 7.194267 5.380773 1.971523
 [2,] 16.84129 224.7601 0.9790955 19.26416 286.6733 43.25013 29.50409 7.194351 5.307983 1.971272
 [3,] 16.85659 227.5661 0.9800907 19.23192 286.6734 43.24882 29.52187 7.194469 5.202982 1.970430
 [4,] 16.85710 227.6543 0.9799837 19.23887 286.6734 43.24883 29.52073 7.194478 5.193220 1.970411
 [5,] 16.91668 224.4396 0.9744811 19.19612 286.6733 43.25515 29.50119 7.194244 5.314683 1.971890
 [6,] 16.89041 225.1587 0.9791955 19.23309 286.6734 43.25130 29.51703 7.194316 5.271122 1.971086
 [7,] 16.87099 222.0891 0.9771359 19.26043 286.6731 43.25167 29.45423 7.194351 5.385559 1.971269
 [8,] 16.85040 228.0777 0.9797358 19.26301 286.6734 43.24894 29.53353 7.194363 5.167551 1.970672
 [9,] 16.85302 223.9658 0.9769348 19.26121 286.6731 43.25158 29.45960 7.194321 5.332665 1.971428
[10,] 16.99847 212.2486 0.9754604 19.48633 286.6732 43.24874 29.52390 7.194365 5.519740 1.970826
[11,] 27.54097 121.7428 0.6331416 28.96266 285.3889 28.24493 28.21132 8.140118 5.715216 2.438677
[12,] 16.88884 223.9473 0.9782081 19.25632 286.6731 43.25422 29.46512 7.194319 5.315473 1.971425

$Refset$f
 [1]   660.7760   661.0590   661.1007   661.1007   661.1753   661.7674   661.8038   661.8333
 [9]   661.9774   662.1788 21711.6424   662.3264

$Refset$fpen
 [1]    660.7760    661.0590    661.1007    661.1007    661.1753    661.7674    661.8038
 [8]    661.8333    661.9774    662.1788 119831.2221    662.3264

$Refset$const
          [,1]     [,2]      [,3]     [,4]     [,5]
 [1,] 13.88024 30.61923 16.738986 1.510635 2.761254
 [2,] 13.95618 30.69202 16.735836 1.510429 2.765210
 [3,] 14.02893 30.79702 16.768084 1.510362 2.766575
 [4,] 14.04565 30.80678 16.761133 1.510363 2.766503
 [5,] 13.88144 30.68532 16.803879 1.510446 2.764767
 [6,] 13.96197 30.72888 16.766910 1.510374 2.766141
 [7,] 13.87487 30.61444 16.739573 1.510621 2.761455
 [8,] 14.09546 30.83245 16.736986 1.510324 2.767413
 [9,] 13.92855 30.66734 16.738787 1.510602 2.761849
[10,] 13.96659 30.48026 16.513674 1.510371 2.766670
[11,] 23.24744 30.28478  7.037341 1.627882 3.598120
[12,] 13.94085 30.68453 16.743679 1.510589 2.762121

$Refset$penalty
 [1] 0.00000000 0.00000000 0.00000000 0.00000000 0.00000000 0.00000000 0.00000000 0.00000000
 [9] 0.00000000 0.00000000 0.09811958 0.00000000


