$f
 [1] 2183.792 1954.948 1922.193 1901.462 1884.740 1884.417 1856.319 1797.255 1784.087 1764.663
[11] 1751.059 1739.151 1574.795 1561.188 1530.349 1363.611 1357.608 1356.102 1345.998 1313.200
[21] 1304.102 1288.069 1284.957 1279.252 1276.095 1275.995 1275.455 1274.392 1274.182 1274.182

$x
          [,1]     [,2]      [,3]     [,4]     [,5]     [,6]     [,7]      [,8]     [,9]
xbest 11.18091 265.6864 0.1943157 21.09292 285.6363 38.21759 35.02075  3.591699 5.516348
xbest 13.67846 274.9392 0.5252427 28.70979 286.4666 38.63328 30.32797  2.001497 2.325277
xbest 13.67553 274.9392 0.5702427 28.73323 286.4244 38.63328 30.32797  2.001497 2.300277
xbest 13.76882 358.5853 0.9152454 16.08009 286.1382 38.36509 34.38762  2.237983 6.649331
xbest 13.82043 277.8812 0.5686866 28.16428 286.4286 38.59990 30.49453  2.000456 2.372474
xbest 13.80788 276.3470 0.5711144 28.31022 286.4286 38.52543 30.54342  2.000360 2.333608
xbest 14.11176 271.7369 0.5510868 27.52588 286.4411 37.61836 32.90920  2.315899 2.652305
xbest 13.40347 361.1375 0.7099892 16.97533 286.0798 38.04814 35.01402  2.394957 5.617758
xbest 13.40347 361.1375 0.7549892 16.97533 286.0798 38.04814 35.01402  2.382457 5.617758
xbest 14.79365 359.2685 0.6508561 16.76318 285.9544 34.56754 32.19166  3.771615 5.906649
xbest 14.79365 359.2685 0.6508561 16.76318 285.9591 34.56754 32.23228  3.796615 5.955086
xbest 13.74154 276.2860 0.5679009 28.41433 286.4128 38.60060 29.63352  5.376547 2.216660
xbest 18.68480 332.7615 0.1026725 16.48155 286.1645 37.51619 24.00000 10.000000 2.009391
xbest 18.79876 319.4421 0.1000000 15.00000 286.1633 42.19372 24.00000 10.000000 2.000000
xbest 17.47982 310.7042 0.1000000 17.76946 286.1316 42.60427 24.39881 10.000000 2.062650
xbest 17.47982 290.8617 0.1000000 18.47259 286.1313 42.60427 24.31693  9.950000 2.000000
xbest 12.32828 276.2971 0.6709438 28.21770 286.2578 38.49374 28.71393  7.156359 2.354858
xbest 12.28141 276.2971 0.6709438 28.21770 286.2578 38.49374 28.67331  7.156359 2.354858
xbest 13.12264 274.2194 0.6577002 26.99604 286.3213 38.63359 28.70074  7.154804 2.433672
xbest 13.12849 274.2194 0.4777002 26.99604 286.3178 38.63359 28.70074  7.154804 2.407110
xbest 13.28599 278.9972 0.4350660 26.20513 286.3243 38.52774 28.89306  7.152523 2.254214
xbest 13.28599 278.9972 0.4125660 26.20513 286.3243 38.52774 28.89306  7.152523 2.216714
xbest 13.28249 278.6675 0.3818407 26.25365 286.3386 38.50236 29.09801  7.151591 2.121448
xbest 13.28249 278.6675 0.3818407 26.25365 286.3386 38.50236 29.01676  7.151591 2.102698
xbest 13.25823 279.4299 0.3929393 26.16982 286.3374 38.49666 29.03220  7.151451 2.187291
xbest 13.25946 279.5859 0.3973491 26.17891 286.3375 38.49655 29.03305  7.151451 2.189263
xbest 13.26470 279.4775 0.3980043 26.17771 286.3375 38.49701 29.03262  7.151539 2.188636
xbest 13.27142 279.4965 0.3986784 26.17763 286.3379 38.50043 29.03092  7.151609 2.186834
xbest 13.27784 279.4621 0.3985067 26.17750 286.3379 38.50041 29.03084  7.151573 2.184225
xbest 13.27784 279.4621 0.3985067 26.17750 286.3379 38.50041 29.03084  7.151573 2.184225
         [,10]
xbest 3.412487
xbest 4.687460
xbest 4.711210
xbest 3.042511
xbest 4.611160
xbest 4.618465
xbest 4.763972
xbest 2.243423
xbest 2.243423
xbest 3.396289
xbest 3.443789
xbest 4.669193
xbest 4.962745
xbest 4.981899
xbest 4.918935
xbest 4.918935
xbest 4.332079
xbest 4.329110
xbest 4.258929
xbest 4.282679
xbest 4.258636
xbest 4.258636
xbest 4.270568
xbest 4.270568
xbest 4.265772
xbest 4.265561
xbest 4.266956
xbest 4.267367
xbest 4.267345
xbest 4.267345

$time
elapsed elapsed elapsed elapsed elapsed elapsed elapsed elapsed elapsed elapsed elapsed elapsed 
   1.34    3.63    5.05   10.91   12.83   17.36   19.20   22.91   25.78   59.89   61.27   67.63 
elapsed elapsed elapsed elapsed elapsed elapsed elapsed elapsed elapsed elapsed elapsed elapsed 
  69.53   75.25   80.97   82.61  194.80  195.94  252.28  253.75  293.95  295.08  307.44  314.63 
elapsed elapsed elapsed elapsed elapsed elapsed 
 323.34  334.91  340.63  346.31  366.64  426.53 

$neval
 [1]   106   263   369   800   945  1220  1356  1631  1843  4125  4227  4627  4762  5168  5575
[16]  5692 13412 13498 17567 17676 20545 20628 21592 22084 22773 23655 24068 24475 25906 30087

$fbest
[1] 1274.182

$xbest
 [1]  13.2778379 279.4620552   0.3985067  26.1774978 286.3379004  38.5004117  29.0308395
 [8]   7.1515727   2.1842248   4.2673448

$numeval
[1] 30087

$end_crit
[1] 1

$cpu_time
elapsed 
 426.53 

$Refset
$Refset$x
          [,1]     [,2]      [,3]     [,4]     [,5]     [,6]     [,7]     [,8]     [,9]    [,10]
 [1,] 13.27289 279.5093 0.3992106 26.18248 286.3380 38.50017 29.03111 7.151568 2.184316 4.266216
 [2,] 13.27109 279.5536 0.3977931 26.18429 286.3377 38.49687 29.03681 7.151464 2.176990 4.265041
 [3,] 13.27404 279.4625 0.3995057 26.18333 286.3381 38.50027 29.03233 7.151545 2.186631 4.268162
 [4,] 13.27123 279.5395 0.3995368 26.18292 286.3380 38.50036 29.03281 7.151561 2.185661 4.266424
 [5,] 13.27255 279.5591 0.3993660 26.18090 286.3380 38.50034 29.03146 7.151572 2.184503 4.266489
 [6,] 13.26986 279.2536 0.3987103 26.19002 286.3380 38.50087 29.03197 7.151551 2.189618 4.266982
 [7,] 13.29832 275.5948 0.4404823 26.58583 286.3418 38.50048 29.03508 7.150361 2.189238 4.267157
 [8,] 13.27139 279.6464 0.4019281 26.18056 286.3373 38.50759 29.02159 7.151743 2.190174 4.258219
 [9,] 13.23599 280.9878 0.4014941 26.22092 286.3295 38.48465 29.03085 7.151424 2.150419 4.272515
[10,] 13.21211 279.2462 0.4087890 26.37694 286.3377 38.52524 29.05118 7.151585 2.167705 4.271244
[11,] 13.38530 279.2109 0.3861620 26.18229 286.3393 38.48730 29.03815 7.150270 2.185982 4.264805
[12,] 13.36610 282.6703 0.4002848 26.08038 286.3345 38.51111 28.98455 7.152678 2.180888 4.268731

$Refset$f
 [1] 1274.182 1274.182 1274.182 1274.182 1274.182 1274.392 1283.005 1276.432 1286.747 1286.398
[11] 1289.498 1305.113

$Refset$fpen
 [1] 1274.182 1274.182 1274.182 1274.182 1274.182 1274.392 1283.005 1276.432 1286.747 1286.398
[11] 1289.498 1305.113

$Refset$const
          [,1]     [,2]     [,3]     [,4]     [,5]
 [1,] 23.99817 33.81568 9.817515 1.539466 2.868461
 [2,] 24.00730 33.82301 9.815713 1.539473 2.869063
 [3,] 23.99670 33.81337 9.816666 1.539447 2.868606
 [4,] 23.99726 33.81434 9.817076 1.539461 2.868594
 [5,] 23.99639 33.81550 9.819102 1.539466 2.868479
 [6,] 24.00041 33.81038 9.809976 1.539464 2.868494
 [7,] 24.39659 33.81076 9.414172 1.538992 2.870194
 [8,] 23.99038 33.80983 9.819444 1.539602 2.866896
 [9,] 24.07050 33.84958 9.779077 1.540459 2.866307
[10,] 24.20924 33.83230 9.623056 1.539492 2.868470
[11,] 23.99631 33.81402 9.817711 1.539244 2.870416
[12,] 23.89949 33.81911 9.919620 1.540091 2.862387

$Refset$penalty
 [1] 0 0 0 0 0 0 0 0 0 0 0 0


