$f
 [1] 1986.5590 1355.7969 1230.8976 1149.0156 1072.8003 1047.7934 1037.5868  916.1684  914.1181
[10]  862.4653  860.8819  849.2778  842.6962  830.7344  829.6302  828.6701  828.3212  828.2309
[19]  828.1667  827.7326  827.4288  826.7865  826.7865

$x
          [,1]     [,2]      [,3]     [,4]     [,5]     [,6]     [,7]     [,8]     [,9]    [,10]
xbest 16.21640 179.2513 0.1668032 17.48440 286.0421 36.86437 28.57218 8.926976 3.831078 2.335215
xbest 12.92253 182.4399 0.1000000 17.44918 285.9070 38.39431 30.50320 9.551609 3.541962 1.200000
xbest 12.92253 182.4399 0.1210938 16.32418 285.9070 38.39431 30.48288 9.551609 3.591962 1.200000
xbest 15.84003 144.0378 0.6691385 21.48399 286.2399 37.87859 30.78100 8.176047 4.930829 3.201595
xbest 16.48297 138.8278 0.7589362 21.54745 286.3375 37.44953 30.77979 8.065227 4.701637 3.678283
xbest 16.48333 158.8278 1.0000000 21.54745 286.3375 37.44953 30.77979 8.065423 4.701637 3.678283
xbest 16.04644 143.8556 0.7021942 15.76734 286.2418 39.22722 30.71759 7.604809 7.442827 2.916068
xbest 15.20196 143.8556 0.7124077 17.86537 286.2418 39.22907 30.71759 7.604809 7.657859 2.916068
xbest 16.72590 131.2498 0.8280930 22.76132 286.3836 38.35126 30.46256 8.051831 5.186305 3.911375
xbest 16.46200 131.2498 1.0000000 22.69094 286.3836 38.50139 30.46256 8.051831 5.272230 3.947031
xbest 15.81279 126.3058 0.7657180 22.36697 286.1705 38.92046 29.94968 7.582979 5.107168 3.448504
xbest 15.81279 126.3058 1.0000000 22.36697 286.1705 38.92046 29.94968 7.582979 5.207168 3.448504
xbest 16.10697 122.5378 0.8804030 22.33953 286.1685 38.85797 29.95699 7.582288 5.117971 3.446988
xbest 16.10697 122.5378 1.0000000 22.34539 286.1685 38.85523 29.95699 7.582288 5.117629 3.446988
xbest 16.12093 121.2389 0.9997031 22.32933 286.1656 38.83530 29.92682 7.581441 5.218375 3.454542
xbest 16.12093 121.3952 1.0000000 22.32933 286.1656 38.83842 29.92682 7.581441 5.212125 3.454542
xbest 16.14193 120.6818 0.9985715 22.33046 286.1647 38.82718 29.92990 7.580978 5.242572 3.457399
xbest 16.11565 120.6678 0.9886916 22.33011 286.1645 38.83667 29.92522 7.582138 5.245458 3.450924
xbest 16.12094 120.6178 0.9810592 22.33005 286.1644 38.84204 29.92476 7.582324 5.245605 3.450737
xbest 16.11530 120.7752 0.9905559 22.33009 286.1655 38.83622 29.93634 7.581950 5.245384 3.450267
xbest 16.12080 120.6108 0.9845739 22.33004 286.1641 38.83926 29.92422 7.582211 5.245613 3.450516
xbest 16.12080 120.6889 1.0000000 22.33004 286.1641 38.83926 29.92422 7.582211 5.245613 3.450516
xbest 16.12080 120.6889 1.0000000 22.33004 286.1641 38.83926 29.92422 7.582211 5.245613 3.450516

$time
elapsed elapsed elapsed elapsed elapsed elapsed elapsed elapsed elapsed elapsed elapsed elapsed 
   2.19    4.60    6.22   14.43   17.21   28.21   44.28   51.14  118.66  120.66  199.63  200.97 
elapsed elapsed elapsed elapsed elapsed elapsed elapsed elapsed elapsed elapsed elapsed 
 372.18  373.82  410.33  411.61  416.41  432.64  440.74  442.94  447.50  456.97  461.19 

$neval
 [1]   106   260   368   929  1067  1834  2899  3309  7664  7801 12984 13079 24481 24597 26948
[16] 27037 27309 28390 28863 28996 29261 29881 30024

$fbest
[1] 826.7865

$xbest
 [1]  16.120799 120.688920   1.000000  22.330039 286.164114  38.839258  29.924220   7.582211
 [9]   5.245613   3.450516

$numeval
[1] 30024

$end_crit
[1] 1

$cpu_time
elapsed 
 461.19 

$Refset
$Refset$x
           [,1]        [,2]        [,3]      [,4]       [,5]      [,6]       [,7]       [,8]
 [1,]  16.12080   1.0000000 286.1641138 29.924220   5.245613  16.12080  1.0000000 286.164114
 [2,] 120.68892  22.3300391  38.8392584  7.582211   3.450516 120.68892 22.3300391  38.839258
 [3,]  16.13851 120.4073910   0.9864463 22.330347 286.163768  38.83342 29.9287227   7.581759
 [4,]  16.11565   0.9886916 286.1644780 29.925221   5.245458  16.11565  0.9886916 286.164478
 [5,]  35.00000 100.0000000   1.0000000 15.000000 284.000000  48.00000 24.4268770  10.000000
 [6,]  16.13639 120.5142480   0.9810373 22.330351 286.165438  38.83504 29.9329875   7.582141
 [7,]  16.11291 121.5494615   0.9928062 22.329731 286.166831  38.84776 29.9393254   7.582222
 [8,]  16.10412 121.8113800   0.9877085 22.330127 286.167888  38.85344 29.9475676   7.582778
 [9,]  16.08620 122.1639435   0.9698443 22.329510 286.169545  38.91261 29.9490143   7.582949
[10,]  16.39188 118.7343311   1.0000000 22.335239 286.167907  38.85938 29.9455337   7.581863
[11,]  30.59238 100.0000000   0.8497281 22.173728 285.800183  40.20047 27.9482638   4.433468
[12,]  15.10184 100.0000000   0.9998460 29.410304 286.407142  38.61256 33.2628838   7.624228
           [,9]    [,10]
 [1,] 29.924220 5.245613
 [2,]  7.582211 3.450516
 [3,]  5.240604 3.455258
 [4,] 29.925221 5.245458
 [5,]  8.739931 3.450340
 [6,]  5.229538 3.452042
 [7,]  5.196988 3.450370
 [8,]  5.186527 3.444422
 [9,]  5.176618 3.448622
[10,]  5.163637 3.453413
[11,]  3.683663 2.403345
[12,]  4.445658 3.818467

$Refset$f
 [1]     826.7865     826.7865     827.7066     828.2309 1977257.0000     828.4358     828.6615
 [8]     830.3889     832.2847     833.0781  133084.8403    1699.5382

$Refset$fpen
 [1]     826.7865     826.7865     827.7066     828.2309 1977257.0000     828.4358     828.6615
 [8]     830.3889     832.2847     833.0781  133084.8403    1699.5382

$Refset$const
           [,1]      [,2]      [,3]      [,4]     [,5]
 [1,] 17.084426 13.669961  2.861746 30.754387 1.558502
 [2,] 30.754387  1.558502 17.084426 13.669961 2.861746
 [3,] 17.089744 30.759396 13.669653  1.558514 2.862416
 [4,] 17.084653 13.669890  2.862135 30.754542 1.558447
 [5,]  6.260069 27.260069 21.000000  1.688338 1.861690
 [6,] 17.100813 30.770462 13.669649  1.558296 2.863258
 [7,] 17.132743 30.803012 13.670269  1.558136 2.863436
 [8,] 17.143601 30.813473 13.669873  1.557991 2.864142
 [9,] 17.152892 30.823382 13.670490  1.557939 2.860854
[10,] 17.171602 30.836363 13.664761  1.558012 2.863569
[11,] 18.490065 32.316337 13.826272  1.606828 2.521652
[12,] 24.964647 31.554342  6.589696  1.510494 3.307811

$Refset$penalty
 [1] 0 0 0 0 0 0 0 0 0 0 0 0


