$f
 [1] 1403.1510 1163.2951  902.2101  877.3316  836.1806  836.0521  704.9514  674.4635  537.5556
[10]  533.5035

$x
          [,1]     [,2]      [,3]     [,4]     [,5]     [,6]     [,7]     [,8]     [,9]    [,10]
xbest 20.93640 428.0176 0.9919636 19.16388 285.7564 33.14078 24.02379 2.977210 3.507514 1.279113
xbest 12.89138 175.2535 0.8943743 27.39466 285.6706 40.56842 26.49476 9.957902 6.243114 3.956315
xbest 14.12622 155.2535 0.9552842 27.01966 285.6706 40.42700 26.49476 9.935355 6.243114 3.979406
xbest 22.94069 316.4273 0.6975225 17.87216 286.6840 39.28167 26.36531 3.978182 5.943440 2.451341
xbest 19.93805 266.7212 0.8768683 25.46395 286.4478 40.04094 29.72155 5.713960 2.776200 3.434595
xbest 19.67329 281.2797 0.9549123 25.34616 286.4450 40.20853 29.70534 6.044689 2.000000 3.376803
xbest 19.19837 281.3350 1.0000000 25.29644 286.4450 40.77317 29.60029 5.994689 2.075132 3.385200
xbest 20.28299 311.9586 0.5371251 16.97134 286.6906 39.22434 24.46580 6.344486 5.862778 1.297344
xbest 19.45431 331.9586 0.9964594 16.97134 286.6906 39.22434 24.14080 6.344486 6.709991 1.302327
xbest 19.44259 331.9586 0.9964594 16.97720 286.6906 39.21809 24.13512 6.344486 6.709991 1.301585

$time
elapsed elapsed elapsed elapsed elapsed elapsed elapsed elapsed elapsed elapsed 
   1.30    3.47    5.48   17.97   19.88   23.83   28.52   74.84   76.95  440.80 

$neval
 [1]   106   257   402  1230  1365  1642  1976  5073  5223 30046

$fbest
[1] 533.5035

$xbest
 [1]  19.4425914 331.9586243   0.9964594  16.9771960 286.6905853  39.2180875  24.1351246
 [8]   6.3444863   6.7099912   1.3015851

$numeval
[1] 30046

$end_crit
[1] 1

$cpu_time
elapsed 
  440.8 

$Refset
$Refset$x
          [,1]     [,2]      [,3]     [,4]     [,5]     [,6]     [,7]     [,8]     [,9]    [,10]
 [1,] 18.95387 354.0637 0.9992380 16.79375 286.4923 42.71833 25.19689 6.244127 6.400112 3.187503
 [2,] 18.96037 353.8042 1.0000000 16.77957 286.4920 42.71444 25.19402 6.247249 6.408214 3.187221
 [3,] 18.96877 353.9324 0.9991679 16.75810 286.4914 42.72894 25.19590 6.244017 6.421277 3.183099
 [4,] 18.95154 353.8866 0.9992521 16.78182 286.4930 42.72194 25.19527 6.244239 6.414380 3.186170
 [5,] 18.95227 353.5980 1.0000000 16.78731 286.4934 42.70376 25.19255 6.248863 6.420077 3.186772
 [6,] 18.94231 353.6628 0.9990652 16.88858 286.4948 42.71093 25.19901 6.244063 6.362036 3.185196
 [7,] 18.93157 353.8557 0.9992433 16.79634 286.4923 42.72123 25.52852 6.244560 6.410335 3.186647
 [8,] 18.96110 353.3560 0.9986698 17.54511 286.5335 42.75036 25.20027 6.244837 6.434655 3.180881
 [9,] 18.95969 353.5484 0.9993118 17.54817 286.5336 42.74606 25.20162 6.244653 6.428065 3.181052
[10,] 18.95727 353.8578 0.9978054 16.78768 286.4920 42.70711 25.19511 6.245284 6.409071 3.187032
[11,] 18.95193 353.8655 0.9992694 16.77950 286.4929 42.68945 25.18286 6.243013 6.410899 3.182424
[12,] 18.54217 383.6641 0.9167952 16.06837 285.1862 42.57458 26.35529 6.593467 6.383954 4.446307

$Refset$f
 [1]  595.6875  595.5278  595.8021  596.3229  594.5174  595.7500  599.4149  605.1406  605.2222
[10]  597.0069  608.0764 2513.5955

$Refset$fpen
 [1]  595.6875  595.5278  595.8021  596.3229  594.5174  595.7500  599.4149  605.1406  605.2222
[10]  597.0069  608.0764 2513.5955

$Refset$const
          [,1]     [,2]     [,3]     [,4]     [,5]
 [1,] 10.39364 29.59989 19.20625 1.538369 2.438070
 [2,] 10.37136 29.59179 19.22043 1.538391 2.437967
 [3,] 10.33682 29.57872 19.24190 1.538464 2.437343
 [4,] 10.36744 29.58562 19.21818 1.538298 2.438093
 [5,] 10.36723 29.57992 19.21269 1.538256 2.438691
 [6,] 10.52655 29.63796 19.11142 1.538112 2.439297
 [7,] 10.38600 29.58967 19.20366 1.537989 2.458208
 [8,] 11.11046 29.56535 18.45489 1.534386 2.450525
 [9,] 11.12010 29.57193 18.45183 1.534372 2.450793
[10,] 10.37861 29.59093 19.21232 1.538385 2.438295
[11,] 10.36860 29.58910 19.22050 1.538307 2.438451
[12,]  9.68442 29.61605 19.93163 1.660035 2.204586

$Refset$penalty
 [1] 0 0 0 0 0 0 0 0 0 0 0 0


