$f
 [1] 1436.4583 1024.2812  910.6319  909.0694  908.2170  902.3177  848.6562  754.2812  744.7431
[10]  729.3333  726.1840  722.5365  722.4740  688.8576  667.3420  666.3611

$x
          [,1]     [,2]      [,3]     [,4]     [,5]     [,6]     [,7]     [,8]     [,9]    [,10]
xbest 9.188220 238.2350 0.4376630 25.41173 284.9959 42.71344 27.57601 7.100125 4.819812 4.312420
xbest 9.375583 259.7932 0.5692441 23.35820 286.1068 43.88572 39.50898 6.912544 4.744643 1.200732
xbest 9.372307 259.6185 0.5459580 23.32305 286.1308 43.87873 39.55440 6.905556 4.794702 1.212607
xbest 9.372006 260.0511 0.5540145 23.33853 286.1264 43.87902 39.52851 6.905610 4.772788 1.214222
xbest 9.372171 259.5108 0.5486394 23.31934 286.1306 43.87872 39.55203 6.905547 4.778905 1.212684
xbest 9.137986 272.1645 0.5463902 24.79680 286.1388 44.24729 33.11630 6.686370 4.802313 1.517906
xbest 8.760068 272.1645 0.5913902 24.79680 286.1388 44.24729 32.95380 6.686370 4.803888 1.493971
xbest 6.543772 299.2547 0.5755615 23.57800 285.8646 43.37258 37.31814 7.276677 4.909414 1.236853
xbest 6.479007 302.3970 0.5752623 23.35237 285.8647 43.33276 37.33643 7.278827 5.042475 1.232426
xbest 6.479007 302.7095 0.5766685 23.16634 285.8623 43.33276 37.33643 7.278827 5.040912 1.232426
xbest 6.886124 280.3854 0.6029457 24.54329 285.8806 44.27340 36.08692 7.275581 4.504301 1.235912
xbest 6.930959 280.5686 0.5900670 24.51934 285.8815 44.22661 36.11226 7.274189 4.501709 1.235385
xbest 6.904670 280.4564 0.5849799 24.54959 285.8807 44.26770 36.09855 7.274741 4.501847 1.235565
xbest 6.940451 270.1651 0.5870927 25.33634 285.8799 44.49285 36.07551 7.273888 4.500080 1.234768
xbest 6.940451 270.1651 0.5870927 25.33634 285.8799 44.49285 35.91301 7.273888 4.500080 1.234768
xbest 6.940451 270.1651 0.5870927 25.33634 285.8799 44.49285 35.87239 7.273888 4.500080 1.234768

$time
elapsed elapsed elapsed elapsed elapsed elapsed elapsed elapsed elapsed elapsed elapsed elapsed 
   1.69    4.69    8.00   15.30   17.55   22.08   32.11   34.28   42.17   58.13   60.23   72.34 
elapsed elapsed elapsed elapsed 
  74.09   75.89   78.55  440.52 

$neval
 [1]   106   257   427   857  1000  1272  1911  2047  2584  3366  3499  4296  4432  4572  4784
[16] 30126

$fbest
[1] 666.3611

$xbest
 [1]   6.9404512 270.1650601   0.5870927  25.3363408 285.8799136  44.4928530  35.8723854
 [8]   7.2738884   4.5000802   1.2347681

$numeval
[1] 30126

$end_crit
[1] 1

$cpu_time
elapsed 
 440.52 

$Refset
$Refset$x
           [,1]     [,2]      [,3]     [,4]     [,5]     [,6]     [,7]     [,8]     [,9]
 [1,] 12.378101 254.8618 0.6306300 26.01435 286.4997 44.14441 34.88093 5.853694 4.306664
 [2,] 12.380307 254.7072 0.6299639 26.01597 286.4997 44.14119 34.88485 5.853627 4.309094
 [3,] 12.380526 254.5972 0.6305556 26.01954 286.4994 44.13814 34.88345 5.853571 4.311333
 [4,] 12.380625 254.6919 0.6300055 26.01614 286.4996 44.14097 34.88652 5.853606 4.309281
 [5,] 12.378880 254.6886 0.6304613 26.01582 286.4990 44.14075 34.87672 5.853579 4.311315
 [6,] 12.380356 254.7036 0.6299267 26.01671 286.4994 44.14014 34.88578 5.853503 4.308609
 [7,] 12.378158 254.7452 0.6306693 26.01618 286.4995 44.14032 34.88423 5.853602 4.309593
 [8,] 12.378052 254.7992 0.6297634 26.01446 286.4996 44.14708 34.88090 5.853691 4.307130
 [9,] 12.378185 254.6382 0.6302001 26.01942 286.4993 44.13706 34.88377 5.853624 4.310840
[10,]  8.986978 294.8379 0.7795218 21.02155 286.6894 34.63000 36.38896 6.057158 2.870406
[11,] 12.426262 254.1628 0.6300945 26.00364 286.4994 44.07587 34.88112 5.854755 4.290037
[12,] 13.998945 254.5833 0.6302733 25.95512 286.4644 43.64475 33.67340 5.882874 4.304369
         [,10]
 [1,] 3.492912
 [2,] 3.492591
 [3,] 3.492878
 [4,] 3.492622
 [5,] 3.492615
 [6,] 3.492561
 [7,] 3.492711
 [8,] 3.492918
 [9,] 3.492594
[10,] 2.728590
[11,] 3.527273
[12,] 3.468412

$Refset$f
 [1]   792.4566   792.4566   792.4566   792.4566   792.4566   792.4566   792.4566   792.6111
 [9]   792.4566 11489.9809   825.1771  1150.5694

$Refset$fpen
 [1]     792.4566     792.4566     792.4566     792.4566     792.4566     792.4566     792.4566
 [8]     792.6111     792.4566 1106553.5855     825.1771    1150.5694

$Refset$const
          [,1]     [,2]      [,3]     [,4]     [,5]
 [1,] 21.70768 31.69334  9.985651 1.513382 3.061176
 [2,] 21.70687 31.69091  9.984031 1.513348 3.061746
 [3,] 21.70820 31.68867  9.980465 1.513383 3.061696
 [4,] 21.70686 31.69072  9.983858 1.513355 3.061852
 [5,] 21.70450 31.68868  9.984182 1.513469 3.060788
 [6,] 21.70810 31.69139  9.983291 1.513384 3.061748
 [7,] 21.70659 31.69041  9.983817 1.513385 3.061626
 [8,] 21.70733 31.69287  9.985544 1.513399 3.060968
 [9,] 21.70858 31.68916  9.980576 1.513395 3.061740
[10,] 18.15115 33.12959 14.978449 1.415431 4.595064
[11,] 21.71361 31.70996  9.996358 1.513181 3.065681
[12,] 21.65075 31.69563 10.044881 1.521168 2.978367

$Refset$penalty
 [1] 0.000000 0.000000 0.000000 0.000000 0.000000 0.000000 0.000000 0.000000 0.000000 1.095064
[11] 0.000000 0.000000


