$f
 [1] 2006.7865 1239.8611  814.9983  788.4219  742.4965  734.3160  712.3455  645.6684  645.2517
[10]  645.1042  643.9323  642.4115  641.9653  641.6719  638.2014  636.0052  634.9010  633.6649
[19]  631.8542  629.7552  629.0451  627.3559  626.3524  625.7170  625.5382  625.2865  625.1753
[28]  624.0816  623.9167  623.6580  623.4271  622.4392  621.6632  620.5052  620.3906  620.0642
[37]  619.6528  619.6528

$x
           [,1]     [,2]      [,3]     [,4]     [,5]     [,6]     [,7]     [,8]     [,9]
xbest  8.641849 390.9549 0.4808722 17.78561 285.1654 39.52375 35.40377 4.350084 6.853489
xbest 19.969649 254.1561 0.4476331 19.65768 286.7404 43.75222 24.31118 6.000731 4.081786
xbest 18.469649 276.5825 0.4676446 19.77976 286.6811 45.35222 24.26148 5.959986 3.039084
xbest 18.935156 259.7063 0.4506310 19.69330 286.7220 45.78772 24.68484 6.379482 3.757295
xbest 20.400624 253.9748 0.5995413 19.26477 286.5954 45.96689 24.33237 6.449482 2.214687
xbest 18.561264 259.9622 0.5227835 19.66326 286.6627 45.89744 24.56463 6.412043 3.796580
xbest 20.722777 237.1610 0.6085673 19.11311 286.6279 45.98700 24.35743 6.443863 2.440008
xbest 20.457612 237.1610 0.6535673 19.04475 286.5538 45.98700 24.00000 6.452701 2.572590
xbest 19.701625 272.8464 0.6828822 18.62589 286.6539 45.86058 24.33967 6.437716 2.740182
xbest 19.701625 272.8464 0.6828822 18.62589 286.6539 45.86058 24.33967 6.437716 2.737057
xbest 19.750431 270.2071 0.7081341 18.59935 286.6547 45.85693 24.34845 6.437066 2.833521
xbest 19.726986 273.3078 0.7491478 18.65509 286.6547 45.85698 24.34838 6.437020 2.834081
xbest 19.725318 276.0804 0.7420380 18.30574 286.6547 45.85688 24.34884 6.436724 2.870940
xbest 19.781348 273.8597 0.9141591 18.13505 286.6556 45.86459 24.36918 6.437565 2.869263
xbest 19.828223 293.8597 1.0000000 18.13505 286.6556 45.86146 24.36918 6.436784 2.869263
xbest 19.750509 271.1366 0.9509289 18.63423 286.6552 45.85532 24.36290 6.437680 2.885293
xbest 19.795557 269.0411 0.9719788 18.88023 286.6556 45.86071 24.36228 6.437424 2.863681
xbest 19.807441 269.3132 0.9796194 18.90906 286.6557 45.85994 24.36343 6.437413 2.873892
xbest 19.792199 270.5951 1.0000000 19.06979 286.6557 45.86208 24.36336 6.437254 2.862685
xbest 19.792224 270.8504 0.9980118 19.07949 286.6558 45.86384 24.36333 6.437262 2.861099
xbest 19.792224 270.8504 1.0000000 19.07949 286.6558 45.86384 24.36333 6.437262 2.861099
xbest 19.747836 270.3398 0.9965818 18.92226 286.6551 45.86673 24.36688 6.437771 3.050529
xbest 19.747836 270.3398 0.9965818 18.92226 286.6551 45.86673 24.36688 6.437771 3.056779
xbest 19.725021 267.3881 0.9979189 19.05632 286.6550 45.86607 24.37382 6.437795 3.094592
xbest 19.763284 267.7942 0.9971207 18.93604 286.6548 45.86458 24.35432 6.437913 3.142558
xbest 19.764030 267.9409 0.9971348 18.93087 286.6548 45.86365 24.35660 6.438010 3.145448
xbest 19.762929 269.9495 0.9976930 18.96544 286.6550 45.86611 24.36451 6.437004 3.018827
xbest 19.761743 267.5028 0.9975585 18.93739 286.6546 45.86428 24.34813 6.438081 3.140107
xbest 19.764728 267.9784 0.9963237 18.94457 286.6544 45.86658 24.34959 6.437196 3.134854
xbest 19.764728 267.9784 0.9963237 18.94457 286.6544 45.86658 24.34959 6.437196 3.134854
xbest 19.757390 267.3843 0.9954269 18.94218 286.6546 45.86585 24.35449 6.436939 3.156911
xbest 19.705882 269.4246 0.9971693 18.98877 286.6544 45.85585 24.35867 6.445920 3.091586
xbest 19.688587 268.7369 0.9947515 18.94142 286.6545 45.85551 24.34826 6.445582 3.149234
xbest 19.712427 269.0921 0.9972571 18.95945 286.6536 45.83631 24.35963 6.445416 3.093397
xbest 19.712808 269.0266 0.9988797 18.96420 286.6538 45.82514 24.36446 6.445440 3.066383
xbest 19.695877 268.6602 0.9956957 18.95223 286.6531 45.85427 24.34988 6.445788 3.095334
xbest 19.713155 268.5486 0.9975155 18.94131 286.6529 45.85391 24.35052 6.445991 3.096099
xbest 19.713155 268.5486 0.9975155 18.94131 286.6529 45.85391 24.35052 6.445991 3.096099
         [,10]
xbest 4.850244
xbest 1.453258
xbest 1.453258
xbest 2.003786
xbest 2.249361
xbest 1.949623
xbest 2.208206
xbest 2.208206
xbest 2.141492
xbest 2.141492
xbest 2.141063
xbest 2.141073
xbest 2.141086
xbest 2.139579
xbest 2.139579
xbest 2.140575
xbest 2.144071
xbest 2.144237
xbest 2.144170
xbest 2.144127
xbest 2.144127
xbest 2.142611
xbest 2.142611
xbest 2.144179
xbest 2.140911
xbest 2.140611
xbest 2.141785
xbest 2.141231
xbest 2.140776
xbest 2.141518
xbest 2.141557
xbest 2.194157
xbest 2.193685
xbest 2.199156
xbest 2.202219
xbest 2.194172
xbest 2.194421
xbest 2.194421

$time
elapsed elapsed elapsed elapsed elapsed elapsed elapsed elapsed elapsed elapsed elapsed elapsed 
   1.24    3.42    5.91   15.85   18.52   20.44   22.38   27.88  108.50  109.52  119.42  121.35 
elapsed elapsed elapsed elapsed elapsed elapsed elapsed elapsed elapsed elapsed elapsed elapsed 
 125.39  129.41  130.75  136.58  141.47  143.45  145.50  151.49  152.56  205.86  206.91  214.81 
elapsed elapsed elapsed elapsed elapsed elapsed elapsed elapsed elapsed elapsed elapsed elapsed 
 220.86  222.92  224.91  226.95  248.50  249.52  301.08  358.72  367.75  371.78  373.99  379.94 
elapsed elapsed 
 411.99  446.11 

$neval
 [1]   106   257   439  1155  1293  1432  1573  1973  7429  7503  8180  8315  8587  8861  8957
[16]  9367  9649  9787  9927 10344 10417 13961 14034 14580 14994 15133 15271 15409 16817 16890
[31] 20412 24317 24947 25220 25356 25766 27863 30008

$fbest
[1] 619.6528

$xbest
 [1]  19.7131553 268.5486126   0.9975155  18.9413080 286.6529337  45.8539075  24.3505168
 [8]   6.4459908   3.0960988   2.1944208

$numeval
[1] 30008

$end_crit
[1] 1

$cpu_time
elapsed 
 446.11 

$Refset
$Refset$x
           [,1]        [,2]        [,3]      [,4]       [,5]      [,6]       [,7]       [,8]
 [1,]  19.71316   0.9975155 286.6529337 24.350517   3.096099  19.71316  0.9975155 286.652934
 [2,] 268.54861  18.9413080  45.8539075  6.445991   2.194421 268.54861 18.9413080  45.853907
 [3,]  19.71316 268.5486126   0.9975155 18.941308 286.652934  45.85391 24.3505168   6.445991
 [4,]  19.71007 268.5658121   0.9964006 18.941747 286.652619  45.85551 24.3496428   6.446111
 [5,]  19.70239 267.9635111   0.9992880 18.998051 286.652649  45.83992 24.3543788   6.446253
 [6,]  19.70828 268.5687975   0.9949211 18.936711 286.652949  45.85704 24.3481701   6.446076
 [7,]  19.70778 268.6188369   0.9951071 18.938089 286.652941  45.85585 24.3491271   6.446057
 [8,]  19.71148 268.5681955   0.9977496 18.940341 286.653608  45.85438 24.3541119   6.446054
 [9,]  19.76588 263.8639656   0.9962778 18.912513 286.649419  45.86331 24.2861995   6.442460
[10,]  19.69125 268.5414913   0.9971853 18.959426 286.653526  45.85373 24.3505560   6.445913
[11,]  19.56167 269.6455786   0.9958546 18.910673 286.648648  45.85976 24.3433778   6.447340
[12,]  19.66651 265.4637507   0.9947072 19.262090 286.637594  46.19257 24.3262016   6.417167
           [,9]    [,10]
 [1,] 24.350517 3.096099
 [2,]  6.445991 2.194421
 [3,]  3.096099 2.194421
 [4,]  3.095566 2.194886
 [5,]  3.085894 2.196027
 [6,]  3.099875 2.195327
 [7,]  3.096287 2.194875
 [8,]  3.096160 2.194539
 [9,]  3.334263 2.162962
[10,]  3.092609 2.196323
[11,]  3.138202 2.192588
[12,]  2.878563 2.190529

$Refset$f
 [1] 619.6528 619.6528 619.6528 619.6528 619.6684 619.9948 619.9948 619.6528 624.8490 621.3785
[11] 635.7188 797.2344

$Refset$fpen
 [1] 619.6528 619.6528 619.6528 619.6528 619.6684 619.9948 619.9948 619.6528 624.8490 621.3785
[11] 635.7188 797.2344

$Refset$const
          [,1]      [,2]      [,3]      [,4]     [,5]
 [1,] 15.84521 17.058692  2.342075 32.903901 1.525631
 [2,] 32.90390  1.525631 15.845209 17.058692 2.342075
 [3,] 15.84521 32.903901 17.058692  1.525631 2.342075
 [4,] 15.84618 32.904434 17.058253  1.525660 2.341881
 [5,] 15.91216 32.914106 17.001949  1.525650 2.342585
 [6,] 15.83684 32.900125 17.063289  1.525633 2.341866
 [7,] 15.84180 32.903713 17.061911  1.525632 2.341949
 [8,] 15.84418 32.903840 17.059659  1.525570 2.342472
 [9,] 15.57825 32.665737 17.087487  1.525981 2.337252
[10,] 15.86682 32.907391 17.040574  1.525579 2.342274
[11,] 15.77247 32.861798 17.089327  1.526016 2.340144
[12,] 16.38353 33.121437 16.737910  1.527081 2.326392

$Refset$penalty
 [1] 0 0 0 0 0 0 0 0 0 0 0 0


