$f
 [1] 3590.5174 1393.4983  867.6476  810.9375  805.3160  789.9740  694.5990  657.0208  610.4896
[10]  598.6875  571.2795  540.8542  534.4063  531.0521  529.3333  525.7934  524.7292  514.4878
[19]  513.3750  513.0226  511.5469  510.7153  510.4462  510.2778  510.1528  506.8420  506.5677
[28]  506.2014  503.9809  503.3559  503.3559

$x
           [,1]     [,2]      [,3]     [,4]     [,5]     [,6]     [,7]     [,8]     [,9]
xbest  9.280992 440.5169 0.4934742 15.85772 284.7686 34.38690 31.50827 4.212132 2.074135
xbest  8.319342 369.8656 0.8941407 24.83598 285.5026 36.66571 31.01867 6.166932 3.314510
xbest  8.319342 369.8656 0.9696079 25.21040 285.6578 35.71538 31.01867 6.390539 3.745277
xbest 15.697465 322.3661 0.3975361 16.10919 286.3742 42.30344 27.07860 7.084870 7.392750
xbest 14.041788 336.0981 0.2684468 16.92947 286.6845 39.17070 27.13367 7.504863 7.989797
xbest 14.464872 316.3094 0.3957803 16.59900 286.3437 42.25957 26.93564 7.086131 7.400765
xbest 12.174303 311.3209 0.2730785 16.74968 286.2091 42.47935 27.27506 7.186200 7.600930
xbest 12.174303 331.3209 0.2730785 16.37468 286.2091 42.47935 27.27506 7.186200 7.625930
xbest 11.620854 321.7712 0.3571222 17.83109 286.3462 42.31719 27.73171 7.303794 7.608110
xbest 11.650578 312.3171 0.2484931 17.64152 286.2842 42.75522 27.78728 7.357419 7.305527
xbest 12.924860 327.1990 0.2756911 15.69171 286.2992 42.17929 28.42379 7.300184 7.966588
xbest 11.617857 315.2535 0.3536117 17.88290 286.3009 42.52076 27.76054 7.326440 7.647764
xbest 11.629576 315.2535 0.3536117 17.88290 286.3009 42.72076 27.76054 7.326440 7.647764
xbest 12.185437 312.6332 0.2830904 17.24601 286.3010 42.53807 27.70605 7.301995 7.542516
xbest 12.185437 312.6332 0.2830904 17.24601 286.3010 42.53807 27.62480 7.301995 7.542516
xbest 12.185410 313.9639 0.2821540 17.22199 286.3023 42.51030 27.70276 7.301498 7.735890
xbest 12.184806 318.7559 0.3056149 17.25440 286.2960 42.49903 27.69606 7.302879 7.527631
xbest 12.098149 314.2681 0.2867050 17.32054 286.2908 42.62333 27.69711 7.325519 7.648887
xbest 12.110494 314.2773 0.2863103 17.32126 286.2908 42.62346 27.69988 7.325186 7.648909
xbest 12.110494 314.2773 0.2863103 17.13376 286.2908 42.62346 27.69988 7.325186 7.648909
xbest 12.091137 313.7090 0.2976487 17.40888 286.2927 42.65142 27.72566 7.328725 7.619976
xbest 12.091137 313.7872 0.2976487 17.40888 286.2927 42.65142 27.68504 7.328725 7.619976
xbest 12.123552 313.8139 0.2975792 17.38236 286.2927 42.65482 27.72600 7.328590 7.622630
xbest 12.122308 313.6356 0.2978112 17.39158 286.2954 42.65755 27.74350 7.328793 7.622959
xbest 12.109812 314.3999 0.2963186 17.36386 286.2900 42.65113 27.65662 7.328692 7.623470
xbest 12.121531 314.3999 0.2963186 17.17636 286.2900 42.65113 27.65662 7.328692 7.623470
xbest 12.103406 314.2153 0.3517681 17.38466 286.2922 42.64058 27.69974 7.328173 7.633901
xbest 12.103406 314.2153 0.3517901 17.38466 286.2922 42.64058 27.69974 7.328197 7.633901
xbest 12.094985 313.9194 0.3522374 17.39146 286.2923 42.64926 27.71557 7.327109 7.648699
xbest 12.092055 313.9194 0.3522374 17.39219 286.2923 42.64926 27.71557 7.327060 7.648699
xbest 12.092055 313.9194 0.3522374 17.39219 286.2923 42.64926 27.71557 7.327060 7.648699
         [,10]
xbest 4.040752
xbest 3.872643
xbest 3.646940
xbest 4.299926
xbest 4.012190
xbest 4.245381
xbest 3.727443
xbest 3.727443
xbest 3.569575
xbest 3.550276
xbest 3.640103
xbest 3.557284
xbest 3.557284
xbest 3.683871
xbest 3.683871
xbest 3.687446
xbest 3.668896
xbest 3.691948
xbest 3.691853
xbest 3.691853
xbest 3.669530
xbest 3.669530
xbest 3.668953
xbest 3.667859
xbest 3.673490
xbest 3.673490
xbest 3.673211
xbest 3.673211
xbest 3.680669
xbest 3.680669
xbest 3.680669

$time
elapsed elapsed elapsed elapsed elapsed elapsed elapsed elapsed elapsed elapsed elapsed elapsed 
   1.41    4.30    6.24   12.08   16.61   18.49   20.39   27.13   32.92   36.81   42.50   44.44 
elapsed elapsed elapsed elapsed elapsed elapsed elapsed elapsed elapsed elapsed elapsed elapsed 
  48.25   76.99   78.00   83.69   90.08   91.94   97.58   98.58  130.63  131.72  164.99  167.83 
elapsed elapsed elapsed elapsed elapsed elapsed elapsed 
 169.75  186.31  236.88  237.94  250.16  259.86  431.17 

$neval
 [1]   106   259   402   827  1102  1239  1377  1867  2268  2538  2941  3078  3295  5322  5396
[16]  5809  6217  6353  6764  6838  9125  9204 11502 11707 11842 13010 16572 16651 17468 18093
[31] 30011

$fbest
[1] 503.3559

$xbest
 [1]  12.0920549 313.9194100   0.3522374  17.3921917 286.2923336  42.6492621  27.7155701
 [8]   7.3270600   7.6486989   3.6806694

$numeval
[1] 30011

$end_crit
[1] 1

$cpu_time
elapsed 
 431.17 

$Refset
$Refset$x
          [,1]     [,2]      [,3]     [,4]     [,5]     [,6]     [,7]     [,8]     [,9]    [,10]
 [1,] 12.15774 314.4039 0.3620372 17.38092 286.2907 42.64673 27.68431 7.328756 7.642270 3.670717
 [2,] 12.15939 314.4100 0.3618629 17.38143 286.2910 42.64574 27.68389 7.328796 7.640895 3.670332
 [3,] 12.15778 314.4169 0.3619794 17.38102 286.2907 42.64565 27.68476 7.328756 7.642176 3.670908
 [4,] 12.15656 314.4604 0.3613568 17.37879 286.2914 42.64441 27.68705 7.328587 7.641823 3.669146
 [5,] 12.18587 314.3008 0.3619303 17.37705 286.2901 42.65419 27.68248 7.332193 7.642155 3.671270
 [6,] 12.14338 314.8355 0.3595863 17.41494 286.2902 42.52675 27.58761 7.304197 7.657955 3.676536
 [7,] 11.47048 335.5794 0.3663417 17.40043 286.2812 42.54328 27.65145 7.330948 7.681216 3.646358
 [8,] 12.14686 315.5226 0.3597931 18.95685 286.3148 42.55961 27.86492 7.321767 6.639648 3.671740
 [9,] 12.83508 309.8005 0.3655845 17.32260 286.2267 42.63399 27.49990 7.309452 7.182448 2.346915
[10,] 12.08520 304.1976 0.3631558 17.60101 286.2539 42.49288 27.74895 7.329685 7.913676 3.670735
[11,] 14.57241 290.9048 0.3623247 17.52671 286.2364 38.64373 29.45330 4.406327 7.991365 2.213319
[12,] 12.44211 349.5261 0.5570114 17.54730 286.1947 41.19069 32.48373 6.348686 7.631921 2.936808

$Refset$f
 [1]  505.8993  505.8993  505.8993  505.8993  517.8368  522.6007  527.5087  548.3785  562.5312
[10]  532.6337 1172.9045 1077.4323

$Refset$fpen
 [1]  505.8993  505.8993  505.8993  505.8993  517.8368  522.6007  527.5087  548.3785  562.5312
[10]  532.6337 1172.9045 1077.4323

$Refset$const
           [,1]     [,2]     [,3]     [,4]     [,5]
 [1,]  9.738650 28.35773 18.61908 1.555632 2.532618
 [2,]  9.740535 28.35910 18.61857 1.555609 2.532701
 [3,]  9.738846 28.35782 18.61898 1.555635 2.532678
 [4,]  9.736969 28.35818 18.62121 1.555562 2.533085
 [5,]  9.734891 28.35785 18.62295 1.555705 2.531995
 [6,]  9.756982 28.34205 18.58506 1.555720 2.531212
 [7,]  9.719217 28.31878 18.59957 1.556584 2.531878
 [8,] 12.317204 29.36035 17.04315 1.552742 2.555698
 [9,] 10.140157 28.81755 18.67740 1.562516 2.501702
[10,]  9.687333 28.08632 18.39899 1.559285 2.531884
[11,]  9.535343 28.00864 18.47329 1.550716 2.858996
[12,]  9.915375 28.36808 18.45270 1.552065 2.935684

$Refset$penalty
 [1] 0 0 0 0 0 0 0 0 0 0 0 0


