$f
 [1] 2346.5312 1144.5608  536.3073  525.5156  492.5260  432.7552  423.2292  408.1632  401.3628
[10]  369.6319  350.4965  338.4653  304.0347  287.5660  287.4809  287.2587  286.7153  286.6997
[19]  286.5955  286.5955

$x
           [,1]     [,2]      [,3]     [,4]     [,5]     [,6]     [,7]     [,8]     [,9]
xbest 10.159005 312.6340 0.8183190 24.94214 284.1101 37.38145 28.96314 3.737213 3.941496
xbest  7.842466 284.1285 0.8586174 29.88804 284.0000 41.75513 26.78355 3.192607 2.209943
xbest  7.086629 284.1285 0.4490775 29.89135 284.3732 38.12711 26.96664 2.386381 3.016389
xbest  6.727734 289.5320 0.4367685 29.91614 284.3247 37.87641 26.79535 2.493978 3.007015
xbest  6.667580 279.5474 0.5327670 29.12107 284.4093 38.32117 27.28786 2.515131 3.717001
xbest  5.971056 281.8277 0.4829213 29.24579 284.3046 45.97277 27.11527 2.231718 3.715614
xbest  5.000000 282.2828 0.3749094 29.00248 284.2705 42.99533 27.50062 2.000000 3.586917
xbest  5.000000 282.2828 0.3636594 29.00248 284.2496 43.04255 27.50062 2.132295 3.586917
xbest  5.014828 304.8947 0.4472343 28.62226 284.1347 43.35016 27.21054 2.370535 3.466534
xbest  5.000000 313.7957 0.6629106 29.56831 284.0000 44.63608 26.66462 2.212634 3.134498
xbest  5.000000 313.7957 0.7275981 29.56831 284.0000 44.53608 26.50212 2.212634 3.171998
xbest  5.004624 254.8427 0.5656803 30.00000 284.0000 27.33164 24.16334 8.654879 4.416569
xbest  5.004624 254.8427 0.5431803 30.00000 284.0009 27.73164 24.16334 8.655660 4.414226
xbest  5.000000 246.7429 0.5856266 28.74065 284.0000 44.19949 25.62621 2.372434 5.279445
xbest  5.340633 240.2265 0.4433857 27.88271 284.0962 42.77844 27.21136 3.179913 5.483404
xbest  5.323210 240.1591 0.4422322 27.88213 284.0944 42.73386 27.22523 3.188853 5.485687
xbest  5.332479 240.3661 0.4417477 27.89207 284.1069 42.76389 27.26889 3.199438 5.471622
xbest  5.338905 240.2640 0.4411777 27.88872 284.1031 42.74712 27.24621 3.206459 5.469878
xbest  5.334958 240.2633 0.4410585 27.88619 284.0999 42.74696 27.23995 3.209897 5.470836
xbest  5.334958 240.2633 0.4410585 27.88619 284.0999 42.74696 27.23995 3.209897 5.470836
         [,10]
xbest 2.647911
xbest 2.079366
xbest 5.000000
xbest 4.946902
xbest 5.000000
xbest 5.000000
xbest 5.000000
xbest 4.905000
xbest 4.222980
xbest 4.582644
xbest 4.606394
xbest 5.000000
xbest 5.000000
xbest 4.899736
xbest 4.386319
xbest 4.270973
xbest 4.299668
xbest 4.252574
xbest 4.250062
xbest 4.250062

$time
elapsed elapsed elapsed elapsed elapsed elapsed elapsed elapsed elapsed elapsed elapsed elapsed 
   1.08    2.97    5.51   12.08   17.92   19.61   21.40   26.51   36.58   43.83   45.26   76.64 
elapsed elapsed elapsed elapsed elapsed elapsed elapsed elapsed 
  77.93  200.86  357.12  359.75  369.84  379.64  381.45  397.54 

$neval
 [1]   106   255   440   879  1300  1443  1584  1975  2779  3318  3429  5843  5945 15290 27116
[16] 27318 28131 28882 29021 30035

$fbest
[1] 286.5955

$xbest
 [1]   5.3349579 240.2633178   0.4410585  27.8861899 284.0999186  42.7469555  27.2399527
 [8]   3.2098966   5.4708359   4.2500618

$numeval
[1] 30035

$end_crit
[1] 1

$cpu_time
elapsed 
 397.54 

$Refset
$Refset$x
           [,1]     [,2]      [,3]     [,4]     [,5]     [,6]     [,7]     [,8]     [,9]
 [1,]  5.334958 240.2633 0.4410585 27.88619 284.0999 42.74696 27.23995 3.209897 5.470836
 [2,]  5.335256 240.2732 0.4413582 27.88584 284.1011 42.74149 27.25717 3.212668 5.470816
 [3,]  5.337416 240.2671 0.4409785 27.88317 284.1008 42.74780 27.23385 3.210776 5.470859
 [4,]  5.336786 240.3350 0.4415890 27.89118 284.1050 42.75756 27.25711 3.202653 5.470371
 [5,]  5.337053 240.3382 0.4413798 27.88688 284.1024 42.75434 27.25319 3.200936 5.471571
 [6,]  5.332295 240.3555 0.4417845 27.89109 284.1023 42.76142 27.25474 3.202147 5.471176
 [7,]  5.336523 240.2617 0.4408588 27.88895 284.1022 42.75251 27.24009 3.204167 5.471083
 [8,]  5.335205 240.3187 0.4418254 27.89037 284.1013 42.76093 27.25460 3.200469 5.472560
 [9,]  5.335363 240.2525 0.4414551 27.88966 284.1021 42.75383 27.25587 3.209974 5.471061
[10,]  5.317366 240.1557 0.4454791 27.86364 284.0944 42.73838 27.22808 3.200789 5.502702
[11,]  7.193717 204.8050 0.2947239 23.12326 286.2162 20.20231 37.09765 7.003991 3.640900
[12,] 26.964029 386.4955 0.3949425 15.69016 286.3264 20.54790 49.34472 8.496872 6.351709
         [,10]
 [1,] 4.250062
 [2,] 4.227278
 [3,] 4.246258
 [4,] 4.306832
 [5,] 4.258957
 [6,] 4.272005
 [7,] 4.258864
 [8,] 4.326256
 [9,] 4.252048
[10,] 4.177295
[11,] 2.004137
[12,] 2.894817

$Refset$f
 [1]     286.5955     286.5955     286.5955     286.6858     286.6875     286.6875     286.6875
 [8]     286.7135     286.6875     286.9844 1000000.0000 1000000.0000

$Refset$fpen
 [1] 2.865955e+02 2.865955e+02 2.865955e+02 2.866858e+02 2.866875e+02 2.866875e+02 2.866875e+02
 [8] 2.867135e+02 2.866875e+02 2.869844e+02 9.999975e+11 9.999975e+11

$Refset$const
              [,1]         [,2]         [,3]         [,4]         [,5]
 [1,] 2.241535e+01 3.052916e+01 8.113810e+00 1.767697e+00 2.127636e+00
 [2,] 2.241502e+01 3.052918e+01 8.114161e+00 1.767850e+00 2.128797e+00
 [3,] 2.241231e+01 3.052914e+01 8.116834e+00 1.767526e+00 2.127338e+00
 [4,] 2.242081e+01 3.052963e+01 8.108819e+00 1.767327e+00 2.128493e+00
 [5,] 2.241531e+01 3.052843e+01 8.113115e+00 1.767557e+00 2.128238e+00
 [6,] 2.241992e+01 3.052882e+01 8.108906e+00 1.767527e+00 2.128077e+00
 [7,] 2.241787e+01 3.052892e+01 8.111047e+00 1.767419e+00 2.127601e+00
 [8,] 2.241781e+01 3.052744e+01 8.109630e+00 1.767630e+00 2.128025e+00
 [9,] 2.241860e+01 3.052894e+01 8.110337e+00 1.767631e+00 2.128375e+00
[10,] 2.236094e+01 3.049730e+01 8.136362e+00 1.768169e+00 2.126961e+00
[11,] 1.000000e+06 1.000000e+06 1.000000e+06 1.000000e+06 1.000000e+06
[12,] 1.000000e+06 1.000000e+06 1.000000e+06 1.000000e+06 1.000000e+06

$Refset$penalty
 [1]      0.0      0.0      0.0      0.0      0.0      0.0      0.0      0.0      0.0      0.0
[11] 999996.5 999996.5


