$f
 [1] 640.0243 470.4740 300.3594 285.8559 284.5017 275.6424 261.2986 243.2708 242.2257 241.9531
[11] 240.7031 237.6059 235.0990 234.1753 231.1406 223.7049 221.8090 207.8490 203.1024 201.1580
[21] 197.8681 194.5885 191.2101 191.1875 191.0451 190.8663 190.8142 190.6302 190.5851 190.5556
[31] 190.5556

$x
          [,1]     [,2]      [,3]     [,4]     [,5]     [,6]     [,7]     [,8]     [,9]    [,10]
xbest 14.16086 335.8900 0.1605110 15.91604 285.6478 37.35232 24.39557 7.438938 5.283818 1.439025
xbest 13.99310 262.6709 0.6284351 22.97829 286.3633 46.03390 26.15065 7.616612 5.068323 3.726283
xbest 13.99310 287.6709 0.7409351 22.97829 286.3633 45.23390 26.15065 7.416394 5.040372 3.719645
xbest 13.11147 296.5313 0.7767598 22.91592 286.0882 44.15518 26.36373 7.420766 5.062515 3.634882
xbest 12.62540 298.4498 0.7732443 22.87303 286.0786 43.56555 26.42727 7.355917 5.063370 3.566326
xbest 13.01006 301.3117 0.6627348 22.99778 286.0831 43.86750 25.85553 7.192813 5.070402 3.582200
xbest 12.90253 310.3629 0.7546539 22.82294 286.1074 43.65504 26.59588 7.332586 4.949409 3.460302
xbest 12.96908 309.3100 0.7584255 22.83244 286.1060 43.65243 26.59416 7.317989 4.941525 3.461539
xbest 13.30712 299.0753 0.8016996 22.82401 286.1069 43.70231 26.59288 7.333640 4.809787 3.399925
xbest 13.30712 299.0753 0.8016996 22.82401 286.1069 43.70231 26.63350 7.333640 4.822287 3.399925
xbest 13.41262 299.3191 0.8023515 22.82044 286.1059 43.70757 26.59758 7.334223 4.777570 3.390311
xbest 12.93066 316.8087 0.8137787 22.56485 286.1101 43.76030 26.60158 7.334001 4.814795 3.362526
xbest 13.18169 295.8719 0.7432918 22.86646 286.0482 43.55543 25.56048 7.315761 5.099475 3.434498
xbest 12.93119 316.7771 0.8131094 22.59908 286.1096 43.75839 26.59895 7.334381 4.812871 3.361304
xbest 12.84136 304.7390 0.7873810 22.61333 285.9769 43.53877 25.87726 7.344300 4.907017 3.233497
xbest 12.84136 304.7390 0.7648810 22.63677 285.9769 43.53877 25.87726 7.344300 4.944517 3.197872
xbest 12.89349 316.6995 0.9901352 22.50735 285.9842 43.61103 25.74306 7.330558 5.052917 3.278727
xbest 12.89349 316.5432 1.0000000 22.50735 285.9842 43.43291 25.74306 7.327433 5.021667 3.326227
xbest 12.85800 312.9639 0.9882201 22.65154 285.9704 43.66999 25.55849 7.317564 4.951320 3.203478
xbest 12.85800 312.9639 1.0000000 22.65154 285.9704 43.46999 25.55849 7.317564 4.951320 3.203478
xbest 12.84995 317.6976 0.9695613 22.07657 285.9522 43.76619 25.34807 7.334254 5.156209 3.155107
xbest 12.84995 319.0537 0.9982297 22.07657 285.9522 43.76619 25.34807 7.336001 5.112459 3.155107
xbest 12.89314 302.7998 0.9905941 22.87613 285.9704 43.63136 25.54040 7.328741 5.018408 3.125643
xbest 12.89607 302.7998 0.9905941 22.87613 285.9704 43.63136 25.54040 7.328741 5.018408 3.125643
xbest 12.87136 308.0977 0.9809958 23.23980 285.9593 43.60803 25.42324 7.325818 4.639971 3.191140
xbest 12.87136 308.1759 1.0000000 23.23980 285.9593 43.60803 25.42324 7.325818 4.639971 3.191140
xbest 12.87885 308.0968 0.9810049 23.23629 285.9548 43.60444 25.43184 7.326152 4.635096 3.190978
xbest 12.87058 307.6619 0.9820574 23.18671 285.9557 43.60231 25.41411 7.326298 4.686265 3.187605
xbest 12.87791 307.8950 0.9834916 23.26820 285.9566 43.60302 25.43934 7.325289 4.622162 3.187737
xbest 12.87791 307.9145 0.9834916 23.26820 285.9566 43.60302 25.43934 7.325289 4.622162 3.187737
xbest 12.87791 307.9145 0.9834916 23.26820 285.9566 43.60302 25.43934 7.325289 4.622162 3.187737

$time
elapsed elapsed elapsed elapsed elapsed elapsed elapsed elapsed elapsed elapsed elapsed elapsed 
   1.20    3.09    5.65   13.70   15.70   17.73   19.76   21.79   25.86   27.00   29.73   35.61 
elapsed elapsed elapsed elapsed elapsed elapsed elapsed elapsed elapsed elapsed elapsed elapsed 
  39.50   41.46   47.34   48.70   69.78   72.31   97.03   98.15  110.28  119.54  189.57  190.62 
elapsed elapsed elapsed elapsed elapsed elapsed elapsed 
 267.90  269.01  310.95  329.46  354.43  356.29  435.90 

$neval
 [1]   106   254   378   943  1081  1224  1364  1509  1792  1871  2008  2420  2692  2829  3236
[16]  3331  4810  4932  6686  6764  7566  8220 12972 13045 18476 18555 21525 22834 24546 24619
[31] 30111

$fbest
[1] 190.5556

$xbest
 [1]  12.8779115 307.9145493   0.9834916  23.2681956 285.9566364  43.6030230  25.4393392
 [8]   7.3252888   4.6221621   3.1877371

$numeval
[1] 30111

$end_crit
[1] 1

$cpu_time
elapsed 
  435.9 

$Refset
$Refset$x
          [,1]     [,2]      [,3]     [,4]     [,5]     [,6]     [,7]     [,8]     [,9]    [,10]
 [1,] 12.87603 307.9754 0.9812076 23.23154 285.9542 43.60192 25.42476 7.326006 4.645670 3.186670
 [2,] 12.87662 307.9278 0.9813436 23.22636 285.9538 43.60797 25.42334 7.325957 4.651356 3.187306
 [3,] 12.87688 307.9144 0.9811342 23.22260 285.9538 43.60590 25.42789 7.325923 4.654669 3.186793
 [4,] 12.87637 307.8943 0.9811071 23.22706 285.9539 43.60474 25.42772 7.326047 4.650669 3.186858
 [5,] 12.87656 307.9166 0.9844495 23.22759 285.9541 43.60372 25.42851 7.325990 4.651891 3.186995
 [6,] 12.87638 307.9565 0.9816358 23.22757 285.9539 43.60435 25.42616 7.325969 4.648817 3.187087
 [7,] 12.85448 307.8311 0.9970651 23.22773 285.9539 43.60097 25.41124 7.326519 4.660972 3.194587
 [8,] 12.85418 308.1231 0.9815704 23.23028 285.9540 43.61194 25.41707 7.326019 4.653520 3.187003
 [9,] 12.87556 307.9116 0.9817399 23.23202 285.9551 43.60433 25.41253 7.327151 4.646789 3.186874
[10,] 12.95311 306.9502 0.9813722 23.12645 285.9558 43.46872 25.69811 7.334647 4.592650 3.253786
[11,] 18.29520 229.8209 0.7395184 23.81993 285.9521 31.44210 26.33644 7.295141 5.725560 3.459844
[12,] 10.55045 310.7701 0.4832246 23.22173 285.9774 38.64373 25.69231 7.329002 6.583600 3.250441

$Refset$f
 [1] 190.5608 190.5608 190.5608 190.5608 190.5608 190.5608 190.6059 190.8333 191.0191 227.7083
[11] 643.8125 626.2413

$Refset$fpen
 [1] 190.5608 190.5608 190.5608 190.5608 190.5608 190.5608 190.6059 190.8333 191.0191 227.7083
[11] 643.8125 626.2413

$Refset$const
          [,1]     [,2]     [,3]     [,4]     [,5]
 [1,] 18.58587 31.35433 12.76846 1.587681 2.272086
 [2,] 18.57501 31.34864 12.77364 1.587699 2.271743
 [3,] 18.56793 31.34533 12.77740 1.587710 2.272053
 [4,] 18.57639 31.34933 12.77294 1.587709 2.272087
 [5,] 18.57570 31.34811 12.77241 1.587694 2.272208
 [6,] 18.57875 31.35118 12.77243 1.587702 2.272027
 [7,] 18.56676 31.33903 12.77227 1.587677 2.271332
 [8,] 18.57676 31.34648 12.76972 1.587672 2.271313
 [9,] 18.58523 31.35321 12.76798 1.587572 2.271580
[10,] 18.53380 31.40735 12.87355 1.588110 2.291679
[11,] 18.09437 30.27444 12.18007 1.576022 3.031553
[12,] 16.63813 29.41640 12.77827 1.587980 2.484506

$Refset$penalty
 [1] 0 0 0 0 0 0 0 0 0 0 0 0


