$f
 [1] 1868.722 1831.372 1512.599 1503.234 1499.290 1496.960 1398.649 1384.483 1183.040 1181.378
[11] 1180.028 1179.071 1177.132 1174.837 1174.040 1172.479 1171.257 1169.363 1168.102 1168.064
[21] 1167.795 1166.944 1166.099 1166.099

$x
           [,1]     [,2]      [,3]     [,4]     [,5]     [,6]     [,7]      [,8]     [,9]
xbest 29.137699 213.8594 0.7211800 20.72228 286.2713 28.18650 24.32609  2.647776 5.557262
xbest  7.974502 483.7808 0.4434970 16.58254 286.7114 41.10375 24.00000 10.000000 2.681513
xbest  7.974502 499.9219 0.5113485 18.08254 286.7073 41.10375 24.45962 10.000000 2.000000
xbest  7.974502 499.2925 0.5177224 18.05133 286.7073 41.10375 24.46505 10.000000 2.046317
xbest  7.974502 499.4488 0.5852224 18.05133 286.7073 41.10375 24.46505 10.000000 2.046317
xbest  9.270868 500.0000 0.6087428 18.81965 286.7703 40.64226 24.16685  9.354437 2.074800
xbest  9.759439 492.8839 0.5551392 18.40392 286.6835 40.78771 24.22240  8.958409 2.069975
xbest  9.325105 488.2711 0.3782793 17.98454 286.6980 40.64611 24.00000  9.390273 2.062259
xbest  9.325105 322.6517 0.4419189 23.90168 286.6980 40.64611 24.22981  9.390273 2.350626
xbest 14.685554 324.5899 0.6552836 18.59575 286.4558 42.77206 31.04602  7.254073 4.015549
xbest 14.685554 324.4337 0.6552836 18.59575 286.4558 42.77206 31.04602  7.254268 4.006174
xbest 14.545666 325.4220 0.6695643 18.67546 286.4531 42.75722 31.04632  7.257192 4.122387
xbest 14.545666 325.4220 0.6695643 18.67546 286.4531 42.75722 31.04632  7.257192 4.125512
xbest 14.809041 327.2772 0.6704224 18.56558 286.4498 42.74616 31.04642  7.255821 3.696747
xbest 14.878582 328.6486 0.6709905 18.55981 286.4495 42.74574 31.04602  7.255726 3.391190
xbest 14.845738 326.8508 0.6635457 18.59337 286.4492 42.75449 31.03982  7.256904 3.684509
xbest 14.884247 328.6362 0.6701884 18.56670 286.4495 42.74577 31.04616  7.255698 3.544286
xbest 14.873362 327.5904 0.6677246 18.59418 286.4492 42.75231 31.03517  7.256811 3.617293
xbest 14.873362 327.5904 0.6677246 18.59418 286.4492 42.75231 31.03517  7.256811 3.604793
xbest 14.856467 327.5868 0.6693037 18.59438 286.4490 42.75400 31.03107  7.256947 3.625485
xbest 14.855298 327.5907 0.6704993 18.59981 286.4488 42.75687 31.02588  7.257277 3.625223
xbest 14.864052 327.6010 0.6708559 18.59974 286.4486 42.75792 31.02571  7.257291 3.618321
xbest 14.878866 327.5999 0.6698386 18.57591 286.4491 42.75735 31.02662  7.257035 3.620508
xbest 14.878866 327.5999 0.6698386 18.57591 286.4491 42.75735 31.02662  7.257035 3.620508
         [,10]
xbest 2.739267
xbest 1.200000
xbest 1.201113
xbest 1.201074
xbest 1.201074
xbest 1.200000
xbest 1.516350
xbest 1.200000
xbest 1.200000
xbest 1.900668
xbest 1.900668
xbest 1.913015
xbest 1.913015
xbest 1.911169
xbest 1.909281
xbest 1.910327
xbest 1.909994
xbest 1.914065
xbest 1.914065
xbest 1.914204
xbest 1.914449
xbest 1.914706
xbest 1.914113
xbest 1.914113

$time
elapsed elapsed elapsed elapsed elapsed elapsed elapsed elapsed elapsed elapsed elapsed elapsed 
   2.06    6.01    7.94   13.64   28.14   34.50   38.19   45.51   49.31  201.86  203.06  218.25 
elapsed elapsed elapsed elapsed elapsed elapsed elapsed elapsed elapsed elapsed elapsed elapsed 
 223.78  233.64  237.58  239.53  241.47  243.37  244.47  254.56  256.39  264.01  273.39  432.84 

$neval
 [1]   106   398   534   949  1991  2393  2660  3193  3466 14038 14126 15218 15567 16245 16519
[16] 16653 16792 16929 17006 17683 17817 18364 18978 30079

$fbest
[1] 1166.099

$xbest
 [1]  14.8788663 327.5998686   0.6698386  18.5759146 286.4490694  42.7573493  31.0266162
 [8]   7.2570346   3.6205079   1.9141126

$numeval
[1] 30079

$end_crit
[1] 1

$cpu_time
elapsed 
 432.84 

$Refset
$Refset$x
          [,1]     [,2]      [,3]     [,4]     [,5]     [,6]     [,7]     [,8]     [,9]    [,10]
 [1,] 14.87809 327.5290 0.6702619 18.58125 286.4491 42.75867 31.02765 7.257135 3.618650 1.914410
 [2,] 31.69387 237.7528 0.2460725 20.58532 284.7668 46.23980 29.20961 7.174289 2.293660 3.168414
 [3,] 14.87723 327.6104 0.6725603 18.58023 286.4488 42.75367 31.02753 7.256955 3.623681 1.914268
 [4,] 14.87766 327.5728 0.6715453 18.57835 286.4487 42.75694 31.02810 7.257103 3.622331 1.914339
 [5,] 14.88067 327.5797 0.6705284 18.57447 286.4484 42.75768 31.02833 7.257097 3.620414 1.914581
 [6,] 14.87766 327.5549 0.6701038 18.58066 286.4492 42.75741 31.02700 7.257076 3.620265 1.914254
 [7,] 14.87814 327.5488 0.6705445 18.57303 286.4491 42.75636 31.02851 7.257018 3.627773 1.914207
 [8,] 14.97440 327.7621 0.6733643 18.50506 286.4486 42.77935 31.03172 7.256709 3.650882 1.919092
 [9,] 14.84905 323.8558 0.6693415 18.63521 286.4495 42.75745 31.03510 7.256934 3.634992 1.900119
[10,] 14.79517 333.8609 0.6686813 18.61080 286.4279 42.55939 31.02855 7.270118 3.630438 1.990818
[11,] 14.24839 339.0002 0.6440055 19.09012 286.4544 42.39276 31.19557 7.265082 3.793252 1.913943
[12,] 15.42414 318.3181 0.6977150 18.79964 286.4200 42.63026 31.06961 7.222036 4.179488 1.914432

$Refset$f
 [1]    1166.099 1246404.495    1166.099    1166.099    1166.099    1166.099    1166.099
 [8]    1211.830    1186.578    1344.148    1523.759    1566.962

$Refset$fpen
 [1]    1166.099 1246404.495    1166.099    1166.099    1166.099    1166.099    1166.099
 [8]    1211.830    1186.578    1344.148    1523.759    1566.962

$Refset$const
          [,1]     [,2]     [,3]     [,4]     [,5]
 [1,] 14.96260 32.38135 17.41875 1.530220 2.816057
 [2,] 18.29166 33.70634 15.41468 1.701502 2.175299
 [3,] 14.95655 32.37632 17.41977 1.530254 2.816178
 [4,] 14.95602 32.37767 17.42165 1.530265 2.816026
 [5,] 14.95406 32.37959 17.42553 1.530301 2.815889
 [6,] 14.96039 32.37973 17.41934 1.530217 2.816084
 [7,] 14.94526 32.37223 17.42697 1.530220 2.816223
 [8,] 14.85418 32.34912 17.49494 1.530318 2.815026
 [9,] 15.00022 32.36501 17.36479 1.530155 2.816812
[10,] 14.98036 32.36956 17.38920 1.532246 2.819184
[11,] 15.29687 32.20675 16.90988 1.528120 2.851636
[12,] 14.62015 31.82051 17.20036 1.533220 2.815396

$Refset$penalty
 [1] 0 0 0 0 0 0 0 0 0 0 0 0


