$f
[1] 1506.5295 1383.1979 1182.8438 1129.3819  849.3906  760.6302  760.5139

$x
          [,1]     [,2]      [,3]     [,4]     [,5]     [,6]     [,7]     [,8]      [,9]
xbest 14.73396 200.2086 0.8434748 19.57238 286.6503 44.17743 28.41870 9.282258  9.568442
xbest 14.21691 203.6464 0.9534582 19.93926 286.7445 44.42298 27.84729 9.044189  9.980642
xbest 14.13424 202.3866 0.8072082 19.93926 286.7070 44.42298 28.82229 9.444189 10.000000
xbest 14.96316 234.4013 0.7315264 20.17846 285.8303 30.81082 27.19994 6.146738  9.222740
xbest  5.00000 152.9629 0.4518620 23.24596 284.0000 33.96715 32.01188 6.026685  9.147919
xbest  5.00000 152.8699 0.4439477 23.24596 284.0025 33.94760 31.96353 6.026685  9.276197
xbest  5.00293 152.8699 0.4439477 23.24596 284.0025 33.94760 31.96353 6.026685  9.276197
         [,10]
xbest 4.771157
xbest 4.763548
xbest 4.763548
xbest 3.893964
xbest 1.200000
xbest 1.206856
xbest 1.206856

$time
elapsed elapsed elapsed elapsed elapsed elapsed elapsed 
   1.28    3.44    6.11    8.03   11.80   26.70  422.72 

$neval
[1]   106   257   400   543   824  1944 30060

$fbest
[1] 760.5139

$xbest
 [1]   5.0029297 152.8699052   0.4439477  23.2459612 284.0024564  33.9476042  31.9635304
 [8]   6.0266846   9.2761973   1.2068560

$numeval
[1] 30060

$end_crit
[1] 1

$cpu_time
elapsed 
 422.72 

$Refset
$Refset$x
          [,1]     [,2]      [,3]     [,4]     [,5]     [,6]     [,7]     [,8]     [,9]    [,10]
 [1,] 13.52891 323.1913 0.2599276 20.02400 285.7720 31.11310 26.64193 6.185039 6.286857 2.637959
 [2,] 13.52800 323.1904 0.2603126 20.02592 285.7729 31.11961 26.64191 6.185329 6.286991 2.638185
 [3,] 13.52586 323.1618 0.2607002 20.02390 285.7733 31.12605 26.64322 6.185386 6.292464 2.639212
 [4,] 13.52929 323.1293 0.2602602 20.02298 285.7735 31.12547 26.64203 6.185395 6.290088 2.638319
 [5,] 13.52865 323.1333 0.2601424 20.02365 285.7733 31.12432 26.64203 6.185454 6.289421 2.638077
 [6,] 13.52919 323.1794 0.2602861 20.02404 285.7731 31.12086 26.64220 6.185388 6.287423 2.638241
 [7,] 13.52830 323.1909 0.2602308 20.02356 285.7733 31.12192 26.64245 6.185420 6.287658 2.638153
 [8,] 13.52681 323.1937 0.2603087 20.02502 285.7729 31.12541 26.64216 6.185394 6.288243 2.638393
 [9,] 13.52788 323.1704 0.2603394 20.02683 285.7732 31.12293 26.64192 6.185428 6.287159 2.638114
[10,] 13.52961 323.1924 0.2602988 20.02507 285.7728 31.12292 26.64360 6.184285 6.287730 2.638078
[11,] 13.49633 325.5164 0.2615120 20.04309 285.7664 31.14556 26.64749 6.165342 6.321609 2.636456
[12,] 13.56023 323.1623 0.2646387 20.04013 285.7483 31.10904 26.42913 6.238077 6.285447 2.639892

$Refset$f
 [1] 779.3594 779.3594 779.3594 779.3594 779.3594 779.3594 779.3594 779.3594 779.3594 780.6146
[11] 810.5399 839.8663

$Refset$fpen
 [1] 779.3594 779.3594 779.3594 779.3594 779.3594 779.3594 779.3594 779.3594 779.3594 780.6146
[11] 810.5399 839.8663

$Refset$const
          [,1]     [,2]     [,3]     [,4]     [,5]
 [1,] 13.73715 29.71314 15.97600 1.597708 3.045290
 [2,] 13.73892 29.71301 15.97408 1.597611 3.044864
 [3,] 13.73144 29.70754 15.97610 1.597569 3.044476
 [4,] 13.73289 29.70991 15.97702 1.597549 3.044441
 [5,] 13.73423 29.71058 15.97635 1.597573 3.044501
 [6,] 13.73661 29.71258 15.97596 1.597585 3.044835
 [7,] 13.73590 29.71234 15.97644 1.597556 3.044825
 [8,] 13.73678 29.71176 15.97498 1.597630 3.044280
 [9,] 13.73967 29.71284 15.97317 1.597588 3.044591
[10,] 13.73734 29.71227 15.97493 1.597625 3.044701
[11,] 13.72148 29.67839 15.95691 1.598597 3.040724
[12,] 13.75468 29.71455 15.95987 1.601980 3.011747

$Refset$penalty
 [1] 0 0 0 0 0 0 0 0 0 0 0 0


