$f
 [1] 995.2014 937.9271 698.3090 670.5226 613.9410 517.1580 508.2865 499.0486 493.8924 492.4566
[11] 492.3733 489.5764 488.8837 488.6285 478.8854 474.5660 472.4792 469.8889 466.1128 465.3038

$x
          [,1]     [,2]      [,3]     [,4]     [,5]     [,6]     [,7]     [,8]      [,9]
xbest 15.59530 165.0888 0.9763324 17.44904 285.8190 36.91946 29.31695 7.276140  8.716299
xbest 23.72948 100.0000 0.3010289 27.27773 285.9000 40.54940 24.29084 5.224206  2.486244
xbest 23.72948 100.0000 0.2447789 26.22685 286.0125 40.54940 25.26584 5.124206  2.691185
xbest 24.04317 136.9803 0.2878703 18.25571 286.1353 38.40074 27.02044 5.597877  4.023659
xbest 18.34750 134.5097 1.0000000 18.57853 286.0561 38.30367 29.88372 6.468322 10.000000
xbest 18.72250 134.5097 1.0000000 17.68790 286.0936 38.30367 30.20872 6.468322  9.962500
xbest 21.66502 109.5422 0.5291302 27.48339 286.0649 39.84350 25.82263 5.650921  2.401828
xbest 21.65149 123.1106 0.4089707 19.87553 286.0880 39.94876 26.01004 5.681813  6.506018
xbest 21.65149 123.1106 0.4539707 19.12553 286.0880 39.94876 26.01004 5.681813  6.541373
xbest 21.66978 120.3328 0.5153331 22.54312 286.0693 39.76584 26.01452 5.647925  4.759510
xbest 21.85890 120.3614 0.5044024 21.83636 286.0824 39.78373 26.02983 5.659734  5.087196
xbest 21.63241 120.3310 0.5156286 22.67785 286.0693 39.76774 26.02267 5.648417  4.768043
xbest 21.87579 121.4494 0.5017863 21.90964 286.0774 40.08717 26.03179 5.654704  4.883922
xbest 21.68756 120.3618 0.5214019 22.68627 286.0692 39.76502 26.02349 5.649020  4.653150
xbest 21.68756 120.3618 1.0000000 22.68627 286.0692 39.76502 26.02349 5.649020  5.053150
xbest 21.67649 119.0681 0.5492878 22.62896 286.0719 39.86935 26.19671 5.662428  4.746962
xbest 21.64343 120.2996 0.5239642 22.36868 286.0650 39.86747 26.17278 5.662513  4.873225
xbest 21.60378 118.4125 0.5036261 21.83834 286.0696 39.91161 26.17889 5.666833  5.419833
xbest 21.60378 118.4125 0.5711261 21.85015 286.0696 39.91161 26.01639 5.666833  5.419833
xbest 21.60304 118.4125 0.5711261 21.85015 286.0696 39.91317 25.93514 5.666637  5.432724
         [,10]
xbest 2.872981
xbest 5.000000
xbest 4.972175
xbest 3.342263
xbest 4.312083
xbest 4.335833
xbest 3.242812
xbest 3.196902
xbest 3.196902
xbest 3.232225
xbest 3.243793
xbest 3.228535
xbest 3.350912
xbest 3.227112
xbest 3.227112
xbest 3.127096
xbest 3.126415
xbest 3.108061
xbest 3.108061
xbest 3.108061

$time
elapsed elapsed elapsed elapsed elapsed elapsed elapsed elapsed elapsed elapsed elapsed elapsed 
   1.31    3.38    5.33   12.17   22.00   27.52   41.83   44.67   49.97   56.36   65.70   67.80 
elapsed elapsed elapsed elapsed elapsed elapsed elapsed elapsed 
  69.94   72.10   73.52   89.70   94.03   96.25   97.53  454.66 

$neval
 [1]   106   257   392   814  1501  1887  2843  2978  3338  3744  4291  4426  4566  4707  4808
[16]  5776  6052  6198  6288 30018

$fbest
[1] 465.3038

$xbest
 [1]  21.6030442 118.4124853   0.5711261  21.8501503 286.0696262  39.9131689  25.9351395
 [8]   5.6666375   5.4327240   3.1080606

$numeval
[1] 30018

$end_crit
[1] 1

$cpu_time
elapsed 
 454.66 

$Refset
$Refset$x
          [,1]     [,2]      [,3]     [,4]     [,5]     [,6]     [,7]     [,8]     [,9]    [,10]
 [1,] 21.68600 116.0707 0.5513619 22.26830 286.0834 39.85977 26.19111 5.659455 5.249660 3.123268
 [2,] 21.68589 116.0667 0.5513613 22.26834 286.0834 39.85958 26.19196 5.659484 5.249671 3.123421
 [3,] 21.68307 116.0751 0.5516168 22.27444 286.0844 39.86238 26.18759 5.659425 5.248763 3.121887
 [4,] 21.68827 116.0652 0.5516333 22.26936 286.0835 39.86086 26.18914 5.659190 5.248265 3.121828
 [5,] 21.68632 116.0687 0.5513758 22.26862 286.0857 39.86431 26.19004 5.659527 5.248100 3.123219
 [6,] 21.68846 116.0814 0.5519410 22.28108 286.0875 39.86926 26.18388 5.659404 5.237168 3.123450
 [7,] 21.69296 116.0825 0.5520162 22.26683 286.0834 39.86363 26.18817 5.659226 5.239614 3.122505
 [8,] 21.69222 116.0842 0.5520306 22.27436 286.0848 39.86364 26.18811 5.659267 5.236713 3.122878
 [9,] 21.69167 115.9966 0.5518939 22.27891 286.0851 39.86392 26.18709 5.659283 5.238642 3.121832
[10,] 21.69067 116.0679 0.5520141 22.26972 286.0838 39.86535 26.18693 5.659453 5.239138 3.122341
[11,] 21.69395 116.0679 0.5520612 22.27014 286.0877 39.86933 26.18489 5.659407 5.238169 3.123772
[12,] 21.68559 116.0686 0.5516099 22.27078 286.0846 39.87079 26.18990 5.659756 5.247383 3.123420

$Refset$f
 [1] 466.6354 466.6354 466.6372 466.6684 466.6806 466.6806 466.7118 466.7118 466.7118 466.7118
[11] 466.7135 466.8351

$Refset$fpen
 [1] 466.6354 466.6354 466.6372 466.6684 466.6806 466.6806 466.7118 466.7118 466.7118 466.7118
[11] 466.7135 466.8351

$Refset$const
          [,1]     [,2]     [,3]     [,4]     [,5]
 [1,] 17.01864 30.75034 13.73170 1.577011 2.492676
 [2,] 17.01867 30.75033 13.73166 1.577010 2.492743
 [3,] 17.02568 30.75124 13.72556 1.576911 2.492600
 [4,] 17.02109 30.75173 13.73064 1.577003 2.492520
 [5,] 17.02052 30.75190 13.73138 1.576780 2.493032
 [6,] 17.04392 30.76283 13.71892 1.576596 2.492907
 [7,] 17.02722 30.76039 13.73317 1.577013 2.492307
 [8,] 17.03764 30.76329 13.72564 1.576867 2.492697
 [9,] 17.04027 30.76136 13.72109 1.576839 2.492694
[10,] 17.03058 30.76086 13.73028 1.576975 2.492253
[11,] 17.03197 30.76183 13.72986 1.576576 2.493025
[12,] 17.02340 30.75262 13.72922 1.576889 2.492445

$Refset$penalty
 [1] 0 0 0 0 0 0 0 0 0 0 0 0


