$f
 [1] 1704.5243 1013.9583  691.4931  652.2882  605.4861  605.4097  605.3507  605.2517  605.1615
[10]  605.1146  604.8142  604.5243  604.5243

$x
          [,1]     [,2]      [,3]     [,4]     [,5]     [,6]     [,7]     [,8]     [,9]    [,10]
xbest 15.87481 357.3825 0.4716944 17.26801 286.0582 33.89713 27.32867 5.760246 2.563064 4.112705
xbest 15.87519 416.7562 0.4353956 17.24497 286.3382 36.94480 29.67064 5.772737 2.660239 4.427251
xbest 15.87812 416.7562 0.4128956 17.24497 286.4086 38.74480 29.67064 5.722737 2.000000 4.617251
xbest 21.14197 108.3427 0.3926368 24.10899 286.6214 43.51055 24.26684 6.539410 3.733947 2.246310
xbest 21.14197 100.0000 0.3926368 24.13243 286.5417 43.51055 24.26684 6.539410 3.786157 2.245260
xbest 20.36961 166.6859 0.1812157 22.76119 286.6672 42.19320 26.27554 6.240717 3.703537 3.837009
xbest 20.37523 166.3932 0.1814990 22.77509 286.6673 42.19725 26.26742 6.240293 3.706590 3.841046
xbest 20.37523 166.3932 0.1814990 22.77509 286.6673 42.19725 26.26742 6.240293 3.706590 3.841788
xbest 20.37262 166.7519 0.1808299 22.82293 286.6658 42.19561 26.26524 6.240342 3.654610 3.849152
xbest 20.37927 166.6333 0.1810976 22.76290 286.6672 42.19589 26.27022 6.240502 3.698654 3.846743
xbest 20.38442 167.4263 0.1792157 22.69739 286.6673 42.19458 26.27553 6.239720 3.702185 3.849604
xbest 20.38445 167.4644 0.1794219 22.69119 286.6673 42.19431 26.27585 6.239798 3.701717 3.849857
xbest 20.38445 167.4644 0.1794219 22.69119 286.6673 42.19431 26.27585 6.239798 3.701717 3.849857

$time
elapsed elapsed elapsed elapsed elapsed elapsed elapsed elapsed elapsed elapsed elapsed elapsed 
   1.32    4.50    6.47   25.55   29.07  243.53  270.89  272.71  295.10  319.77  365.18  389.96 
elapsed 
 452.07 

$neval
 [1]   106   262   401  1668  1913 16380 18216 18289 19776 21319 24300 26007 30041

$fbest
[1] 604.5243

$xbest
 [1]  20.3844471 167.4643990   0.1794219  22.6911852 286.6672573  42.1943135  26.2758462
 [8]   6.2397980   3.7017170   3.8498567

$numeval
[1] 30041

$end_crit
[1] 1

$cpu_time
elapsed 
 452.07 

$Refset
$Refset$x
          [,1]     [,2]      [,3]     [,4]     [,5]     [,6]     [,7]     [,8]     [,9]    [,10]
 [1,] 34.15065 206.1129 0.7020756 28.81869 286.7159 26.14248 39.25260 2.944274 2.230073 1.694475
 [2,] 20.38231 167.2722 0.1797463 22.70773 286.6661 42.18964 26.27464 6.239810 3.701928 3.851738
 [3,] 20.38511 167.4214 0.1795210 22.69217 286.6671 42.19434 26.27541 6.239777 3.701987 3.849843
 [4,] 20.37635 167.3318 0.1798110 22.69755 286.6667 42.19316 26.27199 6.239898 3.710990 3.850006
 [5,] 20.37888 167.2030 0.1800521 22.70607 286.6667 42.18898 26.27382 6.239790 3.709063 3.849967
 [6,] 20.37997 167.4631 0.1796893 22.69464 286.6672 42.19380 26.27457 6.239657 3.702125 3.849853
 [7,] 20.38483 167.1403 0.1797928 22.72635 286.6649 42.19496 26.25595 6.240468 3.691635 3.849881
 [8,] 20.39136 166.8557 0.1801192 22.72320 286.6667 42.19418 26.28207 6.240135 3.710293 3.851973
 [9,] 20.37686 167.2533 0.1804021 22.70388 286.6661 42.18845 26.27421 6.240220 3.700216 3.845661
[10,] 20.38239 167.4234 0.1888761 22.70340 286.6667 42.19312 26.24126 6.213972 3.726223 4.037315
[11,] 20.38540 167.2215 0.1834222 22.71488 286.6663 42.18955 26.26742 6.240524 3.561987 3.843881
[12,] 20.38493 168.1958 0.1811877 22.70050 286.6571 42.17691 26.27458 6.240288 3.702345 3.850744

$Refset$f
 [1] 1000000.0000     604.5243     604.5243     604.5243     604.5243     604.5243     604.8142
 [8]     605.7361     606.0278     611.2622     617.1267     610.1250

$Refset$fpen
 [1] 9.999975e+11 6.045243e+02 6.045243e+02 6.045243e+02 6.045243e+02 6.045243e+02 6.048142e+02
 [8] 6.057361e+02 6.060278e+02 6.112622e+02 6.171267e+02 6.101250e+02

$Refset$const
              [,1]         [,2]         [,3]         [,4]         [,5]
 [1,] 1.000000e+06 1.000000e+06 1.000000e+06 1.000000e+06 1.000000e+06
 [2,] 1.900580e+01 3.229807e+01 1.329227e+01 1.518406e+00 2.586778e+00
 [3,] 1.899019e+01 3.229801e+01 1.330783e+01 1.518305e+00 2.587006e+00
 [4,] 1.898656e+01 3.228901e+01 1.330245e+01 1.518356e+00 2.586672e+00
 [5,] 1.899701e+01 3.229094e+01 1.329393e+01 1.518344e+00 2.586972e+00
 [6,] 1.899252e+01 3.229787e+01 1.330536e+01 1.518293e+00 2.587020e+00
 [7,] 1.903472e+01 3.230837e+01 1.327365e+01 1.518583e+00 2.584872e+00
 [8,] 1.901290e+01 3.228971e+01 1.327680e+01 1.518327e+00 2.587324e+00
 [9,] 1.900367e+01 3.229978e+01 1.329612e+01 1.518405e+00 2.586799e+00
[10,] 1.897718e+01 3.227378e+01 1.329660e+01 1.518431e+00 2.584620e+00
[11,] 1.915289e+01 3.243801e+01 1.328512e+01 1.518399e+00 2.586384e+00
[12,] 1.899816e+01 3.229766e+01 1.329950e+01 1.519330e+00 2.583992e+00

$Refset$penalty
 [1] 999996.5      0.0      0.0      0.0      0.0      0.0      0.0      0.0      0.0      0.0
[11]      0.0      0.0


