$f
 [1] 1954.8594 1249.1684  967.4427  927.0174  910.4358  902.2639  889.7500  855.7135  854.3455
[10]  852.2743  852.1806  840.0156  836.6736  836.4097  831.8351  818.6962  818.6962

$x
          [,1]     [,2]      [,3]     [,4]     [,5]     [,6]     [,7]     [,8]     [,9]    [,10]
xbest 6.451414 387.8415 0.5379272 19.45185 284.7147 45.92090 25.36654 5.078745 5.588811 3.642055
xbest 5.506333 190.8724 0.1937952 29.06561 284.5985 40.84947 31.31741 3.982659 2.379961 3.850204
xbest 5.506333 210.8724 0.1952015 29.06561 284.6735 42.44947 31.31741 3.982659 2.380742 3.850204
xbest 5.117557 239.5066 0.3680453 29.25792 284.7239 42.65569 30.49984 4.018259 2.130278 3.641814
xbest 5.000000 239.5066 0.3683969 29.25792 284.7239 42.65569 30.49984 4.018259 2.117778 3.641814
xbest 5.466695 207.7169 0.2616340 28.77743 284.6804 43.45827 30.82067 3.975466 2.912034 4.583424
xbest 5.397927 219.2200 0.2629804 28.80319 284.7747 44.25780 30.76851 3.984745 2.788208 4.646062
xbest 5.397927 218.7781 0.2854804 28.80319 284.7747 43.65780 30.76851 3.994120 2.763208 4.491687
xbest 5.505127 219.1481 0.2613274 28.94454 284.7889 44.68291 30.76905 3.735633 2.506084 4.125435
xbest 5.365668 219.1470 0.2666435 29.11480 284.7920 44.68464 30.77102 3.735634 2.504779 4.132793
xbest 5.362739 219.1470 0.2666435 29.11480 284.7920 44.68464 30.77102 3.735634 2.504779 4.132793
xbest 5.366444 223.7634 0.2865222 28.77096 284.7868 43.93820 30.83142 4.461881 2.538439 4.164178
xbest 5.366444 223.7634 0.2865222 28.77096 284.7868 43.93820 30.83142 4.468131 2.575939 4.164178
xbest 5.323050 227.3852 0.2852462 28.69254 284.7574 43.50401 30.77848 4.464394 2.538051 4.161584
xbest 5.311854 227.0933 0.2853906 28.69800 284.7588 43.45551 30.77683 4.464864 2.538078 4.161437
xbest 5.311854 227.0933 0.2635937 28.69800 284.7588 43.46801 30.77683 4.467208 2.553703 4.128780
xbest 5.311854 227.0933 0.2635937 28.69800 284.7588 43.46801 30.77683 4.467208 2.553703 4.128780

$time
elapsed elapsed elapsed elapsed elapsed elapsed elapsed elapsed elapsed elapsed elapsed elapsed 
   1.75    4.56    6.17   19.42   34.15   44.97   55.53   57.45  304.89  319.08  329.97  413.78 
elapsed elapsed elapsed elapsed elapsed 
 415.11  425.78  431.81  437.39  508.11 

$neval
 [1]   106   264   361  1063  1835  2504  3177  3297 18067 18961 19582 24356 24438 25108 25513
[16] 25907 30135

$fbest
[1] 818.6962

$xbest
 [1]   5.3118539 227.0933443   0.2635937  28.6979999 284.7587663  43.4680111  30.7768271
 [8]   4.4672076   2.5537029   4.1287804

$numeval
[1] 30135

$end_crit
[1] 1

$cpu_time
elapsed 
 508.11 

$Refset
$Refset$x
          [,1]     [,2]      [,3]     [,4]     [,5]     [,6]     [,7]     [,8]     [,9]    [,10]
 [1,] 5.297773 228.8149 0.2758984 28.73960 284.7746 43.61370 30.77296 4.446031 2.514956 4.209552
 [2,] 5.308901 228.5086 0.2753904 28.73937 284.7750 43.60924 30.84996 4.445207 2.518527 4.209943
 [3,] 5.355204 231.4015 0.3226290 28.71576 284.7734 43.61252 30.73801 4.456152 2.516932 4.210467
 [4,] 5.411498 224.8099 0.2676304 28.61706 284.7925 44.64581 30.82237 3.742001 2.509618 4.187848
 [5,] 5.410273 224.7914 0.2675955 28.61112 284.7924 44.63962 30.82168 3.742426 2.514171 4.180228
 [6,] 5.405439 224.8470 0.2702942 28.60159 284.7949 44.63103 30.82202 3.743277 2.532010 4.166063
 [7,] 5.412336 224.8570 0.2663954 28.59511 284.7921 44.62760 30.81609 3.744735 2.512692 4.169133
 [8,] 5.408189 224.7161 0.2675412 28.61056 284.7920 44.53982 30.82584 3.735591 2.528950 4.192679
 [9,] 5.410246 224.1678 0.2666850 28.68608 284.7930 44.63845 30.82228 3.730275 2.512669 4.180371
[10,] 5.412925 224.9696 0.2687252 28.59507 284.7931 44.66388 30.81738 3.744715 2.506191 4.180998
[11,] 5.310387 231.0719 0.2854004 28.71154 284.7769 43.52493 30.84832 4.447291 2.524752 4.201289
[12,] 5.297213 227.9110 0.3380053 28.72168 284.7732 43.66212 30.77712 4.463372 2.730423 4.188607

$Refset$f
 [1] 829.1528 830.8316 834.0990 851.9410 852.2986 852.3194 852.3767 852.7413 852.9861 852.9097
[11] 831.3142 835.8142

$Refset$fpen
 [1] 829.1528 830.8316 834.0990 851.9410 852.2986 852.3194 852.3767 852.7413 852.9861 852.9097
[11] 831.3142 835.8142

$Refset$const
          [,1]     [,2]     [,3]     [,4]     [,5]
 [1,] 26.22464 33.48504 7.260402 1.722259 2.355543
 [2,] 26.22085 33.48147 7.260628 1.722661 2.360364
 [3,] 26.19883 33.48307 7.284236 1.722213 2.353352
 [4,] 26.10744 33.49038 7.382938 1.716469 2.318956
 [5,] 26.09695 33.48583 7.388880 1.716492 2.319155
 [6,] 26.06958 33.46799 7.398412 1.716252 2.319837
 [7,] 26.08242 33.48731 7.404887 1.716550 2.319259
 [8,] 26.08161 33.47105 7.389443 1.716956 2.323251
 [9,] 26.17341 33.48733 7.313924 1.716434 2.319313
[10,] 26.08888 33.49381 7.404927 1.716304 2.318046
[11,] 26.18679 33.47525 7.288457 1.722755 2.364092
[12,] 25.99126 33.26958 7.278322 1.722251 2.353580

$Refset$penalty
 [1] 0 0 0 0 0 0 0 0 0 0 0 0


