$f
 [1] 1180.3559  789.6997  666.3976  651.2708  639.2101  586.8073  574.4288  564.0469  525.3889
[10]  508.0816  497.5625  487.2552  486.0556  434.7274  428.6111  420.4774  395.1823  380.9167
[19]  378.6927  372.3264  371.0712  369.6944  368.8663  365.8177  365.5764  365.5312  365.4219
[28]  364.9792  364.8802  364.3698  364.2326  363.9948  363.9948

$x
          [,1]     [,2]      [,3]     [,4]     [,5]     [,6]     [,7]     [,8]     [,9]    [,10]
xbest 10.36950 293.2819 0.6169502 15.40837 286.1328 46.14941 33.62760 8.831638 8.458141 4.282573
xbest 22.21234 193.4867 0.6149158 15.49718 286.3869 36.07285 31.39517 5.015607 7.097820 4.889687
xbest 22.02484 183.8361 0.5489880 17.74718 286.3869 36.07285 31.72017 4.915607 6.997820 5.000000
xbest 21.90244 186.6069 0.5329566 17.51255 286.3869 36.07285 31.74511 4.909725 6.942593 5.000000
xbest 19.34102 217.0099 0.5464330 17.51893 286.4821 38.93362 31.00570 5.146406 7.260393 2.802625
xbest 21.05644 227.7720 0.5372384 18.26819 286.5411 35.85473 24.95603 5.343217 6.948460 2.018984
xbest 21.40208 215.4321 0.5370755 18.28989 286.5567 35.95713 25.20719 5.293947 7.098197 1.822706
xbest 21.40208 214.9633 0.5145755 18.30161 286.5567 36.00713 25.16657 5.293947 7.098197 1.824805
xbest 18.82470 215.0198 0.5322190 16.67621 286.5095 39.85900 30.62782 5.503433 7.527544 2.178443
xbest 18.82470 215.0198 0.5322190 16.68792 286.5002 39.75900 30.62782 5.528433 7.527544 2.190318
xbest 18.73382 210.7652 0.6447487 16.89252 286.4971 39.53126 31.28738 5.499333 7.477376 2.312752
xbest 18.73382 211.0777 0.6447487 16.89252 286.5159 39.53126 31.28738 5.499333 7.489876 2.312752
xbest 20.37028 164.8279 0.4633633 19.50261 286.6408 36.73490 25.28208 6.336632 7.833813 2.343547
xbest 20.37028 169.8279 0.3100821 19.50261 286.6408 36.73490 25.28208 6.336632 7.865063 2.402922
xbest 18.45395 178.6186 0.4884549 20.71713 286.6697 37.41922 25.43329 6.648406 7.488419 2.405942
xbest 20.52221 157.0233 0.4652608 19.42582 286.6410 37.18485 25.11875 6.664520 7.989061 2.440465
xbest 18.74308 193.3963 0.4915495 19.74471 286.6617 37.10122 25.35976 6.653151 7.523257 2.362990
xbest 18.74308 192.7713 0.4887370 19.74471 286.6804 37.10122 25.35976 6.650026 7.610757 2.367444
xbest 19.47845 171.9491 0.4883016 20.45960 286.6464 37.11962 25.20896 6.659152 7.290437 2.362478
xbest 19.47845 171.9491 0.5558016 20.45960 286.6464 37.11962 25.20896 6.659152 7.315437 2.362478
xbest 19.36542 171.8688 0.4883687 20.67973 286.6469 37.17809 25.16480 6.662071 7.089825 2.326604
xbest 19.37713 171.8688 0.4883687 20.67973 286.6469 37.17809 25.16480 6.662071 7.096075 2.326604
xbest 19.54251 170.9710 0.4901024 19.19614 286.6447 37.14998 25.16568 6.665577 8.211539 2.357615
xbest 19.54251 170.9710 0.5351024 19.19614 286.6453 37.14998 25.16568 6.665577 8.205289 2.351678
xbest 19.73201 164.0379 0.4933423 19.58920 286.6556 37.14087 25.21859 6.661215 8.114899 2.359898
xbest 19.73201 164.0379 0.5158423 19.58920 286.6556 37.14243 25.21859 6.661215 8.114899 2.362867
xbest 19.65249 165.4835 0.4959743 19.47405 286.6547 37.14954 25.20695 6.661922 8.153675 2.356537
xbest 19.65249 165.4835 0.4959743 19.47405 286.6547 37.14954 25.24757 6.661922 8.153675 2.359505
xbest 19.70713 165.2427 0.4998628 19.39054 286.6516 37.14816 25.19338 6.661903 8.187185 2.359613
xbest 19.70411 165.7794 0.5028792 19.38468 286.6513 37.14810 25.19606 6.661928 8.182034 2.361004
xbest 19.69143 166.0736 0.5007622 19.39240 286.6518 37.14868 25.20025 6.661951 8.168389 2.360718
xbest 19.69160 166.1210 0.5007897 19.38996 286.6518 37.14890 25.20004 6.662179 8.168690 2.362281
xbest 19.69160 166.1210 0.5007897 19.38996 286.6518 37.14890 25.20004 6.662179 8.168690 2.362281

$time
elapsed elapsed elapsed elapsed elapsed elapsed elapsed elapsed elapsed elapsed elapsed elapsed 
   1.42    3.51    5.61    7.61   15.54   17.50   25.84   27.34   42.20   49.62   75.06   76.28 
elapsed elapsed elapsed elapsed elapsed elapsed elapsed elapsed elapsed elapsed elapsed elapsed 
 101.54  103.28  109.45  113.54  120.44  126.00  160.01  161.25  179.87  183.04  232.51  233.78 
elapsed elapsed elapsed elapsed elapsed elapsed elapsed elapsed elapsed 
 299.29  300.47  333.15  334.26  344.20  350.90  398.98  439.54  453.94 

$neval
 [1]   106   252   404   547  1117  1259  1805  1914  2856  3365  4980  5065  6698  6824  7237
[16]  7511  7920  8299 10597 10684 11901 12117 15379 15468 19815 19900 22066 22145 22819 23223
[31] 26541 29216 30108

$fbest
[1] 363.9948

$xbest
 [1]  19.6916013 166.1209779   0.5007897  19.3899552 286.6518422  37.1488957  25.2000361
 [8]   6.6621789   8.1686899   2.3622812

$numeval
[1] 30108

$end_crit
[1] 1

$cpu_time
elapsed 
 453.94 

$Refset
$Refset$x
           [,1]        [,2]        [,3]      [,4]       [,5]      [,6]       [,7]       [,8]
 [1,]  19.69160   0.5007897 286.6518422 25.200036   8.168690  19.69160  0.5007897 286.651842
 [2,] 166.12098  19.3899552  37.1488957  6.662179   2.362281 166.12098 19.3899552  37.148896
 [3,]  19.69160 166.1209779   0.5007897 19.389955 286.651842  37.14890 25.2000361   6.662179
 [4,]  19.69151 166.0034155   0.5021860 19.399278 286.651991  37.14885 25.1990792   6.662311
 [5,]  19.69022 166.1071263   0.5008201 19.389602 286.651439  37.14848 25.1999611   6.662126
 [6,]  19.69122 166.1078797   0.5006247 19.389666 286.651012  37.14478 25.1965554   6.662212
 [7,]  19.68941 165.8761369   0.5003776 19.392231 286.651190  37.14943 25.1968968   6.662857
 [8,]  19.68925 165.9218506   0.5006075 19.393742 286.651602  37.14884 25.1971318   6.662563
 [9,]  19.69093 165.9911001   0.5006492 19.403121 286.652212  37.14977 25.1989577   6.659799
[10,]  19.69008 165.9436049   0.5006769 19.398770 286.651809  37.14920 25.2035616   6.663059
[11,]  19.69105 166.1159898   0.5007468 19.389428 286.651902  37.14679 25.2005104   6.662195
[12,]  19.54950 157.5426452   0.1903378 17.545424 286.373631  37.30390 26.9564681   6.382651
           [,9]    [,10]
 [1,] 25.200036 8.168690
 [2,]  6.662179 2.362281
 [3,]  8.168690 2.362281
 [4,]  8.167516 2.360544
 [5,]  8.170334 2.360594
 [6,]  8.168814 2.361625
 [7,]  8.177191 2.360254
 [8,]  8.175259 2.360424
 [9,]  8.167584 2.356368
[10,]  8.168438 2.360361
[11,]  8.169269 2.361881
[12,]  8.119157 2.464985

$Refset$f
 [1] 363.9948 363.9948 363.9948 363.9948 363.9948 363.9948 364.3368 364.3368 364.5069 364.1979
[11] 363.9948 965.4375

$Refset$fpen
 [1] 363.9948 363.9948 363.9948 363.9948 363.9948 363.9948 364.3368 364.3368 364.5069 364.1979
[11] 363.9948 965.4375

$Refset$const
           [,1]      [,2]      [,3]      [,4]     [,5]
 [1,] 11.221265 16.610045  2.744834 27.831310 1.513384
 [2,] 27.831310  1.513384 11.221265 16.610045 2.744834
 [3,] 11.221265 27.831310 16.610045  1.513384 2.744834
 [4,] 11.231762 27.832484 16.600722  1.513370 2.744816
 [5,] 11.219268 27.829666 16.610398  1.513428 2.744693
 [6,] 11.220853 27.831186 16.610334  1.513480 2.744450
 [7,] 11.215040 27.822809 16.607769  1.513470 2.744287
 [8,] 11.218483 27.824741 16.606258  1.513421 2.744502
 [9,] 11.235537 27.832416 16.596879  1.513348 2.744842
[10,] 11.230333 27.831562 16.601230  1.513375 2.745097
[11,] 11.220159 27.830731 16.610572  1.513370 2.745016
[12,]  9.426267 27.880843 18.454576  1.539511 2.778355

$Refset$penalty
 [1] 0 0 0 0 0 0 0 0 0 0 0 0


