$f
 [1] 1438.2222 1076.1667  836.1128  790.2656  712.4861  623.0434  615.9635  581.2274  508.5556
[10]  493.1198  490.7604  401.3785  382.1042  380.3247  380.0764  378.9184  378.7934  378.2899
[19]  377.7031  377.5538  377.4479  377.1198  376.8177  376.5833  376.3281  376.0538  375.6736
[28]  375.3976

$x
           [,1]     [,2]      [,3]     [,4]     [,5]     [,6]     [,7]     [,8]     [,9]
xbest  5.963654 281.9185 0.5872640 22.90374 284.1059 42.58385 26.55489 4.760866 3.870842
xbest 10.341525 175.2319 0.7381269 26.32415 284.4203 34.72402 26.87862 7.188701 2.307780
xbest 10.364962 175.2319 1.0000000 26.32415 284.4203 34.72402 26.26924 7.188701 2.501530
xbest  9.678756 197.3115 0.8975852 24.14883 284.9849 41.50618 28.24604 6.179855 3.616577
xbest 11.621066 147.8086 0.4050152 27.16862 286.8742 47.60520 27.87631 6.647138 3.859775
xbest  8.104935 216.5008 0.7767548 25.70663 284.9382 42.23349 28.33321 5.710322 2.520103
xbest  7.902592 217.1441 0.7751967 26.97394 284.9417 42.27514 28.33183 5.725976 2.112050
xbest  7.902592 217.1441 0.7958837 26.59894 284.9417 42.27514 28.00683 5.725976 2.076035
xbest 11.873004 196.0918 0.6107730 20.57823 286.0508 43.89009 28.16294 6.454237 3.988168
xbest 11.873004 196.4345 0.7682730 20.56944 286.0508 43.89009 28.16294 6.455409 4.044418
xbest 11.954009 200.5797 0.6564422 19.83393 286.0216 42.07486 26.40186 6.503236 4.320463
xbest 12.047759 203.0797 0.8040922 20.02143 286.0216 42.07486 26.40186 6.503236 4.364213
xbest 12.760596 204.2343 0.6412798 20.87057 285.9703 42.13664 25.69616 6.069687 3.813637
xbest 12.760596 204.2343 0.6412798 20.87643 285.9703 42.13664 25.65553 6.069687 3.801137
xbest 12.759560 203.5536 0.6429008 20.91815 285.9709 42.13817 25.69004 6.070533 3.827911
xbest 12.725416 201.4447 0.6451439 20.96817 285.9686 42.13907 25.68236 6.072183 3.912898
xbest 12.731591 201.0894 0.6445878 21.00391 285.9681 42.12618 25.68462 6.070508 3.898828
xbest 12.720163 199.8326 0.6449816 21.03488 285.9675 42.12033 25.67997 6.070495 3.921460
xbest 12.734541 200.8531 0.6413087 20.98523 285.9724 42.14033 25.68649 6.070375 3.920442
xbest 12.719223 199.8866 0.6463450 21.03484 285.9675 42.12277 25.68081 6.070404 3.924470
xbest 12.719900 199.3918 0.6463103 21.04762 285.9686 42.12520 25.68083 6.070671 3.938178
xbest 12.720141 199.1719 0.6462994 21.04969 285.9689 42.12743 25.67107 6.070873 3.947099
xbest 12.715328 198.7892 0.6477065 21.06340 285.9671 42.15260 25.65583 6.071686 3.958748
xbest 12.715261 198.7896 0.6477017 21.06362 285.9670 42.15412 25.65592 6.071697 3.958626
xbest 12.713571 196.6903 0.6513486 21.20946 285.9662 42.17223 25.58134 6.072563 3.955310
xbest 12.714404 195.1479 0.6536884 21.30156 285.9658 42.18894 25.55737 6.072602 3.953398
xbest 12.714404 195.1479 0.6536884 21.30156 285.9658 42.18894 25.55737 6.072602 3.950273
xbest 12.726123 195.1479 0.6536884 21.30156 285.9658 42.18894 25.55737 6.072602 3.953398
         [,10]
xbest 4.176317
xbest 3.536417
xbest 3.726417
xbest 3.629584
xbest 1.605148
xbest 1.998117
xbest 1.804265
xbest 1.804265
xbest 1.443182
xbest 1.443182
xbest 1.537696
xbest 1.543634
xbest 1.867796
xbest 1.867796
xbest 1.867491
xbest 1.867921
xbest 1.868456
xbest 1.868467
xbest 1.869463
xbest 1.868466
xbest 1.868634
xbest 1.868736
xbest 1.870181
xbest 1.870215
xbest 1.870265
xbest 1.870291
xbest 1.873259
xbest 1.873259

$time
elapsed elapsed elapsed elapsed elapsed elapsed elapsed elapsed elapsed elapsed elapsed elapsed 
   1.39    4.58    6.21   12.39   14.41   22.21   26.08   27.96   55.71   57.63  116.50  118.39 
elapsed elapsed elapsed elapsed elapsed elapsed elapsed elapsed elapsed elapsed elapsed elapsed 
 263.35  264.63  288.16  295.05  299.14  301.16  306.08  333.57  347.04  358.77  362.69  401.08 
elapsed elapsed elapsed elapsed 
 408.89  422.82  423.96  465.80 

$neval
 [1]   106   257   371   800   940  1484  1752  1881  3755  3880  7401  7529 16993 17082 18609
[16] 19087 19362 19501 19775 21597 22475 23214 23483 26003 26490 27445 27524 30133

$fbest
[1] 375.3976

$xbest
 [1]  12.7261228 195.1478758   0.6536884  21.3015600 285.9658286  42.1889411  25.5573690
 [8]   6.0726020   3.9533985   1.8732594

$numeval
[1] 30133

$end_crit
[1] 1

$cpu_time
elapsed 
  465.8 

$Refset
$Refset$x
           [,1]        [,2]        [,3]      [,4]       [,5]      [,6]       [,7]       [,8]
 [1,]  12.71440   0.6536884 285.9658286 25.557369   3.950273  12.71440  0.6536884 285.965829
 [2,] 195.14788  21.3015600  42.1889411  6.072602   1.873259 195.14788 21.3015600  42.188941
 [3,]  12.71292 198.7918399   0.6477017 21.062776 285.966916  42.15367 25.6570466   6.071766
 [4,]  12.71555 198.7953247   0.6476945 21.063578 285.966941  42.15369 25.6577312   6.071697
 [5,]  12.71529 198.7967111   0.6476988 21.063329 285.967037  42.15373 25.6571263   6.071669
 [6,]  12.71510 198.8070570   0.6477377 21.063063 285.966990  42.15359 25.6577292   6.071722
 [7,]  12.71495 198.7947370   0.6477208 21.060575 285.966925  42.15360 25.6575411   6.071756
 [8,]  12.72401 201.1535542   0.6443686 20.933272 285.969952  42.14766 25.6711984   6.071557
 [9,]  12.74920 198.6560108   0.6455763 21.026791 285.967193  42.14995 25.6573665   6.070982
[10,]  12.71491 200.3339666   0.6500838 21.063079 285.974413  42.15027 25.6683285   6.070423
[11,]  12.71347 198.7660145   0.6483226 21.060764 285.966479  42.14791 25.6572587   6.072883
[12,]  12.66274 203.4286724   0.6425566 20.873609 285.968574  42.15016 25.6193196   6.071653
           [,9]    [,10]
 [1,] 25.557369 3.950273
 [2,]  6.072602 1.873259
 [3,]  3.960664 1.870131
 [4,]  3.958018 1.870273
 [5,]  3.958261 1.870091
 [6,]  3.958245 1.870266
 [7,]  3.960348 1.870117
 [8,]  3.954409 1.869270
 [9,]  3.961730 1.869689
[10,]  3.897501 1.870289
[11,]  3.960867 1.868518
[12,]  3.943693 1.869891

$Refset$f
 [1] 375.6736 375.6736 376.5833 376.5833 376.5833 376.5833 376.5833 378.0556 378.2188 378.3993
[11] 376.6528 382.3438

$Refset$fpen
 [1] 375.6736 375.6736 376.5833 376.5833 376.5833 376.5833 376.5833 378.0556 378.2188 378.3993
[11] 376.6528 382.3438

$Refset$const
          [,1]      [,2]      [,3]      [,4]     [,5]
 [1,] 17.35129 14.698440  2.329457 32.049727 1.588049
 [2,] 32.04973  1.588049 17.351287 14.698440 2.329457
 [3,] 17.10211 32.039336 14.937224  1.588084 2.336778
 [4,] 17.10556 32.041982 14.936422  1.588083 2.336824
 [5,] 17.10507 32.041739 14.936671  1.588073 2.336811
 [6,] 17.10482 32.041755 14.936937  1.588078 2.336839
 [7,] 17.10023 32.039652 14.939425  1.588084 2.336812
 [8,] 16.97886 32.045591 15.066728  1.587821 2.338572
 [9,] 17.06506 32.038270 14.973209  1.588061 2.336998
[10,] 17.16558 32.102499 14.936921  1.587400 2.339420
[11,] 17.09990 32.039133 14.939236  1.588129 2.336887
[12,] 16.92992 32.056307 15.126391  1.587891 2.335111

$Refset$penalty
 [1] 0 0 0 0 0 0 0 0 0 0 0 0


