$f
 [1] 2574.033 2348.023 1896.208 1491.043 1426.472 1365.056 1053.995 1051.984 1033.149 1024.155
[11] 1016.670 1016.587 1016.271 1016.248 1016.248

$x
           [,1]     [,2]      [,3]     [,4]     [,5]     [,6]     [,7]      [,8]     [,9]
xbest 13.247248 263.9680 0.3037657 16.94519 286.7646 46.93986 27.58803  9.727468 3.173079
xbest 10.427081 300.8435 0.1000000 17.46013 286.8997 48.00000 26.23716 10.000000 3.056034
xbest 10.403644 320.8435 0.3587500 15.00000 286.8997 48.00000 24.08125  9.999707 3.852907
xbest 10.587500 302.3034 0.2305737 15.00000 286.8884 48.00000 24.00000 10.000000 4.102607
xbest  9.786217 388.5682 0.2168078 15.93102 286.6856 47.98571 27.06089  7.508033 2.000000
xbest 10.723150 361.1186 0.2769723 15.68245 286.7486 47.49890 25.24733  8.130711 3.588506
xbest 10.723150 301.1186 0.2700117 17.18245 286.7495 47.56961 25.36224  8.130711 3.588506
xbest  9.626356 363.8826 0.3946412 16.20700 286.5779 47.82809 26.85386  7.641333 2.324000
xbest  9.649794 363.8826 0.3496412 16.21286 286.5779 47.82809 26.85386  7.641333 2.317750
xbest  9.603600 363.2652 0.3991592 16.42461 286.5585 47.81676 26.67942  7.639014 2.352626
xbest  9.603600 363.2652 0.3766592 16.42461 286.5585 47.81676 26.67942  7.639014 2.365126
xbest  9.635102 359.0090 0.3542382 16.69118 286.5630 47.83578 26.73749  7.636931 2.318601
xbest  9.635465 359.1092 0.3555654 16.68437 286.5632 47.83568 26.73703  7.636852 2.318724
xbest  9.635465 359.1287 0.3555654 16.68437 286.5632 47.83568 26.73703  7.636852 2.318724
xbest  9.635465 359.1287 0.3555654 16.68437 286.5632 47.83568 26.73703  7.636852 2.318724
         [,10]
xbest 2.406195
xbest 2.283434
xbest 2.283434
xbest 2.536797
xbest 1.200000
xbest 1.634158
xbest 1.634158
xbest 1.202177
xbest 1.202177
xbest 1.209161
xbest 1.209161
xbest 1.210949
xbest 1.210987
xbest 1.210987
xbest 1.210987

$time
elapsed elapsed elapsed elapsed elapsed elapsed elapsed elapsed elapsed elapsed elapsed elapsed 
   2.22    5.22    7.87   15.39   26.23   34.45   39.14  289.03  290.84  368.80  370.36  471.90 
elapsed elapsed elapsed 
 486.73  501.33  605.56 

$neval
 [1]   106   257   391   684  1245  1661  1914 14136 14228 18080 18159 23271 24014 24757 30043

$fbest
[1] 1016.248

$xbest
 [1]   9.6354654 359.1287191   0.3555654  16.6843745 286.5631988  47.8356803  26.7370299
 [8]   7.6368517   2.3187240   1.2109868

$numeval
[1] 30043

$end_crit
[1] 1

$cpu_time
elapsed 
 605.56 

$Refset
$Refset$x
           [,1]     [,2]      [,3]     [,4]     [,5]     [,6]     [,7]     [,8]     [,9]
 [1,]  9.635473 359.5002 0.3580949 16.50018 286.5629 47.83293 26.74756 7.636688 2.440493
 [2,]  9.635741 359.3793 0.3582874 16.50827 286.5630 47.83812 26.74437 7.637033 2.436026
 [3,]  9.635633 359.9223 0.3567000 16.49554 286.5630 47.83772 26.74449 7.637007 2.419014
 [4,]  9.634430 359.8758 0.3623059 16.63589 286.5624 47.83391 26.73796 7.636813 2.319412
 [5,]  9.640745 360.2864 0.3549785 16.52539 286.5617 47.83063 26.74952 7.636049 2.374886
 [6,]  9.635484 359.7701 0.3559558 16.52131 286.5627 47.83671 26.74228 7.637026 2.407539
 [7,]  9.632174 361.7037 0.3591397 16.48707 286.5623 47.83849 26.74320 7.637174 2.344209
 [8,]  9.642469 360.4496 0.3553728 16.52558 286.5621 47.83676 26.73521 7.637512 2.332982
 [9,]  9.631578 359.5735 0.3581363 16.57499 286.5629 47.82423 26.71324 7.636698 2.440154
[10,]  9.640483 358.0700 0.3588601 17.39655 286.5619 47.82087 26.74609 7.621396 2.551840
[11,]  9.051370 388.8075 0.3608079 17.39228 286.5502 47.80919 26.20412 7.641660 2.000000
[12,] 16.610989 237.2424 0.4048181 17.23965 286.6712 42.70119 29.51724 6.917882 2.000000
         [,10]
 [1,] 1.210613
 [2,] 1.210569
 [3,] 1.210579
 [4,] 1.211024
 [5,] 1.211476
 [6,] 1.210610
 [7,] 1.210340
 [8,] 1.209932
 [9,] 1.210578
[10,] 1.231412
[11,] 1.200000
[12,] 1.200000

$Refset$f
 [1] 1016.366 1016.382 1016.453 1016.722 1016.828 1016.941 1016.964 1017.057 1018.938 1292.344
[11] 1322.597 2631.788

$Refset$fpen
 [1] 1016.366 1016.382 1016.453 1016.722 1016.828 1016.941 1016.964 1017.057 1018.938 1292.344
[11] 1322.597 2631.788

$Refset$const
          [,1]     [,2]     [,3]     [,4]     [,5]
 [1,] 14.05968 33.55951 19.49982 1.532904 2.382697
 [2,] 14.07224 33.56397 19.49173 1.532897 2.382417
 [3,] 14.07652 33.58099 19.50446 1.532898 2.382432
 [4,] 14.31648 33.68059 19.36411 1.532959 2.382001
 [5,] 14.15050 33.62511 19.47461 1.533014 2.382476
 [6,] 14.11377 33.59246 19.47869 1.532933 2.382228
 [7,] 14.14286 33.65579 19.51293 1.532967 2.382104
 [8,] 14.19260 33.66702 19.47442 1.532985 2.381691
 [9,] 14.13483 33.55985 19.42501 1.532926 2.381151
[10,] 14.84471 33.44816 18.60345 1.532994 2.382647
[11,] 15.39228 34.00000 18.60772 1.534358 2.351165
[12,] 15.23965 34.00000 18.76035 1.509363 2.792859

$Refset$penalty
 [1] 0 0 0 0 0 0 0 0 0 0 0 0


