$f
 [1] 1367.4514  995.1528  858.5000  852.8038  762.3142  760.0399  707.8872  706.8038  701.1007
[10]  700.8958  689.0278  688.1944  651.2274  644.1059  641.2743  638.9792  637.1076  637.0573
[19]  636.3472  635.9253  635.8681  635.4062  634.5503  634.5156  634.5156

$x
          [,1]     [,2]      [,3]     [,4]     [,5]     [,6]     [,7]     [,8]     [,9]    [,10]
xbest 18.79481 188.3118 0.6143801 23.20851 284.4867 37.93919 25.01890 3.776983 3.836456 1.910993
xbest 20.15930 147.1379 0.2980536 19.97762 286.7094 46.83163 24.62450 6.644925 6.129074 3.440796
xbest 20.15747 146.4392 0.3455342 19.60262 286.7094 46.93163 24.29950 6.844925 6.128586 3.444115
xbest 19.13238 136.8611 0.6023875 21.44998 286.1301 41.50248 28.67381 6.214382 5.571150 3.186057
xbest 18.80405 136.8611 1.0000000 21.36789 286.1296 41.51343 28.88722 6.214382 6.414928 3.222447
xbest 19.19405 136.0624 0.6136542 21.24654 286.1588 42.55527 28.53934 6.244177 5.657688 3.270106
xbest 19.00655 136.5043 0.6507148 21.94966 286.1588 42.55527 28.49113 6.237548 5.835024 3.238956
xbest 18.69336 140.2434 0.6113162 21.25993 286.1686 42.52810 28.78520 6.241472 5.758150 3.127491
xbest 18.69336 140.2434 0.6788162 21.25993 286.1686 42.52810 28.78520 6.241472 5.758150 3.127491
xbest 18.68885 139.2979 0.6374155 21.38033 286.1567 42.63174 28.55925 6.243783 5.736568 3.139382
xbest 18.68885 139.2979 0.7835997 21.38033 286.1567 42.63174 28.55925 6.243783 5.874141 3.139382
xbest 18.68774 144.1405 0.7723470 21.22304 286.1432 42.59076 28.36927 6.241257 5.738516 3.167408
xbest 18.68774 144.1405 1.0000000 21.22010 286.1420 42.59076 28.36927 6.241257 6.175307 3.167408
xbest 18.65795 141.5723 0.9931630 21.24962 286.1513 42.56835 28.50388 6.241513 6.408637 3.149636
xbest 18.65795 141.1036 1.0000000 21.26134 286.1513 42.56835 28.50388 6.241513 6.383637 3.149636
xbest 18.64000 134.6858 0.9863419 21.17337 286.1510 42.56894 28.50358 6.241658 6.903647 3.157372
xbest 18.66442 132.1999 0.9950400 21.19872 286.1512 42.56710 28.50558 6.241274 7.013548 3.158899
xbest 18.60176 132.3622 0.9908667 21.25904 286.1510 42.56896 28.50215 6.241712 7.005464 3.156685
xbest 18.74664 129.4334 0.9770766 21.09787 286.1511 42.56794 28.50387 6.241483 7.148614 3.157136
xbest 18.65321 131.8082 0.9854518 21.12046 286.1512 42.56813 28.50376 6.241197 7.063978 3.157265
xbest 18.65357 131.7627 0.9856993 21.11911 286.1509 42.56875 28.49932 6.241632 7.064771 3.156328
xbest 18.64663 131.7134 0.9939899 21.09515 286.1510 42.56844 28.50391 6.242729 7.099276 3.145123
xbest 18.62692 131.4547 0.9946429 21.08387 286.1510 42.56821 28.50359 6.242991 7.141511 3.141834
xbest 18.64121 131.6820 0.9934251 21.08787 286.1509 42.56793 28.49768 6.242927 7.118141 3.145263
xbest 18.64121 131.6820 0.9934251 21.08787 286.1509 42.56793 28.49768 6.242927 7.118141 3.145263

$time
elapsed elapsed elapsed elapsed elapsed elapsed elapsed elapsed elapsed elapsed elapsed elapsed 
   2.05    5.66    9.60   55.05   59.19  175.39  179.25  206.39  215.63  282.36  284.80  323.42 
elapsed elapsed elapsed elapsed elapsed elapsed elapsed elapsed elapsed elapsed elapsed elapsed 
 326.94  515.35  517.52  520.85  534.71  547.78  550.91  636.31  667.46  675.28  679.14  713.11 
elapsed 
 714.85 

$neval
 [1]   106   257   391  2314  2465  7366  7538  8655  9006 11727 11836 13484 13609 21692 21787
[16] 21927 22493 23045 23182 26783 28100 28442 28579 30022 30023

$fbest
[1] 634.5156

$xbest
 [1]  18.6412094 131.6820315   0.9934251  21.0878701 286.1509287  42.5679269  28.4976832
 [8]   6.2429269   7.1181407   3.1452634

$numeval
[1] 30023

$end_crit
[1] 1

$cpu_time
elapsed 
 714.85 

$Refset
$Refset$x
          [,1]     [,2]      [,3]     [,4]     [,5]     [,6]     [,7]     [,8]     [,9]    [,10]
 [1,] 18.62692 131.4547 0.9946429 21.08387 286.1510 42.56821 28.50359 6.242991 7.141511 3.141834
 [2,] 18.62816 131.4128 0.9946372 21.08685 286.1513 42.56821 28.49903 6.242897 7.141583 3.143720
 [3,] 18.64092 131.8643 0.9942770 21.08769 286.1516 42.56804 28.50373 6.242981 7.103493 3.144526
 [4,] 18.63553 131.3551 0.9970166 21.08232 286.1518 42.56800 28.50128 6.242975 7.149843 3.147316
 [5,] 18.64121 131.6820 0.9934251 21.08787 286.1509 42.56793 28.49768 6.242927 7.118141 3.145263
 [6,] 18.64098 131.6991 0.9944808 21.08747 286.1513 42.56816 28.49680 6.242095 7.119493 3.144298
 [7,] 18.63489 131.3083 0.9941402 21.08806 286.1514 42.56798 28.49651 6.242614 7.142323 3.143762
 [8,] 18.64323 131.7873 0.9882061 21.11890 286.1512 42.56807 28.49730 6.241042 7.082607 3.157894
 [9,] 18.65357 131.7627 0.9856993 21.11911 286.1509 42.56875 28.49932 6.241632 7.064771 3.156328
[10,] 18.64206 131.9646 0.9873552 21.11129 286.1511 42.56820 28.50213 6.240831 7.076217 3.156319
[11,] 18.45129 150.4138 0.9927944 19.58291 286.1585 41.44703 30.56291 6.041194 7.106138 3.581247
[12,] 18.53000 131.2502 0.8648783 21.09320 286.1449 41.94913 28.85381 5.589019 7.223322 3.211158

$Refset$f
 [1]  634.5503  634.5503  634.6701  634.9427  634.5156  634.5729  634.9913  635.8385  635.8681
[10]  635.8993  931.2031 1151.9809

$Refset$fpen
 [1]  634.5503  634.5503  634.6701  634.9427  634.5156  634.5729  634.9913  635.8385  635.8681
[10]  635.8993  931.2031 1151.9809

$Refset$const
          [,1]     [,2]     [,3]     [,4]     [,5]
 [1,] 13.94236 28.85849 14.91613 1.569375 2.546744
 [2,] 13.94527 28.85842 14.91315 1.569351 2.546526
 [3,] 13.98420 28.89651 14.91231 1.569312 2.546937
 [4,] 13.93248 28.85016 14.91768 1.569296 2.546828
 [5,] 13.96973 28.88186 14.91213 1.569391 2.546345
 [6,] 13.96798 28.88051 14.91253 1.569347 2.546400
 [7,] 13.94574 28.85768 14.91194 1.569341 2.546406
 [8,] 14.03629 28.91739 14.88110 1.569363 2.546392
 [9,] 14.05434 28.93523 14.88089 1.569388 2.546420
[10,] 14.03507 28.92378 14.88871 1.569364 2.546684
[11,] 12.47677 28.89386 16.41709 1.563178 2.751148
[12,] 13.86988 28.77668 14.90680 1.569003 2.596722

$Refset$penalty
 [1] 0 0 0 0 0 0 0 0 0 0 0 0


