$f
 [1] 797.3681 661.9670 573.0851 537.1424 523.3316 467.3125 437.1128 351.5781 338.3385 259.0052
[11] 256.2101 252.6788 244.7257 244.3611 243.9080 243.5399 243.1181 242.8108 238.5087 237.7049
[21] 237.5938 236.8750 235.6580 235.4340 232.4566 224.5399 224.3819 223.9792 223.1910 222.9392
[31] 222.9392

$x
           [,1]     [,2]      [,3]     [,4]     [,5]     [,6]     [,7]     [,8]     [,9]
xbest 12.154213 170.1928 0.2030082 29.41411 285.5430 38.33507 33.55856 7.801078 5.308087
xbest  8.943051 472.5424 0.1951915 19.97160 284.8311 33.52803 27.79394 7.538972 4.167197
xbest  9.318051 472.5424 0.2176915 19.97160 284.8311 33.52803 27.79394 7.562410 4.217197
xbest  9.375177 394.7828 0.2592026 19.22138 284.7889 37.12367 28.42246 7.467692 5.905968
xbest  8.766017 494.6991 0.1135891 15.00000 284.3473 45.97866 26.49819 6.920429 5.993428
xbest  9.942585 391.3277 0.1000000 17.66586 285.0755 44.28313 29.19861 7.762627 5.748747
xbest  8.551049 497.7873 0.2238642 16.45927 284.4083 45.28365 26.77333 6.381896 5.428052
xbest  8.551049 497.7873 0.2013642 16.45927 284.3333 45.28365 27.42333 6.381896 5.128052
xbest 11.424851 470.0477 0.3914161 19.53800 284.9648 33.57398 24.13102 7.234590 4.825052
xbest 11.518601 462.0195 0.3914161 19.33994 284.9605 33.55145 24.10986 7.134590 4.851285
xbest 10.456222 479.1185 0.5822758 19.13043 285.0180 33.99421 24.12451 7.338829 5.064979
xbest 10.456222 478.9622 0.5822758 19.13043 285.0180 34.09421 24.12451 7.338829 5.064979
xbest 11.145554 427.2811 0.3970114 20.60200 285.0151 34.44343 24.02799 7.402462 4.431868
xbest 11.145554 427.2811 0.3970114 20.60200 285.0151 34.44343 24.00000 7.402462 4.431868
xbest 11.155121 427.5363 0.4135645 20.65568 285.0150 34.44966 24.01568 7.402721 4.417028
xbest 11.155121 427.5363 0.4135645 20.65642 285.0150 34.44966 24.01568 7.402721 4.417028
xbest 11.161824 427.4386 0.4130462 20.64797 285.0150 34.50417 24.01317 7.403343 4.417025
xbest 11.176041 426.7106 0.4046730 20.33483 285.0154 34.47971 24.02676 7.403333 4.616320
xbest 11.178496 428.0335 0.4327933 20.30328 285.0153 34.50458 24.02167 7.403552 4.663507
xbest 11.177671 428.0452 0.4346584 20.30279 285.0154 34.50458 24.02153 7.403544 4.669187
xbest 11.170532 428.0696 0.4427199 20.37649 285.0147 34.46835 24.02639 7.402670 4.644348
xbest 11.170532 428.1478 0.4427199 20.37649 285.0147 34.46835 24.02639 7.402670 4.641223
xbest 11.589945 427.5607 0.4329669 20.23217 285.1635 34.50145 24.03630 7.474868 4.762897
xbest 11.589945 427.6388 0.4329669 20.23217 285.1635 34.50145 24.03630 7.474868 4.762897
xbest 11.567361 427.5641 0.4611114 20.23234 285.1612 34.48859 24.03253 7.474792 4.736127
xbest 11.614236 426.9391 0.4836114 20.22405 285.1612 34.48859 24.00000 7.474792 4.736127
xbest 11.928804 426.7203 0.4759557 20.15946 285.1668 34.49305 24.02131 7.474225 4.731530
xbest 11.889298 426.9758 0.4725293 20.16969 285.1663 34.49186 24.02350 7.474263 4.732672
xbest 11.877637 427.0806 0.4706380 20.16814 285.1661 34.49152 24.02303 7.474287 4.732977
xbest 11.880567 427.0806 0.4706380 20.16814 285.1661 34.49152 24.02303 7.474287 4.732977
xbest 11.880567 427.0806 0.4706380 20.16814 285.1661 34.49152 24.02303 7.474287 4.732977
         [,10]
xbest 2.920663
xbest 2.993783
xbest 2.970033
xbest 3.726055
xbest 5.000000
xbest 3.033191
xbest 4.855459
xbest 4.855459
xbest 2.677723
xbest 2.535223
xbest 2.123106
xbest 2.126075
xbest 2.023478
xbest 2.023478
xbest 2.024643
xbest 2.025385
xbest 2.027068
xbest 2.025896
xbest 2.025882
xbest 2.025897
xbest 2.027258
xbest 2.027258
xbest 2.025758
xbest 2.026501
xbest 2.026653
xbest 2.026653
xbest 2.025496
xbest 2.025780
xbest 2.025889
xbest 2.025889
xbest 2.025889

$time
elapsed elapsed elapsed elapsed elapsed elapsed elapsed elapsed elapsed elapsed elapsed elapsed 
   1.53    4.34    6.34    9.20   11.97   14.51   32.83   34.64  127.70  130.62  234.79  236.39 
elapsed elapsed elapsed elapsed elapsed elapsed elapsed elapsed elapsed elapsed elapsed elapsed 
 284.48  285.86  338.67  340.33  343.14  346.01  354.50  367.76  389.95  396.61  465.89  467.39 
elapsed elapsed elapsed elapsed elapsed elapsed elapsed 
 504.50  506.25  518.51  528.42  530.89  532.33  579.95 

$neval
 [1]   106   255   355   500   646   785  1735  1828  6687  6846 12258 12342 14908 14982 17695
[16] 17774 17915 18052 18460 19135 20264 20609 24175 24254 26146 26239 26911 27447 27581 27654
[31] 30128

$fbest
[1] 222.9392

$xbest
 [1]  11.880567 427.080634   0.470638  20.168142 285.166114  34.491523  24.023026   7.474287
 [9]   4.732977   2.025889

$numeval
[1] 30128

$end_crit
[1] 1

$cpu_time
elapsed 
 579.95 

$Refset
$Refset$x
           [,1]       [,2]        [,3]      [,4]       [,5]      [,6]      [,7]       [,8]
 [1,]  11.88057   0.470638 285.1661139 24.023026   4.732977  11.88057  0.470638 285.166114
 [2,] 427.08063  20.168142  34.4915230  7.474287   2.025889 427.08063 20.168142  34.491523
 [3,]  11.24030 426.037833   0.4304406 20.167759 285.017849  34.47726 24.034682   7.403317
 [4,]  29.42467 308.661128   0.3224419 17.931183 285.727737  44.52837 32.670646   5.463891
 [5,]  11.17872 426.828387   0.4280868 20.307495 285.019126  34.49718 24.030569   7.404962
 [6,]  11.17834 426.827443   0.4281200 20.307522 285.019055  34.49714 24.030569   7.404918
 [7,]  11.16045 428.023513   0.3933957 20.548210 285.009054  34.46969 24.009368   7.403625
 [8,]  11.26953 427.218118   0.4284233 20.112398 285.021182  34.50944 24.059532   7.404108
 [9,]  11.21603 426.906000   0.4300060 20.216346 285.006565  34.52381 24.031256   7.400837
[10,]  11.41627 421.858176   0.4245062 20.215687 285.017603  34.46930 24.026078   7.405083
[11,]  11.26158 426.830466   0.3872932 20.067746 285.045446  34.86338 24.012185   7.414163
[12,]  10.75231 429.551778   0.3741782 20.328491 285.028824  35.53156 24.467835   7.453748
           [,9]    [,10]
 [1,] 24.023026 4.732977
 [2,]  7.474287 2.025889
 [3,]  4.780508 2.025633
 [4,]  5.682487 4.843012
 [5,]  4.669385 2.023332
 [6,]  4.669077 2.023345
 [7,]  4.419319 2.025850
 [8,]  4.626910 2.023990
 [9,]  4.734750 2.048973
[10,]  4.625399 2.069047
[11,]  4.643114 2.023476
[12,]  4.617451 2.028385

$Refset$f
 [1]  222.9392  222.9392  237.0799 7653.8750  237.5903  238.4792  240.0330  244.5365  258.2708
[10]  283.1146  300.0833  365.6823

$Refset$fpen
 [1]  222.9392  222.9392  237.0799 7653.8750  237.5903  238.4792  240.0330  244.5365  258.2708
[10]  283.1146  300.0833  365.6823

$Refset$const
          [,1]     [,2]      [,3]      [,4]     [,5]
 [1,] 15.43516 15.83186  2.391005 31.267023 1.676590
 [2,] 31.26702  1.67659 15.435164 15.831858 2.391005
 [3,] 15.38725 31.21949 15.832241  1.693057 2.368356
 [4,] 12.24870 30.31751 18.068817  1.614478 2.614134
 [5,] 15.63811 31.33062 15.692505  1.692821 2.367202
 [6,] 15.63844 31.33092 15.692478  1.692829 2.367194
 [7,] 16.12889 31.58068 15.451790  1.693924 2.365488
 [8,] 15.48549 31.37309 15.887602  1.692701 2.369057
 [9,] 15.48160 31.26525 15.783654  1.694114 2.363919
[10,] 15.59029 31.37460 15.784313  1.693068 2.368089
[11,] 15.42463 31.35689 15.932254  1.688498 2.351116
[12,] 15.71104 31.38255 15.671509  1.690275 2.348194

$Refset$penalty
 [1] 0 0 0 0 0 0 0 0 0 0 0 0


