$f
 [1] 620.11632 277.70312 181.96007 171.45139 167.14583 163.54167 142.25521 133.70139 131.16667
[10] 129.28125 102.37153  81.88194  79.07639  78.38021  73.21875  69.22569  68.13715  66.37674
[19]  64.66146  64.25521  63.97569  63.72396  63.68750  63.59896  63.51562  63.28646  63.26215
[28]  63.17361  63.17188  62.97743  62.86111  62.86111

$x
          [,1]     [,2]      [,3]     [,4]     [,5]     [,6]     [,7]     [,8]     [,9]    [,10]
xbest 20.64216 141.6400 0.5184220 28.31541 285.9131 34.21975 31.54015 6.981628 5.680109 1.617054
xbest 14.75269 335.1439 0.4707642 16.54137 285.9021 41.30694 27.13211 7.265809 9.868561 2.965009
xbest 15.24607 315.1439 0.4332992 16.54137 285.9021 41.08334 25.80000 7.265809 9.858679 2.889924
xbest 17.14190 301.8131 0.6072376 18.68285 286.0938 41.33465 26.90752 7.550392 8.320241 2.935773
xbest 18.65017 279.7709 0.5503199 19.08306 286.1842 42.13248 28.46543 7.288298 7.365523 2.833572
xbest 18.64431 279.7709 0.5728199 19.08306 286.1842 42.13248 28.46543 7.288298 7.365523 2.833572
xbest 16.76643 306.8923 0.8162329 19.68021 286.0264 40.99668 27.06727 7.678372 6.876659 2.764200
xbest 16.38376 306.9531 0.5622994 19.48277 286.1603 42.02482 27.65073 7.403132 7.809005 2.676457
xbest 16.77166 308.2201 0.8326426 19.41095 286.0602 41.12364 27.10478 7.616201 7.503850 2.842824
xbest 16.76528 317.1797 0.7883737 20.11079 286.0225 41.05968 26.82520 7.679195 6.361182 2.724279
xbest 16.93995 289.9631 0.9939688 19.61269 286.0932 41.88588 26.98662 7.630272 7.394432 2.812682
xbest 17.24119 296.8810 0.9312623 20.06344 286.1541 41.91216 27.27181 7.654203 6.795485 2.741631
xbest 17.24119 296.6466 1.0000000 20.34475 286.1541 41.91216 27.27181 7.654203 6.786108 2.753506
xbest 17.33027 297.8561 0.9082741 20.03868 286.1535 41.97812 27.32669 7.638686 6.845609 2.739123
xbest 17.33027 297.8561 1.0000000 20.03868 286.1535 41.97812 27.32669 7.638686 6.845609 2.733185
xbest 17.37679 297.7907 0.9173971 20.05053 286.1525 41.92222 27.31213 7.647831 6.720442 2.770706
xbest 17.17007 303.3254 0.9131365 19.97933 286.1400 42.02386 27.17821 7.653431 6.788211 2.765575
xbest 17.08785 305.8991 0.9097947 19.91568 286.1396 42.10061 27.07669 7.656040 6.793067 2.763505
xbest 17.34661 300.7061 0.9097816 20.07476 286.1527 41.97852 27.19655 7.649359 6.714409 2.775794
xbest 17.34626 303.2012 0.9080279 20.00484 286.1584 41.97719 27.23136 7.648884 6.675284 2.772604
xbest 17.32283 303.2012 0.8855279 20.00484 286.1584 41.97719 27.23136 7.648884 6.675284 2.772604
xbest 17.19262 304.5621 0.9093509 19.93295 286.1468 42.03727 27.11472 7.653142 6.773964 2.768211
xbest 17.19262 304.5426 0.9093509 19.93295 286.1468 42.03727 27.11472 7.653142 6.773964 2.768211
xbest 17.27513 304.0584 0.9126734 20.07460 286.1468 42.03286 27.11898 7.652619 6.606236 2.767905
xbest 17.29362 304.0081 0.9145047 20.11421 286.1471 42.03592 27.11977 7.652668 6.525755 2.767502
xbest 17.29362 303.9300 0.8920047 20.11421 286.1471 42.03592 27.11977 7.652668 6.525755 2.767502
xbest 17.19114 304.7257 0.9056257 19.91585 286.1480 42.04376 27.11113 7.653476 6.772344 2.763481
xbest 17.18612 305.9679 0.9056261 19.87235 286.1477 42.04930 27.10307 7.653494 6.756643 2.764953
xbest 17.18902 306.4244 0.9055224 19.88152 286.1475 42.04531 27.09128 7.653320 6.728368 2.765778
xbest 17.21365 305.8561 0.9022830 19.85798 286.1467 42.04887 27.10281 7.653830 6.729313 2.765269
xbest 17.21886 306.0567 0.9040530 19.90333 286.1463 42.04498 27.11536 7.653495 6.688278 2.767112
xbest 17.21886 306.0567 0.9040530 19.90333 286.1463 42.04498 27.11536 7.653495 6.688278 2.767112

$time
elapsed elapsed elapsed elapsed elapsed elapsed elapsed elapsed elapsed elapsed elapsed elapsed 
   1.45    3.61    5.81   20.70   26.62   27.75   29.80   35.90   37.89   42.78   44.89   49.08 
elapsed elapsed elapsed elapsed elapsed elapsed elapsed elapsed elapsed elapsed elapsed elapsed 
  50.75   74.69   76.01   86.86  101.86  107.87  113.81  118.67  119.89  163.76  164.81  181.34 
elapsed elapsed elapsed elapsed elapsed elapsed elapsed elapsed 
 185.34  186.50  247.73  250.84  343.56  404.56  429.23  449.73 

$neval
 [1]   106   253   407  1377  1789  1867  2004  2414  2552  2828  2968  3240  3349  4980  5073
[16]  5753  6771  7182  7590  7870  7954 10947 11021 12122 12398 12478 16575 16785 23020 27106
[31] 28804 30089

$fbest
[1] 62.86111

$xbest
 [1]  17.218861 306.056668   0.904053  19.903329 286.146335  42.044980  27.115363   7.653495
 [9]   6.688278   2.767112

$numeval
[1] 30089

$end_crit
[1] 1

$cpu_time
elapsed 
 449.73 

$Refset
$Refset$x
            [,1]       [,2]        [,3]      [,4]       [,5]      [,6]      [,7]       [,8]
 [1,]  17.218861   0.904053 286.1463352 27.115363   6.688278  17.21886  0.904053 286.146335
 [2,] 306.056668  19.903329  42.0449800  7.653495   2.767112 306.05667 19.903329  42.044980
 [3,]  17.218861 306.056668   0.9040530 19.903329 286.146335  42.04498 27.115363   7.653495
 [4,]  17.204204 306.067636   0.9199753 19.884391 286.146153  42.04528 27.107613   7.653861
 [5,]  17.205232 306.127411   0.9223715 19.887922 286.146758  42.04146 27.118943   7.653657
 [6,]  17.201805 306.135955   0.9180064 19.886723 286.146227  42.04117 27.116905   7.653631
 [7,]  17.206653 306.039891   0.9205248 19.889023 286.146523  42.04433 27.107345   7.653665
 [8,]  17.197830 306.121331   0.9148577 19.885852 286.146351  42.04383 27.114142   7.653570
 [9,]  17.203771 306.144189   0.9186037 19.888373 286.146358  42.04111 27.117814   7.653582
[10,]   8.653304 416.050402   0.3326157 29.320669 285.627648  44.35562 38.753274   8.065160
[11,]  22.288982 108.557164   0.2202107 27.140768 285.143245  25.18786 30.313073   4.729522
[12,]  19.127048 100.000000   1.0000000 25.488071 284.000000  29.25876 24.000000  10.000000
           [,9]    [,10]
 [1,] 27.115363 6.688278
 [2,]  7.653495 2.767112
 [3,]  6.688278 2.767112
 [4,]  6.732931 2.765568
 [5,]  6.729685 2.765452
 [6,]  6.728852 2.766273
 [7,]  6.730278 2.765605
 [8,]  6.731053 2.765582
 [9,]  6.727356 2.766012
[10,]  9.486907 3.510395
[11,]  3.192978 1.237074
[12,] 10.000000 5.000000

$Refset$f
 [1]    62.86111    62.86111    62.86111    63.02604    63.02604    63.02604    63.02604
 [8]    63.02604    63.02604 45938.35243  6493.10069   623.29687

$Refset$fpen
 [1] 6.286111e+01 6.286111e+01 6.286111e+01 6.302604e+01 6.302604e+01 6.302604e+01 6.302604e+01
 [8] 6.302604e+01 6.302604e+01 4.593835e+04 1.862031e+06 6.232969e+02

$Refset$const
          [,1]      [,2]      [,3]      [,4]     [,5]
 [1,] 13.21505 16.096671  2.477799 29.311722 1.570811
 [2,] 29.31172  1.570811 13.215051 16.096671 2.477799
 [3,] 13.21505 29.311722 16.096671  1.570811 2.477799
 [4,] 13.15146 29.267069 16.115609  1.570835 2.477240
 [5,] 13.15824 29.270315 16.112078  1.570764 2.478293
 [6,] 13.15787 29.271148 16.113277  1.570820 2.478023
 [7,] 13.15874 29.269722 16.110977  1.570797 2.477369
 [8,] 13.15480 29.268947 16.114148  1.570810 2.477773
 [9,] 13.16102 29.272644 16.111627  1.570806 2.478121
[10,] 19.83376 26.513093  6.679331  1.615473 3.070665
[11,] 23.94779 32.807022  8.859232  1.590557 5.355538
[12,] 15.48807 26.000000 10.511929  1.863977 2.615453

$Refset$penalty
 [1] 0.000000 0.000000 0.000000 0.000000 0.000000 0.000000 0.000000 0.000000 0.000000 0.000000
[11] 1.855538 0.000000


