$f
 [1] 2114.3038 1355.4062 1137.0590 1039.8229  989.5122  858.9097  844.3889  775.2934  768.1632
[10]  745.1580  732.1042  691.1406  691.0920  657.7899  652.7153  643.4618  625.4010  604.3437
[19]  598.4115  588.5069  587.1823  583.5712  583.4427  582.9080  581.8125  581.4670  581.1389
[28]  580.0382  578.7396  578.4028  577.7882  577.6406  577.5642  567.8021  566.6476  562.2656
[37]  561.3438  559.3733  553.6510  552.0104  541.4774  535.6736  533.3073  528.8385  528.7049
[46]  523.0521  521.7378  517.8090  516.2934  515.6354  515.4167  514.0747  506.6979  505.7187
[55]  492.0434

$x
          [,1]     [,2]      [,3]     [,4]     [,5]     [,6]     [,7]     [,8]     [,9]    [,10]
xbest 11.41290 351.0820 0.9851727 22.21341 284.3129 35.72522 24.82320 3.691066 2.841552 2.249091
xbest 11.49678 431.5676 1.0000000 23.87364 285.5610 33.37988 24.38809 2.188915 2.439207 1.264774
xbest 11.49678 451.5676 0.7975000 23.86192 285.5610 33.37988 24.71309 2.000000 2.039207 1.632899
xbest 18.18956 212.0253 0.7535890 20.08438 286.2259 41.67988 27.10231 7.426146 5.571116 3.034175
xbest 14.82690 206.8802 0.7123978 21.77247 286.1585 42.80662 27.09165 7.318147 6.333031 2.440916
xbest 14.82690 206.8802 0.7236478 21.56739 286.2335 42.80662 26.39087 7.318147 6.692406 2.440916
xbest 17.72946 177.3909 0.7477822 22.03214 286.2043 42.72435 26.26453 7.308903 5.029037 2.216847
xbest 17.41888 154.8603 0.7462008 21.99684 286.1857 43.44683 26.21470 7.288366 4.800581 1.850594
xbest 17.52830 152.7478 0.7376827 22.32435 286.1819 43.36549 26.35461 7.277216 4.782839 1.973598
xbest 18.04567 178.2743 0.7506565 20.29655 286.2068 43.16827 26.22435 7.201236 4.887123 2.050133
xbest 18.04567 178.2743 1.0000000 20.29655 286.2068 43.16827 26.22435 7.201236 4.887123 2.050133
xbest 17.20520 243.9989 0.7275443 18.42079 286.2557 43.62995 25.95181 7.309828 4.885844 1.951000
xbest 17.73749 216.8705 0.7483442 17.59889 286.2709 43.63009 25.95792 7.310104 5.027512 1.975373
xbest 17.35676 233.9036 0.7531252 17.60309 286.2569 43.62989 25.95366 7.309654 4.894016 1.975158
xbest 17.34539 235.2084 0.7525332 17.60300 286.2545 43.62977 25.95446 7.309557 4.845316 1.975041
xbest 17.34539 235.2084 0.7300332 17.60007 286.2545 43.62977 25.95446 7.309948 4.845316 1.972072
xbest 17.43596 218.6244 0.7386997 18.63260 286.2535 43.58983 26.06365 7.266213 4.915442 2.017320
xbest 17.44060 219.3231 0.7520406 18.63260 286.2535 43.58983 26.06365 7.266213 4.906067 2.026226
xbest 17.48833 226.3615 0.7233111 18.68858 286.2536 43.59941 26.04347 7.246439 4.761900 2.044498
xbest 17.51163 217.1269 0.7378101 18.73876 286.2539 43.59515 26.07475 7.245823 4.987089 2.044358
xbest 17.55744 218.5951 0.7370828 18.73981 286.2557 43.53531 26.02417 7.240074 5.004241 2.053722
xbest 17.55744 218.5951 0.7595828 18.73981 286.2557 43.53531 26.02417 7.240074 5.004241 2.053722
xbest 17.51735 219.1639 0.7409915 18.73694 286.2529 43.53788 26.04183 7.241450 4.993734 2.051049
xbest 17.54343 218.1992 0.7414952 18.73473 286.2558 43.53276 26.04026 7.240575 4.994163 2.053085
xbest 17.54343 218.1992 0.7414952 18.73473 286.2558 43.53276 26.08088 7.240575 4.994163 2.053085
xbest 17.55564 217.9162 0.7422946 18.75255 286.2538 43.51031 26.07761 7.240460 5.003326 2.051410
xbest 17.55857 217.9162 0.7422946 18.75255 286.2538 43.51031 26.07761 7.240460 5.003326 2.051410
xbest 17.51146 215.3152 0.7469070 18.75085 286.2644 43.47854 26.04695 7.239972 5.210814 2.045944
xbest 17.49974 215.3152 0.7469070 18.74792 286.2644 43.47854 26.04695 7.239972 5.210814 2.045202
xbest 17.53412 214.5675 0.7424503 18.74823 286.2645 43.48009 26.06432 7.239965 5.237242 2.046454
xbest 17.51536 214.3295 0.7421913 18.76171 286.2645 43.48089 26.06486 7.239986 5.248024 2.046374
xbest 17.51003 214.0402 0.7421256 18.76898 286.2645 43.48129 26.06492 7.240058 5.266283 2.046348
xbest 17.49021 219.3858 0.7373005 18.80997 286.2698 43.75596 26.12707 7.245843 4.952202 2.045423
xbest 17.49021 219.3858 0.7373005 18.80997 286.2698 43.75596 26.12707 7.245843 4.952202 2.048392
xbest 17.35854 209.3814 0.7400987 18.56789 286.2618 43.50407 27.03778 7.252065 5.165918 2.020997
xbest 17.36441 209.3814 0.7907347 18.56789 286.2619 43.50407 27.01743 7.252065 5.190918 2.020997
xbest 17.34389 203.7329 0.7446380 18.51717 286.2515 43.41337 26.87077 7.252693 5.638263 2.003189
xbest 17.34389 203.7329 0.7671380 18.51717 286.2515 43.41337 26.87077 7.252693 5.638263 2.003189
xbest 17.34635 208.9810 0.7356985 18.60497 286.2526 43.56019 26.74625 7.246992 5.214479 2.030997
xbest 17.31937 206.9099 0.7247679 18.56075 286.2504 43.57953 26.70154 7.246171 5.473357 2.027968
xbest 17.36524 186.4326 0.7237279 18.57062 286.2477 43.42749 26.90143 7.260696 6.511372 1.990967
xbest 17.38716 182.1046 0.7284208 18.56952 286.2459 43.50580 26.76989 7.254788 6.683400 2.007870
xbest 17.33666 187.9636 0.7301264 18.56298 286.2467 43.47358 26.85756 7.254059 6.484852 2.017847
xbest 17.40720 174.4981 0.7295173 18.56676 286.2435 43.50057 26.76832 7.255616 7.113962 2.002149
xbest 17.33020 187.5927 0.7306028 18.55918 286.2453 43.47449 26.85733 7.254106 6.617298 2.017448
xbest 17.33020 187.5927 0.8206028 18.55918 286.2453 43.47449 26.85733 7.254106 6.617298 2.017448
xbest 17.30908 171.6125 0.7471474 18.56563 286.2464 43.42386 26.89561 7.255249 7.318253 2.015530
xbest 17.30908 171.6125 0.7464443 18.75313 286.2464 43.42386 26.89561 7.255249 7.305753 2.015530
xbest 17.30753 170.7945 0.7522992 18.55665 286.2463 43.43553 26.89444 7.255222 7.477119 2.015778
xbest 17.30753 170.7945 0.7522992 18.55665 286.2463 43.43553 26.89444 7.255222 7.480244 2.015778
xbest 17.31142 170.5106 0.7521985 18.55667 286.2447 43.43934 26.89308 7.255222 7.488851 2.017105
xbest 17.32495 168.2197 0.7555563 18.55472 286.2613 43.45000 26.89035 7.255260 7.609256 2.022505
xbest 17.34153 165.5813 0.7556254 18.55375 286.2614 43.44743 26.89050 7.255260 7.802240 2.022037
xbest 17.31066 166.5362 0.7519313 18.55446 286.2606 43.45093 26.89020 7.255260 7.841082 2.022649
xbest 17.31066 166.5362 1.0000000 18.54933 286.2606 43.45093 26.89020 7.255260 8.029795 2.022649

$time
elapsed elapsed elapsed elapsed elapsed elapsed elapsed elapsed elapsed elapsed elapsed elapsed 
   1.27    3.38    5.11   14.69   16.63   25.93   35.93   40.21   44.05   46.11   47.30   55.02 
elapsed elapsed elapsed elapsed elapsed elapsed elapsed elapsed elapsed elapsed elapsed elapsed 
  58.85   60.85   65.61   68.89   81.11   90.35  104.02  105.99  107.93  111.82  119.89  121.89 
elapsed elapsed elapsed elapsed elapsed elapsed elapsed elapsed elapsed elapsed elapsed elapsed 
 132.32  146.75  153.66  185.97  187.14  193.27  197.96  201.85  207.83  208.91  264.64  266.16 
elapsed elapsed elapsed elapsed elapsed elapsed elapsed elapsed elapsed elapsed elapsed elapsed 
 301.49  302.49  311.24  313.25  317.22  325.83  331.63  335.41  343.88  344.93  368.02  369.25 
elapsed elapsed elapsed elapsed elapsed elapsed elapsed 
 390.66  391.63  422.55  425.38  429.24  434.94  441.29 

$neval
 [1]   106   262   387  1082  1222  1898  2565  2835  3105  3240  3322  3857  4125  4262  4533
[16]  4763  5584  6248  7206  7346  7480  7692  8242  8380  9119 10065 10544 12738 12824 13242
[31] 13514 13786 14198 14274 18069 18178 20592 20665 21205 21339 21607 22210 22620 22890 23436
[46] 23512 25167 25257 26731 26804 28955 29160 29434 29841 30111

$fbest
[1] 492.0434

$xbest
 [1]  17.310659 166.536227   1.000000  18.549326 286.260644  43.450933  26.890202   7.255260
 [9]   8.029795   2.022649

$numeval
[1] 30111

$end_crit
[1] 1

$cpu_time
elapsed 
 441.29 

$Refset
$Refset$x
           [,1]        [,2]        [,3]      [,4]       [,5]      [,6]       [,7]       [,8]
 [1,]  17.31066 166.5362274   0.7519313 18.554457 286.260644  43.45093 26.8902017   7.255260
 [2,]  17.34153 165.5813004   0.7556254 18.553754 286.261371  43.44743 26.8905037   7.255260
 [3,]  17.33819 177.2252891   0.7563762 18.564931 286.249575  43.50273 26.8832608   7.256626
 [4,]  17.31142   0.7521985 286.2446986 26.893084   7.488851  17.31142  0.7521985 286.244699
 [5,] 170.51065  18.5566724  43.4393351  7.255222   2.017105 170.51065 18.5566724  43.439335
 [6,]  17.31142 170.5106488   0.7521985 18.556672 286.244699  43.43934 26.8930841   7.255222
 [7,]  17.36373 177.6737593   0.7650465 18.574965 286.246722  43.50301 26.8887909   7.257098
 [8,]  17.20552 173.4325412   0.7657406 18.624301 286.244847  43.44003 26.8891252   7.255546
 [9,]  17.31736 177.5202093   0.7656112 18.571877 286.248336  43.49649 26.8867869   7.255611
[10,]  17.23829 173.5659717   0.7663219 18.548067 286.245291  43.41690 26.8974163   7.255911
[11,]  17.32584 173.6815383   0.7563580 18.575510 286.250947  43.50455 26.8790587   7.256631
[12,]  17.29779 175.7338921   0.7526724 18.596952 286.253591  43.49269 26.8840998   7.256612
           [,9]    [,10]
 [1,]  7.841082 2.022649
 [2,]  7.802240 2.022037
 [3,]  7.010048 2.015716
 [4,] 26.893084 7.488851
 [5,]  7.255222 2.017105
 [6,]  7.488851 2.017105
 [7,]  6.937703 2.014499
 [8,]  7.481612 2.010813
 [9,]  7.114269 2.013141
[10,]  7.490819 2.013188
[11,]  7.330266 2.015485
[12,]  7.191764 2.001683

$Refset$f
 [1] 505.7187 506.6979 513.0538 515.4167 515.4167 515.4167 515.9340 516.6059 518.9132 517.3108
[11] 521.6997 529.4132

$Refset$fpen
 [1] 505.7187 506.6979 513.0538 515.4167 515.4167 515.4167 515.9340 516.6059 518.9132 517.3108
[11] 521.6997 529.4132

$Refset$const
          [,1]      [,2]      [,3]      [,4]     [,5]
 [1,] 10.71337 28.158918 17.445543  1.559973 2.442187
 [2,] 10.75151 28.197760 17.446246  1.559900 2.442551
 [3,] 11.55488 28.989952 17.435069  1.561089 2.436596
 [4,] 11.06782 17.443328  2.438107 28.511149 1.561544
 [5,] 28.51115  1.561544 11.067822 17.443328 2.438107
 [6,] 11.06782 28.511149 17.443328  1.561544 2.438107
 [7,] 11.63726 29.062297 17.425035  1.561367 2.436082
 [8,] 11.14269 28.518388 17.375699  1.561532 2.437887
 [9,] 11.45761 28.885731 17.428123  1.561207 2.436675
[10,] 11.05725 28.509181 17.451933  1.561476 2.439374
[11,] 11.24524 28.669734 17.424490  1.560956 2.436680
[12,] 11.40519 28.808236 17.403048  1.560689 2.438196

$Refset$penalty
 [1] 0 0 0 0 0 0 0 0 0 0 0 0


