$f
 [1] 1760.625 1696.503 1604.243 1537.113 1517.148 1477.043 1460.352 1379.828 1361.523 1347.901
[11] 1323.717 1308.219 1304.839 1279.710 1278.825 1259.804 1244.608 1235.170 1210.569 1209.408
[21] 1206.929 1206.415 1204.425 1204.325 1203.688 1203.432 1202.917 1202.453 1202.431 1201.128
[31] 1191.075 1191.075

$x
           [,1]     [,2]      [,3]     [,4]     [,5]     [,6]     [,7]     [,8]     [,9]
xbest 19.554385 137.4718 0.8398484 21.19021 286.6180 45.69258 31.16594 4.182392 9.817594
xbest 16.302677 194.6955 0.8260256 21.19356 286.5186 44.65681 31.68992 4.424767 9.531522
xbest 16.302677 174.2267 0.8281350 21.94356 286.5186 44.68476 31.68992 4.424767 9.531522
xbest 17.814992 196.2953 0.8172163 21.58557 286.5050 44.55127 29.67805 4.589083 8.761928
xbest 18.298778 189.5863 0.8516238 19.42200 286.6685 44.44026 31.72890 4.063373 9.596680
xbest 14.163579 208.0803 0.4968561 24.43825 286.5436 38.26775 24.10982 3.787359 8.566219
xbest 10.925530 275.8736 0.6833946 21.88236 286.4853 44.40388 29.21353 4.243076 8.325561
xbest  9.109566 271.2814 0.5394248 22.61455 286.3863 45.63723 29.47720 4.159009 8.445709
xbest  9.847427 272.9094 0.5633935 22.33363 286.3980 45.49651 29.48780 4.240666 8.281131
xbest 10.007470 272.7997 0.5713085 22.42919 286.3971 45.30229 29.62809 4.240393 8.288897
xbest 10.007470 272.7997 0.5263085 22.42919 286.4721 45.30229 29.62809 4.240393 8.288897
xbest  9.680115 305.9827 0.6225783 21.59374 286.5319 44.40300 30.53798 4.224000 8.463167
xbest  9.679886 306.5575 0.6191400 21.65742 286.5312 44.45519 30.53794 4.224106 8.455484
xbest  9.679747 306.9114 0.6203592 21.69963 286.5308 44.44206 30.53793 4.224083 8.454232
xbest  9.679747 306.9896 0.6203592 21.69963 286.5308 44.44206 30.53793 4.224083 8.451107
xbest 10.161513 302.3785 0.5369754 22.69396 286.6802 44.23959 31.70033 4.181540 7.151186
xbest 10.161513 301.7535 0.5116629 22.69396 286.6802 44.23959 31.70033 4.206540 7.126186
xbest 11.049221 288.3080 0.5527345 22.96415 286.6841 44.28289 31.57695 3.947393 7.222653
xbest 11.236721 285.8080 0.5527345 22.77665 286.6808 44.35360 31.68200 3.947393 7.222653
xbest 11.002833 289.9105 0.5463517 22.95182 286.6910 44.40026 31.72446 4.160235 7.128454
xbest 11.008692 289.8324 0.5463517 22.95182 286.6910 44.40026 31.72446 4.160235 7.128454
xbest 11.031270 289.4326 0.5464218 22.94810 286.6908 44.39843 31.72730 4.160235 7.136056
xbest 10.995872 290.3955 0.5662941 22.93287 286.6678 44.42097 31.50455 4.160405 7.160791
xbest 10.999039 290.6755 0.5665004 22.92355 286.6667 44.42384 31.50549 4.161566 7.159941
xbest 11.004140 289.8563 0.5675128 22.95864 286.6722 44.42484 31.52011 4.166846 7.152908
xbest 10.997488 290.2191 0.5665166 22.93369 286.6676 44.42453 31.50474 4.163370 7.162354
xbest 10.988779 291.1286 0.5648423 22.91010 286.6683 44.42794 31.50294 4.164449 7.153668
xbest 10.988809 291.8431 0.5646004 22.88364 286.6670 44.43157 31.50288 4.164649 7.151710
xbest 10.991905 291.6517 0.5652084 22.88702 286.6695 44.42735 31.50752 4.164167 7.154102
xbest 10.564704 284.0094 0.5834997 23.86466 286.7026 44.38602 31.51681 6.595041 6.814461
xbest 10.564704 284.0094 0.5606481 23.86466 286.7026 44.38602 31.51681 6.595041 6.801570
xbest 10.564704 284.0094 0.5606481 23.86466 286.7026 44.38602 31.51681 6.595041 6.801570
         [,10]
xbest 3.707485
xbest 4.109463
xbest 4.109463
xbest 3.763442
xbest 4.900074
xbest 3.123979
xbest 3.405366
xbest 2.956338
xbest 3.007119
xbest 2.894867
xbest 2.871117
xbest 3.724538
xbest 3.663396
xbest 3.646416
xbest 3.646416
xbest 3.568718
xbest 3.568718
xbest 3.568646
xbest 3.568646
xbest 3.556348
xbest 3.556348
xbest 3.555553
xbest 3.547450
xbest 3.545513
xbest 3.541208
xbest 3.546823
xbest 3.547543
xbest 3.550111
xbest 3.543612
xbest 3.403241
xbest 3.403241
xbest 3.403241

$time
elapsed elapsed elapsed elapsed elapsed elapsed elapsed elapsed elapsed elapsed elapsed elapsed 
   1.72    6.62    8.97   11.91   14.28   17.03   22.77   27.61   30.03   32.39   36.25   46.03 
elapsed elapsed elapsed elapsed elapsed elapsed elapsed elapsed elapsed elapsed elapsed elapsed 
  57.52   59.92   61.28   68.33   87.11  118.59  120.53  158.70  160.02  197.66  287.03  291.22 
elapsed elapsed elapsed elapsed elapsed elapsed elapsed elapsed 
 295.94  323.44  368.97  379.03  408.81  433.37  438.94  515.19 

$neval
 [1]   106   398   495   639   778   919  1193  1463  1604  1740  1965  2510  3185  3324  3403
[16]  3811  4850  6746  6854  9013  9091 11224 16338 16544 16811 18241 20893 21507 23356 24953
[31] 25324 30119

$fbest
[1] 1191.075

$xbest
 [1]  10.5647043 284.0094442   0.5606481  23.8646596 286.7026251  44.3860206  31.5168128
 [8]   6.5950405   6.8015699   3.4032411

$numeval
[1] 30119

$end_crit
[1] 1

$cpu_time
elapsed 
 515.19 

$Refset
$Refset$x
          [,1]     [,2]      [,3]     [,4]     [,5]     [,6]     [,7]     [,8]     [,9]    [,10]
 [1,] 10.99629 291.6205 0.5640922 22.88290 286.6751 44.43197 31.60836 4.165766 7.152500 3.545389
 [2,] 10.99488 291.6503 0.5638492 22.88390 286.6758 44.42980 31.60642 4.164300 7.151526 3.549112
 [3,] 10.99179 291.5976 0.5640935 22.88475 286.6746 44.43122 31.61547 4.165779 7.152652 3.544645
 [4,] 10.99293 291.6254 0.5639969 22.88738 286.6752 44.42712 31.62507 4.165155 7.153119 3.553606
 [5,] 28.74263 274.9693 0.5548798 22.56235 285.4269 23.32929 32.40625 7.261598 9.240070 1.777907
 [6,] 10.99171 291.7060 0.5641128 22.88851 286.6746 44.43414 31.56583 4.164191 7.151407 3.547955
 [7,] 10.99342 291.5562 0.5641595 22.88731 286.6761 44.43895 31.60255 4.165909 7.154327 3.549055
 [8,] 10.99235 291.5551 0.5646033 22.89211 286.6736 44.43450 31.55562 4.164518 7.153620 3.542034
 [9,] 10.99603 291.6202 0.5640728 22.88338 286.6751 44.43202 31.60605 4.165744 7.152416 3.545429
[10,] 10.99280 293.2176 0.5645467 22.84233 286.6755 44.43547 31.60429 4.164550 7.144222 3.545463
[11,] 10.99344 291.6513 0.5638592 22.94145 286.6764 44.43357 31.59181 4.162721 7.114422 3.549163
[12,] 10.92697 291.6526 0.5639085 22.88330 286.6739 44.43677 31.44217 4.164095 7.159752 3.548863

$Refset$f
 [1]   1201.116   1201.354   1202.227   1202.385 422441.392   1202.398   1202.398   1202.398
 [9]   1201.116   1204.528   1203.323   1218.038

$Refset$fpen
 [1]    1201.116    1201.354    1202.227    1202.385 9249939.152    1202.398    1202.398
 [8]    1202.398    1201.116    1204.528    1203.323    1218.038

$Refset$const
          [,1]     [,2]     [,3]     [,4]      [,5]
 [1,] 15.73040 28.84750 13.11710 1.505832  2.859401
 [2,] 15.73237 28.84847 13.11610 1.505748  2.859677
 [3,] 15.73210 28.84735 13.11525 1.505864  2.859754
 [4,] 15.73426 28.84688 13.11262 1.505744  2.860949
 [5,] 13.32228 26.75993 13.43765 1.368763 12.327498
 [6,] 15.73710 28.84859 13.11149 1.506051  2.855926
 [7,] 15.73298 28.84567 13.11269 1.505751  2.859033
 [8,] 15.73849 28.84638 13.10789 1.506204  2.854741
 [9,] 15.73096 28.84758 13.11662 1.505840  2.859227
[10,] 15.69810 28.85578 13.15767 1.505809  2.859083
[11,] 15.82703 28.88558 13.05855 1.505739  2.858650
[12,] 15.72355 28.84025 13.11670 1.506570  2.846421

$Refset$penalty
 [1] 0.000000 0.000000 0.000000 0.000000 8.827498 0.000000 0.000000 0.000000 0.000000 0.000000
[11] 0.000000 0.000000


