$f
 [1] 1068.2135  981.0503  869.6285  862.9219  817.7986  755.5000  719.5365  717.2604  681.2760
[10]  680.4132  664.5347  658.4566  647.8906  640.2049  616.1771  595.5920  586.8837  581.6007
[19]  540.9479  519.7014  516.5590  502.0990  491.2969  488.1042  487.2917  471.0851  470.8681
[28]  470.4566  470.0000  468.5712  468.2274  467.8542  467.8524  464.8056  464.3889  464.3733
[37]  464.3507  460.5382  460.5382

$x
          [,1]     [,2]      [,3]     [,4]     [,5]     [,6]     [,7]     [,8]     [,9]    [,10]
xbest  9.95777 270.4286 0.9031229 18.19968 285.0209 38.43107 30.51528 3.050789 6.723923 1.836947
xbest 13.28196 100.0000 0.1441190 28.69370 284.9026 44.35517 28.85988 3.218148 4.418140 3.725243
xbest 13.28196 100.0000 0.1001758 28.31870 284.9032 44.35517 28.85988 3.218148 4.418140 3.725243
xbest 13.28196 100.0000 0.1031480 27.86001 284.9021 44.35517 28.85988 3.218148 4.418140 3.725243
xbest 11.25758 256.8412 0.7410591 22.34896 285.5006 37.07026 27.64249 3.894135 4.190809 3.550557
xbest 13.46042 217.8400 0.6856582 21.18308 285.5718 37.32129 27.91874 3.898716 4.217959 3.584853
xbest 12.58575 283.0486 1.0000000 19.42446 286.6664 47.07474 24.05877 3.255701 4.512008 3.339798
xbest 12.57180 280.3011 1.0000000 19.62668 286.6553 47.02668 24.08765 3.259907 4.510344 3.370063
xbest 12.57180 279.6761 0.9943750 19.25168 286.6178 47.02668 24.08765 3.259907 4.585344 3.370063
xbest 11.79572 293.6496 0.8489766 19.64433 286.8159 46.27285 24.87114 3.209269 4.469428 3.244904
xbest 12.50133 131.7846 0.9775198 29.33966 286.3343 46.08444 25.25507 4.414715 4.148445 2.461655
xbest 12.16277 159.5981 0.9164082 26.52788 286.6655 45.99265 25.25881 4.098202 4.182675 2.514870
xbest 12.18252 161.8701 0.8797801 26.70056 286.7941 46.87484 26.54913 4.099653 4.275111 2.189499
xbest 12.05940 166.1514 0.8735724 26.65873 286.7443 45.97583 25.25814 4.038234 4.195784 2.534020
xbest 12.27083 167.1942 0.8748089 26.74425 286.7337 46.23797 25.28783 4.021354 4.198413 2.523808
xbest 12.27083 167.1161 0.7130901 26.74425 286.7431 46.23797 24.63783 4.033854 4.198413 2.523808
xbest 12.41340 135.6779 0.8576269 28.69082 286.6894 46.20918 24.77169 4.032648 4.469911 2.055114
xbest 13.94134 112.9678 0.8452431 29.24987 286.6691 45.54340 24.88669 4.029244 4.359591 2.159073
xbest 14.51810 111.2960 0.7940147 29.03137 286.8403 45.03635 24.78623 3.596299 4.555061 1.871719
xbest 14.51810 111.2960 0.7040147 29.03137 286.8403 45.03635 24.78623 3.646299 4.655061 1.966719
xbest 14.10638 142.6781 0.7056598 26.52421 286.8594 46.16985 26.28781 4.107312 4.037634 2.107897
xbest 14.10638 142.6781 0.7028473 26.52421 286.8407 46.16985 26.28781 4.057530 4.050134 2.096022
xbest 15.22411 115.0204 0.7456956 26.64494 286.6206 46.28594 24.13234 4.061716 4.382846 2.462892
xbest 15.41258 111.9792 0.7363365 26.72205 286.5809 46.33823 24.04052 4.064261 4.454408 2.462925
xbest 15.72968 128.8174 0.8719131 24.54716 286.6346 46.34966 24.02647 4.043914 4.434281 2.427355
xbest 15.72968 128.8174 0.6554038 24.54716 286.6346 46.34966 24.20958 4.043914 4.356148 2.427355
xbest 15.07906 131.6511 0.7155345 24.47187 286.6574 46.25329 24.57307 4.070938 4.969316 2.407087
xbest 15.07613 131.6511 0.7155345 24.47187 286.6574 46.25329 24.57307 4.070938 4.969316 2.407087
xbest 15.13683 133.3787 0.6736599 24.49706 286.6569 46.25600 24.60016 4.066166 4.747041 2.415586
xbest 15.13683 133.3787 0.6736599 24.49706 286.6569 46.25600 24.60016 4.072416 4.759541 2.415586
xbest 15.14484 132.3182 0.6722540 24.46803 286.6573 46.25444 24.56125 4.073408 4.837372 2.416335
xbest 15.13744 133.0587 0.6630633 24.41977 286.6534 46.25222 24.55304 4.075493 4.818356 2.425545
xbest 15.13744 133.0587 0.6630633 24.41977 286.6534 46.25222 24.51241 4.075493 4.818356 2.425545
xbest 15.83271 122.7670 0.6716413 24.39814 286.6149 46.19627 24.59549 4.069233 4.786580 2.413178
xbest 15.83236 122.8261 0.6729761 24.39856 286.6132 46.24795 24.59573 4.071127 4.793290 2.416217
xbest 15.83271 122.7872 0.6715715 24.39805 286.6153 46.20622 24.59547 4.070269 4.786506 2.412837
xbest 15.83288 122.7856 0.6707846 24.39802 286.6166 46.21641 24.59535 4.069772 4.782616 2.410974
xbest 15.66849 124.9121 0.6693285 24.38576 286.6522 46.24366 24.57928 4.070435 4.779403 2.422082
xbest 15.66849 124.9121 0.6693285 24.38576 286.6522 46.24366 24.57928 4.070435 4.779403 2.422082

$time
elapsed elapsed elapsed elapsed elapsed elapsed elapsed elapsed elapsed elapsed elapsed elapsed 
   1.68    5.23    6.31    8.01   13.06   16.53   18.20   23.12   24.31   33.90   35.68   37.40 
elapsed elapsed elapsed elapsed elapsed elapsed elapsed elapsed elapsed elapsed elapsed elapsed 
  39.10   40.92   42.59   43.85   52.53   58.29   60.07   62.95   81.84   83.23   88.89   92.54 
elapsed elapsed elapsed elapsed elapsed elapsed elapsed elapsed elapsed elapsed elapsed elapsed 
 100.46  103.87  213.79  214.67  241.85  243.35  320.70  354.39  355.28  356.98  366.12  367.87 
elapsed elapsed elapsed 
 369.59  372.95  378.35 

$neval
 [1]   106   398   488   631  1051  1337  1477  1887  1985  2673  2810  2948  3083  3224  3360
[16]  3471  4147  4555  4693  4926  6441  6561  6974  7244  7787  8057 16926 17000 19157 19236
[31] 25576 28231 28305 28443 29130 29269 29404 29675 30012

$fbest
[1] 460.5382

$xbest
 [1]  15.6684937 124.9120819   0.6693285  24.3857646 286.6521936  46.2436613  24.5792838
 [8]   4.0704352   4.7794034   2.4220824

$numeval
[1] 30012

$end_crit
[1] 1

$cpu_time
elapsed 
 378.35 

$Refset
$Refset$x
           [,1]        [,2]        [,3]      [,4]       [,5]      [,6]       [,7]       [,8]
 [1,]  15.66849   0.6693285 286.6521936 24.579284   4.779403  15.66849  0.6693285 286.652194
 [2,] 124.91208  24.3857646  46.2436613  4.070435   2.422082 124.91208 24.3857646  46.243661
 [3,]  15.66849 124.9120819   0.6693285 24.385765 286.652194  46.24366 24.5792838   4.070435
 [4,]  15.49911 125.6817064   0.6651662 24.453934 286.652315  46.24748 24.5723547   4.057934
 [5,]  15.13744   0.6630633 286.6533829 24.512414   4.818356  15.13744  0.6630633 286.653383
 [6,] 133.05872  24.4197718  46.2522198  4.075493   2.425545 133.05872 24.4197718  46.252220
 [7,]  15.13640 133.1007821   0.6603645 24.418344 286.653474  46.25247 24.5496477   4.076610
 [8,]  15.12696 133.3679147   0.6351319 24.418228 286.651922  46.25296 24.5649884   4.072990
 [9,]  15.14713 132.0492637   0.6485307 24.430288 286.653365  46.24778 24.5582344   4.075537
[10,]  15.12821 132.1984248   0.6464273 24.431940 286.653630  46.25121 24.5647472   4.072351
[11,]  15.20762 132.7910849   0.6686136 24.327765 286.651019  46.25762 24.5587201   4.075050
[12,]  15.12533 132.7276865   0.6846179 24.445865 286.656733  46.24597 24.5764722   4.068939
           [,9]    [,10]
 [1,] 24.579284 4.779403
 [2,]  4.070435 2.422082
 [3,]  4.779403 2.422082
 [4,]  4.791987 2.300250
 [5,] 24.512414 4.818356
 [6,]  4.075493 2.425545
 [7,]  4.814831 2.427772
 [8,]  4.764927 2.417654
 [9,]  4.849164 2.421372
[10,]  4.853168 2.415355
[11,]  4.821286 2.421495
[12,]  4.851814 2.408978

$Refset$f
 [1] 460.5382 460.5382 460.5382 461.2587 467.8524 467.8524 467.8524 468.1128 468.1181 467.8837
[11] 468.4566 468.7014

$Refset$fpen
 [1] 460.5382 460.5382 460.5382 461.2587 467.8524 467.8524 467.8524 468.1128 468.1181 467.8837
[11] 468.4566 468.7014

$Refset$const
          [,1]      [,2]      [,3]      [,4]     [,5]
 [1,] 19.60636 11.614235  2.342988 31.220597 1.525684
 [2,] 31.22060  1.525684 19.606361 11.614235 2.342988
 [3,] 19.60636 31.220597 11.614235  1.525684 2.342988
 [4,] 19.66195 31.208013 11.546066  1.525679 2.342553
 [5,] 19.60142 11.580228  2.339601 31.181644 1.525620
 [6,] 31.18164  1.525620 19.601416 11.580228 2.339601
 [7,] 19.60351 31.185169 11.581656  1.525591 2.341589
 [8,] 19.65330 31.235073 11.581772  1.525719 2.341883
 [9,] 19.58112 31.150836 11.569712  1.525594 2.342139
[10,] 19.57877 31.146832 11.568060  1.525568 2.342472
[11,] 19.50648 31.178714 11.672235  1.525804 2.341130
[12,] 19.59405 31.148186 11.554135  1.525285 2.344245

$Refset$penalty
 [1] 0 0 0 0 0 0 0 0 0 0 0 0


