$f
 [1] 2551.7552 1299.7378 1291.9444 1227.0694 1031.7361  956.9844  693.9965  575.6128  572.5608
[10]  565.9531  562.8021  554.4167  552.0087  519.8993  518.3681  512.3750  512.2517  510.6198
[19]  508.7934  508.4688  507.9705  504.2934  503.8073  503.7535  503.3108  502.7674  502.6493
[28]  501.5365  501.4340  500.4792  499.2465  495.1771  494.5000  494.1719  492.6771

$x
          [,1]     [,2]      [,3]     [,4]     [,5]     [,6]     [,7]     [,8]      [,9]
xbest 7.352459 262.2788 0.3962926 18.92178 285.7860 47.24848 28.93200 5.522700  4.725160
xbest 7.807542 356.4162 0.1756624 18.84116 285.7360 48.00000 28.79308 4.724901  2.254448
xbest 7.807542 356.4162 0.1753108 18.81772 285.7547 48.00000 28.95558 4.724901  2.254448
xbest 5.000000 281.3118 0.9321298 15.87117 285.7580 47.73401 28.98170 7.043824 10.000000
xbest 8.008289 302.7492 0.2628021 18.97806 286.0805 44.81682 25.50735 7.422447  4.103927
xbest 7.867143 316.6213 0.2625206 17.98400 286.2749 45.11290 25.73502 7.558067  4.063510
xbest 7.093694 345.2081 0.2915983 16.09905 286.3530 45.21885 25.01157 8.356702  4.211986
xbest 7.093115 306.0920 0.2955757 17.59905 286.3597 45.21885 24.46577 8.356702  3.805399
xbest 9.145845 290.8173 0.2436771 17.30028 286.6118 47.38428 27.81822 7.042098  4.110290
xbest 9.192720 290.8173 0.2310208 17.30028 286.6118 47.38428 27.81822 7.042098  4.096228
xbest 9.743709 274.0596 0.2357700 17.49829 286.5729 46.95030 27.07874 6.991441  4.195335
xbest 9.743709 274.0596 0.2381284 17.49829 286.5729 46.95030 27.07307 7.007435  4.195335
xbest 9.707407 272.5053 0.2361965 17.59926 286.5722 47.02468 27.70059 6.993283  4.027731
xbest 9.801524 272.3488 0.2115872 17.64027 286.5769 47.02468 27.68028 6.993283  4.057419
xbest 9.715688 272.4413 0.2304460 18.24743 286.5694 47.05600 27.67690 7.002184  3.446351
xbest 9.715688 272.4413 0.2304460 18.24743 286.5694 47.05600 27.63628 7.002184  3.421351
xbest 9.660630 272.3864 0.2301438 18.53907 286.5695 47.05415 27.69311 7.004172  3.240364
xbest 9.683996 272.3364 0.2301773 18.64842 286.5695 47.05710 27.71070 7.004494  3.123281
xbest 9.682256 272.0959 0.2277897 18.50713 286.5675 47.02078 27.68556 7.008825  3.233452
xbest 9.682256 272.0959 0.2277897 18.50713 286.5675 47.02078 27.68556 7.008825  3.233452
xbest 9.709307 271.8507 0.2265394 18.62353 286.5700 47.00403 27.65835 6.999440  3.159535
xbest 9.709777 271.7642 0.2266417 18.79804 286.5704 46.99110 27.66110 6.998944  3.020709
xbest 9.708171 272.3162 0.2267381 18.88906 286.5694 46.98996 27.66742 6.998895  2.929840
xbest 9.707397 272.1203 0.2268862 18.87236 286.5691 46.99125 27.66775 6.998896  2.945768
xbest 9.706995 272.3619 0.2301519 19.05350 286.5692 46.99482 27.65516 7.000498  2.767321
xbest 9.707208 272.1609 0.2284115 18.97218 286.5691 46.99201 27.66182 6.998931  2.879136
xbest 9.707208 272.1609 0.2284115 18.97218 286.5691 46.99201 27.66182 6.998931  2.879136
xbest 9.698002 272.4593 0.2287376 19.08546 286.5691 47.00824 27.66312 7.005345  2.723012
xbest 9.700566 272.0958 0.2292890 19.69835 286.5677 46.98911 27.65722 7.000859  2.299700
xbest 9.697271 272.8218 0.2285360 19.12673 286.5690 47.01418 27.65856 7.005534  2.694048
xbest 9.702979 272.0914 0.2296310 19.92888 286.5682 46.98921 27.65622 7.000831  2.080220
xbest 9.706686 272.1772 0.2301721 20.06539 286.5680 46.98715 27.65503 7.000040  2.000000
xbest 9.705354 272.0882 0.2295963 20.27796 286.5686 46.98653 27.65693 7.000168  2.092676
xbest 9.705354 272.1078 0.2295963 20.27796 286.5686 46.98653 27.65693 7.000168  2.092676
xbest 9.694454 271.7953 0.2295963 20.27796 286.5686 46.98653 27.65693 7.000823  2.092676
         [,10]
xbest 4.373234
xbest 4.553426
xbest 4.553426
xbest 2.358805
xbest 2.658014
xbest 2.299195
xbest 1.200000
xbest 1.200000
xbest 1.380631
xbest 1.380631
xbest 1.423999
xbest 1.414392
xbest 1.433196
xbest 1.445071
xbest 1.438083
xbest 1.438083
xbest 1.436808
xbest 1.436844
xbest 1.430678
xbest 1.431420
xbest 1.436925
xbest 1.437127
xbest 1.438623
xbest 1.438669
xbest 1.438663
xbest 1.438667
xbest 1.439409
xbest 1.435893
xbest 1.440471
xbest 1.435722
xbest 1.440322
xbest 1.440550
xbest 1.439409
xbest 1.439409
xbest 1.440151

$time
elapsed elapsed elapsed elapsed elapsed elapsed elapsed elapsed elapsed elapsed elapsed elapsed 
   1.22    3.29    4.45    6.75    8.45   10.15   11.84   23.86   63.75   64.98  119.97  121.18 
elapsed elapsed elapsed elapsed elapsed elapsed elapsed elapsed elapsed elapsed elapsed elapsed 
 137.90  139.75  188.58  189.58  196.14  199.51  203.48  207.59  212.50  214.15  215.84  220.84 
elapsed elapsed elapsed elapsed elapsed elapsed elapsed elapsed elapsed elapsed elapsed 
 222.42  224.01  224.87  226.48  228.18  229.86  231.48  238.12  241.40  242.26  375.33 

$neval
 [1]   106   260   356   502   643   785   926  1880  5131  5233  9300  9403 10775 10930 14904
[16] 14988 15531 15808 16083 16424 16831 16968 17104 17516 17652 17789 17862 18002 18140 18279
[31] 18417 18963 19234 19307 30025

$fbest
[1] 492.6771

$xbest
 [1]   9.6944540 271.7952787   0.2295963  20.2779563 286.5686110  46.9865345  27.6569330
 [8]   7.0008230   2.0926764   1.4401509

$numeval
[1] 30025

$end_crit
[1] 1

$cpu_time
elapsed 
 375.33 

$Refset
$Refset$x
          [,1]     [,2]      [,3]     [,4]     [,5]     [,6]     [,7]     [,8]     [,9]    [,10]
 [1,] 9.698914 271.6419 0.2275870 19.13286 286.5687 46.97496 27.65855 6.998497 2.769944 1.440615
 [2,] 9.699263 271.6396 0.2275697 19.13286 286.5687 46.97487 27.65857 6.998494 2.769501 1.440629
 [3,] 9.709198 268.1738 0.2025238 19.42898 286.5696 46.97334 27.66183 6.998267 2.730132 1.439802
 [4,] 9.698357 271.6312 0.2275516 19.13672 286.5687 46.97474 27.66277 7.000337 2.769974 1.436145
 [5,] 9.713545 271.5243 0.2283494 19.36942 286.5651 46.95952 27.64209 6.997529 2.795209 1.439848
 [6,] 9.716731 271.2050 0.2248927 19.36756 286.5631 46.90388 27.65302 6.995798 2.790277 1.443454
 [7,] 9.690071 273.6271 0.2214771 19.13754 286.5703 47.01540 27.66911 6.994889 2.679522 1.423646
 [8,] 9.895362 271.6338 0.2269844 19.13755 286.5686 46.96217 27.65081 6.994794 2.610901 1.441021
 [9,] 9.845499 271.3131 0.2284047 19.16233 286.5612 46.91267 27.59094 7.083095 2.771947 1.581657
[10,] 8.844475 262.7475 0.5917863 20.72858 286.2725 45.74413 27.54196 7.750455 2.792254 1.871670
[11,] 9.743200 272.1985 0.2580674 19.14567 286.5587 46.86960 27.63237 7.548029 2.905137 1.633825
[12,] 9.755072 267.9792 0.1966230 19.34408 286.5713 47.01085 27.55277 6.998982 2.734617 1.433179

$Refset$f
 [1] 498.2361 498.2361 499.3837 500.7101 506.4323 507.8038 511.9531 507.1840 569.4757 574.2274
[11] 618.2135 537.6510

$Refset$fpen
 [1] 498.2361 498.2361 499.3837 500.7101 506.4323 507.8038 511.9531 507.1840 569.4757 574.2274
[11] 618.2135 537.6510

$Refset$const
          [,1]     [,2]     [,3]     [,4]     [,5]
 [1,] 16.36291 33.23006 16.86714 1.530994 2.460396
 [2,] 16.36336 33.23050 16.86714 1.530993 2.460403
 [3,] 16.69885 33.26987 16.57102 1.530902 2.460926
 [4,] 16.36674 33.23003 16.86328 1.530989 2.460638
 [5,] 16.57421 33.20479 16.63058 1.531350 2.458799
 [6,] 16.57728 33.20972 16.63244 1.531492 2.460568
 [7,] 16.45801 33.32048 16.86246 1.530851 2.460203
 [8,] 16.52665 33.38910 16.86245 1.531003 2.460352
 [9,] 16.39038 33.22805 16.83767 1.531758 2.456190
[10,] 17.93633 33.20775 15.27142 1.559149 2.402384
[11,] 16.24053 33.09486 16.85433 1.531921 2.459082
[12,] 16.60946 33.26538 16.65592 1.530892 2.454221

$Refset$penalty
 [1] 0 0 0 0 0 0 0 0 0 0 0 0


