$f
 [1] 3106.498 2910.677 2734.628 2694.356 2628.788 2519.851 2501.071 2471.465 2457.946 2339.788
[11] 2277.550 2022.059 1980.349 1750.948 1514.738 1364.938 1361.210 1355.236 1301.220 1296.562
[21] 1224.839 1175.431 1113.594 1090.729 1079.014 1073.938

$x
           [,1]     [,2]      [,3]     [,4]     [,5]     [,6]     [,7]      [,8]     [,9]
xbest 23.108785 130.3704 0.2271879 25.16246 286.3746 37.98071 24.18509  5.024506 3.906661
xbest 29.065684 100.0000 0.1000000 25.11931 286.3578 37.26517 24.00000  5.179211 2.429454
xbest 29.065684 100.0000 0.1390338 25.11931 286.5078 37.27011 24.00000  5.170372 2.659263
xbest 15.066378 202.2157 0.1214586 24.50293 286.5231 38.32619 24.03445  4.677814 4.614133
xbest 13.424868 260.0234 0.2389705 23.20401 285.1598 27.53625 24.70667  4.428544 5.503105
xbest  7.081648 391.6623 0.5688021 25.71280 286.5225 39.74985 29.89902  5.183781 2.000000
xbest 13.391340 272.8401 0.2406754 23.00101 285.2149 27.14155 24.71177  4.402454 4.369765
xbest 13.623676 257.7235 0.2002404 23.05304 285.2378 26.72328 24.76497  4.325872 4.507835
xbest 10.484184 263.8686 0.2637285 23.21086 286.4669 39.85644 29.07569  5.451538 4.902664
xbest 15.892461 186.0609 0.1259015 25.10417 286.4813 38.97847 30.32989  5.787671 3.678494
xbest 15.892461 186.0609 0.1652765 25.10417 286.4813 38.97847 30.28927  5.788452 3.615994
xbest  5.000000 201.2473 1.0000000 24.29687 284.0000 48.00000 24.57149 10.000000 5.263458
xbest  5.000000 179.2824 1.0000000 24.06433 284.0000 48.00000 24.00000 10.000000 7.722077
xbest  5.000000 269.2020 1.0000000 15.00000 284.0000 48.00000 24.00000 10.000000 9.397269
xbest  5.209934 272.1694 1.0000000 15.79727 284.0000 47.86789 27.43184  9.994591 9.328530
xbest  5.014424 272.0103 1.0000000 15.00000 284.0000 48.00000 26.63777 10.000000 9.783270
xbest  5.000000 271.8541 0.9985938 15.00000 284.0000 47.97500 26.63777 10.000000 9.795770
xbest  5.258574 219.1025 1.0000000 28.04973 284.0000 47.93952 26.62031 10.000000 2.000000
xbest  5.000000 219.1025 0.6400000 28.04973 284.0000 47.93952 26.62031 10.000000 2.043750
xbest  5.199875 192.6544 0.8366720 27.55408 284.0000 45.09160 26.65372  6.822922 4.699977
xbest  5.106125 192.6544 0.8113595 28.30408 284.0000 45.19160 26.65372  6.822922 4.668727
xbest  5.167884 192.5590 0.9580205 27.64405 284.0020 44.92140 26.59833  9.998907 4.396740
xbest  5.165136 193.8090 0.8841982 27.64405 284.0020 44.92140 26.59833 10.000000 4.384240
xbest  5.001758 188.0586 0.9795692 28.20723 284.0008 44.91910 26.58044  9.999849 4.697203
xbest  5.000000 188.0586 0.9325000 28.20869 284.0008 44.91910 26.58044  9.999849 4.697203
xbest  5.000000 188.0586 0.9100000 28.20283 284.0008 44.91910 26.58044  9.999849 4.672203
         [,10]
xbest 2.846579
xbest 3.101590
xbest 3.110978
xbest 3.256725
xbest 3.221630
xbest 4.048995
xbest 3.269760
xbest 3.193276
xbest 3.977124
xbest 3.291047
xbest 3.267297
xbest 3.432180
xbest 3.522068
xbest 3.587230
xbest 3.484344
xbest 3.438771
xbest 3.438771
xbest 3.436793
xbest 3.436793
xbest 2.829230
xbest 2.823293
xbest 3.594781
xbest 3.606656
xbest 3.600673
xbest 3.600673
xbest 3.600673

$time
elapsed elapsed elapsed elapsed elapsed elapsed elapsed elapsed elapsed elapsed elapsed elapsed 
   1.75    4.23    6.00    8.29   10.37   12.54   16.73   20.98   23.11   27.54   31.46   39.23 
elapsed elapsed elapsed elapsed elapsed elapsed elapsed elapsed elapsed elapsed elapsed elapsed 
  41.15   45.04   46.96   53.12   57.03  104.75  106.65  169.01  171.98  207.61  209.90  300.46 
elapsed elapsed 
 301.81  523.56 

$neval
 [1]   106   271   390   533   670   809   944  1220  1358  1635  1910  2454  2592  2862  2996
[16]  3133  3361  6199  6310  9833  9949 11976 12108 17332 17416 30102

$fbest
[1] 1073.938

$xbest
 [1]   5.000000 188.058617   0.910000  28.202834 284.000782  44.919098  26.580440   9.999849
 [9]   4.672203   3.600673

$numeval
[1] 30102

$end_crit
[1] 1

$cpu_time
elapsed 
 523.56 

$Refset
$Refset$x
          [,1]     [,2]      [,3]     [,4]     [,5]     [,6]     [,7]     [,8]     [,9]    [,10]
 [1,] 5.000687 187.6073 0.8795000 28.23146 284.0010 45.00535 26.56619 9.999638 4.664357 3.644171
 [2,] 5.000636 187.5803 0.8756472 28.24614 284.0010 45.00862 26.59458 9.999905 4.650247 3.640342
 [3,] 5.000731 187.7595 0.8806609 28.24875 284.0008 45.00860 26.59290 9.999907 4.647731 3.640724
 [4,] 5.000004 187.8431 0.8860518 28.24392 284.0009 45.01239 26.59815 9.999909 4.654655 3.640475
 [5,] 5.001160 187.9445 0.8841283 28.23119 284.0017 45.01004 26.60091 9.999915 4.654919 3.640817
 [6,] 5.000799 187.8144 0.8825847 28.24711 284.0009 45.01008 26.59520 9.999907 4.649113 3.641255
 [7,] 5.000679 187.8966 0.9033108 28.25021 284.0008 45.00826 26.59591 9.999913 4.648512 3.611659
 [8,] 5.000396 187.8923 0.9031251 28.25039 284.0009 45.00132 26.59544 9.999912 4.648747 3.611140
 [9,] 5.000532 187.8947 0.9031998 28.25033 284.0008 45.00619 26.59568 9.999913 4.648619 3.611464
[10,] 5.003768 187.6607 0.9003393 28.24647 284.0015 45.00659 26.59557 9.999913 4.653927 3.611265
[11,] 5.000088 187.7254 0.8943343 28.10138 284.0006 45.01044 26.59221 9.999907 4.730608 3.640747
[12,] 5.049751 186.7172 0.8801953 28.29816 284.0003 45.02194 26.58284 9.999992 4.645607 3.635462

$Refset$f
 [1] 1095.345 1095.438 1095.543 1096.399 1096.399 1096.399 1100.385 1100.385 1100.385 1100.385
[11] 1096.405 1118.080

$Refset$fpen
 [1] 1095.345 1095.438 1095.543 1096.399 1096.399 1096.399 1100.385 1100.385 1100.385 1100.385
[11] 1096.405 1118.080

$Refset$const
          [,1]     [,2]     [,3]     [,4]     [,5]
 [1,] 23.56710 31.33564 7.768543 1.747816 2.020707
 [2,] 23.59589 31.34975 7.753861 1.748210 2.021928
 [3,] 23.60102 31.35227 7.751247 1.748201 2.021841
 [4,] 23.58927 31.34534 7.756076 1.748233 2.021988
 [5,] 23.57627 31.34508 7.768810 1.748230 2.022220
 [6,] 23.59800 31.35089 7.752887 1.748213 2.021912
 [7,] 23.60170 31.35149 7.749791 1.748249 2.021989
 [8,] 23.60164 31.35125 7.749609 1.748290 2.022165
 [9,] 23.60172 31.35138 7.749665 1.748260 2.022037
[10,] 23.59254 31.34607 7.753535 1.748199 2.022056
[11,] 23.37078 31.26939 7.898615 1.748188 2.021751
[12,] 23.65255 31.35439 7.701841 1.747970 2.020991

$Refset$penalty
 [1] 0 0 0 0 0 0 0 0 0 0 0 0


