$f
 [1] 3189.8142 1951.5955 1149.2344  931.4635  890.6962  773.4531  705.8281  689.1806  672.1163
[10]  665.8247  659.6771  657.0208  654.9306  645.6597  645.3594  641.3663  639.9132  637.1771
[19]  632.4948  632.1354  630.7465  629.5069  625.8646  618.6649  614.8681  613.6458  613.4497
[28]  612.7812  611.9705  611.7465  611.3889  611.3194  611.1319  611.1042  610.6580  610.4444
[37]  610.4444

$x
           [,1]     [,2]      [,3]     [,4]     [,5]     [,6]     [,7]     [,8]     [,9]
xbest 14.500372 130.5541 0.6466343 15.94530 285.6896 41.71755 34.56173 4.437728 3.168068
xbest  5.000000 191.4751 0.6345563 29.50323 285.7346 40.73190 38.18720 7.400393 3.521923
xbest  5.000000 152.1739 0.2910929 29.49995 285.7333 40.03308 38.09618 8.071214 3.102715
xbest  6.073832 143.8013 0.2876811 29.79266 285.5962 42.56719 32.56721 6.978774 3.719555
xbest  6.983862 173.9327 0.2821898 25.10261 285.7125 43.72801 33.12102 7.056221 3.615126
xbest  6.983862 176.4327 0.3271898 25.05574 285.7125 43.52801 33.16165 7.006221 3.615126
xbest  7.137736 153.6558 0.2985198 26.24965 285.6250 42.74933 32.54063 7.022993 4.018618
xbest  7.137736 153.6558 0.3199651 26.24974 285.6273 42.74933 32.54063 7.022993 3.999868
xbest  7.264990 151.8757 0.2969286 25.53344 285.6199 42.73022 32.69103 7.036094 4.102535
xbest  7.313936 152.0087 0.2957298 25.32912 285.6209 42.73171 32.66715 7.040240 4.156301
xbest  7.314325 151.4972 0.2946147 25.57108 285.6196 42.70976 32.71335 7.036783 4.202743
xbest  7.381543 151.7124 0.2949965 25.32472 285.6267 42.70797 32.74739 7.034176 4.325120
xbest  7.375684 151.7124 0.2949965 25.32472 285.6267 42.70797 32.74739 7.034176 4.331370
xbest  7.275655 147.2624 0.3101000 26.14705 285.6204 42.83079 32.63644 7.048605 4.043187
xbest  7.275655 147.2624 0.3101000 26.14705 285.6204 42.83079 32.63644 7.048605 4.046312
xbest  7.199855 148.7851 0.2992048 26.12003 285.6200 42.82252 32.57523 7.044717 4.166144
xbest  7.165047 148.7922 0.3005333 26.15860 285.6144 42.82449 32.44970 7.050816 4.164340
xbest  7.159188 148.7922 0.3005333 26.15860 285.6144 42.82449 32.49032 7.050816 4.164340
xbest  7.225500 149.2987 0.2944635 26.01092 285.5934 42.75503 32.51091 7.045792 4.198390
xbest  7.225500 149.2987 0.2944635 26.01092 285.5934 42.75503 32.51091 7.045792 4.198390
xbest  7.173037 150.7446 0.3002662 25.98529 285.5849 42.73392 32.55680 7.048960 4.195521
xbest  7.175967 150.8227 0.3002662 25.98821 285.5849 42.73392 32.55680 7.049351 4.196303
xbest  7.170000 150.8105 0.3055335 25.93932 285.5756 42.71638 32.54679 7.052160 4.197610
xbest  7.193438 150.8105 0.3076428 25.93932 285.5756 42.74138 32.54679 7.052160 4.197610
xbest  7.171684 150.8081 0.2957667 25.92381 285.5787 42.73309 32.58432 7.050269 4.205387
xbest  7.171684 150.8081 0.2957667 25.92381 285.5787 42.73309 32.58432 7.050269 4.211637
xbest  7.144633 150.7701 0.2981791 25.97092 285.5779 42.72371 32.57819 7.051685 4.209584
xbest  7.114953 150.8079 0.2992310 25.98614 285.5776 42.72137 32.58412 7.052122 4.212195
xbest  7.114953 150.8079 0.2992310 25.98614 285.5776 42.72137 32.58412 7.052122 4.215320
xbest  7.131356 150.6793 0.2977656 25.98872 285.5780 42.72645 32.57694 7.049543 4.206350
xbest  7.128402 150.7431 0.2978719 25.98867 285.5779 42.72625 32.57571 7.049668 4.208362
xbest  7.129535 150.6794 0.2977963 26.00295 285.5780 42.72659 32.57817 7.049539 4.207419
xbest  7.128706 150.6139 0.2982741 25.98095 285.5786 42.72732 32.58033 7.049436 4.222221
xbest  7.131917 150.7408 0.2977536 26.00234 285.5778 42.72718 32.57616 7.049505 4.203556
xbest  7.135261 150.6960 0.2977981 25.98844 285.5780 42.72623 32.57594 7.049605 4.206392
xbest  7.134720 150.6923 0.2977784 25.98884 285.5780 42.72622 32.57641 7.049609 4.206791
xbest  7.134720 150.6923 0.2977784 25.98884 285.5780 42.72622 32.57641 7.049609 4.206791
         [,10]
xbest 1.815790
xbest 1.228291
xbest 1.228291
xbest 1.248382
xbest 1.450965
xbest 1.427215
xbest 1.254766
xbest 1.254766
xbest 1.251458
xbest 1.251052
xbest 1.247616
xbest 1.247639
xbest 1.247639
xbest 1.243577
xbest 1.243577
xbest 1.247158
xbest 1.247043
xbest 1.247043
xbest 1.252547
xbest 1.253289
xbest 1.253051
xbest 1.253051
xbest 1.253040
xbest 1.250813
xbest 1.252397
xbest 1.252397
xbest 1.251063
xbest 1.249882
xbest 1.249882
xbest 1.253790
xbest 1.253053
xbest 1.253781
xbest 1.253580
xbest 1.253788
xbest 1.253454
xbest 1.253562
xbest 1.253562

$time
elapsed elapsed elapsed elapsed elapsed elapsed elapsed elapsed elapsed elapsed elapsed elapsed 
   1.24    3.10    4.94   10.00   21.52   22.77   39.33   40.52   47.42   49.02   50.67   55.50 
elapsed elapsed elapsed elapsed elapsed elapsed elapsed elapsed elapsed elapsed elapsed elapsed 
  58.03   73.22   75.71   88.17   89.91   94.49  108.69  112.92  121.71  129.24  140.97  145.03 
elapsed elapsed elapsed elapsed elapsed elapsed elapsed elapsed elapsed elapsed elapsed elapsed 
 161.17  163.77  178.24  181.64  182.49  189.47  193.00  194.75  196.41  199.77  202.22  209.30 
elapsed 
 366.74 

$neval
 [1]   106   265   425   852  1827  1932  3286  3387  3928  4064  4200  4609  4821  6023  6232
[16]  7177  7314  7669  8792  9137  9961 10599 11694 12063 13298 13508 14613 14889 14962 15515
[31] 15797 15938 16074 16351 16557 17106 30056

$fbest
[1] 610.4444

$xbest
 [1]   7.1347202 150.6922934   0.2977784  25.9888359 285.5779821  42.7262209  32.5764135
 [8]   7.0496090   4.2067908   1.2535616

$numeval
[1] 30056

$end_crit
[1] 1

$cpu_time
elapsed 
 366.74 

$Refset
$Refset$x
           [,1]     [,2]      [,3]     [,4]     [,5]     [,6]     [,7]     [,8]     [,9]
 [1,] 20.851080 453.5884 0.5816691 28.26003 284.2987 46.14420 28.72815 3.587207 2.296960
 [2,] 10.751318 344.7306 0.5646728 21.21146 285.1270 39.46147 39.56380 3.679203 8.630507
 [3,]  7.135513 150.6457 0.2978998 25.98994 285.5779 42.72646 32.57495 7.049612 4.207123
 [4,]  7.136231 150.5258 0.2977410 26.00147 285.5780 42.72851 32.57591 7.049619 4.206466
 [5,]  7.134105 150.7072 0.2979321 25.98956 285.5780 42.72541 32.57468 7.049590 4.205542
 [6,]  7.134679 150.6539 0.2980153 25.99179 285.5779 42.72758 32.57538 7.049631 4.206146
 [7,]  7.135515 150.6211 0.2979133 25.99111 285.5778 42.72699 32.57453 7.049616 4.207423
 [8,]  7.135932 150.6837 0.2977777 25.98709 285.5779 42.72678 32.57434 7.049716 4.206049
 [9,]  7.136340 150.6850 0.2978720 25.98604 285.5779 42.72651 32.57417 7.049635 4.206197
[10,]  7.090526 153.2073 0.2939029 25.82108 285.5776 42.71480 32.57319 7.059428 4.336996
[11,]  9.687861 205.3228 0.3319158 24.13174 285.0974 38.59257 29.32470 6.166314 4.936306
[12,]  8.934759 156.8399 0.2830101 26.47690 285.8725 48.00000 32.50761 6.623327 2.964078
         [,10]
 [1,] 1.367567
 [2,] 4.356719
 [3,] 1.253479
 [4,] 1.253466
 [5,] 1.253439
 [6,] 1.253393
 [7,] 1.253479
 [8,] 1.253406
 [9,] 1.253461
[10,] 1.445356
[11,] 3.469692
[12,] 1.666325

$Refset$f
 [1] 217105.6806  34654.8090    610.4444    610.4444    610.4444    610.4444    610.4444
 [8]    610.4444    610.6580    754.2344   3895.1545   2039.6094

$Refset$fpen
 [1] 217105.6806  81711.7412    610.4444    610.4444    610.4444    610.4444    610.4444
 [8]    610.4444    610.6580    754.2344   3895.1545   2039.6094

$Refset$const
          [,1]     [,2]      [,3]     [,4]     [,5]
 [1,] 25.96307 33.70304  7.739971 1.740649 2.108936
 [2,] 12.58095 27.36949 14.788540 1.671554 3.547057
 [3,] 21.78282 31.79288 10.010059 1.631835 2.663857
 [4,] 21.79501 31.79353  9.998528 1.631815 2.663852
 [5,] 21.78402 31.79446 10.010442 1.631823 2.663917
 [6,] 21.78564 31.79385 10.008214 1.631826 2.663845
 [7,] 21.78369 31.79258 10.008886 1.631849 2.663769
 [8,] 21.78104 31.79395 10.012912 1.631829 2.663806
 [9,] 21.77984 31.79380 10.013964 1.631828 2.663811
[10,] 21.48409 31.66300 10.178918 1.631870 2.664297
[11,] 19.19543 31.06369 11.868261 1.691926 2.555174
[12,] 23.51282 33.03592  9.523102 1.599025 2.490537

$Refset$penalty
 [1] 0.00000000 0.04705693 0.00000000 0.00000000 0.00000000 0.00000000 0.00000000 0.00000000
 [9] 0.00000000 0.00000000 0.00000000 0.00000000


