$f
 [1] 3902.087 2559.639 1582.898 1565.573 1560.207 1548.707 1544.297 1531.127 1523.634 1519.394
[11] 1518.665 1515.583 1515.516 1512.729 1511.056 1510.189 1508.835 1507.370 1505.717 1502.863
[21] 1501.385 1501.090 1500.050 1499.802 1499.188 1498.653 1498.474 1497.878 1497.698 1497.698

$x
           [,1]     [,2]      [,3]     [,4]     [,5]     [,6]     [,7]     [,8]     [,9]
xbest 20.962796 131.3555 0.1718776 16.88642 284.5072 32.43639 24.62996 4.941451 3.304564
xbest  8.938527 475.2570 0.9876429 17.26809 286.5524 32.02399 25.12939 6.444722 5.505944
xbest  9.150202 435.2570 0.5367476 17.26809 286.5524 37.17524 24.02293 6.563800 3.131712
xbest  9.385190 488.5598 0.5336179 15.00000 286.5507 37.06569 24.02466 6.522264 3.112376
xbest 10.320147 500.0000 0.9202930 15.33635 286.5468 37.08557 24.00000 6.496609 2.551013
xbest 10.297964 474.5638 0.8755761 15.49846 286.5462 36.86982 24.07701 6.495631 2.757152
xbest 10.116013 464.7667 0.7690990 15.37869 286.5829 36.98582 24.06681 6.516171 3.301840
xbest 10.116013 464.7667 0.8396140 15.37869 286.5829 36.98582 24.00004 6.516183 3.316015
xbest 10.099784 493.2356 0.7629879 15.42966 286.5415 37.06083 24.01329 6.559824 2.281762
xbest 10.099784 493.2356 0.7643942 15.42966 286.5415 37.08583 24.01329 6.553574 2.294262
xbest 10.141253 493.5097 0.7448290 15.57979 286.5378 37.07032 24.00045 6.573472 2.000000
xbest 10.141253 493.5097 0.7673290 15.57979 286.5378 37.07032 24.00045 6.573472 2.000000
xbest 10.142352 490.9515 0.7658351 15.71658 286.5369 37.06658 24.00027 6.551458 2.000000
xbest 10.142802 492.0154 0.7803241 15.74012 286.5360 37.06588 24.00028 6.553605 2.000000
xbest 10.037105 487.7838 0.7361204 15.73510 286.5367 36.99534 24.05626 6.563235 2.151022
xbest 10.112171 492.1132 0.7842651 15.74035 286.5362 37.08477 24.00000 6.556984 2.019953
xbest 10.096148 491.1191 0.7687474 15.74918 286.5360 37.08219 24.02445 6.569705 2.023647
xbest 10.092946 490.5529 0.7643358 15.75797 286.5359 37.07570 24.02568 6.569284 2.027297
xbest 10.082726 485.5488 0.7598620 15.94131 286.5374 37.07622 24.01895 6.568322 2.031534
xbest 10.071008 485.5488 0.7377136 15.94131 286.5374 37.07622 24.01895 6.568322 2.031534
xbest 10.084810 485.5745 0.7557685 15.94200 286.5376 37.08673 24.02176 6.568455 2.031787
xbest 10.087021 485.7430 0.7817208 15.97242 286.5376 37.08053 24.01541 6.568267 2.030120
xbest 10.087021 485.7234 0.7817208 15.97242 286.5376 37.08053 24.01541 6.568267 2.030120
xbest 10.106129 489.1935 0.9398863 15.99038 286.5374 37.09969 24.01965 6.569280 2.036836
xbest 10.106129 489.1935 0.9398863 15.99038 286.5374 37.09969 24.01965 6.569280 2.043086
xbest 10.109604 488.3895 0.9110613 15.99072 286.5374 37.10273 24.01866 6.569221 2.037027
xbest 10.113658 488.9548 0.9481000 16.01551 286.5372 37.11231 24.01731 6.569279 2.037496
xbest 10.117863 489.0082 0.9578430 16.01470 286.5372 37.11218 24.01788 6.569148 2.038104
xbest 10.114125 489.0031 0.9604958 16.00428 286.5369 37.10741 24.01475 6.569183 2.031149
xbest 10.114125 489.0031 0.9604958 16.00428 286.5369 37.10741 24.01475 6.569183 2.031149
         [,10]
xbest 3.759128
xbest 4.421372
xbest 2.472725
xbest 2.591249
xbest 2.946174
xbest 2.698922
xbest 2.698516
xbest 2.650647
xbest 2.571566
xbest 2.583441
xbest 2.577260
xbest 2.575776
xbest 2.576929
xbest 2.576940
xbest 2.600872
xbest 2.574005
xbest 2.619025
xbest 2.633782
xbest 2.625714
xbest 2.625714
xbest 2.633306
xbest 2.618278
xbest 2.618278
xbest 2.633787
xbest 2.633787
xbest 2.633937
xbest 2.634154
xbest 2.637455
xbest 2.638588
xbest 2.638588

$time
elapsed elapsed elapsed elapsed elapsed elapsed elapsed elapsed elapsed elapsed elapsed elapsed 
   1.48    4.17    7.50   21.97   23.92   25.87   28.04   30.06   62.45   63.83   92.33   93.48 
elapsed elapsed elapsed elapsed elapsed elapsed elapsed elapsed elapsed elapsed elapsed elapsed 
  97.42  101.28  108.97  110.95  130.61  133.42  135.50  136.70  155.40  178.79  179.81  200.26 
elapsed elapsed elapsed elapsed elapsed elapsed 
 201.28  207.97  209.98  226.11  313.61  447.59 

$neval
 [1]   106   266   495  1501  1638  1774  1912  2044  4212  4309  6193  6271  6543  6812  7350
[16]  7486  8776  8913  9050  9135 10364 11932 12006 13380 13453 13858 13996 15132 21096 30136

$fbest
[1] 1497.698

$xbest
 [1]  10.1141247 489.0031017   0.9604958  16.0042815 286.5368663  37.1074094  24.0147474
 [8]   6.5691829   2.0311489   2.6385884

$numeval
[1] 30136

$end_crit
[1] 1

$cpu_time
elapsed 
 447.59 

$Refset
$Refset$x
          [,1]     [,2]      [,3]     [,4]     [,5]     [,6]     [,7]     [,8]     [,9]    [,10]
 [1,] 10.11463 488.8727 0.9580064 16.00527 286.5381 37.10711 24.02097 6.569205 2.031612 2.635830
 [2,] 10.11294 488.9501 0.9585911 16.01102 286.5378 37.10735 24.02036 6.569225 2.025913 2.636111
 [3,] 10.11306 488.9289 0.9585948 16.01200 286.5377 37.10735 24.02004 6.569213 2.025913 2.632314
 [4,] 10.11354 488.9663 0.9588703 16.00520 286.5379 37.10765 24.02060 6.569215 2.030433 2.634756
 [5,] 10.11730 489.0231 0.9573503 16.01403 286.5374 37.11261 24.02376 6.569138 2.038495 2.636043
 [6,] 10.11729 489.0214 0.9573505 16.01411 286.5374 37.11254 24.02376 6.569138 2.038496 2.636045
 [7,] 10.11343 488.6728 0.9586565 16.02283 286.5379 37.11192 24.02058 6.569222 2.029305 2.633322
 [8,] 10.11596 490.1388 0.9527154 15.94973 286.5505 37.19140 24.00000 6.573884 2.025042 2.620494
 [9,] 10.13723 487.7129 0.9582936 16.04021 286.5382 37.09777 24.02063 6.568519 2.031417 2.634249
[10,] 10.12184 489.6753 0.9618583 16.00560 286.5381 37.07607 24.02063 6.567697 2.028012 2.635999
[11,] 10.46610 481.0991 0.8761165 15.76583 286.5894 36.99258 24.02094 6.510616 2.028246 2.667860
[12,] 10.14552 466.2256 0.9588518 16.00662 286.5379 37.27461 24.00000 6.548360 2.000000 2.619778

$Refset$f
 [1] 1497.698 1497.698 1497.698 1497.698 1497.878 1497.878 1499.262 1505.884 1501.245 1499.285
[11] 1531.701 1758.575

$Refset$fpen
 [1] 1497.698 1497.698 1497.698 1497.698 1497.878 1497.878 1499.262 1505.884 1501.245 1499.285
[11] 1531.701 1758.575

$Refset$const
          [,1]     [,2]     [,3]     [,4]     [,5]
 [1,] 13.97366 33.96839 19.99473 1.529535 2.610096
 [2,] 13.98511 33.97409 19.98898 1.529572 2.609923
 [3,] 13.98609 33.97409 19.98800 1.529583 2.609863
 [4,] 13.97477 33.96957 19.99480 1.529563 2.609956
 [5,] 13.97554 33.96150 19.98597 1.529617 2.609773
 [6,] 13.97562 33.96150 19.98589 1.529616 2.609777
 [7,] 13.99353 33.97069 19.97717 1.529566 2.609756
 [8,] 13.92469 33.97496 20.05027 1.528410 2.608696
 [9,] 14.00879 33.96858 19.95979 1.529504 2.610590
[10,] 13.97759 33.97199 19.99440 1.529484 2.611618
[11,] 13.73758 33.97175 20.23417 1.523810 2.634400
[12,] 14.00662 34.00000 19.99338 1.529897 2.600101

$Refset$penalty
 [1] 0 0 0 0 0 0 0 0 0 0 0 0


