$f
 [1] 1794.4410 1582.6840 1487.4948 1478.5226 1316.9583 1125.2014 1004.7726 1003.0365  823.6753
[10]  804.4948  698.4618  679.9896  669.7552  631.3524  599.5434  556.3819  554.4115  542.2552
[19]  531.5399  519.3906  519.3125  518.4826  518.3715  518.0990  518.0191  517.6389  517.6389

$x
           [,1]     [,2]      [,3]     [,4]     [,5]     [,6]     [,7]     [,8]     [,9]
xbest  5.307459 268.6193 0.2618906 18.53908 285.7553 40.18691 35.56503 8.055022 6.557733
xbest 13.822303 224.6110 0.8279712 16.80147 286.3777 44.38059 24.00000 5.603864 7.604250
xbest 13.822303 223.7291 0.9968381 16.80147 286.3777 44.36177 24.07078 5.703864 7.566620
xbest 11.614629 189.4084 0.7957356 16.21928 286.1321 48.00000 24.00000 6.805545 8.275645
xbest 17.149656 142.5142 1.0000000 16.56427 286.5832 46.40763 24.00060 4.410843 8.390126
xbest  9.599702 227.7434 0.4872802 22.10485 286.7257 47.87088 24.73602 7.480389 4.669412
xbest  8.948787 210.0315 0.4334468 23.70336 286.7351 45.75847 24.93588 7.514578 4.194657
xbest 11.961384 180.6755 0.7548859 17.80323 286.6230 47.19727 24.51680 6.704033 7.615066
xbest  9.047872 197.0969 0.4128137 23.66917 286.7388 47.87867 24.71733 7.513736 4.309995
xbest  9.937065 218.9035 0.6515142 22.64292 286.5370 47.01843 25.08110 7.534167 4.103064
xbest  9.112526 228.0593 0.5327911 21.98322 286.5709 47.90393 26.24978 7.474770 3.767234
xbest  9.152475 222.4064 0.5637335 22.50153 286.3885 47.16289 25.56235 7.567407 4.067195
xbest  9.152086 222.3522 0.5136431 22.67891 286.3978 47.25549 25.62580 7.560234 4.016367
xbest  9.152363 222.3660 0.6209063 22.52964 286.3958 47.13880 25.70026 7.561906 4.073824
xbest  9.163562 220.6319 0.6535538 22.59967 286.3972 47.12313 25.72119 7.553323 4.066286
xbest  9.163562 220.6319 0.6746475 22.22467 286.3972 47.12313 25.72119 7.553323 4.066286
xbest  9.204937 220.6387 0.5804538 21.88310 286.4130 47.16836 25.78658 7.561102 4.057881
xbest  9.251812 220.6387 0.5593601 21.88310 286.4130 47.16836 25.78658 7.561102 4.070381
xbest  9.166269 226.8280 0.6276586 21.77272 286.4090 47.33124 25.91854 7.571223 3.895751
xbest  9.166269 226.8280 0.6501586 21.77272 286.4090 47.33124 25.91854 7.571223 3.889501
xbest  9.157177 227.5634 0.6629463 21.82492 286.4067 47.31153 25.90873 7.574075 3.822521
xbest  9.157177 227.5243 0.6629463 21.82346 286.4067 47.30840 25.90873 7.574075 3.825646
xbest  9.155888 227.5375 0.6604117 21.82611 286.4067 47.30966 25.91053 7.574107 3.823051
xbest  9.155983 227.5375 0.6602950 21.82567 286.4067 47.30965 25.91053 7.574107 3.822894
xbest  9.150518 227.6299 0.6612303 21.82730 286.4074 47.32960 25.90533 7.574539 3.823378
xbest  9.147588 227.7080 0.6612303 21.82730 286.4074 47.32960 25.90533 7.574539 3.823378
xbest  9.147588 227.7080 0.6612303 21.82730 286.4074 47.32960 25.90533 7.574539 3.823378
         [,10]
xbest 1.784372
xbest 2.692445
xbest 2.978433
xbest 2.312210
xbest 4.162857
xbest 1.476353
xbest 1.729245
xbest 1.476931
xbest 1.668751
xbest 1.805759
xbest 1.463359
xbest 1.836227
xbest 1.765638
xbest 1.766195
xbest 1.778804
xbest 1.772866
xbest 1.757054
xbest 1.757054
xbest 1.740761
xbest 1.740761
xbest 1.730665
xbest 1.730665
xbest 1.730575
xbest 1.730541
xbest 1.730456
xbest 1.730456
xbest 1.730456

$time
elapsed elapsed elapsed elapsed elapsed elapsed elapsed elapsed elapsed elapsed elapsed elapsed 
   1.27    3.47    6.69    8.64   10.58   12.50   16.44   20.85   22.67   29.03   32.64   34.45 
elapsed elapsed elapsed elapsed elapsed elapsed elapsed elapsed elapsed elapsed elapsed elapsed 
  36.25   39.83   41.67   47.28   93.16   94.31  120.30  121.31  160.52  161.67  204.17  214.63 
elapsed elapsed elapsed 
 330.56  331.60  407.78 

$neval
 [1]   106   265   399   544   686   822  1100  1380  1519  2006  2281  2418  2555  2829  2967
[16]  3331  6726  6817  8723  8801 11676 11766 15023 15777 24403 24482 30071

$fbest
[1] 517.6389

$xbest
 [1]   9.1475885 227.7080391   0.6612303  21.8273023 286.4074155  47.3296019  25.9053267
 [8]   7.5745389   3.8233780   1.7304557

$numeval
[1] 30071

$end_crit
[1] 1

$cpu_time
elapsed 
 407.78 

$Refset
$Refset$x
          [,1]     [,2]      [,3]     [,4]     [,5]     [,6]     [,7]     [,8]     [,9]    [,10]
 [1,] 9.154046 227.5823 0.6609464 21.82753 286.4065 47.30908 25.90972 7.574448 3.820903 1.730418
 [2,] 9.154142 227.5799 0.6610949 21.82756 286.4065 47.30895 25.90893 7.574444 3.820954 1.730357
 [3,] 9.154462 227.6027 0.6610844 21.82068 286.4065 47.31098 25.90927 7.574344 3.824931 1.730451
 [4,] 9.154356 227.5756 0.6610068 21.82765 286.4065 47.30788 25.90985 7.574444 3.820312 1.730348
 [5,] 9.153092 227.6059 0.6612423 21.82734 286.4065 47.30929 25.90898 7.574558 3.821205 1.730280
 [6,] 9.154116 227.5809 0.6608715 21.82692 286.4065 47.31035 25.90971 7.574479 3.820788 1.730372
 [7,] 9.154730 227.6098 0.6613962 21.81952 286.4065 47.31027 25.90770 7.574315 3.825386 1.730411
 [8,] 9.154706 227.5946 0.6610827 21.82320 286.4065 47.31076 25.90928 7.574386 3.822781 1.730389
 [9,] 9.153842 227.6085 0.6614228 21.82785 286.4064 47.30951 25.90756 7.574364 3.820899 1.730433
[10,] 9.157514 227.5537 0.6584467 21.82875 286.4071 47.30951 25.91311 7.574106 3.812016 1.730513
[11,] 9.156559 227.6006 0.6594573 21.83210 286.4065 47.30667 25.90887 7.574272 3.811859 1.730583
[12,] 9.148854 227.6692 0.6626023 21.80480 286.4064 47.30531 25.90545 7.574319 3.840055 1.730708

$Refset$f
 [1] 518.0990 518.0990 518.0990 518.0990 518.0990 518.0990 518.0990 518.0990 518.0990 518.5590
[11] 519.2587 518.6701

$Refset$fpen
 [1] 518.0990 518.0990 518.0990 518.0990 518.0990 518.0990 518.0990 518.0990 518.0990 518.5590
[11] 519.2587 518.6701

$Refset$const
          [,1]     [,2]     [,3]     [,4]     [,5]
 [1,] 18.00662 32.17910 14.17247 1.547033 2.306793
 [2,] 18.00661 32.17905 14.17244 1.547032 2.306759
 [3,] 17.99575 32.17507 14.17932 1.547028 2.306731
 [4,] 18.00733 32.17969 14.17235 1.547037 2.306819
 [5,] 18.00614 32.17880 14.17266 1.547034 2.306746
 [6,] 18.00614 32.17921 14.17308 1.547034 2.306752
 [7,] 17.99413 32.17461 14.18048 1.547034 2.306652
 [8,] 18.00042 32.17722 14.17680 1.547031 2.306729
 [9,] 18.00695 32.17910 14.17215 1.547039 2.306650
[10,] 18.01674 32.18798 14.17125 1.546983 2.307123
[11,] 18.02024 32.18814 14.16790 1.547032 2.306822
[12,] 17.96474 32.15995 14.19520 1.547044 2.306641

$Refset$penalty
 [1] 0 0 0 0 0 0 0 0 0 0 0 0


