$f
 [1] 929.5885 665.4010 568.3108 523.2552 466.9670 455.4653 445.9844 427.4271 424.4236 423.1528
[11] 418.9635 413.2830 412.7535 412.3611 408.9549 408.4340 407.3993 407.2830 400.9566 400.7326
[21] 393.9722 393.3733

$x
          [,1]     [,2]      [,3]     [,4]     [,5]     [,6]     [,7]     [,8]     [,9]    [,10]
xbest 11.79132 261.0418 0.8496568 27.78017 286.5842 39.82274 25.35542 5.131048 4.494745 4.491641
xbest 12.65818 276.3941 0.9584007 28.50174 286.5344 40.45656 26.06196 6.379008 3.635334 4.725605
xbest 12.47068 276.3941 0.5256273 28.50174 286.5344 39.65656 26.06196 6.379008 3.654084 5.000000
xbest 13.92841 275.1929 0.7026650 27.94607 286.5481 35.14078 25.63813 5.688888 4.506732 4.838321
xbest 13.53955 272.5589 0.7011337 27.84316 286.5343 34.79722 26.06107 5.712528 4.495148 4.864530
xbest 12.84505 279.6615 0.7924918 27.82446 286.5149 35.64753 25.27748 5.957677 4.456442 5.000000
xbest 12.53848 282.9903 0.7742114 28.10232 286.5729 36.18657 24.27422 5.987462 4.481053 4.789660
xbest 12.93859 279.5873 0.7378589 28.31822 286.5166 33.87667 25.31625 5.912899 4.490982 5.000000
xbest 13.11434 280.5758 0.8104777 28.32523 286.4639 33.41272 25.85411 5.948335 4.445854 5.000000
xbest 13.12606 280.5758 0.8329777 28.32816 286.4639 33.41272 25.85411 5.948335 4.445854 5.000000
xbest 12.48629 283.1316 0.6052273 28.28661 286.6435 35.71629 24.00000 6.260035 4.202904 4.993503
xbest 12.53317 283.1316 0.6052273 28.28075 286.6458 35.61629 24.16250 6.260035 4.202904 4.993503
xbest 13.12360 282.0578 0.8783214 28.26235 286.5133 34.12996 24.83999 5.936907 4.437395 4.959602
xbest 13.12360 282.0578 0.8558214 28.26235 286.5133 34.12996 24.83999 5.936907 4.437395 4.959602
xbest 12.70823 282.6931 0.8551935 28.28764 286.6497 35.63408 24.16725 6.316864 4.389234 4.980524
xbest 12.70480 281.4245 0.8830624 28.28795 286.6503 35.63797 24.20043 6.332279 4.371288 4.975940
xbest 13.10158 278.4180 0.8104639 28.26646 286.4884 33.84155 25.23203 5.929227 4.540403 4.956371
xbest 13.10671 278.8240 0.7876160 28.21258 286.4879 33.83784 25.24978 5.929521 4.538247 4.962954
xbest 12.67400 286.3754 0.8685703 28.28810 286.6502 35.65143 24.15840 6.296425 4.307713 4.972861
xbest 12.65108 287.0862 0.8675746 28.28811 286.6502 35.65502 24.13923 6.272701 4.317096 4.971564
xbest 12.65108 287.0862 0.9575746 28.28811 286.6502 35.65502 24.13923 6.272701 4.317096 4.971564
xbest 12.65108 287.0862 0.9575746 28.28811 286.6502 35.65502 24.17986 6.272701 4.317096 4.971564

$time
elapsed elapsed elapsed elapsed elapsed elapsed elapsed elapsed elapsed elapsed elapsed elapsed 
   1.25    3.35    5.39    9.42   11.45   15.37   17.31   21.09   24.90   26.09   41.81   46.96 
elapsed elapsed elapsed elapsed elapsed elapsed elapsed elapsed elapsed elapsed 
  86.89   87.98   89.85   93.42   95.28  101.70  103.64  105.39  108.25  430.46 

$neval
 [1]   106   265   412   700   845  1125  1265  1539  1812  1897  2974  3346  5785  5863  6000
[16]  6267  6401  6805  6944  7080  7289 30027

$fbest
[1] 393.3733

$xbest
 [1]  12.6510822 287.0861601   0.9575746  28.2881070 286.6501701  35.6550167  24.1798572
 [8]   6.2727005   4.3170963   4.9715643

$numeval
[1] 30027

$end_crit
[1] 1

$cpu_time
elapsed 
 430.46 

$Refset
$Refset$x
          [,1]     [,2]      [,3]     [,4]     [,5]     [,6]     [,7]     [,8]     [,9]    [,10]
 [1,] 13.17716 276.8675 0.8216094 28.32421 286.4560 33.75224 25.23095 5.928308 4.524578 4.951248
 [2,] 13.17651 276.8773 0.8216076 28.32546 286.4563 33.75169 25.23099 5.928279 4.523984 4.951285
 [3,] 13.17598 276.8903 0.8216375 28.32530 286.4563 33.75540 25.23120 5.928310 4.523702 4.946417
 [4,] 31.16407 464.8871 0.2797714 15.40062 286.2844 44.54270 38.62014 4.796957 2.685313 2.055751
 [5,] 13.17863 276.8714 0.8216028 28.31975 286.4582 33.75591 25.23077 5.928327 4.526652 4.949970
 [6,] 13.17731 276.8573 0.8215670 28.32478 286.4569 33.75153 25.23075 5.927730 4.524915 4.935686
 [7,] 13.17635 276.8782 0.8216101 28.32501 286.4565 33.75529 25.23106 5.928187 4.524243 4.945231
 [8,] 13.17697 276.8719 0.8216219 28.32328 286.4562 33.75421 25.22986 5.928281 4.525402 4.948755
 [9,] 13.17101 276.8785 0.8201288 28.32491 286.4585 33.75462 25.23053 5.928325 4.526075 4.951915
[10,] 13.17351 276.9696 0.8285655 28.32531 286.4562 33.76135 25.19152 5.928330 4.523836 4.946272
[11,] 13.16363 277.0265 0.8216086 28.34379 286.4568 33.75523 25.22271 5.924628 4.511775 4.949772
[12,] 12.78638 269.7639 0.8370330 24.82009 286.4139 33.61514 25.33457 6.355237 6.627995 3.171066

$Refset$f
 [1]    402.9809    402.9809    402.9809 350146.7951    403.0833    403.0833    403.0833
 [8]    403.0833    403.2188    403.4878    404.5503    483.7674

$Refset$fpen
 [1]    402.9809    402.9809    402.9809 350146.7951    403.0833    403.0833    403.0833
 [8]    403.0833    403.2188    403.4878    404.5503    483.7674

$Refset$const
          [,1]     [,2]      [,3]     [,4]     [,5]
 [1,] 23.79964 31.47542  7.675787 1.526153 2.891408
 [2,] 23.80147 31.47602  7.674542 1.526110 2.891585
 [3,] 23.80160 31.47630  7.674702 1.526124 2.891320
 [4,] 12.71531 33.31469 20.599376 1.525656 3.278112
 [5,] 23.79310 31.47335  7.680250 1.525901 2.891974
 [6,] 23.79987 31.47509  7.675217 1.526040 2.891804
 [7,] 23.80077 31.47576  7.674990 1.526105 2.891379
 [8,] 23.79788 31.47460  7.676722 1.526139 2.891233
 [9,] 23.79884 31.47392  7.675089 1.525864 2.892158
[10,] 23.80148 31.47616  7.674688 1.526337 2.886857
[11,] 23.83201 31.48823  7.656211 1.526105 2.890666
[12,] 18.19209 29.37200 11.179912 1.530293 2.895923

$Refset$penalty
 [1] 0 0 0 0 0 0 0 0 0 0 0 0


