$f
 [1] 1352.3247 1090.5295  737.4792  725.3351  611.1736  504.0104  465.2674  449.9566  447.2760
[10]  393.2448  316.5156  295.3437  271.7517  269.9566  269.6406  260.8212  260.2274  256.6649
[19]  256.3229  255.9566  255.8819  255.8681  255.7031  255.4271  255.1719  255.1337  255.0139
[28]  254.9670  254.8524  254.8073  254.7257  254.6840  254.6476  254.6476

$x
           [,1]     [,2]      [,3]     [,4]     [,5]     [,6]     [,7]     [,8]     [,9]
xbest  8.196423 251.1096 0.5517512 27.98002 284.9482 43.00287 26.07850 4.731787 3.134039
xbest 20.312430 100.0000 0.1827453 28.46307 286.5615 47.75991 27.08612 3.543220 3.259019
xbest 20.312430 121.2115 0.1407666 28.47003 286.5439 46.80000 26.97886 3.728943 3.262097
xbest 20.499806 100.0000 0.1727431 30.00000 286.7100 47.86306 24.53164 3.382018 3.604032
xbest 20.257348 270.1618 0.1255134 20.58249 286.4577 33.47122 27.45838 3.824865 3.918990
xbest 18.716022 215.5253 0.1902575 24.01413 286.6882 39.21855 27.19734 3.742808 3.737180
xbest 20.035685 265.4438 0.1003966 22.07657 286.5751 35.62505 26.16614 3.293938 3.572142
xbest 20.048137 277.1478 0.1005894 21.39480 286.5757 35.48386 25.90866 2.756008 3.410103
xbest 20.052399 283.5809 0.1000000 21.20683 286.5753 35.48007 26.03793 2.711972 3.363142
xbest 19.435646 189.9915 0.1537264 25.93804 286.6685 37.58247 25.42829 5.067628 3.621048
xbest 19.435135 188.7415 0.1321053 25.93804 286.6463 35.98247 25.35212 5.067628 3.767923
xbest 19.528477 185.5185 0.1093242 24.73179 286.6276 35.52998 26.63199 6.327366 4.758205
xbest 19.528477 185.5185 0.1028125 24.68492 286.6276 35.52998 26.63199 6.327366 4.561330
xbest 18.655326 193.7212 0.1187463 23.40448 286.6280 35.69631 26.25314 6.340175 5.301193
xbest 17.659794 142.0189 0.1561200 29.75298 286.6613 35.90033 26.55680 5.199173 4.740594
xbest 17.612919 142.0189 0.1561200 29.75298 286.6613 35.90033 26.55680 5.211673 4.765594
xbest 17.722128 139.5279 0.1537485 29.32349 286.6447 35.97544 26.46911 5.292081 5.035061
xbest 17.722128 139.5279 0.1537485 29.32349 286.6465 35.97544 26.63161 5.292081 5.035061
xbest 17.702602 141.8742 0.1545345 29.24444 286.6396 36.01348 26.47325 5.293288 4.963588
xbest 17.768432 137.7619 0.1548591 29.39693 286.6483 36.02985 26.53922 5.291992 5.063135
xbest 17.770916 137.8582 0.1554500 29.38862 286.6505 35.97751 26.54660 5.287987 5.065407
xbest 17.759261 137.8598 0.1546791 29.39127 286.6483 36.02161 26.53263 5.291902 5.061946
xbest 17.766155 137.8189 0.1548727 29.39617 286.6483 36.03170 26.53602 5.291953 5.063013
xbest 17.766155 137.8189 0.1546969 29.39617 286.6676 36.03170 26.53602 5.291953 5.056763
xbest 17.740913 139.4238 0.1541163 29.30458 286.6480 36.01512 26.49613 5.293636 5.026190
xbest 17.766246 138.0862 0.1531494 29.38646 286.6489 36.00862 26.56031 5.295717 5.038085
xbest 17.771275 138.5366 0.1535444 29.37906 286.6488 36.01036 26.55451 5.295292 5.019075
xbest 17.761637 137.9650 0.1549520 29.39364 286.6485 36.02038 26.54334 5.292329 5.049151
xbest 17.761935 138.1056 0.1540277 29.38775 286.6486 36.02233 26.55729 5.294793 5.040416
xbest 17.762120 138.1186 0.1543045 29.38710 286.6486 36.02352 26.55362 5.295668 5.040755
xbest 17.761654 138.1472 0.1544971 29.38603 286.6486 36.02221 26.55211 5.293603 5.041728
xbest 17.764756 138.0938 0.1545809 29.38292 286.6487 36.01775 26.54965 5.293661 5.044586
xbest 17.765770 138.4852 0.1536042 29.38227 286.6488 36.01808 26.55475 5.295051 5.019772
xbest 17.765770 138.4852 0.1536042 29.38227 286.6488 36.01808 26.55475 5.295051 5.019772
         [,10]
xbest 2.733534
xbest 5.000000
xbest 5.000000
xbest 5.000000
xbest 3.387924
xbest 3.443175
xbest 5.000000
xbest 3.471787
xbest 3.594364
xbest 2.573035
xbest 2.558192
xbest 3.019327
xbest 3.025265
xbest 2.887215
xbest 1.766841
xbest 1.766841
xbest 1.933264
xbest 1.924358
xbest 1.931485
xbest 1.926337
xbest 1.926122
xbest 1.926542
xbest 1.926436
xbest 1.926436
xbest 1.927108
xbest 1.911582
xbest 1.914355
xbest 1.916174
xbest 1.915195
xbest 1.915442
xbest 1.915482
xbest 1.914505
xbest 1.914607
xbest 1.914607

$time
elapsed elapsed elapsed elapsed elapsed elapsed elapsed elapsed elapsed elapsed elapsed elapsed 
   1.33    3.39    6.00   10.02   12.02   15.91   20.61   22.52   24.47   26.49   28.69   50.47 
elapsed elapsed elapsed elapsed elapsed elapsed elapsed elapsed elapsed elapsed elapsed elapsed 
  52.00   85.74  165.10  166.27  308.11  309.35  336.85  340.49  346.21  348.19  350.16  359.89 
elapsed elapsed elapsed elapsed elapsed elapsed elapsed elapsed elapsed elapsed 
 368.96  372.61  380.85  388.91  394.46  401.46  408.55  414.38  418.10  429.21 

$neval
 [1]   106   262   453   742   885  1166  1446  1586  1726  1870  2030  3543  3656  5946 11442
[16] 11528 21648 21740 23660 23861 24267 24403 24541 25169 25838 26108 26715 27263 27673 28150
[31] 28566 28988 29262 30011

$fbest
[1] 254.6476

$xbest
 [1]  17.7657701 138.4852423   0.1536042  29.3822709 286.6487578  36.0180784  26.5547476
 [8]   5.2950507   5.0197725   1.9146068

$numeval
[1] 30011

$end_crit
[1] 1

$cpu_time
elapsed 
 429.21 

$Refset
$Refset$x
          [,1]     [,2]      [,3]     [,4]     [,5]     [,6]     [,7]     [,8]     [,9]    [,10]
 [1,] 17.76577 138.4852 0.1536042 29.38227 286.6488 36.01808 26.55475 5.295051 5.019772 1.914607
 [2,] 17.76122 138.1747 0.1543419 29.38558 286.6486 36.02331 26.54604 5.295165 5.039006 1.915457
 [3,] 17.76476 138.0938 0.1545809 29.38292 286.6487 36.01775 26.54965 5.293661 5.044586 1.914505
 [4,] 17.76543 138.0889 0.1545718 29.38663 286.6495 36.02282 26.54706 5.293265 5.043037 1.915410
 [5,] 17.76371 138.1043 0.1546782 29.38515 286.6487 36.01989 26.54928 5.293852 5.043560 1.915167
 [6,] 17.76165 138.1472 0.1544971 29.38603 286.6486 36.02221 26.55211 5.293603 5.041728 1.915482
 [7,] 17.76057 138.1779 0.1542417 29.38742 286.6485 36.02411 26.55532 5.296152 5.037711 1.915374
 [8,] 17.76154 138.1099 0.1546941 29.38937 286.6486 36.02067 26.54818 5.293790 5.042743 1.915896
 [9,] 17.76153 138.1073 0.1546227 29.39015 286.6485 36.02099 26.54771 5.293779 5.042267 1.915228
[10,] 17.76368 138.1160 0.1539784 29.38597 286.6486 36.01742 26.54961 5.293373 5.041133 1.915931
[11,] 17.72450 139.0653 0.1548470 29.32860 286.6484 36.02128 26.53041 5.293544 5.038350 1.923256
[12,] 17.76419 138.3144 0.1549041 29.37921 286.6486 36.02062 26.55060 5.288603 5.039093 1.914035

$Refset$f
 [1] 254.6476 254.6806 254.6840 254.6840 254.6840 254.7257 254.7257 254.7257 254.7257 254.7257
[11] 255.0486 259.1181

$Refset$fpen
 [1] 254.6476 254.6806 254.6840 254.6840 254.6840 254.7257 254.7257 254.7257 254.7257 254.7257
[11] 255.0486 259.1181

$Refset$const
          [,1]     [,2]     [,3]     [,4]     [,5]
 [1,] 24.36250 30.98023 6.617729 1.504656 2.935255
 [2,] 24.34658 30.96099 6.614416 1.504735 2.933987
 [3,] 24.33833 30.95541 6.617082 1.504684 2.934773
 [4,] 24.34359 30.95696 6.613369 1.504623 2.934494
 [5,] 24.34159 30.95644 6.614846 1.504696 2.934577
 [6,] 24.34430 30.95827 6.613970 1.504704 2.934638
 [7,] 24.34971 30.96229 6.612580 1.504705 2.934776
 [8,] 24.34663 30.95726 6.610627 1.504718 2.934368
 [9,] 24.34788 30.95773 6.609851 1.504727 2.934280
[10,] 24.34484 30.95887 6.614028 1.504700 2.934732
[11,] 24.29025 30.96165 6.671402 1.504830 2.932543
[12,] 24.34011 30.96091 6.620794 1.504708 2.934596

$Refset$penalty
 [1] 0 0 0 0 0 0 0 0 0 0 0 0


