$f
 [1] 864.2569 516.5295 355.4531 352.7830 334.6684 288.5764 282.6076 255.7118 246.4878 226.3073
[11] 226.2934

$x
          [,1]     [,2]      [,3]     [,4]     [,5]     [,6]     [,7]     [,8]     [,9]    [,10]
xbest 26.20080 102.9258 0.5819582 20.10826 286.3851 43.39439 26.27178 3.821076 3.014756 2.260911
xbest 16.16658 402.8452 0.1274782 17.35791 285.7365 28.87845 24.00000 6.389109 4.581842 1.412632
xbest 16.16847 362.8452 0.1254851 17.41194 285.7611 29.72999 24.10469 6.376224 4.765628 1.440003
xbest 18.81655 304.5954 0.5958991 18.62642 286.6732 38.55032 25.93555 4.021839 6.576271 5.000000
xbest 21.55201 251.8658 0.7378576 18.48975 286.5599 37.19687 24.00000 3.970282 6.776140 3.895429
xbest 19.19890 299.0806 0.6384524 17.46027 286.5308 39.53932 26.48220 6.771427 5.058285 3.042592
xbest 20.78332 287.1982 0.6556459 18.51674 286.7111 37.30782 24.62494 3.935093 5.956976 5.000000
xbest 20.24418 293.3991 0.6514174 18.71930 286.6638 39.05003 24.85175 3.793952 5.466759 3.315026
xbest 19.85939 297.6237 0.6513516 18.78683 286.6328 38.72722 24.99403 3.788504 5.524167 3.345550
xbest 20.41982 286.5979 0.7413516 18.78683 286.6328 38.72722 24.99403 3.788504 5.524167 3.363362
xbest 20.41689 286.5979 0.7413516 18.78683 286.6328 38.72722 24.99403 3.788504 5.524167 3.363362

$time
elapsed elapsed elapsed elapsed elapsed elapsed elapsed elapsed elapsed elapsed elapsed 
   1.47    4.23    7.09    9.65   14.79   17.31   22.06   24.48   26.89   33.76  543.87 

$neval
 [1]   106   260   422   568   849   994  1275  1415  1552  1951 30106

$fbest
[1] 226.2934

$xbest
 [1]  20.4168894 286.5979096   0.7413516  18.7868260 286.6328061  38.7272209  24.9940344
 [8]   3.7885044   5.5241670   3.3633624

$numeval
[1] 30106

$end_crit
[1] 1

$cpu_time
elapsed 
 543.87 

$Refset
$Refset$x
          [,1]     [,2]      [,3]     [,4]     [,5]     [,6]     [,7]     [,8]     [,9]    [,10]
 [1,] 20.60182 292.2575 0.7165176 18.70020 286.7329 38.79246 25.75844 3.963370 5.233470 4.119369
 [2,] 20.60183 292.2498 0.7170196 18.70197 286.7302 38.79205 25.74749 3.963494 5.231190 4.119561
 [3,] 20.59411 292.2802 0.7170984 18.70254 286.7324 38.78839 25.75904 3.962796 5.233417 4.119196
 [4,] 20.59307 292.0903 0.7142721 18.70818 286.7372 38.78805 25.81108 3.962848 5.236370 4.118615
 [5,] 20.60018 292.3015 0.7201229 18.70138 286.7310 38.79252 25.75899 3.963772 5.233417 4.119814
 [6,] 20.60192 292.3527 0.7149131 18.70623 286.7360 38.76502 25.75791 3.963614 5.231748 4.118891
 [7,] 20.60530 293.0437 0.7332320 18.68932 286.7259 38.73917 25.76265 3.960317 5.225893 4.122134
 [8,] 21.70473 425.8057 0.7092782 28.26437 284.2384 37.00740 35.60356 8.567573 7.895284 2.103174
 [9,] 20.60159 292.6240 0.7269151 18.68891 286.6986 38.74859 25.75857 3.966049 5.226395 4.120519
[10,] 20.60183 292.6404 0.7269940 18.68631 286.6986 38.74900 25.75767 3.966016 5.227067 4.122380
[11,] 20.60285 293.6659 0.7269890 18.64302 286.7286 38.78719 25.74889 3.964567 5.227425 4.122074
[12,] 20.57474 269.1974 0.7017042 19.60333 286.7328 37.88396 25.83752 3.142746 5.282263 4.264651

$Refset$f
 [1]     229.5712     229.5712     229.5451     229.5972     229.5712     229.9375     230.0469
 [8] 1547925.9462     231.3403     231.3941     229.5035     339.1632

$Refset$fpen
 [1]     229.5712     229.5712     229.5451     229.5972     229.5712     229.9375     230.0469
 [8] 1547925.9462     231.3403     231.3941     229.5035     339.1632

$Refset$const
          [,1]     [,2]     [,3]     [,4]     [,5]
 [1,] 13.46673 30.76653 17.29980 1.506266 2.733205
 [2,] 13.47078 30.76881 17.29803 1.506597 2.731302
 [3,] 13.46913 30.76658 17.29746 1.506305 2.733281
 [4,] 13.47181 30.76363 17.29182 1.505579 2.739354
 [5,] 13.46797 30.76658 17.29862 1.506476 2.732479
 [6,] 13.47448 30.76825 17.29377 1.505857 2.735852
 [7,] 13.46343 30.77411 17.31068 1.506903 2.733509
 [8,] 20.36909 28.10472  7.73563 1.844416 3.192588
 [9,] 13.46251 30.77360 17.31109 1.509973 2.721802
[10,] 13.45924 30.77293 17.31369 1.509981 2.721695
[11,] 13.41559 30.77257 17.35698 1.506764 2.731002
[12,] 14.32106 30.71774 16.39667 1.503694 2.788977

$Refset$penalty
 [1] 0 0 0 0 0 0 0 0 0 0 0 0


