$f
 [1] 2017.7431 1232.7118  863.6493  841.8385  831.6997  761.1163  661.6042  561.2101  525.8941
[10]  509.1354  472.6076  462.5937  459.0295  458.2292  448.0781  444.7118  442.3663  437.8542
[19]  434.4774  422.3663  421.5104  412.5000  405.2535  405.0156  405.0156

$x
          [,1]     [,2]      [,3]     [,4]     [,5]     [,6]     [,7]      [,8]     [,9]
xbest 11.09078 467.0137 0.6058661 20.70788 284.4441 43.82559 27.80020  4.490634 2.493639
xbest 16.96585 331.5538 0.4258364 17.13486 286.4250 37.43118 33.45044  4.610353 8.355341
xbest 13.96585 332.5420 0.1921032 17.13486 286.3805 37.43118 33.45044  4.951060 7.955341
xbest 11.79861 414.9249 0.1000000 19.86490 286.8861 48.00000 24.00000 10.000000 2.000000
xbest 11.80328 409.0982 0.1303677 20.27056 286.6102 48.00000 24.00000 10.000000 2.230502
xbest 11.56087 399.1419 0.4547354 18.72394 286.8474 47.42271 25.14908  6.888486 6.359848
xbest 11.76846 417.4910 0.2457047 19.83091 286.6477 43.86128 24.00000 10.000000 3.136430
xbest 11.76846 457.3674 0.4157154 19.83091 286.6477 43.86128 24.00000 10.000000 3.115466
xbest 12.14927 388.4782 0.4094387 18.54227 286.7669 45.30560 24.35108  7.871232 6.359673
xbest 12.16099 388.4782 0.4094387 18.54227 286.7669 45.30560 24.43233  7.871232 6.359673
xbest 11.98999 415.9763 0.3550514 19.06314 286.6865 45.81932 24.28178  7.944131 4.494129
xbest 12.08374 415.9763 0.3550514 19.06314 286.6865 45.91307 24.28178  7.944131 4.487098
xbest 11.97850 409.9896 0.3389776 18.96312 286.7158 45.87286 24.57300  7.939647 4.676078
xbest 11.97850 409.9896 0.3389776 18.96312 286.7158 45.87286 24.57300  7.939647 4.682328
xbest 11.99134 413.0821 0.3283324 19.09319 286.7017 45.72583 24.58112  7.948312 4.504023
xbest 11.70305 411.9814 0.3535045 19.21781 286.6891 45.90434 24.32402  7.951026 4.673826
xbest 11.76883 410.8479 0.3494302 19.04440 286.7037 45.63172 24.70505  7.941397 4.583062
xbest 11.93041 412.1082 0.3406961 19.06527 286.7028 45.68918 24.69158  7.945270 4.560079
xbest 11.88561 411.9124 0.3425390 19.06451 286.7030 45.68968 24.68936  7.947733 4.547147
xbest 11.88561 412.5374 0.3875390 19.06451 286.7030 45.70218 24.70967  7.947733 4.603397
xbest 11.84135 378.6490 0.3701092 20.09823 286.6972 45.95751 24.40707  7.958258 4.739237
xbest 11.87650 378.6490 0.3926092 20.10409 286.6972 45.95751 24.40707  7.958258 4.739237
xbest 11.45394 388.8988 0.3669626 20.07585 286.6922 46.29488 24.43439  7.975414 4.715708
xbest 11.45394 388.9184 0.3669626 20.07585 286.6922 46.29488 24.43439  7.975414 4.715708
xbest 11.45394 388.9184 0.3669626 20.07585 286.6922 46.29488 24.43439  7.975414 4.715708
         [,10]
xbest 4.690058
xbest 2.248770
xbest 1.989458
xbest 3.610736
xbest 3.247097
xbest 2.631203
xbest 3.448097
xbest 3.524437
xbest 2.735520
xbest 2.735520
xbest 2.621108
xbest 2.627045
xbest 2.605000
xbest 2.605000
xbest 2.524392
xbest 2.578140
xbest 2.538675
xbest 2.528756
xbest 2.525101
xbest 2.525101
xbest 2.575620
xbest 2.575620
xbest 2.558828
xbest 2.558828
xbest 2.558828

$time
elapsed elapsed elapsed elapsed elapsed elapsed elapsed elapsed elapsed elapsed elapsed elapsed 
   1.73    4.50    7.15   13.15   15.87   18.56   29.04   36.45   57.03   64.15   78.82   90.90 
elapsed elapsed elapsed elapsed elapsed elapsed elapsed elapsed elapsed elapsed elapsed elapsed 
 131.09  132.43  137.75  155.84  163.06  165.67  168.14  188.23  476.84  478.48  547.14  548.54 
elapsed 
 584.93 

$neval
 [1]   106   262   407   686   830   972  1530  1924  3000  3349  4155  4790  6834  6907  7185
[16]  8140  8486  8622  8757  9813 24562 24650 28203 28276 30043

$fbest
[1] 405.0156

$xbest
 [1]  11.4539420 388.9183688   0.3669626  20.0758484 286.6922438  46.2948777  24.4343914
 [8]   7.9754142   4.7157079   2.5588278

$numeval
[1] 30043

$end_crit
[1] 1

$cpu_time
elapsed 
 584.93 

$Refset
$Refset$x
           [,1]        [,2]        [,3]      [,4]       [,5]      [,6]       [,7]       [,8]
 [1,]  11.45394   0.3669626 286.6922438 24.434391   4.715708  11.45394  0.3669626 286.692244
 [2,] 388.91837  20.0758484  46.2948777  7.975414   2.558828 388.91837 20.0758484  46.294878
 [3,]  11.45394 388.8988376   0.3669626 20.075848 286.692244  46.29488 24.4343914   7.975414
 [4,]  11.84803 389.0020822   0.3663910 19.783379 286.691927  45.96354 24.3753310   7.964733
 [5,]  11.83791 389.0479766   0.3669420 19.788842 286.691222  45.96457 24.3752536   7.965133
 [6,]  11.85027 388.8094852   0.3666017 19.791097 286.691910  45.96509 24.3750991   7.964686
 [7,]  11.85174 388.9941629   0.3668712 19.782466 286.692249  45.96323 24.3754373   7.964575
 [8,]  11.84801 388.9358519   0.3663364 19.784617 286.691836  45.96363 24.3753318   7.964694
 [9,]  11.84551 388.7870705   0.3663519 19.791779 286.691894  45.96492 24.3751133   7.964646
[10,]  11.84639 388.8920362   0.3664667 19.789473 286.691578  45.96318 24.3749805   7.965023
[11,]  11.84202 388.8065553   0.3655238 19.784849 286.691578  45.96531 24.3753566   7.964716
[12,]  11.80835 388.2919318   0.3660049 19.776705 286.687114  45.95797 24.3739753   7.965387
           [,9]    [,10]
 [1,] 24.434391 4.715708
 [2,]  7.975414 2.558828
 [3,]  4.715708 2.558828
 [4,]  4.722121 2.559411
 [5,]  4.723139 2.558328
 [6,]  4.721305 2.559346
 [7,]  4.724018 2.560239
 [8,]  4.722250 2.559328
 [9,]  4.723071 2.559382
[10,]  4.719875 2.559282
[11,]  4.725665 2.559466
[12,]  4.712485 2.506230

$Refset$f
 [1] 405.0156 405.0156 405.2535 413.0868 413.0868 413.0868 413.0868 413.0868 413.0868 413.6649
[11] 413.1302 420.2309

$Refset$fpen
 [1] 405.0156 405.0156 405.2535 413.0868 413.0868 413.0868 413.0868 413.0868 413.0868 413.6649
[11] 413.1302 420.2309

$Refset$const
          [,1]      [,2]      [,3]      [,4]     [,5]
 [1,] 15.36014 15.924152  2.346961 31.284292 1.522251
 [2,] 31.28429  1.522251 15.360141 15.924152 2.346961
 [3,] 15.36014 31.284292 15.924152  1.522251 2.346961
 [4,] 15.06126 31.277879 16.216621  1.522196 2.353041
 [5,] 15.06570 31.276861 16.211158  1.522259 2.352774
 [6,] 15.06979 31.278695 16.208903  1.522198 2.352978
 [7,] 15.05845 31.275982 16.217534  1.522167 2.353161
 [8,] 15.06237 31.277750 16.215383  1.522204 2.353008
 [9,] 15.06871 31.276929 16.208221  1.522199 2.352979
[10,] 15.06960 31.280125 16.210527  1.522227 2.352917
[11,] 15.05918 31.274335 16.215151  1.522228 2.352877
[12,] 15.06422 31.287515 16.223295  1.522623 2.351539

$Refset$penalty
 [1] 0 0 0 0 0 0 0 0 0 0 0 0


