$f
 [1] 1896.6267 1493.7205 1288.3090 1210.4913 1126.5903 1068.9826  962.7812  904.4861  837.1823
[10]  817.6007  812.4531  808.0764  787.1997  780.2951  770.9410  756.8299  709.6250  707.1042
[19]  705.9809  705.5260  703.8681  703.7014  699.7101  696.5000  678.6198  675.7517  675.6858
[28]  675.5226  674.9687  672.1806  671.2899  665.1562  664.5868  662.8733  662.6285  662.1389
[37]  659.5521  658.1962  658.1076  657.9149  657.4236  657.2309  657.1979  657.0139  656.8733

$x
          [,1]     [,2]      [,3]     [,4]     [,5]     [,6]     [,7]     [,8]     [,9]    [,10]
xbest 28.71787 229.8019 0.9886814 23.95159 286.0706 30.77861 26.85868 2.532770 2.636695 4.609135
xbest 23.97734 252.5217 0.9232591 21.89284 286.1835 33.33395 24.00000 2.038052 6.280940 3.067258
xbest 23.97734 252.4241 0.8557591 22.36159 286.1085 35.12281 24.00000 2.000000 5.386513 2.117258
xbest 29.99549 198.8878 0.8758114 24.25020 286.4198 29.59487 24.25116 2.374044 4.749997 2.712483
xbest 26.81646 198.0372 0.8538055 23.49187 286.5411 37.86647 24.06856 2.717958 4.601431 4.055825
xbest 27.22323 215.1302 0.8566624 23.51650 286.5955 37.41833 25.54362 2.629095 4.586387 3.533697
xbest 25.57472 222.5451 0.9080711 22.05873 286.5152 37.48038 24.00000 5.871402 4.951410 4.069231
xbest 23.97252 247.5730 0.9557442 21.77582 286.5015 37.68781 24.06308 6.549224 4.948643 4.128468
xbest 24.10890 240.5665 0.9574745 21.73355 286.5312 37.66597 24.00000 6.435063 5.638008 4.117997
xbest 24.20924 237.5106 0.9414480 21.77689 286.5544 37.49950 24.21918 6.444594 5.388283 4.098501
xbest 24.20924 217.5106 1.0000000 21.77689 286.5544 37.49950 24.21918 6.444594 5.388283 4.098501
xbest 25.28559 242.1893 0.8958066 21.93519 286.6117 36.70149 24.88306 6.068006 4.712274 3.680820
xbest 25.28559 240.9393 0.8844690 22.12269 286.6117 37.10149 24.23306 6.080603 4.712274 3.680820
xbest 24.74555 229.0599 0.8988063 22.09135 286.5835 36.69469 24.70279 6.414031 5.133931 4.267549
xbest 24.74115 229.0599 1.0000000 22.09025 286.5835 36.69469 24.68754 6.414031 5.183931 4.267549
xbest 24.42439 231.5905 0.8923685 22.32974 286.6178 37.95026 24.86389 6.411490 5.197674 4.276342
xbest 24.42549 212.2942 1.0000000 22.32974 286.6151 37.95026 24.74191 6.411490 5.597674 4.276342
xbest 23.97475 230.2826 0.8978291 22.13973 286.6666 38.09657 24.66312 6.414398 5.157360 4.273142
xbest 23.99819 230.2826 0.9203291 22.13973 286.6666 38.09657 24.66312 6.414398 5.151110 4.273142
xbest 24.25984 235.4670 0.9212724 21.02085 286.6189 37.92709 24.76343 6.418436 5.610760 4.161736
xbest 24.23754 234.3004 1.0000000 21.51559 286.6171 37.88943 24.76165 6.417652 5.192994 4.178616
xbest 24.23731 234.6629 1.0000000 21.49885 286.6162 37.88266 24.75760 6.417834 5.195563 4.174037
xbest 24.04832 234.3557 0.9587353 20.99575 286.6388 37.94088 24.81705 6.414420 5.843050 4.183275
xbest 24.04832 234.3557 0.9812353 20.99575 286.6388 37.93775 24.81705 6.414420 5.855550 4.177338
xbest 24.59410 241.6236 0.9232188 21.04342 286.6219 37.96858 24.78530 6.437985 5.257760 4.161565
xbest 24.55421 240.8805 0.9259277 21.05225 286.6204 37.96216 24.77338 6.438031 5.220022 4.155097
xbest 24.53384 241.1054 0.9267458 21.05551 286.6195 37.96046 24.76856 6.438044 5.201807 4.153731
xbest 24.52339 241.0879 0.9257354 21.04747 286.6218 37.95783 24.77850 6.438003 5.257198 4.157699
xbest 24.53101 241.1098 0.9269934 21.05586 286.6193 37.95872 24.76904 6.438046 5.215607 4.153486
xbest 24.53101 241.7348 1.0000000 21.04415 286.6146 37.95872 24.76904 6.438046 5.215607 4.147548
xbest 24.50888 238.2216 0.9385736 20.30646 286.6096 37.95688 24.78250 6.437788 5.976136 4.170350
xbest 24.50561 238.5341 1.0000000 20.28832 286.6096 37.92893 24.78250 6.437788 5.976136 4.170350
xbest 24.52370 237.8533 0.9414057 19.77424 286.6084 37.95738 24.78257 6.438272 6.387471 4.170398
xbest 24.54714 237.8533 1.0000000 19.77424 286.6084 37.95738 24.78257 6.438272 6.387471 4.170398
xbest 24.51905 237.8758 0.9501098 19.49199 286.6069 37.95795 24.78250 6.438146 6.593775 4.166710
xbest 24.52721 236.6666 0.9392563 19.45302 286.6135 37.96535 24.77680 6.438456 6.687413 4.105661
xbest 24.52721 236.6666 1.0000000 19.45302 286.6135 37.96535 24.77680 6.438456 6.687413 4.102692
xbest 24.51703 239.0967 0.9478098 19.59335 286.6078 37.92697 24.72296 6.438127 6.459716 4.096557
xbest 24.51704 239.1614 0.9480423 19.59372 286.6078 37.92758 24.70357 6.438168 6.458874 4.098574
xbest 24.51687 238.9702 0.9479427 19.59171 286.6080 37.92777 24.70483 6.438300 6.467812 4.097950
xbest 24.52088 238.8040 0.9496234 19.61654 286.6112 37.93010 24.72634 6.438042 6.468866 4.099152
xbest 24.51474 239.0978 0.9482065 19.59620 286.6097 37.92900 24.72425 6.437847 6.474933 4.100736
xbest 24.51941 238.7562 0.9775221 19.62024 286.6111 37.93662 24.72147 6.438306 6.481681 4.098480
xbest 24.51903 238.7378 0.9733464 19.61840 286.6111 37.93350 24.72629 6.437942 6.459728 4.098749
xbest 24.51903 238.7182 0.9733464 19.61840 286.6111 37.93350 24.72629 6.437942 6.459728 4.098749

$time
elapsed elapsed elapsed elapsed elapsed elapsed elapsed elapsed elapsed elapsed elapsed elapsed 
   1.71    4.07    6.05   10.91   14.07   16.46   19.11   21.52   26.43   28.79   32.41   67.41 
elapsed elapsed elapsed elapsed elapsed elapsed elapsed elapsed elapsed elapsed elapsed elapsed 
  69.18   99.16  100.97  166.58  168.68  191.69  196.14  201.41  203.99  217.14  219.66  223.85 
elapsed elapsed elapsed elapsed elapsed elapsed elapsed elapsed elapsed elapsed elapsed elapsed 
 231.55  239.80  242.35  244.72  249.57  251.24  277.14  278.99  311.89  313.32  318.07  334.05 
elapsed elapsed elapsed elapsed elapsed elapsed elapsed elapsed elapsed 
 337.63  454.05  460.79  470.22  472.57  498.47  538.46  544.74  548.72 

$neval
 [1]   106   258   376   658   798   940  1090  1231  1510  1653  1868  3755  3861  5461  5568
[16]  9098  9223 10460 10679 10956 11094 11777 11912 12137 12545 12953 13090 13228 13504 13604
[31] 14987 15098 16858 16940 17215 18163 18378 24901 25245 25802 25944 27384 29633 29979 30120

$fbest
[1] 656.8733

$xbest
 [1]  24.5190267 238.7182314   0.9733464  19.6184026 286.6110617  37.9334980  24.7262884
 [8]   6.4379418   6.4597281   4.0987492

$numeval
[1] 30120

$end_crit
[1] 1

$cpu_time
elapsed 
 548.72 

$Refset
$Refset$x
           [,1]        [,2]        [,3]      [,4]       [,5]      [,6]       [,7]       [,8]
 [1,]  24.51903 238.7377627   0.9733464 19.618403 286.611062  37.93350 24.7262884   6.437942
 [2,]  24.51941   0.9775221 286.6110714 24.721472   6.481681  24.51941  0.9775221 286.611071
 [3,] 238.75624  19.6202438  37.9366194  6.438306   4.098480 238.75624 19.6202438  37.936619
 [4,]  24.51941 238.7562413   0.9775221 19.620244 286.611071  37.93662 24.7214724   6.438306
 [5,]  11.13222 316.4709954   0.5559094 15.842960 286.190189  44.96627 26.2262863   7.748099
 [6,]  24.52228 238.8103336   0.9497430 19.614469 286.610945  37.92910 24.7251895   6.438025
 [7,]  24.51872 238.8112961   0.9491384 19.605186 286.608672  37.93090 24.7276384   6.438070
 [8,]  24.51790 238.9621254   0.9570189 19.611612 286.609899  37.92999 24.7261339   6.437950
 [9,]  24.52069 238.8323261   0.9475159 19.616367 286.610534  37.92723 24.7301713   6.437843
[10,]  24.55214 238.7750450   0.9508346 19.619837 286.605148  37.91782 24.7264578   6.437904
[11,]  24.54464 236.0274242   0.9749913 19.615013 286.611091  37.91568 24.7318264   6.437694
[12,]  24.41883 239.0889460   0.9675383 19.639796 286.650210  38.00926 24.7214434   6.419421
           [,9]    [,10]
 [1,]  6.459728 4.098749
 [2,] 24.721472 6.481681
 [3,]  6.438306 4.098480
 [4,]  6.481681 4.098480
 [5,]  8.961452 2.147575
 [6,]  6.467847 4.099116
 [7,]  6.476936 4.097977
 [8,]  6.470743 4.098745
 [9,]  6.467660 4.098560
[10,]  6.461053 4.100693
[11,]  6.475676 4.101494
[12,]  6.449273 4.092824

$Refset$f
 [1]  657.0139  657.1979  657.1979  657.1979 1589.2413  657.4236  657.4236  657.4236  657.4236
[10]  659.5156  676.9028  719.3455

$Refset$fpen
 [1]  657.0139  657.1979  657.1979  657.1979 1589.2413  657.4236  657.4236  657.4236  657.4236
[10]  659.5156  676.9028  719.3455

$Refset$const
           [,1]      [,2]      [,3]      [,4]     [,5]
 [1,] 13.158674 29.540272 16.381597  1.521190 2.649647
 [2,] 13.138563 16.379756  2.649123 29.518319 1.521209
 [3,] 29.518319  1.521209 13.138563 16.379756 2.649123
 [4,] 13.138563 29.518319 16.379756  1.521209 2.649123
 [5,]  6.881508 27.038548 20.157040  1.566742 2.332302
 [6,] 13.146621 29.532153 16.385531  1.521197 2.649739
 [7,] 13.128251 29.523064 16.394814  1.521440 2.648992
 [8,] 13.140868 29.529257 16.388388  1.521310 2.649378
 [9,] 13.148708 29.532340 16.383633  1.521223 2.650064
[10,] 13.158784 29.538947 16.380163  1.521801 2.648249
[11,] 13.139336 29.524324 16.384987  1.521136 2.650980
[12,] 13.190523 29.550727 16.360204  1.517098 2.660182

$Refset$penalty
 [1] 0 0 0 0 0 0 0 0 0 0 0 0


