$f
 [1] 1832.6684  944.9288  613.4566  605.8108  600.8368  593.9948  542.1719  474.3021  474.1042
[10]  474.0538  473.7517  473.2049  472.7552  472.7205  472.5208  472.3385  472.2500  471.6233
[19]  471.1858  471.0521  470.8351  470.7813  470.6979  470.6441  470.5903  470.5312  470.1094
[28]  469.5660  468.7326  468.1094  466.7760  465.0747  461.2760  460.0434  459.0017  458.8125
[37]  458.8125

$x
           [,1]     [,2]      [,3]     [,4]     [,5]     [,6]     [,7]     [,8]     [,9]
xbest  8.725639 211.2674 0.7565069 27.50229 285.9028 45.53278 25.56799 4.256045 7.163882
xbest 13.476307 413.4938 0.7193396 21.00892 286.1587 42.26500 25.84690 6.991188 3.782275
xbest 13.534901 391.8726 0.5875175 21.00892 286.0087 42.26500 25.84690 7.187282 3.200662
xbest 13.491413 392.8647 0.5062699 20.85408 285.9912 42.31435 25.78466 7.168963 3.243711
xbest 13.544797 393.5030 0.5555076 20.93035 285.9974 42.30056 26.08452 7.176073 3.223554
xbest 13.597498 395.7095 0.5811820 20.70622 286.0294 42.33925 26.09540 7.170237 3.090665
xbest 12.073904 390.6662 0.6441608 21.28092 286.0311 42.38590 26.23568 7.296025 3.776822
xbest 12.073904 390.6662 0.7341608 21.28092 286.0241 42.38590 26.23568 7.296025 3.748697
xbest 11.681274 391.7886 0.6714626 21.70822 286.0094 42.38382 26.11519 7.299233 3.560308
xbest 11.678344 391.7886 0.6714626 21.70822 286.0094 42.38382 26.11519 7.299233 3.560308
xbest 11.682204 391.5441 0.6740281 21.72261 286.0107 42.38467 26.11292 7.299750 3.550913
xbest 11.677255 392.3872 0.6698497 21.66608 286.0064 42.37911 26.09182 7.300629 3.565745
xbest 11.674468 392.4532 0.6691286 21.65832 286.0063 42.38045 26.08568 7.300639 3.569904
xbest 11.696267 390.2354 0.6741426 21.74905 286.0108 42.38562 26.10561 7.300211 3.558883
xbest 11.699395 390.3096 0.6738619 21.74149 286.0108 42.38762 26.10544 7.300210 3.557687
xbest 11.702325 390.3096 0.6738619 21.74149 286.0108 42.38762 26.10544 7.300210 3.557687
xbest 11.712458 392.2562 0.6792875 21.67191 285.9963 42.40685 25.97290 7.301421 3.548731
xbest 11.712458 392.2562 0.6792875 21.67191 285.9963 42.40685 25.97290 7.301421 3.551856
xbest 11.739314 392.2526 0.6828336 21.65467 285.9945 42.41058 25.95665 7.301405 3.544186
xbest 11.726247 392.2471 0.6826415 21.66375 285.9949 42.41027 25.96360 7.301342 3.546441
xbest 11.733170 392.2539 0.6846409 21.66177 285.9949 42.40977 25.96481 7.301353 3.546130
xbest 11.729320 392.2940 0.6853560 21.66333 285.9956 42.41219 25.96787 7.301387 3.546826
xbest 11.734180 392.2274 0.6846779 21.66151 285.9946 42.40857 25.96594 7.301408 3.546442
xbest 11.729802 392.2360 0.6850753 21.66426 285.9951 42.40758 25.96328 7.301414 3.546785
xbest 11.730602 392.2370 0.6849983 21.66277 285.9950 42.40825 25.96334 7.301405 3.546715
xbest 11.731111 392.6185 0.6993778 21.66503 285.9948 42.40786 25.96424 7.301435 3.546810
xbest 11.731111 392.6380 0.6993778 21.66503 285.9948 42.40786 25.96424 7.301435 3.546810
xbest 11.731814 392.8995 0.7062623 21.66606 285.9948 42.40776 25.96452 7.301440 3.546869
xbest 11.732401 393.3295 0.7253164 21.66697 285.9947 42.40756 25.96530 7.301456 3.546920
xbest 11.735117 394.4615 0.7635211 21.67042 285.9945 42.40644 25.96622 7.301466 3.547187
xbest 11.739483 395.8164 0.8138522 21.66881 285.9941 42.40541 25.96578 7.301491 3.547105
xbest 11.743088 397.1912 0.8458037 21.66868 285.9939 42.40504 25.96549 7.301491 3.547039
xbest 11.745404 401.2389 0.9652035 21.67056 285.9934 42.40465 25.96538 7.301498 3.547357
xbest 11.750072 400.9136 0.9814958 21.66634 285.9945 42.40389 25.96582 7.301415 3.546728
xbest 11.750072 400.9136 1.0000000 21.66707 285.9945 42.40389 25.96582 7.301415 3.546728
xbest 11.727206 402.0663 0.9960445 21.66581 285.9950 42.40519 25.96471 7.301408 3.546112
xbest 11.727206 402.0663 0.9960445 21.66581 285.9950 42.40519 25.96471 7.301408 3.546112
         [,10]
xbest 3.384365
xbest 4.378064
xbest 4.378064
xbest 5.000000
xbest 4.857911
xbest 4.872292
xbest 3.967006
xbest 4.029350
xbest 4.044280
xbest 4.044280
xbest 4.043587
xbest 4.037636
xbest 4.036334
xbest 4.038587
xbest 4.038290
xbest 4.038290
xbest 4.044514
xbest 4.047483
xbest 4.045407
xbest 4.044613
xbest 4.044477
xbest 4.044329
xbest 4.048441
xbest 4.046525
xbest 4.046818
xbest 4.047304
xbest 4.047304
xbest 4.047550
xbest 4.047587
xbest 4.048012
xbest 4.047755
xbest 4.047775
xbest 4.047828
xbest 4.047466
xbest 4.047466
xbest 4.048221
xbest 4.048221

$time
elapsed elapsed elapsed elapsed elapsed elapsed elapsed elapsed elapsed elapsed elapsed elapsed 
   1.36    3.58    6.24   19.47   23.67   25.74   27.88   29.60  144.99  146.08  148.16  152.25 
elapsed elapsed elapsed elapsed elapsed elapsed elapsed elapsed elapsed elapsed elapsed elapsed 
 154.28  180.67  186.64  189.80  224.00  225.16  253.13  282.60  294.67  302.89  329.30  336.42 
elapsed elapsed elapsed elapsed elapsed elapsed elapsed elapsed elapsed elapsed elapsed elapsed 
 360.49  399.27  400.41  403.32  407.57  409.66  411.72  413.85  415.96  422.22  424.22  434.57 
elapsed 
 463.96 

$neval
 [1]   106   256   434  1273  1552  1691  1832  1948  9406  9480  9620  9895 10033 11714 12114
[16] 12325 14494 14573 16357 18346 19095 19647 21350 21837 23412 25953 26026 26168 26447 26587
[31] 26725 26863 27003 27429 27508 28210 30049

$fbest
[1] 458.8125

$xbest
 [1]  11.7272059 402.0662686   0.9960445  21.6658102 285.9950179  42.4051932  25.9647139
 [8]   7.3014081   3.5461117   4.0482214

$numeval
[1] 30049

$end_crit
[1] 1

$cpu_time
elapsed 
 463.96 

$Refset
$Refset$x
           [,1]      [,2]        [,3]      [,4]       [,5]      [,6]     [,7]       [,8]
 [1,]  11.72721 402.06627   0.9960445 21.665810 285.995018  42.40519 25.96471   7.301408
 [2,]  11.72947 401.99082   0.9973261 21.665847 285.994882  42.40528 25.96566   7.301419
 [3,]  11.72984 402.03501   0.9981180 21.665930 285.994988  42.40519 25.96546   7.301395
 [4,]  11.73485 401.93282   0.9996578 21.668010 285.994768  42.41680 25.96507   7.300907
 [5,]  11.75007   1.00000 285.9945053 25.965818   3.546728  11.75007  1.00000 285.994505
 [6,] 400.91358  21.66707  42.4038930  7.301415   4.047466 400.91358 21.66707  42.403893
 [7,]  11.72717 402.04355   0.9958957 21.665812 285.995014  42.40480 25.96478   7.301405
 [8,]  11.73683 401.94332   0.9989872 21.665738 285.995055  42.40508 25.96419   7.301377
 [9,]  11.75133 400.94610   1.0000000 21.665979 285.995281  42.40651 25.96586   7.301485
[10,]  11.73348 401.71062   0.9967225 21.675133 285.995966  42.41646 25.96763   7.301204
[11,]  11.74200 401.54193   0.9987080 21.665858 285.994754  42.40851 25.96527   7.301123
[12,]  11.74943 401.40916   0.9997213 21.665702 285.994996  42.40464 25.96545   7.301387
           [,9]    [,10]
 [1,]  3.546112 4.048221
 [2,]  3.546364 4.047350
 [3,]  3.546198 4.048063
 [4,]  3.546315 4.048824
 [5,] 25.965818 3.546728
 [6,]  7.301415 4.047466
 [7,]  3.545855 4.048219
 [8,]  3.545530 4.048886
 [9,]  3.546474 4.046149
[10,]  3.545926 4.046989
[11,]  3.546742 4.047003
[12,]  3.547207 4.047698

$Refset$f
 [1] 458.8125 458.8125 458.8125 459.0017 459.0017 459.0017 458.8125 459.0781 459.1562 459.3437
[11] 459.5191 459.5278

$Refset$fpen
 [1] 458.8125 458.8125 458.8125 459.0017 459.0017 459.0017 458.8125 459.0781 459.1562 459.3437
[11] 459.5191 459.5278

$Refset$const
          [,1]      [,2]      [,3]      [,4]     [,5]
 [1,] 18.11970 32.453888 14.334190  1.585602 2.352829
 [2,] 18.11948 32.453636 14.334153  1.585615 2.352847
 [3,] 18.11973 32.453802 14.334070  1.585605 2.352865
 [4,] 18.12170 32.453685 14.331990  1.585620 2.352370
 [5,] 18.12034 14.332931  2.352811 32.453272 1.585652
 [6,] 32.45327  1.585652 18.120341 14.332931 2.352811
 [7,] 18.11996 32.454145 14.334188  1.585602 2.352846
 [8,] 18.12021 32.454470 14.334262  1.585598 2.352812
 [9,] 18.11950 32.453526 14.334021  1.585577 2.352915
[10,] 18.12921 32.454074 14.324867  1.585509 2.352836
[11,] 18.11912 32.453258 14.334142  1.585625 2.352676
[12,] 18.11849 32.452793 14.334298  1.585605 2.352886

$Refset$penalty
 [1] 0 0 0 0 0 0 0 0 0 0 0 0


