$f
 [1] 1703.2882  704.8681  309.7639  276.9861  247.3403  246.7292  241.3455  236.3715  157.0694
[10]  154.9687  151.5868  142.2552  134.1823  134.1823

$x
           [,1]     [,2]      [,3]     [,4]     [,5]     [,6]     [,7]     [,8]     [,9]
xbest 14.730701 421.2550 0.2897036 17.71183 284.8498 26.33652 25.30635 3.275432 5.453783
xbest  5.689817 500.0000 0.2699708 20.81236 286.6592 46.94603 24.00000 5.896222 4.292917
xbest 11.169037 420.0000 0.2381510 20.81236 286.6523 46.52612 24.68943 5.896222 4.292917
xbest 11.316797 432.2274 0.2610001 20.91736 286.6903 44.10119 24.72021 7.344410 4.421393
xbest 11.087673 432.1837 0.2988752 20.93102 286.7511 44.51301 24.63834 7.350230 4.457682
xbest 10.999763 432.5946 0.2892442 20.93509 286.7471 44.50384 24.60725 7.353665 4.493068
xbest 10.769854 432.5192 0.3056121 20.93683 286.7607 44.47981 24.55859 7.359514 4.507003
xbest 10.941304 432.1532 0.2587270 20.94603 286.6898 44.03657 24.76810 7.352409 4.383993
xbest 10.941304 272.1532 0.2847350 26.94603 286.6898 44.17800 24.73290 7.352409 4.711895
xbest 12.412271 257.2619 0.2031844 24.53915 286.6880 44.75796 24.46687 7.419176 5.657062
xbest 12.412271 257.2619 0.2031844 24.53915 286.6854 44.75796 24.42625 7.419176 5.632062
xbest 13.538032 203.9681 0.1497364 24.92850 286.6826 44.76577 24.41221 7.420021 6.509917
xbest 13.584907 203.9681 0.1511427 24.92850 286.6826 44.76577 24.41221 7.420021 6.534527
xbest 13.584907 203.9681 0.1511427 24.92850 286.6826 44.76577 24.41221 7.420021 6.534527
         [,10]
xbest 1.692017
xbest 4.819897
xbest 4.768999
xbest 4.706841
xbest 4.417018
xbest 4.343931
xbest 4.047702
xbest 5.000000
xbest 4.903298
xbest 4.571652
xbest 4.568849
xbest 4.589917
xbest 4.589917
xbest 4.589917

$time
elapsed elapsed elapsed elapsed elapsed elapsed elapsed elapsed elapsed elapsed elapsed elapsed 
   1.33    3.59    5.77   13.88   18.50   20.41   22.34   26.23   28.59  373.58  374.89  378.72 
elapsed elapsed 
 396.31  440.59 

$neval
 [1]   106   259   399   966  1238  1374  1512  1790  1963 25812 25908 26179 27363 30062

$fbest
[1] 134.1823

$xbest
 [1]  13.5849065 203.9681332   0.1511427  24.9285034 286.6825826  44.7657741  24.4122124
 [8]   7.4200209   6.5345266   4.5899175

$numeval
[1] 30062

$end_crit
[1] 1

$cpu_time
elapsed 
 440.59 

$Refset
$Refset$x
           [,1]     [,2]      [,3]     [,4]     [,5]     [,6]     [,7]     [,8]     [,9]
 [1,] 21.910590 214.1937 0.4664244 16.92671 286.9581 41.97382 32.06770 3.603245 4.758906
 [2,]  9.418653 291.3860 0.4396572 21.41608 286.7102 23.64856 41.71485 2.118307 5.945143
 [3,] 12.648197 211.5453 0.1945867 25.54452 286.6759 44.68509 24.43912 7.421907 6.406386
 [4,] 12.746600 213.2216 0.1883045 25.49916 286.6764 44.62174 24.43391 7.414919 6.316561
 [5,] 12.903187 209.9099 0.1906784 25.54681 286.6738 44.67417 24.43925 7.422354 6.338555
 [6,] 13.541036 190.8383 0.1437265 26.67888 286.6784 44.68461 24.38844 7.420655 5.983795
 [7,] 13.447376 201.0066 0.1453808 25.65176 286.6791 44.68455 24.39120 7.421177 6.218262
 [8,] 12.811471 215.1022 0.1842512 25.29890 286.6723 44.68982 24.43384 7.419746 6.254414
 [9,] 13.099253 213.8279 0.1752538 25.11872 286.6710 44.69557 24.43134 7.421780 6.366836
[10,] 13.151603 227.5914 0.1610886 25.00775 286.6762 44.73065 24.34760 7.420112 5.819777
[11,] 11.850114 280.3047 0.2447324 23.97360 286.6641 44.69982 24.36482 7.419076 5.697605
[12,] 12.115537 244.0235 0.2122502 24.81988 286.6714 44.64531 24.34871 7.418534 5.970847
         [,10]
 [1,] 3.382741
 [2,] 3.362774
 [3,] 4.608855
 [4,] 4.594370
 [5,] 4.587022
 [6,] 4.584311
 [7,] 4.587971
 [8,] 4.596665
 [9,] 4.606678
[10,] 4.581322
[11,] 4.583474
[12,] 4.560722

$Refset$f
 [1]    2590.3576 1000000.0000     137.5885     138.9931     139.7396     141.0573     141.3472
 [8]     141.2708     144.1024     147.2014     154.4462     156.2483

$Refset$fpen
 [1] 4.062345e+04 9.999975e+11 1.375885e+02 1.389931e+02 1.397396e+02 1.410573e+02 1.413472e+02
 [8] 1.412708e+02 1.441024e+02 1.472014e+02 1.544462e+02 1.562483e+02

$Refset$const
              [,1]         [,2]         [,3]         [,4]         [,5]
 [1,] 1.216780e+01 3.124109e+01 1.907329e+01 1.461967e+00 3.178913e+00
 [2,] 1.000000e+06 1.000000e+06 1.000000e+06 1.000000e+06 1.000000e+06
 [3,] 1.913813e+01 2.959361e+01 1.045548e+01 1.522991e+00 2.388938e+00
 [4,] 1.918260e+01 2.968344e+01 1.050084e+01 1.522911e+00 2.390775e+00
 [5,] 1.920825e+01 2.966145e+01 1.045319e+01 1.523182e+00 2.388563e+00
 [6,] 2.069509e+01 3.001620e+01 9.321118e+00 1.522815e+00 2.386931e+00
 [7,] 1.943349e+01 2.978174e+01 1.034824e+01 1.522745e+00 2.387336e+00
 [8,] 1.904449e+01 2.974559e+01 1.070110e+01 1.523331e+00 2.387287e+00
 [9,] 1.875189e+01 2.963316e+01 1.088128e+01 1.523457e+00 2.386533e+00
[10,] 1.918798e+01 3.018022e+01 1.099225e+01 1.523075e+00 2.382526e+00
[11,] 1.827600e+01 3.030240e+01 1.202640e+01 1.524150e+00 2.380398e+00
[12,] 1.884903e+01 3.002915e+01 1.118012e+01 1.523473e+00 2.383574e+00

$Refset$penalty
 [1] 3.803309e-02 9.999965e+05 0.000000e+00 0.000000e+00 0.000000e+00 0.000000e+00 0.000000e+00
 [8] 0.000000e+00 0.000000e+00 0.000000e+00 0.000000e+00 0.000000e+00


