$f
 [1] 1207.8646 1087.4097 1008.3906  985.2396  898.3108  798.3403  793.9688  736.7917  726.9375
[10]  724.3177  722.0955  712.3455  661.6771  633.2326  632.0816  625.6788  609.1806  608.7865
[19]  607.0920  606.2951  603.3646  602.9861  602.1406  601.6250  601.0069  600.6337  597.4514
[28]  589.7882  579.6684  529.9340  500.4288  433.8698  417.3281  408.7743  399.1042

$x
          [,1]     [,2]      [,3]     [,4]     [,5]     [,6]     [,7]     [,8]     [,9]    [,10]
xbest 12.21668 211.0880 0.3086002 18.50888 285.4968 45.58012 44.05507 3.609351 9.084525 2.242071
xbest 16.97020 395.7608 0.8411231 15.86704 286.5397 44.81506 29.42610 2.000000 7.105424 1.200000
xbest 16.97020 415.7608 0.8411231 15.86704 286.5397 44.81506 29.42610 2.000000 7.105424 1.200000
xbest 18.74897 403.4935 0.9004955 15.94221 286.4809 43.83435 29.97758 3.187054 5.610583 1.996778
xbest 20.87194 294.7366 0.6727136 19.25440 286.4892 41.90088 27.56706 2.000000 7.128631 1.200000
xbest 22.68816 397.8913 0.8393464 18.64877 286.4783 36.91072 28.33410 2.200995 4.975336 1.790941
xbest 21.94471 294.1447 0.6722483 19.74139 286.5813 41.94738 27.32352 2.137155 7.122059 1.637989
xbest 22.69390 264.3138 0.6684855 19.89643 286.7143 41.96512 27.29753 2.044898 6.980033 1.634304
xbest 22.68839 265.1659 0.6638114 19.91104 286.7123 41.98054 27.28857 2.000000 6.978480 1.634233
xbest 22.68839 265.1659 0.6638114 20.09854 286.7123 41.98054 27.28857 2.000000 6.978480 1.634233
xbest 22.45305 286.3370 0.6888775 19.17977 286.6123 41.96588 26.89770 2.211838 7.013239 1.785802
xbest 20.91996 303.3576 0.9619783 19.49567 286.4672 43.14566 29.15116 3.262069 5.467014 1.633821
xbest 20.72207 288.6914 0.9349096 20.22038 286.4729 43.08574 29.13820 3.034230 5.632918 1.590257
xbest 20.73021 304.1593 0.9634245 19.99164 286.4679 43.12392 29.14746 3.171201 5.369461 1.598649
xbest 20.73021 304.1593 0.9409245 19.99164 286.4679 43.12392 29.14746 3.171201 5.369461 1.598649
xbest 20.10504 283.4577 0.8824509 19.97558 286.4470 43.48646 28.84377 3.174293 5.957726 1.434402
xbest 20.10504 283.3014 0.9274509 19.97558 286.4464 43.48646 28.84377 3.198512 5.957726 1.434402
xbest 20.20726 291.8634 0.9434565 20.07773 286.4545 43.19192 28.88155 3.137727 5.981117 1.507175
xbest 20.20766 291.8330 0.9434151 20.06668 286.4544 43.19254 28.85065 3.137536 5.982409 1.508231
xbest 20.20778 291.8070 0.9433419 20.06428 286.4544 43.19299 28.85054 3.137448 5.982693 1.506953
xbest 20.23121 291.8070 0.9883419 20.06428 286.4544 43.19299 28.85054 3.137448 5.982693 1.506953
xbest 20.22435 290.5603 0.9449020 20.07788 286.4594 43.16070 28.84590 3.169448 5.995490 1.482909
xbest 20.19141 290.4364 0.9429510 20.09101 286.4577 43.17525 28.97952 3.152891 6.001324 1.504776
xbest 20.17229 291.0551 0.9394774 20.09279 286.4622 43.15328 29.03029 3.156045 6.011960 1.503964
xbest 20.22332 290.4355 0.9453381 20.07918 286.4535 43.17196 28.84826 3.182140 5.996131 1.489875
xbest 20.21160 290.4355 0.9453381 20.07918 286.4535 43.17196 28.84826 3.182140 5.993006 1.489875
xbest 20.09176 289.4229 0.9423074 20.09929 286.4571 43.17786 28.85481 3.182753 5.989251 1.486557
xbest 20.18551 289.7354 1.0000000 20.09929 286.4571 43.17786 28.85481 3.182753 6.001753 1.486557
xbest 20.01784 298.4644 0.9214019 20.43892 286.4452 41.73281 28.95899 7.108124 5.406542 4.426085
xbest 19.98855 298.4644 1.0000000 20.43892 286.4488 41.78281 29.00977 7.108857 5.373730 4.426085
xbest 17.63153 334.6583 0.9090190 20.33625 286.4133 42.84895 28.79363 7.328492 5.066199 3.360913
xbest 17.63153 334.6583 0.9891780 20.33625 286.4133 42.86142 28.30613 7.315992 4.928675 3.515311
xbest 18.77022 278.2721 0.9133602 20.27120 286.4499 42.93593 28.69308 7.351130 5.442238 3.222774
xbest 18.77022 278.2721 0.9358602 21.02413 286.4499 42.93593 28.69308 7.351130 5.442238 3.222774
xbest 18.77022 278.2721 1.0000000 21.02413 286.4516 42.93593 28.68800 7.348005 5.448488 3.234649

$time
elapsed elapsed elapsed elapsed elapsed elapsed elapsed elapsed elapsed elapsed elapsed elapsed 
   1.36    3.84    5.03    7.28    9.36   11.36   13.39   15.53   21.58   28.19   34.16   40.05 
elapsed elapsed elapsed elapsed elapsed elapsed elapsed elapsed elapsed elapsed elapsed elapsed 
  42.14   44.20   49.20   82.17   83.64   90.11   99.05  103.25  106.86  113.23  118.00  119.98 
elapsed elapsed elapsed elapsed elapsed elapsed elapsed elapsed elapsed elapsed elapsed 
 122.11  129.31  148.59  152.11  306.81  309.92  328.09  337.72  402.59  403.94  471.06 

$neval
 [1]   106   254   327   470   611   749   888  1029  1444  1791  2196  2600  2738  2873  3215
[16]  5231  5327  5743  6297  6573  6801  7211  7480  7616  7756  8241  9476  9723 19888 20011
[31] 20961 21518 25602 25687 30021

$fbest
[1] 399.1042

$xbest
 [1]  18.770223 278.272096   1.000000  21.024134 286.451616  42.935927  28.687997   7.348005
 [9]   5.448488   3.234649

$numeval
[1] 30021

$end_crit
[1] 1

$cpu_time
elapsed 
 471.06 

$Refset
$Refset$x
          [,1]     [,2]      [,3]     [,4]     [,5]     [,6]     [,7]     [,8]     [,9]    [,10]
 [1,] 18.90218 281.6555 0.9635442 20.25743 286.4518 42.92142 28.80524 7.349732 5.429451 3.232788
 [2,] 19.04913 289.9322 0.9111362 20.31639 286.4487 42.88109 28.66294 7.326312 5.499113 3.410043
 [3,] 18.92118 288.3015 0.9154073 20.34496 286.4472 42.86993 28.73850 7.328992 5.716985 3.394518
 [4,] 19.09533 289.0905 0.9149901 20.31188 286.4480 42.87439 28.72051 7.325840 5.497254 3.412067
 [5,] 18.97685 289.0486 0.9665310 20.24698 286.4530 42.85212 28.75963 7.318865 5.475456 3.430442
 [6,] 19.01644 291.0107 0.9371289 20.24740 286.4558 42.90670 28.79089 7.307640 5.178920 3.117000
 [7,] 18.82165 283.6087 0.9073380 20.27249 286.4468 42.87224 28.69459 7.288934 5.606424 3.221053
 [8,] 19.25573 286.7459 0.9159394 20.26978 286.4399 42.85088 28.72655 7.328946 5.577154 3.390014
 [9,] 19.46256 291.8046 0.9148489 20.33207 286.4540 42.81538 28.72330 7.312517 5.555817 3.512956
[10,] 19.05097 296.7282 0.8312961 19.41870 286.4451 42.86411 28.76750 7.328755 5.560962 3.336249
[11,] 18.77315 287.8561 0.9003580 20.37038 286.4129 42.83883 28.82357 6.382887 5.597717 3.394828
[12,] 18.96335 288.7878 0.9651990 20.30426 286.2178 42.41621 28.63396 6.982201 5.510605 3.453251

$Refset$f
 [1] 413.3108 429.6562 422.8785 431.1997 432.1354 440.9306 447.6944 441.3073 484.1267 487.8681
[11] 657.3385 612.2986

$Refset$fpen
 [1] 413.3108 429.6562 422.8785 431.1997 432.1354 440.9306 447.6944 441.3073 484.1267 487.8681
[11] 657.3385 612.2986

$Refset$const
          [,1]     [,2]     [,3]     [,4]     [,5]
 [1,] 14.82798 30.57055 15.74257 1.536537 2.648545
 [2,] 14.81728 30.50089 15.68361 1.537151 2.639569
 [3,] 14.62798 30.28301 15.65504 1.537117 2.644732
 [4,] 14.81463 30.50275 15.68812 1.537085 2.643557
 [5,] 14.77152 30.52454 15.75302 1.536399 2.649039
 [6,] 15.06848 30.82108 15.75260 1.536103 2.649658
 [7,] 14.66606 30.39358 15.72751 1.537272 2.641472
 [8,] 14.69263 30.42285 15.73022 1.537916 2.642246
 [9,] 14.77625 30.44418 15.66793 1.536319 2.648584
[10,] 13.85774 30.43904 16.58130 1.537270 2.646254
[11,] 14.77267 30.40228 15.62962 1.540654 2.640044
[12,] 14.79365 30.48940 15.69574 1.561832 2.582548

$Refset$penalty
 [1] 0 0 0 0 0 0 0 0 0 0 0 0


