$f
 [1] 4230.727 1560.913 1484.686 1454.141 1439.997 1428.236 1388.812 1178.734 1172.394 1164.618
[11] 1153.950 1146.911 1141.184 1128.033 1122.042 1118.191 1107.427 1107.104 1083.191 1079.177
[21] 1074.207 1062.731 1062.304 1062.304

$x
           [,1]     [,2]      [,3]     [,4]     [,5]     [,6]     [,7]     [,8]     [,9]
xbest  9.185085 439.6662 0.4293383 16.24381 286.0214 47.38982 27.06247 6.648644 4.417360
xbest 10.007829 423.7764 0.2391667 15.00000 286.7052 47.99681 24.66776 6.626761 2.979281
xbest 10.007829 403.7764 0.2328777 15.00000 286.7052 47.99825 24.66635 6.626761 3.068799
xbest 10.836959 393.9122 0.1256687 15.00000 286.6561 48.00000 24.47639 7.010272 2.000000
xbest 10.786505 343.7490 0.1261127 15.46434 286.5932 47.88366 26.58832 7.143956 2.113898
xbest 10.712196 385.5665 0.1352856 15.30280 286.7101 48.00000 24.71317 7.000609 2.248631
xbest 10.501987 328.3472 0.1187459 15.77732 286.5760 47.87597 27.34547 7.795570 2.000000
xbest 10.456749 348.3472 0.1159334 15.49935 286.5773 47.98602 27.48173 7.795570 2.000000
xbest  9.909283 364.2797 0.1660682 16.43732 286.6174 47.84493 24.03226 7.590323 2.594854
xbest  9.909283 364.2894 0.1685292 16.43732 286.6174 47.84180 24.07289 7.588761 2.633916
xbest  9.345153 370.2987 0.2034340 16.86988 286.6076 47.62318 24.10570 7.552337 2.731756
xbest  9.345153 370.2987 0.2259340 16.87867 286.6076 47.62318 24.10570 7.551946 2.745037
xbest  9.272510 384.7902 0.3220993 16.99203 286.6066 47.52331 24.12789 7.547072 2.547040
xbest  9.273669 386.5012 0.3192579 16.99162 286.6066 47.52074 24.12905 7.547569 2.557981
xbest  9.086169 391.5449 0.2967579 16.99162 286.6066 47.52074 24.12905 7.547569 2.559728
xbest  9.288143 382.8350 0.2545810 17.13865 286.6205 47.44484 24.00000 7.546320 2.546935
xbest  9.288143 382.8350 0.2770810 17.13865 286.6203 47.44484 24.00000 7.546320 2.559435
xbest  9.280493 389.5715 0.3045241 16.87150 286.7018 47.77745 24.08264 7.529303 2.605896
xbest  9.280493 390.8117 0.3270241 17.05900 286.6995 47.77745 24.08264 7.529303 2.618396
xbest  9.387668 386.0289 0.2914622 17.11231 286.7079 47.84156 24.14093 7.526971 2.673651
xbest  9.328668 387.4079 0.3271822 16.99462 286.7189 47.84960 24.19168 7.522876 2.675394
xbest  9.420129 386.7876 0.3274425 16.98710 286.7209 47.84359 24.20508 7.522865 2.643551
xbest  9.420129 386.7876 0.3274425 16.98710 286.7209 47.84359 24.20508 7.522865 2.640426
xbest  9.420129 386.7876 0.3274425 16.98710 286.7209 47.84359 24.20508 7.522865 2.640426
         [,10]
xbest 1.432955
xbest 1.200211
xbest 1.200000
xbest 1.240040
xbest 1.257266
xbest 1.227555
xbest 1.212852
xbest 1.209533
xbest 1.675404
xbest 1.670209
xbest 1.816158
xbest 1.816158
xbest 1.822499
xbest 1.821562
xbest 1.818593
xbest 1.786048
xbest 1.786048
xbest 1.865133
xbest 1.879977
xbest 1.888655
xbest 1.912931
xbest 1.917731
xbest 1.920699
xbest 1.920699

$time
elapsed elapsed elapsed elapsed elapsed elapsed elapsed elapsed elapsed elapsed elapsed elapsed 
   1.35    3.44    5.16    9.18   18.19   22.24   24.32   28.40  223.94  226.75  286.43  287.86 
elapsed elapsed elapsed elapsed elapsed elapsed elapsed elapsed elapsed elapsed elapsed elapsed 
 297.79  306.77  310.27  367.65  368.86  417.50  419.32  427.40  429.52  436.57  441.88  464.08 

$neval
 [1]   106   261   380   664  1234  1509  1650  1925 14453 14586 18529 18627 19306 19848 20088
[16] 23746 23830 27099 27226 27777 27914 28322 28671 30013

$fbest
[1] 1062.304

$xbest
 [1]   9.4201287 386.7875590   0.3274425  16.9871024 286.7208712  47.8435938  24.2050783
 [8]   7.5228646   2.6404259   1.9206994

$numeval
[1] 30013

$end_crit
[1] 1

$cpu_time
elapsed 
 464.08 

$Refset
$Refset$x
            [,1]        [,2]        [,3]      [,4]       [,5]       [,6]       [,7]       [,8]
 [1,]   9.420129   0.3274425 286.7208712 24.205078   2.640426   9.420129  0.3274425 286.720871
 [2,] 386.787559  16.9871024  47.8435938  7.522865   1.920699 386.787559 16.9871024  47.843594
 [3,]   9.448938 387.6798779   0.3367068 16.961139 286.723775  47.853255 24.2044443   7.523379
 [4,]   9.427278 386.1056633   0.2951678 17.148105 286.707737  47.830572 24.1369127   7.527520
 [5,]   9.391550 392.5232180   0.3225037 16.954778 286.722455  47.986444 24.2006503   7.531870
 [6,]  17.238293 468.3059772   0.9316298 20.500622 285.603149  33.353800 47.8642280   7.344328
 [7,]  24.145502 254.3985900   0.8501301 21.362722 284.309657  31.607501 25.2340580   9.604437
 [8,]   9.409813 384.2437286   0.2935029 17.118691 286.707703  47.759199 24.1469155   7.532406
 [9,]   9.401654 384.9238756   0.2843421 17.244445 286.701082  47.814896 24.1780648   7.536168
[10,]   9.209222 379.6373089   0.2596278 17.256446 286.612310  47.541705 24.1279844   7.547647
[11,]   9.345287 378.9523243   0.2587091 17.101353 286.610392  47.533949 24.1513497   7.547985
[12,]  10.036622 393.6799556   0.3358683 17.915432 286.762334  48.000000 24.2003483   7.005774
           [,9]    [,10]
 [1,] 24.205078 2.640426
 [2,]  7.522865 1.920699
 [3,]  2.622894 1.917840
 [4,]  2.684620 1.886893
 [5,]  2.631915 1.874521
 [6,]  6.277625 4.447750
 [7,]  3.560301 2.845701
 [8,]  2.638369 1.862134
 [9,]  2.591580 1.859293
[10,]  2.631271 1.796896
[11,]  2.613219 1.795605
[12,]  3.061739 3.509659

$Refset$f
 [1]   1062.304   1062.304   1065.755   1067.965   1074.543 483214.747 459369.222   1090.290
 [9]   1112.339   1116.238   1116.476   1737.788

$Refset$fpen
 [1]     1062.304     1062.304     1065.755     1067.965     1074.543 16846905.150   459369.222
 [8]     1090.290     1112.339     1116.238     1116.476     1737.788

$Refset$const
          [,1]      [,2]      [,3]      [,4]      [,5]
 [1,] 14.34668 19.012898  2.303376 33.359574  1.520329
 [2,] 33.35957  1.520329 14.346677 19.012898  2.303376
 [3,] 14.33825 33.377106 19.038861  1.520085  2.304044
 [4,] 14.46348 33.315380 18.851895  1.521461  2.296059
 [5,] 14.32286 33.368085 19.045222  1.520225  2.300072
 [6,] 14.22300 29.722375 15.499378  1.269246 19.863690
 [7,] 17.80242 32.439699 14.637278  1.807238  2.566794
 [8,] 14.48032 33.361631 18.881309  1.521448  2.298343
 [9,] 14.65287 33.408420 18.755555  1.522006  2.296362
[10,] 14.62518 33.368729 18.743554  1.529396  2.272872
[11,] 14.48813 33.386781 18.898647  1.529556  2.273634
[12,] 14.85369 32.938261 18.084568  1.516840  2.312786

$Refset$penalty
 [1]  0.00000  0.00000  0.00000  0.00000  0.00000 16.36369  0.00000  0.00000  0.00000  0.00000
[11]  0.00000  0.00000


