$f
 [1] 2311.1128 1168.1354 1034.0590  841.5469  826.6007  826.0781  802.5087  798.6024  731.9705
[10]  723.3125  702.4531  698.2656  677.3785  673.6441  670.8767  638.0278  635.5035  628.7951
[19]  628.7951

$x
           [,1]     [,2]      [,3]     [,4]     [,5]     [,6]     [,7]     [,8]     [,9]
xbest  8.652335 300.6934 0.5176795 27.26500 285.4997 44.61648 31.09231 7.174246 2.930807
xbest 11.975671 247.9513 0.3251396 21.05064 285.7140 40.35083 29.77578 6.228616 5.961250
xbest 11.975671 247.9513 0.6232646 21.06823 285.7140 40.35083 31.09103 6.216116 5.761250
xbest 11.599909 264.5374 0.7630419 21.13852 285.6329 39.67697 29.66885 6.666032 5.065026
xbest 11.867283 226.4536 0.3856367 19.37902 285.8696 42.54692 31.18007 7.092339 6.899945
xbest 12.048940 252.9080 0.8977593 20.72062 285.9533 44.87865 28.35724 6.764057 5.879409
xbest 11.903159 224.7682 0.5004942 19.85165 285.8623 42.56479 31.12691 7.099368 6.867724
xbest 12.038039 254.8933 0.9263140 20.59569 285.9672 44.86445 28.25599 6.773363 5.882491
xbest 12.038039 234.2879 1.0000000 20.59569 285.9602 44.86445 28.25599 6.773363 5.932491
xbest 11.130447 265.7828 0.4080639 20.82046 285.7317 45.03288 29.25948 7.219604 4.808663
xbest 11.130447 265.1578 0.4101733 20.44546 285.7317 45.03288 29.25948 7.219604 4.789913
xbest 11.060301 251.4382 0.4156131 20.92053 285.6722 45.03119 29.26391 7.238622 5.007384
xbest 11.063888 251.8283 0.4213447 21.50726 285.8112 45.36746 29.63965 7.167669 5.080083
xbest 11.063888 251.8283 0.4213447 21.50690 285.8113 45.36746 29.68028 7.167669 5.080083
xbest 10.922311 251.0360 0.3782462 21.40961 285.7941 45.31287 29.44740 7.168807 5.070098
xbest 10.330420 251.0360 0.3898424 21.40961 285.7941 45.30980 29.77240 7.168807 5.070098
xbest 10.937960 250.8338 0.3805620 20.88150 285.7810 45.63555 29.47725 7.184029 5.076172
xbest 10.937960 250.8338 0.4030620 20.88736 285.7775 45.63555 29.47725 7.184029 5.113672
xbest 10.937960 250.8338 0.4030620 20.88736 285.7775 45.63555 29.47725 7.184029 5.113672
         [,10]
xbest 2.956360
xbest 2.419781
xbest 2.419781
xbest 1.747025
xbest 2.811211
xbest 1.903612
xbest 2.807611
xbest 1.904201
xbest 1.904201
xbest 3.226844
xbest 3.220907
xbest 3.167616
xbest 2.959308
xbest 2.959308
xbest 3.000449
xbest 2.988574
xbest 2.988438
xbest 2.988438
xbest 2.988438

$time
 elapsed  elapsed  elapsed  elapsed  elapsed  elapsed  elapsed  elapsed  elapsed  elapsed 
    1.64     4.51     6.81    11.95    14.53    22.06    27.72    32.53    34.48   111.67 
 elapsed  elapsed  elapsed  elapsed  elapsed  elapsed  elapsed  elapsed  elapsed 
  113.97   194.59   226.22   228.47   262.28   264.58   301.72   303.61 19646.44 

$neval
 [1]   106   261   390   675   815  1226  1499  1770  1874  5910  6030 10234 11901 11984 13756
[16] 13868 15756 15852 17215

$fbest
[1] 628.7951

$xbest
 [1]  10.937960 250.833814   0.403062  20.887356 285.777517  45.635551  29.477253   7.184029
 [9]   5.113672   2.988438

$numeval
[1] 17215

$end_crit
[1] 2

$cpu_time
 elapsed 
19646.44 

$Refset
$Refset$x
           [,1]       [,2]        [,3]      [,4]       [,5]      [,6]      [,7]       [,8]
 [1,]  10.93796   0.403062 285.7775165 29.477253   5.113672  10.93796  0.403062 285.777517
 [2,] 250.83381  20.887356  45.6355508  7.184029   2.988438 250.83381 20.887356  45.635551
 [3,]  10.95529 250.939506   0.3757855 20.817730 285.778246  45.46198 29.534124   7.179294
 [4,]  10.94368 250.871459   0.3809841 20.871927 285.780532  45.60837 29.478735   7.183201
 [5,]  10.82572 249.989144   0.4021007 21.155039 285.770470  45.35462 29.411384   7.173987
 [6,]  10.89142 250.606636   0.3776346 21.402909 285.796911  45.32128 29.491746   7.168891
 [7,]  10.82570 249.613512   0.3824484 21.250951 285.777882  45.62883 29.496430   7.172122
 [8,]  11.12176 251.063936   0.3979598 20.629267 285.650517  44.90482 29.181581   7.232706
 [9,]  11.07517 250.532528   0.3803759 20.460829 285.663646  45.63971 29.303807   7.234807
[10,]  10.97740 251.221420   0.3849892 20.864969 285.731602  45.33495 29.466796   7.185876
[11,]  10.39676 250.907443   0.3916181 21.582832 285.768985  45.45582 29.372260   7.184347
[12,]  11.14946 250.138032   0.4026205 20.800379 285.690989  45.01593 29.298733   7.233404
           [,9]    [,10]
 [1,] 29.477253 5.113672
 [2,]  7.184029 2.988438
 [3,]  5.090166 2.990795
 [4,]  5.077438 2.989041
 [5,]  5.069784 2.982967
 [6,]  5.073341 2.992148
 [7,]  5.067668 2.954320
 [8,]  5.114573 3.231567
 [9,]  5.082844 3.178197
[10,]  5.041612 2.999009
[11,]  5.051869 2.921815
[12,]  5.056607 3.176020

$Refset$f
 [1] 628.7951 628.7951 631.5868 633.8472 647.4878 662.1580 668.9201 703.1059 704.6510 714.7240
[11] 661.8333 713.2951

$Refset$fpen
 [1] 628.7951 628.7951 631.5868 633.8472 647.4878 662.1580 668.9201 703.1059 704.6510 714.7240
[11] 661.8333 713.2951

$Refset$const
          [,1]      [,2]      [,3]      [,4]     [,5]
 [1,] 15.77368 15.112644  2.384533 30.886328 1.608105
 [2,] 30.88633  1.608105 15.773684 15.112644 2.384533
 [3,] 15.72756 30.909834 15.182270  1.608211 2.394224
 [4,] 15.79449 30.922562 15.128073  1.607826 2.386307
 [5,] 16.08526 30.930216 14.844961  1.608935 2.389401
 [6,] 16.32957 30.926659 14.597091  1.606380 2.401432
 [7,] 16.18328 30.932332 14.749049  1.608094 2.385936
 [8,] 15.51469 30.885427 15.370733  1.620993 2.365749
 [9,] 15.37798 30.917156 15.539171  1.619088 2.349027
[10,] 15.82336 30.958388 15.135031  1.612906 2.384240
[11,] 16.53096 30.948131 14.417168  1.608967 2.383163
[12,] 15.74377 30.943393 15.199621  1.617024 2.377253

$Refset$penalty
 [1] 0 0 0 0 0 0 0 0 0 0 0 0


