$f
 [1] 1710.7917 1165.7170 1112.0625 1091.7153  978.2448  947.7031  869.0035  786.5903  673.8507
[10]  667.6007  634.6406  625.7205  567.8698  564.8594  564.4670  563.4549  563.4531  560.7361
[19]  560.5260  559.4115  559.3802  559.3177  559.0365  558.6059  558.5417  558.4271  558.4271

$x
          [,1]     [,2]      [,3]     [,4]     [,5]     [,6]     [,7]     [,8]     [,9]    [,10]
xbest 28.09423 149.7014 0.8782478 20.63702 286.4028 35.54180 29.10687 3.730290 3.606381 3.463381
xbest 15.24509 171.7737 0.4913268 29.90229 285.5587 41.73635 26.08832 6.865172 2.532701 3.574833
xbest 15.24509 151.7737 0.4913268 30.00000 285.5587 41.73635 26.08832 6.865172 2.532701 3.574833
xbest 14.62206 155.9156 0.3377329 30.00000 285.6888 42.84117 24.19179 6.637144 2.640420 4.281944
xbest 16.74971 205.6055 0.7089992 20.28124 285.9253 39.12628 24.84594 7.656149 5.786260 3.778085
xbest 17.39349 212.0984 0.7757021 19.47149 285.8444 38.87633 24.29518 7.672049 7.086130 4.204419
xbest 16.13692 194.3803 0.5564861 27.16305 285.7694 35.88050 28.92026 7.613586 3.135545 3.351198
xbest 13.73323 145.8017 0.6791339 27.14050 285.4570 39.80715 26.71656 9.992924 3.916672 3.233113
xbest 13.86581 145.8017 0.6996452 26.76550 285.4570 39.85715 26.96031 9.992924 3.842777 3.367216
xbest 17.10154 196.9612 0.6564472 20.90110 285.7836 37.45623 26.79854 7.569183 6.379647 3.696951
xbest 17.10154 199.6359 0.7576972 20.90110 285.7836 37.40033 26.79854 7.569183 6.386635 3.714764
xbest 17.26436 197.5014 0.6625976 20.97659 285.8030 37.42467 26.69867 7.566363 6.280134 3.710196
xbest 17.26436 183.4037 1.0000000 17.69475 285.8030 37.42467 26.69867 7.566363 9.480134 3.708801
xbest 17.32350 169.5190 1.0000000 21.47737 285.7907 37.64806 26.54182 7.573327 6.908586 3.731330
xbest 17.32350 169.5385 1.0000000 21.47737 285.7907 37.64806 26.54182 7.573327 6.908586 3.731330
xbest 17.52463 153.9968 0.9192975 22.60586 285.7883 37.63878 26.53821 7.573796 6.703886 3.727938
xbest 17.51709 153.8465 0.9183731 22.63284 285.7884 37.63753 26.53923 7.573773 6.704485 3.727935
xbest 17.51709 153.8465 1.0000000 22.63284 285.7884 37.63753 26.53923 7.573773 6.704485 3.727935
xbest 17.52987 151.3553 0.9424445 22.75440 285.7903 37.65728 26.51603 7.574020 6.737277 3.728144
xbest 17.52694 151.3553 0.9424445 22.75440 285.7903 37.65728 26.51603 7.574020 6.737277 3.728144
xbest 17.48265 154.4989 0.9865329 22.51003 285.7914 37.64869 26.55125 7.573908 6.789742 3.726396
xbest 17.46229 155.7077 0.9973548 22.41189 285.7921 37.64192 26.55516 7.573823 6.815504 3.725111
xbest 17.46229 155.6687 0.9973548 22.41189 285.7921 37.64192 26.55516 7.573823 6.815504 3.725111
xbest 17.48772 154.3259 0.9850052 22.51097 285.7904 37.64653 26.55012 7.573718 6.796489 3.726810
xbest 17.48534 154.3484 0.9915470 22.51215 285.7905 37.64660 26.55003 7.573645 6.796096 3.726491
xbest 17.48344 154.4049 0.9963807 22.47762 285.7912 37.64583 26.55718 7.573622 6.816916 3.726360
xbest 17.48344 154.4049 0.9963807 22.47762 285.7912 37.64583 26.55718 7.573622 6.816916 3.726360

$time
elapsed elapsed elapsed elapsed elapsed elapsed elapsed elapsed elapsed elapsed elapsed elapsed 
   1.22    3.47    4.55    6.59    8.53   12.36   14.23   17.94   26.11   58.25   60.62   90.16 
elapsed elapsed elapsed elapsed elapsed elapsed elapsed elapsed elapsed elapsed elapsed elapsed 
  92.25  293.28  294.26  307.19  312.92  313.92  335.87  336.89  353.59  355.34  356.31  373.75 
elapsed elapsed elapsed 
 401.56  406.31  426.33 

$neval
 [1]   106   264   343   490   633   912  1052  1323  1860  4150  4263  6312  6468 20686 20759
[16] 21706 22119 22195 23684 23758 24981 25117 25191 26530 28465 28802 30095

$fbest
[1] 558.4271

$xbest
 [1]  17.4834357 154.4048628   0.9963807  22.4776184 285.7911798  37.6458277  26.5571762
 [8]   7.5736223   6.8169164   3.7263598

$numeval
[1] 30095

$end_crit
[1] 1

$cpu_time
elapsed 
 426.33 

$Refset
$Refset$x
           [,1]       [,2]        [,3]      [,4]       [,5]      [,6]      [,7]       [,8]
 [1,]  17.48344 154.404863   0.9963807 22.477618 285.791180  37.64583 26.557176   7.573622
 [2,]  17.48379 154.361718   0.9927557 22.482730 285.791145  37.64584 26.555904   7.573638
 [3,]  17.48372 154.380146   0.9940144 22.480250 285.791020  37.64951 26.556130   7.573668
 [4,] 154.34839  22.512146  37.6466017  7.573645   3.726491 154.34839 22.512146  37.646602
 [5,]  17.48534   0.991547 285.7905070 26.550029   6.796096  17.48534  0.991547 285.790507
 [6,]  17.48534 154.348392   0.9915470 22.512146 285.790507  37.64660 26.550029   7.573645
 [7,]  17.50531 151.867593   0.9858877 22.729262 285.791726  37.64751 26.545354   7.573921
 [8,]  17.48024 154.330387   0.9947138 22.537867 285.791327  37.64598 26.552937   7.573637
 [9,]  17.48314 155.670136   0.9985076 22.384359 285.791336  37.64633 26.538626   7.573547
[10,]  17.39388 154.413905   0.9939128 22.479951 285.790608  37.65475 26.564031   7.573623
[11,]  16.55639 165.208719   0.9940168 22.476111 285.779025  37.58898 26.509232   7.583619
[12,]  17.17653 156.437030   0.9863509 22.476754 285.790521  37.71952 26.554742   7.542672
           [,9]    [,10]
 [1,]  6.816916 3.726360
 [2,]  6.814932 3.726514
 [3,]  6.815234 3.726358
 [4,]  7.573645 3.726491
 [5,] 26.550029 6.796096
 [6,]  6.796096 3.726491
 [7,]  6.760453 3.727483
 [8,]  6.785366 3.726179
 [9,]  6.819502 3.726494
[10,]  6.799271 3.727436
[11,]  6.733920 3.745772
[12,]  6.822537 3.725642

$Refset$f
 [1] 558.4271 558.4271 558.4271 558.5417 558.5417 558.5417 558.7743 558.9601 559.6094 605.1649
[11] 734.9878 885.0434

$Refset$fpen
 [1] 558.4271 558.4271 558.4271 558.5417 558.5417 558.5417 558.7743 558.9601 559.6094 605.1649
[11] 734.9878 885.0434

$Refset$const
          [,1]      [,2]     [,3]      [,4]     [,5]
 [1,] 15.66070 29.183084 13.52238  1.607741 2.548173
 [2,] 15.66780 29.185068 13.51727  1.607745 2.548068
 [3,] 15.66502 29.184766 13.51975  1.607760 2.547857
 [4,] 29.20390  1.607819 15.71605 13.487854 2.547420
 [5,] 15.71605 13.487854  2.54742 29.203904 1.607819
 [6,] 15.71605 29.203904 13.48785  1.607819 2.547420
 [7,] 15.96881 29.239547 13.27074  1.607684 2.547331
 [8,] 15.75250 29.214634 13.46213  1.607726 2.547883
 [9,] 15.56486 29.180498 13.61564  1.607730 2.546786
[10,] 15.68068 29.200729 13.52005  1.607805 2.548069
[11,] 15.74219 29.266080 13.52389  1.609110 2.544479
[12,] 15.65422 29.177463 13.52325  1.607832 2.543908

$Refset$penalty
 [1] 0 0 0 0 0 0 0 0 0 0 0 0


