$f
 [1] 1539.4392 1122.2847  757.4514  699.0764  575.7014  566.0417  521.9844  434.4670  415.2049
[10]  326.4514  280.7448  276.9705  267.8628  266.5573  255.8785  255.6476  255.1753  252.7517
[19]  251.7205  251.6840  247.5122  246.0417  244.9115  244.6406  244.2934  243.8455  241.8490
[28]  238.1632  236.0642  231.2292  230.6024  229.1458  226.5017  222.5330  222.2899  221.8715
[37]  220.7431

$x
          [,1]     [,2]      [,3]     [,4]     [,5]     [,6]     [,7]     [,8]     [,9]    [,10]
xbest 17.83630 189.0078 0.1606471 16.81905 286.7660 47.02201 30.10860 5.225758 2.616844 1.930942
xbest 12.95320 248.8072 0.6760944 19.46507 286.5981 39.80052 26.56881 7.142437 4.188771 3.927386
xbest 12.95320 268.8072 0.4874261 19.09007 286.7481 39.80052 25.91881 7.142437 4.588771 4.307386
xbest 14.58342 218.1404 0.1026062 15.06886 286.7031 45.77363 31.40771 7.731610 4.554580 2.471887
xbest 19.20578 167.3940 0.1000000 15.17314 286.8794 45.20185 24.00000 7.658635 2.383744 1.570307
xbest 13.38190 264.0242 0.3208956 15.21867 286.6211 42.10444 25.02001 7.335461 3.771929 2.253275
xbest 13.38190 264.0242 0.2308956 15.21867 286.6211 42.10444 25.02001 7.335461 3.771929 2.253275
xbest 18.34316 124.0851 0.1000000 15.13629 286.7102 48.00000 24.00000 8.076666 4.683123 1.200000
xbest 18.57140 115.4432 0.1000000 15.16545 286.7097 47.93490 24.08194 8.072281 4.812785 1.214838
xbest 18.75087 100.0000 0.1000000 15.00000 286.7262 48.00000 24.00000 8.071684 5.062126 1.205688
xbest 18.54419 100.0000 0.1000000 15.37500 286.7191 48.00000 24.00000 8.071684 5.018376 1.200000
xbest 17.71146 117.5675 0.1546255 17.48587 286.7344 42.76904 24.88621 7.792990 3.626045 1.226627
xbest 17.74076 117.5699 0.1546255 17.48294 286.7344 42.76904 24.94714 7.792990 3.607295 1.226627
xbest 18.01223 114.1986 0.1454615 17.80090 286.7371 42.73616 25.00396 7.789672 3.671038 1.224868
xbest 18.01223 114.1986 0.1454615 18.17883 286.7383 42.73616 24.99889 7.789672 3.646038 1.224868
xbest 17.87408 115.8324 0.1446771 17.79845 286.7392 42.75531 25.06212 7.789575 3.626491 1.226497
xbest 17.87408 115.8324 0.1446771 17.79845 286.7392 42.75531 25.06212 7.789575 3.638991 1.226497
xbest 17.88304 115.7489 0.1463608 17.42123 286.7404 42.74680 25.07495 7.788478 3.900201 1.226394
xbest 17.88304 115.7489 0.1461850 17.42123 286.7404 42.74680 25.07495 7.788478 3.915826 1.226394
xbest 17.88413 115.7245 0.1459463 17.47858 286.7410 42.74845 25.07486 7.788492 3.899483 1.226406
xbest 17.87394 115.7056 0.1459850 17.47138 286.7408 42.75111 25.06965 7.788988 3.885410 1.229133
xbest 17.87394 115.7056 0.1459850 17.65851 286.7408 42.75111 25.06965 7.788988 3.885410 1.229133
xbest 17.84490 115.6412 0.1442996 17.47290 286.7433 42.77184 25.06800 7.789418 3.976993 1.228410
xbest 17.84531 115.6332 0.1443805 17.47385 286.7432 42.77174 25.06781 7.789381 3.975851 1.228402
xbest 17.82822 115.6437 0.1444586 17.47664 286.7436 42.77176 25.08306 7.789444 4.011816 1.228275
xbest 17.82199 115.6435 0.1442492 17.47617 286.7444 42.77258 25.08394 7.789379 4.029490 1.228248
xbest 17.82199 115.6435 0.1442492 17.66367 286.7444 42.77258 25.08394 7.789379 4.029490 1.228248
xbest 18.22332 115.9222 0.1326078 17.49317 286.7435 42.78437 25.06335 7.790498 4.014333 1.228703
xbest 18.22332 115.8441 0.1326078 17.49610 286.7435 42.78437 25.06335 7.790498 4.014333 1.227961
xbest 18.41118 116.2624 0.1247632 17.49410 286.7436 42.78018 25.06270 7.790315 4.068435 1.228925
xbest 18.41118 116.2624 0.1247632 17.49337 286.7436 42.78018 25.06270 7.790315 4.077810 1.228925
xbest 18.89059 116.0975 0.1067670 17.49103 286.7433 42.77854 25.06381 7.789999 4.210827 1.230299
xbest 18.54351 115.8945 0.1184721 17.47825 286.7434 42.77819 25.06127 7.789811 4.145232 1.229690
xbest 18.53765 116.0507 0.1184721 17.47825 286.7431 42.77819 25.06127 7.789811 4.145232 1.228206
xbest 18.54013 115.9534 0.1154286 17.48695 286.7429 42.77630 25.06331 7.790034 4.268410 1.229148
xbest 18.54013 115.9534 0.1154286 17.48695 286.7429 42.77630 25.06331 7.790034 4.271535 1.229148
xbest 18.54013 115.9534 0.1154286 17.48622 286.7429 42.77630 25.06331 7.790034 4.271535 1.228405

$time
elapsed elapsed elapsed elapsed elapsed elapsed elapsed elapsed elapsed elapsed elapsed elapsed 
   1.49    3.99    5.64   10.25   17.30   27.42   28.53   30.56   36.80   38.81   50.56  130.72 
elapsed elapsed elapsed elapsed elapsed elapsed elapsed elapsed elapsed elapsed elapsed elapsed 
 132.53  195.70  197.14  286.88  287.99  315.75  317.02  334.03  338.33  340.28  349.20  355.91 
elapsed elapsed elapsed elapsed elapsed elapsed elapsed elapsed elapsed elapsed elapsed elapsed 
 358.11  360.28  363.55  389.45  390.70  410.20  413.49  427.44  429.56  437.30  473.25  474.30 
elapsed 
 475.64 

$neval
 [1]   106   261   374   664  1081  1766  1843  1978  2386  2522  3301  8445  8571 12638 12737
[16] 18445 18521 20262 20349 21444 21716 21794 22336 22743 22877 23011 23218 24855 24940 26166
[31] 26384 27204 27339 27835 30026 30099 30100

$fbest
[1] 220.7431

$xbest
 [1]  18.5401291 115.9534334   0.1154286  17.4862172 286.7428721  42.7763002  25.0633101
 [8]   7.7900342   4.2715350   1.2284053

$numeval
[1] 30100

$end_crit
[1] 1

$cpu_time
elapsed 
 475.64 

$Refset
$Refset$x
           [,1]        [,2]        [,3]      [,4]       [,5]      [,6]       [,7]       [,8]
 [1,]  18.54013   0.1154286 286.7428721 25.063310   4.271535  18.54013  0.1154286 286.742872
 [2,] 115.95343  17.4869497  42.7763002  7.790034   1.229148 115.95343 17.4869497  42.776300
 [3,]  18.48799 115.7862548   0.1164436 17.510294 286.743038  42.77296 25.0629640   7.789760
 [4,]  18.50646 116.0091236   0.1165262 17.493304 286.742811  42.77485 25.0637837   7.789815
 [5,]  18.54240 115.9610689   0.1178932 17.486108 286.743581  42.78099 25.0626572   7.790251
 [6,]  18.53518 116.2013664   0.1171238 17.483047 286.742398  42.77543 25.0630772   7.789877
 [7,]  18.54013 115.9534334   0.1154286 17.486950 286.742872  42.77630 25.0633101   7.790034
 [8,]  18.54341 116.0205718   0.1156503 17.494900 286.742818  42.77846 25.0631879   7.789787
 [9,]  18.46851 115.9128354   0.1173940 17.507454 286.743016  42.77913 25.0627917   7.789921
[10,]  18.63648 116.3007525   0.1141623 17.491303 286.742673  42.77273 25.0636256   7.789577
[11,]  15.06093 184.9219209   0.1350635 16.236658 286.589707  42.75902 25.6369741   7.574327
[12,]  18.52379 117.6703456   0.1375727 17.510392 286.739152  42.77344 25.0156221   7.828948
           [,9]    [,10]
 [1,] 25.063310 4.271535
 [2,]  7.790034 1.229148
 [3,]  4.304522 1.229248
 [4,]  4.305904 1.229314
 [5,]  4.147393 1.228178
 [6,]  4.170092 1.228384
 [7,]  4.268410 1.229148
 [8,]  4.248957 1.229191
 [9,]  4.269961 1.229275
[10,]  4.169902 1.230396
[11,]  4.183615 1.224607
[12,]  4.312083 1.439621

$Refset$f
 [1] 221.8715 221.8715 222.5660 222.6632 222.5556 223.0295 222.2899 222.7326 223.0590 225.7917
[11] 677.5382 639.4531

$Refset$fpen
 [1] 221.8715 221.8715 222.5660 222.6632 222.5556 223.0295 222.2899 222.7326 223.0590 225.7917
[11] 677.5382 639.4531

$Refset$const
          [,1]      [,2]      [,3]      [,4]     [,5]
 [1,] 13.21541 18.513050  2.513637 31.728465 1.513984
 [2,] 31.72846  1.513984 13.215415 18.513050 2.513637
 [3,] 13.20577 31.695478 18.489706  1.513964 2.513799
 [4,] 13.18740 31.694096 18.506696  1.513987 2.513697
 [5,] 13.33872 31.852607 18.513892  1.513919 2.513682
 [6,] 13.31295 31.829908 18.516953  1.514030 2.513481
 [7,] 13.21854 31.731590 18.513050  1.513984 2.513637
 [8,] 13.24594 31.751043 18.505100  1.513992 2.513529
 [9,] 13.23749 31.730039 18.492546  1.513974 2.513552
[10,] 13.32140 31.830098 18.508697  1.513999 2.513715
[11,] 12.05304 31.816385 19.763342  1.528219 2.496022
[12,] 13.19831 31.687917 18.489608  1.514447 2.509391

$Refset$penalty
 [1] 0 0 0 0 0 0 0 0 0 0 0 0


