$f
 [1] 2084.3281 2035.6667 1245.3003 1225.3472 1174.5538 1171.5590 1164.0035  967.4410  964.1510
[10]  961.4306  960.7101  959.7066  956.4601  956.3785  955.6389  955.4531  954.7049  954.5677
[19]  954.0330  953.2014  952.5260  951.1042  951.0677  950.9826  950.5781  950.5781

$x
          [,1]     [,2]      [,3]     [,4]     [,5]     [,6]     [,7]     [,8]     [,9]    [,10]
xbest 9.448796 315.0368 0.8820500 17.20790 286.1662 38.29859 33.38972 9.963216 2.801790 2.100695
xbest 7.630931 100.0000 0.8198398 30.00000 284.0000 48.00000 24.00000 2.061145 6.567381 3.391471
xbest 7.630931 120.1801 0.7099969 28.87500 284.0000 45.60000 26.60000 2.061145 6.511480 4.173897
xbest 8.101336 345.6819 0.4463336 18.97622 285.5508 34.01400 25.08332 7.428819 4.718398 2.740330
xbest 8.068160 312.9643 0.4333314 18.90839 285.5593 34.19306 25.08149 7.465818 5.501430 2.404723
xbest 8.043319 361.1171 0.5695145 20.45735 285.5552 34.28768 25.10701 7.475089 4.125444 2.703119
xbest 7.935607 360.9869 0.4024164 20.04254 285.4809 34.09158 24.98385 7.450180 3.897769 2.689775
xbest 8.996267 267.2867 0.5157745 23.04254 285.4809 34.09158 24.98385 7.450180 3.774025 2.471456
xbest 8.699400 354.0634 0.7782001 19.69612 285.5507 34.46223 25.36299 7.486907 3.818677 2.321971
xbest 8.746275 354.0634 0.7782001 19.69612 285.5507 34.46223 25.36299 7.486907 3.806177 2.321971
xbest 8.685875 354.4941 0.7251240 19.65722 285.5663 34.45549 25.38765 7.484803 3.801581 2.332373
xbest 8.729684 354.1521 0.7241426 19.62381 285.5652 34.47193 25.37874 7.485381 3.816298 2.330532
xbest 8.828931 348.1357 0.7275421 19.87684 285.5671 34.42354 25.39659 7.481637 3.759806 2.333787
xbest 8.771390 349.5335 0.7084493 19.76645 285.5669 34.44522 25.39401 7.483214 3.797397 2.333182
xbest 8.771390 349.4944 0.7084493 19.76645 285.5669 34.44522 25.39401 7.483214 3.800522 2.333182
xbest 8.830151 354.0242 0.8156375 19.76389 285.5662 34.44946 25.38525 7.483041 3.778362 2.335458
xbest 8.830151 353.9460 0.8152860 19.76389 285.5662 34.44946 25.38525 7.483041 3.781487 2.335458
xbest 8.875186 351.8435 0.7961636 19.80499 285.5658 34.44541 25.39631 7.481160 3.787320 2.336377
xbest 8.875186 351.8435 0.8186636 19.80792 285.5658 34.44541 25.39631 7.481160 3.799820 2.336377
xbest 8.868858 350.7102 0.8037561 19.84488 285.5660 34.44309 25.39471 7.480125 3.787525 2.337864
xbest 8.922732 348.8771 0.7813476 19.76122 285.5658 34.44600 25.39406 7.481236 3.845409 2.335281
xbest 8.930182 348.8985 0.7799316 19.77087 285.5657 34.44601 25.39440 7.481375 3.826282 2.335032
xbest 8.930182 348.9180 0.7799316 19.77087 285.5657 34.44601 25.39440 7.481375 3.826282 2.335032
xbest 8.918939 349.4217 0.8058135 19.81943 285.5651 34.46523 25.38236 7.483480 3.807855 2.335422
xbest 8.918939 349.4217 0.8058135 19.81943 285.5651 34.46523 25.38236 7.483480 3.807855 2.336164
xbest 8.918939 349.4217 0.8058135 19.81943 285.5651 34.46523 25.38236 7.483480 3.807855 2.336164

$time
elapsed elapsed elapsed elapsed elapsed elapsed elapsed elapsed elapsed elapsed elapsed elapsed 
   1.38    3.63    5.78   18.91   20.98   25.05   27.77   30.08  131.78  133.00  135.00  139.05 
elapsed elapsed elapsed elapsed elapsed elapsed elapsed elapsed elapsed elapsed elapsed elapsed 
 141.11  151.92  155.14  165.72  176.91  227.70  228.98  235.97  247.02  251.16  252.25  318.94 
elapsed elapsed 
 320.02  462.14 

$neval
 [1]   106   259   409  1249  1387  1663  1798  1953  8676  8758  8894  9169  9307  9983 10199
[16] 10873 11625 14890 14975 15390 16082 16358 16431 20771 20844 30034

$fbest
[1] 950.5781

$xbest
 [1]   8.9189390 349.4216887   0.8058135  19.8194281 285.5650717  34.4652295  25.3823581
 [8]   7.4834802   3.8078546   2.3361638

$numeval
[1] 30034

$end_crit
[1] 1

$cpu_time
elapsed 
 462.14 

$Refset
$Refset$x
          [,1]     [,2]      [,3]     [,4]     [,5]     [,6]     [,7]     [,8]     [,9]    [,10]
 [1,] 8.936046 349.0287 0.7986976 19.81153 285.5664 34.46344 25.39287 7.481424 3.820494 2.336049
 [2,] 8.935075 349.0605 0.7986090 19.81387 285.5661 34.46185 25.39490 7.481431 3.817872 2.336231
 [3,] 8.936874 349.0544 0.7991042 19.81185 285.5662 34.45848 25.39192 7.481327 3.819685 2.336078
 [4,] 8.929681 348.7257 0.7834345 19.79930 285.5666 34.46787 25.39419 7.481220 3.816704 2.336597
 [5,] 8.928334 349.0575 0.7988563 19.82224 285.5675 34.45109 25.39736 7.481228 3.818197 2.336084
 [6,] 8.935974 349.1355 0.7987833 19.80991 285.5662 34.45922 25.39396 7.481461 3.818951 2.336117
 [7,] 8.935512 348.7763 0.7963832 19.80883 285.5665 34.45472 25.39575 7.481451 3.821546 2.336113
 [8,] 8.935450 348.6463 0.7975045 19.81308 285.5663 34.45966 25.39503 7.481362 3.819886 2.336079
 [9,] 8.933634 348.9590 0.7986783 19.81093 285.5663 34.45980 25.39691 7.481417 3.817983 2.335987
[10,] 8.945349 348.1222 0.7962427 19.77282 285.5683 34.45640 25.41012 7.483389 3.824083 2.331710
[11,] 8.928327 348.9357 0.7938654 19.80453 285.5667 34.46694 25.39313 7.481482 3.817644 2.336339
[12,] 8.942397 349.8665 0.8433676 19.79584 285.5609 34.46224 25.39115 7.489034 3.807222 2.326899

$Refset$f
 [1] 950.7396 950.7396 950.7396 951.1076 951.3628 950.7396 951.1458 951.4080 951.1458 954.5521
[11] 951.4132 955.9392

$Refset$fpen
 [1] 950.7396 950.7396 950.7396 951.1076 951.3628 950.7396 951.1458 951.4080 951.1458 954.5521
[11] 951.4132 955.9392

$Refset$const
          [,1]     [,2]     [,3]     [,4]     [,5]
 [1,] 15.99104 32.17951 16.18847 1.633539 2.583745
 [2,] 15.99600 32.18213 16.18613 1.633575 2.583949
 [3,] 15.99217 32.18031 16.18815 1.633563 2.583929
 [4,] 15.98260 32.18330 16.20070 1.633520 2.583617
 [5,] 16.00404 32.18180 16.17776 1.633412 2.585159
 [6,] 15.99096 32.18105 16.19009 1.633567 2.584050
 [7,] 15.98728 32.17845 16.19117 1.633534 2.584551
 [8,] 15.99320 32.18011 16.18692 1.633556 2.584134
 [9,] 15.99294 32.18202 16.18907 1.633550 2.584300
[10,] 15.94874 32.17592 16.22718 1.633315 2.586107
[11,] 15.98689 32.18236 16.19547 1.633510 2.583603
[12,] 15.98861 32.19278 16.20416 1.634202 2.582368

$Refset$penalty
 [1] 0 0 0 0 0 0 0 0 0 0 0 0


