$f
 [1] 2460.3750 1702.1458 1508.4427 1407.3924 1192.4583 1177.4427 1125.1181 1087.0312 1031.7014
[10] 1006.0104  993.3507  942.2187  814.2760  789.7083

$x
          [,1]     [,2]      [,3]     [,4]     [,5]     [,6]     [,7]     [,8]     [,9]    [,10]
xbest 20.95677 428.1907 0.4887749 15.52328 285.3551 29.77290 26.12605 3.823606 3.869176 3.765737
xbest 24.82289 100.0000 0.5921613 15.00000 286.8525 44.43104 26.86692 4.250902 8.932644 4.002600
xbest 24.82289 118.7500 0.2715363 15.00000 286.8525 44.43104 26.86692 4.450902 8.932644 4.002600
xbest 16.43537 230.3879 0.3369207 17.62196 286.4018 43.33870 27.87896 7.320106 5.416625 3.400501
xbest 16.49346 229.3065 0.2995020 17.42555 286.3668 43.53949 26.76486 7.296920 5.411643 3.340525
xbest 16.44380 229.8964 0.3281549 17.55348 286.3910 43.43026 27.21584 7.329492 5.413773 3.378553
xbest 16.44380 249.8964 0.5981549 17.55348 286.3898 43.45526 27.21584 7.329492 5.363773 3.378553
xbest 17.38335 105.4282 0.9921754 19.49381 286.9119 47.43787 26.06763 8.216442 9.804980 2.225169
xbest 17.38335 100.0000 0.7300000 19.49381 286.9137 47.43787 26.06763 8.216442 9.779980 2.225169
xbest 17.86039 120.2120 0.8929582 19.79218 286.8590 46.66720 24.23997 8.139394 7.631180 2.534112
xbest 17.22257 115.1840 1.0000000 19.90076 286.8790 47.22980 26.08808 8.173626 9.172533 2.241236
xbest 17.93907 117.7334 0.9285672 19.81824 286.8553 46.92779 25.20280 8.132058 8.242642 2.386511
xbest 16.81407 100.0000 0.9285672 21.26267 286.8553 46.92779 25.21314 8.132058 9.292642 2.398593
xbest 16.72032 100.0000 0.9890360 21.26267 286.8553 46.92779 25.21314 8.138308 9.273892 2.377811

$time
elapsed elapsed elapsed elapsed elapsed elapsed elapsed elapsed elapsed elapsed elapsed elapsed 
   1.30    3.44    4.77   10.67   20.72   24.47   25.78   63.69   64.91   79.69   81.52   83.36 
elapsed elapsed 
  85.08  420.33 

$neval
 [1]   106   261   361   797  1495  1778  1876  4285  4380  5461  5594  5729  5855 30043

$fbest
[1] 789.7083

$xbest
 [1]  16.720316 100.000000   0.989036  21.262670 286.855279  46.927795  25.213136   8.138308
 [9]   9.273892   2.377811

$numeval
[1] 30043

$end_crit
[1] 1

$cpu_time
elapsed 
 420.33 

$Refset
$Refset$x
          [,1]     [,2]      [,3]     [,4]     [,5]     [,6]     [,7]     [,8]     [,9]    [,10]
 [1,] 18.20276 128.2233 0.9842927 17.64391 286.6083 44.60562 24.18720 7.988379 9.437748 2.938820
 [2,] 18.20068 128.2615 0.9857080 17.64279 286.6084 44.60499 24.19096 7.988472 9.438260 2.938755
 [3,] 18.18688 128.3018 0.9831490 17.66564 286.6079 44.60222 24.19409 7.988281 9.440903 2.938266
 [4,] 18.19800 128.2926 0.9823417 17.64350 286.6082 44.60452 24.19256 7.988448 9.439935 2.938751
 [5,] 18.20709 128.2092 0.9811784 17.64810 286.6085 44.60240 24.19167 7.987121 9.438611 2.938900
 [6,] 18.19876 128.1841 0.9831611 17.67788 286.6095 44.60524 24.19458 7.988068 9.438184 2.937486
 [7,] 18.20762 127.2441 0.9852763 17.67755 286.6067 44.62486 24.18964 7.989155 9.464624 2.941066
 [8,] 18.20119 128.3178 0.9839494 17.63808 286.6083 44.61022 24.18859 7.988525 9.438160 2.938465
 [9,] 18.19468 132.4346 0.9852523 17.64296 286.6035 44.60518 24.19097 7.988258 9.511976 2.937518
[10,] 18.09310 128.2679 0.9459830 17.64962 286.6082 44.59864 24.15281 7.987878 9.455185 2.934556
[11,] 18.34631 127.0658 0.9413127 17.68480 286.6088 44.60681 24.19829 7.984103 9.438185 2.937948
[12,] 18.34403 128.2555 0.9815553 17.68901 286.6090 44.60848 24.19189 7.998331 9.439169 2.838543

$Refset$f
 [1] 814.9792 814.9792 815.5278 815.5278 815.8021 816.9271 821.0208 819.3611 838.7483 848.0035
[11] 900.4635 949.4063

$Refset$fpen
 [1] 814.9792 814.9792 815.5278 815.5278 815.8021 816.9271 821.0208 819.3611 838.7483 848.0035
[11] 900.4635 949.4063

$Refset$const
          [,1]     [,2]     [,3]     [,4]     [,5]
 [1,] 8.206159 26.56225 18.35609 1.529297 2.355170
 [2,] 8.204526 26.56174 18.35721 1.529286 2.355428
 [3,] 8.224742 26.55910 18.33436 1.529323 2.355540
 [4,] 8.203567 26.56006 18.35650 1.529304 2.355462
 [5,] 8.209488 26.56139 18.35190 1.529277 2.355573
 [6,] 8.239696 26.56182 18.32212 1.529186 2.355970
 [7,] 8.212922 26.53538 18.32245 1.529447 2.354211
 [8,] 8.199925 26.56184 18.36192 1.529297 2.355112
 [9,] 8.130985 26.48802 18.35704 1.529722 2.353864
[10,] 8.194433 26.54482 18.35038 1.529327 2.353441
[11,] 8.246614 26.56181 18.31520 1.529246 2.355906
[12,] 8.249842 26.56083 18.31099 1.529230 2.355577

$Refset$penalty
 [1] 0 0 0 0 0 0 0 0 0 0 0 0


