$f
 [1] 599.1719 399.5660 334.2378 303.9705 282.0677 279.8837 267.6510 260.4740 238.6215 216.5191
[11] 208.0347 206.7014 202.3872 179.8264 159.9878 153.1944 139.3385 133.8906 125.9878 124.3681
[21] 122.4549 121.8698 116.1788 116.0104 115.7865 115.5799 115.3802 115.3576 115.3351 115.1771
[31] 115.1771

$x
          [,1]     [,2]      [,3]     [,4]     [,5]     [,6]     [,7]     [,8]     [,9]    [,10]
xbest 24.22170 321.0267 0.8096005 22.61695 286.5960 45.52535 27.22367 3.367486 2.670427 3.451474
xbest 15.54662 387.9992 0.6601601 21.71328 286.3550 38.16024 31.79427 5.491268 5.519955 2.446528
xbest 15.54662 407.9992 0.6151601 21.71328 286.3550 38.16024 31.79427 5.543612 5.519955 2.410903
xbest 19.77405 376.4446 0.6552826 22.58180 286.4317 39.13673 31.89210 5.444210 3.713596 2.685722
xbest 19.49878 369.6959 0.6522352 23.05912 286.4252 39.12218 31.95206 5.418714 3.544126 2.860684
xbest 18.70924 403.7100 0.7110626 21.24989 286.3479 38.38191 31.90644 5.798468 4.202277 2.665013
xbest 16.70642 397.6367 0.7916824 20.62327 286.3915 39.72111 31.99694 5.716160 5.733548 2.492956
xbest 17.72798 321.0995 0.6117957 24.42647 286.3525 41.12390 29.57813 6.166029 4.161710 3.049864
xbest 17.87027 351.8796 0.7533305 26.40337 286.3446 39.65709 32.16722 5.729062 2.000000 2.468277
xbest 17.85539 327.9780 0.7309665 26.97386 286.4175 38.73752 29.84208 7.437547 2.177617 3.386247
xbest 17.90227 327.9780 0.5509665 26.97386 286.4175 38.74377 29.84208 7.437547 2.177617 3.386247
xbest 16.17960 394.7232 0.8842196 21.28840 286.3648 39.10529 30.91360 7.060133 5.230783 2.648054
xbest 17.55653 339.4711 0.6430011 25.58951 286.5247 39.79455 31.58005 7.087292 3.185377 2.659529
xbest 16.31074 366.2927 0.9734807 21.08233 286.2574 39.60059 29.94207 7.062214 5.909171 2.682193
xbest 16.31074 366.2927 0.8818750 21.08233 286.2574 39.60059 29.29207 7.062214 5.906046 2.729693
xbest 16.37748 321.3259 0.6455844 24.59912 286.4542 41.97667 30.88262 7.618543 3.867986 2.636501
xbest 16.65873 321.1794 1.0000000 24.59912 286.4548 41.97667 30.88262 7.618543 3.832829 2.636501
xbest 16.84074 318.6018 0.6266365 24.59790 286.4993 42.14516 31.43414 7.616520 3.652517 2.648477
xbest 16.73206 318.7908 0.6249536 24.59820 286.4793 42.09965 31.36654 7.618713 3.698899 2.648530
xbest 16.66751 318.8979 0.6243968 24.59844 286.4727 42.05663 31.36493 7.618802 3.708543 2.648564
xbest 16.66751 318.8979 0.6018968 24.59552 286.4727 42.05663 31.36493 7.618802 3.708348 2.645595
xbest 17.66323 335.4343 0.8141022 24.26011 286.3835 40.33690 30.25355 7.175559 3.776275 2.501715
xbest 17.75698 335.4343 1.0000000 24.24839 286.3835 40.33690 30.25355 7.175559 3.777056 2.501715
xbest 17.69572 336.5375 0.9997222 24.14127 286.3793 40.34023 30.23118 7.175385 3.844703 2.507037
xbest 17.72078 335.8774 0.9999930 24.20308 286.3793 40.34452 30.23740 7.175465 3.810651 2.507514
xbest 17.74764 335.5276 0.9998993 24.17594 286.3793 40.35244 30.24466 7.175680 3.826085 2.506647
xbest 17.73058 335.4838 0.9997937 24.17748 286.3794 40.34921 30.24526 7.175556 3.836234 2.506854
xbest 17.74629 334.8007 0.9999183 24.20337 286.3792 40.35168 30.24735 7.175676 3.829016 2.506875
xbest 17.72816 335.3754 0.9997990 24.18503 286.3793 40.34935 30.24518 7.175611 3.836567 2.506866
xbest 17.72816 335.3754 1.0000000 24.18503 286.3793 40.34935 30.24518 7.175611 3.836567 2.506866
xbest 17.72816 335.3754 1.0000000 24.18503 286.3793 40.34935 30.24518 7.175611 3.836567 2.506866

$time
elapsed elapsed elapsed elapsed elapsed elapsed elapsed elapsed elapsed elapsed elapsed elapsed 
   1.22    3.26    4.67    8.84   10.89   12.89   14.84   18.78   20.76   25.44   26.75   38.45 
elapsed elapsed elapsed elapsed elapsed elapsed elapsed elapsed elapsed elapsed elapsed elapsed 
  42.51   44.59   48.92   77.20   79.17   90.94   96.75   98.72  100.03  265.70  267.12  328.26 
elapsed elapsed elapsed elapsed elapsed elapsed elapsed 
 334.17  342.26  353.01  365.47  369.34  372.33  447.90 

$neval
 [1]   106   255   354   641   784   922  1059  1337  1476  1751  1843  2648  2920  3058  3299
[16]  5175  5312  6123  6526  6660  6752 17873 17971 22097 22457 23014 23764 24574 24844 25053
[31] 30028

$fbest
[1] 115.1771

$xbest
 [1]  17.728157 335.375440   1.000000  24.185030 286.379311  40.349354  30.245179   7.175611
 [9]   3.836567   2.506866

$numeval
[1] 30028

$end_crit
[1] 1

$cpu_time
elapsed 
  447.9 

$Refset
$Refset$x
          [,1]     [,2]      [,3]     [,4]     [,5]     [,6]     [,7]     [,8]     [,9]    [,10]
 [1,] 17.75747 335.4728 0.9999925 24.17740 286.3794 40.35270 30.25239 7.175605 3.824948 2.506836
 [2,] 17.75713 335.4692 0.9999916 24.17749 286.3794 40.35203 30.25239 7.175607 3.824945 2.506562
 [3,] 17.74103 335.4958 0.9998844 24.17816 286.3794 40.34989 30.24742 7.175575 3.831979 2.506817
 [4,] 17.73819 335.2844 0.9958061 24.18598 286.3795 40.35184 30.23918 7.175731 3.833189 2.506053
 [5,] 17.74273 335.3530 0.9973974 24.18282 286.3794 40.35105 30.21257 7.175689 3.831672 2.506717
 [6,] 17.73828 335.2852 0.9960995 24.18589 286.3794 40.35194 30.23927 7.175641 3.832601 2.506393
 [7,] 17.76506 334.7026 0.9937235 24.19785 286.3795 40.35789 30.23589 7.175805 3.826518 2.507342
 [8,] 17.73951 335.3871 0.9953727 24.18158 286.3792 40.35150 30.26183 7.175488 3.831653 2.505555
 [9,] 17.74485 335.3502 0.9996394 24.17958 286.3796 40.35214 30.24184 7.175623 3.831117 2.506951
[10,] 17.74149 335.2637 0.9957086 24.18623 286.3794 40.35261 30.23817 7.175904 3.831268 2.506151
[11,] 17.75719 335.4506 0.9999823 24.17740 286.3795 40.35066 30.25100 7.175765 3.824884 2.506105
[12,] 17.55870 335.5600 0.9854843 24.06759 286.3565 40.46523 30.20909 7.184808 3.859315 2.275578

$Refset$f
 [1] 115.2743 115.2743 115.3802 115.3802 115.3802 115.3802 115.4965 115.5556 115.5799 115.3802
[11] 115.2865 137.7448

$Refset$fpen
 [1] 115.2743 115.2743 115.3802 115.3802 115.3802 115.3802 115.4965 115.5556 115.5799 115.3802
[11] 115.2865 137.7448

$Refset$const
          [,1]     [,2]     [,3]     [,4]     [,5]
 [1,] 20.35245 32.17505 11.82260 1.535085 2.869275
 [2,] 20.35255 32.17506 11.82251 1.535083 2.869316
 [3,] 20.34618 32.16802 11.82184 1.535098 2.869026
 [4,] 20.35279 32.16681 11.81402 1.535121 2.868259
 [5,] 20.35115 32.16833 11.81718 1.535228 2.866049
 [6,] 20.35329 32.16740 11.81411 1.535123 2.868251
 [7,] 20.37133 32.17348 11.80215 1.535149 2.867607
 [8,] 20.34993 32.16835 11.81842 1.535066 2.870078
 [9,] 20.34846 32.16888 11.82042 1.535097 2.868506
[10,] 20.35496 32.16873 11.81377 1.535137 2.868094
[11,] 20.35251 32.17512 11.82260 1.535072 2.869326
[12,] 20.20827 32.14068 11.93241 1.538302 2.850156

$Refset$penalty
 [1] 0 0 0 0 0 0 0 0 0 0 0 0


