$f
 [1] 573.53472 217.93229  84.77778  75.68056  73.16840  68.12326  67.11458  66.17188  65.52951
[10]  61.84028  61.69965  59.67708  59.39757  56.78819  56.27604  54.29167  53.81597  53.81250
[19]  53.53299  53.07986  52.98785  52.96181  52.92882  52.66493  52.55382  52.46181  52.21181
[28]  52.20660  52.20486  51.59375  51.58160  51.49132  51.22569  50.74653  50.60417  50.58854
[37]  50.44271  50.40625  50.10938  49.67014  49.43403  49.37326

$x
          [,1]     [,2]      [,3]     [,4]     [,5]     [,6]     [,7]     [,8]     [,9]    [,10]
xbest 20.93574 177.4564 0.6543378 18.04458 284.7441 37.87017 33.65167 2.031235 9.657954 1.582720
xbest 25.96825 202.6611 0.6468627 17.58821 285.6190 41.44383 32.40387 6.547897 8.328759 2.563691
xbest 29.32235 175.6694 0.6052360 17.69303 285.5004 47.84383 28.01851 6.547897 7.980975 2.563691
xbest 36.71599 297.8927 0.5915971 18.80786 285.3343 40.75119 28.30869 4.930331 4.088253 3.221840
xbest 36.71599 297.8927 0.6140971 18.81958 285.4093 40.75119 28.30869 4.930331 4.088253 3.233715
xbest 39.03240 315.3873 0.6015852 18.95158 285.2236 39.13244 28.45337 4.637893 3.472441 3.941335
xbest 38.77110 340.1125 0.5278498 18.84818 285.2245 40.78960 28.23775 4.940476 2.302473 4.249759
xbest 38.77110 340.1125 0.5053498 18.84818 285.2245 40.78960 28.23775 4.940476 2.302473 4.249759
xbest 37.58901 309.6372 0.5611301 19.17696 285.3100 42.34981 28.51687 4.187491 3.015961 2.899907
xbest 37.61245 307.4497 0.4373801 19.17696 285.3112 42.34981 28.52703 4.187491 3.040961 2.864282
xbest 37.89439 297.5106 0.4589824 19.23011 285.2530 42.32366 28.22326 4.064146 3.197855 2.973442
xbest 37.89439 297.3544 0.4357793 19.23011 285.2553 42.32366 28.22326 4.064146 3.210355 2.973442
xbest 39.08359 307.6150 0.4359414 19.03170 285.1458 39.58123 26.81075 4.209833 3.205498 2.468303
xbest 38.98984 307.6150 0.4598476 19.03170 285.1083 39.58123 27.13575 4.209833 3.205498 2.468303
xbest 39.50078 301.5644 0.4266247 19.07060 285.1475 39.63357 26.99384 4.201805 3.196611 2.528284
xbest 39.75410 298.3792 0.4262933 19.08150 285.1463 39.63328 27.07197 4.200934 3.196799 2.532632
xbest 39.75410 298.3792 0.4266448 19.26900 285.1463 39.63328 27.07197 4.200934 3.209299 2.532632
xbest 39.60786 303.1589 0.4120092 19.05859 285.1492 39.62209 27.10950 4.207723 3.194061 2.484597
xbest 39.60786 303.1199 0.4120092 19.05859 285.1492 39.62209 27.10950 4.207723 3.200311 2.484597
xbest 39.75219 300.0508 0.3912792 19.07672 285.1480 39.61303 27.24387 4.206028 3.190062 2.484094
xbest 39.76580 300.3978 0.4069308 19.06488 285.1492 39.60871 27.12742 4.207050 3.189831 2.484435
xbest 39.77166 300.3978 0.4069308 19.06488 285.1492 39.60871 27.12742 4.207050 3.189831 2.484435
xbest 39.82628 302.6404 0.4054273 19.06633 285.1495 39.61041 27.19338 4.206635 3.115112 2.483879
xbest 39.81112 301.6903 0.4059586 19.06561 285.1491 39.61663 27.17059 4.206859 3.149072 2.484267
xbest 39.91008 302.4135 0.4099005 19.07025 285.1507 39.61733 27.16700 4.206562 3.092604 2.484570
xbest 39.76657 301.0362 0.3952751 19.04989 285.1484 39.61725 27.17948 4.206975 3.167056 2.483550
xbest 39.99592 302.7291 0.4087418 19.07595 285.1514 39.61791 27.17022 4.206510 3.050261 2.484874
xbest 40.00178 302.7291 0.4087418 19.07595 285.1514 39.61791 27.17022 4.206510 3.050261 2.484874
xbest 39.90612 301.9707 0.3987922 19.07728 285.1496 39.61814 27.15741 4.206868 3.081792 2.484930
xbest 40.38181 301.9127 0.4048866 19.08761 285.1237 39.61027 27.16277 4.202572 2.962362 2.564195
xbest 40.38767 301.8736 0.4048866 19.08761 285.1237 39.61027 27.16277 4.202572 2.962362 2.564195
xbest 39.92765 302.0334 0.3968326 19.06893 285.1512 39.61390 27.11262 4.204717 3.081070 2.490484
xbest 39.95109 302.0334 0.3968326 19.06893 285.1512 39.61390 27.11262 4.204668 3.074820 2.490484
xbest 40.45983 300.1260 0.4164835 19.07384 285.1371 39.59349 27.12545 4.204014 2.968327 2.500121
xbest 39.98300 299.9189 0.3998726 19.07377 285.1484 39.60504 27.01433 4.204032 3.062840 2.493380
xbest 40.36864 300.3422 0.4161776 19.07379 285.1301 39.59401 27.12683 4.203761 2.971417 2.499650
xbest 40.52080 300.8519 0.4049753 19.07649 285.1277 39.59228 27.06811 4.203953 2.946514 2.511295
xbest 40.52080 300.8519 0.4049753 19.07722 285.1277 39.59228 27.02749 4.203953 2.946514 2.511295
xbest 40.50574 301.1275 0.4005608 19.08178 285.1432 39.60112 27.01612 4.203887 2.925611 2.497405
xbest 40.74348 301.7078 0.4007573 19.08733 285.1397 39.59990 27.01696 4.203826 2.841415 2.500082
xbest 40.74348 301.7078 0.4007573 19.08733 285.1397 39.59990 27.01696 4.203826 2.838290 2.500082
xbest 40.74348 301.7078 0.4007573 19.08733 285.1397 39.59990 27.01696 4.203826 2.838290 2.500824

$time
elapsed elapsed elapsed elapsed elapsed elapsed elapsed elapsed elapsed elapsed elapsed elapsed 
   1.55    3.79    6.50   25.54   28.58   48.93   52.52   72.04   78.33   95.91  109.60  120.82 
elapsed elapsed elapsed elapsed elapsed elapsed elapsed elapsed elapsed elapsed elapsed elapsed 
 179.39  180.71  191.63  193.57  202.99  238.80  239.86  248.00  260.88  261.88  277.91  282.74 
elapsed elapsed elapsed elapsed elapsed elapsed elapsed elapsed elapsed elapsed elapsed elapsed 
 300.52  302.52  307.13  308.13  388.24  448.72  449.79  476.63  477.83  486.74  491.07  495.97 
elapsed elapsed elapsed elapsed elapsed elapsed 
 500.24  501.30  517.27  519.44  525.54  602.30 

$neval
 [1]   106   265   465  1714  1939  3290  3493  4770  5171  6236  7060  7694 11384 11477 12154
[16] 12291 12917 15212 15290 15839 16666 16739 17700 17969 19135 19273 19550 19623 24813 28676
[31] 28754 30659 30744 31294 31570 31844 32118 32197 33129 33263 33607 38105

$fbest
[1] 49.37326

$xbest
 [1]  40.7434774 301.7077824   0.4007573  19.0873263 285.1397417  39.5998962  27.0169645
 [8]   4.2038255   2.8382901   2.5008242

$numeval
[1] 38105

$end_crit
[1] 2

$cpu_time
elapsed 
  602.3 

$Refset
$Refset$x
          [,1]     [,2]      [,3]     [,4]     [,5]     [,6]     [,7]     [,8]     [,9]    [,10]
 [1,] 40.63323 300.6544 0.3990005 19.06711 285.1412 39.58875 27.06194 4.202272 2.912433 2.503524
 [2,] 35.63057 272.5835 0.4194109 19.65223 284.2543 39.52403 26.81077 5.085693 3.585660 3.099410
 [3,] 40.70861 300.6440 0.4032044 19.07406 285.1335 39.57628 27.04819 4.202580 2.892293 2.505584
 [4,] 40.06630 298.3111 0.3774791 19.28226 285.2066 39.57657 28.26489 4.811794 2.747560 2.542773
 [5,] 40.29302 301.2066 0.3995725 19.05280 285.1554 39.60385 27.05519 4.203235 2.973174 2.487804
 [6,] 40.33037 300.9572 0.3996173 19.07251 285.1457 39.59893 27.04006 4.204352 2.997371 2.493925
 [7,] 40.57797 300.6439 0.3979257 19.06210 285.1587 39.59446 27.11751 4.203795 2.920129 2.497326
 [8,] 35.63076 271.2221 0.4193430 19.63272 284.2511 39.80806 26.82301 5.085808 3.563581 3.099963
 [9,] 39.24291 295.3924 0.3313904 19.95119 285.2145 39.58817 28.32983 4.748681 2.768851 3.388475
[10,] 38.68464 297.8502 0.3810575 19.61851 285.1883 39.57237 28.08732 4.850212 2.771605 2.555167
[11,] 40.13848 293.2149 0.3752666 19.80505 285.1881 39.06226 27.53867 4.639195 2.838649 3.290289
[12,] 40.60375 301.4183 0.4046748 19.32741 285.1564 38.76480 27.22354 4.184542 2.904455 2.519891

$Refset$f
 [1] 49.52951 49.71007 49.93056 50.21007 50.27083 50.43056 50.85243 51.09028 54.88194 56.61806
[11] 57.48785 60.96007

$Refset$fpen
 [1] 49.52951 49.71007 49.93056 50.21007 50.27083 50.43056 50.85243 51.09028 54.88194 56.61806
[11] 57.48785 60.96007

$Refset$const
          [,1]     [,2]     [,3]     [,4]     [,5]
 [1,] 16.15467 33.08757 16.93289 1.677302 2.353378
 [2,] 16.06657 32.41434 16.34777 1.772058 2.233996
 [3,] 16.18176 33.10771 16.92594 1.678101 2.351761
 [4,] 16.53470 33.25244 16.71774 1.674286 2.445383
 [5,] 16.07963 33.02683 16.94720 1.675718 2.354651
 [6,] 16.07514 33.00263 16.92749 1.676704 2.352265
 [7,] 16.14197 33.07987 16.93790 1.675645 2.359649
 [8,] 16.06914 32.43642 16.36728 1.770368 2.222827
 [9,] 17.18233 33.23115 16.04881 1.673536 2.450715
[10,] 16.84691 33.22840 16.38149 1.675869 2.430151
[11,] 16.96640 33.16135 16.19495 1.675295 2.417320
[12,] 16.42296 33.09554 16.67259 1.678483 2.404562

$Refset$penalty
 [1] 0 0 0 0 0 0 0 0 0 0 0 0


