$f
 [1] 1684.4896  431.3889  251.7135  235.7830  204.6684  199.4965  193.4531  172.2622  169.8854
[10]  163.3802  143.2708  138.2743  138.1597  137.5208  137.3351  137.0451  136.9201  135.0069
[19]  134.1771  133.7604  133.6875  133.3490  133.3264  130.3976  127.8958  127.3420  126.7969
[28]  126.3316  125.8524  125.6146  125.6094

$x
          [,1]     [,2]      [,3]     [,4]     [,5]     [,6]     [,7]     [,8]     [,9]    [,10]
xbest 46.82068 183.3986 0.7754703 20.54491 286.1051 34.26936 24.03185 2.448147 8.536237 1.725604
xbest 45.16409 121.5228 1.0000000 19.89832 286.5244 34.62452 24.00000 2.000000 8.997378 1.200000
xbest 54.86577 121.5228 0.9550000 19.89832 286.7467 34.62452 24.00000 2.000000 8.597478 1.203060
xbest 56.19542 112.7253 0.9604266 19.38086 286.5557 33.62542 24.00000 2.336489 8.736863 1.336775
xbest 26.06644 167.4902 0.4846151 18.25057 284.5777 47.54252 34.65594 6.642628 7.788729 3.780548
xbest 26.06239 167.5455 0.4709516 18.24886 284.6750 47.71250 34.59349 6.641053 7.647568 3.988214
xbest 41.60522 172.4096 0.5835558 18.39115 285.5958 40.18176 33.82650 4.007873 7.097925 2.516047
xbest 41.60522 172.6305 0.6285558 18.43388 285.5732 40.19060 33.74525 3.957873 6.997925 2.518146
xbest 43.92450 157.2565 0.6106535 18.72229 285.6798 39.62851 32.08780 3.942598 6.989784 2.088404
xbest 42.09452 150.7523 0.6864851 18.70531 285.7471 40.05903 32.63451 4.270268 7.513023 1.999952
xbest 42.09452 153.2523 0.7989851 18.70531 285.7471 40.45903 32.63451 4.270268 7.513023 2.030382
xbest 41.51268 149.5868 0.7182101 18.11809 285.7261 40.60776 32.78292 4.208932 8.039093 1.996271
xbest 41.51268 149.5868 0.7407101 18.11809 285.7261 40.60776 32.78292 4.208932 8.039093 1.996271
xbest 41.13804 144.0979 0.7590202 18.72476 285.3110 40.92524 32.87462 4.017459 7.862708 2.001159
xbest 41.13218 144.0979 0.7590202 18.72476 285.3110 40.92524 32.87462 4.017459 7.862708 2.001159
xbest 41.94837 147.1790 0.6311757 19.10039 285.7278 40.71204 32.32856 4.121231 7.322743 1.495034
xbest 41.94837 147.1790 0.6311757 19.10039 285.7278 40.71204 32.28793 4.121231 7.322743 1.495034
xbest 42.87295 148.2819 0.6594904 18.62702 285.7120 39.94522 32.58523 4.116550 7.562336 1.754885
xbest 42.87295 148.2819 0.7494904 18.62702 285.7120 39.94522 32.58523 4.116550 7.549836 1.754885
xbest 42.89336 148.1333 0.6589627 18.62757 285.7127 39.94934 32.58567 4.116402 7.554261 1.756393
xbest 42.89241 148.0242 0.6589594 18.62775 285.7128 39.94973 32.58578 4.116378 7.554126 1.757356
xbest 42.90548 147.9524 0.6585952 18.62772 285.7129 39.94952 32.58567 4.116316 7.555069 1.757182
xbest 42.90548 147.9524 0.6585952 18.62772 285.7129 39.94952 32.58567 4.116316 7.555069 1.757924
xbest 43.15235 149.0631 0.6591699 18.67829 285.7092 39.90285 32.55992 4.101194 7.463550 1.754587
xbest 43.15235 149.0631 0.6591699 18.67682 285.7086 39.90285 32.60055 4.101194 7.476050 1.754494
xbest 43.23297 149.3400 0.6632657 18.65659 285.7052 39.92691 32.58670 4.101509 7.441515 1.773600
xbest 43.23297 149.4181 0.6407657 18.65659 285.7052 39.92691 32.58670 4.101509 7.441515 1.773600
xbest 43.05968 149.9807 0.6577396 18.74483 285.7021 39.90527 32.38680 4.105154 7.376673 1.753798
xbest 43.06425 149.9881 0.6575013 18.75179 285.7030 39.88314 32.33556 4.105091 7.387401 1.753247
xbest 43.06425 149.9881 0.6800013 18.75179 285.7030 39.88314 32.33556 4.105091 7.387401 1.753247
xbest 43.05839 149.9881 0.6800013 18.75179 285.7030 39.88314 32.33556 4.105091 7.387401 1.753247

$time
elapsed elapsed elapsed elapsed elapsed elapsed elapsed elapsed elapsed elapsed elapsed elapsed 
   1.30    3.47    5.66   10.89   13.32   22.02   24.00   30.58   49.08   53.85   56.57   93.38 
elapsed elapsed elapsed elapsed elapsed elapsed elapsed elapsed elapsed elapsed elapsed elapsed 
  94.58  164.88  166.18  257.27  258.50  362.55  363.79  382.66  384.89  387.08  388.19  417.33 
elapsed elapsed elapsed elapsed elapsed elapsed elapsed 
 418.75  474.47  475.60  557.82  576.10  578.83  602.05 

$neval
 [1]   106   261   410   698   841  1400  1536  1935  3008  3275  3404  5425  5498  9314  9388
[16] 14467 14541 20267 20348 21422 21556 21692 21765 23401 23497 26757 26836 32406 33691 33898
[31] 35388

$fbest
[1] 125.6094

$xbest
 [1]  43.0583860 149.9881007   0.6800013  18.7517928 285.7030008  39.8831385  32.3355581
 [8]   4.1050912   7.3874011   1.7532466

$numeval
[1] 35388

$end_crit
[1] 2

$cpu_time
elapsed 
 602.05 

$Refset
$Refset$x
           [,1]        [,2]        [,3]      [,4]       [,5]      [,6]       [,7]       [,8]
 [1,]  43.06425   0.6800013 285.7030008 32.335558   7.387401  43.06425  0.6800013 285.703001
 [2,] 149.98810  18.7517928  39.8831385  4.105091   1.753247 149.98810 18.7517928  39.883138
 [3,]  43.00816 150.1905919   0.6556425 18.702421 285.702775  39.89899 32.3198434   4.105221
 [4,]  43.04341 149.4842312   0.6580923 18.776353 285.699589  39.91821 32.4152437   4.105874
 [5,]  43.04291 149.7059030   0.6545177 18.743733 285.706514  39.90892 32.4099085   4.105654
 [6,]  43.15520 149.8390462   0.6583015 18.798185 285.707277  39.93171 32.5131035   4.111599
 [7,]  43.20879 149.7856510   0.6569077 18.791512 285.707223  39.92266 32.4883292   4.108008
 [8,]  43.57236 148.8742624   0.6510368 18.791165 285.708425  39.67134 32.8348724   4.031952
 [9,]  43.02489 149.0738522   0.6532936 18.856036 285.625740  39.68140 32.2740931   4.077367
[10,]  42.44980 150.0340862   0.7158822 18.977507 285.695538  39.76771 32.5133796   4.110218
[11,]  41.26169 139.4231156   0.8961590 18.950926 284.768814  37.21985 31.8413820   4.409699
[12,]  35.64285 169.6520924   0.5216886 21.188741 285.836931  40.81330 35.2870386   4.868584
           [,9]    [,10]
 [1,] 32.335558 7.387401
 [2,]  4.105091 1.753247
 [3,]  7.414238 1.754695
 [4,]  7.381544 1.752128
 [5,]  7.404490 1.748241
 [6,]  7.347647 1.765517
 [7,]  7.345242 1.763504
 [8,]  7.396609 1.657093
 [9,]  7.411440 1.644569
[10,]  7.417386 1.835943
[11,]  7.862082 2.345128
[12,]  6.022646 1.476236

$Refset$f
 [1] 125.6146 125.6146 125.6719 125.9410 127.5990 128.9271 133.2517 136.8524 145.4392 151.5347
[11] 236.0035 316.5990

$Refset$fpen
 [1] 125.6146 125.6146 125.6719 125.9410 127.5990 128.9271 133.2517 136.8524 145.4392 151.5347
[11] 236.0035 316.5990

$Refset$const
          [,1]      [,2]     [,3]      [,4]     [,5]
 [1,] 11.36439 17.248207  2.85600 28.612599 1.612742
 [2,] 28.61260  1.612742 11.36439 17.248207 2.856000
 [3,] 11.28818 28.585762 17.29758  1.612842 2.853434
 [4,] 11.39481 28.618456 17.22365  1.613068 2.859535
 [5,] 11.33924 28.595510 17.25627  1.612145 2.861685
 [6,] 11.45054 28.652353 17.20181  1.611831 2.869363
 [7,] 11.44627 28.654758 17.20849  1.611882 2.867812
 [8,] 11.39456 28.603391 17.20884  1.610224 2.917899
 [9,] 11.44460 28.588560 17.14396  1.622770 2.843668
[10,] 11.56012 28.582614 17.02249  1.613051 2.877939
[11,] 11.08884 28.137918 17.04907  1.744675 2.812127
[12,] 15.16609 29.977354 14.81126  1.587356 3.099288

$Refset$penalty
 [1] 0 0 0 0 0 0 0 0 0 0 0 0


