$f
 [1] 350.04340 317.88542 286.12500 205.01389 194.88715 188.76389 185.22569 164.16667 159.03299
[10] 156.17882 141.69965 136.10938 132.67361 129.04340 111.32986 104.12674 102.68576  97.29340
[19]  95.42014  94.50868  93.95486  92.43924  90.90625  90.73264  90.44271  90.26389  90.22049
[28]  90.20833  90.18576  90.04687  90.01562  89.54514  89.52257  89.45313  89.26562  89.17014
[37]  88.87674  88.51910  88.27604  88.20312  88.19444  88.13194  87.92361  87.82118  87.81771
[46]  87.75868  87.70833  87.46007  87.42535  87.28993  87.20139  87.16840  87.14583  87.05556
[55]  86.89583  86.88368  86.85069  86.84028  86.79861  86.79861

$x
          [,1]     [,2]      [,3]     [,4]     [,5]     [,6]     [,7]     [,8]     [,9]    [,10]
xbest 30.61663 182.0978 0.9227842 26.07182 285.9481 44.46535 30.80953 7.121083 4.640387 4.299780
xbest 26.35949 180.5991 0.9140886 25.59272 285.7742 46.84612 31.56759 6.796156 4.646763 4.657063
xbest 26.35949 180.5991 0.9590886 26.34272 286.3742 46.84612 28.96759 6.796156 4.646763 4.657063
xbest 39.80851 180.0592 0.7713651 24.06779 284.3466 39.61918 29.85092 2.602487 4.751809 3.458609
xbest 39.88586 180.8507 0.8723522 25.92397 284.0000 38.11810 29.83976 2.000000 3.847152 3.915874
xbest 37.81361 267.6730 0.5784438 21.66275 285.3219 45.18746 27.28545 2.000000 3.084406 4.512772
xbest 40.35675 189.6694 0.9023638 25.50207 284.1775 40.15698 31.65633 3.141781 2.530531 4.957860
xbest 41.37951 190.0814 0.9184738 27.98791 284.1038 37.94859 35.44432 2.022765 2.000000 5.000000
xbest 41.07020 182.5809 0.8534556 27.66189 284.0000 38.48038 35.77050 2.298911 2.000000 4.983118
xbest 42.86412 238.2824 0.5097018 23.57308 285.2048 41.20182 32.82354 2.000000 2.096379 4.282624
xbest 42.91100 237.9699 0.5153268 23.57308 285.3548 41.19557 32.82354 2.000000 2.096379 4.448874
xbest 38.35293 238.8802 0.6337799 22.66858 284.9580 43.66421 42.21370 2.328169 2.921433 5.000000
xbest 38.35205 238.1632 0.6888771 22.77247 285.1092 43.65293 42.33047 2.230962 2.828502 4.995487
xbest 38.44626 235.9931 0.6397815 22.47928 284.8542 43.66677 40.72400 2.498058 3.034954 4.685300
xbest 38.44626 235.9057 0.8134925 22.47928 284.8542 43.77857 41.37400 2.498058 2.834954 4.495300
xbest 37.66928 256.1034 0.7397763 19.83956 284.7073 43.53891 40.67309 2.495101 3.895648 4.550913
xbest 37.73959 256.1034 0.7172763 19.83956 284.7073 43.53891 40.67309 2.495101 3.895648 4.550913
xbest 38.91159 255.9414 0.7381252 20.25201 284.7223 43.46047 40.39317 2.341986 3.549459 4.408648
xbest 38.93502 255.7851 0.6931252 20.25201 284.7223 43.46047 40.39317 2.341986 3.549459 4.408648
xbest 38.55636 256.2380 0.7378888 20.28767 284.7204 43.35395 40.38105 2.341306 3.547264 4.395720
xbest 38.55609 256.4080 0.7408563 20.28668 284.7175 43.35439 40.33644 2.341307 3.546460 4.377063
xbest 39.00436 256.9590 0.7494430 20.17899 284.7262 43.31017 40.49780 2.334234 3.556456 4.467379
xbest 39.00729 256.9590 0.8422555 20.17899 284.7262 43.31017 40.49780 2.334234 3.581456 4.491129
xbest 38.87888 256.7459 0.7413391 20.12925 284.7264 43.31326 40.42629 2.338155 3.612687 4.457392
xbest 38.87302 256.7459 0.7413391 20.12925 284.7264 43.31326 40.42629 2.338155 3.612687 4.457392
xbest 38.87651 256.8007 0.7416823 20.13840 284.7280 43.30651 40.45162 2.336526 3.608390 4.485856
xbest 38.87883 256.7345 0.7415066 20.13324 284.7264 43.30739 40.44716 2.337318 3.609986 4.471372
xbest 38.88089 256.8336 0.7417466 20.13745 284.7280 43.30666 40.45107 2.336187 3.609278 4.500368
xbest 38.85778 257.2959 0.7418513 20.14279 284.7238 43.31176 40.44843 2.337457 3.591110 4.431176
xbest 38.86812 256.8147 0.7413660 20.14797 284.7224 43.30814 40.44933 2.336193 3.605574 4.444247
xbest 38.86874 256.8205 0.7413501 20.15489 284.7215 43.30864 40.44945 2.335974 3.599154 4.431368
xbest 38.87681 256.8407 0.7413496 20.15395 284.7200 43.30785 40.44945 2.334866 3.596331 4.420387
xbest 38.87555 256.9159 0.7413340 20.15671 284.7174 43.30800 40.44956 2.335163 3.595691 4.409862
xbest 38.87396 256.9722 0.7412800 20.16744 284.7163 43.30804 40.45017 2.335225 3.586827 4.405130
xbest 38.87396 256.9722 0.7187800 20.16744 284.7163 43.30804 40.45017 2.335225 3.586827 4.402161
xbest 38.95183 257.5067 0.7217908 20.11012 284.7138 43.30459 40.43352 2.334440 3.598855 4.472420
xbest 38.95183 257.5067 0.7217908 20.11012 284.7138 43.30459 40.43352 2.334440 3.598855 4.473162
xbest 38.91559 257.6246 0.7244367 20.10953 284.7162 43.30661 40.45192 2.334393 3.601496 4.454269
xbest 38.91559 257.7028 0.7247883 20.10953 284.7162 43.30661 40.41129 2.334393 3.601496 4.454269
xbest 38.89183 256.7276 0.6928093 20.11078 284.7169 43.30570 40.45257 2.334360 3.610074 4.457988
xbest 38.90160 258.0210 0.7135421 20.10789 284.7164 43.30607 40.45039 2.334427 3.587492 4.463143
xbest 38.90564 258.0794 0.7102724 20.09550 284.7172 43.30861 40.45100 2.334372 3.590654 4.458362
xbest 38.89062 258.4505 0.7136240 20.08086 284.7165 43.30626 40.44978 2.334481 3.588063 4.464647
xbest 38.88895 258.3718 0.7115014 20.08334 284.7161 43.30664 40.44756 2.334483 3.586395 4.467421
xbest 38.88071 258.2593 0.7127148 20.09720 284.7158 43.30664 40.44857 2.334430 3.585462 4.465395
xbest 38.88354 258.3387 0.7114946 20.08196 284.7162 43.30707 40.44760 2.334606 3.589618 4.437769
xbest 38.88482 258.3997 0.7112159 20.08225 284.7161 43.30644 40.44163 2.334540 3.587666 4.445348
xbest 38.82650 261.1269 0.7099696 19.97398 284.7131 43.30752 40.43152 2.334721 3.587689 4.444928
xbest 38.82064 261.1269 0.7099696 19.97398 284.7131 43.30752 40.43152 2.334721 3.587689 4.444928
xbest 38.79573 260.9634 0.6981668 19.98178 284.7194 43.30957 40.44077 2.335067 3.592739 4.429936
xbest 38.79573 260.9634 0.6981668 19.98178 284.7194 43.30957 40.44077 2.335067 3.586489 4.429936
xbest 38.79460 261.3063 0.6943203 19.95025 284.7197 43.30767 40.43892 2.334864 3.595054 4.435669
xbest 38.80593 263.0868 0.6930036 19.83943 284.7162 43.30814 40.44057 2.335079 3.609198 4.434829
xbest 38.80494 264.2990 0.6929588 19.76195 284.7150 43.30842 40.44093 2.335073 3.620461 4.433671
xbest 38.77247 264.2491 0.6944464 19.79814 284.7160 43.30776 40.44081 2.334955 3.609044 4.433969
xbest 38.76969 263.9261 0.6939624 19.81972 284.7150 43.30760 40.43950 2.334955 3.608657 4.428518
xbest 38.75897 267.6833 0.6931723 19.66286 284.7152 43.30720 40.44656 2.334959 3.605218 4.435959
xbest 38.77137 263.8328 0.6953399 19.83616 284.7169 43.30888 40.43598 2.334916 3.601242 4.434135
xbest 38.75381 265.5521 0.6937329 19.75062 284.7189 43.30702 40.45304 2.334970 3.610265 4.435217
xbest 38.75381 265.5521 0.6937329 19.75062 284.7189 43.30702 40.45304 2.334970 3.610265 4.435217

$time
elapsed elapsed elapsed elapsed elapsed elapsed elapsed elapsed elapsed elapsed elapsed elapsed 
   1.05    2.92    4.09    6.45    8.20    9.92   13.42   15.16   16.89   19.14   24.17   33.92 
elapsed elapsed elapsed elapsed elapsed elapsed elapsed elapsed elapsed elapsed elapsed elapsed 
  39.49   41.31   44.59   71.00   72.02   87.81   92.52   95.02  106.74  110.30  113.81  132.99 
elapsed elapsed elapsed elapsed elapsed elapsed elapsed elapsed elapsed elapsed elapsed elapsed 
 133.91  135.64  147.24  149.06  155.92  157.72  163.09  166.64  168.36  171.83  173.38  202.06 
elapsed elapsed elapsed elapsed elapsed elapsed elapsed elapsed elapsed elapsed elapsed elapsed 
 203.02  239.72  240.77  265.89  315.27  328.86  345.58  361.09  374.02  396.45  414.94  477.80 
elapsed elapsed elapsed elapsed elapsed elapsed elapsed elapsed elapsed elapsed elapsed elapsed 
 478.70  486.81  499.30  508.97  522.22  524.08  537.53  561.88  571.89  575.56  586.70  603.56 

$neval
 [1]   106   265   357   503   644   782  1062  1200  1339  1477  1874  2555  2958  3093  3344
[16]  5110  5192  6281  6640  6775  7590  7865  8104  9469  9543  9681 10503 10641 11116 11252
[31] 11659 11931 12066 12339 12419 14456 14529 17118 17203 18970 22468 23515 24812 25963 26992
[46] 28707 30141 34926 35000 35558 36449 37117 37999 38136 39099 40948 41684 41952 42693 43835

$fbest
[1] 86.79861

$xbest
 [1]  38.7538112 265.5521073   0.6937329  19.7506200 284.7189301  43.3070197  40.4530406
 [8]   2.3349702   3.6102654   4.4352170

$numeval
[1] 43835

$end_crit
[1] 2

$cpu_time
elapsed 
 603.56 

$Refset
$Refset$x
          [,1]     [,2]      [,3]     [,4]     [,5]     [,6]     [,7]     [,8]     [,9]    [,10]
 [1,] 38.75381 265.5521 0.6937329 19.75062 284.7189 43.30702 40.45304 2.334970 3.610265 4.435217
 [2,] 38.77137 263.8328 0.6953399 19.83616 284.7169 43.30888 40.43598 2.334916 3.601242 4.434135
 [3,] 38.77229 263.8354 0.6950918 19.84117 284.7171 43.30880 40.43546 2.334919 3.596897 4.434224
 [4,] 38.77118 263.8562 0.6939616 19.82269 284.7164 43.30853 40.43712 2.334945 3.608366 4.434032
 [5,] 38.75897 267.6833 0.6931723 19.66286 284.7152 43.30720 40.44656 2.334959 3.605218 4.435959
 [6,] 38.25698 468.6474 0.6923142 29.60518 285.5631 22.21941 30.77769 8.405138 9.745235 4.824356
 [7,] 79.10012 329.6258 0.4200680 25.42300 285.4739 36.91016 28.59562 2.534452 6.359438 3.780804
 [8,] 31.20391 127.5566 0.4212557 22.39515 284.1603 31.34450 27.94024 3.332006 7.676296 3.848940
 [9,] 38.77423 263.8381 0.6946744 19.82533 284.7169 43.30869 40.43642 2.334918 3.606036 4.435735
[10,] 38.75440 265.5516 0.6937291 19.75068 284.7187 43.30708 40.45313 2.334968 3.610066 4.434927
[11,] 38.75350 266.2208 0.6942043 19.71796 284.7166 43.30740 40.44554 2.334927 3.604903 4.434085
[12,] 38.77339 265.6130 0.6904391 19.76045 284.7205 43.30866 40.44185 2.334945 3.596518 4.430818

$Refset$f
 [1]     86.79861     86.84028     86.84028     86.84028     86.85069 170031.76042 418164.70660
 [8]   1362.16840     86.88368     86.79861     86.92188     86.96354

$Refset$fpen
 [1] 8.679861e+01 8.684028e+01 8.684028e+01 8.684028e+01 8.685069e+01 8.856873e+06 4.181647e+05
 [8] 1.362168e+03 8.688368e+01 8.679861e+01 8.692188e+01 8.696354e+01

$Refset$const
          [,1]     [,2]      [,3]     [,4]      [,5]
 [1,] 16.14035 32.38973 16.249380 1.752989  3.119843
 [2,] 16.23492 32.39876 16.163838 1.753376  3.117578
 [3,] 16.24427 32.40310 16.158829 1.753327  3.117576
 [4,] 16.21433 32.39163 16.177306 1.753464  3.117650
 [5,] 16.05764 32.39478 16.337144 1.753653  3.118574
 [6,] 19.85995 26.25477  6.394818 1.352891 12.186842
 [7,] 19.06356 29.64056 10.577002 1.644618  2.677606
 [8,] 14.71885 28.32370 13.604851 1.852847  2.879236
 [9,] 16.21929 32.39396 16.174675 1.753369  3.117647
[10,] 16.14062 32.38993 16.249315 1.753032  3.119808
[11,] 16.11305 32.39510 16.282044 1.753401  3.118673
[12,] 16.16394 32.40348 16.239546 1.752726  3.118777

$Refset$penalty
 [1] 0.000000 0.000000 0.000000 0.000000 0.000000 8.686842 0.000000 0.000000 0.000000 0.000000
[11] 0.000000 0.000000


