$f
 [1] 1435.54340  112.34896   89.23438   73.53993   51.53125   51.38368   49.12326   46.67535
 [9]   46.38021   42.06944   40.06944   39.92708

$x
          [,1]     [,2]      [,3]     [,4]     [,5]     [,6]     [,7]     [,8]     [,9]    [,10]
xbest 27.40344 152.2784 0.8806149 19.04204 285.0155 43.26815 33.00334 4.956731 6.556577 2.559870
xbest 32.39954 328.9329 0.2453684 17.72871 286.1240 42.60603 29.02130 3.199650 3.704310 2.532001
xbest 32.41126 329.7142 0.2481809 17.72871 286.0959 43.00916 29.02130 3.199650 3.704310 2.526063
xbest 31.90883 198.6007 0.1000000 20.65757 284.0868 44.30775 25.64712 2.967807 3.692366 1.916366
xbest 31.90883 197.9757 0.1000000 20.65757 284.0118 44.30775 25.64712 2.967807 3.767366 1.916366
xbest 30.97920 262.1047 0.2226288 18.75037 284.1878 42.51803 26.20410 3.833111 3.943526 2.260818
xbest 30.97920 262.1047 0.2226288 18.75037 284.1878 42.51803 26.24473 3.833111 3.924776 2.260818
xbest 32.06949 249.2368 0.2248703 18.28734 284.7596 42.90555 29.64739 3.639403 4.591168 2.466044
xbest 32.06949 249.2368 0.2249582 18.28441 284.7596 42.90555 29.60676 3.639794 4.591168 2.466044
xbest 30.65003 255.2304 0.1974713 18.73583 284.6844 43.07554 27.90384 3.664124 4.364111 2.374457
xbest 30.64930 255.2304 0.1974713 18.73583 284.6844 43.07241 27.86322 3.664124 4.376611 2.386332
xbest 30.64930 255.2304 0.1974713 18.73583 284.6844 43.07241 27.86322 3.664100 4.373486 2.386332

$time
elapsed elapsed elapsed elapsed elapsed elapsed elapsed elapsed elapsed elapsed elapsed elapsed 
   0.91    2.31    3.42   11.92   17.83   62.81   63.58  113.71  114.58  117.21  129.36  602.13 

$neval
 [1]   106   258   378  1228  1861  6174  6255 11126 11219 11484 12648 58703

$fbest
[1] 39.92708

$xbest
 [1]  30.6493000 255.2304144   0.1974713  18.7358293 284.6844477  43.0724126  27.8632175
 [8]   3.6640997   4.3734858   2.3863317

$numeval
[1] 58703

$end_crit
[1] 2

$cpu_time
elapsed 
 602.13 

$Refset
$Refset$x
          [,1]     [,2]      [,3]     [,4]     [,5]     [,6]     [,7]     [,8]     [,9]    [,10]
 [1,] 32.26111 249.0412 0.2367635 18.26200 284.7489 42.89358 29.52893 3.641388 4.613434 2.466122
 [2,] 32.25955 249.0200 0.2362981 18.26406 284.7490 42.89340 29.52529 3.641342 4.612426 2.466416
 [3,] 32.26040 249.0368 0.2368026 18.26388 284.7489 42.89361 29.52706 3.641371 4.614193 2.466109
 [4,] 32.26087 249.0247 0.2365121 18.26356 284.7490 42.89304 29.52752 3.641332 4.613464 2.466244
 [5,] 32.29014 249.0370 0.2372695 18.25944 284.7494 42.89315 29.52208 3.641059 4.612675 2.466328
 [6,] 32.25961 248.9519 0.2367803 18.26684 284.7466 42.89606 29.55180 3.642083 4.613488 2.465830
 [7,] 32.26053 248.9919 0.2367852 18.26341 284.7480 42.89365 29.52751 3.641379 4.615520 2.466330
 [8,] 32.33591 249.0381 0.2408980 18.26361 284.7489 42.89551 29.53313 3.641359 4.613450 2.466776
 [9,] 32.26101 249.0674 0.2367759 18.26315 284.7488 42.89295 29.52893 3.641056 4.613546 2.466164
[10,] 32.27718 248.9556 0.2370126 18.26431 284.7518 42.88708 29.52762 3.641953 4.613411 2.466377
[11,] 32.22805 249.0542 0.2382329 18.25508 284.7385 42.89803 29.44355 3.655887 4.605557 2.473110
[12,] 32.19511 232.6833 0.2698731 18.55470 284.0000 34.66554 26.52960 4.416299 5.733363 2.976410

$Refset$f
 [1]  43.52951  43.60590  43.62153  43.62153  43.82813  43.94097  43.94097  43.96354  43.62153
[10]  50.84201  57.87153 171.50521

$Refset$fpen
 [1]  43.52951  43.60590  43.62153  43.62153  43.82813  43.94097  43.94097  43.96354  43.62153
[10]  50.84201  57.87153 171.50521

$Refset$const
          [,1]     [,2]     [,3]     [,4]     [,5]
 [1,] 13.64857 31.38657 17.73800 1.720744 2.308480
 [2,] 13.65163 31.38757 17.73594 1.720715 2.308282
 [3,] 13.64969 31.38581 17.73612 1.720736 2.308365
 [4,] 13.65010 31.38654 17.73644 1.720734 2.308424
 [5,] 13.64677 31.38733 17.74056 1.720651 2.308155
 [6,] 13.65335 31.38651 17.73316 1.721135 2.309426
 [7,] 13.64789 31.38448 17.73659 1.720842 2.308271
 [8,] 13.65016 31.38655 17.73639 1.720763 2.308647
 [9,] 13.64960 31.38645 17.73685 1.720758 2.308493
[10,] 13.65090 31.38659 17.73569 1.720447 2.309028
[11,] 13.64953 31.39444 17.74492 1.721324 2.302015
[12,] 12.82133 30.26664 17.44530 1.843267 2.446818

$Refset$penalty
 [1] 0 0 0 0 0 0 0 0 0 0 0 0


