$f
 [1] 1703.3750  759.7188  661.1840  634.1337  557.4965  528.7812  514.1302  485.9740  418.6458  402.7274  393.3767  390.0122  386.2865  385.6580  384.2187  383.0156  380.8698  380.6076  380.0920
[20]  379.5920  378.2934  376.3872  375.6111  363.1667  347.7187  346.5816  345.4340  345.4340

$x
          [,1]     [,2]      [,3]     [,4]     [,5]     [,6]     [,7]     [,8]     [,9]    [,10]
 [1,] 21.40413 211.4356 0.3330675 28.71097 284.6111 37.99666 24.60560 5.538695 5.317846 2.909810
 [2,] 42.76980 398.3314 0.9534571 18.58110 285.2293 39.70727 27.36127 3.806940 2.036523 3.949773
 [3,] 42.76980 397.8758 0.9984571 18.61425 285.3656 39.70727 27.36127 3.807509 2.027412 3.992016
 [4,] 45.89495 416.6672 0.9765656 16.99426 286.0618 41.61112 28.37390 3.718132 2.054153 4.333000
 [5,] 37.87259 215.6684 0.7392700 17.85139 284.6915 38.95477 24.12950 7.120324 5.669079 4.343262
 [6,] 44.51920 414.9959 0.9853332 17.58501 285.9558 41.24812 27.52582 4.784345 2.028441 4.227201
 [7,] 20.00000 251.1569 0.2759938 15.18523 284.0000 38.83616 30.20344 8.027385 8.708087 1.354439
 [8,] 45.12217 358.9217 0.9952063 18.91711 285.7316 40.91070 27.38408 5.172820 2.282880 4.047313
 [9,] 45.12217 318.9217 0.9502063 18.90538 285.7222 40.91070 27.46549 5.172820 2.307832 4.047313
[10,] 51.87173 321.2373 0.9639244 18.15553 285.8784 36.55928 28.04078 5.140407 2.683892 3.999227
[11,] 51.68277 321.1933 1.0000000 18.20277 285.8784 36.55928 27.91922 5.140407 2.683892 3.999227
[12,] 52.03285 318.1873 0.9668741 18.11325 285.9029 36.49909 28.10869 5.136610 2.748065 3.997338
[13,] 52.03285 318.4998 1.0000000 18.10740 285.9029 36.49909 28.10869 5.136610 2.723065 3.997338
[14,] 51.72096 317.8486 0.9690393 18.13271 285.8741 36.54350 28.11071 5.139511 2.863612 3.998621
[15,] 51.72096 317.8486 1.0000000 18.13271 285.8741 36.54350 28.11071 5.139511 2.857362 3.998621
[16,] 51.75728 315.4189 0.9635571 18.21237 285.8717 36.52671 28.03809 5.138862 2.869248 4.023549
[17,] 51.75728 314.7939 0.9943750 18.21237 285.8717 36.52671 28.01778 5.138862 2.856748 4.023549
[18,] 51.64409 316.9893 0.9592400 18.15554 285.8069 36.51213 28.09628 5.141815 2.891803 3.964967
[19,] 51.68187 316.3770 0.9620759 18.13607 285.8199 36.52067 28.12909 5.139826 2.865077 3.975365
[20,] 51.59786 315.7649 0.9633347 18.21237 285.7968 36.51313 28.01412 5.140702 2.879390 3.966962
[21,] 51.53354 314.9513 0.9627178 18.27808 285.7949 36.51547 28.00002 5.141100 2.871756 3.969397
[22,] 51.49287 314.9504 0.9595919 18.23704 285.7972 36.51320 27.96504 5.141301 2.871743 3.964643
[23,] 51.49287 314.7942 1.0000000 18.24290 285.7972 36.51320 27.96504 5.141301 2.884243 3.964643
[24,] 49.93029 325.4464 0.9853293 18.23805 285.6143 36.42972 29.79291 5.138352 2.855723 3.971768
[25,] 49.93029 325.2901 0.9853293 18.06813 285.6108 36.41722 29.79291 5.141477 2.899473 3.971768
[26,] 50.53304 315.4069 1.0000000 18.08645 285.6330 36.39022 29.92425 5.140542 2.953507 3.916474
[27,] 50.53304 315.4069 0.9550000 18.08645 285.6330 36.39022 29.92425 5.140542 2.953507 3.916474
[28,] 50.53304 315.4069 0.9550000 18.08645 285.6330 36.39022 29.92425 5.140542 2.953507 3.916474

$time
elapsed elapsed elapsed elapsed elapsed elapsed elapsed elapsed elapsed elapsed elapsed elapsed elapsed elapsed elapsed elapsed elapsed elapsed elapsed elapsed elapsed elapsed elapsed elapsed elapsed 
   0.97    2.78    4.37    6.15    9.42   11.06   12.73   21.65   23.08  116.70  117.94  142.48  143.55  168.31  169.23  190.69  191.89  212.47  224.58  226.25  227.97  229.61  232.95  281.36  282.97 
elapsed elapsed elapsed 
 344.12  345.08  389.03 

$neval
 [1]   106   251   372   521   797   935  1074  1755  1879  9295  9402 11554 11647 13535 13613 15247 15349 16974 17846 17979 18117 18252 18474 22029 22157 26814 26888 30063

$fbest
[1] 345.434

$xbest
 [1]  50.533041 315.406873   0.955000  18.086448 285.632975  36.390223  29.924255   5.140542   2.953507   3.916474

$numeval
[1] 30063

$end_crit
[1] 1

$cpu_time
elapsed 
 389.03 

$Refset
$Refset$x
             [,1]        [,2]       [,3]        [,4]        [,5]       [,6]        [,7]        [,8]        [,9]       [,10]
 [1,]   1.0000000  50.3495800 318.453500   0.9890413  18.2030000 285.651300  36.4045800  29.9610100   5.1397720   2.8636310
 [2,]   3.9136850   2.0000000  50.630430 312.7854000   0.9960587  18.297570 285.6496000  36.4034600  29.9927200   5.1413250
 [3,]   2.8481830   3.8993230   3.000000  50.5620900 313.7525000   0.972238  18.2582900 285.6534000  36.3945700  30.0482300
 [4,]   5.1402450   2.8704710   3.892592   4.0000000  50.6321500 313.741200   0.9982662  18.2654900 285.6542000  36.3935000
 [5,]  30.1334300   5.1395700   2.871983   3.8939030   5.0000000  50.358450 320.7444000   0.9810979  18.1913500 285.6528000
 [6,]  36.3898500  29.9732600   5.139090   2.8333970   3.9160050   6.000000  50.2728900 319.9204000   0.9890541  18.2325400
 [7,] 285.6525000  36.3767500  29.951760   5.1388640   2.8423650   3.910697   7.0000000  50.2901400 320.6960000   0.9875928
 [8,]  18.2068400 285.6513000  36.399140  29.9724700   5.1394860   2.849911   3.9134100   8.0000000  50.1075500 322.8743000
 [9,]   0.9819244  18.1973600 285.651900  36.3868700  29.8054500   5.139459   2.8549340   3.9073760   9.0000000  50.8448800
[10,] 316.2508000   0.9826519  18.351810 285.6664000  36.4500000  29.867230   5.1402580   2.8659550   3.9647790  50.3692800
[11,] 286.4671000   0.9881379  18.663810 285.6589000  36.3977200  30.427610   5.0010840   3.9141000   3.8625650  50.3564200
[12,] 322.0853000   0.9893749  18.572940 285.6585000  36.5675600  29.001200   5.0851510   2.4698980   3.9555700  47.1819700

$Refset$f
 [1] 346.8767 347.0156 347.5608 347.5851 347.8108 347.9983 347.6302 348.9253 373.7344 423.4635 412.7170 488.0955

$Refset$fpen
 [1] 346.8767 347.0156 347.5608 347.5851 347.8108 347.9983 347.6302 348.9253 373.7344 423.4635 412.7170 488.0955

$Refset$const
 [1] 15.339370 33.136370 17.797000  1.618440  2.884821 15.449380 33.151820 17.702430  1.618569  2.887578 15.387820 33.129530 17.741710  1.617884  2.894829 15.393500 33.128020 17.734510  1.617525
[20]  2.903597 15.357950 33.166600 17.808650  1.618165  2.887646 15.390170 33.157640 17.767460  1.618238  2.886502 15.356930 33.150090 17.793160  1.618395  2.886390 15.342430 33.145070 17.802640
[39]  1.618743  2.871189 15.485850 33.134050 17.648190  1.616771  2.876198 14.749710 32.085900 17.336190  1.616005  2.934117 16.103050 33.530100 17.427060  1.620068  2.783343 14.544960 33.168390
[58] 18.623440  1.633360  2.919853

$Refset$penalty
 [1] 0 0 0 0 0 0 0 0 0 0 0 0


