$f
 [1] 1159.7517  502.9878  388.1181  321.8819  302.6302  295.2882  270.5833  261.7865  260.0677  245.7639  221.6771  218.9774  217.5920  215.9149  210.1181  210.0781  205.0035  197.1962  193.7014
[20]  190.4983  189.8611  182.3750  180.7639  179.6997  179.2691  178.4983  177.9896  177.5295  177.3767  176.5087  176.2049  175.9410  175.8785  175.7934  175.7049  175.6181  175.5712  175.5712

$x
          [,1]     [,2]      [,3]     [,4]     [,5]     [,6]     [,7]     [,8]     [,9]    [,10]
 [1,] 28.92703 361.0236 0.3806738 19.10057 286.3147 30.75634 24.95167 4.644356 5.978758 3.200981
 [2,] 34.73313 281.2305 0.9968425 20.98230 285.8091 38.80559 36.12069 8.373686 2.690614 2.591707
 [3,] 34.82688 301.2305 1.0000000 20.98230 285.8091 38.03684 32.23085 8.373686 2.693739 2.594676
 [4,] 49.28818 385.9850 0.9950641 15.00000 286.0273 37.24776 24.66964 3.257416 3.881021 2.051494
 [5,] 41.32131 309.3366 0.6403579 15.07609 286.4934 43.99768 28.75127 4.952083 6.313609 1.848602
 [6,] 49.18083 379.1151 0.9860676 15.36350 285.6338 37.07922 25.17046 3.252165 3.734703 2.165037
 [7,] 49.19139 380.8467 0.9865176 15.43000 285.3589 36.95235 25.24163 3.248331 3.524320 2.098073
 [8,] 49.83389 367.2757 0.9736517 15.45496 285.4115 36.99439 25.16814 3.258276 3.581094 2.113440
 [9,] 49.83389 366.8851 0.9961517 15.45496 285.4126 36.99439 25.16814 3.258276 3.581094 2.113626
[10,] 41.20569 306.6421 0.6874245 15.00000 286.0632 43.61213 28.70198 5.192006 5.672669 1.922294
[11,] 42.72542 305.9084 0.7037649 17.70135 286.0149 42.38433 28.67937 5.199896 3.543626 1.587581
[12,] 42.72542 305.9084 0.7037649 17.70135 286.0152 42.38433 28.72000 5.199896 3.531126 1.587581
[13,] 44.22291 302.9838 0.9511431 16.57583 285.8504 42.72064 27.22953 4.642051 4.531083 2.375677
[14,] 44.31666 302.9838 0.9286431 16.57583 285.8504 42.72689 27.22953 4.642051 4.531083 2.378646
[15,] 43.04940 303.8072 0.9185705 16.72220 285.9099 42.79451 27.71723 4.766728 4.307774 2.077246
[16,] 43.25844 301.9208 0.9277301 16.82508 285.8063 42.78570 27.67895 4.772102 4.372328 2.079194
[17,] 44.02993 302.5109 0.9115065 16.63108 285.8513 42.72581 27.46453 4.775417 4.267042 1.994737
[18,] 44.17016 302.4479 0.9112881 16.50263 285.8493 42.71744 27.45806 4.776294 4.241520 1.988269
[19,] 42.62622 303.0023 0.9023609 17.25628 285.8413 42.66782 27.81417 4.768152 4.325286 2.002996
[20,] 43.54819 298.4235 0.9055750 16.93973 285.8488 42.71047 27.48053 4.772804 4.243539 2.000178
[21,] 43.06284 302.6630 0.9054245 16.92681 285.8451 42.71722 27.63559 4.776438 4.260678 1.988198
[22,] 43.06284 302.9755 0.7254245 16.93853 285.8497 42.71722 27.67621 4.776438 4.260678 1.988198
[23,] 43.19182 303.0265 0.9027637 17.03259 285.8550 42.73223 27.66479 4.776347 4.280923 1.988036
[24,] 43.19052 303.0040 0.9031651 17.02923 285.8589 42.73246 27.64827 4.776259 4.275821 1.987139
[25,] 43.19052 303.0040 0.9031651 17.02923 285.8589 42.73207 27.64827 4.776259 4.275821 1.986396
[26,] 43.43090 300.4212 0.9150062 17.04101 285.8609 42.73155 27.65586 4.774970 4.253445 1.983627
[27,] 43.39981 300.0317 0.9148660 17.04139 285.8601 42.73142 27.65607 4.774829 4.252770 1.983521
[28,] 43.39591 299.9629 0.9148236 17.04038 285.8601 42.73121 27.65610 4.774896 4.257187 1.984300
[29,] 43.42026 300.1842 0.9145613 17.03645 285.8599 42.73169 27.66399 4.774653 4.271281 1.984789
[30,] 43.42026 300.1842 0.9370613 17.03645 285.8599 42.73169 27.66399 4.774653 4.271281 1.984789
[31,] 43.35884 299.8706 0.9094486 17.11831 285.8587 42.73803 27.73466 4.774615 4.222641 1.985070
[32,] 43.35884 299.8901 0.9094486 17.11831 285.8587 42.73803 27.73466 4.774615 4.222641 1.985070
[33,] 43.34916 300.5019 0.9077624 17.10675 285.8580 42.73928 27.68494 4.775189 4.210725 1.984721
[34,] 43.35604 300.6753 0.9075931 17.11265 285.8596 42.73750 27.72153 4.774536 4.202163 1.984843
[35,] 43.36836 300.5549 0.9077301 17.11186 285.8595 42.73740 27.73202 4.773823 4.203700 1.986505
[36,] 43.37412 300.4632 0.9078270 17.11193 285.8594 42.73732 27.73059 4.773812 4.204298 1.986585
[37,] 43.37009 300.3102 0.9011146 17.11302 285.8592 42.73774 27.73323 4.773949 4.206944 1.986279
[38,] 43.37009 300.3102 0.9011146 17.11302 285.8592 42.73774 27.73323 4.773949 4.206944 1.986279

$time
elapsed elapsed elapsed elapsed elapsed elapsed elapsed elapsed elapsed elapsed elapsed elapsed elapsed elapsed elapsed elapsed elapsed elapsed elapsed elapsed elapsed elapsed elapsed elapsed elapsed 
   1.02    3.09    5.55    9.09   14.30   15.97   19.23   20.92   23.80   37.16   38.91   43.44   98.86   99.95  105.98  111.20  126.03  128.03  131.75  135.59  139.78  141.34  160.31  162.20  164.95 
elapsed elapsed elapsed elapsed elapsed elapsed elapsed elapsed elapsed elapsed elapsed elapsed elapsed 
 172.44  175.06  180.56  184.22  185.09  239.00  239.94  248.19  382.59  400.78  415.22  486.39  503.44 

$neval
 [1]   106   266   394   681  1100  1236  1507  1643  1877  2822  2957  3317  7371  7462  7866  8269  9281  9419  9694  9966 10242 10348 11450 11587 11804 12341 12478 12885 13155 13228 16514 16587
[33] 17137 24601 25482 26359 29352 30100

$fbest
[1] 175.5712

$xbest
 [1]  43.3700884 300.3102193   0.9011146  17.1130194 285.8591937  42.7377391  27.7332316   4.7739487   4.2069443   1.9862793

$numeval
[1] 30100

$end_crit
[1] 1

$cpu_time
elapsed 
 503.44 

$Refset
$Refset$x
             [,1]        [,2]       [,3]       [,4]        [,5]        [,6]        [,7]        [,8]        [,9]       [,10]
 [1,]   1.0000000 300.3102190  17.113020  42.737739   4.7739490   1.9862790 300.3102190  17.1130200  42.7377391   4.7739490
 [2,]   1.9862790   2.0000000   4.206944  43.370090   0.9011146 285.8591940  27.7332320   4.2069440  43.3700900   0.9011146
 [3,] 285.8591940  27.7332320   3.000000  43.370088 300.3102200   0.9011146  17.1130190 285.8591940  42.7377390  27.7332300
 [4,]   4.7739487   4.2069440   1.986279   4.000000  43.3652940 300.3905500   0.9065558  17.1173880 285.8593470  42.7376490
 [5,]  27.7300900   4.7739953   4.205447   1.986205   5.0000000  43.3663600 300.4529600   0.9075751  17.1149650 285.8588350
 [6,]  42.7374930  27.7336100   4.773918   4.204740   1.9866030   6.0000000  43.3666040 300.5506300   0.9070186  17.1108740
 [7,] 285.8595200  42.7384430  27.724340   4.774010   4.2036710   1.9862420   7.0000000  43.3642200 300.5239600   0.9065851
 [8,]  17.1135460 285.8596000  42.737547  27.730290   4.7740906   4.2038600   1.9854910   8.0000000  43.3463240 300.5428600
 [9,]   0.9051009  17.1094150 285.856375  42.734478  27.7149300   4.7755644   4.2304600   1.9873030   9.0000000  43.3718570
[10,] 300.5440200   0.9154631  17.110901 285.860710  42.7380310  27.7298800   4.7751688   4.2013730   1.9870030  43.3665390
[11,] 300.4797100   0.9101645  17.112084 285.859761  42.7349540  27.7320300   4.7746781   4.2038420   1.9866790  43.1131740
[12,] 298.8207600   0.8635164  17.162284 285.811392  42.8669620  29.6198500   4.7686235   4.1175350   1.9528480  41.9142280

$Refset$f
 [1] 175.5712 175.5712 175.5712 175.5712 175.5712 175.7049 175.7049 175.8663 176.2292 176.3976 264.7517 277.4479

$Refset$fpen
 [1] 175.5712 175.5712 175.5712 175.5712 175.5712 175.7049 175.7049 175.8663 176.2292 176.3976 264.7517 277.4479

$Refset$const
 [1] 31.793056  1.600036 12.906080 18.886981  2.411847  1.600036 12.906075 18.886980  2.411847 31.793056 12.906075 31.793056 18.886980  1.600036  2.411847 12.911941 31.794553 18.882610  1.600019
[20]  2.411698 12.910225 31.795260 18.885040  1.600073  2.411791 12.907203 31.796329 18.889130  1.599997  2.411361 12.909686 31.796140 18.886450  1.599993  2.411777 12.878955 31.769540 18.890590
[39]  1.600309  2.410172 12.909528 31.798627 18.889100  1.599881  2.412006 12.908242 31.796158 18.887920  1.599979  2.412024 13.044748 31.882465 18.837720  1.605612  2.512664 14.243532 31.468109
[58] 17.224580  1.580056  2.486031

$Refset$penalty
 [1] 0 0 0 0 0 0 0 0 0 0 0 0


