$f
 [1] 475.0226 269.6372 233.7205 230.6042 221.9653 197.5955 181.8889 174.5208 152.8316 133.4323 130.8108 123.6389 123.5729 122.8542 122.5347 122.5035 120.9774 118.9288 118.6927 118.3056 115.9097
[22] 115.7344

$x
          [,1]     [,2]      [,3]     [,4]     [,5]     [,6]     [,7]     [,8]     [,9]    [,10]
 [1,] 23.90870 307.1943 0.4917019 24.20619 286.3186 42.37987 27.01847 6.522530 3.051008 4.706139
 [2,] 35.86012 240.4590 0.4045641 18.36799 284.4100 44.41436 35.45095 2.707625 4.866233 2.587975
 [3,] 35.86012 239.2090 0.3595641 18.46174 284.4850 44.41436 35.45095 2.707625 4.934983 2.587975
 [4,] 41.54272 259.7368 0.8936737 15.89793 285.8321 42.97144 31.82155 4.461461 6.237471 2.590042
 [5,] 36.85964 247.0256 0.6435917 16.31042 285.0934 44.36426 32.82614 4.628220 5.829754 2.636872
 [6,] 33.10966 263.2468 0.7738302 16.95912 284.6005 45.40302 33.06521 4.710439 5.348406 2.790692
 [7,] 33.41809 272.0135 0.7457566 17.02201 284.5016 45.60496 33.20135 4.738735 5.080972 2.803839
 [8,] 33.42642 287.1421 0.8033644 16.91111 284.4721 45.72123 31.83096 4.746841 4.515387 2.866648
 [9,] 33.27856 280.3414 0.7754493 16.70845 284.4842 45.72384 32.22505 4.805952 5.162672 2.865218
[10,] 33.27856 258.9352 0.5103712 16.70845 284.4772 45.72384 32.22505 4.805952 5.181422 2.888968
[11,] 34.41249 266.6954 0.7643878 16.64331 284.3627 44.88064 31.71758 4.515101 5.267041 2.827962
[12,] 34.41249 266.8714 0.9831104 16.64331 284.3640 44.87126 31.71758 4.515101 5.367041 2.827962
[13,] 34.47828 269.8170 0.7100187 16.63363 284.4025 44.89728 31.68541 4.509702 5.224712 2.835233
[14,] 34.47828 269.8170 0.7100187 16.63363 284.4025 44.89728 31.64479 4.509702 5.224712 2.835233
[15,] 34.37342 268.4042 0.6234260 16.68149 284.4101 44.88738 31.68858 4.508558 5.225695 2.840618
[16,] 34.35716 268.4962 0.6233532 16.66766 284.4147 44.89109 31.68834 4.508559 5.233153 2.840540
[17,] 34.35716 268.5353 0.6655353 16.66766 284.4147 44.89109 31.70869 4.508559 5.258153 2.840540
[18,] 34.83596 266.6190 0.8348498 16.58214 284.4198 44.87021 31.69237 4.509638 5.243944 2.820064
[19,] 34.99035 266.9612 0.8231676 16.56712 284.4052 44.86739 31.70582 4.511639 5.251507 2.827704
[20,] 34.82666 266.8304 0.8340954 16.57498 284.4132 44.87080 31.68923 4.510670 5.243759 2.821736
[21,] 34.82666 266.8304 0.8565954 16.58084 284.4132 44.87080 31.85173 4.510670 5.218759 2.821736
[22,] 34.82666 266.8304 0.8565954 16.58084 284.4132 44.87080 31.85173 4.510670 5.221884 2.821736

$time
elapsed elapsed elapsed elapsed elapsed elapsed elapsed elapsed elapsed elapsed elapsed elapsed elapsed elapsed elapsed elapsed elapsed elapsed elapsed elapsed elapsed elapsed 
   2.43    5.32    7.19   17.35   19.72   21.99   24.68   27.11   29.41   34.44   71.27   73.30   97.07  101.04  117.30  119.94  129.86  196.93  210.43  219.13  225.36  563.93 

$neval
 [1]   106   252   363   928  1066  1202  1340  1478  1617  1881  4042  4162  5382  5592  6397  6534  7043 10438 11182 11587 11949 30030

$fbest
[1] 115.7344

$xbest
 [1]  34.8266647 266.8304376   0.8565954  16.5808413 284.4132214  44.8707978  31.8517334   4.5106702   5.2218842   2.8217364

$numeval
[1] 30030

$end_crit
[1] 1

$cpu_time
elapsed 
 563.93 

$Refset
$Refset$x
             [,1]        [,2]       [,3]        [,4]        [,5]        [,6]        [,7]        [,8]        [,9]       [,10]
 [1,]   1.0000000  34.8440900 263.815900   0.9924492  16.7676800 284.4155000  44.8769700  31.7195900   4.5082840   5.2667520
 [2,]   2.8385910   2.0000000  34.840070 263.5713000   0.9840692  16.7889800 284.4157000  44.8791400  31.7205000   4.5083330
 [3,]   5.2591000   2.8385990   3.000000  34.8424000 263.5109000   0.9906244  16.7715000 284.4158000  44.8769700  31.7195700
 [4,]   4.5082690   5.2739760   2.838559   4.0000000  34.8342400 263.5815000   0.9833723  16.7962600 284.4161000  44.8789500
 [5,]  31.7178400   4.5082200   5.254223   2.8385910   5.0000000  34.8391400 263.6902000   0.9904556  16.7699200 284.4150000
 [6,]  44.8767600  31.7244900   4.508382   5.2691920   2.8385590   6.0000000  34.8423800 263.5754000   0.9907747  16.7711100
 [7,] 284.4158000  44.8766500  31.718940   4.5082680   5.2718450   2.8385720   7.0000000  34.8405900 263.6860000   0.9869662
 [8,]  16.7715700 284.4158000  44.877250  31.7236500   4.5083160   5.2675260   2.8385420   8.0000000  34.8389100 263.5728000
 [9,]   0.9873963  16.7804500 284.415800  44.8775000  31.7209800   4.5082640   5.2655130   2.8385730   9.0000000  34.8396100
[10,] 263.5713000   0.9863118  16.783550 284.4156000  44.8775500  31.7227400   4.5082940   5.2635770   2.8385850  34.8470800
[11,] 262.7246000   0.9857593  16.812160 284.4167000  44.8793500  31.7241700   4.5083660   5.2672080   2.8385870  34.8436100
[12,] 264.0437000   0.9621122  16.734970 284.4138000  44.8767100  31.7241200   4.5086040   5.2750240   2.8384970  34.8439700

$Refset$f
 [1] 116.4375 116.4444 116.4444 116.4462 116.4531 116.4531 116.4531 116.4531 116.4444 116.5382 116.5503 116.5625

$Refset$fpen
 [1] 116.4375 116.4444 116.4444 116.4462 116.4531 116.4531 116.4531 116.4531 116.4444 116.5382 116.5503 116.5625

$Refset$const
 [1] 11.500930 30.733250 19.232320  1.764703  2.318554 11.529880 30.740900 19.211020  1.764675  2.318536 11.497530 30.726020 19.228500  1.764670  2.318578 11.542030 30.745780 19.203740  1.764607
[20]  2.318429 11.500720 30.730810 19.230080  1.764802  2.318796 11.499270 30.728150 19.228890  1.764668  2.318554 11.504040 30.732470 19.228430  1.764703  2.318798 11.514940 30.734490 19.219550
[39]  1.764676  2.318640 11.519980 30.736420 19.216450  1.764712  2.318720 11.544950 30.732790 19.187840  1.764581  2.318832 11.459950 30.724980 19.265030  1.764947  2.318662 11.473070 30.728310
[58] 19.255240  1.764838  2.318701

$Refset$penalty
 [1] 0 0 0 0 0 0 0 0 0 0 0 0


