$f
 [1] 685.33854 233.80903 126.29861 111.71007 108.80903  94.21875  93.73437  80.18056  79.65625  78.66319  77.97743  72.49479  72.04861  70.78299  70.19097  69.84028  69.34375  69.29167  68.92361
[20]  68.57465

$x
          [,1]     [,2]      [,3]     [,4]     [,5]     [,6]     [,7]     [,8]     [,9]    [,10]
 [1,] 20.93574 177.4564 0.6543378 18.04458 284.7441 37.87017 33.65167 2.031235 9.657954 1.582720
 [2,] 31.06910 333.2282 0.3504286 17.94802 285.1497 36.12317 28.47457 3.907347 5.704706 4.705373
 [3,] 31.64392 325.5077 0.5772908 17.94802 284.0000 36.19920 28.02538 3.907347 4.924299 3.585764
 [4,] 38.97099 353.3998 0.4983993 19.51271 285.6879 38.22582 25.10698 3.531249 2.896649 4.826588
 [5,] 36.21732 340.1435 0.7880394 18.55361 285.9504 42.57665 28.38655 4.165634 3.471942 4.272311
 [6,] 36.59232 340.1435 0.8780394 18.55361 286.1004 42.57665 27.73655 4.165634 3.471942 4.272311
 [7,] 32.92453 314.2211 0.6627750 18.18655 286.0926 43.93997 26.28146 5.124825 4.671014 3.055992
 [8,] 32.92453 312.9906 1.0000000 18.23342 286.0926 43.93997 26.28146 5.124825 4.671014 3.044117
 [9,] 33.10363 315.0243 0.6108962 18.93193 286.0830 44.03902 26.21655 5.309982 4.182067 3.862084
[10,] 33.08019 315.0243 0.5883962 18.93193 286.0830 44.03902 26.21655 5.309982 4.182067 3.862084
[11,] 32.92373 313.1182 0.6616152 18.16654 286.0903 43.97801 26.30925 5.135385 4.689388 2.760072
[12,] 32.90030 313.1182 0.7516152 18.16068 286.0903 43.96551 26.30925 5.135385 4.692703 2.760072
[13,] 32.84686 312.6920 0.6903513 18.86861 286.0901 43.94556 26.07091 5.151759 4.194079 2.791453
[14,] 32.84686 313.0045 0.6678513 18.86861 286.0901 43.94556 26.07091 5.151759 4.194079 2.794421
[15,] 33.00207 311.2114 0.6876172 18.69050 286.0908 43.92424 26.02578 5.147869 4.357092 2.805294
[16,] 33.00207 311.2114 0.7101172 18.68904 286.0908 43.92424 26.02578 5.147869 4.350842 2.805294
[17,] 32.96406 312.0002 0.6927067 19.20014 286.0872 43.94675 26.01663 5.148570 3.982103 2.789641
[18,] 33.01046 312.0102 0.6853201 19.20112 286.0881 43.94996 26.09997 5.148467 3.970011 2.794955
[19,] 33.00451 312.0094 0.6854437 19.20088 286.0879 43.94893 26.13894 5.148422 3.970091 2.796111
[20,] 33.00451 311.9703 0.7079437 19.20088 286.0879 43.94893 26.13894 5.148422 3.970091 2.796111

$time
elapsed elapsed elapsed elapsed elapsed elapsed elapsed elapsed elapsed elapsed elapsed elapsed elapsed elapsed elapsed elapsed elapsed elapsed elapsed elapsed 
   1.14    2.86    5.58   15.12   20.44   23.01   62.81   64.62  118.37  119.30  141.70  142.86  346.73  348.16  369.87  370.83  375.81  381.06  382.76  384.58 

$neval
 [1]   106   257   430  1277  1688  1915  5153  5257  9719  9799 11411 11513 27435 27520 29023 29107 29516 29932 30069 30070

$fbest
[1] 68.57465

$xbest
 [1]  33.0045095 311.9702918   0.7079437  19.2008823 286.0879446  43.9489292  26.1389356   5.1484220   3.9700908   2.7961108

$numeval
[1] 30070

$end_crit
[1] 1

$cpu_time
elapsed 
 384.58 

$Refset
$Refset$x
             [,1]        [,2]       [,3]        [,4]        [,5]        [,6]       [,7]       [,8]        [,9]       [,10]
 [1,]   1.0000000  33.0045100 312.009354   0.6854437  19.2008820 286.0879450  43.948930  26.138936   5.1484220   3.9700910
 [2,]   2.7961110   2.0000000  32.964060 312.0002166   0.6927067  19.2001410 286.087181  43.946750  26.0166309   5.1485700
 [3,]   3.9821030   2.7896410   3.000000  32.9435000 311.9961975   0.6832881  18.966953 286.091425  43.9275700  26.2033787
 [4,]   5.1483770   4.1604060   2.801821   4.0000000  33.0020700   0.7101172 286.090839  26.025780   4.3508420  33.0020700
 [5,]   0.7101172 286.0908400  26.025780   4.3508420   5.0000000 311.2113700  18.689038  43.924243   5.1478690   2.8052940
 [6,] 311.2113700  18.6890376  43.924243   5.1478690   2.8052940   6.0000000  33.001370 311.203221   0.6876568  18.6896450
 [7,] 286.0908260  43.9242700  25.991144   5.1478430   4.3571120   2.8049470   7.000000  33.019680 311.5037078   0.6911798
 [8,]  19.2206640 286.0919620  43.944840  26.0605419   5.1473730   3.9792230   2.803371   8.000000  32.8515000 312.9616097
 [9,]   0.6910991  19.4703060 286.089973  43.9510800  26.0311224   5.1496020   3.857591   2.788993   9.0000000  32.9269000
[10,] 312.1986705   0.6821752  18.637308 286.0908120  43.9535400  26.0982002   5.148160   4.361969   2.8043280  33.0159800
[11,] 314.1060807   0.6880863  18.548596 286.0891700  43.9133300  26.0998289   5.147923   4.364350   2.8010570  32.9110400
[12,] 308.4161973   0.6808348  18.981629 286.0825690  43.9190900  26.1270140   5.148652   4.236817   2.8001770  32.9564900

$Refset$f
 [1] 68.92361 69.34375 69.36458 69.84028 69.84028 70.07465 69.22743 69.82292 70.41493 70.44444 70.61111 69.90451

$Refset$fpen
 [1] 68.92361 69.34375 69.36458 69.84028 69.84028 70.07465 69.22743 69.82292 70.41493 70.44444 70.61111 69.90451

$Refset$const
 [1] 15.230790 32.029909 16.799118  1.576367  2.333360 15.218040 32.017897 16.799859  1.576342  2.326430 14.806550 31.839594 17.033047  1.576103  2.338577 14.338200 17.310962  2.328627 31.649158
[20]  1.576027 31.649160  1.576027 14.338196 17.310962  2.328627 14.332530 31.642888 17.310355  1.576001  2.326698 15.241440 32.020777 16.779336  1.575942  2.330173 15.612720 32.142409 16.529694
[39]  1.576097  2.327816 14.275340 31.638031 17.362692  1.576072  2.331683 14.184250 31.635650 17.451404  1.576241  2.332678 14.744810 31.763183 17.018371  1.576864  2.332290 14.535450 31.730404
[58] 17.194958  1.576164  2.338209

$Refset$penalty
 [1] 0 0 0 0 0 0 0 0 0 0 0 0


