$f
 [1] 284.91146 231.89931 195.21875 188.17708 126.36458 111.51910  94.85243  86.58507  85.35069  83.19097  82.12153  80.83333  79.46181  79.32465  76.36632  71.30208  71.03472  70.43750  70.38368
[20]  70.14583  69.93403  69.78993  69.46701  69.33160  67.39410  67.03299  67.00174  66.90799  66.84896  66.56250  66.15451  66.09028  65.82292  65.82292

$x
          [,1]     [,2]      [,3]     [,4]     [,5]     [,6]     [,7]     [,8]     [,9]    [,10]
 [1,] 30.13769 179.7820 0.8479321 26.26255 286.0035 43.69471 25.57184 7.310961 3.207463 1.433999
 [2,] 20.00000 181.3711 0.9293833 29.20490 286.0000 42.18265 25.31514 8.273487 3.564752 1.200000
 [3,] 20.00000 179.4924 0.7803811 29.20490 286.0000 42.18265 25.04816 8.273487 3.486626 1.200000
 [4,] 35.36506 241.3506 0.7388840 23.15976 286.5229 39.92590 27.04724 5.328201 3.826717 2.136408
 [5,] 37.17992 176.9809 0.5800313 27.30093 285.6970 39.61728 24.87532 4.623246 3.382198 4.347740
 [6,] 33.16613 240.8712 0.4103926 23.15016 285.9743 42.79900 26.28212 4.895609 3.401188 2.046059
 [7,] 33.92605 224.7077 0.3936596 22.88878 285.7207 44.32728 26.20456 4.127666 3.563263 2.105314
 [8,] 33.92605 224.7077 0.3880346 22.88878 285.7301 44.22728 25.55456 4.127666 3.563263 2.130548
 [9,] 38.72330 278.4585 0.5893658 19.83658 285.7950 42.49785 27.12664 2.049066 3.849197 2.420578
[10,] 38.72330 278.4585 0.5893658 19.83658 285.7763 42.49785 27.12664 2.049066 3.874197 2.396828
[11,] 38.22218 288.7167 0.5817583 19.82520 285.7355 42.23521 26.97446 2.366247 3.695592 2.340891
[12,] 38.22218 288.0917 0.6351958 19.82520 285.7355 42.23521 27.01508 2.366247 3.683092 2.340891
[13,] 37.14360 232.5983 0.9309067 23.71249 285.9579 42.18513 34.24265 4.665647 2.827812 2.790160
[14,] 37.14360 232.5788 0.9309067 23.71249 285.9579 42.18513 34.24265 4.665647 2.827812 2.790160
[15,] 37.93874 285.3272 0.5835989 19.87151 285.7362 42.42582 26.93609 2.405364 3.703066 2.349595
[16,] 37.93874 285.3272 0.5850052 19.87151 285.7151 42.42582 26.93609 2.405364 3.715566 2.361470
[17,] 38.74168 263.4310 0.7343201 21.12138 285.8309 42.36623 27.74377 2.352198 3.448943 2.474563
[18,] 38.74754 263.7435 0.6907264 21.12138 285.8309 42.39123 27.74377 2.352198 3.448943 2.477532
[19,] 38.74121 263.9106 0.7359480 21.12170 285.8303 42.36985 27.78248 2.352195 3.448398 2.468906
[20,] 38.84917 263.4210 0.7542485 20.87335 285.8366 42.36694 27.79854 2.351542 3.607342 2.473533
[21,] 38.84917 263.4210 0.7542485 20.87335 285.8179 42.36694 27.79854 2.351542 3.607342 2.473533
[22,] 38.66052 258.7526 1.0000000 22.78796 285.8362 42.40452 27.84932 2.364260 2.667502 2.422890
[23,] 38.66052 258.7526 1.0000000 22.78796 285.8174 42.40452 27.84932 2.364260 2.655002 2.422890
[24,] 38.68889 258.9168 0.8085968 22.59969 285.8383 42.38824 27.82334 2.362891 2.788342 2.421639
[25,] 39.06389 258.9168 0.9885968 22.59969 285.8383 42.38824 27.82334 2.362891 2.738342 2.421639
[26,] 38.97167 258.7859 0.9938828 22.77582 285.8412 42.39852 27.91065 2.362478 2.659376 2.425458
[27,] 38.97167 258.7859 0.9550000 22.77582 285.8412 42.39852 27.91065 2.362478 2.659376 2.425458
[28,] 38.97857 258.7574 0.9941427 22.77876 285.8411 42.39946 27.91052 2.362144 2.654610 2.423434
[29,] 39.13630 258.0694 0.9998996 22.76727 285.8411 42.40031 27.91670 2.362129 2.653392 2.422014
[30,] 39.24420 257.1592 1.0000000 22.78048 285.8411 42.40166 27.91755 2.360987 2.650204 2.422695
[31,] 39.04913 258.6505 0.9867715 22.73612 285.8408 42.39690 27.91140 2.361011 2.659364 2.424469
[32,] 39.15347 259.1116 0.9780542 22.67125 285.8408 42.38977 27.89721 2.354481 2.672979 2.438192
[33,] 39.15347 259.1116 1.0000000 22.67125 285.8408 42.38977 27.89721 2.354481 2.660479 2.438192
[34,] 39.15347 259.1116 1.0000000 22.67125 285.8408 42.38977 27.89721 2.354481 2.660479 2.438192

$time
elapsed elapsed elapsed elapsed elapsed elapsed elapsed elapsed elapsed elapsed elapsed elapsed elapsed elapsed elapsed elapsed elapsed elapsed elapsed elapsed elapsed elapsed elapsed elapsed elapsed 
   0.97    2.69    4.35    5.96    7.60    9.17   14.64   22.19   70.52   71.60   94.36   95.53  113.10  113.91  125.50  131.49  214.14  215.33  226.08  229.44  233.64  255.66  256.58  270.25  274.61 
elapsed elapsed elapsed elapsed elapsed elapsed elapsed elapsed elapsed 
 315.16  315.99  319.41  325.11  326.83  330.11  331.75  334.33  377.99 

$neval
 [1]   106   260   405   546   691   829  1242  1898  5794  5888  7647  7751  9108  9182 10116 10610 17432 17536 18355 18626 18971 20591 20671 21763 22121 25277 25351 25623 26029 26166 26440 26576
[33] 26800 30077

$fbest
[1] 65.82292

$xbest
 [1]  39.153474 259.111623   1.000000  22.671251 285.840764  42.389772  27.897213   2.354481   2.660479   2.438192

$numeval
[1] 30077

$end_crit
[1] 1

$cpu_time
elapsed 
 377.99 

$Refset
$Refset$x
             [,1]        [,2]       [,3]        [,4]        [,5]       [,6]        [,7]        [,8]        [,9]       [,10]
 [1,]   1.0000000  39.1320200 257.461300   0.9843118  22.7656600 285.844000  42.3981800  27.9071300   2.3611030   2.6576690
 [2,]   2.4246750   2.0000000  39.133740 257.3795000   0.9781385  22.768670 285.8420000  42.3983900  27.9038100   2.3611560
 [3,]   2.6576130   2.4248270   3.000000  39.1322700 257.3786000   0.988573  22.7675000 285.8417000  42.3996200  27.9053800
 [4,]   2.3613300   2.6574710   2.424558   4.0000000  39.1497200 257.309900   0.9786696  22.7672600 285.8424000  42.3952900
 [5,]  27.9148100   2.3601410   2.658165   2.4248130   5.0000000  39.136830 257.3333000   0.9824873  22.7700800 285.8420000
 [6,]  42.3991300  27.9049000   2.361275   2.6568330   2.4244870   6.000000  39.1388700 257.3119000   0.9843333  22.7693000
 [7,] 285.8422000  42.3985000  27.907040   2.3611030   2.6577430   2.424761   7.0000000  39.1462000 257.4590000   0.9992803
 [8,]  22.7705700 285.8650000  42.400940  27.9071300   2.3589710   2.651660   2.4244580   8.0000000  39.1313500 257.5032000
 [9,]   0.9850496  22.7635500 285.845800  42.3981600  27.9091300   2.360543   2.6574100   2.4252330   9.0000000  39.1332700
[10,] 258.1513000   0.9926221  22.726640 285.8407000  42.3934300  27.903100   2.3613000   2.6581110   2.4236330  38.6263500
[11,] 253.8440000   0.9792227  22.785240 285.8530000  42.4043900  27.909350   2.3779960   2.8065960   2.3731350  39.3011400
[12,] 247.8007000   0.9343309  22.149920 285.7413000  42.3147000  29.161990   2.4805280   3.1345900   2.3685320  45.5966200

$Refset$f
 [1]  66.07465  66.07465  66.07465  66.07465  66.07465  66.07465  66.11979  66.16319  66.21528  68.46875  87.64410 176.16667

$Refset$fpen
 [1]  66.07465  66.07465  66.07465  66.07465  66.07465  66.07465  66.11979  66.16319  66.21528  68.46875  87.64410 176.16667

$Refset$const
 [1] 20.107990 33.342330 13.234340  1.601825  2.432370 20.111060 33.342390 13.231330  1.602025  2.431671 20.110030 33.342530 13.232500  1.602063  2.431627 20.109100 33.341840 13.232740  1.601995
[20]  2.432568 20.113250 33.343170 13.229920  1.602030  2.431697 20.111560 33.342260 13.230700  1.602009  2.431908 20.118910 33.348340 13.229430  1.599665  2.437478 20.106140 33.342590 13.236450
[39]  1.601637  2.432949 20.068530 33.341890 13.273360  1.602158  2.431513 19.978640 33.193400 13.214760  1.600902  2.434477 19.015330 32.865410 13.850080  1.613264  2.490254 20.767070 33.463900
[58] 12.696830  1.596699  2.745198

$Refset$penalty
 [1] 0 0 0 0 0 0 0 0 0 0 0 0


