$f
 [1] 4113.41840  557.91493  400.44792  242.94097  242.59201  218.73090  212.54514  207.14236  193.64931  146.79514  136.86806  115.58681  114.75521  102.65451   95.86111   92.19965   90.68576
[18]   88.61806   87.59375   83.98958   83.35938   80.90451   78.26042   78.26042

$x
          [,1]     [,2]      [,3]     [,4]     [,5]     [,6]     [,7]     [,8]     [,9]    [,10]
 [1,] 34.23856 316.2881 0.6723046 16.78984 286.2500 45.92420 40.48630 6.699602 4.423362 3.206992
 [2,] 20.12562 500.0000 0.7014159 16.57160 285.2424 48.00000 30.53487 5.992710 3.518167 5.000000
 [3,] 20.00000 499.6013 0.4403690 16.19660 285.2611 48.00000 30.96301 6.042710 3.501045 5.000000
 [4,] 29.78392 104.4964 0.5472103 21.69993 285.5099 48.00000 35.04693 3.752346 8.871314 4.924098
 [5,] 28.68812 149.6548 0.3113442 20.36113 285.2669 43.52348 33.75502 4.581532 8.126265 3.645844
 [6,] 28.03520 161.5115 0.2230004 18.98343 285.0478 43.48939 33.48897 4.626058 8.020542 2.913759
 [7,] 28.04657 164.0703 0.1978611 18.78987 284.9868 43.59305 33.49769 4.668106 8.016079 2.577272
 [8,] 28.53910 202.8622 0.2626251 20.38992 285.1971 43.83009 32.69554 4.505947 5.743906 3.253928
 [9,] 27.95955 172.2998 0.2040133 19.63191 285.2395 43.67656 32.95606 4.665491 7.259525 2.588598
[10,] 27.95955 172.2216 0.2237008 19.63191 285.2395 44.07656 32.93575 4.665394 7.165775 2.564848
[11,] 29.33623 145.2524 0.2044005 19.14685 285.2647 47.18465 34.26158 4.330119 7.732642 3.957718
[12,] 29.33623 145.5649 0.1819005 19.14685 285.2647 47.58465 34.26158 4.329924 7.732642 3.957718
[13,] 30.61309 127.0381 0.1507128 19.64521 285.1885 47.28155 34.34276 4.313972 7.641292 4.102866
[14,] 30.87826 127.0381 0.1487241 19.64521 285.2635 47.31691 34.99276 4.313972 7.654550 4.102866
[15,] 29.58356 140.3055 0.1971474 19.10196 285.2685 47.65391 35.12576 4.248220 7.758995 4.517585
[16,] 29.76779 140.3055 0.1957412 19.10196 285.2685 47.65391 35.08514 4.248220 7.747369 4.517585
[17,] 29.76994 143.0000 0.1858640 18.83144 285.2748 47.86926 35.02338 4.255556 7.707567 4.517387
[18,] 29.76994 142.9804 0.1862155 18.84315 285.2560 47.86926 35.00815 4.255556 7.720067 4.517387
[19,] 29.88046 143.7315 0.1780126 18.73852 285.2807 47.89801 35.00727 4.254041 7.670698 4.503919
[20,] 29.95511 144.1643 0.1704092 18.66252 285.2799 47.89290 35.00557 4.253746 7.658280 4.506038
[21,] 30.07572 144.4059 0.1684162 18.61869 285.2836 47.89034 34.99944 4.253481 7.654783 4.490123
[22,] 30.13907 145.0821 0.1686516 18.63286 285.2829 47.90465 34.99222 4.253620 7.618279 4.479421
[23,] 30.13907 144.9259 0.1672453 18.65630 285.2736 47.90465 35.03285 4.253620 7.571404 4.506140
[24,] 30.13907 144.9259 0.1672453 18.65630 285.2736 47.90465 35.03285 4.253620 7.571404 4.506140

$time
elapsed elapsed elapsed elapsed elapsed elapsed elapsed elapsed elapsed elapsed elapsed elapsed elapsed elapsed elapsed elapsed elapsed elapsed elapsed elapsed elapsed elapsed elapsed elapsed 
   1.94    4.03    6.88   13.02   17.03   19.00   23.43   25.44   27.41   29.14   60.68   62.43   92.72   94.24  133.77  135.22  199.43  200.89  207.38  211.44  213.44  221.86  224.13  458.08 

$neval
 [1]   106   262   451   874  1148  1285  1562  1701  1838  1959  3978  4068  6221  6328  8890  8993 13200 13305 13709 13979 14112 14644 14771 30060

$fbest
[1] 78.26042

$xbest
 [1]  30.1390661 144.9258998   0.1672453  18.6562962 285.2735634  47.9046513  35.0328494   4.2536196   7.5714039   4.5061398

$numeval
[1] 30060

$end_crit
[1] 1

$cpu_time
elapsed 
 458.08 

$Refset
$Refset$x
             [,1]        [,2]       [,3]        [,4]        [,5]       [,6]        [,7]        [,8]        [,9]      [,10]
 [1,]   1.0000000  29.5831300 152.012500   0.1881874  18.5554200 285.240900  47.8205100  34.5697800   4.3239540   7.560347
 [2,]   4.2427760   2.0000000  29.587930 152.0680000   0.1881346  18.560560 285.2405000  47.8202200  34.5722100   4.324030
 [3,]   7.5541380   4.2429340   3.000000  29.5816400 151.9463000   0.188326  18.5556300 285.2410000  47.8210100  34.570010
 [4,]   4.3238800   7.5623540   4.243563   4.0000000  29.5804000 151.941800   0.1883822  18.5553400 285.2410000  47.821080
 [5,]  34.5694100   4.3240130   7.563004   4.2427270   5.0000000  29.580270 151.9717000   0.1882856  18.5552600 285.240800
 [6,]  47.8212000  34.5660200   4.323955   7.5627670   4.2431670   6.000000  29.5821700 151.9934000   0.1882289  18.557250
 [7,] 285.2413000  47.8207700  34.571310   4.3240170   7.5598730   4.242514   7.0000000  29.5832100 151.9790000   0.188267
 [8,]  18.5557600 285.2414000  47.821640  34.5663600   4.3239660   7.560707   4.2427910   8.0000000  29.5802700 151.978400
 [9,]   0.1882948  18.5568200 285.240800  47.8203800  34.5663000   4.323955   7.5615400   4.2434640   9.0000000  29.581610
[10,] 151.9475000   0.1883260  18.555590 285.2410000  47.8210100  34.569550   4.3238890   7.5633820   4.2435570  29.633860
[11,] 151.9108000   0.1884644  18.489190 285.2410000  47.8221500  34.565790   4.3243660   7.5565630   4.2433820  29.581730
[12,] 151.7486000   0.1900884  18.550600 285.2406000  47.8271900  34.552990   4.3239320   7.5742130   4.2470990  29.584030

$Refset$f
 [1] 84.22569 84.27257 84.34375 84.34375 84.37326 84.37326 84.37326 84.37326 84.37326 84.40278 84.43924 84.37326

$Refset$fpen
 [1] 84.22569 84.27257 84.34375 84.34375 84.37326 84.37326 84.37326 84.37326 84.37326 84.40278 84.43924 84.37326

$Refset$const
 [1] 10.995070 28.439650 17.444580  1.671216  2.475645 11.006420 28.445860 17.439440  1.671269  2.475721 10.993270 28.437650 17.444370  1.671205  2.475656 10.992340 28.437000 17.444660  1.671204
[20]  2.475618 10.992490 28.437230 17.444740  1.671218  2.475382 10.997380 28.440130 17.442750  1.671167  2.475806 10.995060 28.439290 17.444240  1.671143  2.475504 10.995280 28.438460 17.443180
[39]  1.671220  2.475433 10.992200 28.436620 17.444410  1.671204  2.475629 10.932630 28.443440 17.510810  1.671191  2.475370 10.976390 28.425790 17.449400  1.671209  2.474337 10.996910 28.440280
[58] 17.443360  1.671222  2.475728

$Refset$penalty
 [1] 0 0 0 0 0 0 0 0 0 0 0 0


