$f
 [1] 968.1059 621.2066 457.6319 426.6667 400.5781 398.9167 350.7309 341.1337 333.9948 332.3299 332.1771 328.5972 326.2951 325.2934 323.5816 320.4653 320.0729 318.2674 317.1354 316.6007 315.4080
[22] 315.2535

$x
          [,1]     [,2]      [,3]     [,4]     [,5]     [,6]     [,7]     [,8]     [,9]    [,10]
 [1,] 23.98069 286.2353 0.8186472 21.97606 286.2496 46.82050 34.08318 7.249427 7.616697 2.763514
 [2,] 30.23544 332.2399 0.2532206 24.61476 285.0030 39.94575 28.38919 2.795279 2.238984 4.709715
 [3,] 29.64950 332.2350 0.3375956 25.37062 285.0769 39.94575 32.28919 2.000000 2.000000 4.709715
 [4,] 29.16745 334.6916 0.3749983 26.23070 285.0849 40.11882 32.42933 2.002042 2.041347 4.890548
 [5,] 26.80382 309.4126 0.3852549 25.13259 285.2260 45.87480 32.79527 4.113337 2.667492 4.617033
 [6,] 29.12206 317.6167 0.3680107 25.32472 285.0938 41.04209 32.19949 3.414365 2.470851 4.585530
 [7,] 29.14066 327.2806 0.3677472 25.41088 285.0992 40.74370 32.23747 3.459450 2.337134 4.595589
 [8,] 29.14066 327.2806 0.3630305 25.41088 285.0909 40.74370 32.19205 3.459450 2.287134 4.643089
 [9,] 27.31029 300.9313 0.4221800 24.69521 285.2728 43.78292 34.72710 5.214594 3.431226 4.394303
[10,] 27.31029 301.1262 0.4221800 24.69521 285.2728 43.78292 34.48335 5.214594 3.429462 4.393186
[11,] 26.84473 288.6377 0.2003684 26.24384 285.2210 42.72284 35.54935 4.061203 2.593692 4.858897
[12,] 27.34527 290.3595 0.2529442 26.24302 285.1816 42.77525 35.27002 4.071989 2.580005 4.989386
[13,] 27.34527 290.3595 0.2529442 26.24302 285.1811 42.76275 35.35127 4.071989 2.590943 5.000000
[14,] 26.43914 284.5282 0.1542318 26.29307 285.2027 42.30018 35.74937 4.077857 2.448455 4.823796
[15,] 26.43914 284.3720 0.1549349 26.29307 285.2027 42.30018 35.78999 4.078639 2.460955 4.823796
[16,] 26.88039 281.2464 0.1591850 25.93301 285.2093 42.60391 35.84112 4.070921 2.460545 4.855540
[17,] 26.99327 280.8484 0.1497318 25.83199 285.2207 42.63524 35.86964 4.071921 2.415362 4.857378
[18,] 26.99327 280.8484 0.1497318 25.83199 285.2019 42.63524 35.86964 4.071921 2.415362 4.857378
[19,] 26.12748 280.5978 0.1668178 26.35064 285.1881 42.58375 35.69825 4.083582 2.496966 4.883701
[20,] 26.36489 279.5843 0.1644973 26.57099 285.1987 42.71372 35.78418 4.080159 2.314716 4.883348
[21,] 26.38833 279.4280 0.1644973 26.57099 285.1987 42.61372 35.78418 4.080159 2.314716 4.883348
[22,] 26.39419 279.4280 0.1644973 26.57099 285.1987 42.61372 35.78418 4.080159 2.314716 4.883348

$time
elapsed elapsed elapsed elapsed elapsed elapsed elapsed elapsed elapsed elapsed elapsed elapsed elapsed elapsed elapsed elapsed elapsed elapsed elapsed elapsed elapsed elapsed 
   1.04    3.25    5.01    9.64   11.20   17.69   19.37   22.58   65.47   67.04   93.15   97.50  112.81  160.42  161.47  175.19  176.75  178.01  298.29  341.22  342.15  359.73 

$neval
 [1]   106   258   419   842   983  1527  1663  1904  5559  5667  7836  8172  9353 13156 13251 14463 14600 14674 24865 28472 28556 30059

$fbest
[1] 315.2535

$xbest
 [1]  26.3941860 279.4280268   0.1644973  26.5709945 285.1987053  42.6137206  35.7841796   4.0801592   2.3147157   4.8833481

$numeval
[1] 30059

$end_crit
[1] 1

$cpu_time
elapsed 
 359.73 

$Refset
$Refset$x
             [,1]        [,2]       [,3]       [,4]       [,5]        [,6]        [,7]        [,8]        [,9]       [,10]
 [1,]   1.0000000 279.4280270  26.570990  42.613721   4.080159   4.8833480 279.4280270  26.5709900  42.6137210   4.0801590
 [2,]   4.8833480   2.0000000   4.883348 279.428030  26.570995  42.6137210   4.0801590   4.8833480 279.4280300  26.5709940
 [3,]  42.6137210   4.0801590   3.000000  26.346280 279.551200   0.1641787  26.5738760 285.1994380  42.7148970  35.7983500
 [4,]   4.0806410   2.3187390   4.884533   4.000000  26.418547 280.7786200   0.1650867  26.5382050 285.2272870  42.6797330
 [5,]  35.7728200   4.0713410   2.301266   4.881592   5.000000  26.1974020 282.3691500   0.1648597  26.5694110 285.2143240
 [6,]  42.7226640  35.7794800   4.078199   2.326568   4.880685   6.0000000  26.2883480 281.1711700   0.1603379  26.3205170
 [7,] 285.1983000  42.7855420  35.711610   4.065637   2.429898   4.9663450   7.0000000  26.2762410 283.4573200   0.1517247
 [8,]  26.4798060 285.2114180  42.703538  35.661090   4.077607   2.4061760   4.8798840   8.0000000  26.4372370 270.8727200
 [9,]   0.2433488  26.7184330 285.184664  42.316938  35.551190   5.2327200   3.3505300   4.8281980   9.0000000  26.9152850
[10,] 281.0563000   0.2077295  26.462825 285.187291  42.565867  35.7931000   4.3290210   2.4888160   4.8787090  27.1859100
[11,] 279.3240200   0.2600620  26.688888 285.231970  42.187428  34.1247400   4.4180530   2.9932630   4.8334710  26.9318350
[12,] 289.2294300   0.1779428  26.631565 284.894208  39.577040  34.8539500   4.5216920   2.2168860   4.8856650  40.2052790

$Refset$f
 [1] 315.4080 315.4080 316.4236 316.8715 323.8455 326.0156 327.3264 348.9097 365.0312 398.0694 410.2309 540.2708

$Refset$fpen
 [1] 315.4080 315.4080 316.4236 316.8715 323.8455 326.0156 327.3264 348.9097 365.0312 398.0694 410.2309 540.2708

$Refset$const
 [1] 33.685280  1.680213 24.256279  9.429006  2.833890  2.833890 33.685284  1.680213 24.256279  9.429006 24.255140 33.681261  9.426124  1.680160  2.828148 24.236940 33.698734  9.461795  1.676169
[20]  2.834422 24.242840 33.673432  9.430589  1.678047  2.829201 23.890620 33.570102  9.679483  1.680421  2.815844 24.073630 33.593824  9.520194  1.678538  2.820097 23.367900 32.649470  9.281567
[39]  1.682222  2.832298 23.974010 33.511184  9.537175  1.681820  2.835598 23.695630 33.006737  9.311112  1.676114  2.734687 24.414680 33.783114  9.368435  1.725255  2.926818 18.126010 31.383138
[58] 13.257129  1.687179  2.675900

$Refset$penalty
 [1] 0 0 0 0 0 0 0 0 0 0 0 0


