$f
 [1] 5842.4601 1551.5451 1344.2865 1155.4514  896.9722  894.0556  738.6042  691.5174  598.7778  506.2569  502.2083  493.1233  490.6250  488.3854  486.0104  481.4688  477.6771  476.7031  476.6997
[20]  476.1684  475.8368  474.9288  474.8681  474.6181  474.5035  474.1076  474.0451  472.8420  472.8281  472.7465  472.7135  472.4115  466.2674  457.3438  454.2899  450.1267  437.4687  436.7205
[39]  436.7205

$x
          [,1]     [,2]      [,3]     [,4]     [,5]     [,6]     [,7]     [,8]     [,9]    [,10]
 [1,] 57.13558 138.2184 0.1362414 18.21928 286.0608 37.81874 33.35176 3.566738 4.337251 3.489015
 [2,] 29.27633 389.5928 0.3234853 17.12182 285.4926 48.00000 29.12691 2.996895 2.802613 2.682432
 [3,] 29.27340 389.5928 0.3459853 17.12182 285.5676 48.00000 29.12691 2.996895 2.702613 2.730118
 [4,] 31.59128 216.2304 0.1807497 18.06770 285.0646 44.28934 42.09234 2.000000 5.252730 5.000000
 [5,] 45.37233 148.3533 0.1074265 21.79503 284.0243 27.94216 27.07230 2.405561 5.760662 2.256237
 [6,] 48.60013 144.1113 0.1544299 22.28074 284.0201 28.12977 24.62518 2.282178 5.641099 3.262434
 [7,] 45.11579 150.5773 0.1241271 22.07460 284.2900 27.83037 27.10413 2.448328 6.035078 1.382836
 [8,] 45.12915 149.3249 0.1035729 22.06700 284.2848 27.80573 27.14496 2.447324 6.030776 1.423406
 [9,] 45.87915 148.0749 0.1588285 22.06700 284.2793 27.70573 26.57621 2.497324 5.954259 1.423931
[10,] 28.39825 224.8612 0.1903665 19.09497 284.2106 42.69851 33.55882 3.002797 5.218531 3.563735
[11,] 28.37481 224.8612 0.1675150 19.09497 284.2106 42.69226 33.55882 3.002797 5.219312 3.563735
[12,] 29.00193 225.8408 0.2085120 19.07503 284.2500 42.62112 33.83211 2.978499 5.202666 3.652936
[13,] 28.89692 225.4251 0.2112602 19.08807 284.2591 42.69658 33.84232 2.979324 5.214678 3.662863
[14,] 28.89692 226.0501 0.2112602 19.08807 284.2579 42.69658 33.80169 2.979324 5.214678 3.656926
[15,] 28.77880 224.6459 0.1936924 19.14298 284.2576 42.78773 33.74091 2.988045 5.173826 3.651973
[16,] 28.80566 224.7599 0.1956280 19.14135 284.2535 42.74958 33.77573 2.985224 5.190510 3.653528
[17,] 28.84572 225.8553 0.2043609 19.12985 284.2574 42.73654 33.79817 2.984591 5.187441 3.656935
[18,] 28.88929 224.7798 0.2045058 19.13115 284.2563 42.73637 33.77389 2.985672 5.186216 3.662387
[19,] 28.94285 224.7589 0.2045927 19.14016 284.2559 42.73646 33.77171 2.986140 5.186186 3.661979
[20,] 28.83973 225.6870 0.2043754 19.12882 284.2583 42.73705 33.77916 2.984985 5.185748 3.652662
[21,] 28.84559 225.6870 0.2043754 19.12882 284.2583 42.73705 33.77916 2.984985 5.185748 3.652662
[22,] 28.81723 224.3468 0.1958542 19.14364 284.2527 42.77726 33.68616 2.988195 5.185026 3.662404
[23,] 28.81723 224.3468 0.1959421 19.14364 284.2527 42.77726 33.68616 2.988195 5.185026 3.661662
[24,] 28.78308 224.6600 0.1954430 19.14930 284.2526 42.79676 33.69028 2.988972 5.169714 3.659496
[25,] 28.79896 222.6545 0.1960781 19.15194 284.2530 42.80024 33.69731 2.988872 5.233191 3.662657
[26,] 28.80482 222.6545 0.1960781 19.15194 284.2530 42.80024 33.69731 2.988872 5.233191 3.662657
[27,] 28.80674 222.5221 0.1960761 19.15251 284.2531 42.81893 33.70107 2.989230 5.235460 3.661849
[28,] 28.81260 222.4830 0.1960761 19.15251 284.2531 42.81893 33.70107 2.989230 5.235460 3.661849
[29,] 28.81842 222.0399 0.1977382 19.15114 284.2527 42.80151 33.70111 2.988723 5.257738 3.665703
[30,] 28.81824 221.8071 0.1976050 19.15115 284.2525 42.80142 33.69979 2.988726 5.263484 3.665618
[31,] 28.81824 221.8071 0.1976269 19.15115 284.2525 42.80142 33.69979 2.988726 5.263484 3.665618
[32,] 29.42486 192.9685 0.2136018 18.70491 284.2460 42.79134 33.71795 2.992282 6.360003 3.640142
[33,] 29.40411 193.4552 0.2133774 18.76521 284.2460 42.79773 33.71571 2.993010 6.392390 3.639968
[34,] 29.40411 193.4552 0.2133774 18.75349 284.2507 42.79773 33.67509 2.993010 6.404890 3.634031
[35,] 30.01395 170.3912 0.2075520 18.32118 284.2479 42.81952 33.73672 2.997832 7.192606 3.628725
[36,] 30.71137 145.8857 0.2143255 18.39617 284.2469 42.78178 33.74016 2.997886 8.125670 3.641160
[37,] 31.23210 143.9196 0.2173875 18.38712 284.2455 42.79652 33.73919 2.997935 8.099096 3.652076
[38,] 31.23210 143.9196 0.2173875 18.38712 284.2455 42.79652 33.73919 2.997935 8.095971 3.652076
[39,] 31.23210 143.9196 0.2173875 18.38712 284.2455 42.79652 33.73919 2.997935 8.095971 3.652076

$time
elapsed elapsed elapsed elapsed elapsed elapsed elapsed elapsed elapsed elapsed elapsed elapsed elapsed elapsed elapsed elapsed elapsed elapsed elapsed elapsed elapsed elapsed elapsed elapsed elapsed 
   1.30    3.50    5.09    9.31   11.81   17.74   19.64   23.61   27.86   77.44   78.81   97.42  101.67  103.11  112.67  117.09  119.24  121.34  123.69  125.86  127.17  176.39  177.56  253.08  295.81 
elapsed elapsed elapsed elapsed elapsed elapsed elapsed elapsed elapsed elapsed elapsed elapsed elapsed elapsed 
 296.91  301.99  327.09  417.89  450.99  452.02  469.38  473.61  475.47  479.66  490.05  496.74  497.78  504.08 

$neval
 [1]   106   260   365   654   791  1204  1342  1616  1919  4617  4714  5818  6093  6187  6742  7012  7148  7287  7426  7563  7636 10628 10707 15236 17869 17942 18219 19403 24856 26835 26908 28011
[33] 28285 28380 28659 29340 29754 29828 30108

$fbest
[1] 436.7205

$xbest
 [1]  31.2321047 143.9195783   0.2173875  18.3871180 284.2455124  42.7965212  33.7391864   2.9979350   8.0959705   3.6520762

$numeval
[1] 30108

$end_crit
[1] 1

$cpu_time
elapsed 
 504.08 

$Refset
$Refset$x
             [,1]        [,2]        [,3]      [,4]       [,5]        [,6]       [,7]        [,8]        [,9]       [,10]
 [1,]   1.0000000  31.2321000   0.2173875 284.24551  33.739186   8.0959710  31.232100   0.2173875 284.2455120  33.7391860
 [2,]   8.0959710   2.0000000 143.9195800  18.38712  42.796521   2.9979350   3.652076 143.9195800  18.3871180  42.7965210
 [3,]   2.9979350   3.6520760   3.0000000  29.44712 186.548479   0.2000280  18.676071 284.2513590  42.8171900  33.7153867
 [4,]   2.9925640   6.4736400   3.6370610   4.00000  29.404110   0.2133774 284.250670  33.6750860   6.4048900  29.4041100
 [5,]   0.2133774 284.2506700  33.6750860   6.40489   5.000000 193.4552400  18.753494  42.7977257   2.9930100   3.6340310
 [6,] 193.4552400  18.7534942  42.7977260   2.99301   3.634031   6.0000000  29.926690 171.2631844   0.1996637  18.7500610
 [7,] 284.2503290  42.8176200  33.7392320   2.99379   6.957199   3.6404830   7.000000  28.9567200 192.6361274   0.1997446
 [8,]  19.0489810 284.2519370  42.8071100  33.70291   2.990184   6.2848690   3.653089   8.0000000  28.8158000 221.6220661
 [9,]   0.1973882  19.1511660 284.2527190  42.80135  33.701633   2.9887350   5.269432   3.6651800   9.0000000  30.1483600
[10,] 175.2474041   0.2074536  18.6864140 284.24738  42.791800  33.7035705   2.997560   6.8408920   3.6438500  28.9293000
[11,] 196.7874886   0.2148866  18.9346080 284.23930  41.525810  33.4148731   3.027368   6.2913960   3.6110630  30.6560600
[12,] 185.0634275   0.2011770  18.5765150 284.24595  42.813410  33.4815473   2.994495   6.4762680   3.6343600  25.3557700

$Refset$f
 [1]  436.7205  436.7205  456.4253  457.3438  457.3438  457.5434  471.1528  472.7309  469.7517  589.8941  586.2917 2608.7812

$Refset$fpen
 [1]  436.7205  436.7205  456.4253  457.3438  457.3438  457.5434  471.1528  472.7309  469.7517  589.8941  586.2917 2608.7812

$Refset$const
 [1] 10.291150 17.612882  2.530818 27.904029  1.814234 27.904030  1.814234 10.291147 17.612882  2.530818 12.202430 29.526360 17.323929  1.813072  2.528446 12.348600 17.246506  2.526627 29.595110
[20]  1.813004 29.595110  1.813004 12.348605 17.246506  2.526627 11.792860 29.042801 17.249939  1.813390  2.530026 12.764110 29.715131 16.951019  1.812954  2.528172 13.881730 30.730568 16.848834
[39]  1.812858  2.528464 11.845520 29.159108 17.313586  1.813730  2.528708 12.643210 29.708604 17.065392  1.819840  2.580720 12.100250 29.523732 17.423485  1.812270  2.511803 13.499490 29.297382
[58] 15.797890  1.773282  2.260535

$Refset$penalty
 [1] 0 0 0 0 0 0 0 0 0 0 0 0


