$f
 [1] 979.5903 838.6181 538.3229 484.6111 450.3351 426.0052 413.0382 410.1146 405.7101 402.6215 400.1528 399.3559 398.6979 396.9253 395.8472 395.8472

$x
          [,1]     [,2]      [,3]     [,4]     [,5]     [,6]     [,7]     [,8]     [,9]    [,10]
 [1,] 33.25137 130.5671 0.5026644 29.88258 285.6777 43.12621 26.34600 5.027185 2.724921 2.870060
 [2,] 34.23928 104.7812 0.5093464 30.00000 285.9029 45.48046 24.00000 5.023702 3.255047 2.736548
 [3,] 34.42678 104.8593 0.1750105 30.00000 285.9217 44.08046 24.32500 5.023702 3.455047 2.736548
 [4,] 33.81262 107.8917 0.1196138 30.00000 286.0622 45.16016 24.59190 5.771996 2.374214 1.882539
 [5,] 33.90637 108.5167 0.1014063 30.00000 286.0622 45.17891 24.87627 5.771996 2.361714 1.882539
 [6,] 35.72483 117.8848 0.1700114 29.97102 285.9828 41.41735 25.32190 5.575436 2.579543 2.987057
 [7,] 35.72483 117.7630 0.1687602 29.97757 285.9828 41.41735 25.29143 5.575436 2.579543 2.987799
 [8,] 36.23734 116.2066 0.1657081 29.97403 285.9946 41.44085 25.47881 5.573826 2.518058 3.001261
 [9,] 36.23734 116.2066 0.1662355 29.96231 285.9899 41.44085 25.54871 5.573826 2.511808 3.000431
[10,] 36.04833 117.6694 0.1709532 29.97611 285.9887 41.45725 25.40060 5.574660 2.538777 3.023690
[11,] 36.09208 117.3093 0.1688710 29.92537 285.9780 41.41974 25.41733 5.574086 2.555413 3.034713
[12,] 36.20211 116.2972 0.1689128 29.99411 285.9788 41.43091 25.42859 5.574534 2.543917 3.033390
[13,] 36.20211 116.2972 0.1689128 29.99411 285.9788 41.43091 25.42859 5.574509 2.540792 3.033390
[14,] 36.18207 117.5681 0.1672264 29.94191 286.0081 41.45147 25.42574 5.573234 2.533643 3.005689
[15,] 36.18207 117.6462 0.1672264 29.94045 286.0081 41.45460 25.42574 5.573234 2.539893 3.005689
[16,] 36.18207 117.6462 0.1672264 29.94045 286.0081 41.45460 25.42574 5.573234 2.539893 3.005689

$time
elapsed elapsed elapsed elapsed elapsed elapsed elapsed elapsed elapsed elapsed elapsed elapsed elapsed elapsed elapsed elapsed 
   1.38    3.57    5.64   33.25   35.47  100.75  102.46  140.58  142.18  160.16  162.72  166.99  168.22  185.19  194.41  491.24 

$neval
 [1]   106   257   404  2326  2450  6511  6629  8938  9046 10008 10146 10423 10503 11465 11958 30084

$fbest
[1] 395.8472

$xbest
 [1]  36.1820707 117.6462297   0.1672264  29.9404486 286.0080860  41.4545956  25.4257413   5.5732341   2.5398929   3.0056887

$numeval
[1] 30084

$end_crit
[1] 1

$cpu_time
elapsed 
 491.24 

$Refset
$Refset$x
             [,1]        [,2]       [,3]        [,4]        [,5]        [,6]       [,7]        [,8]        [,9]       [,10]
 [1,]   1.0000000  36.2274300 117.272200   0.1696431  29.8125700 285.9770000  41.431860  25.3908100   5.5745950   2.5469140
 [2,]   3.0349090   2.0000000  36.227830 117.2705000   0.1696393  29.8111000 285.976800  41.4324900  25.3910500   5.5745850
 [3,]   2.5473570   3.0349290   3.000000  36.2264200 117.2704000   0.1696478  29.813500 285.9769000  41.4323300  25.3902400
 [4,]   5.5745810   2.5468530   3.034836   4.0000000  36.2277900 117.2728000   0.169644  29.8125000 285.9769000  41.4324900
 [5,]  25.3909900   5.5745870   2.546645   3.0348270   5.0000000  36.2275300 117.279600   0.1696498  29.8088800 285.9770000
 [6,]  41.4321300  25.3907000   5.574582   2.5467320   3.0348760   6.0000000  36.227610 117.2607000   0.1691622  29.8125300
 [7,] 285.9766000  41.4324900  25.392370   5.5745840   2.5449240   3.0348600   7.000000  36.2272300 117.2777000   0.1696015
 [8,]  29.8125800 285.9770000  41.430740  25.3855200   5.5745910   2.5467080   3.034933   8.0000000  36.7917300 129.6994000
 [9,]   0.2028637  29.8957000 285.768900  40.5685200  24.1717800   4.9892890   2.388242   3.1131800   9.0000000  36.2418100
[10,] 117.3260000   0.1708543  29.945270 286.1592000  41.4540200  27.4910400   5.608420   2.6599710   3.0352900  36.8057400
[11,] 121.7638000   0.2012373  27.811770 285.9766000  40.8586100  25.3438500   5.567505   2.6165440   3.0360190  36.3536500
[12,] 124.1528000   0.1696470  27.981690 285.8773000  40.8666700  25.2323000   5.606610   2.5437990   3.0542760  35.5255600

$Refset$f
 [1] 397.1840 397.1840 397.1840 397.1840 397.2517 397.2517 398.1545 559.6337 752.5313 764.4740 703.1024 697.7656

$Refset$fpen
 [1] 397.1840 397.1840 397.1840 397.1840 397.2517 397.2517 398.1545 559.6337 752.5313 764.4740 703.1024 697.7656

$Refset$const
 [1] 27.265660 33.453090  6.187429  1.587323  2.349605 27.263740 33.452640  6.188902  1.587339  2.349553 27.266650 33.453150  6.186497  1.587328  2.349539 27.265850 33.453350  6.187502  1.587328
[20]  2.349579 27.262150 33.453270  6.191116  1.587323  2.349590 27.267610 33.455080  6.187469  1.587355  2.349593 27.265870 33.453290  6.187425  1.587315  2.349340 27.507460 33.611760  6.104297
[39]  1.604993  2.259885 27.285300 33.340030  6.054731  1.568804  2.531288 25.195230 33.383460  8.188226  1.587625  2.368105 25.437890 33.456200  8.018314  1.596921  2.336610 26.403680 33.459730
[58]  7.056054  1.579631  2.189227

$Refset$penalty
 [1] 0 0 0 0 0 0 0 0 0 0 0 0


