$f
 [1] 313.91840 172.11806 144.13889 110.81250  80.43924  75.47396  74.71007  73.96701  72.91840  72.78125  70.79861  67.97917  66.59896  66.38715  65.20660  62.93229  62.81250  61.54861  61.39757
[20]  61.07813  60.87500  56.97222  55.86111  51.76389  51.35937  50.37674  50.36979  50.00521  49.74479  49.74479

$x
          [,1]     [,2]      [,3]     [,4]     [,5]     [,6]     [,7]     [,8]     [,9]    [,10]
 [1,] 46.96489 167.0339 0.5455236 16.63132 284.4979 37.44272 29.26646 3.920119 7.777333 4.244406
 [2,] 29.41756 313.7321 0.5892812 21.41698 285.3164 45.97308 37.75197 5.404035 2.474545 3.956023
 [3,] 29.41756 313.1071 0.5920937 21.45214 285.2883 45.97308 37.58947 5.479035 2.474545 3.967898
 [4,] 44.58701 170.5242 0.7805203 17.62100 285.9541 38.80628 27.21725 3.659313 8.179898 1.200000
 [5,] 35.57439 183.9054 0.3937622 16.28999 284.4321 42.24525 31.56801 3.818568 8.651954 2.585882
 [6,] 31.69685 176.8960 0.4730162 16.67401 284.4474 44.18039 37.02602 4.126612 8.568288 1.200000
 [7,] 31.69685 176.8960 0.4505162 16.67401 284.4474 44.18039 37.02602 4.126612 8.568288 1.200000
 [8,] 34.15078 181.1161 0.4525796 17.41000 284.6158 43.05291 35.32811 4.097134 8.079305 3.380538
 [9,] 34.24763 183.4788 0.5912599 17.52013 284.6580 42.75055 35.92557 4.143727 8.061005 2.921334
[10,] 34.51269 177.0390 0.3634616 17.53832 284.5895 43.14313 35.09872 4.108105 7.979658 3.337385
[11,] 34.51269 177.0390 0.3409616 17.53832 284.5895 43.14313 35.26122 4.108496 7.979658 3.349260
[12,] 34.59690 185.6084 0.5259008 17.38093 284.6443 42.40625 36.19684 4.189797 8.123771 2.737610
[13,] 34.59690 185.6084 0.4809008 17.38093 284.6443 42.40625 36.19684 4.189797 8.123771 2.737610
[14,] 34.60267 181.2423 0.4839645 17.41860 284.6582 42.76653 36.10220 4.147853 8.209329 3.077123
[15,] 34.60267 181.2423 0.4614645 17.41860 284.6582 42.76653 36.10220 4.147853 8.221829 3.077123
[16,] 34.73348 179.5434 0.3406490 17.46978 284.6607 42.42426 36.18386 4.141088 8.176913 3.998702
[17,] 34.73348 179.5434 0.3406490 17.46978 284.6607 42.42426 36.18386 4.141088 8.176913 3.997960
[18,] 34.61683 183.1664 0.4331738 17.38493 284.6406 42.73800 35.68043 4.149420 8.041766 3.772208
[19,] 34.63976 182.9186 0.4355740 17.37602 284.6472 42.73879 35.72761 4.148651 8.054397 3.774991
[20,] 36.57301 183.9398 0.3634876 17.15294 284.6304 41.72363 36.33451 3.125592 8.265272 4.319480
[21,] 37.17191 183.5899 0.3064248 16.98474 284.6043 40.77011 36.39364 2.018253 8.484723 4.534980
[22,] 37.17191 183.5899 0.3050185 16.98474 284.6605 40.77011 36.23114 2.018253 8.434723 4.534980
[23,] 35.71047 187.7376 0.3833257 17.42638 284.5489 41.34296 35.87335 3.355379 7.978724 3.663539
[24,] 35.66359 187.7376 0.3833257 17.61974 284.5489 41.14296 35.87335 3.356161 7.978724 3.663539
[25,] 35.38824 186.3155 0.3510092 17.45601 284.6123 41.83371 35.81254 3.512626 8.016674 3.667368
[26,] 35.38824 186.6280 0.3510092 17.45601 284.6123 41.83058 35.85317 3.512626 8.029174 3.667461
[27,] 35.34374 189.6827 0.3546939 17.45718 284.6164 41.80916 35.85895 3.509943 7.939356 3.686251
[28,] 35.34374 189.6827 0.3546939 17.45718 284.6164 41.80916 35.94020 3.509943 7.939356 3.684766
[29,] 35.25788 187.9376 0.3541461 17.45819 284.6122 41.77922 35.97976 3.507419 7.993283 3.672344
[30,] 35.25788 187.9376 0.3541461 17.45819 284.6122 41.77922 35.97976 3.507419 7.993283 3.672344

$time
elapsed elapsed elapsed elapsed elapsed elapsed elapsed elapsed elapsed elapsed elapsed elapsed elapsed elapsed elapsed elapsed elapsed elapsed elapsed elapsed elapsed elapsed elapsed elapsed elapsed 
   1.45    4.25    6.69    9.60   14.41   26.17   32.67   37.58   43.94   49.58   62.64   89.39   90.72  121.67  122.99  154.39  155.75  235.50  244.36  246.78  251.52  263.36  345.19  346.97  419.30 
elapsed elapsed elapsed elapsed elapsed 
 421.00  442.64  449.52  474.99  474.99 

$neval
 [1]   106   251   377   525   809  1503  1847  2126  2396  2665  3289  4622  4696  6337  6416  8032  8106 12301 12769 12903 13174 13810 18011 18106 21916 22011 23084 23429 24634 24634

$fbest
[1] 49.74479

$xbest
 [1]  35.2578769 187.9376371   0.3541461  17.4581855 284.6121786  41.7792173  35.9797594   3.5074192   7.9932830   3.6723444

$numeval
[1] 24634

$end_crit
[1] 3

$cpu_time
elapsed 
 474.99 

$Refset
$Refset$x
             [,1]        [,2]        [,3]       [,4]       [,5]       [,6]        [,7]        [,8]       [,9]       [,10]
 [1,]   1.0000000  35.3437400   0.3546939 284.616419  35.940202   7.939356  35.3437400   0.3546939 284.616419  35.9402020
 [2,]   7.9393560   2.0000000 189.6826700  17.457176  41.809157   3.509943   3.6847660 189.6826700  17.457176  41.8091570
 [3,]   3.5099430   3.6847660   3.0000000  35.422270 187.042296   0.351611  17.4555420 284.6137620  41.782400  36.0120828
 [4,]   3.5085600   8.0130100   3.6725750   4.000000  35.257880 187.937637   0.3541461  17.4581860 284.612179  41.7792200
 [5,]  35.9797594   3.5074190   7.9932830   3.672344   5.000000  35.362150 186.2929348   0.3540531  17.469783 284.6122570
 [6,]  41.8158600  35.8443493   3.5101390   8.037197   3.668548   6.000000 186.6279500  17.4560128  41.830583   3.5126260
 [7,]   3.6674610 186.6279500  17.4560128  41.830583   3.512626   3.667461   7.0000000  35.4096300 186.167512   0.3103511
 [8,]  17.8310230 284.5937280  41.2668600  35.994158   3.157142   7.808236   3.6739790   8.0000000  35.367660 186.2850444
 [9,]   0.3243816  17.6444450 284.5810220  41.208330  35.957707   3.110888   7.9872100   3.3753140   9.000000  35.3368800
[10,] 189.1196132   0.3491699  17.4330700 284.638537  41.867150  36.039144   3.4306830   7.9813970   3.715568  35.3762700
[11,] 185.0874677   0.3762525  17.7304540 284.591959  41.386000  35.962707   3.0582290   8.0928730   3.814468  35.5503500
[12,] 193.5631072   0.3511475  17.1937630 284.577163  41.180770  35.865190   3.0859730   8.0822830   3.546545  25.7812500

$Refset$f
 [1]  50.00521  50.00521  50.21007  49.74479  50.31944  50.37674  51.01389  52.06944  52.08160  52.31076  52.73958 348.20312

$Refset$fpen
 [1]  50.00521  50.00521  50.21007  49.74479  50.31944  50.37674  51.01389  52.06944  52.08160  52.31076  52.73958 348.20312

$Refset$const
 [1]  9.517820 18.542824  2.805415 28.060644  1.769190 28.060644  1.769190  9.517820 18.542824  2.805415  9.442532 27.986990 18.544458  1.769803  2.813324  9.464903 28.006717 18.541814  1.770004
[20]  2.810537  9.432586 27.962803 18.530217  1.769660  2.796085 27.970826  1.769643  9.426839 18.543987  2.795765 10.022787 28.191764 18.168977  1.773863  2.848892  9.657235 28.012790 18.355555
[39]  1.776001  2.848580  9.451673 28.018603 18.566930  1.765704  2.812623  9.637581 27.907127 18.269546  1.773919  2.836468  9.111480 27.917717 18.806237  1.776519  2.841872 10.280735 27.399851
[58] 17.119116  1.869930  2.677431

$Refset$penalty
 [1] 0 0 0 0 0 0 0 0 0 0 0 0


