$f
 [1] 1331.9097  722.5347  595.7240  594.7587  481.9618  463.7552  438.2535  433.9514  432.2604  361.1493  357.7205  346.1545  345.7378  334.6615  334.4392  329.5573  326.8351  325.5417  324.7813
[20]  323.0226  322.1823  322.1389  321.7639  320.2413  317.7726  317.5729  317.2969  316.9896  316.9601  316.9271  316.6424  316.6424

$x
          [,1]     [,2]      [,3]     [,4]     [,5]     [,6]     [,7]     [,8]     [,9]    [,10]
 [1,] 23.44533 255.1909 0.7279189 22.48456 284.0827 40.55907 38.21911 4.538080 5.401381 3.895798
 [2,] 55.48448 326.0029 0.6668246 15.32552 285.9638 32.45725 24.61778 3.880572 3.132543 2.380573
 [3,] 55.48448 326.0029 0.7343246 15.35647 286.1888 32.49678 24.58566 4.163415 3.132543 2.380573
 [4,] 54.07148 344.4626 0.7289652 16.50924 286.3637 32.11834 24.00000 4.582518 2.647028 2.416643
 [5,] 48.70516 125.7056 0.5682157 21.64945 285.5462 36.61413 27.84767 2.898780 6.680098 2.237762
 [6,] 48.90358 136.9588 0.4337014 21.63518 286.3229 39.32585 27.62320 3.249327 5.612975 2.238599
 [7,] 48.90358 136.8807 0.5233498 21.63518 286.3229 39.32585 27.62320 3.249717 5.613756 2.238599
 [8,] 46.01176 100.0000 0.3403978 22.83068 286.4846 43.20632 26.13924 3.339390 6.499151 2.189293
 [9,] 44.89600 100.2568 0.3386009 25.16787 286.4756 43.99382 25.71905 3.436286 5.363884 2.098948
[10,] 44.99048 100.0000 0.9686009 25.26014 286.4750 43.95603 25.55528 3.436286 5.767034 2.101940
[11,] 45.69426 109.2684 0.4280897 18.21522 286.3682 42.85900 26.31070 3.089266 9.030436 2.048994
[12,] 45.69426 109.2684 0.3830897 18.21522 286.3682 42.85900 26.47320 3.089266 9.030436 2.048994
[13,] 46.38483 107.8334 0.5786448 18.79658 286.3588 42.62819 26.17897 2.687829 8.894983 2.129246
[14,] 46.37311 107.8334 0.5659885 18.79658 286.3588 42.62819 26.15866 2.662829 8.944983 2.129246
[15,] 46.39312 107.9126 0.6049113 18.93397 286.3380 42.62877 26.26733 2.596738 8.902422 2.195267
[16,] 46.39680 107.9618 0.6176268 19.12380 286.3408 42.62383 26.18693 2.610033 8.781759 2.180442
[17,] 46.39236 107.9390 0.6098268 18.93401 286.3393 42.63037 26.24211 2.600244 8.909737 2.191851
[18,] 46.34549 107.9390 0.6302174 18.93401 286.3393 42.63037 26.24211 2.600244 8.909737 2.190366
[19,] 46.23362 108.5256 0.6019232 18.84794 286.3732 42.71759 26.34846 2.603023 8.942202 2.162193
[20,] 46.23656 108.5256 0.5344232 18.84794 286.3732 42.71759 26.34846 2.603023 8.892202 2.162193
[21,] 46.19358 108.0366 0.5998649 18.83121 286.3699 42.72336 26.33904 2.602277 8.881952 2.162395
[22,] 46.19100 108.0361 0.5998866 18.83066 286.3703 42.72337 26.33571 2.602260 8.882409 2.163317
[23,] 46.19100 108.0361 0.5998866 18.83140 286.3703 42.72337 26.29508 2.602260 8.882409 2.163317
[24,] 46.30579 108.3321 0.6184155 18.79543 286.3758 42.73073 26.34154 2.602028 9.009922 2.163523
[25,] 46.30579 108.3321 0.6409155 18.79543 286.3758 42.73073 26.34154 2.602028 9.022422 2.163523
[26,] 46.30334 108.3345 0.6166374 18.78070 286.3779 42.72890 26.32235 2.601875 9.021316 2.162525
[27,] 46.30334 108.3345 0.6166374 18.78070 286.3779 42.72890 26.32235 2.601875 9.018191 2.159556
[28,] 46.25534 108.3930 0.6166487 18.82616 286.3756 42.72284 26.31354 2.603795 9.011505 2.160507
[29,] 46.30793 108.1965 0.6165193 18.77840 286.3782 42.72701 26.31708 2.601828 9.028249 2.162614
[30,] 46.23746 108.5133 0.6190908 18.83386 286.3797 42.72009 26.37128 2.603634 9.001736 2.160325
[31,] 46.26493 108.3780 0.6165675 18.81345 286.3761 42.72251 26.31272 2.604264 9.017265 2.161112
[32,] 46.26493 108.3780 0.6165675 18.81345 286.3761 42.72251 26.31272 2.604264 9.017265 2.161112

$time
elapsed elapsed elapsed elapsed elapsed elapsed elapsed elapsed elapsed elapsed elapsed elapsed elapsed elapsed elapsed elapsed elapsed elapsed elapsed elapsed elapsed elapsed elapsed elapsed elapsed 
   1.49    3.64    5.10    7.19    9.72   13.63   27.28   43.58   45.85   47.91  107.32  108.39  164.32  165.78  174.77  181.05  183.11  188.39  245.60  246.93  257.21  295.53  296.63  339.64  340.72 
elapsed elapsed elapsed elapsed elapsed elapsed elapsed 
 370.35  371.41  376.02  378.02  388.08  413.66  459.19 

$neval
 [1]   106   251   353   499   643   914  1831  3047  3182  3325  7361  7441 11098 11206 11748 12149 12285 12645 16298 16396 17073 19586 19665 22385 22464 24362 24442 24713 24846 25512 27199 30125

$fbest
[1] 316.6424

$xbest
 [1]  46.2649328 108.3779809   0.6165675  18.8134524 286.3760745  42.7225124  26.3127183   2.6042642   9.0172647   2.1611117

$numeval
[1] 30125

$end_crit
[1] 1

$cpu_time
elapsed 
 459.19 

$Refset
$Refset$x
             [,1]        [,2]       [,3]        [,4]       [,5]       [,6]        [,7]        [,8]        [,9]       [,10]
 [1,]   1.0000000  46.2690000 108.419300   0.6182175  18.809840 286.378400  42.7250400  26.3434900   2.6047980   9.0160700
 [2,]   2.1605120   2.0000000  46.261750 108.4169000   0.624806  18.810410 286.3779000  42.7110100  26.3359000   2.6030880
 [3,]   9.0157100   2.1674820   3.000000  46.1768600 108.948400   0.622124  18.6402700 286.3996000  42.4760000  26.6632100
 [4,]   2.6012070   9.3302300   2.234201   4.0000000  46.111170 109.015700   0.6209914  18.6943200 286.3911000  42.4305200
 [5,]  26.6034900   2.6018530   9.312334   2.1592070   5.000000  45.932990 110.3097000   0.6237048  19.0076900 286.3754000
 [6,]  42.7791000  26.4534100   2.686235   9.0071730   2.169651   6.000000  45.9903600 110.2298000   0.6165875  18.9350000
 [7,] 286.3601000  42.7483600  26.474940   2.6856610   9.023034   2.175471   7.0000000  46.0477900 109.0312000   0.6189942
 [8,]  18.6534800 286.3821000  42.518360  26.5959500   2.604192   9.304727   2.1764090   8.0000000  46.4986100 108.8092000
 [9,]   0.6329926  19.1118200 286.394200  42.7259200  26.597400   2.680420   8.6874260   2.1645400   9.0000000  46.2386800
[10,] 107.9342000   0.6251874  18.801480 286.3890000  42.842480  26.123460   2.8290280   8.9455370   2.1622400  52.0818400
[11,] 129.2897000   0.5308588  18.946270 286.3335000  42.395250  36.696310   3.7685130   8.2830790   3.3281530  47.3659200
[12,] 115.7990000   0.6061921  18.280670 286.3846000  41.635720  31.939460   2.8986710   8.5143120   2.7081720  57.6978000

$Refset$f
 [1]  316.6493  318.4809  322.3507  323.0469  326.6337  326.9913  327.8281  330.3958  374.8542 6132.0920  493.9115  884.7830

$Refset$fpen
 [1]  316.6493  318.4809  322.3507  323.0469  326.6337  326.9913  327.8281  330.3958  374.8542 6132.0920  493.9115  884.7830

$Refset$const
 [1]  9.793769 26.983930 17.190160  1.548343  2.471990  9.794696 26.984290 17.189590  1.548390  2.471907  9.310041 26.669770 17.359730  1.545607  2.508575  9.381984 26.687670 17.305680  1.546518
[20]  2.503864 10.000513 26.992830 16.992310  1.548555  2.475814  9.911966 26.976970 17.065000  1.550052  2.473534  9.348754 26.695270 17.346520  1.547512  2.497040 10.424397 27.312570 16.888180
[39]  1.546450  2.492807  9.855945 27.054460 17.198520  1.547591  2.457301 10.663192 27.716920 17.053730  1.519383  3.293004  9.766362 27.485690 17.719330  1.531755  2.931036 11.807076 29.271070
[58] 17.463990  1.545546  2.796127

$Refset$penalty
 [1] 0 0 0 0 0 0 0 0 0 0 0 0


