$f
 [1] 1791.6215 1612.0885  782.4288  757.0729  676.2309  659.4097  635.5677  595.6823  542.6319  494.7396  492.6042  488.9809  476.5972  470.7413  463.2813  459.2170  456.8194  455.4861  446.6059
[20]  446.0781  445.1319  439.1753  433.2431  425.1007  414.4201  396.1788  389.5990  378.7708  378.7639  371.3160  364.2361  361.8941  360.3941

$x
          [,1]     [,2]      [,3]     [,4]     [,5]     [,6]     [,7]     [,8]      [,9]    [,10]
 [1,] 30.68867 247.5822 0.8332022 15.40728 285.9125 43.51243 29.96226 6.278662  7.863268 2.897598
 [2,] 45.38010 100.0000 1.0000000 16.88087 285.5473 39.31244 27.09680 2.000000 10.000000 3.816742
 [3,] 45.39487 114.4098 0.4278914 18.38087 286.1473 39.31244 27.26836 2.496063  9.622082 4.056090
 [4,] 27.35821 365.8037 0.1953656 15.60575 284.0195 42.11030 33.29908 2.983887  4.299840 1.463631
 [5,] 29.68922 259.4306 0.2803567 15.60954 284.2803 40.91580 34.08008 2.808056  7.147364 2.255654
 [6,] 29.75291 264.4813 0.4387811 19.11262 284.1325 40.91576 33.76355 2.906249  4.723613 1.876793
 [7,] 29.77189 265.4446 0.5148755 19.46097 284.1069 40.91575 33.57556 2.947245  4.687458 1.743584
 [8,] 29.77189 265.4446 0.4276880 19.46304 284.1171 40.91575 33.63301 2.947245  4.687458 1.759297
 [9,] 39.57666 175.8311 0.2182744 16.06953 284.7739 38.63549 29.86496 2.719001  8.441110 3.900809
[10,] 39.57666 175.8311 0.2298707 16.06953 284.8301 38.63549 29.86496 2.694001  8.540967 4.001793
[11,] 33.80767 177.5100 0.1969913 16.46864 284.2156 41.75085 32.57314 2.511200  8.116408 2.438940
[12,] 33.80767 177.4709 0.1964640 16.46864 284.2156 41.75085 32.57314 2.511200  8.119533 2.438940
[13,] 40.17141 153.9848 0.2456754 16.87998 284.8162 38.64389 29.52224 2.621256  8.799417 2.622364
[14,] 40.17141 153.9067 0.2456754 16.87998 284.8350 38.64389 29.52224 2.621256  8.799417 2.622364
[15,] 40.43842 153.8743 0.2315005 16.85764 284.8185 38.68531 29.57089 2.630802  8.832676 2.580658
[16,] 40.43842 153.8743 0.2315005 16.85764 284.8185 38.68531 29.61151 2.630802  8.832676 2.580658
[17,] 34.54587 184.6469 0.1932797 16.22906 284.2014 40.13878 32.93209 2.449260  8.128751 1.943449
[18,] 34.58608 183.6163 0.1935170 16.20936 284.2062 40.13785 32.93828 2.449167  8.168084 1.934687
[19,] 34.64639 182.3355 0.1959846 16.20180 284.2056 40.12910 33.00129 2.449564  8.178760 1.914732
[20,] 34.47517 185.0615 0.1928881 16.24085 284.2094 40.13755 32.93419 2.452855  8.120195 1.913135
[21,] 34.47517 185.0615 0.1928881 16.24085 284.2094 40.13755 32.93419 2.452855  8.123320 1.913135
[22,] 34.56089 184.3679 0.1879147 15.92240 284.2174 40.08118 32.98099 2.445460  8.209912 1.810504
[23,] 34.56089 184.5342 0.1864976 15.92240 284.2162 40.08118 33.02161 2.444654  8.209912 1.807536
[24,] 34.27286 190.8418 0.1823212 15.40916 284.2172 40.05763 33.08628 2.430576  8.310935 1.452874
[25,] 34.18109 195.0737 0.1772403 15.22535 284.2207 40.04797 33.09806 2.418882  8.327668 1.490313
[26,] 33.89984 197.4956 0.1758341 15.22535 284.2066 40.10426 33.01681 2.418882  8.315955 1.499219
[27,] 35.04498 182.5413 0.1155135 15.53941 284.2209 40.05572 33.19082 2.425397  7.811844 1.203412
[28,] 34.99811 182.5413 0.1155135 15.73277 284.2209 40.05572 33.19082 2.425397  7.805594 1.203412
[29,] 34.97614 182.0069 0.1534476 16.05881 284.2195 40.09268 33.05726 2.422493  7.958147 1.540108
[30,] 34.97028 181.8506 0.1527444 16.05881 284.2172 40.09268 33.05726 2.425618  7.933147 1.540108
[31,] 35.37460 183.5101 0.1094028 15.51273 284.2299 40.01504 33.33067 2.415211  7.672488 1.210914
[32,] 35.37460 183.5101 0.1094028 15.51273 284.2299 40.01504 33.33067 2.415211  7.678738 1.210914
[33,] 35.37460 183.5101 0.1094028 15.51273 284.2299 40.01504 33.33067 2.415211  7.678738 1.210172

$time
elapsed elapsed elapsed elapsed elapsed elapsed elapsed elapsed elapsed elapsed elapsed elapsed elapsed elapsed elapsed elapsed elapsed elapsed elapsed elapsed elapsed elapsed elapsed elapsed elapsed 
   1.56    4.03    7.13   14.14   16.36   23.36   29.94   31.97   53.47   57.52  116.17  117.63  138.58  142.28  207.11  208.27  269.66  277.38  279.61  293.25  294.44  321.47  323.61  333.60  335.88 
elapsed elapsed elapsed elapsed elapsed elapsed elapsed elapsed 
 350.46  390.86  392.27  402.61  418.46  492.30  493.56  539.24 

$neval
 [1]   106   262   432   864  1003  1413  1817  1937  3143  3385  6638  6725  7933  8150 11671 11744 15140 15619 15756 16579 16652 18141 18275 18822 18956 19801 21986 22075 22614 23531 27609 27687
[33] 30136

$fbest
[1] 360.3941

$xbest
 [1]  35.3745987 183.5101070   0.1094028  15.5127302 284.2298874  40.0150375  33.3306705   2.4152108   7.6787376   1.2101717

$numeval
[1] 30136

$end_crit
[1] 1

$cpu_time
elapsed 
 539.24 

$Refset
$Refset$x
            [,1]        [,2]       [,3]        [,4]       [,5]       [,6]        [,7]        [,8]        [,9]       [,10]
 [1,]   1.000000 183.5101100  15.512730  40.0150375   2.415211   1.210914 183.5101100  15.5127302  40.0150380   2.4152110
 [2,]   1.210914   2.0000000  35.374600   0.1094028 284.229887  33.330670   7.6787380  35.3746000   0.1094028 284.2298870
 [3,]  33.330670   7.6787380   3.000000  34.7958200 181.298054   0.149702  15.9237990 284.2102850  40.1422600  32.9521392
 [4,]   2.436532   8.1079830   1.530758   4.0000000  34.795610 181.267435   0.1496858  15.9231500 284.2106660  40.1426600
 [5,]  32.951703   2.4366010   8.114724   1.5312930   5.000000  34.972810 181.7241854   0.1499594  15.7929270 284.2074160
 [6,]  40.090820  32.9370317   2.422956   8.0990600   1.540604   6.000000  34.9776700 182.0288453   0.1498527  15.7987370
 [7,] 284.206528  40.0879500  32.956269   2.4231960   8.074470   1.540221   7.0000000  34.9755500 182.0596143   0.1500601
 [8,]  15.797822 284.2064530  40.087650  32.9526844   2.423118   8.074374   1.5411520   8.0000000  34.9733300 181.8616031
 [9,]   0.150552  15.7838200 284.206689  40.0910400  32.937162   2.423463   8.1051290   1.5400630   9.0000000  34.9780000
[10,] 181.685872   0.1501045  15.782080 284.2062750  40.091180  32.926461   2.4238470   8.1079670   1.5400290  34.9902300
[11,] 181.713145   0.1515197  15.798070 284.2055970  40.086680  32.950216   2.4228540   8.0816660   1.5416950  34.8873300
[12,] 181.721363   0.1502556  15.864624 284.2077920  40.143460  32.943534   2.4316030   8.1093740   1.5348280  34.9407700

$Refset$f
 [1] 361.8941 361.8941 373.4063 377.0243 375.6319 375.7014 375.8333 375.9861 375.9861 376.1128 376.0295 385.2535

$Refset$fpen
 [1] 361.8941 361.8941 373.4063 377.0243 375.6319 375.7014 375.8333 375.9861 375.9861 376.1128 376.0295 385.2535

$Refset$const
 [1] 28.321262  1.828577  7.833993 20.487270  2.672030  7.833993 20.487270  2.672030 28.321262  1.828577  7.815815 27.892017 20.076201  1.828830  2.630477  7.808426 27.885276 20.076850  1.828763
[20]  2.630444  7.693866 27.900940 20.207073  1.829477  2.632476  7.724266 27.925530 20.201263  1.829762  2.634175  7.723448 27.925626 20.202178  1.829753  2.633897  7.678691 27.894871 20.216180
[39]  1.829596  2.632417  7.674113 27.892033 20.217920  1.829593  2.631503  7.716404 27.918334 20.201930  1.829883  2.633696  7.755250 27.890626 20.135376  1.829176  2.629509  7.732964 27.919676
[58] 20.186712  1.829657  2.636728

$Refset$penalty
 [1] 0 0 0 0 0 0 0 0 0 0 0 0


