$f
 [1] 1847.6840 1251.3733 1143.2708 1049.2413 1024.7101 1023.1962  989.3090  973.0191  937.3906  908.5434  905.7500  885.1684  827.1424  824.3194  820.4896  799.9566  764.6372  764.6007  763.5052
[20]  763.2812  763.2049  762.5990  761.9965  761.9323  760.3316  757.1719  757.0608  756.5816  756.5694  756.2726  756.2222  756.2222

$x
          [,1]     [,2]      [,3]     [,4]     [,5]     [,6]     [,7]     [,8]     [,9]    [,10]
 [1,] 34.24149 228.7043 0.1101203 26.15733 286.3228 42.95248 32.05126 2.540786 3.586503 2.325529
 [2,] 42.03717 384.1419 0.3931032 15.32070 284.4646 40.53718 28.16296 3.112843 4.529973 3.209307
 [3,] 42.03717 345.3919 0.3941579 15.36757 284.4833 40.53093 27.91921 3.112843 4.592473 3.209307
 [4,] 47.03322 216.0989 0.9915679 21.91128 286.1725 42.03726 32.76912 2.504078 4.534417 3.445060
 [5,] 49.09557 156.1847 1.0000000 24.29195 286.3810 43.57245 32.93118 2.012236 4.723699 3.547445
 [6,] 47.68035 217.2933 0.9839483 21.76234 286.1800 42.30141 33.03595 2.211449 4.418490 3.458869
 [7,] 43.87587 226.1923 0.7296732 19.35559 286.1421 41.68786 34.05346 6.632557 5.753201 3.464777
 [8,] 47.04323 180.6511 1.0000000 24.79861 286.1807 42.00816 35.82977 2.192566 4.379370 3.199610
 [9,] 47.04323 180.4948 1.0000000 24.42288 286.1807 42.00503 35.99227 2.190222 4.379370 3.198867
[10,] 44.13960 233.9810 0.9175041 21.02294 286.1791 42.21853 34.69320 4.584817 4.881622 3.378985
[11,] 44.13960 233.9810 0.9400041 21.02294 286.1791 42.21853 34.69320 4.584817 4.894122 3.378985
[12,] 44.05737 225.9546 0.2833104 17.02316 285.9492 43.21538 27.41426 5.253165 6.502012 3.641035
[13,] 44.05737 185.9546 0.2838076 18.52316 285.9507 43.25073 27.38553 5.253165 6.528529 3.641035
[14,] 44.66922 201.0578 0.9204378 21.11474 286.1040 42.73484 33.48882 4.271363 5.514506 3.424269
[15,] 44.66922 201.0578 1.0000000 21.11474 286.1040 42.73484 33.48882 4.271363 5.514506 3.424269
[16,] 44.32708 198.8793 0.9649818 21.03619 286.1844 42.78974 35.44918 4.734093 5.631159 3.355923
[17,] 44.32708 198.8793 1.0000000 21.02447 286.1750 42.78974 35.36729 4.734093 5.643659 3.379673
[18,] 44.32724 198.8268 0.9687323 20.99747 286.1822 42.81592 35.15567 4.734363 5.661088 3.383662
[19,] 44.34673 198.8698 0.9675516 20.98842 286.1814 42.80711 35.22982 4.733806 5.654644 3.382803
[20,] 44.34647 198.8050 0.9687305 21.00246 286.1825 42.81017 35.19352 4.734025 5.643645 3.382877
[21,] 44.35988 198.7787 0.9679414 21.00187 286.1823 42.81003 35.19808 4.733979 5.642568 3.382959
[22,] 44.38913 198.7624 0.9679369 21.00504 286.1825 42.80994 35.19805 4.733972 5.633509 3.382688
[23,] 44.39367 198.8005 0.9678586 21.00466 286.1833 42.80994 35.20287 4.733947 5.631181 3.382936
[24,] 44.47442 198.2521 0.9780201 21.03392 286.1839 42.81068 35.20368 4.733681 5.605408 3.383948
[25,] 44.58154 198.0029 0.9866700 21.04730 286.1845 42.81056 35.21407 4.733356 5.577957 3.384766
[26,] 44.65051 197.7468 0.9846682 21.04908 286.1851 42.81045 35.21548 4.733473 5.562052 3.385700
[27,] 44.65051 197.7468 0.9846682 21.04908 286.1851 42.81045 35.17485 4.733473 5.562052 3.385700
[28,] 44.67242 198.4796 0.9990500 21.01173 286.1848 42.80957 35.22240 4.733170 5.555027 3.387194
[29,] 44.67659 198.2029 0.9970697 21.01464 286.1853 42.81074 35.17025 4.733217 5.561556 3.387005
[30,] 44.67659 198.2029 1.0000000 21.01464 286.1853 42.81074 35.17025 4.733217 5.561556 3.387005
[31,] 44.67778 198.1009 0.9970733 21.01672 286.1852 42.81144 35.17083 4.733227 5.562405 3.387806
[32,] 44.67778 198.1009 0.9970733 21.01672 286.1852 42.81144 35.17083 4.733227 5.562405 3.387806

$time
elapsed elapsed elapsed elapsed elapsed elapsed elapsed elapsed elapsed elapsed elapsed elapsed elapsed elapsed elapsed elapsed elapsed elapsed elapsed elapsed elapsed elapsed elapsed elapsed elapsed 
   1.10    3.11    4.75    6.69   10.46   12.72   14.52   16.32   25.18   40.85   45.63   61.82   67.27  155.21  156.18  193.33  194.68  251.52  258.13  261.66  265.25  268.83  271.10  273.71  277.24 
elapsed elapsed elapsed elapsed elapsed elapsed elapsed 
 280.71  291.71  315.46  384.24  385.52  402.36  425.85 

$neval
 [1]   106   259   384   530   815   954  1092  1230  1875  2948  3294  4362  4747 11121 11197 13753 13860 17974 18456 18731 19011 19292 19433 19637 19914 20192 20950 22581 27300 27373 28470 30035

$fbest
[1] 756.2222

$xbest
 [1]  44.6777791 198.1008774   0.9970733  21.0167170 286.1852434  42.8114378  35.1708316   4.7332272   5.5624049   3.3878065

$numeval
[1] 30035

$end_crit
[1] 1

$cpu_time
elapsed 
 425.85 

$Refset
$Refset$x
             [,1]        [,2]       [,3]        [,4]      [,5]       [,6]        [,7]        [,8]        [,9]       [,10]
 [1,]   1.0000000  44.6777800 198.100880   0.9970733 21.016717 286.185243  42.8114400  35.1708300   4.7332270   5.5624050
 [2,]   3.3878060   2.0000000 198.202890  21.0146400 42.810742   4.733217   3.3870050 198.2028900  21.0146400  42.8107420
 [3,]   4.7332170   3.3870050   3.000000  44.6765900  1.000000 286.185272  35.1702470   5.5615560  44.6765900   1.0000000
 [4,] 286.1852720  35.1702470   5.561556   4.0000000 44.669220 198.499780   0.9967817  21.0104570 286.1849010  42.8093700
 [5,]  35.2161500   4.7332420   5.556400   3.3866320  5.000000  44.669970 198.4422500   0.9970069  21.0120500 286.1847910
 [6,]  42.8091400  35.2138800   4.733309   5.5570520  3.386276   6.000000  44.6792200 198.5374900   0.9972684  21.0071370
 [7,] 286.1843090  42.8096200  35.216980   4.7331830  5.553410   3.387255   7.0000000  44.6764400 198.4902300   0.9972232
 [8,]  21.0099180 286.1845090  42.809460  35.2163300  4.733202   5.554247   3.3866210   8.0000000  44.6743300 198.4646200
 [9,]   0.9965175  21.0111080 286.184390  42.8093200 35.216610   4.733153   5.5544520   3.3871190   9.0000000  44.6708300
[10,] 198.4263000   0.9970078  21.012051 286.1847840 42.809250  35.214150   4.7333050   5.5569820   3.3862900  44.6981700
[11,] 199.6634100   0.9973070  21.079188 286.1837850 42.729420  35.230990   4.7323030   5.5751710   3.4093300  44.9537300
[12,] 192.2656300   0.9978645  21.017673 286.1900760 42.849080  35.785940   4.7744720   5.5563810   3.3859750  45.1319600

$Refset$f
 [1] 756.2222 756.2726 756.2726 756.4965 756.5451 756.5816 756.5816 756.5816 756.6302 811.8681 982.1337 954.5833

$Refset$fpen
 [1] 756.2222 756.2726 756.2726 756.4965 756.5451 756.5816 756.5816 756.5816 756.6302 811.8681 982.1337 954.5833

$Refset$const
 [1] 15.454310 30.437595 14.983283  1.547866  3.053397 30.438440  1.547863 15.453081 14.985363  3.053406 15.453080 14.985363  3.053406 30.438444  1.547863 15.454060 30.443600 14.989543  1.547717
[20]  3.057468 15.455000 30.442948 14.987950  1.547740  3.057240 15.453730 30.446590 14.992863  1.547792  3.057299 15.455670 30.445753 14.990082  1.547768  3.057329 15.456660 30.445548 14.988892
[39]  1.547782  3.057319 15.455070 30.443018 14.987949  1.547740  3.057252 15.504020 30.424829 14.920812  1.547527  3.064283 15.461290 30.443619 14.982327  1.544751  3.108163 14.521280 29.765843
[58] 15.244566  1.540790  3.112502

$Refset$penalty
 [1] 0 0 0 0 0 0 0 0 0 0 0 0


