$f
 [1] 998.27257 218.51042 161.40451 159.60069 147.12500 134.05903 130.85069 124.27951 117.79340 116.63021 111.78993  94.44097  93.24653  90.60243  87.72222  86.05208  84.42188  81.39410  80.89583
[20]  78.46701  74.93229  74.68576  74.58507  74.38715  74.36458  74.34028  74.25174  74.22222  74.09028  74.03472  73.73090  73.69618  73.67014  73.67014

$x
          [,1]     [,2]      [,3]     [,4]     [,5]     [,6]     [,7]     [,8]     [,9]    [,10]
 [1,] 49.79943 124.2446 0.6976052 19.93515 284.0461 38.95578 33.39400 2.657859 2.449974 4.983097
 [2,] 37.78183 257.0062 0.8883738 22.42638 286.2548 40.24074 26.88774 6.000330 2.000000 2.597442
 [3,] 37.36257 257.0062 0.8946627 23.38437 286.5554 40.24074 27.06942 6.000330 2.111803 2.597442
 [4,] 37.55843 257.0062 0.8885600 23.23706 286.5279 40.24074 26.92483 6.000330 2.007916 2.597442
 [5,] 35.89506 256.9844 0.8137821 22.47259 286.2467 43.49847 28.08938 5.504906 2.392938 3.562032
 [6,] 36.16634 259.9193 0.7999584 22.13442 286.0530 42.02432 29.26408 5.199553 2.569805 3.751577
 [7,] 38.15431 264.8568 0.8710457 22.10311 286.6670 40.78623 30.07442 5.428089 2.513501 3.571018
 [8,] 38.87344 250.1749 0.8203626 21.94285 286.1062 40.01001 30.66333 5.498136 2.720445 4.419290
 [9,] 38.87344 250.1749 0.8653626 21.94285 286.1062 40.01001 30.50083 5.498918 2.720445 4.443040
[10,] 37.86249 262.4950 0.7878859 21.01257 286.2638 41.00042 30.99717 4.557999 3.352550 4.812078
[11,] 38.40938 259.0602 0.7932858 20.76576 286.3920 41.37145 31.18809 4.524236 3.357642 4.817644
[12,] 38.48067 262.3867 0.9282858 20.69448 286.3647 41.37145 31.83809 4.524236 3.357642 4.817644
[13,] 37.43152 278.8655 0.6134024 20.85884 286.3171 41.16866 31.60278 4.751114 2.830038 3.382143
[14,] 37.43152 278.8655 0.7821305 20.85665 286.3171 41.16866 31.60278 4.751114 2.830038 3.405893
[15,] 38.03965 272.4446 0.6963009 21.11670 286.3130 41.09984 31.74919 4.648600 2.789689 3.691384
[16,] 38.03965 272.4055 0.6513009 21.11670 286.3130 41.09984 31.74919 4.648600 2.789689 3.691384
[17,] 37.88878 279.3456 0.6028499 20.82569 286.3019 41.16342 31.54967 4.642611 2.834212 3.665333
[18,] 37.88878 279.3456 0.5803499 20.81983 286.3183 41.16342 31.79342 4.642611 2.834212 3.659396
[19,] 37.86786 277.9638 0.6133676 20.82702 286.3039 41.14528 31.60872 4.643819 2.803104 3.462773
[20,] 38.55413 265.8024 0.6422752 20.96614 286.3080 41.18074 31.59162 4.649527 2.951583 3.500809
[21,] 38.50726 265.8024 0.6746189 20.96028 286.3103 41.18074 31.57130 4.649527 2.951583 3.520106
[22,] 38.41700 264.7267 0.6532163 20.78944 286.3128 41.18555 31.70965 4.648338 3.099343 3.493193
[23,] 38.47898 264.4247 0.6589405 20.77255 286.3160 41.18979 31.74684 4.648289 3.112120 3.522025
[24,] 38.47898 264.4247 0.6589405 20.77255 286.3160 41.18979 31.70621 4.648289 3.112120 3.522025
[25,] 38.52671 263.7003 0.6593999 20.77385 286.3162 41.18703 31.73417 4.648440 3.121634 3.518023
[26,] 38.43483 264.4031 0.6544929 20.78516 286.2891 41.13892 31.67774 4.649132 3.120788 3.521017
[27,] 38.43483 264.4031 0.6544929 20.78516 286.2891 41.13892 31.63711 4.649132 3.120788 3.521017
[28,] 38.41740 264.5992 0.6548777 20.78427 286.3049 41.14836 31.69559 4.648330 3.120344 3.520515
[29,] 38.40453 264.5009 0.6579210 20.79500 286.3021 41.12789 31.68555 4.648302 3.120983 3.522443
[30,] 38.50431 264.4126 0.6586306 20.76359 286.3095 41.15542 31.69565 4.648286 3.114025 3.524024
[31,] 38.39333 264.4998 0.6579779 20.79559 286.3014 41.12773 31.68372 4.648251 3.121495 3.522568
[32,] 38.43440 264.5063 0.6493242 20.77547 286.3054 41.14389 31.69809 4.648384 3.110930 3.518243
[33,] 38.48607 264.6432 0.6570548 20.76042 286.3088 41.15542 31.69647 4.648377 3.112172 3.519291
[34,] 38.48607 264.6432 0.6570548 20.76042 286.3088 41.15542 31.69647 4.648377 3.112172 3.519291

$time
elapsed elapsed elapsed elapsed elapsed elapsed elapsed elapsed elapsed elapsed elapsed elapsed elapsed elapsed elapsed elapsed elapsed elapsed elapsed elapsed elapsed elapsed elapsed elapsed elapsed 
   1.98    5.03    6.81   14.53   19.17   24.48   27.08   29.50   33.73   39.08   44.15   62.95  147.05  148.97  167.50  176.62  248.53  250.64  268.14  278.78  281.12  454.72  483.90  485.23  493.26 
elapsed elapsed elapsed elapsed elapsed elapsed elapsed elapsed elapsed 
 503.80  513.34  516.20  518.83  521.61  538.45  556.51  573.56  585.67 

$neval
 [1]   106   264   384   816  1091  1366  1508  1648  1881  2148  2415  3336  7670  7779  8716  9200 12726 12833 13653 14203 14328 23470 24904 24978 25388 25935 26422 26561 26698 26831 27640 28657
[33] 29551 30102

$fbest
[1] 73.67014

$xbest
 [1]  38.4860653 264.6431546   0.6570548  20.7604241 286.3088497  41.1554172  31.6964695   4.6483771   3.1121716   3.5192908

$numeval
[1] 30102

$end_crit
[1] 1

$cpu_time
elapsed 
 585.67 

$Refset
$Refset$x
             [,1]        [,2]       [,3]        [,4]        [,5]        [,6]        [,7]        [,8]        [,9]       [,10]
 [1,]   1.0000000  38.4860700 264.643200   0.6570548  20.7604200 286.3088000  41.1554200  31.6964700   4.6483770   3.1121720
 [2,]   3.5192910   2.0000000  38.451230 264.6432000   0.6562958  20.7715900 286.3088000  41.1563400  31.6966400   4.6484090
 [3,]   3.1065900   3.5189240   3.000000  38.4184300 264.5016000   0.6534626  20.7918300 286.3036000  41.1386500  31.6901100
 [4,]   4.6483350   3.1169830   3.520921   4.0000000  38.4263700 264.5150000   0.6520822  20.7876200 286.3052000  41.1421300
 [5,]  31.6921000   4.6482850   3.117663   3.5199410   5.0000000  38.4344000 264.5063000   0.6493242  20.7754700 286.3054000
 [6,]  41.1438900  31.6980900   4.648384   3.1109300   3.5182430   6.0000000  38.4290400 264.5026000   0.6536911  20.7919100
 [7,] 286.3054000  41.1433900  31.696110   4.6483600   3.1152430   3.5200960   7.0000000  38.3933300 264.4998000   0.6579779
 [8,]  20.7955900 286.3014000  41.127730  31.6837200   4.6482510   3.1214950   3.5225680   8.0000000  38.4369300 264.4776000
 [9,]   0.6504298  20.7767500 286.304400  41.1424000  31.6809100   4.6483850   3.1109820   3.5184820   9.0000000  38.4533300
[10,] 264.6292000   0.6493114  20.782010 286.3060000  41.1480300  31.6934500   4.6483760   3.1122660   3.5193820  38.4488100
[11,] 264.6459000   0.6562932  20.772650 286.3088000  41.1559900  31.6979000   4.6484200   3.1079590   3.5181480  38.4213000
[12,] 264.7947000   0.6527537  20.680910 286.3045000  41.1238600  31.6644600   4.6426300   3.1140970   3.5528810  38.6142400

$Refset$f
 [1] 73.67014 73.67708 73.69444 73.69444 73.69618 73.69444 73.73090 73.72222 73.75694 74.13889 89.98958 91.47917

$Refset$fpen
 [1] 73.67014 73.67708 73.69444 73.69444 73.69618 73.69444 73.73090 73.72222 73.75694 74.13889 89.98958 91.47917

$Refset$const
 [1] 17.648250 32.887830 15.239580  1.540624  2.912806 17.665000 32.893410 15.228410  1.540630  2.912748 17.674850 32.883020 15.208170  1.541255  2.911380 17.669960 32.882340 15.212380  1.541050
[20]  2.911949 17.664540 32.889070 15.224530  1.541016  2.912391 17.676670 32.884760 15.208090  1.541014  2.912281 17.674090 32.878510 15.204410  1.541513  2.910751 17.665760 32.889020 15.223250
[39]  1.541190  2.910693 17.669740 32.887730 15.217990  1.540972  2.911949 17.664690 32.892040 15.227350  1.540633  2.912852 17.566810 32.885900 15.319090  1.541196  2.910514 15.769100 32.193650
[58] 16.424550  1.543000  2.909118

$Refset$penalty
 [1] 0 0 0 0 0 0 0 0 0 0 0 0


