$f
 [1] 2652.9583 1401.2500 1060.3264 1052.3698 1001.1788  967.1042  962.0764  931.7066  910.1597  811.8576  810.8559  805.3993  791.5556  787.3455  786.0260  778.4479  774.5260  774.2622  746.5608
[20]  745.5451  744.6215  735.7795  730.3368  729.0174  727.2500  726.8299  726.3837  721.5035  721.5035

$x
          [,1]     [,2]      [,3]     [,4]     [,5]     [,6]     [,7]     [,8]     [,9]    [,10]
 [1,] 38.87362 391.6348 0.5032993 15.71306 285.2709 38.66377 27.87329 6.177163 6.764084 3.677891
 [2,] 33.89791 364.8765 0.2185239 15.00000 285.4420 40.88521 24.00000 6.161370 8.187598 4.296804
 [3,] 34.17971 355.4978 0.1228653 15.00000 285.9670 40.88521 24.00540 5.963031 8.190741 3.763218
 [4,] 39.79205 307.6088 0.1257090 16.79795 286.0226 40.58370 24.42994 5.550090 6.888665 3.738647
 [5,] 38.12766 317.7630 0.1475984 17.52080 285.9662 40.55317 24.50905 5.556308 6.338607 3.745264
 [6,] 40.25916 320.8940 0.1453715 17.93747 286.0655 40.56382 24.05244 5.570299 5.377589 3.856950
 [7,] 40.10762 319.5021 0.1443478 18.25590 286.0482 40.56416 24.03160 5.569773 4.700987 3.831030
 [8,] 39.83281 319.9390 0.1466310 16.68271 285.9603 40.56039 24.19644 5.594925 6.178434 3.766819
 [9,] 40.12375 325.8626 0.1470535 18.73390 286.0294 40.56850 24.00000 5.572246 4.286140 3.893382
[10,] 40.12375 324.8744 0.1195671 18.73390 285.9741 40.56850 24.36336 5.572246 4.475079 3.988382
[11,] 42.27030 288.7179 0.1578825 16.01436 285.9612 40.22083 24.26670 6.199887 5.874986 3.891325
[12,] 42.31718 288.7179 0.1578825 16.01436 285.9612 40.22083 24.26670 6.199887 5.884361 3.891325
[13,] 42.27374 289.9770 0.1624180 16.14072 285.9612 40.25814 24.27504 6.200307 5.895648 3.882135
[14,] 42.27374 291.5971 0.1633518 16.19082 285.9612 40.27946 24.27663 6.201006 5.915913 3.882673
[15,] 42.29718 291.5971 0.1633518 16.19082 285.9612 40.27946 24.27663 6.201006 5.915913 3.882673
[16,] 42.24241 292.1955 0.1625993 16.40636 286.0170 40.35524 24.14115 6.196296 5.923880 3.901937
[17,] 42.24241 292.1955 0.1400993 16.40636 286.0170 40.35524 24.14115 6.196296 5.923880 3.901937
[18,] 42.37713 290.7002 0.1623592 16.48813 285.9790 40.36914 24.07532 6.199610 5.918434 3.894697
[19,] 42.52042 287.9589 0.1630615 16.44814 286.0100 40.40548 24.02164 6.196397 5.936450 3.905214
[20,] 42.53859 287.8296 0.1630749 16.44555 286.0137 40.41936 24.00000 6.196467 5.938398 3.909108
[21,] 42.51764 287.9101 0.1632907 16.43385 286.0100 40.41900 24.00255 6.197509 5.948463 3.917797
[22,] 42.42389 289.1601 0.1408346 16.41041 286.0100 40.41900 24.00255 6.197509 5.937525 3.917797
[23,] 42.19226 286.6244 0.1616769 16.91428 285.9988 40.37762 24.00204 6.197290 5.920248 3.942570
[24,] 42.19226 286.6244 0.1616769 16.91428 285.9988 40.37762 24.00204 6.197290 5.913998 3.942570
[25,] 42.07717 286.1329 0.1611384 16.85326 286.0109 40.37135 24.00338 6.197144 5.935536 3.939553
[26,] 42.08078 286.1338 0.1621979 16.86562 286.0078 40.36868 24.00244 6.197152 5.929900 3.939995
[27,] 42.07922 286.1307 0.1620504 16.86556 286.0082 40.36802 24.00240 6.197207 5.929712 3.940290
[28,] 42.27086 285.2468 0.1395504 16.83241 286.0082 40.36802 24.00240 6.197207 5.904712 3.940290
[29,] 42.27086 285.2468 0.1395504 16.83241 286.0082 40.36802 24.00240 6.197207 5.904712 3.940290

$time
elapsed elapsed elapsed elapsed elapsed elapsed elapsed elapsed elapsed elapsed elapsed elapsed elapsed elapsed elapsed elapsed elapsed elapsed elapsed elapsed elapsed elapsed elapsed elapsed elapsed 
   0.97    3.20    5.22    8.22   12.69   15.55   17.02   18.47   20.42   21.95   58.74   59.60   72.53   74.10   76.45  103.63  104.42  110.81  112.38  114.50  117.58  121.80  225.39  226.19  231.08 
elapsed elapsed elapsed elapsed 
 235.83  240.42  243.02  341.99 

$neval
 [1]   106   261   449   732  1149  1418  1554  1690  1829  1968  5508  5587  6671  6807  7018  9191  9265  9813  9949 10089 10361 10740 19877 19953 20379 20795 21205 21443 30055

$fbest
[1] 721.5035

$xbest
 [1]  42.2708598 285.2468022   0.1395504  16.8324141 286.0081795  40.3680246  24.0024004   6.1972073   5.9047123   3.9402900

$numeval
[1] 30055

$end_crit
[1] 1

$cpu_time
elapsed 
 341.99 

$Refset
$Refset$x
             [,1]        [,2]       [,3]        [,4]        [,5]        [,6]        [,7]        [,8]        [,9]      [,10]
 [1,]   1.0000000  51.0381700 366.170000   0.6258289  22.9584600 284.1461000  17.2902500  46.1940300   9.9301810   6.708824
 [2,]   4.6304540   2.0000000  20.958110 236.0320000   0.4392239  18.4285200 284.2927000  18.2267100  49.4348100   5.178848
 [3,]   3.0485130   3.3130110   3.000000  42.0650300 286.2366000   0.1606799  16.8563400 286.0050000  40.3716200  24.002150
 [4,]   6.1972460   5.9283560   3.939316   4.0000000  42.0634700 286.2660000   0.1607341  16.8527300 286.0049000  40.371300
 [5,]  24.0020800   6.1972060   5.930864   3.9384000   5.0000000  42.0641900 286.2435000   0.1606546  16.8505800 286.005000
 [6,]  40.3716800  24.0021400   6.197346   5.9315180   3.9393970   6.0000000  42.0636400 286.2528000   0.1607331  16.854870
 [7,] 286.0052000  40.3719300  24.002280   6.1972340   5.9298620   3.9384420   7.0000000  42.0633900 286.2663000   0.160786
 [8,]  16.8537500 286.0047000  40.373600  24.0015200   6.1970860   5.9307290   3.9377970   8.0000000  42.0635800 286.266700
 [9,]   0.1607451  16.8529500 286.004900  40.3713000  24.0019600   6.1971950   5.9307240   3.9378270   9.0000000  42.063490
[10,] 286.2658000   0.1607619  16.853540 286.0048000  40.3714100  24.0020300   6.1972210   5.9300870   3.9379360  42.063660
[11,] 286.2646000   0.1607514  16.854130 286.0050000  40.3722100  24.0020800   6.1972260   5.9300400   3.9395360  42.430120
[12,] 286.7169000   0.1667301  16.917730 285.9740000  39.8445900  24.0021300   6.2043540   5.9536010   3.9420710  41.776680

$Refset$f
 [1] 1000000.0000 1000000.0000     724.4896     724.4896     724.4896     724.4896     724.4896     724.4896     724.4896     724.5191     906.1372     852.3507

$Refset$fpen
 [1] 9.999975e+11 9.999975e+11 7.244896e+02 7.244896e+02 7.244896e+02 7.244896e+02 7.244896e+02 7.244896e+02 7.244896e+02 7.245191e+02 9.061372e+02 8.523507e+02

$Refset$const
 [1] 1.000000e+06 1.000000e+06 1.000000e+06 1.000000e+06 1.000000e+06 1.000000e+06 1.000000e+06 1.000000e+06 1.000000e+06 1.000000e+06 1.092798e+01 3.007164e+01 1.914366e+01 1.583899e+00 2.311746e+00
[16] 1.092186e+01 3.006914e+01 1.914727e+01 1.583912e+00 2.311717e+00 1.091906e+01 3.006848e+01 1.914942e+01 1.583898e+00 2.311746e+00 1.092501e+01 3.007014e+01 1.914513e+01 1.583884e+00 2.311785e+00
[31] 1.092302e+01 3.006927e+01 1.914625e+01 1.583925e+00 2.311561e+00 1.092222e+01 3.006928e+01 1.914705e+01 1.583911e+00 2.311714e+00 1.092345e+01 3.006991e+01 1.914646e+01 1.583919e+00 2.311693e+00
[46] 1.092409e+01 3.006996e+01 1.914587e+01 1.583898e+00 2.311722e+00 1.096413e+01 3.004640e+01 1.908227e+01 1.587125e+00 2.323187e+00 1.097699e+01 3.008142e+01 1.910443e+01 1.584932e+00 2.317680e+00

$Refset$penalty
 [1] 999996.5 999996.5      0.0      0.0      0.0      0.0      0.0      0.0      0.0      0.0      0.0      0.0


