$f
 [1] 721.4757 604.2483 527.9653 507.6476 500.0139 496.5503 476.5382 458.9201 453.1597 432.3003 412.3663 380.9792 378.7587 377.4479 374.5365 374.3108 373.1181 371.9601 370.5590 369.2552 368.9201
[22] 368.3073 367.3368 367.0503 363.8368 361.2205 361.1840 361.1476 360.5781 359.9618 359.9045 359.7153 359.3576 359.2066 359.0347 358.9549 358.7865 358.4722 358.4271 358.3611 358.1562 357.6319
[43] 357.1424 357.1094 356.8524 356.4444 356.1962 355.4757 354.5156 354.0660 353.9062 353.7240 353.7240

$x
          [,1]     [,2]      [,3]     [,4]     [,5]     [,6]     [,7]     [,8]     [,9]    [,10]
 [1,] 25.58145 200.5697 0.3677803 22.99705 284.4887 46.18989 26.57390 3.470450 7.550481 3.070150
 [2,] 21.82663 171.2960 0.1617769 22.66788 284.4101 48.00000 27.74957 3.542460 8.194567 1.862157
 [3,] 21.82663 193.1710 0.1617769 22.29288 284.4012 48.00000 27.50582 3.542460 8.212245 1.862157
 [4,] 24.82646 293.8142 0.1000000 25.77117 284.0000 35.13176 31.53933 2.667509 3.264091 3.679013
 [5,] 24.40314 327.7826 0.1000000 24.40467 284.0000 35.16577 31.45731 2.620336 2.716787 3.183334
 [6,] 24.33934 340.2946 0.1000000 24.57184 284.1602 36.66609 31.70304 2.621472 2.708171 3.806534
 [7,] 24.25317 340.2501 0.1037702 24.22565 284.0488 36.64635 31.61379 2.000000 2.560358 4.585122
 [8,] 21.99035 307.0144 0.2446008 26.12356 284.5608 41.87645 32.32089 3.847508 3.026262 2.393147
 [9,] 22.89036 344.1118 0.1061971 25.40762 284.1289 39.95932 27.42679 2.028212 2.063353 4.076720
[10,] 22.88450 344.1118 0.1000000 25.40762 284.1383 40.35932 28.07679 2.000000 2.000000 4.076720
[11,] 22.01301 314.3194 0.1000000 25.34963 284.0640 42.10020 30.69667 3.570070 2.671716 4.957895
[12,] 20.08485 321.7829 0.1355473 27.71119 284.0176 39.77781 30.15583 3.208126 2.021362 3.845870
[13,] 20.00000 321.7829 0.1358989 27.71119 284.0176 39.77781 30.15583 3.208126 2.008862 3.845870
[14,] 22.27682 342.5437 0.1012661 24.81588 284.0798 39.38388 31.19941 3.215963 2.393366 5.000000
[15,] 22.27682 342.5437 0.1012661 24.81588 284.0611 39.38388 31.19941 3.215963 2.380866 4.976250
[16,] 20.41819 332.8510 0.1105135 26.59468 284.0608 39.33207 30.98598 3.140580 2.089401 4.380876
[17,] 22.25534 339.9908 0.1025274 24.82271 284.0761 39.37643 31.17692 3.220713 2.392518 4.382325
[18,] 22.27214 342.0484 0.1027154 24.78704 284.0804 39.40924 31.23748 3.217847 2.393536 4.941732
[19,] 22.28264 342.5574 0.1028278 24.79318 284.0829 39.41771 31.31134 3.215841 2.393783 4.999078
[20,] 22.25920 342.5574 0.1028278 24.79611 284.0829 39.41771 31.27072 3.216232 2.393783 4.999078
[21,] 20.47008 333.0477 0.1116104 26.53221 284.0607 39.32842 30.97590 3.142146 2.089474 4.375987
[22,] 20.35663 332.9918 0.1107573 26.56401 284.0609 39.32942 30.98312 3.140330 2.089429 4.381789
[23,] 20.26567 332.9732 0.1100420 26.56286 284.0609 39.32967 30.98291 3.140409 2.089432 4.380619
[24,] 20.26567 332.9732 0.1100420 26.56286 284.0609 39.32967 30.98291 3.140409 2.089432 4.381362
[25,] 21.39034 343.3904 0.1000000 25.13638 284.0000 39.41674 32.26423 3.280812 2.151100 5.000000
[26,] 21.39327 343.3904 0.1000000 25.13638 284.0000 39.43549 32.30486 3.280812 2.188600 4.988125
[27,] 21.40442 343.2897 0.1000000 25.13398 284.0000 39.41650 32.34303 3.279256 2.192636 4.999052
[28,] 21.41028 343.2897 0.1000000 25.13398 284.0000 39.41650 32.34303 3.279256 2.192636 4.999052
[29,] 21.54161 343.6277 0.1005598 25.12256 284.0429 39.31884 32.32001 3.214663 2.159413 4.902983
[30,] 21.54161 343.7840 0.1005598 25.12256 284.0429 39.31884 32.32001 3.214663 2.153163 4.902983
[31,] 21.54218 343.6050 0.1005645 25.12585 284.0379 39.31892 32.31539 3.214875 2.155433 4.872450
[32,] 21.54538 343.8851 0.1001879 25.13231 284.0288 39.31290 32.21966 3.215179 2.153571 4.866680
[33,] 21.54732 343.8409 0.1000846 25.13348 284.0277 39.31445 32.23803 3.215128 2.153427 4.864085
[34,] 21.55443 343.7396 0.1003364 25.13447 284.0328 39.33400 32.24924 3.214661 2.156761 4.868084
[35,] 21.53332 345.2552 0.1002223 25.12975 284.0368 39.35823 32.23537 3.214740 2.153730 4.866605
[36,] 21.52659 346.1145 0.1001684 25.12866 284.0373 39.36232 32.23393 3.214878 2.153292 4.865118
[37,] 21.52659 346.1145 0.1001904 25.12866 284.0373 39.36232 32.23393 3.214878 2.153292 4.865118
[38,] 21.51148 344.1617 0.1000129 25.16561 284.0319 39.33635 32.21985 3.216322 2.167653 4.870974
[39,] 21.51139 344.3261 0.1000881 25.17790 284.0315 39.33574 32.21118 3.216503 2.155396 4.872202
[40,] 21.53822 344.6985 0.1001069 25.16515 284.0331 39.34728 32.24293 3.215889 2.164788 4.869177
[41,] 21.36862 344.7643 0.1000018 25.22822 284.0301 39.32837 32.20342 3.217100 2.155813 4.881745
[42,] 21.23812 345.1294 0.1000000 25.26569 284.0280 39.32615 32.19653 3.217431 2.157050 4.893176
[43,] 21.09104 345.3079 0.1000241 25.30637 284.0281 39.33045 32.18891 3.217131 2.157985 4.906064
[44,] 21.07892 345.2024 0.1000125 25.32162 284.0335 39.33930 32.21882 3.215734 2.154456 4.877018
[45,] 20.82097 345.2559 0.1000134 25.44116 284.0336 39.34228 32.21475 3.215817 2.154390 4.877657
[46,] 20.92218 345.2861 0.1000138 25.40374 284.0358 39.33972 32.21470 3.215652 2.155144 4.865926
[47,] 20.88963 344.6232 0.1001729 25.52733 284.0354 39.34035 32.23209 3.215723 2.098154 4.870632
[48,] 20.44351 344.4577 0.1000000 25.71934 284.0348 39.36087 32.22473 3.216267 2.061727 4.877479
[49,] 20.46109 344.3796 0.1000000 25.71934 284.0348 39.36087 32.22473 3.216267 2.061727 4.877479
[50,] 20.45351 344.5208 0.1000002 25.84279 284.0353 39.36249 32.22967 3.216037 2.000000 4.877105
[51,] 20.47216 345.3424 0.1000278 25.69741 284.0339 39.35601 32.22621 3.215917 2.063945 4.878858
[52,] 20.47216 345.3229 0.1000278 25.69741 284.0339 39.35601 32.22621 3.215917 2.063945 4.878858
[53,] 20.47216 345.3229 0.1000278 25.69741 284.0339 39.35601 32.22621 3.215917 2.063945 4.878858

$time
elapsed elapsed elapsed elapsed elapsed elapsed elapsed elapsed elapsed elapsed elapsed elapsed elapsed elapsed elapsed elapsed elapsed elapsed elapsed elapsed elapsed elapsed elapsed elapsed elapsed 
   1.03    2.62    3.87    7.03    8.61   10.14   11.69   16.26   19.80   21.00   22.58   27.31   38.47   56.06   57.05   64.92   68.30   69.90   73.11   74.11   81.15   84.86   93.11   95.59  118.03 
elapsed elapsed elapsed elapsed elapsed elapsed elapsed elapsed elapsed elapsed elapsed elapsed elapsed elapsed elapsed elapsed elapsed elapsed elapsed elapsed elapsed elapsed elapsed elapsed elapsed 
 119.22  132.30  136.48  157.05  157.94  161.05  169.28  170.90  181.86  204.69  206.30  210.75  269.48  281.15  285.89  291.39  292.92  294.51  297.61  299.15  300.73  302.31  304.47  305.36  307.01 
elapsed elapsed elapsed 
 320.11  322.55  370.40 

$neval
 [1]   106   261   378   669   812   954  1093  1506  1782  1888  2027  2439  3341  4820  4906  5594  5865  5999  6270  6361  6771  7040  7578  7787  9417  9518 10611 10960 12586 12667 12936 13616
[33] 13754 14640 16499 16635 16978 21832 22718 23124 23600 23733 23867 24138 24277 24417 24558 24703 24781 24924 26015 26224 30044

$fbest
[1] 353.724

$xbest
 [1]  20.4721567 345.3228584   0.1000278  25.6974134 284.0339250  39.3560134  32.2262093   3.2159166   2.0639452   4.8788580

$numeval
[1] 30044

$end_crit
[1] 1

$cpu_time
elapsed 
  370.4 

$Refset
$Refset$x
             [,1]        [,2]       [,3]        [,4]        [,5]        [,6]        [,7]        [,8]        [,9]      [,10]
 [1,]   1.0000000  20.6243700 345.052100   0.1000331  25.6792600 284.0360000  39.3568500  32.2314300   3.2166590   2.054087
 [2,]   4.8785030   2.0000000  35.113770 417.5831000   0.5398859  22.1882100 284.8364000  24.6091000  38.7827800   7.799213
 [3,]   4.1110470   3.7681230   3.000000  20.1384900 345.2621000   0.1000684  25.8076600 284.0331000  39.3524500  32.223170
 [4,]   3.2158810   2.0590590   4.879296   4.0000000  20.1688300 345.1698000   0.1003006  25.8036200 284.0359000  39.344690
 [5,]  32.2298100   3.2159080   2.060474   4.8811310   5.0000000  20.4664900 345.3458000   0.1000559  25.6906200 284.034600
 [6,]  39.3395100  32.2278800   3.215748   2.0677280   4.8798870   6.0000000  20.4099000 344.3142000   0.1000314  25.776430
 [7,] 284.0418000  39.3594400  32.247560   3.2149880   2.0558060   4.8791170   7.0000000  20.1986000 344.9256000   0.100202
 [8,]  25.8118300 284.0359000  39.349670  32.2335700   3.2156350   2.0571850   4.8785670   8.0000000  20.6270100 345.043000
 [9,]   0.1000332  25.6793600 284.036000  39.3585100  32.2350700   3.2166590   2.0546320   4.8784490   9.0000000  20.452030
[10,] 345.3889000   0.1000282  25.815860 284.0913000  39.3256800  32.1794400   3.2054530   2.0000000   4.9041220  20.367980
[11,] 344.7725000   0.1000357  25.682840 284.0365000  39.3543800  32.2386400   3.2169700   2.1145850   4.8780700  20.164370
[12,] 347.4260000   0.1000178  25.783740 284.0332000  39.2220800  32.1793200   3.2368680   2.0525970   4.8792400  27.779420

$Refset$f
 [1]     353.9583 1000000.0000     353.9896     353.9896     354.0469     354.1719     354.2014     353.9583     360.3542     356.7448     369.0503     509.4340

$Refset$fpen
 [1] 3.539583e+02 9.999975e+11 3.539896e+02 3.539896e+02 3.540469e+02 3.541719e+02 3.542014e+02 3.539583e+02 3.603542e+02 3.567448e+02 3.690503e+02 5.094340e+02

$Refset$const
 [1] 2.362517e+01 3.394591e+01 1.032074e+01 1.857380e+00 2.612993e+00 1.000000e+06 1.000000e+06 1.000000e+06 1.000000e+06 1.000000e+06 2.374860e+01 3.394094e+01 1.019234e+01 1.857835e+00 2.612454e+00
[16] 2.374314e+01 3.393953e+01 1.019638e+01 1.857469e+00 2.613677e+00 2.362289e+01 3.393227e+01 1.030938e+01 1.857702e+00 2.613803e+00 2.372062e+01 3.394419e+01 1.022357e+01 1.856508e+00 2.614463e+00
[31] 2.375464e+01 3.394282e+01 1.018817e+01 1.857456e+00 2.613654e+00 2.362473e+01 3.394537e+01 1.032064e+01 1.857400e+00 2.613181e+00 2.381586e+01 3.400000e+01 1.018414e+01 1.847823e+00 2.613936e+00
[46] 2.356825e+01 3.388542e+01 1.031716e+01 1.857364e+00 2.613786e+00 2.373115e+01 3.394740e+01 1.021626e+01 1.858336e+00 2.617693e+00 2.457589e+01 3.394622e+01 9.370326e+00 1.818382e+00 2.566526e+00

$Refset$penalty
 [1]      0.0 999996.5      0.0      0.0      0.0      0.0      0.0      0.0      0.0      0.0      0.0      0.0


