$f
 [1] 1131.8733  384.4427  283.7344  281.9566  281.8455  272.2917  268.4740  260.3490  257.9618  253.8976  251.4028  250.2431  249.2552  239.5729  238.4896  238.3056  238.0243  237.1597  236.5434
[20]  236.4601  235.8472  235.5938  235.5556  235.1024  234.6424  232.7222  231.6354  229.6458  229.5365  229.4792  229.2656  228.5747  228.5139  228.4427  228.4427

$x
          [,1]     [,2]      [,3]     [,4]     [,5]     [,6]     [,7]     [,8]     [,9]    [,10]
 [1,] 28.45147 210.1252 0.9392077 25.53403 285.5381 39.51473 30.60911 2.490756 4.176245 3.408012
 [2,] 36.50938 298.5109 0.3423837 16.65592 285.0556 36.40795 27.99452 4.130206 7.019940 2.668894
 [3,] 41.50202 270.2266 0.2298837 16.65885 285.5900 36.30795 25.39931 4.130206 7.119940 2.668894
 [4,] 41.75076 269.9053 0.2275966 16.52221 285.6266 36.30833 25.26818 4.131095 7.207013 2.675717
 [5,] 40.66262 265.1014 0.2257270 16.83754 285.4363 36.28814 26.71404 4.133132 7.104796 2.638843
 [6,] 49.10650 264.7701 0.6079624 17.07548 285.4684 36.17770 27.06520 3.549811 6.174982 2.717232
 [7,] 49.10650 264.7701 0.5854624 17.06377 285.4480 36.17770 27.06520 3.549811 6.174982 2.711295
 [8,] 48.73776 264.9870 0.8168240 17.08625 285.4700 36.10932 27.21833 3.621109 6.069864 2.707427
 [9,] 46.55316 267.9877 0.7623840 17.13378 285.5983 37.03298 26.90221 3.868593 6.219214 2.676742
[10,] 47.77203 264.2736 0.7994358 17.13235 285.4541 36.73257 26.99329 3.802847 6.148893 2.630329
[11,] 47.70761 264.6014 0.8101408 16.99451 285.4694 36.77068 26.83999 3.703725 6.182471 2.635052
[12,] 47.69589 264.6014 0.8326408 16.99451 285.4694 36.77068 26.83999 3.703725 6.182471 2.635052
[13,] 48.88536 264.2763 0.8118867 17.10795 285.5083 36.84407 26.90561 3.752475 6.081046 2.726758
[14,] 48.13891 265.8917 0.9202569 17.22461 285.5144 36.84464 26.93090 3.790511 5.782538 2.661313
[15,] 48.13891 265.8917 0.8752569 17.22461 285.5144 36.84464 26.93090 3.790511 5.782538 2.661313
[16,] 48.60886 264.3831 0.8426026 16.97441 285.4924 36.84253 26.82939 3.764395 6.118506 2.729384
[17,] 48.03898 264.6598 0.8331515 17.10245 285.5088 36.85135 27.67423 3.800031 6.047523 2.737160
[18,] 48.75818 257.0351 0.8043017 17.41854 285.5129 36.78780 27.04013 3.759188 6.151226 2.752720
[19,] 49.44349 244.6717 0.7197566 17.32144 285.4802 36.78966 26.57537 3.773541 6.054182 2.705215
[20,] 49.44349 244.6717 0.7197566 17.32071 285.4802 36.78966 26.57537 3.773541 6.051057 2.705215
[21,] 48.12710 264.4703 0.8242185 17.07951 285.5063 36.84488 27.60326 3.795870 6.047950 2.737631
[22,] 48.14960 264.4623 0.8233314 17.07542 285.5064 36.84483 27.61440 3.795926 6.046330 2.737371
[23,] 48.00081 264.4767 0.8175708 17.11818 285.5057 36.84466 27.60833 3.795836 6.048324 2.737506
[24,] 48.15574 264.4616 0.8232767 17.07426 285.5063 36.84482 27.61179 3.795933 6.046694 2.737453
[25,] 48.15574 264.4616 0.8457767 17.07426 285.5063 36.84482 27.61179 3.795933 6.046694 2.737453
[26,] 48.60948 264.5533 0.8138933 16.94484 285.4733 36.86397 26.94089 3.766112 6.117480 2.724943
[27,] 48.63362 264.3597 0.8295211 16.93373 285.4648 36.83225 27.26115 3.762449 6.125658 2.727853
[28,] 48.63362 264.3597 0.7845211 16.93373 285.4648 36.83537 27.26115 3.762449 6.163158 2.727853
[29,] 48.17707 261.1237 0.7919664 17.08755 285.4763 36.83329 27.58350 3.767837 6.132628 2.741956
[30,] 48.17707 261.1237 0.7919664 17.08755 285.4763 36.83329 27.54288 3.767837 6.132628 2.741956
[31,] 48.23036 259.6592 0.7920446 17.07269 285.4689 36.83115 27.56482 3.769224 6.148560 2.742733
[32,] 48.24004 259.3477 0.7893855 17.08709 285.4660 36.82989 27.56519 3.769207 6.153436 2.744180
[33,] 48.24590 259.3477 0.7893855 17.08709 285.4660 36.82989 27.56519 3.769207 6.153436 2.744180
[34,] 48.25580 260.5954 0.8008685 17.01866 285.4701 36.83028 27.56222 3.768855 6.158690 2.739341
[35,] 48.25580 260.5954 0.8008685 17.01866 285.4701 36.83028 27.56222 3.768855 6.158690 2.739341

$time
elapsed elapsed elapsed elapsed elapsed elapsed elapsed elapsed elapsed elapsed elapsed elapsed elapsed elapsed elapsed elapsed elapsed elapsed elapsed elapsed elapsed elapsed elapsed elapsed elapsed 
   1.11    2.99    4.80   15.38   18.64   21.92   23.17   24.92   36.00   37.80   39.55   42.21   45.99   52.00   62.30   68.02   74.14   76.08   77.99   82.55   91.00   94.41   96.11   99.92  100.78 
elapsed elapsed elapsed elapsed elapsed elapsed elapsed elapsed elapsed elapsed 
 111.31  114.81  119.24  265.38  266.27  270.11  272.42  286.00  350.41  397.39 

$neval
 [1]   106   256   407  1249  1519  1791  1895  2028  2840  2974  3113  3324  3596  3999  4743  5153  5560  5698  5837  6189  6866  7139  7275  7548  7621  8437  8708  9066 20411 20485 20763 20898
[33] 21915 26693 30023

$fbest
[1] 228.4427

$xbest
 [1]  48.2557975 260.5954188   0.8008685  17.0186610 285.4700896  36.8302819  27.5622200   3.7688547   6.1586901   2.7393410

$numeval
[1] 30023

$end_crit
[1] 1

$cpu_time
elapsed 
 397.39 

$Refset
$Refset$x
             [,1]        [,2]       [,3]        [,4]        [,5]        [,6]        [,7]        [,8]        [,9]       [,10]
 [1,]   1.0000000  48.2545000 260.526300   0.7987035  17.0109300 285.4695000  36.8297500  27.5628500   3.7688880   6.1658410
 [2,]   2.7402110   2.0000000  48.253060 260.6661000   0.8040858  17.0053200 285.4708000  36.8306700  27.5621200   3.7687990
 [3,]   6.1668200   2.7402300   3.000000  48.2351000 259.9768000   0.8048026  17.0449000 285.4725000  36.8265500  27.5593100
 [4,]   3.7686660   6.1669640   2.752712   4.0000000  48.3277700 260.5135000   0.8008733  17.6768700 285.5140000  36.5833200
 [5,]  27.5623400   3.7762810   5.872169   2.7340990   5.0000000  48.1746400 261.6459000   0.8016277  17.0224800 285.4677000
 [6,]  36.6221400  27.5761800   3.735754   6.1729870   2.6975540   6.0000000  48.4019600 258.9343000   0.7272622  17.7595700
 [7,] 285.4900000  36.9445400  26.828610   3.5931490   5.8592580   1.6741910   7.0000000  50.1951700 268.3082000   0.7913928
 [8,]  17.4637700 285.3287000  35.875760  24.0000000   4.2033210   5.3405450   3.3863730   8.0000000  50.0914300 259.1149000
 [9,]   0.8047275  17.0032000 285.472900  36.7299200  27.4605400   3.7604670   6.1628920   2.7478200   9.0000000  47.7513500
[10,] 263.8318000   0.7808782  18.072490 285.4784000  36.7424000  25.2862300   3.5852890   5.5543600   3.1552780  47.5040100
[11,] 248.0440000   0.8011255  17.549150 285.4542000  36.8369800  27.5153200   3.7004990   6.1495270   2.8905800  45.7369700
[12,] 256.8466000   0.6109244  16.303770 285.1161000  36.7541000  29.4220500   3.6605130   6.7118570   2.8352690  47.8991300

$Refset$f
 [1]  228.4427  228.4427  230.9462  249.0226  242.2031  257.1753  264.6962  246.0937  292.2049  299.6128  374.4566 3160.0712

$Refset$fpen
 [1]  228.4427  228.4427  230.9462  249.0226  242.2031  257.1753  264.6962  246.0937  292.2049  299.6128  374.4566 3160.0712

$Refset$const
 [1] 10.845089 29.834160 18.989070  1.645268  2.595824 10.838499 29.833180 18.994680  1.645104  2.596011 10.877936 29.833040 18.955100  1.644906  2.596397 11.804702 30.127830 18.323130  1.639847
[20]  2.621085 10.849498 29.827010 18.977520  1.645529  2.609214 11.900312 30.140740 18.240430  1.642377  2.535565 12.123228 30.659450 18.536230  1.655491  2.349220 10.840312 29.837110 18.996800
[39]  1.644842  2.594356 12.518127 30.445640 17.927510  1.641701  2.428425 11.399622 29.850470 18.450850  1.647105  2.588143  9.591911 29.288140 19.696230  1.691815  2.684217 13.642326 29.010640
[58] 15.368320  1.633741  3.088934

$Refset$penalty
 [1] 0 0 0 0 0 0 0 0 0 0 0 0


