$f
 [1] 524.59549 318.82812 164.14410 121.63889  82.49479  76.22049  76.05035  73.19965  67.91319  56.60590  54.44792  50.21007  47.62500  47.62500

$x
          [,1]     [,2]      [,3]     [,4]     [,5]     [,6]     [,7]     [,8]     [,9]    [,10]
xbest 36.93868 208.3571 0.6864961 26.69888 284.9439 43.12561 30.84294 5.676758 7.144555 2.143014
xbest 41.99603 299.0024 0.3888834 23.38230 285.4245 43.83385 30.61278 5.424604 4.489598 2.116277
xbest 41.99603 299.0024 0.3888834 23.38816 285.5745 43.84635 30.61278 5.424604 4.487941 2.115227
xbest 53.43182 333.7968 0.5147961 23.87344 285.5247 37.92693 24.00000 2.765049 3.692736 2.616752
xbest 60.36299 357.7660 0.5081590 23.63426 285.7972 34.69951 24.00000 2.000000 3.457197 2.424509
xbest 68.89714 371.2224 0.5360366 25.63674 285.2662 28.37777 24.00000 2.000000 2.044985 2.100063
xbest 73.10457 385.1020 0.5220534 26.16762 285.2580 25.53447 24.00000 2.043553 2.042676 1.804568
xbest 56.09874 352.2224 0.5480783 23.67197 285.3692 35.69655 24.05405 2.264583 3.846577 2.693899
xbest 54.86973 352.4558 0.5718977 24.05292 285.3844 35.96254 24.66066 2.317532 3.621596 2.606777
xbest 54.83446 351.0447 0.4203140 24.05292 285.3853 35.94151 24.33566 2.333309 3.637373 2.626761
xbest 56.30917 352.7590 0.5423524 23.66821 285.3954 35.42142 24.05941 2.240230 3.783995 2.667931
xbest 58.41975 381.6871 0.2881592 21.83459 285.2112 33.26296 24.36249 2.218793 4.110091 2.775643
xbest 58.41390 381.6871 0.2684717 21.83532 285.2112 33.26296 24.35233 2.218793 4.147591 2.799393
xbest 58.41390 381.6871 0.2684717 21.83532 285.2112 33.26296 24.35233 2.218793 4.147591 2.799393

$time
elapsed elapsed elapsed elapsed elapsed elapsed elapsed elapsed elapsed elapsed elapsed elapsed elapsed elapsed 
   2.47    5.75    8.09   14.76   18.00   24.47   27.70   31.34   37.70   44.73   54.75   67.65   79.70   79.70 

$neval
 [1]  106  257  362  652  793 1073 1216 1359 1633 1939 2344 2888 3406 3406

$fbest
[1] 47.625

$xbest
 [1]  58.4138951 381.6870884   0.2684717  21.8353184 285.2112202  33.2629553  24.3523299   2.2187933   4.1475908   2.7993930

$numeval
[1] 3406

$end_crit
[1] 3

$cpu_time
elapsed 
   79.7 

$Refset
$Refset$x
           [,1]        [,2]        [,3]      [,4]       [,5]      [,6]       [,7]       [,8]      [,9]    [,10]
 [1,]  58.41390   0.2684717 285.2112202 24.352330   4.147591  58.41390  0.2684717 285.211220 24.352330 4.147591
 [2,] 381.68709  21.8353184  33.2629553  2.218793   2.799393 381.68709 21.8353184  33.262955  2.218793 2.799393
 [3,]  59.48578 427.6049640   0.4756684 22.077208 285.245502  32.48094 25.2069849   2.425041  2.905067 2.542376
 [4,] 351.04468  24.0529219  35.9415054  2.333309   2.626761 351.04468 24.0529219  35.941505  2.333309 2.626761
 [5,]  56.53953 353.0895764   0.5434280 23.668545 285.392742  35.41246 24.0684985   2.241392  3.797992 2.666888
 [6,]  57.36338 358.1252767   0.4307318 23.141400 285.303246  34.44233 24.2871714   2.206762  4.127530 2.696721
 [7,]  58.35794 469.8419072   0.5018385 20.696078 285.297054  32.83931 25.5291896   2.305979  2.926845 2.693888
 [8,]  55.13427 367.4730220   0.4565452 23.346162 285.664202  36.15599 24.1460521   2.167577  3.758110 2.606926
 [9,]  58.91160 378.9972878   0.4900579 23.219103 285.210741  32.34488 24.0715690   2.210834  3.619008 2.183343
[10,]  51.41003 370.4018816   0.4254847 24.772651 285.132907  35.68638 30.4913589   2.213711  2.713316 2.623072
[11,]  38.83171 406.7041016   0.3552547 22.152004 284.968754  44.62081 36.4478874   4.273665  3.238428 3.070683
[12,]  35.73239 424.4514671   0.5826147 22.507542 284.916734  46.97324 46.0363699   3.939724  3.184189 3.081054

$Refset$f
 [1] 47.62500 47.62500 54.45139 56.60590 54.97049 58.01910 58.25347 60.14410 66.23264 72.42708 75.98438 80.19271

$Refset$fpen
 [1] 47.62500 47.62500 54.45139 56.60590 54.97049 58.01910 58.25347 60.14410 66.23264 72.42708 75.98438 80.19271

$Refset$const
          [,1]      [,2]      [,3]      [,4]     [,5]
 [1,] 17.68773 14.164682  2.495858 31.852409 1.675544
 [2,] 31.85241  1.675544 17.687728 14.164682 2.495858
 [3,] 19.17214 33.094933 13.922792  1.673892 2.632186
 [4,] 32.36263  1.650600 20.415549 11.947078 2.380641
 [5,] 19.87055 32.202008 12.331455  1.650089 2.388743
 [6,] 19.01387 31.872470 12.858600  1.662404 2.438886
 [7,] 17.76923 33.073155 15.303922  1.667266 2.646917
 [8,] 19.58805 32.241890 12.653838  1.620755 2.415038
 [9,] 19.60009 32.380992 12.780897  1.676592 2.530274
[10,] 22.05934 33.286684 11.227349  1.689311 2.873355
[11,] 18.91358 32.761572 13.847996  1.712995 2.710954
[12,] 19.32335 32.815811 13.492458  1.713023 3.376944

$Refset$penalty
 [1] 0 0 0 0 0 0 0 0 0 0 0 0


