$f
 [1] 927.0781 388.1719 316.1858 293.5087 287.6771 269.4583 265.9358 254.4965 242.6094 231.7951 222.5712 217.4340 206.9253 172.1840 171.1962 170.0660 169.6823 169.3038 168.6684 168.0660 167.6007
[22] 167.3455 166.9635 166.6632 166.5972 166.5260 165.6823 165.5608 165.3785 165.2865 164.5677 164.1094 163.3663 162.9514 162.6788 162.4253 162.4253

$x
          [,1]     [,2]      [,3]     [,4]     [,5]     [,6]     [,7]     [,8]     [,9]    [,10]
xbest 56.40985 332.0919 0.8624208 18.57343 285.1847 32.86901 26.37962 6.070793 4.114615 1.257234
xbest 39.48966 457.5330 0.8384504 15.08720 286.1107 39.70836 34.22341 6.992746 7.287873 2.957217
xbest 41.79088 427.1204 0.6907818 15.09764 286.1107 39.75251 34.36908 6.992746 7.272127 2.942258
xbest 36.86515 369.0370 0.4525772 18.48405 285.3656 41.71273 37.20232 7.694921 5.681546 3.288834
xbest 37.71590 431.7769 0.5633952 20.86175 285.2256 39.34841 34.40174 7.057578 3.106584 2.469858
xbest 48.43647 375.1033 0.5388636 24.85949 284.9202 36.44598 29.39708 2.000000 2.000000 1.503218
xbest 36.68000 364.7294 0.4290129 18.82941 285.3266 41.97026 37.19554 7.753167 5.375067 3.055176
xbest 38.81952 373.4092 0.5116163 19.48802 285.3464 41.38875 37.08394 7.699863 4.476461 3.185866
xbest 38.81952 373.5606 0.4828098 19.48802 285.3464 41.38875 36.84019 7.699863 4.476461 3.185866
xbest 39.09039 370.1669 0.5143246 19.09972 285.3502 41.44266 36.76393 7.694230 4.812758 3.235687
xbest 40.44202 371.7477 0.4767445 19.02048 285.3123 40.35958 36.18401 7.698443 4.469915 3.216928
xbest 40.44202 371.7477 0.4092445 19.02048 285.3134 40.35958 36.17894 7.698443 4.496478 3.205053
xbest 38.36751 368.6496 0.5358355 19.93676 285.3642 42.19380 37.54806 7.772196 4.115165 2.934112
xbest 38.36751 371.1496 0.4460320 19.93676 285.3590 42.19380 37.43098 7.771978 4.008178 2.934112
xbest 38.39333 380.0563 0.3749304 20.57241 285.4422 40.89597 36.63344 7.741962 3.750088 2.988667
xbest 38.39333 380.0563 0.3749304 20.57241 285.4422 40.89597 36.63344 7.741962 3.740713 2.988667
xbest 38.33954 375.7189 0.3572645 20.64862 285.4314 40.91530 36.56513 7.741497 3.760339 2.997895
xbest 38.33946 375.8761 0.3576396 20.65521 285.4315 40.91785 36.56348 7.741525 3.740155 2.997818
xbest 38.34911 377.1593 0.3549718 20.67375 285.4325 40.90124 36.56337 7.742998 3.704071 2.990179
xbest 38.35490 376.7410 0.3459706 20.67442 285.4323 40.90250 36.56071 7.742998 3.703591 2.990793
xbest 38.32352 376.4155 0.3430260 20.67413 285.4325 40.90258 36.56532 7.742997 3.707757 2.990996
xbest 38.31630 376.4386 0.3419888 20.67418 285.4325 40.90260 36.56593 7.742997 3.707007 2.991116
xbest 38.26461 376.6777 0.3162059 20.60520 285.4384 40.89314 36.64905 7.741402 3.721499 2.991400
xbest 38.26461 376.6777 0.3162059 20.60520 285.4384 40.89314 36.64905 7.741402 3.721499 2.990657
xbest 38.32095 376.4685 0.3276984 20.64333 285.4588 40.91656 36.69231 7.740059 3.715577 2.990493
xbest 38.32095 376.5075 0.3276984 20.64333 285.4588 40.91656 36.69231 7.740059 3.715577 2.990493
xbest 38.31312 371.7010 0.3054745 20.73897 285.4439 40.91378 36.64963 7.742034 3.706893 2.989329
xbest 38.31158 371.4340 0.3049144 20.72366 285.4437 40.91330 36.65627 7.742054 3.712428 2.988647
xbest 38.31158 371.4536 0.3049144 20.72366 285.4437 40.91330 36.65627 7.742054 3.712428 2.988647
xbest 38.31964 369.8140 0.3086876 20.83376 285.4470 40.91342 36.60898 7.742025 3.701421 2.990644
xbest 38.32416 367.2672 0.3005088 20.86581 285.4512 40.92287 36.61290 7.741973 3.724636 2.989778
xbest 38.32612 360.8873 0.2822779 20.96896 285.4540 40.92808 36.61574 7.741831 3.744558 2.988801
xbest 38.30268 360.8873 0.2826294 20.96896 285.4540 40.92808 36.61574 7.741831 3.732058 2.988801
xbest 38.51567 356.1125 0.2919247 20.96139 285.4497 40.92623 36.60774 7.741374 3.899157 2.992512
xbest 38.49223 356.4250 0.2919247 20.96139 285.4497 40.92623 36.60774 7.741374 3.896032 2.992512
xbest 38.55240 352.3060 0.2824092 20.96532 285.4519 40.92809 36.59980 7.741276 3.935240 2.992395
xbest 38.55240 352.3060 0.2824092 20.96532 285.4519 40.92809 36.59980 7.741276 3.935240 2.992395

$time
elapsed elapsed elapsed elapsed elapsed elapsed elapsed elapsed elapsed elapsed elapsed elapsed elapsed elapsed elapsed elapsed elapsed elapsed elapsed elapsed elapsed elapsed elapsed elapsed elapsed 
   1.95    5.55    9.14   18.13   24.72   28.02   33.55   40.09   42.55   45.81   67.77   76.91  139.31  142.08  355.72  357.34  369.53  386.50  394.31  408.02  414.63  429.70  451.66  459.58  537.13 
elapsed elapsed elapsed elapsed elapsed elapsed elapsed elapsed elapsed elapsed elapsed elapsed 
 538.95  561.34  567.64  573.39  579.88  583.14  586.80  608.55  697.05  699.17  708.88  710.81 

$neval
 [1]   106   254   416   843  1120  1262  1529  1800  1919  2054  2991  3360  5930  6056 15225 15302 15841 16514 16852 17401 17684 18303 19250 19596 22876 22949 23905 24176 24386 24662 24799 24936
[33] 25828 29530 29615 30024 30025

$fbest
[1] 162.4253

$xbest
 [1]  38.5523987 352.3060116   0.2824092  20.9653234 285.4518749  40.9280860  36.5997996   7.7412764   3.9352403   2.9923953

$numeval
[1] 30025

$end_crit
[1] 1

$cpu_time
elapsed 
 710.81 

$Refset
$Refset$x
           [,1]        [,2]        [,3]      [,4]       [,5]      [,6]       [,7]       [,8]      [,9]    [,10]
 [1,] 356.42500  20.9613888  40.9262260  7.741374   2.992512 356.42500 20.9613888  40.926226  7.741374 2.992512
 [2,]  38.49223   0.2919247 285.4496970 36.607736   3.896032  38.49223  0.2919247 285.449697 36.607736 3.896032
 [3,]  38.55240 352.3060116   0.2824092 20.965323 285.451875  40.92809 36.5997996   7.741276  3.935240 2.992395
 [4,]  38.34385 363.3638673   0.2986627 20.955550 285.447630  40.91456 36.6178052   7.742025  3.767254 2.987799
 [5,]  38.27643 366.5832291   0.3012926 20.906238 285.448292  40.91564 36.6217126   7.741756  3.732154 2.988578
 [6,]  38.31846 365.0711674   0.2977616 20.918606 285.446675  40.91478 36.6214111   7.742057  3.744949 2.988408
 [7,]  38.27552 368.3605344   0.3054329 20.863799 285.445595  40.91623 36.6394714   7.741813  3.733842 2.989015
 [8,]  38.33281 365.0474949   0.3029120 20.926877 285.446623  40.91923 36.6204155   7.741818  3.753296 2.990230
 [9,]  38.35228 366.1295923   0.3067319 20.944522 285.448976  40.91642 36.6169398   7.741703  3.736718 2.990263
[10,]  38.38311 362.9014482   0.3008163 21.008148 285.446400  40.91276 36.6460887   7.741076  3.749085 2.993258
[11,]  38.36319 362.9325538   0.2966850 20.928418 285.445445  40.91380 36.6207097   7.742104  3.781792 2.988373
[12,]  38.12317 368.5301458   0.3009996 20.894277 285.440472  40.89558 36.6775206   7.741378  3.722536 2.991787

$Refset$f
 [1] 162.6788 162.6788 162.4253 163.3924 163.4149 163.4514 163.7535 163.5885 163.8750 163.9670 163.3264 164.4462

$Refset$fpen
 [1] 162.6788 162.6788 162.4253 163.3924 163.4149 163.4514 163.7535 163.5885 163.8750 163.9670 163.3264 164.4462

$Refset$const
          [,1]      [,2]      [,3]      [,4]     [,5]
 [1,] 32.10397  1.638535 17.065356 15.038611 3.105775
 [2,] 17.06536 15.038611  3.105775 32.103968 1.638535
 [3,] 17.03008 32.064760 15.034677  1.638242 3.105383
 [4,] 17.18830 32.232746 15.044450  1.638774 3.107316
 [5,] 17.17408 32.267846 15.093762  1.638664 3.107797
 [6,] 17.17366 32.255051 15.081394  1.638905 3.107406
 [7,] 17.12996 32.266158 15.136201  1.639009 3.108834
 [8,] 17.17358 32.246704 15.073123  1.638930 3.106882
 [9,] 17.20780 32.263282 15.055478  1.638581 3.107421
[10,] 17.25906 32.250915 14.991852  1.638855 3.110051
[11,] 17.14663 32.218208 15.071582  1.639088 3.107092
[12,] 17.17174 32.277464 15.105723  1.639582 3.113265

$Refset$penalty
 [1] 0 0 0 0 0 0 0 0 0 0 0 0


