$f
 [1] 335.65104 124.86458 111.46701 110.14063 109.55903 105.40104 104.96528  98.61458  98.13542  97.42188  96.37500  94.03299  92.45312  90.52778  90.43403  89.88889  89.39931  89.37847  87.92535
[20]  87.67361  86.03125  82.03819  78.46181  77.90972  77.88021  76.40278  75.90104  75.43576  74.09201  73.64583  73.32639  73.21701  73.17361  72.59896

$x
          [,1]     [,2]      [,3]     [,4]     [,5]     [,6]     [,7]     [,8]     [,9]    [,10]
xbest 40.71169 439.3567 0.3675789 20.94919 285.5035 32.51257 25.44584 6.309900 4.894337 2.734042
xbest 51.22037 403.4606 0.7906340 17.32640 285.3952 35.26465 26.78312 2.002901 7.607828 4.082896
xbest 51.22037 394.6197 1.0000000 17.65279 285.3942 35.26465 25.48312 2.002901 7.607828 4.082896
xbest 51.22037 401.4319 0.9792628 17.19566 285.3956 35.26465 25.22676 2.002901 7.607828 4.082896
xbest 51.22037 392.8622 0.9924179 17.43156 285.3944 35.26465 25.54055 2.002901 7.607828 4.082896
xbest 43.89702 391.9549 0.8319228 16.90718 285.0564 37.83844 32.75739 2.935201 8.067481 3.728660
xbest 46.82372 387.9814 0.9449003 15.94407 285.4451 37.17602 32.08794 2.220680 8.635798 3.980513
xbest 46.91836 394.8540 1.0000000 16.13415 285.4707 37.05598 34.32704 2.000000 8.476461 3.951612
xbest 46.89492 394.8540 0.9550000 16.13415 285.4707 37.05598 34.32704 2.000000 8.476461 3.951612
xbest 48.02431 378.7145 0.8392455 16.88491 285.3216 38.61699 25.87166 2.378168 8.110297 3.824858
xbest 47.94560 386.5820 0.8129506 16.39264 285.3177 38.60715 25.98067 2.468805 8.081470 3.826547
xbest 47.94555 391.1113 0.8111117 16.23766 285.3151 38.60966 25.96102 2.484324 8.070447 3.827735
xbest 48.23619 395.0732 0.8026029 15.95476 285.3278 38.64007 25.36693 2.471116 8.064240 3.890003
xbest 48.23619 395.0732 0.7126029 15.95476 285.3278 38.64007 25.20443 2.471116 8.064240 3.901878
xbest 47.55709 379.4624 0.8229244 17.07534 285.2518 38.38767 27.27920 2.429953 7.930209 4.010086
xbest 47.55709 379.4624 0.8454244 17.07534 285.2518 38.38767 27.44170 2.429953 7.930209 4.010086
xbest 47.74916 378.6115 0.8209336 17.13827 285.2498 38.50216 27.25220 2.437342 7.856416 4.118698
xbest 47.58438 378.9659 0.8196253 17.10898 285.2531 38.49984 27.26026 2.432015 7.889266 3.967241
xbest 47.74557 378.5442 0.8210429 17.12548 285.2495 38.50068 27.25324 2.436641 7.853712 4.060482
xbest 47.74957 378.1643 0.8211683 17.14739 285.2473 38.50096 27.25377 2.435414 7.842788 4.158074
xbest 48.25321 378.4369 0.8163556 16.34339 285.2414 38.42179 27.42491 2.472692 8.232396 3.765864
xbest 48.65749 378.2409 0.8168465 15.81145 285.2473 38.39007 27.41294 2.463419 8.563831 3.739191
xbest 48.65456 378.2409 0.7943465 15.81145 285.2438 38.39007 27.41294 2.463419 8.563831 3.721379
xbest 47.54148 379.7149 0.8112424 15.69688 285.2508 38.50992 27.46096 2.448611 8.666757 3.984718
xbest 47.54148 379.7149 0.8112424 15.69688 285.2321 38.50992 27.46096 2.448611 8.666757 3.984718
xbest 47.53624 380.8911 0.8378976 15.23284 285.2615 38.51554 27.60176 2.452198 8.944747 4.011124
xbest 47.51033 379.3138 0.8578233 15.00000 285.2601 38.50728 27.61083 2.462022 9.107353 3.977502
xbest 47.52360 380.3002 0.8354069 15.30269 285.2570 38.50575 27.57508 2.451496 8.937399 4.008900
xbest 47.47587 378.0715 0.8506136 15.02898 285.2607 38.50909 27.52531 2.452170 9.189732 3.964467
xbest 47.64387 376.9877 0.8890086 15.10635 285.2672 38.50190 27.50685 2.453136 9.150530 3.987496
xbest 47.46862 379.0757 0.8416519 15.00000 285.2603 38.50850 27.52835 2.452164 9.117114 3.982839
xbest 47.44472 379.0936 0.8421399 15.00144 285.2603 38.50830 27.52837 2.452236 9.115770 3.970952
xbest 47.58756 378.5208 0.8647754 15.00000 285.2634 38.50638 27.56632 2.452249 9.119002 3.981584
xbest 47.58756 378.5208 0.8647754 15.00073 285.2447 38.50638 27.56632 2.452249 9.119002 3.981584

$time
elapsed elapsed elapsed elapsed elapsed elapsed elapsed elapsed elapsed elapsed elapsed elapsed elapsed elapsed elapsed elapsed elapsed elapsed elapsed elapsed elapsed elapsed elapsed elapsed elapsed 
   1.80    5.79    8.46   14.88   18.08   24.52   33.74   36.77   41.75   58.49   65.77   72.71   76.21   78.38  146.57  148.36  151.72  155.11  158.52  165.35  175.79  179.08  184.61  663.90  665.44 
elapsed elapsed elapsed elapsed elapsed elapsed elapsed elapsed elapsed 
 676.36  681.86  684.60  690.44  702.54  705.19  715.71  718.35  720.07 

$neval
 [1]   106   259   381   664   806  1082  1491  1627  1843  2519  2786  3053  3189  3278  5849  5928  6062  6198  6334  6612  7020  7157  7394 27367 27441 27995 28276 28416 28694 29320 29458 29997
[33] 30134 30135

$fbest
[1] 72.59896

$xbest
 [1]  47.5875555 378.5208421   0.8647754  15.0007324 285.2446894  38.5063842  27.5663238   2.4522486   9.1190024   3.9815836

$numeval
[1] 30135

$end_crit
[1] 1

$cpu_time
elapsed 
 720.07 

$Refset
$Refset$x
            [,1]      [,2]       [,3]      [,4]       [,5]       [,6]      [,7]      [,8]      [,9]    [,10]
 [1,]  47.444719 379.09357  0.8421399 15.001439 285.260269  38.508296  27.52837  2.452236  9.115770 3.970952
 [2,]  47.600177 378.41288  0.8777038 15.023568 285.259742  38.505540  27.54813  2.453821  9.167156 3.990972
 [3,]  47.599864 377.98311  0.8771694 15.000000 285.263340  38.505272  27.57118  2.452523  9.195014 3.978685
 [4,]  47.643874 376.98775  0.8890086 15.106351 285.267193  38.501904  27.50685  2.453136  9.150530 3.987496
 [5,]  47.625102 378.18122  0.8761372 15.034347 285.259835  38.505682  27.54741  2.453317  9.163448 3.994432
 [6,]  47.587555 378.52084  0.8647754 15.000000 285.263439  38.506384  27.56632  2.452249  9.119002 3.981584
 [7,]  47.507099 379.06949  0.8558650 15.002015 285.260778  38.510387  27.51549  2.452065  9.178148 4.001385
 [8,]  47.598197 378.70769  0.8484078 15.077936 285.261232  38.508435  27.52185  2.452642  9.126820 3.999568
 [9,]  47.516465 380.36622  0.8363512 15.189114 285.259733  38.505779  27.54044  2.452223  9.027352 4.005832
[10,]  47.551785 377.83935  0.8876378 15.100505 285.267168  38.504374  27.50996  2.453122  9.149788 3.988670
[11,] 379.714862  15.69688 38.5099186  2.448611   3.984718 379.714862  15.69688 38.509919  2.448611 3.984718
[12,]   3.984718 379.71486 15.6968835 38.509919   2.448611   3.984718 379.71486 15.696884 38.509919 2.448611

$Refset$f
 [1] 73.21701 73.48785 73.64062 73.64583 73.58854 73.17361 73.78646 73.54687 73.98438 74.13194 77.88021 77.88021

$Refset$fpen
 [1] 73.21701 73.48785 73.64062 73.64583 73.58854 73.17361 73.78646 73.54687 73.98438 74.13194 77.88021 77.88021

$Refset$const
           [,1]     [,2]      [,3]      [,4]      [,5]
 [1,]  5.885668 26.88423 20.998561  1.668215  2.457138
 [2,]  5.856412 26.83284 20.976432  1.668330  2.458584
 [3,]  5.804986 26.80499 21.000000  1.667975  2.460914
 [4,]  5.955821 26.84947 20.893649  1.667380  2.457235
 [5,]  5.870899 26.83655 20.965653  1.668317  2.458542
 [6,]  5.880998 26.88100 21.000000  1.667950  2.460530
 [7,]  5.823867 26.82185 20.997985  1.668121  2.456213
 [8,]  5.951116 26.87318 20.922064  1.668088  2.456848
 [9,]  6.161762 26.97265 20.810886  1.668311  2.458022
[10,]  5.950717 26.85021 20.899495  1.667387  2.457326
[11,] 27.333243  1.67126  7.030126 20.303116  2.447043
[12,]  2.447043 27.33324  1.671260  7.030126 20.303116

$Refset$penalty
 [1] 0 0 0 0 0 0 0 0 0 0 0 0


