$f
 [1] 344.1267 310.3038 216.2309 211.6597 183.6997 155.7847 152.3819 142.2309 132.0399 131.7309 130.8420 128.7222 127.6927 127.5035 126.3646 125.8455 124.0538 122.9583 122.6163 122.1111 122.0938
[22] 122.0920 121.8941 121.7205 121.4062 121.2257 121.1979 120.6823 120.6250 120.4740 120.4618 118.8611 117.8715 115.5330 113.8108 112.6007

$x
          [,1]     [,2]      [,3]     [,4]     [,5]     [,6]     [,7]     [,8]     [,9]    [,10]
xbest 34.53526 426.4580 0.2204313 16.10031 285.7599 38.05731 28.63878 7.406174 7.993932 3.886635
xbest 42.82790 277.8970 0.5686804 24.82191 286.0382 44.16262 31.83040 4.208980 4.829312 4.083216
xbest 42.72847 277.4550 0.3230521 24.82191 285.4457 44.15379 24.00000 4.204561 4.838151 3.545815
xbest 50.68307 372.3389 0.6728952 22.77043 285.8710 38.72598 29.43746 3.563276 3.602390 2.717824
xbest 51.32865 371.2288 0.6796774 22.89336 285.8585 38.73822 29.35163 2.929860 3.601632 2.738027
xbest 44.35452 393.0465 0.4093767 15.94237 285.0875 43.25774 24.55556 3.998691 7.645096 4.714988
xbest 44.82821 360.0079 0.4511219 15.01445 285.1160 43.83371 24.00325 3.425781 8.882381 4.703699
xbest 44.23204 359.4618 0.5042368 15.11105 285.0858 43.96928 24.05746 3.451134 8.791224 4.719256
xbest 44.23204 361.8836 0.3917368 15.11398 285.3811 43.96928 24.00000 3.451134 8.788099 4.719256
xbest 47.67511 366.9563 0.4517717 15.77879 285.5559 42.98975 26.24715 2.002700 8.198968 3.129590
xbest 47.67511 366.9563 0.4489592 15.77879 285.5559 42.98975 26.24715 2.000000 8.186468 3.093965
xbest 47.52598 366.0655 0.4816771 15.71086 285.5413 43.02574 26.25381 2.008426 8.287665 3.094446
xbest 47.52598 366.0655 0.5266771 15.71086 285.5413 43.02574 26.25381 2.008426 8.281415 3.076634
xbest 47.39042 368.2108 0.4884075 15.53466 285.5525 43.02317 26.25846 2.004052 8.372719 3.204652
xbest 47.39042 368.2108 0.4884075 15.53466 285.5525 43.02317 26.17721 2.004052 8.372719 3.207620
xbest 47.39431 366.8138 0.4860518 15.82109 285.5505 43.16221 26.37144 2.000192 8.236985 3.183002
xbest 47.41775 366.8138 0.5089034 15.82109 285.5505 43.16221 26.37144 2.000583 8.236985 3.183002
xbest 47.63669 366.0247 0.4880110 15.74154 285.5492 43.09486 26.52329 2.007920 8.254695 3.128946
xbest 47.73775 363.2872 0.4880094 15.76774 285.5486 43.10603 26.51477 2.007766 8.247061 3.168488
xbest 47.71814 364.0207 0.4900733 15.72365 285.5456 43.12397 26.44231 2.007811 8.258565 3.155636
xbest 47.70000 364.1916 0.4883169 15.71390 285.5454 43.12950 26.49331 2.008353 8.266262 3.158772
xbest 47.70554 364.2801 0.4874515 15.70761 285.5452 43.13077 26.50019 2.008388 8.265037 3.159585
xbest 47.75066 364.3970 0.4876531 15.74669 285.5511 43.12901 26.46475 2.007346 8.271780 3.158300
xbest 47.74622 365.8357 0.4973542 15.69623 285.5421 43.13533 26.47452 2.007733 8.251750 3.168455
xbest 47.74622 365.8357 0.5198542 15.69623 285.5421 43.13533 26.39327 2.007733 8.251750 3.168455
xbest 47.99109 364.3551 0.4895521 15.66616 285.5434 43.13207 26.44916 2.006764 8.265367 3.118910
xbest 47.99488 364.3803 0.4897587 15.66376 285.5435 43.12837 26.44754 2.006805 8.263800 3.118504
xbest 48.19309 363.6889 0.4899498 15.62072 285.5423 43.12665 26.43772 2.006940 8.264400 3.118258
xbest 48.17991 363.3985 0.4895426 15.64225 285.5436 43.12823 26.44280 2.006915 8.263507 3.118144
xbest 48.17327 363.3704 0.4895323 15.64259 285.5436 43.12791 26.44594 2.006902 8.263635 3.117892
xbest 48.17179 363.1846 0.4895605 15.65114 285.5437 43.12864 26.42884 2.006924 8.264020 3.118607
xbest 48.12397 363.6988 0.4693603 15.29429 285.5425 43.12188 26.58576 2.004143 8.582121 3.101266
xbest 48.12397 363.6598 0.4693603 15.29429 285.5425 43.12188 26.58576 2.010393 8.582121 3.101266
xbest 48.31079 350.2998 0.5380957 15.04451 285.5393 43.13392 26.43470 2.004774 8.865106 3.062515
xbest 48.31079 350.2998 0.5605957 15.05036 285.5393 43.13392 26.43470 2.004774 8.865911 3.068452
xbest 48.31079 350.9248 0.5830957 15.05036 285.5393 43.13392 26.35345 2.004774 8.865911 3.074390

$time
elapsed elapsed elapsed elapsed elapsed elapsed elapsed elapsed elapsed elapsed elapsed elapsed elapsed elapsed elapsed elapsed elapsed elapsed elapsed elapsed elapsed elapsed elapsed elapsed elapsed 
   1.62    8.14   11.93   22.56   25.70   28.95   38.50   44.87   47.58  108.93  111.68  205.45  207.39  255.83  257.59  303.01  305.06  308.28  312.22  318.68  328.23  331.36  337.65  366.12  374.58 
elapsed elapsed elapsed elapsed elapsed elapsed elapsed elapsed elapsed elapsed elapsed 
 412.23  427.97  441.93  458.31  464.06  480.09  495.70  506.42  681.87  683.84  702.67 

$neval
 [1]   106   406   566   994  1136  1275  1688  1964  2082  4626  4725  8645  8732 10756 10836 12731 12822 12957 13096 13367 13773 13909 14182 15324 15676 17178 17934 18625 19384 19661 20422 21108
[33] 21594 29280 29375 30056

$fbest
[1] 112.6007

$xbest
 [1]  48.3107858 350.9247849   0.5830957  15.0503647 285.5393389  43.1339160  26.3534514   2.0047742   8.8659108   3.0743898

$numeval
[1] 30056

$end_crit
[1] 1

$cpu_time
elapsed 
 702.67 

$Refset
$Refset$x
           [,1]        [,2]        [,3]      [,4]       [,5]      [,6]       [,7]       [,8]      [,9]    [,10]
 [1,]  48.31079   0.5605957 285.5393389 26.434701   8.865911  48.31079  0.5605957 285.539339 26.434701 8.865911
 [2,] 350.29978  15.0503647  43.1339160  2.004774   3.068452 350.29978 15.0503647  43.133916  2.004774 3.068452
 [3,]  48.27026 357.9497864   0.5164774 15.405806 285.541280  43.13344 26.4351539   2.005495  8.557806 3.091275
 [4,]  33.42080 346.7345810   0.8473430 16.712441 285.866193  34.67283 28.4590924   9.454362  4.419792 3.955157
 [5,]  48.17072 363.4106593   0.4896942 15.643443 285.543511  43.12761 26.4352398   2.006938  8.264098 3.118020
 [6,]  48.16847 363.4108236   0.4898094 15.644899 285.543653  43.12836 26.4347951   2.006979  8.263436 3.118128
 [7,]  48.17090 363.4199111   0.4897276 15.643021 285.543515  43.12799 26.4352204   2.006935  8.263304 3.118017
 [8,]  48.16999 363.4143015   0.4897124 15.642946 285.543481  43.12807 26.4351899   2.006937  8.264056 3.118113
 [9,]  48.20870 363.5295875   0.4921432 15.621823 285.542433  43.12758 26.4378449   2.006770  8.265413 3.118892
[10,]  48.20187 358.5576845   0.5051271 15.434652 285.543193  43.13310 26.4198729   2.005530  8.468313 3.102158
[11,]  48.18081 369.6952786   0.5007051 15.578575 285.489591  41.84657 26.4113458   2.054934  8.349024 3.093098
[12,]  59.59046 307.8252446   0.6075358 16.107415 285.040089  33.54233 31.1792705   5.350935  8.019975 3.435406

$Refset$f
 [1]  113.8108  113.8108  119.0469 7502.6076  120.4618  120.4618  120.4740  120.4740  120.6111  120.8542  128.8090 1031.6979

$Refset$fpen
 [1]  113.8108  113.8108  119.0469 7502.6076  120.4618  120.4618  120.4740  120.4740  120.6111  120.8542  128.8090 1031.6979

$Refset$const
           [,1]      [,2]      [,3]      [,4]     [,5]
 [1,]  6.184454 20.949635  2.252511 27.134089 1.627441
 [2,] 27.134089  1.627441  6.184454 20.949635 2.252511
 [3,]  6.848000 27.442194 20.594194  1.627270 2.252931
 [4,] 12.292649 31.580208 19.287559  1.589960 2.940486
 [5,]  7.379345 27.735902 20.356557  1.627083 2.253567
 [6,]  7.381463 27.736564 20.355101  1.627067 2.253545
 [7,]  7.379718 27.736696 20.356979  1.627081 2.253554
 [8,]  7.378890 27.735944 20.357054  1.627084 2.253543
 [9,]  7.356410 27.734587 20.378177  1.627188 2.253499
[10,]  6.966340 27.531687 20.565348  1.627048 2.252483
[11,]  7.229551 27.650976 20.421425  1.634579 2.286367
[12,]  8.087441 27.980025 19.892585  1.698452 3.158659

$Refset$penalty
 [1] 0 0 0 0 0 0 0 0 0 0 0 0


