$f
[1] 234.88715  67.01042  59.98611  59.88194  58.20486  48.36285  48.36285

$x
          [,1]     [,2]      [,3]     [,4]     [,5]     [,6]     [,7]     [,8]     [,9]    [,10]
xbest 41.77552 437.7165 0.7227962 18.68338 286.1589 43.46271 25.57754 6.045539 4.626705 2.691672
xbest 50.57651 250.5859 0.3239601 30.00000 285.0992 34.40018 26.02132 3.786345 3.293460 1.643231
xbest 50.57651 249.9609 0.2789601 30.00000 285.0992 34.21268 26.02132 3.786345 3.373148 1.643231
xbest 50.57651 250.2214 0.3389528 30.00000 285.0992 34.29088 26.02132 3.786345 3.299833 1.643231
xbest 50.24614 275.0845 0.4682160 29.76574 284.7183 32.09623 26.17140 3.261745 3.289501 1.470864
xbest 46.80863 272.1617 0.8352551 26.42166 284.9244 38.76757 25.91544 2.734634 4.838488 1.990366
xbest 46.80863 272.1617 0.8352551 26.42166 284.9244 38.76757 25.91544 2.734634 4.838488 1.990366

$time
elapsed elapsed elapsed elapsed elapsed elapsed elapsed 
   1.14    3.36    4.72    6.78   13.42   17.21   17.21 

$neval
[1]  106  257  363  507  923 1200 1200

$fbest
[1] 48.36285

$xbest
 [1]  46.8086335 272.1616660   0.8352551  26.4216585 284.9243956  38.7675715  25.9154448   2.7346340   4.8384878   1.9903662

$numeval
[1] 1200

$end_crit
[1] 3

$cpu_time
elapsed 
  17.21 

$Refset
$Refset$x
          [,1]     [,2]      [,3]     [,4]     [,5]     [,6]     [,7]     [,8]     [,9]    [,10]
 [1,] 50.18610 274.3296 0.4643950 29.76948 284.6478 31.07091 26.25764 3.145936 3.287557 1.419506
 [2,] 50.39727 262.7192 0.3813116 29.95269 285.0080 33.91045 26.01300 3.616157 3.294355 1.699130
 [3,] 50.57651 249.9609 0.2789601 30.00000 285.0992 34.21268 26.02132 3.786345 3.373148 1.643231
 [4,] 50.72595 258.5744 0.4312640 29.39653 285.0881 34.68543 26.28664 3.776650 3.543640 1.968260
 [5,] 49.27978 258.2994 0.5013677 29.27372 285.1447 35.69625 26.26076 3.752531 3.585661 1.601681
 [6,] 46.80863 272.1617 0.8352551 26.42166 284.9244 38.76757 25.91544 2.734634 4.838488 1.990366
 [7,] 47.52760 263.5150 0.3937390 29.86383 284.8008 33.98538 29.70170 4.036242 3.288979 1.697499
 [8,] 41.80527 325.5155 0.9164572 22.93510 285.2047 41.54473 34.16546 3.635413 5.517035 3.076340
 [9,] 44.36633 257.0041 0.6849652 27.83224 284.5809 36.88753 24.82319 2.298673 4.877422 1.870670
[10,] 51.75429 242.4037 0.4850991 27.62982 285.3046 33.15310 28.05867 4.731127 4.872487 2.548925
[11,] 37.12249 344.7642 0.4153406 26.76527 285.3733 44.57511 26.82784 5.565266 2.310359 2.093725
[12,] 36.73913 493.2074 0.7155140 20.47431 284.1357 46.76306 24.40315 2.751932 2.738391 2.436590

$Refset$f
 [1]  57.77431  59.74479  59.98611  59.46007  65.92361  48.36285  58.44097  52.62847  66.99653  67.09375  74.59722 103.79514

$Refset$fpen
 [1]  57.77431  59.74479  59.98611  59.46007  65.92361  48.36285  58.44097  52.62847  66.99653  67.09375  74.59722 103.79514

$Refset$const
          [,1]     [,2]      [,3]     [,4]     [,5]
 [1,] 26.48193 32.71244  6.230517 1.762917 2.757804
 [2,] 26.65834 32.70564  6.047308 1.704042 2.561242
 [3,] 26.62685 32.62685  6.000000 1.691763 2.557621
 [4,] 25.85289 32.45636  6.603468 1.692925 2.547654
 [5,] 25.68806 32.41434  6.726282 1.683843 2.493778
 [6,] 21.58317 31.16151  9.578341 1.696928 2.282436
 [7,] 26.57485 32.71102  6.136170 1.740173 2.885428
 [8,] 17.41806 30.48296 13.064903 1.679769 2.774520
 [9,] 22.95482 31.12258  8.167762 1.734156 2.250850
[10,] 22.75733 31.12751  8.370182 1.664701 2.881094
[11,] 24.45491 33.68964  9.234727 1.640024 2.196474
[12,] 17.73592 33.26161 15.525690 1.690652 1.893482

$Refset$penalty
 [1] 0 0 0 0 0 0 0 0 0 0 0 0


