$f
 [1] 2104.6545 1000.7014  503.3472  472.0747  438.9253  415.2951  413.1823  383.1979  382.7934  360.0660  358.7847  354.2448  353.1684  351.3125  350.0747  344.2569  343.8681  343.5538  341.4774
[20]  340.7083  340.0035  339.6701  337.9653  335.4253  334.1806  334.1806

$x
          [,1]     [,2]      [,3]     [,4]     [,5]     [,6]     [,7]     [,8]     [,9]    [,10]
xbest 78.04656 403.7320 0.3267478 20.12046 284.7080 25.99866 25.03604 4.775959 4.225145 1.893992
xbest 56.02083 295.6288 0.8291906 15.31388 285.8704 42.82243 25.59676 3.861488 7.255737 3.214360
xbest 57.39992 309.5757 0.1924465 15.00000 285.8704 42.82243 25.96321 3.329981 7.121041 3.725042
xbest 62.81332 232.2818 0.1000000 17.46454 286.2959 41.67743 24.87666 3.283990 6.776151 3.404408
xbest 63.18832 232.2818 0.1056250 17.37079 286.2959 41.67743 24.79541 3.283990 6.794901 3.416283
xbest 63.67502 233.5709 0.1473741 20.26314 286.8407 42.06467 25.21148 3.151384 5.582769 3.760869
xbest 63.75429 233.5435 0.1476863 20.23887 286.8409 42.08878 24.98389 3.151352 5.621088 3.809444
xbest 63.45325 233.4027 0.1343767 20.23887 286.8681 42.09077 25.03406 3.151352 5.539488 3.809444
xbest 61.80891 226.6779 0.1005716 17.64092 286.3768 42.86951 27.53674 3.385158 6.811767 3.130868
xbest 61.99641 226.6779 0.1028125 17.66272 286.3768 42.89397 27.51403 3.389156 6.764154 3.118993
xbest 61.97222 225.4136 0.1007425 17.64489 286.4385 42.90717 27.52743 3.385722 6.803744 3.111839
xbest 62.02013 225.4136 0.1022341 17.64489 286.4385 42.90717 27.52743 3.385722 6.809994 3.111839
xbest 61.82228 227.2704 0.1044516 18.50129 286.3750 42.86446 27.51615 3.385853 6.280467 3.120460
xbest 61.75197 227.2704 0.1044516 18.50715 286.3750 42.86446 27.48060 3.385853 6.280467 3.120460
xbest 61.73406 226.6470 0.1077505 18.63715 286.3899 42.88022 27.84685 3.384916 6.247295 3.115809
xbest 61.73406 226.6470 0.1077505 18.63715 286.3899 42.88022 27.84685 3.384916 6.244170 3.118777
xbest 61.66562 227.1680 0.1087270 18.84417 286.3969 42.88487 28.05718 3.384906 6.113704 3.112743
xbest 61.69414 227.2126 0.1071991 18.78253 286.3953 42.88066 27.72893 3.385495 6.132200 3.113428
xbest 61.69414 227.2126 0.1071991 18.78253 286.3953 42.88066 27.68831 3.385495 6.132200 3.116397
xbest 61.58506 225.7722 0.1000825 19.29268 286.3762 42.86487 27.54040 3.385699 5.843165 3.120039
xbest 61.59092 225.7722 0.1000825 19.29268 286.3762 42.86487 27.54040 3.385699 5.843165 3.120039
xbest 61.51102 225.6640 0.1018523 19.30204 286.3765 42.86503 27.53855 3.385647 5.888535 3.119693
xbest 61.51102 225.7421 0.1018523 19.30204 286.3765 42.86503 27.53855 3.385647 5.882285 3.119693
xbest 61.43911 225.6591 0.1018400 20.01296 286.3773 42.86544 27.55347 3.385511 5.460684 3.119825
xbest 61.41494 225.6591 0.1021916 20.01296 286.3773 42.86544 27.51157 3.385511 5.460684 3.119825
xbest 61.41494 225.6591 0.1021916 20.01296 286.3773 42.86544 27.51157 3.385511 5.460684 3.119825

$time
elapsed elapsed elapsed elapsed elapsed elapsed elapsed elapsed elapsed elapsed elapsed elapsed elapsed elapsed elapsed elapsed elapsed elapsed elapsed elapsed elapsed elapsed elapsed elapsed elapsed 
   2.36    7.03   12.49   64.11   67.49   98.67  111.92  116.53  263.33  268.22  468.69  471.42  668.55  671.22  715.63  717.74  726.88  748.13  763.03  822.85  825.11  869.86  872.32  903.74  920.00 
elapsed 
 958.52 

$neval
 [1]   106   256   443  2119  2227  3183  3592  3750  8343  8498 14921 15015 21229 21323 22697 22776 23050 23729 24208 25992 26065 27414 27494 28440 28944 30006

$fbest
[1] 334.1806

$xbest
 [1]  61.4149413 225.6590968   0.1021916  20.0129648 286.3772988  42.8654364  27.5115712   3.3855107   5.4606844   3.1198250

$numeval
[1] 30006

$end_crit
[1] 1

$cpu_time
elapsed 
 958.52 

$Refset
$Refset$x
           [,1]        [,2]        [,3]      [,4]       [,5]      [,6]       [,7]       [,8]      [,9]    [,10]
 [1,]  61.41494   0.1021916 286.3772988 27.511571   5.460684  61.41494  0.1021916 286.377299 27.511571 5.460684
 [2,] 225.65910  20.0129648  42.8654364  3.385511   3.119825 225.65910 20.0129648  42.865436  3.385511 3.119825
 [3,]  61.63767 225.2221015   0.1070320 19.527957 286.375457  42.86422 27.5430610   3.385674  5.757353 3.120704
 [4,]  61.65137 225.2612557   0.1035239 19.556425 286.369043  42.86519 27.5427163   3.385837  5.713894 3.121593
 [5,] 225.74209  19.3020429  42.8650286  3.385647   3.119693 225.74209 19.3020429  42.865029  3.385647 3.119693
 [6,]  61.51857 225.7762526   0.1015923 19.312963 286.372067  42.86231 27.4735798   3.385875  5.864300 3.121184
 [7,]  61.51187 225.7925246   0.1026258 19.939696 286.376274  42.86531 27.5398179   3.385592  5.504962 3.121057
 [8,]  61.60882 225.6751586   0.1035546 19.066925 286.374777  42.86458 27.5202076   3.385897  6.021988 3.119946
 [9,]  61.67074 225.8660470   0.1016006 19.067049 286.376833  42.86513 27.5525150   3.385411  6.009079 3.119648
[10,]  61.89637 225.4805855   0.1090430 18.357175 286.374673  42.86474 27.4794888   3.385882  6.424806 3.120683
[11,]  61.89123 225.6920179   0.1047968 18.366839 286.373735  42.86469 27.4960832   3.385850  6.392184 3.120695
[12,]  61.23694 218.4354729   0.1032456 18.938126 286.343210  43.47349 27.5629643   3.352041  6.260685 3.135650

$Refset$f
 [1] 334.1806 334.1806 334.6146 335.8767 337.9653 339.3385 339.5885 340.8090 341.6111 346.0156 350.0955 401.9566

$Refset$fpen
 [1] 334.1806 334.1806 334.6146 335.8767 337.9653 339.3385 339.5885 340.8090 341.6111 346.0156 350.0955 401.9566

$Refset$const
          [,1]      [,2]      [,3]      [,4]     [,5]
 [1,] 14.55228 15.987035  2.539906 30.539316 1.547021
 [2,] 30.53932  1.547021 14.552280 15.987035 2.539906
 [3,] 13.77060 30.242647 16.472043  1.547164 2.541389
 [4,] 13.84253 30.286106 16.443575  1.547836 2.539252
 [5,] 30.11771  1.547064 13.419758 16.697957 2.541398
 [6,] 13.44866 30.135700 16.687037  1.547624 2.535898
 [7,] 14.43473 30.495038 16.060304  1.547084 2.541400
 [8,] 13.04494 29.978012 16.933075  1.547271 2.539681
 [9,] 13.05797 29.990921 16.932951  1.547006 2.542408
[10,] 11.93237 29.575194 17.642825  1.547345 2.537019
[11,] 11.97466 29.607816 17.633161  1.547417 2.537786
[12,] 12.67744 29.739315 17.061874  1.551030 2.507683

$Refset$penalty
 [1] 0 0 0 0 0 0 0 0 0 0 0 0


