$f
 [1] 413.9531 408.6597 329.2795 270.3854 244.0851 241.3420 235.1198 218.1198 205.6910 199.0694 193.0799 189.5556 186.7917 170.6649 167.7483 155.2361 148.0747 142.3090 140.0174 139.5608 136.2656
[22] 133.2517 133.2101 132.7639 132.4740 132.4653 132.4375 132.2535 131.9792 131.9375 131.9253 131.8785 131.5990 131.5694 131.2899 130.9601 130.7292 130.4479 130.4410 130.4358 130.3177 130.3177

$x
          [,1]     [,2]      [,3]     [,4]     [,5]     [,6]     [,7]     [,8]     [,9]    [,10]
xbest 35.91399 407.4960 0.6696324 17.97001 285.3811 35.28302 25.37132 6.836120 6.656509 3.295529
xbest 48.00024 230.2920 0.9583745 25.47211 284.9818 34.20305 28.74630 4.061045 5.567202 2.348611
xbest 48.00024 250.2920 1.0000000 25.46797 285.6812 34.20305 28.74271 4.626730 5.549525 2.348611
xbest 42.35823 369.6882 0.3637982 16.62588 284.3850 35.23218 29.46412 4.573608 7.393483 2.122565
xbest 55.04557 500.0000 0.6660723 15.84906 285.8438 33.65298 24.00000 3.122962 5.168371 1.200000
xbest 38.99647 357.1266 0.6537156 17.02986 284.3780 43.76173 30.61592 3.087776 7.572450 4.150440
xbest 55.70974 415.6193 0.8170938 17.75921 286.0335 33.77091 28.76426 3.138671 5.680044 1.688161
xbest 45.11645 410.2569 0.8672414 18.13451 285.6660 40.78553 29.26140 4.759292 5.469918 2.977488
xbest 44.46020 410.2569 1.0000000 18.18138 285.6660 40.78553 29.22443 4.759292 5.492669 2.966681
xbest 40.61824 374.1993 0.7441535 17.09989 284.3885 43.67575 30.53060 3.158097 7.098350 5.000000
xbest 40.60687 382.0488 0.7441575 17.06208 284.3873 43.69786 30.53068 3.135936 6.941734 5.000000
xbest 40.60687 382.0488 0.7441575 17.06794 284.3873 43.69786 30.57130 3.135936 6.935484 4.988125
xbest 45.20099 366.0506 0.9358877 18.95030 285.2280 41.83388 26.15922 2.809660 6.204941 4.348890
xbest 45.20099 366.0506 0.9366125 18.78624 285.2280 41.83388 26.15922 2.812785 6.130729 4.342770
xbest 45.64238 366.0795 0.9352037 18.40429 285.2332 41.84440 26.31966 2.852808 6.237836 4.327305
xbest 46.14638 365.4545 0.9802037 18.39257 285.2402 41.84440 26.31966 2.840308 6.235474 4.327305
xbest 46.54278 393.6024 0.9130288 17.32282 285.2438 41.90465 25.98379 2.835540 6.278251 4.247079
xbest 46.73028 393.6805 1.0000000 17.32282 285.2438 41.90465 25.98379 2.835540 6.278251 4.247079
xbest 46.93059 395.7190 0.9457559 17.12247 285.2420 41.91461 26.02848 2.828557 6.297191 4.247365
xbest 46.97276 395.6800 0.9476170 17.10938 285.2365 41.91328 25.94843 2.829127 6.300330 4.238386
xbest 46.97276 395.5661 0.9926170 17.10524 285.2399 41.91328 25.94843 2.826918 6.334440 4.226511
xbest 46.96036 396.1139 0.9788628 17.16800 285.2320 41.87996 25.97061 2.826786 6.304902 4.229778
xbest 46.96036 396.1139 0.9788628 17.16800 285.2320 41.87996 25.97061 2.826786 6.304902 4.229035
xbest 46.99054 400.0655 0.9877744 16.96264 285.2338 41.88303 25.94917 2.827460 6.334310 4.237877
xbest 46.99054 400.0655 0.9550000 16.96264 285.2338 41.88303 25.94917 2.827460 6.334310 4.237877
xbest 46.95034 400.8628 1.0000000 16.96160 285.2337 41.88299 25.95738 2.827418 6.340766 4.237566
xbest 46.95034 400.8237 1.0000000 16.96160 285.2337 41.88299 25.99800 2.827418 6.340766 4.237566
xbest 47.11335 400.3341 0.9559884 16.92023 285.2363 41.88240 25.98421 2.825838 6.326316 4.243929
xbest 47.11450 400.5500 0.9522069 16.92076 285.2356 41.88159 25.99789 2.825887 6.330479 4.244997
xbest 47.14751 400.9907 0.9498033 16.85485 285.2356 41.88153 25.99946 2.825825 6.356049 4.249102
xbest 47.14127 401.3532 0.9511944 16.87413 285.2362 41.88175 26.00290 2.825602 6.334109 4.244792
xbest 47.09744 400.4249 0.9588197 16.93152 285.2367 41.88095 25.96401 2.825772 6.333659 4.242566
xbest 47.09744 400.4249 0.9588197 16.93152 285.2367 41.88095 26.00463 2.825772 6.333659 4.242566
xbest 47.08387 402.5494 0.9512769 16.85812 285.2365 41.88122 25.99768 2.825627 6.345493 4.245099
xbest 47.07273 402.7395 0.9512404 16.84229 285.2368 41.88099 25.99703 2.825766 6.352422 4.245359
xbest 47.07717 402.2139 0.9604153 16.86793 285.2366 41.88183 25.99885 2.825345 6.350372 4.245353
xbest 47.11138 404.5445 0.9503364 16.77827 285.2349 41.88181 25.99283 2.825642 6.344490 4.245862
xbest 47.10344 404.2485 0.9501875 16.78825 285.2351 41.88180 25.99333 2.825480 6.346048 4.246190
xbest 47.10520 404.2461 0.9491250 16.78878 285.2351 41.88181 25.99333 2.825477 6.345760 4.246195
xbest 47.10617 404.2516 0.9482238 16.78724 285.2351 41.88181 25.99333 2.825471 6.345210 4.246204
xbest 47.09911 404.5658 0.9485245 16.77682 285.2355 41.88170 25.99393 2.825486 6.347101 4.244595
xbest 47.09911 404.5658 0.9485245 16.77682 285.2355 41.88170 25.99393 2.825486 6.347101 4.244595

$time
elapsed elapsed elapsed elapsed elapsed elapsed elapsed elapsed elapsed elapsed elapsed elapsed elapsed elapsed elapsed elapsed elapsed elapsed elapsed elapsed elapsed elapsed elapsed elapsed elapsed 
   1.78    5.36    7.89   16.86   25.61   31.22   34.06   36.97   39.24   48.41   69.60   71.41  115.55  118.53  130.64  151.25  269.86  272.49  293.08  302.16  304.47  317.28  336.14  373.81  375.30 
elapsed elapsed elapsed elapsed elapsed elapsed elapsed elapsed elapsed elapsed elapsed elapsed elapsed elapsed elapsed elapsed elapsed 
 396.00  406.72  416.56  422.80  425.85  435.42  438.52  439.99  446.02  448.86  466.81  489.44  492.46  544.49  548.42  571.11  649.94 

$neval
 [1]   106   253   376   808  1225  1504  1644  1783  1897  2304  3248  3337  5359  5482  6027  6980 12522 12625 13577 13992 14106 14643 15513 17159 17233 18193 18679 19096 19371 19506 19915 20057
[33] 20130 20400 20537 21351 22383 22523 25059 25264 26350 30097

$fbest
[1] 130.3177

$xbest
 [1]  47.0991142 404.5657550   0.9485245  16.7768198 285.2354728  41.8817011  25.9939292   2.8254859   6.3471012   4.2445949

$numeval
[1] 30097

$end_crit
[1] 1

$cpu_time
elapsed 
 649.94 

$Refset
$Refset$x
          [,1]     [,2]      [,3]     [,4]     [,5]     [,6]     [,7]     [,8]     [,9]    [,10]
 [1,] 41.65318 132.9943 0.9622822 22.51124 284.3571 45.54697 28.23996 7.207851 9.680141 2.751199
 [2,] 47.09744 404.6037 0.9514033 16.77734 285.2356 41.88172 25.99488 2.825511 6.347185 4.243344
 [3,] 47.09921 404.4718 0.9490927 16.78201 285.2354 41.88170 25.99423 2.825486 6.346222 4.244514
 [4,] 47.10010 404.3946 0.9483736 16.78506 285.2354 41.88183 25.99363 2.825512 6.345967 4.244879
 [5,] 47.09918 404.5568 0.9485683 16.77749 285.2355 41.88171 25.99396 2.825488 6.347114 4.244603
 [6,] 47.09185 404.7566 0.9507505 16.77365 285.2354 41.88189 25.99674 2.825545 6.347475 4.245090
 [7,] 47.09580 404.6473 0.9490997 16.77588 285.2355 41.88170 25.99521 2.825489 6.347224 4.244860
 [8,] 47.10791 403.6860 0.9225700 17.32770 285.2753 41.60969 26.01570 2.903188 5.901030 4.253726
 [9,] 47.14588 389.5938 0.8190246 16.69141 285.3135 40.82271 27.41030 2.820225 6.617245 4.243647
[10,] 47.13102 387.7673 0.9900734 17.58222 285.2970 42.14242 26.16801 2.485744 6.185613 4.236730
[11,] 43.96063 295.3814 0.6711589 17.91425 286.0468 46.28108 26.02643 2.353292 8.464051 3.490851
[12,] 47.94362 405.4891 0.9030233 16.69941 285.2331 38.56281 26.47144 2.778783 6.551582 4.309936

$Refset$f
 [1] 328752.0503    130.3177    130.3177    130.3177    130.3177    130.3177    130.3177    166.5382    188.8628    177.0694    243.8906    207.6875

$Refset$fpen
 [1] 328752.0503    130.3177    130.3177    130.3177    130.3177    130.3177    130.3177    166.5382    188.8628    177.0694    243.8906    207.6875

$Refset$const
           [,1]     [,2]     [,3]     [,4]     [,5]
 [1,] 12.831100 26.31986 13.48876 1.734019 2.108006
 [2,] 10.430159 29.65281 19.22266 1.655997 2.216311
 [3,] 10.435791 29.65378 19.21799 1.656013 2.216239
 [4,] 10.439093 29.65403 19.21494 1.656010 2.216201
 [5,] 10.430374 29.65289 19.22251 1.656006 2.216234
 [6,] 10.426175 29.65253 19.22635 1.656030 2.216363
 [7,] 10.428652 29.65278 19.22412 1.656012 2.216305
 [8,] 11.426674 30.09897 18.67230 1.653369 2.233499
 [9,] 10.074167 29.38275 19.30859 1.657389 2.352684
[10,] 11.396610 29.81439 18.41778 1.650546 2.227185
[11,]  9.450202 27.53595 18.08575 1.578211 2.245774
[12,] 10.147826 29.44842 19.30059 1.667902 2.376584

$Refset$penalty
 [1] 0 0 0 0 0 0 0 0 0 0 0 0


