$f
 [1] 504.96528 244.08681 240.25347 220.41319 189.45660 184.94271 161.85764 161.52951 150.86458 131.40625 126.37500 126.10243 119.17361 117.93229 116.64583 116.21007 115.61632 113.10764 108.50521
[20] 107.83507 107.53646 106.52951 105.10764 104.43056 100.02778  99.06076  98.75000  98.31597  98.15451  98.14236  98.06250  97.89063  97.80729  97.73611  97.64757  97.61111  97.60764  97.57465
[39]  97.54167  97.50868  97.50868

$x
          [,1]     [,2]      [,3]     [,4]     [,5]     [,6]     [,7]     [,8]     [,9]    [,10]
xbest 35.32199 444.3062 0.7894152 24.46857 284.5014 35.75068 26.32642 2.378031 4.191978 3.704460
xbest 45.91015 496.5044 0.7638701 20.44623 284.5219 37.93122 24.10809 3.770724 4.156828 3.485918
xbest 45.91015 496.5044 0.7863701 20.44623 284.5220 37.93122 24.02684 3.770724 4.156828 3.485918
xbest 47.39250 500.0000 0.7668212 19.97434 284.5803 37.25892 24.19387 2.238262 4.354826 3.513070
xbest 48.32921 500.0000 0.7952814 20.16281 284.5777 37.75249 24.18127 3.375974 4.202342 3.496175
xbest 46.82627 458.3344 1.0000000 20.09650 284.0215 37.85485 26.88862 2.242079 4.905279 3.681268
xbest 51.76454 496.8958 0.8187011 18.57088 284.6258 37.74469 24.14490 3.380972 4.533332 3.563745
xbest 51.26141 486.9923 0.9052949 18.74127 284.5888 37.70780 24.49902 3.379838 4.377573 3.635980
xbest 51.18928 492.6113 0.8850420 18.86581 284.5623 37.68771 24.42719 3.379947 4.380819 3.684367
xbest 51.36756 492.1095 0.8712272 18.84389 284.6063 37.70145 24.00000 3.380258 4.395084 3.580059
xbest 51.36756 492.1095 0.8487272 18.84389 284.5993 37.70145 24.00000 3.380258 4.395084 3.577091
xbest 50.73822 489.7658 0.8006028 17.80867 284.6065 37.90704 24.49338 3.386872 5.152965 3.596575
xbest 50.78510 489.1408 0.7331028 17.81453 284.6065 37.81954 24.49338 3.374372 5.152965 3.590637
xbest 50.90680 494.3281 0.8095378 18.07897 284.6036 37.90044 24.38832 3.380149 4.955167 3.594337
xbest 50.77703 495.2653 0.7947078 18.05845 284.6088 37.89889 24.38398 3.380976 5.008751 3.580668
xbest 50.79635 495.2108 0.7947743 18.17572 284.5995 37.89607 24.33896 3.380961 4.857117 3.584233
xbest 50.77980 495.2660 0.7947636 18.13398 284.6095 37.89862 24.39573 3.380965 4.855403 3.584362
xbest 50.77980 495.2660 0.7729668 18.13435 284.6118 37.89862 24.39573 3.380965 4.853059 3.581394
xbest 50.64077 494.6466 0.8058471 17.73605 284.5322 37.89422 24.47629 3.377110 5.199542 3.493518
xbest 50.64077 494.8809 0.8058471 17.73312 284.5322 37.89422 24.51692 3.377110 5.199542 3.493518
xbest 50.63086 494.0147 0.6679591 17.73889 284.5366 37.88023 24.47605 3.377358 5.232859 3.499507
xbest 50.63711 494.3418 0.6636308 17.72292 284.5428 37.89698 24.46684 3.378822 5.234402 3.497208
xbest 50.63260 494.4095 0.6110710 17.72294 284.5427 37.90070 24.46721 3.378901 5.234547 3.490935
xbest 50.60526 494.4969 0.5975193 17.70558 284.5482 37.92186 24.46046 3.379088 5.234900 3.490885
xbest 50.55473 494.7624 0.5631355 17.71222 284.5472 37.89704 24.50524 3.379154 5.235006 3.490649
xbest 50.53827 494.6123 0.5533801 17.69183 284.5478 37.89858 24.50199 3.379126 5.230736 3.488908
xbest 50.50154 494.3588 0.5370736 17.69513 284.5517 37.90004 24.50135 3.379110 5.215542 3.489104
xbest 50.48596 494.3209 0.5351281 17.65664 284.5477 37.90000 24.50472 3.379000 5.239697 3.486348
xbest 50.48937 495.4554 0.5053716 17.72931 284.5412 37.89499 24.46090 3.379741 5.134517 3.490848
xbest 50.48937 495.4554 0.5053716 17.72950 284.5412 37.89499 24.46090 3.379741 5.134517 3.490848
xbest 50.55274 494.8589 0.5255158 17.73175 284.5486 37.89792 24.50315 3.379610 5.145200 3.489454
xbest 50.55274 494.8589 0.5255158 17.73175 284.5486 37.89792 24.50315 3.379610 5.148325 3.487969
xbest 50.71635 495.1685 0.5207945 17.73143 284.5439 37.89481 24.50616 3.379527 5.102900 3.490014
xbest 50.57133 494.6174 0.5375200 17.73132 284.5504 37.89768 24.50434 3.379429 5.159128 3.489453
xbest 50.69358 495.1127 0.5201921 17.73064 284.5442 37.89440 24.50578 3.379564 5.110373 3.489836
xbest 50.69358 495.1127 0.5201921 17.73064 284.5442 37.89440 24.50578 3.379564 5.110373 3.490578
xbest 50.70609 495.1788 0.5204605 17.73072 284.5436 37.89438 24.50591 3.379544 5.106325 3.490425
xbest 50.70609 495.1984 0.5204605 17.73072 284.5436 37.89438 24.50591 3.379544 5.106325 3.490425
xbest 50.70165 495.2214 0.5192902 17.73080 284.5437 37.89525 24.50639 3.379575 5.105054 3.490752
xbest 50.70379 495.1889 0.5192644 17.72866 284.5438 37.89470 24.50319 3.379644 5.106538 3.490571
xbest 50.70379 495.1889 0.5192644 17.72866 284.5438 37.89470 24.50319 3.379644 5.106538 3.490571

$time
elapsed elapsed elapsed elapsed elapsed elapsed elapsed elapsed elapsed elapsed elapsed elapsed elapsed elapsed elapsed elapsed elapsed elapsed elapsed elapsed elapsed elapsed elapsed elapsed elapsed 
   1.78    5.04    6.97   13.12   16.37   19.62   26.01   32.20   35.26   38.29   40.32  108.95  111.51  119.76  128.53  136.68  139.40  141.54  156.42  169.51  178.26  181.25  184.09  187.06  195.95 
elapsed elapsed elapsed elapsed elapsed elapsed elapsed elapsed elapsed elapsed elapsed elapsed elapsed elapsed elapsed elapsed 
 198.87  203.37  209.70  224.04  231.45  262.14  263.81  267.04  279.31  294.28  295.90  327.64  329.20  348.43  507.15  666.97 

$neval
 [1]   106   263   346   631   774   917  1188  1466  1603  1743  1842  4828  4946  5358  5771  6181  6319  6427  7228  7858  8281  8420  8558  8699  9115  9257  9466  9745 10422 10773 12140 12218
[33] 12358 12902 13580 13653 15012 15085 15913 23016 30008

$fbest
[1] 97.50868

$xbest
 [1]  50.7037851 495.1888566   0.5192644  17.7286633 284.5438102  37.8947023  24.5031894   3.3796445   5.1065384   3.4905708

$numeval
[1] 30008

$end_crit
[1] 1

$cpu_time
elapsed 
 666.97 

$Refset
$Refset$x
          [,1]     [,2]      [,3]     [,4]     [,5]     [,6]     [,7]     [,8]     [,9]    [,10]
 [1,] 50.70384 495.2085 0.5194944 17.73035 284.5447 37.89592 24.50428 3.379644 5.105181 3.490322
 [2,] 50.70094 495.2187 0.5194018 17.73007 284.5442 37.89487 24.50516 3.379647 5.106301 3.490522
 [3,] 50.70202 495.2027 0.5194292 17.72988 284.5439 37.89499 24.50463 3.379618 5.106393 3.490514
 [4,] 50.70203 495.2060 0.5194413 17.73000 284.5440 37.89504 24.50437 3.379607 5.106345 3.490416
 [5,] 50.70106 495.2236 0.5195424 17.73027 284.5442 37.89405 24.50544 3.379556 5.106469 3.490532
 [6,] 50.70233 495.2058 0.5194360 17.73015 284.5440 37.89581 24.50444 3.379645 5.105673 3.490242
 [7,] 50.70084 495.1846 0.5194349 17.73166 284.5441 37.89522 24.50498 3.379621 5.106437 3.490462
 [8,] 50.70284 495.1919 0.5194721 17.72985 284.5439 37.89478 24.50525 3.379653 5.106474 3.490496
 [9,] 50.70272 495.2112 0.5194745 17.73031 284.5447 37.89575 24.50691 3.379651 5.105656 3.490052
[10,] 50.69330 495.1389 0.5191507 17.73114 284.5443 37.89657 24.51004 3.379521 5.110180 3.490757
[11,] 50.70061 495.1955 0.5194427 17.72989 284.5439 37.89508 24.50487 3.379587 5.107332 3.490492
[12,] 54.71099 484.7101 0.5965971 17.61127 284.4878 36.43700 24.32493 3.760770 4.520393 3.545707

$Refset$f
 [1]  97.54167  97.54167  97.54167  97.54167  97.54167  97.54167  97.54167  97.54167  97.54167  97.57465  97.54167 177.30382

$Refset$fpen
 [1]  97.54167  97.54167  97.54167  97.54167  97.54167  97.54167  97.54167  97.54167  97.54167  97.57465  97.54167 177.30382

$Refset$const
          [,1]     [,2]     [,3]     [,4]     [,5]
 [1,] 12.62517 30.89482 18.26965 1.728127 2.184931
 [2,] 12.62377 30.89370 18.26993 1.728188 2.184979
 [3,] 12.62349 30.89361 18.27012 1.728215 2.184908
 [4,] 12.62365 30.89365 18.27000 1.728201 2.184902
 [5,] 12.62380 30.89353 18.26973 1.728201 2.185024
 [6,] 12.62447 30.89433 18.26985 1.728192 2.184880
 [7,] 12.62522 30.89356 18.26834 1.728193 2.184944
 [8,] 12.62337 30.89353 18.27015 1.728216 2.184961
 [9,] 12.62465 30.89434 18.26969 1.728150 2.185103
[10,] 12.62096 30.88982 18.26886 1.728219 2.185218
[11,] 12.62256 30.89267 18.27011 1.728217 2.184918
[12,] 13.09087 31.47961 18.38873 1.742090 2.228467

$Refset$penalty
 [1] 0 0 0 0 0 0 0 0 0 0 0 0


