$f
 [1] 418.58507 339.96354 276.90451 272.52083 229.47569 190.77951 131.50347 118.02951 114.23264 105.27604 102.56424  97.44792  96.97222  94.39062  93.25174  92.56424  92.39757  91.49653  91.32639
[20]  91.27257  91.16146  89.27604  89.02257  88.79340  88.66319  88.60417  88.25868  88.03993  88.03646  87.90278  87.78472  87.77257  87.73264  87.60764  87.60764

$x
          [,1]     [,2]      [,3]     [,4]     [,5]     [,6]     [,7]     [,8]     [,9]    [,10]
xbest 43.01948 190.8253 0.1483692 25.98281 284.3727 36.74745 29.90905 5.285096 6.013346 2.671377
xbest 20.00000 251.3340 0.5462926 25.42649 284.0995 41.38688 24.56024 9.002948 6.112602 3.389346
xbest 20.37500 251.3340 0.5462926 25.42722 284.0995 42.08688 24.68211 9.052948 5.934477 3.388604
xbest 20.00000 273.8529 0.4704375 30.00000 284.0342 33.02073 24.00000 9.403166 3.234949 2.993729
xbest 33.14971 270.9748 0.5189232 29.77114 284.9159 29.82669 24.00000 9.580910 2.962749 3.043175
xbest 56.39010 239.6582 0.1000000 15.00000 284.1246 36.09163 24.36658 2.000000 9.899059 1.508111
xbest 52.34129 255.4596 0.1000000 15.29559 284.1568 36.14990 24.35130 2.000000 9.796372 1.505858
xbest 52.35786 255.4596 0.1001243 15.11602 284.1615 36.14990 24.39192 2.000000 9.758872 1.505858
xbest 31.06652 299.2084 0.4168510 28.55850 284.8006 29.97126 26.11926 9.989082 2.307879 2.432974
xbest 31.06652 299.2084 0.4154448 28.55850 284.8006 29.87126 26.11926 9.989082 2.246941 2.432974
xbest 30.78395 305.7883 0.4202191 28.19292 284.7283 29.84864 25.84570 9.998544 2.330707 2.454201
xbest 30.78395 305.6321 0.4652191 28.19292 284.7277 29.84864 25.84570 9.998544 2.343207 2.454201
xbest 30.92505 304.0209 0.4263261 28.26072 284.7399 29.80431 25.84133 9.993081 2.323628 2.458570
xbest 30.92505 304.0209 0.4263261 28.26072 284.7400 29.80431 25.92258 9.993081 2.323628 2.458570
xbest 31.97290 301.7865 0.4077253 28.18426 284.7327 29.77200 25.92715 9.991989 2.094214 2.465032
xbest 31.97290 301.7865 0.4077253 28.18426 284.7327 29.77200 25.92715 9.991989 2.094214 2.463548
xbest 31.73502 302.0910 0.4291526 28.20766 284.7388 29.79296 25.94089 9.991874 2.215161 2.461071
xbest 31.73502 302.0910 0.4291526 28.20766 284.7388 29.79296 25.94089 9.991874 2.215161 2.461813
xbest 31.75957 302.1063 0.4292730 28.20585 284.7389 29.79337 25.95090 9.991961 2.208545 2.461215
xbest 31.77085 302.0459 0.4296565 28.19186 284.7384 29.79291 25.95004 9.992030 2.210491 2.461158
xbest 31.78257 302.0459 0.4296565 28.19186 284.7384 29.79291 25.95004 9.992030 2.210491 2.461158
xbest 32.02994 301.3420 0.4484869 28.18168 284.7372 29.80828 25.95102 9.993565 2.182425 2.461435
xbest 32.03021 301.1205 0.4483619 28.18282 284.7375 29.80522 25.94872 9.993387 2.184829 2.461456
xbest 32.02986 301.2032 0.4484524 28.18135 284.7374 29.80846 25.95019 9.993509 2.181774 2.461436
xbest 31.98725 301.2051 0.4401885 28.18259 284.7377 29.80851 25.95006 9.993565 2.183931 2.461427
xbest 31.98143 301.2161 0.4370920 28.18257 284.7378 29.80885 25.95006 9.993548 2.183123 2.461429
xbest 31.98143 301.2161 0.4370920 28.18257 284.7378 29.80885 25.95006 9.993548 2.179998 2.461429
xbest 32.02745 301.1574 0.4426057 28.18125 284.7388 29.80746 25.95116 9.993504 2.180362 2.461334
xbest 32.02936 301.1653 0.4410481 28.18092 284.7386 29.80755 25.95124 9.993513 2.177903 2.461351
xbest 32.02936 301.1653 0.4410481 28.18074 284.7386 29.80755 25.95124 9.993513 2.177903 2.461351
xbest 32.05555 301.0123 0.4421445 28.18188 284.7394 29.80760 25.95014 9.993598 2.176024 2.461242
xbest 32.05555 301.0123 0.4421445 28.18169 284.7394 29.80760 25.95014 9.993598 2.176024 2.461242
xbest 32.03059 301.1906 0.4389777 28.18379 284.7396 29.80733 25.95021 9.993450 2.171583 2.461308
xbest 32.04784 301.1998 0.4397444 28.17265 284.7396 29.80953 25.95049 9.993449 2.173304 2.461301
xbest 32.04784 301.1998 0.4397444 28.17265 284.7396 29.80953 25.95049 9.993449 2.173304 2.461301

$time
elapsed elapsed elapsed elapsed elapsed elapsed elapsed elapsed elapsed elapsed elapsed elapsed elapsed elapsed elapsed elapsed elapsed elapsed elapsed elapsed elapsed elapsed elapsed elapsed elapsed 
   1.82    4.79    8.15   11.04   14.09   17.17   28.73   40.84  133.73  136.21  256.12  258.28  283.86  292.21  378.93  380.57  412.76  414.34  420.87  446.06  447.79  463.79  470.28  473.12  476.29 
elapsed elapsed elapsed elapsed elapsed elapsed elapsed elapsed elapsed elapsed 
 479.43  481.04  492.79  503.59  510.90  537.37  541.86  650.56  683.00  695.84 

$neval
 [1]   106   253   398   545   690   828  1372  1893  5806  5908 11064 11154 12236 12592 16314 16388 17742 17815 18087 19166 19239 19915 20192 20327 20465 20606 20680 21230 21773 22120 23365 23578
[33] 28246 29564 30048

$fbest
[1] 87.60764

$xbest
 [1]  32.0478361 301.1998163   0.4397444  28.1726545 284.7396350  29.8095342  25.9504879   9.9934487   2.1733043   2.4613007

$numeval
[1] 30048

$end_crit
[1] 1

$cpu_time
elapsed 
 695.84 

$Refset
$Refset$x
          [,1]     [,2]      [,3]     [,4]     [,5]     [,6]     [,7]     [,8]     [,9]    [,10]
 [1,] 32.04784 301.1998 0.4397444 28.17265 284.7396 29.80953 25.95049 9.993449 2.173304 2.461301
 [2,] 32.03059 301.1906 0.4389777 28.18379 284.7396 29.80733 25.95021 9.993450 2.171583 2.461308
 [3,] 32.02895 301.2042 0.4383863 28.18216 284.7396 29.80827 25.95013 9.993428 2.171084 2.461291
 [4,] 32.03447 301.1728 0.4390228 28.18265 284.7400 29.80745 25.95117 9.993429 2.172327 2.460616
 [5,] 32.03115 301.1834 0.4390106 28.16790 284.7395 29.80942 25.95024 9.993450 2.180104 2.461392
 [6,] 32.03043 301.1925 0.4389818 28.18366 284.7397 29.80774 25.95035 9.993443 2.171953 2.461244
 [7,] 32.03629 301.1993 0.4396881 28.17326 284.7396 29.80930 25.95055 9.993453 2.175877 2.461319
 [8,] 32.14748 301.1988 0.4397786 28.13314 284.7394 29.80995 25.95013 9.993569 2.173633 2.461309
 [9,] 32.03193 301.0093 0.4404510 28.18598 284.7396 29.91404 26.13511 9.993444 2.159566 2.461559
[10,] 32.06407 301.2014 0.4410774 28.20802 284.7402 29.81650 26.00995 9.995013 2.144041 2.456687
[11,] 31.98297 301.2813 0.4395600 28.17633 284.7537 29.85331 25.95819 9.993537 2.252749 2.462336
[12,] 45.24677 318.0974 0.4834033 25.53287 284.8190 28.55658 25.46981 7.923088 3.216509 1.940422

$Refset$f
 [1]  87.60764  87.73264  87.73264  87.73264  87.73264  87.73264  87.73264  89.06250  96.64757 100.80556 107.87500 172.20833

$Refset$fpen
 [1]  87.60764  87.73264  87.73264  87.73264  87.73264  87.73264  87.73264  89.06250  96.64757 100.80556 107.87500 172.20833

$Refset$const
          [,1]     [,2]      [,3]     [,4]     [,5]
 [1,] 25.99935 33.82670  7.827345 1.749920 2.863049
 [2,] 26.01221 33.82842  7.816209 1.749925 2.863252
 [3,] 26.01107 33.82892  7.817842 1.749934 2.863130
 [4,] 26.01033 33.82767  7.817346 1.749866 2.863416
 [5,] 25.98779 33.81990  7.832104 1.749940 2.863011
 [6,] 26.01170 33.82805  7.816344 1.749904 2.863245
 [7,] 25.99738 33.82412  7.826740 1.749925 2.863077
 [8,] 25.95951 33.82637  7.866860 1.749950 2.862930
 [9,] 26.02641 33.84043  7.814023 1.750021 2.874828
[10,] 26.06398 33.85596  7.791981 1.749894 2.869856
[11,] 25.92358 33.74725  7.823667 1.747621 2.861373
[12,] 22.31636 32.78349 10.467135 1.737239 2.958135

$Refset$penalty
 [1] 0 0 0 0 0 0 0 0 0 0 0 0


