$f
 [1] 548.24132 259.98785 199.13715 190.73438 174.16146 170.91319 167.74479 158.63542 154.63194 130.55382 130.34722 108.39931 108.20139 104.84549 102.39062 101.40451 100.80729 100.45139 100.10069
[20]  99.90625  99.87674  97.76562  96.23611  95.80729  94.97917  94.93056  94.92882  94.78125  94.77951  94.77778  94.71181  94.71007  94.71007

$x
          [,1]     [,2]      [,3]     [,4]     [,5]     [,6]     [,7]     [,8]     [,9]    [,10]
xbest 46.23009 261.8976 0.8806560 27.27669 285.9758 29.70687 27.83647 7.477488 5.447309 3.467900
xbest 38.40112 500.0000 0.3710127 19.74288 285.4209 39.56798 38.00251 4.880341 4.582467 2.762473
xbest 38.40112 500.0000 0.2743934 19.74288 285.3459 39.56798 37.95470 4.980341 4.605189 2.890934
xbest 42.52588 481.0256 0.5240275 19.24048 285.5483 43.86853 31.62000 4.244060 4.726333 3.293792
xbest 43.57092 430.8686 0.3215604 21.29709 285.6035 39.39550 37.53468 4.964764 4.736422 3.519997
xbest 43.09034 409.7042 0.2048671 20.83001 285.6180 40.28823 38.15926 5.164865 4.642023 3.657248
xbest 49.48997 476.0489 0.5553096 19.33032 285.9099 40.17887 29.53780 3.138306 4.843596 3.334623
xbest 43.45951 382.2830 0.1525532 20.82435 285.6346 40.31838 38.38343 5.281194 4.650083 3.666553
xbest 53.66460 312.4557 0.3090617 22.98399 285.7526 38.31844 30.03925 3.502151 5.778084 3.196379
xbest 53.29364 312.4557 0.2926112 22.98399 285.7526 38.33080 30.03925 3.577151 5.598758 3.219873
xbest 55.94926 235.0303 0.1159776 22.55984 285.6869 37.14018 29.62787 3.346916 6.895815 2.570075
xbest 55.94926 234.4053 0.1159776 22.37234 285.6189 37.08862 29.62787 3.346916 6.914565 2.581950
xbest 53.82752 270.8995 0.1408742 22.51078 285.6792 38.12663 29.69896 3.368998 6.040483 2.784599
xbest 53.82752 270.8995 0.1408742 22.51078 285.6792 38.12663 29.73958 3.369389 6.021343 2.772724
xbest 53.75871 271.9949 0.1448181 22.54634 285.6914 38.18591 29.78173 3.328207 6.068193 2.792826
xbest 53.75871 271.8386 0.1448181 22.55220 285.6914 38.18591 29.82235 3.328207 6.080693 2.792826
xbest 53.95533 272.1597 0.1502244 22.52616 285.6622 38.14756 29.63130 3.373652 6.031903 2.739942
xbest 53.97877 272.1597 0.1505760 22.52616 285.6633 38.14756 29.67193 3.373652 6.032685 2.739942
xbest 53.87599 272.0468 0.1494210 22.55828 285.6653 38.15194 29.65562 3.380566 6.054369 2.762404
xbest 53.84711 271.9687 0.1492819 22.56482 285.6666 38.15182 29.65416 3.380106 6.057968 2.762158
xbest 53.85246 272.0161 0.1490692 22.56335 285.6646 38.15170 29.65535 3.380412 6.055932 2.759443
xbest 54.09406 271.6871 0.1565831 22.70331 285.6669 38.15004 29.64798 3.332274 6.045606 2.801942
xbest 54.14094 271.6871 0.1565831 22.70038 285.6669 38.15004 29.68861 3.332274 6.045606 2.800458
xbest 54.03347 271.5204 0.1525345 22.67674 285.6663 38.18649 29.64918 3.332722 6.050842 2.764853
xbest 54.03347 271.5204 0.1525345 22.67674 285.6662 38.18649 29.64918 3.332722 6.047717 2.764853
xbest 54.04453 271.5308 0.1530496 22.67677 285.6655 38.18321 29.64891 3.332544 6.050716 2.774742
xbest 54.04365 271.5257 0.1534592 22.67810 285.6657 38.18812 29.65495 3.332188 6.054469 2.780457
xbest 54.04406 271.5278 0.1532092 22.68170 285.6655 38.18749 29.65842 3.331748 6.051942 2.778252
xbest 54.04365 271.5250 0.1535239 22.67821 285.6657 38.18925 29.65361 3.332316 6.056152 2.779847
xbest 54.04086 271.5255 0.1535023 22.68028 285.6657 38.18340 29.65544 3.332081 6.055500 2.776609
xbest 54.04220 271.4886 0.1531279 22.67848 285.6689 38.18604 29.64802 3.332192 6.053618 2.774795
xbest 54.03399 271.4630 0.1531244 22.67842 285.6689 38.18523 29.64956 3.332210 6.055745 2.774755
xbest 54.03399 271.4630 0.1531244 22.67842 285.6689 38.18523 29.64956 3.332210 6.055745 2.774755

$time
elapsed elapsed elapsed elapsed elapsed elapsed elapsed elapsed elapsed elapsed elapsed elapsed elapsed elapsed elapsed elapsed elapsed elapsed elapsed elapsed elapsed elapsed elapsed elapsed elapsed 
   2.11    5.33    9.47   16.23   19.23   22.53   25.77   32.09   41.75   44.58  127.28  129.91  278.27  280.25  296.27  315.37  350.42  352.75  372.81  376.47  380.03  386.45  388.70  445.81  447.59 
elapsed elapsed elapsed elapsed elapsed elapsed elapsed elapsed 
 465.44  475.28  478.58  486.91  509.33  608.87  648.80  718.31 

$neval
 [1]   106   261   404   691   828   966  1103  1379  1785  1913  5263  5385 11874 11971 12640 13406 14775 14878 15699 15840 15979 16253 16341 18643 18723 19410 19822 19961 20304 21257 25452 27045
[33] 30115

$fbest
[1] 94.71007

$xbest
 [1]  54.0339874 271.4630032   0.1531244  22.6784151 285.6689494  38.1852264  29.6495577   3.3322099   6.0557449   2.7747551

$numeval
[1] 30115

$end_crit
[1] 1

$cpu_time
elapsed 
 718.31 

$Refset
$Refset$x
          [,1]     [,2]      [,3]     [,4]     [,5]     [,6]     [,7]     [,8]     [,9]    [,10]
 [1,] 54.03397 271.5773 0.1535636 22.67990 285.6695 38.18597 29.64938 3.332151 6.055614 2.774858
 [2,] 54.04896 271.5613 0.1531160 22.67871 285.6705 38.18722 29.65665 3.332071 6.050794 2.775315
 [3,] 54.04179 271.4937 0.1534675 22.67904 285.6668 38.18889 29.65474 3.332080 6.056345 2.777719
 [4,] 54.04272 271.4770 0.1533531 22.67820 285.6674 38.18583 29.65964 3.332168 6.056052 2.775910
 [5,] 54.03932 271.5333 0.1533170 22.67674 285.6667 38.18571 29.65376 3.332142 6.055398 2.776540
 [6,] 54.03863 270.4459 0.1531125 22.73922 285.6644 38.18467 29.64778 3.331337 6.050699 2.776380
 [7,] 54.03967 271.5206 0.1533649 22.67726 285.6666 38.18654 29.65339 3.332218 6.055541 2.774708
 [8,] 54.04107 271.4921 0.1533413 22.67805 285.6669 38.18556 29.65690 3.332162 6.055919 2.776061
 [9,] 55.25429 259.8034 0.1535372 22.67860 285.6488 38.15770 29.45379 3.428001 6.096960 2.629713
[10,] 54.04130 273.2575 0.1540310 19.04430 284.8733 38.19217 29.68569 3.343764 7.229166 2.721168
[11,] 53.39052 271.0654 0.1578662 22.67922 285.6730 38.08734 28.15892 4.873990 5.738130 3.198783
[12,] 58.67682 234.6245 0.1545749 23.19784 285.8434 37.76175 29.22006 3.178812 6.085169 2.728981

$Refset$f
 [1]  94.71007  94.71181  94.77778  94.77778  94.77778  94.77778  94.77778  94.77778 117.84549 208.94618 193.12847 161.23090

$Refset$fpen
 [1]  94.71007  94.71181  94.77778  94.77778  94.77778  94.77778  94.77778  94.77778 117.84549 208.94618 193.12847 161.23090

$Refset$const
          [,1]     [,2]     [,3]     [,4]     [,5]
 [1,] 16.62428 29.94439 13.32010 1.619754 2.731561
 [2,] 16.62791 29.94921 13.32129 1.619624 2.732347
 [3,] 16.62270 29.94365 13.32096 1.620098 2.731098
 [4,] 16.62215 29.94395 13.32180 1.620000 2.731895
 [5,] 16.62135 29.94460 13.32326 1.620108 2.731199
 [6,] 16.68852 29.94930 13.26078 1.620397 2.730177
 [7,] 16.62172 29.94446 13.32274 1.620116 2.731099
 [8,] 16.62213 29.94408 13.32195 1.620071 2.731541
 [9,] 16.58164 29.90304 13.32140 1.622615 2.711540
[10,] 11.81513 28.77083 16.95570 1.722894 2.570103
[11,] 16.94109 30.26187 13.32078 1.620824 2.617051
[12,] 17.11267 29.91483 12.80216 1.598072 2.771051

$Refset$penalty
 [1] 0 0 0 0 0 0 0 0 0 0 0 0


