$f
 [1] 359.68750 295.20833 288.53125 287.58854 265.71181 259.68056 235.78472 227.57465 211.67708 198.55556 175.81944 170.09722 169.72743 166.87326 148.34201 134.89236 130.93924 122.95486 122.69792
[20] 120.28819 119.72917 117.88194 117.02257 114.66667 113.13368 112.71528 112.40278 112.21528 111.28993 111.16319 107.96875 105.33854 103.64583 102.02951 100.69444  99.88021  99.69965  99.67708
[39]  99.45486  99.42535  99.42535

$x
          [,1]     [,2]      [,3]     [,4]     [,5]     [,6]     [,7]     [,8]     [,9]    [,10]
xbest 26.78325 362.8833 0.9485091 25.48105 285.7680 43.58332 29.56779 8.778944 4.113036 1.619470
xbest 44.36501 337.1635 1.0000000 28.24984 285.1526 38.19966 28.28767 3.472246 2.943936 3.810758
xbest 44.36501 337.1635 1.0000000 28.24984 285.1901 38.19966 28.28767 3.497246 2.943936 3.810758
xbest 44.36501 337.1635 1.0000000 28.24984 285.2004 38.19966 28.28767 3.477695 2.943936 3.810758
xbest 50.81974 341.7119 1.0000000 29.30836 284.9464 34.68214 28.01582 2.470180 2.000000 3.787212
xbest 38.69070 456.2394 0.8959557 22.27084 285.6696 41.97484 28.83170 6.387074 3.322661 2.461936
xbest 53.74695 314.9870 1.0000000 28.95504 285.2318 36.85080 24.00000 2.112567 2.251207 4.639484
xbest 53.94796 320.4524 0.9998105 28.94450 285.2221 36.58820 24.00000 2.024297 2.287610 5.000000
xbest 55.58719 322.0732 0.9999175 28.90747 285.1998 36.51224 24.00000 2.070299 2.000000 5.000000
xbest 53.26322 314.4541 1.0000000 29.16664 284.7921 36.17926 24.04451 2.032797 2.073030 4.186574
xbest 53.34232 314.4541 0.8094531 29.16737 284.7733 36.19176 24.04451 2.050000 2.023030 4.281574
xbest 53.49150 319.2560 0.9999673 28.94283 284.8038 36.47268 24.03627 2.084764 2.124341 4.920573
xbest 53.88514 317.1363 0.9999416 28.78386 284.7853 36.47227 24.03215 2.076974 2.160376 4.916700
xbest 53.86169 317.1363 0.7975000 28.81023 284.7853 36.47227 24.00000 2.076974 2.160376 4.916700
xbest 40.39101 500.0000 1.0000000 22.13221 285.2857 47.67931 24.00000 2.852974 2.115018 4.948145
xbest 40.67226 500.0000 1.0000000 22.15841 285.3232 47.67931 24.00000 2.852974 2.115018 4.957052
xbest 53.76660 423.2708 0.9849517 24.47489 284.7695 36.42200 24.02003 2.053334 2.012622 4.755420
xbest 53.69623 423.2708 0.8706689 24.47489 284.7695 36.42200 24.02003 2.053627 2.081388 4.755420
xbest 53.70554 456.2721 0.9914561 23.53236 284.7690 36.41170 24.02608 2.054414 2.008625 4.748545
xbest 53.70811 463.2327 0.9918536 23.18092 284.7688 36.41513 24.02587 2.055209 2.009868 4.745424
xbest 53.69079 500.0000 0.9894533 21.61310 284.7665 36.41259 24.02553 2.057023 2.010525 4.699028
xbest 53.67833 500.0000 0.9860493 22.04309 284.7673 36.40903 24.02490 2.057248 2.009294 4.715796
xbest 53.67355 500.0000 0.9824642 22.12524 284.7668 36.40793 24.02454 2.058667 2.009093 4.727547
xbest 53.66923 499.7486 0.9750290 22.12270 284.7654 36.40699 24.02374 2.059105 2.007743 4.824171
xbest 53.64572 499.4742 0.9754998 21.91776 284.7689 36.40589 24.02602 2.057777 2.011337 4.782883
xbest 53.61613 499.2230 0.9655890 21.93922 284.7699 36.40276 24.02599 2.057763 2.008560 4.812102
xbest 53.61613 500.0000 0.9655890 21.93922 284.7699 36.40276 24.02599 2.057763 2.008560 4.812102
xbest 53.57904 496.5068 0.9917665 22.03909 284.7687 36.42127 24.02572 2.056961 2.004035 4.807641
xbest 53.56732 496.5068 0.9917665 22.03909 284.8062 36.42127 24.02572 2.056961 2.004035 4.807641
xbest 53.27436 499.0901 0.9802936 22.12885 284.7746 36.40761 24.03258 2.050891 2.004329 4.883628
xbest 53.13373 500.0000 0.9816999 22.12885 284.7793 36.40761 24.08125 2.072766 2.004329 4.883628
xbest 53.08872 499.2953 0.9826980 22.06857 284.7707 36.40874 24.02617 2.056248 2.009574 4.812830
xbest 52.93465 498.9717 0.9795112 22.18600 284.7867 36.40989 24.04289 2.056070 2.005836 4.762393
xbest 52.25918 499.5594 0.9793380 22.38523 284.7692 36.40099 24.05972 2.059303 2.003461 4.826275
xbest 52.56957 498.7039 0.9791585 22.35642 284.7994 36.41218 24.05642 2.055486 2.003983 4.749909
xbest 52.43955 499.4806 0.9789983 22.38562 284.7752 36.40719 24.06472 2.059639 2.002958 4.816977
xbest 52.44379 499.5558 0.9796258 22.38124 284.7793 36.40841 24.08374 2.059822 2.002128 4.813045
xbest 52.44965 499.5558 0.9796258 22.38124 284.7793 36.40841 24.08374 2.059822 2.002128 4.813045
xbest 52.41821 499.5755 0.9796080 22.37635 284.7811 36.40766 24.08287 2.059816 2.002613 4.812492
xbest 52.41821 499.5755 0.9796080 22.37654 284.7811 36.40766 24.08287 2.059816 2.002613 4.812492
xbest 52.41821 499.5755 0.9796080 22.37654 284.7811 36.40766 24.08287 2.059816 2.002613 4.812492

$time
elapsed elapsed elapsed elapsed elapsed elapsed elapsed elapsed elapsed elapsed elapsed elapsed elapsed elapsed elapsed elapsed elapsed elapsed elapsed elapsed elapsed elapsed elapsed elapsed elapsed 
   1.66    5.23    7.09   10.36   13.67   16.89   20.09   23.30   29.70   40.02   43.31   69.42   73.20   78.97  116.92  119.14  411.09  413.89  423.83  427.25  430.69  434.08  437.16  440.28  443.77 
elapsed elapsed elapsed elapsed elapsed elapsed elapsed elapsed elapsed elapsed elapsed elapsed elapsed elapsed elapsed elapsed 
 447.17  448.91  464.19  480.58  525.84  528.20  531.75  535.38  538.72  541.88  545.05  561.14  562.84  575.72  596.44  712.19 

$neval
 [1]   106   261   340   482   627   770   913  1058  1337  1755  1897  2985  3121  3370  4862  4955 17391 17509 17921 18064 18209 18353 18492 18629 18777 18921 18994 19683 20442 22363 22466 22610
[33] 22764 22911 23053 23197 23899 23972 24515 25404 30109

$fbest
[1] 99.42535

$xbest
 [1]  52.418206 499.575513   0.979608  22.376536 284.781132  36.407659  24.082868   2.059816   2.002613   4.812492

$numeval
[1] 30109

$end_crit
[1] 1

$cpu_time
elapsed 
 712.19 

$Refset
$Refset$x
          [,1]     [,2]      [,3]     [,4]     [,5]     [,6]     [,7]     [,8]     [,9]    [,10]
 [1,] 52.34954 499.9773 0.9810027 22.37791 284.7861 36.41354 24.07132 2.060090 2.001398 4.810861
 [2,] 52.34461 500.0000 0.9808576 22.37865 284.7827 36.41080 24.03067 2.060204 2.000684 4.814755
 [3,] 52.35485 499.9944 0.9839857 22.37727 284.7854 36.41187 24.03473 2.060115 2.000000 4.811855
 [4,] 52.35346 500.0000 0.9810044 22.37794 284.7861 36.41391 24.06868 2.060108 2.000823 4.809976
 [5,] 52.42135 499.5151 0.9789724 22.37448 284.7811 36.41147 24.07877 2.059429 2.005506 4.823698
 [6,] 52.41606 499.5043 0.9793124 22.37625 284.7808 36.41193 24.08252 2.059368 2.005702 4.818051
 [7,] 52.42025 499.5208 0.9789661 22.37464 284.7784 36.41068 24.07471 2.059080 2.005449 4.820487
 [8,] 52.41653 499.5050 0.9760580 22.37592 284.7826 36.41214 24.08483 2.059510 2.005676 4.820467
 [9,] 52.36497 499.8050 0.9798583 22.37859 284.7814 36.40828 24.04828 2.060144 2.002492 4.814500
[10,] 52.33467 500.0000 0.9797932 22.37816 284.7871 36.41281 24.01844 2.058509 2.001399 4.856166
[11,] 49.62776 494.3237 0.8383966 22.17391 284.8174 37.83569 24.01036 2.061207 2.000000 4.670522
[12,] 49.87490 499.7047 0.9912294 22.30387 284.4536 36.77959 24.19087 2.052630 2.000198 4.913652

$Refset$f
 [1]  99.45660  99.45660  99.48264  99.50000  99.50868  99.50868  99.50868  99.50868  99.52604  99.88368 145.04167 142.31771

$Refset$fpen
 [1]  99.45660  99.45660  99.48264  99.50000  99.50868  99.50868  99.50868  99.50868  99.52604  99.88368 145.04167 142.31771

$Refset$const
          [,1]     [,2]     [,3]     [,4]     [,5]
 [1,] 20.37651 33.99860 13.62209 1.709038 2.246089
 [2,] 20.37797 33.99932 13.62135 1.709064 2.243114
 [3,] 20.37727 34.00000 13.62273 1.708819 2.243672
 [4,] 20.37712 33.99918 13.62206 1.709015 2.245900
 [5,] 20.36897 33.99449 13.62552 1.709615 2.246046
 [6,] 20.37055 33.99430 13.62375 1.709676 2.246232
 [7,] 20.36919 33.99455 13.62536 1.709860 2.245475
 [8,] 20.37025 33.99432 13.62408 1.709504 2.246608
 [9,] 20.37610 33.99751 13.62141 1.709345 2.244227
[10,] 20.37676 33.99860 13.62184 1.708502 2.242784
[11,] 20.17391 34.00000 13.82609 1.697788 2.188084
[12,] 20.30367 33.99980 13.69613 1.741739 2.201879

$Refset$penalty
 [1] 0 0 0 0 0 0 0 0 0 0 0 0


