$f
 [1] 2027.25000  361.40451  263.11632  242.25174  237.55903  229.22569  193.24132  172.83333  168.72743  154.74132  144.20833  127.23090  125.80035  114.11458  114.10937  109.17187  108.40104
[18]  108.09028  104.61806  103.86458   97.47049   97.02257

$x
          [,1]     [,2]      [,3]     [,4]     [,5]     [,6]     [,7]     [,8]     [,9]    [,10]
xbest 21.41833 433.6596 0.6635302 22.83992 285.1329 46.36436 29.39740 2.837777 3.049972 3.751033
xbest 32.47365 324.8056 0.9358682 28.51322 284.4076 44.43426 38.84429 4.814561 2.000000 3.632119
xbest 32.08938 304.2589 0.9947162 28.51322 284.2477 44.43426 38.92554 4.814561 2.125000 3.632119
xbest 32.79934 297.9511 0.9714755 29.12459 284.4248 47.56290 44.09987 3.033607 2.000000 3.805894
xbest 32.69049 327.1993 0.8266505 27.41764 284.1177 48.00000 43.55695 2.000000 2.000000 3.645888
xbest 31.76536 330.3797 0.8880480 27.62243 284.3423 47.53053 42.53747 4.233351 2.002258 3.671783
xbest 32.42725 310.3725 0.9119665 28.03389 284.1986 47.11863 41.71711 4.220829 2.012279 3.649229
xbest 32.42959 310.8704 0.8917073 27.98702 284.2060 47.21863 42.04211 4.238506 2.009959 3.702304
xbest 33.53813 377.6751 0.9564494 24.49580 284.2172 47.82378 41.81469 3.884127 2.186548 3.692940
xbest 33.29675 379.4566 1.0000000 24.49580 284.2267 47.82378 41.89658 3.884127 2.099048 3.684478
xbest 34.17360 483.8548 0.9568346 19.96532 284.2043 48.00000 42.02759 3.910179 2.204068 3.685530
xbest 34.17360 500.0000 1.0000000 19.99269 284.2152 48.00000 42.09008 3.910179 2.008675 3.685530
xbest 33.76124 490.7186 0.9825001 20.04357 284.2036 47.97276 42.01053 3.915226 2.217587 3.852599
xbest 33.76124 500.0000 0.9662335 20.04357 284.2036 47.97276 42.01053 3.915226 2.167587 3.852599
xbest 33.54190 489.7918 0.9907701 20.25784 284.1914 48.00000 42.01581 3.903994 2.188435 3.843868
xbest 34.07697 491.0540 0.9823009 20.10550 284.1919 47.99607 42.01964 3.904314 2.207775 3.849357
xbest 34.07577 490.9751 0.9794279 20.12575 284.1918 48.00000 42.01876 3.904298 2.211784 3.848513
xbest 34.07352 490.8671 0.9734698 20.11345 284.1921 47.99536 42.02003 3.904313 2.217718 3.845505
xbest 34.07352 491.1796 1.0000000 20.11345 284.1921 48.00000 42.02003 3.904117 2.218109 3.845505
xbest 33.66599 500.0000 0.9070341 19.76211 284.1462 47.99075 41.89303 3.890962 2.397131 3.998538
xbest 33.85349 500.0000 0.9972313 19.76211 284.1339 47.99075 41.89303 3.890962 2.326034 4.003734
xbest 33.85349 500.0000 0.9972313 19.76211 284.1339 48.00000 41.89303 3.890962 2.326034 4.000765

$time
elapsed elapsed elapsed elapsed elapsed elapsed elapsed elapsed elapsed elapsed elapsed elapsed elapsed elapsed elapsed elapsed elapsed elapsed elapsed elapsed elapsed elapsed 
   1.72    4.79    8.00   10.97   26.08   29.41   35.05   41.30   70.57   73.21  134.33  137.80  219.25  222.04  227.30  238.08  240.91  243.63  251.19  298.88  301.85  655.91 

$neval
 [1]   106   256   406   551  1239  1374  1650  1941  3276  3401  6090  6237  9892  9994 10263 10800 10934 11069 11439 13617 13758 30027

$fbest
[1] 97.02257

$xbest
 [1]  33.8534916 500.0000000   0.9972313  19.7621079 284.1339023  48.0000000  41.8930276   3.8909617   2.3260340   4.0007651

$numeval
[1] 30027

$end_crit
[1] 1

$cpu_time
elapsed 
 655.91 

$Refset
$Refset$x
          [,1]     [,2]      [,3]     [,4]     [,5]     [,6]     [,7]     [,8]     [,9]    [,10]
 [1,] 34.03857 492.9572 0.9924975 20.00144 284.1817 47.99037 41.93051 3.902706 2.277568 3.833346
 [2,] 34.03391 492.6899 0.9946870 20.02035 284.1834 47.99196 41.95244 3.902340 2.273926 3.833863
 [3,] 34.03291 492.6285 0.9936156 20.01563 284.1827 47.99105 41.95358 3.902666 2.278219 3.833617
 [4,] 34.03282 492.6695 0.9944072 20.02057 284.1829 47.99211 41.95723 3.902416 2.273983 3.834169
 [5,] 34.03393 492.6376 0.9940533 20.01983 284.1828 47.99190 41.95282 3.902549 2.274711 3.834094
 [6,] 34.03674 492.6314 0.9934610 20.01587 284.1830 47.99143 41.93548 3.902537 2.276375 3.834905
 [7,] 34.03377 492.7810 0.9935974 20.01171 284.1831 47.99262 41.94948 3.902621 2.276690 3.833323
 [8,] 34.03362 492.6776 0.9974620 20.02019 284.1832 47.99084 41.95370 3.902279 2.274645 3.834261
 [9,] 34.03410 492.9127 0.9947574 20.02763 284.1842 47.99198 41.93669 3.902550 2.262419 3.832961
[10,] 33.99400 492.5017 0.9946482 20.02015 284.1748 47.99186 41.60790 3.907537 2.325036 3.833523
[11,] 34.03234 493.1498 0.9911523 20.04645 284.1887 47.85355 42.19857 3.913281 2.273707 3.807825
[12,] 33.26806 475.0143 0.9387266 19.85112 284.0965 47.14912 42.42365 4.028991 3.169309 4.289209

$Refset$f
 [1] 100.0538 100.1163 100.1163 100.1163 100.1163 100.1163 100.1163 100.1163 100.1163 118.5000 147.9740 206.1024

$Refset$fpen
 [1] 100.0538 100.1163 100.1163 100.1163 100.1163 100.1163 100.1163 100.1163 100.1163 118.5000 147.9740 206.1024

$Refset$const
          [,1]     [,2]     [,3]     [,4]     [,5]
 [1,] 17.72387 33.72243 15.99856 1.845698 2.813073
 [2,] 17.74642 33.72607 15.97965 1.845465 2.814796
 [3,] 17.73741 33.72178 15.98437 1.845595 2.814900
 [4,] 17.74659 33.72602 15.97943 1.845567 2.815127
 [5,] 17.74512 33.72529 15.98017 1.845580 2.814786
 [6,] 17.73949 33.72362 15.98413 1.845478 2.813480
 [7,] 17.73502 33.72331 15.98829 1.845513 2.814497
 [8,] 17.74555 33.72536 15.97981 1.845507 2.814958
 [9,] 17.76521 33.73758 15.97237 1.845264 2.813622
[10,] 17.69511 33.67496 15.97985 1.845621 2.787577
[11,] 17.77274 33.72629 15.95355 1.845891 2.844188
[12,] 16.68181 32.83069 16.14888 1.866581 2.908513

$Refset$penalty
 [1] 0 0 0 0 0 0 0 0 0 0 0 0


