$f
 [1] 855.6128 350.1892 224.6927 196.6858 169.4427 162.1198 153.2604 153.2187 153.0590 153.0069 152.8715 152.8212 152.8038 152.7413 152.6927 152.6875 152.6875

$x
          [,1]     [,2]      [,3]     [,4]     [,5]     [,6]     [,7]     [,8]     [,9]    [,10]
xbest 30.57891 470.9822 0.8098859 20.56948 286.3870 44.85250 25.08557 8.285665 4.725131 4.597983
xbest 51.29557 100.0000 0.1000000 22.38218 285.3961 42.59798 30.78791 6.872996 9.274671 3.841574
xbest 51.29557 100.0000 0.1039775 21.69847 285.2461 42.59798 32.08791 6.872996 9.287929 3.908749
xbest 53.93553 100.0000 0.1246332 20.77322 285.4941 40.58901 29.75407 7.340150 9.006050 3.720685
xbest 53.93553 100.0000 0.1246332 20.97244 285.4988 40.58901 29.49001 7.340150 8.956050 3.722169
xbest 50.40481 207.7407 0.7189617 20.62226 285.6273 39.69464 30.68392 7.342534 6.741640 3.721538
xbest 50.39309 207.7407 0.6289617 20.62226 285.6284 39.68214 30.68392 7.342534 6.716640 3.721167
xbest 50.00667 202.1731 0.5940715 21.07047 285.6420 39.73458 30.83953 7.334148 7.055732 3.813328
xbest 49.97824 202.4247 0.5938735 21.06037 285.6430 39.73437 30.83486 7.334128 7.062602 3.812524
xbest 49.97652 202.2113 0.5932729 21.08243 285.6419 39.73631 30.82919 7.334220 7.050790 3.812453
xbest 49.98496 202.5191 0.5930543 21.06759 285.6409 39.73200 30.82198 7.334155 7.046985 3.812005
xbest 49.99206 201.7325 0.5810092 21.06465 285.6411 39.73231 30.83150 7.334300 7.071951 3.813869
xbest 49.99182 201.7405 0.5808953 21.06462 285.6411 39.73231 30.83147 7.334309 7.071952 3.813881
xbest 49.99253 201.8816 0.5860333 21.06920 285.6418 39.73554 30.83083 7.334236 7.067564 3.813057
xbest 49.98963 201.8916 0.5852767 21.06889 285.6417 39.73542 30.83095 7.334227 7.066368 3.812557
xbest 49.99197 201.7868 0.5852145 21.07165 285.6415 39.73352 30.82927 7.334239 7.068963 3.813113
xbest 49.99197 201.7868 0.5852145 21.07165 285.6415 39.73352 30.82927 7.334239 7.068963 3.813113

$time
elapsed elapsed elapsed elapsed elapsed elapsed elapsed elapsed elapsed elapsed elapsed elapsed elapsed elapsed elapsed elapsed elapsed 
   1.89    4.98    7.40   20.84   41.65  132.25  135.00  235.78  249.25  257.21  259.93  270.64  283.18  287.82  299.00  301.64  584.70 

$neval
 [1]   106   257   365   922  1846  5752  5862 10940 11706 12120 12260 12872 13553 13824 14427 14563 30100

$fbest
[1] 152.6875

$xbest
 [1]  49.9919675 201.7868045   0.5852145  21.0716543 285.6415264  39.7335207  30.8292720   7.3342394   7.0689634   3.8131131

$numeval
[1] 30100

$end_crit
[1] 1

$cpu_time
elapsed 
  584.7 

$Refset
$Refset$x
          [,1]     [,2]      [,3]     [,4]     [,5]     [,6]     [,7]     [,8]     [,9]    [,10]
 [1,] 49.99159 201.8922 0.5860889 21.07308 285.6412 39.73409 30.83262 7.334213 7.064998 3.813536
 [2,] 49.99164 201.8398 0.5861353 21.07121 285.6415 39.73421 30.82957 7.334242 7.067181 3.813440
 [3,] 49.99058 201.8842 0.5861506 21.07046 285.6413 39.73433 30.82905 7.334230 7.066553 3.813561
 [4,] 49.99126 201.8650 0.5863335 21.07237 285.6413 39.73413 30.82847 7.334216 7.066443 3.813320
 [5,] 49.99099 201.8711 0.5864790 21.07117 285.6415 39.73483 30.82955 7.334233 7.067238 3.813251
 [6,] 49.99097 201.8498 0.5854778 21.07293 285.6414 39.73448 30.82997 7.334224 7.066455 3.813436
 [7,] 49.99125 201.8578 0.5863620 21.07136 285.6414 39.73445 30.82851 7.334240 7.066924 3.813229
 [8,] 49.99003 201.8510 0.5856738 21.07294 285.6414 39.73454 30.82903 7.334231 7.066539 3.813395
 [9,] 49.99146 201.8417 0.5859917 21.07193 285.6415 39.73430 30.82935 7.334237 7.067168 3.813439
[10,] 49.86422 202.7463 0.5856511 21.07270 285.6414 39.73440 30.82975 7.334233 7.066530 3.812962
[11,] 49.87794 203.0588 0.5860057 21.07517 285.6385 39.71047 30.86321 7.331423 7.087046 3.813429
[12,] 49.59031 227.9011 0.6227710 21.14872 285.8326 39.50714 30.66668 7.321925 7.073886 4.024071

$Refset$f
 [1] 152.6875 152.6875 152.6875 152.6875 152.6875 152.6875 152.6875 152.6875 152.6875 153.1927 153.6389 377.9184

$Refset$fpen
 [1] 152.6875 152.6875 152.6875 152.6875 152.6875 152.6875 152.6875 152.6875 152.6875 153.1927 153.6389 377.9184

$Refset$const
          [,1]     [,2]     [,3]     [,4]     [,5]
 [1,] 14.00808 28.93500 14.92692 1.623357 2.722657
 [2,] 14.00403 28.93282 14.92879 1.623327 2.722473
 [3,] 14.00390 28.93345 14.92954 1.623352 2.722373
 [4,] 14.00592 28.93356 14.92763 1.623350 2.722344
 [5,] 14.00394 28.93276 14.92883 1.623331 2.722425
 [6,] 14.00647 28.93354 14.92707 1.623341 2.722459
 [7,] 14.00444 28.93308 14.92864 1.623339 2.722350
 [8,] 14.00641 28.93346 14.92706 1.623341 2.722381
 [9,] 14.00476 28.93283 14.92807 1.623330 2.722443
[10,] 14.00617 28.93347 14.92730 1.623346 2.722435
[11,] 13.98812 28.91295 14.92483 1.623633 2.725927
[12,] 14.07484 28.92611 14.85128 1.599216 2.775904

$Refset$penalty
 [1] 0 0 0 0 0 0 0 0 0 0 0 0


