$f
 [1] 800.9167 278.6944 206.8160 175.1042 159.8715 158.1094 154.4687 149.6476 148.2309 146.7448 146.1233 142.2552 139.7170 137.9010 137.6042 136.6267 132.3351 129.6319 126.5365 123.4288 123.1198
[22] 122.5226 122.3420 121.9583 121.9375 121.8628 121.4444 121.0226 120.9219 120.7500 120.4392 118.9705 118.9705

$x
          [,1]     [,2]      [,3]     [,4]     [,5]     [,6]     [,7]     [,8]     [,9]    [,10]
xbest 43.03768 256.3254 0.5897079 18.23374 285.8897 34.08071 29.01077 5.775884 9.182467 2.433270
xbest 37.38981 444.4498 0.7893778 24.61321 286.6347 44.19773 27.16559 2.340596 2.000000 3.822516
xbest 41.10212 404.4498 0.9605263 24.61321 286.7847 43.06636 27.16559 2.057753 2.636396 3.822516
xbest 41.90035 410.7473 0.7926578 22.80984 285.1754 41.07076 29.22407 2.639960 2.940890 4.048636
xbest 38.79722 405.4309 0.6106790 23.51578 285.9281 47.66058 25.90266 2.395131 2.537465 4.449518
xbest 38.79112 404.3844 0.5273964 23.15637 285.9291 47.48194 26.60494 2.294225 2.788833 4.485289
xbest 41.51751 377.0743 0.7775642 24.06647 285.9242 46.79220 26.00474 2.180534 2.537342 4.767606
xbest 41.80594 383.4966 0.9599214 24.07428 285.9380 46.26750 26.43366 2.104224 2.549175 5.000000
xbest 39.32062 389.1482 0.4233455 23.43162 285.9349 47.68514 26.54245 2.127274 2.769109 4.865805
xbest 41.02335 379.9301 0.6205645 23.64077 285.9269 47.11288 26.23344 2.158528 2.933429 4.531136
xbest 41.02335 379.9301 0.6430645 23.64077 285.9269 47.11268 26.23344 2.158528 2.933429 4.531136
xbest 47.23393 373.3599 0.6168010 23.98342 285.9273 39.44894 26.72243 2.959315 2.790633 3.848533
xbest 47.35501 374.1783 0.6138084 24.02824 285.9534 39.53491 27.15547 2.937334 2.707802 3.646352
xbest 47.20241 373.3951 0.6138178 23.97711 285.9279 39.44129 27.05574 2.949151 2.804294 3.657127
xbest 47.20241 373.3951 0.6588178 23.97711 285.9279 39.44129 27.05574 2.949151 2.804294 3.657127
xbest 47.97704 373.4621 0.6434876 24.02568 285.9661 39.27229 26.88860 2.947238 2.681535 3.769223
xbest 47.05690 374.0206 0.6520709 23.87521 285.6472 39.86643 26.97384 2.244576 2.780485 3.297957
xbest 47.03342 374.0206 0.5732550 23.87521 285.6472 39.86643 26.97384 2.244576 2.755485 3.488327
xbest 47.33497 374.4923 0.6430026 23.92133 285.7798 39.67111 29.13381 2.176790 2.873727 3.612597
xbest 47.33497 374.4923 0.6430026 23.92133 285.7798 39.66412 29.21506 2.176790 2.861227 3.652427
xbest 47.51269 374.4506 0.6521618 23.97095 285.7849 39.69224 29.13180 2.182773 2.799452 3.630058
xbest 47.51269 374.4506 0.6521618 23.97095 285.7849 39.69224 29.13180 2.182773 2.786952 3.630058
xbest 47.45999 373.7778 0.6263110 23.90424 285.7841 39.67006 29.14222 2.182006 2.858496 3.601151
xbest 47.45999 373.6997 0.6038110 23.90424 285.7841 39.67006 29.14222 2.182006 2.858496 3.601151
xbest 47.46414 378.3613 0.6174880 23.89484 285.7817 39.67272 29.13912 2.181754 2.744878 3.600150
xbest 47.49343 373.1521 0.5838129 23.90559 285.7840 39.66755 29.14309 2.182978 2.859984 3.600790
xbest 47.48602 373.2095 0.5201311 23.90541 285.7835 39.66840 29.14546 2.182531 2.847772 3.599734
xbest 47.54696 377.8666 0.5427319 23.94042 285.7862 39.66690 29.15483 2.182729 2.694385 3.608482
xbest 47.54368 377.8472 0.5406505 23.95014 285.7868 39.66687 29.15612 2.182793 2.687517 3.609148
xbest 47.55967 377.9379 0.5423958 23.98182 285.7876 39.66638 29.15994 2.182809 2.660624 3.612134
xbest 47.60817 379.3379 0.5566494 23.97081 285.7874 39.66438 29.16275 2.183006 2.615561 3.620875
xbest 47.60817 378.7129 0.5341494 23.97081 285.7874 39.66438 29.16275 2.183006 2.628061 3.614937
xbest 47.60817 378.7129 0.5341494 23.97081 285.7874 39.66438 29.16275 2.183006 2.628061 3.614937

$time
elapsed elapsed elapsed elapsed elapsed elapsed elapsed elapsed elapsed elapsed elapsed elapsed elapsed elapsed elapsed elapsed elapsed elapsed elapsed elapsed elapsed elapsed elapsed elapsed elapsed 
   1.50    3.95    6.26   11.09   13.51   15.78   20.56   24.95   27.28   29.47   30.76   35.67   43.08   45.59   56.00   91.42  154.62  156.39  232.58  234.01  255.56  259.83  308.20  309.56  350.36 
elapsed elapsed elapsed elapsed elapsed elapsed elapsed elapsed 
 353.93  363.34  368.75  373.29  375.51  378.92  400.34  525.62 

$neval
 [1]   106   259   398   690   834   970  1251  1526  1664  1801  1879  2151  2563  2701  3309  5206  8800  8908 13272 13366 14587 14798 17517 17597 19895 20101 20645 20921 21198 21336 21540 22836
[33] 30080

$fbest
[1] 118.9705

$xbest
 [1]  47.6081678 378.7128720   0.5341494  23.9708124 285.7873957  39.6643752  29.1627459   2.1830057   2.6280608   3.6149372

$numeval
[1] 30080

$end_crit
[1] 1

$cpu_time
elapsed 
 525.62 

$Refset
$Refset$x
          [,1]     [,2]      [,3]     [,4]     [,5]     [,6]     [,7]     [,8]     [,9]    [,10]
 [1,] 47.43385 373.5510 0.5253516 23.91164 285.7890 39.67732 29.14270 2.175760 2.838734 3.659234
 [2,] 47.44514 373.6214 0.5224807 23.90569 285.7854 39.67613 29.14076 2.178002 2.836981 3.649035
 [3,] 47.44135 373.7226 0.5241350 23.90335 285.7840 39.67650 29.13756 2.181456 2.835431 3.620972
 [4,] 62.58438 403.7741 0.5358334 25.51520 286.9959 39.67555 29.28418 3.926402 6.210161 4.000328
 [5,] 47.43463 373.8049 0.5275141 23.90316 285.7827 39.67093 29.13387 2.182674 2.834431 3.599546
 [6,] 47.43642 373.6107 0.5247655 23.90627 285.7881 39.67685 29.13906 2.180200 2.837419 3.617470
 [7,] 47.48605 374.0760 0.5275096 23.89317 285.7839 39.66428 29.17788 2.181573 2.825260 3.599450
 [8,] 47.47395 374.6427 0.5245827 23.87396 285.7841 39.68021 29.15096 2.182334 2.825205 3.593658
 [9,] 47.55871 374.1252 0.5236748 23.88673 285.7838 39.67859 29.14863 2.182139 2.825139 3.598926
[10,] 47.43753 373.8877 0.5260053 23.89900 285.7843 39.67556 29.14656 2.181183 2.834644 3.611054
[11,] 47.42665 373.7479 0.5255606 23.90577 285.7849 39.67526 29.13813 2.180120 2.836544 3.616547
[12,] 47.47299 373.8291 0.5249032 23.89897 285.7808 39.67286 29.00624 2.183170 2.841070 3.621395

$Refset$f
 [1]   120.3681   120.5469   120.7049 12847.7517   120.7309   120.7049   120.9288   121.0382   121.0017   120.7309   120.7049   123.5747

$Refset$fpen
 [1]   120.3681   120.5469   120.7049 50020.1151   120.7309   120.7049   120.9288   121.0382   121.0017   120.7309   120.7049   123.5747

$Refset$const
          [,1]     [,2]     [,3]     [,4]     [,5]
 [1,] 21.07291 33.16127 12.08836 1.607218 2.632503
 [2,] 21.06871 33.16302 12.09431 1.607642 2.631471
 [3,] 21.06792 33.16457 12.09665 1.607814 2.630829
 [4,] 19.30504 29.78984 10.48480 1.462828 3.101129
 [5,] 21.06873 33.16557 12.09684 1.607962 2.630524
 [6,] 21.06885 33.16258 12.09373 1.607328 2.632013
 [7,] 21.06791 33.17474 12.10683 1.607771 2.634550
 [8,] 21.04876 33.17479 12.12604 1.607785 2.631677
 [9,] 21.06159 33.17486 12.11327 1.607826 2.631503
[10,] 21.06435 33.16536 12.10100 1.607769 2.631641
[11,] 21.06922 33.16346 12.09423 1.607707 2.631176
[12,] 21.05790 33.15893 12.10103 1.608313 2.620275

$Refset$penalty
 [1] 0.00000000 0.00000000 0.00000000 0.03717236 0.00000000 0.00000000 0.00000000 0.00000000 0.00000000 0.00000000 0.00000000 0.00000000


