$f
 [1] 799.0382 433.8698 427.9878 314.2986 300.1562 253.3681 241.4670 211.1528 198.8837 185.7587 171.9149 158.1198 154.5295 143.3142 142.2899 138.0260 137.9635 137.9583 137.9566 137.8160 137.8160

$x
          [,1]     [,2]      [,3]     [,4]     [,5]     [,6]     [,7]     [,8]     [,9]    [,10]
xbest 24.98739 426.8509 0.1062138 18.80568 284.4260 40.27567 36.84402 4.839922 6.126829 4.662370
xbest 26.51882 384.2358 0.1000000 18.21904 284.5951 44.75142 37.22699 4.329799 6.332268 5.000000
xbest 26.54225 384.2358 0.1000000 18.03154 284.5951 44.75142 37.22699 4.329799 6.332268 5.000000
xbest 44.98093 386.7436 0.6402197 17.15827 285.3706 43.98995 35.22810 4.979939 5.985110 3.823160
xbest 47.58127 424.9862 0.8221327 15.56655 286.0277 41.59192 27.38552 4.929508 6.439461 3.148326
xbest 45.99980 426.8538 0.8910681 16.76271 286.3009 40.91891 32.05868 5.538740 6.422348 3.133616
xbest 43.11131 426.8358 0.8912878 16.98101 286.0499 40.44457 31.18509 5.813313 6.405799 3.130245
xbest 47.88760 423.0897 0.9053305 15.18646 286.5792 41.93654 26.83496 2.802078 7.336260 3.169138
xbest 43.08144 411.1715 0.9921550 15.73058 286.3585 46.17910 30.10849 4.014617 7.549348 3.165188
xbest 42.09708 350.9700 0.2931256 16.79483 284.7491 43.42548 30.26347 3.748773 7.333617 3.431737
xbest 43.13716 404.6483 0.9916793 15.75565 286.3604 46.07609 30.20644 3.674604 7.661567 3.165342
xbest 43.13716 404.6483 0.9916793 15.37479 286.3580 46.07609 30.18612 3.674604 7.749067 3.165342
xbest 42.61424 387.2806 0.9951430 15.01675 286.3166 46.93624 31.87097 3.982523 8.137995 3.234166
xbest 42.61838 387.5931 0.8664063 15.02758 286.3260 46.94508 31.94504 3.982523 8.155673 3.234166
xbest 42.98145 389.8749 0.9052280 15.30690 286.3149 46.96150 31.78766 3.947671 7.820216 3.220674
xbest 42.98145 389.8749 0.8152280 15.30690 286.3149 46.96150 31.78766 3.947671 7.820216 3.226611
xbest 42.96173 389.4757 0.8869354 15.31738 286.3115 46.95260 31.78655 3.947635 7.850794 3.234422
xbest 42.94762 389.4971 0.8900533 15.33222 286.3109 46.95880 31.78057 3.947368 7.842976 3.233113
xbest 42.95420 389.5876 0.8876504 15.32289 286.3118 46.96389 31.77903 3.947471 7.845265 3.233966
xbest 42.95589 389.3108 0.8865518 15.32187 286.3105 46.96446 31.78694 3.947988 7.851616 3.233161
xbest 42.95589 389.3108 0.8865518 15.32187 286.3105 46.96446 31.78694 3.947988 7.851616 3.233161

$time
elapsed elapsed elapsed elapsed elapsed elapsed elapsed elapsed elapsed elapsed elapsed elapsed elapsed elapsed elapsed elapsed elapsed elapsed elapsed elapsed elapsed 
   1.81    5.01    6.76    9.92   12.90   16.04   18.93   21.87   24.86   28.12   36.57   38.67   80.95   83.62  134.89  136.62  380.68  421.15  497.50  575.26  639.62 

$neval
 [1]   106   260   339   483   626   774   913  1056  1195  1332  1750  1853  3759  3891  6182  6265 17976 19821 23329 26944 30006

$fbest
[1] 137.816

$xbest
 [1]  42.9558924 389.3107604   0.8865518  15.3218738 286.3104796  46.9644636  31.7869428   3.9479883   7.8516164   3.2331608

$numeval
[1] 30006

$end_crit
[1] 1

$cpu_time
elapsed 
 639.62 

$Refset
$Refset$x
          [,1]     [,2]      [,3]     [,4]     [,5]     [,6]     [,7]     [,8]     [,9]    [,10]
 [1,] 42.95003 389.2934 0.8826400 15.31960 286.3101 46.96459 31.78540 3.947875 7.853483 3.233431
 [2,] 42.95113 389.3157 0.8814218 15.32014 286.3104 46.96599 31.78928 3.947884 7.851801 3.233384
 [3,] 42.95555 389.3043 0.8862507 15.32204 286.3104 46.96443 31.78565 3.947988 7.851651 3.233266
 [4,] 42.95582 389.2962 0.8848804 15.32189 286.3105 46.96453 31.78717 3.947864 7.851760 3.233461
 [5,] 42.95238 389.3580 0.8843592 15.32215 286.3104 46.96400 31.78906 3.947920 7.850371 3.234236
 [6,] 42.95397 389.3538 0.8844951 15.31932 286.3104 46.96419 31.78744 3.947998 7.851941 3.232107
 [7,] 42.96114 389.2736 0.8862746 15.31890 286.3104 46.96313 31.78016 3.947653 7.853824 3.233232
 [8,] 42.94238 389.2888 0.8832042 15.32297 286.3095 46.96312 31.76935 3.947575 7.853359 3.232502
 [9,] 42.95046 389.3015 0.8833450 15.31923 286.3102 46.96424 31.78337 3.947864 7.853334 3.233299
[10,] 42.19458 395.2864 0.8870271 15.29515 286.3054 47.07162 31.77416 3.947786 7.841787 2.927632
[11,] 42.69282 395.1761 0.7937417 17.03359 286.3046 46.63926 32.39902 4.066409 6.528012 3.263616
[12,] 45.60336 382.8798 0.8299865 15.47171 286.2254 45.91310 32.21238 3.868008 6.826783 3.348800

$Refset$f
 [1] 137.8160 137.8160 137.8160 137.8160 137.8160 137.8160 137.8229 137.8177 137.9635 143.4340 168.0625 255.9045

$Refset$fpen
 [1] 137.8160 137.8160 137.8160 137.8160 137.8160 137.8160 137.8229 137.8177 137.9635 143.4340 168.0625 255.9045

$Refset$const
           [,1]     [,2]     [,3]     [,4]     [,5]
 [1,]  7.466120 28.14652 20.68040 1.551597 2.617027
 [2,]  7.468336 28.14820 20.67986 1.551566 2.617283
 [3,]  7.470393 28.14835 20.67796 1.551561 2.617153
 [4,]  7.470126 28.14824 20.67811 1.551552 2.617264
 [5,]  7.471784 28.14963 20.67785 1.551556 2.617379
 [6,]  7.467381 28.14806 20.68068 1.551565 2.617254
 [7,]  7.465072 28.14618 20.68110 1.551577 2.616847
 [8,]  7.469612 28.14664 20.67703 1.551696 2.615881
 [9,]  7.465897 28.14667 20.68077 1.551595 2.616931
[10,]  7.453358 28.15821 20.70485 1.552258 2.610343
[11,] 10.505575 29.47199 18.96641 1.550601 2.667911
[12,]  8.644925 29.17322 20.52829 1.558924 2.662512

$Refset$penalty
 [1] 0 0 0 0 0 0 0 0 0 0 0 0


