$f
 [1] 108.40625  91.57812  85.21701  85.18750  84.09028  81.99306  78.64931  72.11979  70.39062  60.95660  60.05035  59.34201  59.21528  55.34549  54.72743  54.54688  54.33854  54.15278  54.04861
[20]  54.01563  53.91319  53.59896  53.25694  53.23958  53.04514  52.95486  52.94792  52.94792

$x
          [,1]     [,2]      [,3]     [,4]     [,5]     [,6]     [,7]     [,8]     [,9]    [,10]
xbest 38.54351 370.6470 0.4837864 17.10323 284.4551 44.56958 26.57469 2.200913 8.701759 2.645714
xbest 49.53228 320.1290 0.8004691 22.72798 284.0650 29.99627 29.24378 2.000000 6.210452 1.250247
xbest 49.53228 327.6290 0.8904691 22.72798 284.0533 29.79627 29.24378 2.050000 6.235452 1.321497
xbest 39.41540 352.7011 0.6386452 19.73012 284.0000 41.25845 26.24841 2.521056 7.275379 1.771132
xbest 44.10850 402.0925 0.5808068 16.41198 284.1527 38.82632 27.04470 2.123638 8.033650 3.143745
xbest 46.18446 331.5882 0.7197682 22.78997 284.9794 37.45197 31.93943 2.645330 5.712831 2.271825
xbest 45.18133 332.6563 0.6818694 22.80071 285.0986 40.21462 34.02102 2.629992 5.372459 2.250645
xbest 45.27508 333.9063 1.0000000 22.76555 285.0705 40.23962 33.85852 2.629992 5.372459 2.250645
xbest 48.05713 411.8706 0.3334616 15.00000 284.0844 35.78328 26.62303 2.000104 8.679515 3.162798
xbest 48.05713 411.8706 0.3224590 15.00000 284.1031 35.78328 26.62303 2.000000 8.486503 3.109692
xbest 50.70604 372.5548 0.8335441 27.33367 284.0214 30.45382 28.71732 2.068443 2.103772 1.961163
xbest 50.70604 372.5548 0.8335441 27.33367 284.0026 30.45382 28.71732 2.068443 2.103772 1.961163
xbest 50.68392 372.7986 0.8670609 26.93136 284.0311 30.89862 29.03918 2.128292 2.238794 1.890737
xbest 50.89356 372.7986 0.9120609 26.93136 284.0000 30.89862 28.67582 2.128292 2.238794 1.890737
xbest 50.63824 371.1730 0.8734061 27.09136 284.0099 30.93896 28.93693 2.139814 2.197856 1.865037
xbest 50.66167 371.1730 0.8509061 27.09136 284.0099 30.93896 28.93693 2.139814 2.197856 1.865037
xbest 50.68215 373.5959 0.8566497 26.69153 284.0086 30.77721 28.93150 2.112093 2.381394 1.895524
xbest 50.68215 373.5959 0.8791497 26.69080 284.0086 30.77721 28.93150 2.112093 2.381394 1.895524
xbest 49.12199 353.2893 0.8621535 27.44658 284.0121 32.42828 29.83913 2.046904 2.327653 1.906897
xbest 49.11613 353.2893 0.8621535 27.44658 284.0121 32.42828 29.83913 2.046904 2.327653 1.906897
xbest 49.12365 353.2904 0.8623174 27.43924 284.0115 32.42742 29.84002 2.045585 2.361721 1.906910
xbest 49.08695 353.3084 0.8598306 27.52225 284.0282 32.39250 29.87795 2.042242 2.326763 1.906036
xbest 49.08695 353.3084 0.8598306 27.52225 284.0282 32.39250 29.87795 2.054742 2.326763 1.906036
xbest 49.07275 353.5482 0.8600938 27.51062 284.0213 32.44183 29.79800 2.047238 2.335993 1.915364
xbest 49.07275 353.5482 0.8375938 27.51062 284.0213 32.44183 29.79800 2.047238 2.335993 1.915364
xbest 49.17905 353.6665 0.8600046 27.49107 284.0193 32.44381 29.78567 2.047318 2.326396 1.915978
xbest 49.17905 353.6665 0.8375046 27.49107 284.0193 32.44381 29.78567 2.047318 2.326396 1.915978
xbest 49.17905 353.6665 0.8375046 27.49107 284.0193 32.44381 29.78567 2.047318 2.326396 1.915978

$time
elapsed elapsed elapsed elapsed elapsed elapsed elapsed elapsed elapsed elapsed elapsed elapsed elapsed elapsed elapsed elapsed elapsed elapsed elapsed elapsed elapsed elapsed elapsed elapsed elapsed 
   1.10    5.49    7.38   13.20   15.24   25.77   27.77   29.58   52.20   53.89  136.50  137.52  174.99  176.24  217.70  218.89  296.05  297.25  353.99  355.11  365.80  374.38  377.85  442.13  443.38 
elapsed elapsed elapsed 
 458.39  466.14  467.28 

$neval
 [1]   106   403   535   958  1097  1779  1913  2044  3525  3645  9043  9117 11527 11617 14309 14388 19427 19511 23041 23115 23801 24348 24559 28678 28752 29695 30167 30168

$fbest
[1] 52.94792

$xbest
 [1]  49.1790510 353.6665121   0.8375046  27.4910721 284.0193293  32.4438098  29.7856747   2.0473177   2.3263957   1.9159785

$numeval
[1] 30168

$end_crit
[1] 1

$cpu_time
elapsed 
 467.28 

$Refset
$Refset$x
           [,1]        [,2]        [,3]      [,4]       [,5]      [,6]       [,7]       [,8]      [,9]    [,10]
 [1,]  49.17905   0.8375046 284.0193293 29.785675   2.326396  49.17905  0.8375046 284.019329 29.785675 2.326396
 [2,] 353.66651  27.4910721  32.4438098  2.047318   1.915978 353.66651 27.4910721  32.443810  2.047318 1.915978
 [3,] 353.54824  27.5106152  32.4418328  2.047238   1.915364 353.54824 27.5106152  32.441833  2.047238 1.915364
 [4,]  49.01772 353.5505714   0.8600203 27.519073 284.020554  32.44137 29.7951694   2.047232  2.341266 1.915071
 [5,]  48.48588 354.2715424   0.8535594 27.362911 284.016360  32.45888 29.7610129   2.046678  2.327813 1.925570
 [6,]  48.78447 353.8823984   0.8548469 27.286318 284.013442  32.43579 29.7570927   2.048862  2.323668 1.927280
 [7,]  49.08691 353.5821587   0.8612019 27.487040 284.014022  32.43754 29.8198466   2.045117  2.333976 1.907476
 [8,]  51.87886 373.8030586   0.8470809 26.939851 284.104624  30.60829 29.3037298   2.092564  2.181643 2.059312
 [9,]  51.34276 375.7285131   0.8455646 26.886543 284.107268  30.65741 28.8412708   2.100799  2.226288 2.059167
[10,]  51.20412 374.6656515   0.8454075 26.894506 284.105667  30.66027 28.8401533   2.101537  2.229800 2.058333
[11,]  51.33937 374.3228790   0.8460566 26.924621 284.106437  30.65631 28.8429600   2.099890  2.211789 2.060297
[12,]  51.22305 374.7857675   0.8456064 26.898462 284.105915  30.67269 28.8117999   2.102648  2.235052 2.058000

$Refset$f
 [1] 52.94792 52.94792 53.04514 53.12674 53.25174 53.66840 53.79687 54.62153 54.80729 54.93750 55.02778 54.89063

$Refset$fpen
 [1] 52.94792 52.94792 53.04514 53.12674 53.25174 53.66840 53.79687 54.62153 54.80729 54.93750 55.02778 54.89063

$Refset$const
          [,1]      [,2]      [,3]      [,4]     [,5]
 [1,] 25.16468  8.508928  2.980066 33.673604 1.885282
 [2,] 33.67360  1.885282 25.164676  8.508928 2.980066
 [3,] 33.66401  1.884943 25.174622  8.489385 2.982005
 [4,] 25.17781 33.658734  8.480927  1.885092 2.981655
 [5,] 25.03510 33.672187  8.637089  1.885687 2.974914
 [6,] 24.96265 33.676332  8.713682  1.886382 2.977035
 [7,] 25.15306 33.666024  8.512960  1.886591 2.985061
 [8,] 24.75821 33.818357  9.060149  1.872286 3.161111
 [9,] 24.66025 33.773712  9.113457  1.870207 3.083979
[10,] 24.66471 33.770200  9.105494  1.870527 3.083324
[11,] 24.71283 33.788211  9.075379  1.870389 3.084333
[12,] 24.66341 33.764948  9.101538  1.870335 3.077437

$Refset$penalty
 [1] 0 0 0 0 0 0 0 0 0 0 0 0


