$f
 [1] 1089.9115  309.5469  211.3073  203.6354  200.2587  188.1840  176.1198  175.3767  172.5382  169.6215  165.9861  164.7483  150.2066  145.8507  143.2240  140.9878  139.1458  138.7344  138.0260
[20]  137.8958  136.0538  135.8941  135.1788  134.6198  133.8316  133.0191  132.7639  132.3003  132.1597  131.9983  131.9983

$x
          [,1]     [,2]      [,3]     [,4]     [,5]     [,6]     [,7]     [,8]     [,9]    [,10]
xbest 53.96782 221.1357 0.8749234 20.85936 284.7286 39.41680 31.11368 5.197731 3.286826 4.561064
xbest 37.32764 500.0000 0.6097412 19.77613 284.6601 42.90831 32.01180 3.630266 2.417180 2.133029
xbest 37.32764 500.0000 0.5309912 19.77613 284.3601 42.90831 34.61180 3.629973 2.417180 2.035153
xbest 35.56251 453.8150 0.5290283 21.28327 285.8835 48.00000 41.84899 2.456481 3.059150 2.712413
xbest 40.75699 475.6410 0.6840264 19.59773 284.9896 41.66422 32.10183 3.135880 3.573475 2.714109
xbest 35.26491 472.3403 0.5290306 21.28512 286.0260 47.83137 43.95809 2.557006 3.036351 2.713124
xbest 37.15813 465.6753 0.6735428 19.80356 284.9818 42.73791 32.36370 3.210065 4.125711 3.106426
xbest 37.15813 465.6753 0.7635428 19.80356 284.9818 42.73791 32.36370 3.210065 4.125711 3.112363
xbest 41.07849 454.2222 0.6244993 19.61971 285.1925 40.83651 34.36415 3.995670 3.995977 2.849836
xbest 41.07996 454.8472 0.6230931 19.61971 285.1737 40.83651 34.52665 3.995670 3.995977 2.843899
xbest 38.09929 470.7015 0.6654975 19.26310 285.5542 46.00395 33.53943 3.044584 3.897677 3.124758
xbest 38.06048 470.1889 0.6649031 19.26278 285.5469 46.00180 33.53840 3.059927 3.992651 3.127411
xbest 37.96384 470.8331 0.5641286 19.26278 285.3920 46.00180 33.58027 3.059927 3.886209 3.041728
xbest 37.06923 491.6756 0.7036265 17.82229 285.4988 47.99032 33.56386 3.092795 4.299853 3.391096
xbest 36.97548 491.6756 0.5461265 17.82229 285.4988 47.99032 33.56386 3.092795 4.299853 3.391096
xbest 36.89398 486.9964 0.6900140 18.14963 285.4755 47.96141 33.45595 3.091741 4.246367 3.387339
xbest 36.80023 485.7464 0.6225140 18.14963 285.4755 47.96141 33.45595 3.091741 4.246367 3.393277
xbest 36.57950 489.3327 0.6935176 17.24812 285.4350 47.90303 33.10522 3.092972 5.012171 3.370821
xbest 36.57950 489.2155 0.6485176 17.24812 285.4350 47.90303 33.10522 3.092972 5.012171 3.370821
xbest 36.53439 472.5964 0.7091112 17.63040 285.4292 47.92723 33.06602 3.094019 5.058024 3.377832
xbest 36.62913 484.1448 0.6959848 17.52004 285.4390 47.94958 33.07367 3.096585 4.922325 3.388317
xbest 36.62766 484.1035 0.7100929 17.49384 285.4146 47.92456 32.93317 3.096996 4.940862 3.387439
xbest 36.62895 484.2064 0.6940527 17.50320 285.4198 47.92810 32.97103 3.096586 4.915129 3.390121
xbest 36.62986 483.5983 0.6940521 17.63230 285.4416 47.94911 33.09968 3.095990 4.844243 3.393957
xbest 36.46719 484.3297 0.6936144 17.43572 285.4428 47.95315 33.10639 3.095464 5.021546 3.397500
xbest 36.46719 484.3297 0.7161144 17.43572 285.4428 47.95315 33.10639 3.095464 5.021546 3.397500
xbest 36.60242 486.5765 0.6960291 17.42009 285.4395 47.95232 33.10729 3.096013 4.952657 3.395879
xbest 36.60242 486.5765 0.6735291 17.42009 285.4395 47.95232 33.10729 3.096013 4.952657 3.398848
xbest 36.59669 488.4406 0.6982350 17.39871 285.4401 47.94902 33.08020 3.096411 4.933925 3.400088
xbest 36.57902 486.7852 0.6980081 17.42117 285.4381 47.95067 33.08393 3.097355 4.957789 3.396449
xbest 36.57902 486.7852 0.6980081 17.42117 285.4381 47.95067 33.08393 3.097355 4.957789 3.396449

$time
elapsed elapsed elapsed elapsed elapsed elapsed elapsed elapsed elapsed elapsed elapsed elapsed elapsed elapsed elapsed elapsed elapsed elapsed elapsed elapsed elapsed elapsed elapsed elapsed elapsed 
   1.66    4.82    7.55   14.27   20.13   25.89   28.82   39.68   72.97   75.10   96.25  105.99  109.18  206.75  208.66  299.93  301.75  389.38  390.97  418.85  426.24  429.10  432.02  435.03  441.60 
elapsed elapsed elapsed elapsed elapsed elapsed 
 454.43  525.80  527.36  573.63  655.16  674.22 

$neval
 [1]   106   261   387   671   950  1231  1368  1862  3333  3432  4365  4764  4913  9287  9373 13440 13533 17459 17541 18775 19113 19250 19385 19522 19801 20416 23546 23625 25670 29280 30051

$fbest
[1] 131.9983

$xbest
 [1]  36.5790193 486.7851685   0.6980081  17.4211660 285.4380908  47.9506711  33.0839269   3.0973549   4.9577894   3.3964495

$numeval
[1] 30051

$end_crit
[1] 1

$cpu_time
elapsed 
 674.22 

$Refset
$Refset$x
           [,1]        [,2]        [,3]      [,4]       [,5]      [,6]       [,7]       [,8]      [,9]    [,10]
 [1,]  36.57902   0.6980081 285.4380908 33.083927   4.957789  36.57902  0.6980081 285.438091 33.083927 4.957789
 [2,] 486.78517  17.4211660  47.9506711  3.097355   3.396449 486.78517 17.4211660  47.950671  3.097355 3.396449
 [3,]  36.60284 487.5373617   0.6977049 17.422669 285.437629  47.95123 33.0811078   3.096070  4.934042 3.395469
 [4,]  36.53718 487.8978535   0.6983608 17.435733 285.437706  47.95447 33.0835259   3.096460  4.928700 3.395897
 [5,]  36.60016 487.8836565   0.6969086 17.344607 285.437543  47.95038 33.0709134   3.097345  4.973673 3.396011
 [6,]  36.51250 487.9508287   0.6973096 17.435272 285.438102  47.95331 33.0763662   3.096767  4.938982 3.395925
 [7,]  36.62741 487.0000060   0.6998609 17.386354 285.439892  47.95107 33.0755607   3.096893  4.961858 3.394248
 [8,]  36.59496 487.5421006   0.6973286 17.420775 285.437359  47.95116 33.0806847   3.096168  4.934709 3.395474
 [9,]  36.60590 487.3745646   0.6977616 17.419810 285.437530  47.95121 33.0759884   3.096131  4.934444 3.395337
[10,]  36.60624 487.5287384   0.6967675 17.372631 285.437257  47.95508 33.0891103   3.096081  4.938492 3.396906
[11,]  36.55362 487.9660903   0.6978990 17.426754 285.441718  47.95481 33.0786058   3.096510  4.927176 3.395963
[12,]  36.74647 439.4291378   0.6972010 18.136507 285.443723  47.95666 34.2588711   3.156273  5.102602 3.202384

$Refset$f
 [1] 131.9983 131.9983 132.3194 132.1562 132.3507 132.3576 132.7743 132.7483 133.2760 134.5451 132.7743 188.9514

$Refset$fpen
 [1] 131.9983 131.9983 132.3194 132.1562 132.3507 132.3576 132.7743 132.7483 133.2760 134.5451 132.7743 188.9514

$Refset$const
          [,1]      [,2]      [,3]      [,4]     [,5]
 [1,] 12.46338 18.578834  2.424792 31.042211 1.646197
 [2,] 31.04221  1.646197 12.463377 18.578834 2.424792
 [3,] 12.48863 31.065958 18.577331  1.646242 2.424521
 [4,] 12.50703 31.071300 18.564267  1.646233 2.424546
 [5,] 12.37093 31.026327 18.655393  1.646234 2.423971
 [6,] 12.49629 31.061018 18.564728  1.646180 2.424275
 [7,] 12.42450 31.038142 18.613646  1.645987 2.424680
 [8,] 12.48607 31.065291 18.579225  1.646270 2.424445
 [9,] 12.48537 31.065556 18.580190  1.646244 2.424217
[10,] 12.43414 31.061508 18.627369  1.646291 2.424741
[11,] 12.49958 31.072824 18.573246  1.645790 2.425077
[12,] 13.03390 30.897398 17.863493  1.647220 2.492290

$Refset$penalty
 [1] 0 0 0 0 0 0 0 0 0 0 0 0


