$f
 [1] 598.69618 203.58333 155.82639 138.41319 138.10764 129.36806 129.32986 123.97049 121.37500 121.27431 114.39931 114.22743 107.67535 107.48611 106.55729 106.34375 106.08681 105.89757 105.36806
[20] 104.42708 104.31424 103.47049 102.92882 102.53819 102.16840 100.77604 100.75521 100.65104 100.58854 100.47222 100.44965 100.37500 100.33854 100.07813  99.84028  99.53993  99.43924  99.43924

$x
          [,1]     [,2]      [,3]     [,4]     [,5]     [,6]     [,7]     [,8]     [,9]    [,10]
xbest 28.30425 473.0139 0.2547664 20.35257 286.4025 43.44401 36.90145 2.165078 4.236437 1.400030
xbest 43.20978 471.9215 0.4605808 19.44219 285.8032 41.99030 28.55684 4.114204 3.199371 1.673475
xbest 43.20978 471.9215 0.4155808 19.44219 285.7657 42.79030 27.90684 4.114204 3.199371 1.720975
xbest 43.20978 471.9215 0.4167127 19.44219 285.7848 42.74585 28.53792 4.114204 3.199371 1.707326
xbest 43.20978 471.9215 0.4170942 19.44219 285.7946 42.74299 28.57250 4.114204 3.199371 1.706935
xbest 43.13022 471.3440 0.4205582 19.43920 285.7711 42.88594 28.26092 4.136166 3.194658 1.746150
xbest 45.58771 450.8431 0.3282009 18.74201 285.6349 41.38418 26.67966 2.282739 4.275862 2.953444
xbest 45.58771 452.2406 0.3479495 18.74201 285.6349 41.38418 26.67966 2.282739 4.306103 2.980513
xbest 43.09683 470.0197 0.4160964 19.51019 285.7852 42.71030 28.54850 4.120429 3.203602 1.759275
xbest 43.22389 472.5723 0.4535616 19.29248 285.7757 42.79343 28.53271 4.121763 3.193839 1.768641
xbest 43.22389 468.8223 0.4085616 19.38623 285.7757 42.79343 28.69521 4.121763 3.166022 1.768641
xbest 46.58155 468.0989 0.4696491 19.54744 285.6706 40.83642 28.19180 2.000000 3.342234 3.851519
xbest 46.95655 468.0989 0.3958209 19.54744 285.6682 40.83642 28.02930 2.012500 3.292234 3.863394
xbest 47.11900 472.3953 0.4567389 19.70031 285.7082 40.52659 28.64335 2.388496 3.219810 4.983182
xbest 47.11900 472.5516 0.4792389 19.70031 285.7082 40.52659 28.64335 2.388496 3.213560 4.983182
xbest 46.99443 469.4452 0.4660346 19.90577 285.6242 39.80162 27.94615 2.233257 3.232050 2.868437
xbest 46.99443 469.4452 0.4660346 19.90577 285.6242 39.80162 27.94615 2.233257 3.228925 2.868437
xbest 47.21578 471.9904 0.4663736 19.74610 285.6664 39.83524 27.96103 2.221733 3.222157 2.786044
xbest 47.21578 471.9904 0.4663736 19.74610 285.6664 39.83603 27.96103 2.221733 3.219032 2.786044
xbest 47.19674 472.0250 0.4663051 19.74574 285.6664 39.87131 27.96101 2.222137 3.234820 2.810651
xbest 47.18986 472.0259 0.4663015 19.74477 285.6656 39.87250 27.96050 2.219713 3.239289 2.816918
xbest 47.26960 471.6740 0.4664410 19.74657 285.6655 39.86711 27.96106 2.221667 3.221974 2.774739
xbest 47.26960 471.7521 0.4887652 19.74657 285.6655 39.86711 27.96106 2.221667 3.221974 2.774739
xbest 47.23277 471.8230 0.4664073 19.75178 285.6674 39.86771 27.95932 2.217800 3.213215 2.805066
xbest 47.27188 469.1145 0.4680338 19.78191 285.6626 39.86668 27.96792 2.220338 3.219157 2.799776
xbest 47.27188 469.1926 0.4455338 19.78191 285.6626 39.86668 27.96792 2.220436 3.219157 2.799776
xbest 47.75103 469.3125 0.4740557 19.74759 285.6649 39.86181 27.98683 2.220530 3.222357 2.794270
xbest 47.75103 469.3320 0.4740557 19.74759 285.6649 39.86181 27.98683 2.220530 3.222357 2.794270
xbest 47.27457 470.2357 0.4688020 19.79913 285.6643 39.86594 27.97554 2.218277 3.206653 2.812006
xbest 47.33968 470.2907 0.4670686 19.78470 285.6645 39.86623 27.97502 2.218439 3.214645 2.813055
xbest 47.28619 470.2456 0.4706048 19.79701 285.6643 39.86519 27.98890 2.218581 3.206128 2.814395
xbest 47.34602 470.3180 0.4672059 19.78064 285.6645 39.86632 27.97532 2.218457 3.215961 2.813116
xbest 47.34602 470.2985 0.4672059 19.78064 285.6645 39.86632 27.97532 2.218457 3.215961 2.813116
xbest 47.29673 470.2414 0.4688181 19.79469 285.6643 39.86112 27.98516 2.218603 3.201330 2.817947
xbest 47.32046 470.2578 0.4692924 19.79631 285.6643 39.86054 27.98326 2.218599 3.202149 2.814976
xbest 47.32329 470.2470 0.4666248 19.79324 285.6641 39.86074 27.98247 2.218635 3.200469 2.818037
xbest 47.32329 470.2470 0.4666248 19.79324 285.6641 39.86074 27.98247 2.218635 3.203594 2.818037
xbest 47.32329 470.2470 0.4666248 19.79324 285.6641 39.86074 27.98247 2.218635 3.203594 2.818037

$time
elapsed elapsed elapsed elapsed elapsed elapsed elapsed elapsed elapsed elapsed elapsed elapsed elapsed elapsed elapsed elapsed elapsed elapsed elapsed elapsed elapsed elapsed elapsed elapsed elapsed 
   1.67    4.49    6.28   15.74   18.56   27.30   30.30   38.74   63.27   69.31   71.69  162.56  165.19  272.53  274.14  372.55  374.03  415.19  416.85  436.39  439.00  444.27  446.03  472.10  474.97 
elapsed elapsed elapsed elapsed elapsed elapsed elapsed elapsed elapsed elapsed elapsed elapsed elapsed 
 476.88  542.61  544.00  587.78  592.31  601.24  610.06  620.38  626.92  649.41  652.27  653.77  661.49 

$neval
 [1]   106   257   351   776   919  1345  1481  1874  2957  3229  3335  7395  7523 12394 12477 16956 17030 18834 18917 19879 20018 20292 20376 21579 21717 21802 24671 24744 26921 27127 27534 27937
[33] 28422 28697 29650 29787 29860 30130

$fbest
[1] 99.43924

$xbest
 [1]  47.3232868 470.2470241   0.4666248  19.7932427 285.6641001  39.8607439  27.9824687   2.2186351   3.2035940   2.8180373

$numeval
[1] 30130

$end_crit
[1] 1

$cpu_time
elapsed 
 661.49 

$Refset
$Refset$x
           [,1]        [,2]        [,3]      [,4]       [,5]      [,6]       [,7]       [,8]      [,9]    [,10]
 [1,]  47.32329   0.4666248 285.6641001 27.982469   3.203594  47.32329  0.4666248 285.664100 27.982469 3.203594
 [2,] 470.24702  19.7932427  39.8607439  2.218635   2.818037 470.24702 19.7932427  39.860744  2.218635 2.818037
 [3,]  47.44419 470.2763103   0.4703009 19.760208 285.664778  39.86502 27.9776532   2.218578  3.228713 2.813659
 [4,]  47.31684 470.2450917   0.4687275 19.794787 285.664293  39.86108 27.9843476   2.218541  3.203925 2.815626
 [5,]  47.28443 470.2410745   0.4707839 19.798131 285.664383  39.86392 27.9909427   2.218566  3.206802 2.815204
 [6,]  47.28538 470.2230686   0.4682709 19.795107 285.664438  39.86475 27.9915413   2.218602  3.207916 2.815559
 [7,]  47.34602   0.4672059 285.6645327 27.975322   3.215961  47.34602  0.4672059 285.664533 27.975322 3.215961
 [8,] 470.29848  19.7806431  39.8663205  2.218457   2.813116 470.29848 19.7806431  39.866321  2.218457 2.813116
 [9,]  47.43682 470.1697118   0.4662869 19.775235 285.666408  39.86838 27.9763958   2.222164  3.212627 2.822429
[10,]  47.44608 467.3824028   0.4666244 19.909014 285.668177  39.77909 28.1689446   2.215121  3.168686 2.820108
[11,]  43.81133 472.7714081   0.4178421 19.781066 285.574089  39.86193 27.5105461   2.435374  4.058928 2.808624
[12,]  43.05820 317.1442361   1.0000000 15.962730 284.000000  43.50977 42.0895149   2.000000  7.271628 2.085715

$Refset$f
 [1]  99.43924  99.43924  99.79167  99.84028 100.04514 100.04514 100.33854 100.33854 101.45139 103.22396 215.41667 935.67708

$Refset$fpen
 [1]  99.43924  99.43924  99.79167  99.84028 100.04514 100.04514 100.33854 100.33854 101.45139 103.22396 215.41667 935.67708

$Refset$const
           [,1]      [,2]     [,3]      [,4]     [,5]
 [1,] 16.589649 16.206757  2.50719 32.796406 1.621959
 [2,] 32.796406  1.621959 16.58965 16.206757 2.507190
 [3,] 16.531496 32.771287 16.23979  1.621881 2.506805
 [4,] 16.590862 32.796075 16.20521  1.621939 2.507350
 [5,] 16.591329 32.793198 16.20187  1.621931 2.507693
 [6,] 16.587190 32.792084 16.20489  1.621924 2.507707
 [7,] 16.564683 16.219357  2.50652 32.784039 1.621906
 [8,] 32.784039  1.621906 16.56468 16.219357 2.506520
 [9,] 16.562608 32.787373 16.22476  1.621697 2.506939
[10,] 16.740328 32.831314 16.09099  1.621586 2.525315
[11,] 15.722138 31.941072 16.21893  1.631467 2.454130
[12,]  8.691103 28.728372 20.03727  1.896013 3.204753

$Refset$penalty
 [1] 0 0 0 0 0 0 0 0 0 0 0 0


