$f
 [1] 1146.4497 1030.8767  882.7222  832.5417  811.6736  808.7118  763.8177  751.7951  731.3802  730.7274  711.1233  691.0243  689.8455  687.2465  686.3976  684.3750  683.1337  683.0122  682.2361
[20]  680.9045  678.1823  678.0625  675.4913  672.6424  671.7917  671.6111  670.1545  670.1545

$x
          [,1]     [,2]      [,3]     [,4]     [,5]     [,6]     [,7]     [,8]      [,9]    [,10]
xbest 36.11537 340.4745 0.2312318 18.64730 286.4213 46.50127 38.05671 4.574692  6.647890 4.216300
xbest 39.72624 311.8776 0.1264153 17.71162 286.1331 47.98620 27.79677 3.612158  6.489811 4.277556
xbest 39.72624 331.1745 0.1236028 17.70869 286.2081 47.98620 27.47177 3.612158  6.485123 4.277556
xbest 32.48764 326.9013 0.1707428 15.20026 286.2012 48.00000 28.41148 3.680673  9.765457 5.000000
xbest 32.44076 326.9013 0.1707428 15.01276 286.2018 48.00000 28.41148 3.680673  9.765457 5.000000
xbest 37.81732 313.7717 0.1552443 15.00000 286.1460 43.30861 27.73169 3.986503 10.000000 2.008642
xbest 40.38466 272.2797 0.1034565 15.00000 286.0082 43.46599 27.39011 3.839554 10.000000 2.323850
xbest 40.29091 272.2797 0.1000879 15.00000 285.9895 43.46599 27.39011 3.839554 10.000000 2.323850
xbest 35.34212 263.9327 0.1000000 15.00000 285.9996 48.00000 26.99071 4.304132 10.000000 1.325475
xbest 35.33041 263.9327 0.1000000 15.00000 285.9996 48.00000 26.99071 4.304132  9.990625 1.325475
xbest 34.04728 309.6502 0.1657103 15.06098 285.8648 46.54608 28.00340 4.257088  9.972464 1.950366
xbest 34.00005 309.6502 0.1657103 15.01771 285.8672 46.54608 28.00852 4.257088  9.946677 1.948122
xbest 34.90330 306.9642 0.1692372 15.00598 285.8751 46.52788 27.99460 4.254991  9.888691 1.949611
xbest 34.90330 306.9642 0.1692372 15.00598 285.8751 46.52788 27.99460 4.254991  9.891816 1.949611
xbest 34.64865 307.3266 0.1669714 15.00607 285.8737 46.56330 28.07817 4.255329  9.921058 1.948704
xbest 34.55490 307.3266 0.1669714 15.00000 285.8737 46.55705 28.07817 4.255329  9.908558 1.948704
xbest 34.72352 305.4364 0.1669687 15.00532 285.8741 46.56104 28.08139 4.255359  9.887304 1.948696
xbest 34.71043 304.9017 0.1655961 15.00499 285.8741 46.57896 28.10246 4.255302  9.886821 1.948699
xbest 34.35594 305.6144 0.1684957 15.00687 285.8763 46.55539 28.04369 4.254993  9.956801 1.949610
xbest 35.13400 305.0055 0.1728454 15.00667 285.8711 46.54697 28.06991 4.255015  9.924472 1.949422
xbest 35.22775 304.3805 0.1728454 15.00000 285.8711 46.54697 28.06991 4.255015  9.936972 1.949422
xbest 34.87964 306.0767 0.1713442 15.00538 285.8681 46.55224 28.05899 4.255237  9.926379 1.950273
xbest 35.01856 302.0628 0.1517873 15.00629 285.8784 46.55845 28.05028 4.254156  9.957580 1.951387
xbest 35.13566 305.4537 0.1609876 15.00594 285.8675 46.53731 28.07670 4.255092  9.944148 1.950029
xbest 35.17251 305.4962 0.1619019 15.00598 285.8648 46.52929 28.08006 4.254879  9.941622 1.949995
xbest 35.16660 305.6049 0.1607278 15.00555 285.8652 46.51736 28.08224 4.254545  9.935623 1.950307
xbest 35.16660 305.6830 0.1607278 15.00000 285.8651 46.52048 28.08224 4.254545  9.935623 1.950307
xbest 35.16660 305.6830 0.1607278 15.00000 285.8651 46.52048 28.08224 4.254545  9.935623 1.950307

$time
elapsed elapsed elapsed elapsed elapsed elapsed elapsed elapsed elapsed elapsed elapsed elapsed elapsed elapsed elapsed elapsed elapsed elapsed elapsed elapsed elapsed elapsed elapsed elapsed elapsed 
   1.76    4.79    7.14   27.78   38.43   59.15   62.14   70.15  141.09  142.75  224.51  227.04  324.17  325.61  355.31  357.26  372.00  375.61  378.53  387.70  389.51  449.09  477.40  484.58  493.67 
elapsed elapsed elapsed 
 499.54  512.28  645.09 

$neval
 [1]   106   259   376  1361  1863  2807  2944  3321  6552  6631 10412 10535 15010 15083 16413 16505 17182 17321 17459 17879 17969 20975 22274 22614 23021 23293 23920 30041

$fbest
[1] 670.1545

$xbest
 [1]  35.1665959 305.6829950   0.1607278  15.0000000 285.8650798  46.5204826  28.0822373   4.2545455   9.9356227   1.9503073

$numeval
[1] 30041

$end_crit
[1] 1

$cpu_time
elapsed 
 645.09 

$Refset
$Refset$x
          [,1]     [,2]      [,3]     [,4]     [,5]     [,6]     [,7]     [,8]     [,9]    [,10]
 [1,] 35.06296 304.2722 0.1582667 15.01188 285.8702 46.53169 28.07439 4.254663 9.957324 1.949257
 [2,] 35.09110 304.3254 0.1578322 15.01172 285.8678 46.53308 28.08470 4.254909 9.946873 1.949846
 [3,] 35.09724 304.2838 0.1581386 15.01160 285.8639 46.53300 28.09910 4.254982 9.951220 1.950255
 [4,] 34.99978 304.3469 0.1571137 15.01235 285.8679 46.53611 28.10248 4.254556 9.960054 1.949408
 [5,] 34.77756 299.9530 0.1575284 15.01500 285.8648 46.53537 27.92369 4.255781 9.978721 1.952950
 [6,] 34.85416 301.2639 0.1641733 15.01104 285.8641 46.55368 28.17124 4.255578 9.952625 1.947604
 [7,] 34.98341 302.6217 0.1669409 15.00486 285.8812 46.58115 28.01915 4.255233 9.927707 1.949449
 [8,] 35.32102 302.7547 0.1683119 15.00226 285.8772 46.67926 28.02360 4.255838 9.958798 1.966115
 [9,] 35.03996 303.0171 0.1497474 15.00718 285.8719 46.55484 27.86262 4.258486 9.953456 1.948465
[10,] 34.61277 298.8822 0.1555371 15.01365 285.8650 46.54362 27.80884 4.262047 9.981141 1.951891
[11,] 35.10984 302.6341 0.1599801 15.00409 285.8648 46.55846 28.08867 4.255107 9.940428 1.951082
[12,] 34.96451 302.6598 0.1603895 15.00448 285.8765 46.46870 28.07454 4.256167 9.963805 1.978838

$Refset$f
 [1] 670.5417 672.3698 672.3698 672.5243 680.2413 681.1701 681.8108 683.1892 676.9705 693.9010 694.1094 697.4323

$Refset$fpen
 [1] 670.5417 672.3698 672.3698 672.5243 680.2413 681.1701 681.8108 683.1892 676.9705 693.9010 694.1094 697.4323

$Refset$const
          [,1]     [,2]     [,3]     [,4]     [,5]
 [1,] 5.054561 26.04268 20.98812 1.596653 2.300579
 [2,] 5.064851 26.05313 20.98828 1.596878 2.300530
 [3,] 5.060377 26.04878 20.98840 1.597261 2.300354
 [4,] 5.052296 26.03995 20.98765 1.596898 2.301371
 [5,] 5.036278 26.02128 20.98500 1.596887 2.291433
 [6,] 5.058414 26.04738 20.98896 1.597340 2.303488
 [7,] 5.077157 26.07229 20.99514 1.595524 2.298746
 [8,] 5.043466 26.04120 20.99774 1.595791 2.295019
 [9,] 5.053729 26.04654 20.99282 1.596122 2.289352
[10,] 5.032506 26.01886 20.98635 1.596665 2.285320
[11,] 5.063663 26.05957 20.99591 1.597138 2.299227
[12,] 5.040675 26.03619 20.99552 1.596141 2.304031

$Refset$penalty
 [1] 0 0 0 0 0 0 0 0 0 0 0 0


