$f
 [1] 926.5955 916.1337 628.7882 600.0330 580.5191 522.9271 449.6719 407.2743 357.6875 347.5226 346.2778 341.9531 315.0694 268.0590 264.8090 245.1233 245.1024 245.0538 244.6354 244.2986 244.2726
[22] 243.4792 243.3958 242.2674 240.0833 237.9514 237.0382 236.7031 236.1302 235.4132 235.1215 235.0417 234.7257 234.5069 233.5799 233.3108 233.1319 233.1267 233.1267

$x
          [,1]     [,2]      [,3]     [,4]     [,5]     [,6]     [,7]     [,8]     [,9]    [,10]
xbest 48.73193 460.9248 0.2301705 18.71316 286.4565 41.12634 28.92937 3.697110 4.078334 3.610900
xbest 52.26192 460.1454 0.1884005 16.70572 286.0240 45.96552 24.00000 2.000000 2.000000 3.538266
xbest 51.84265 420.4579 0.1898068 16.72428 285.9444 45.99052 24.00000 2.018750 2.174989 3.491354
xbest 38.71835 394.5005 0.2837337 20.16294 285.1646 46.18626 24.76723 5.226595 4.174571 3.108295
xbest 55.16971 430.9090 0.4912485 17.64643 284.6615 35.16330 24.00000 3.108877 4.284905 2.625108
xbest 36.56252 400.5700 0.2550854 19.78169 285.1781 48.00000 24.46536 4.894407 4.054709 2.518906
xbest 43.53984 410.0425 0.4352284 17.99222 285.0348 44.27199 24.32968 4.407507 4.211246 2.617362
xbest 46.73531 424.8499 0.4225167 17.35906 284.9822 40.11251 25.97793 4.465989 4.310860 2.934279
xbest 46.73531 444.8499 1.0000000 17.35915 284.9822 40.11251 24.67793 4.465989 4.310469 2.934279
xbest 52.44792 413.4096 0.4273605 17.19586 284.9878 38.43350 25.13083 4.073062 4.348397 3.079056
xbest 52.44527 413.3981 0.4273419 17.19487 284.9876 38.43194 25.12415 4.075600 4.348458 3.064467
xbest 52.44527 413.3981 0.4723419 17.19194 284.9876 38.43194 25.12415 4.075600 4.329513 3.064467
xbest 50.18373 418.7648 0.4304311 17.17941 285.0199 39.76468 25.09713 4.117436 4.325697 3.000276
xbest 50.08993 418.9396 0.3652906 17.13251 285.0011 39.79265 25.09713 4.117436 4.354205 3.006214
xbest 50.82501 416.5594 0.4136435 16.25568 284.9195 40.21865 24.20485 4.150241 4.250684 3.120776
xbest 50.82501 416.5594 0.3928354 16.25568 284.9195 40.23193 24.12610 4.148581 4.154005 3.117716
xbest 50.86096 415.7285 0.4128248 16.25438 284.9196 40.22905 24.11930 4.149014 4.283444 3.124991
xbest 50.85511 415.7285 0.4128248 16.25438 284.9196 40.22905 24.11930 4.149014 4.283444 3.124991
xbest 50.86834 415.6826 0.4141979 16.33133 284.9229 40.23035 24.12575 4.150002 4.217199 3.117258
xbest 50.86248 415.8389 0.4141979 16.33133 284.9229 40.23035 24.12575 4.150002 4.217199 3.117258
xbest 50.86347 413.8150 0.4167776 16.31034 284.9239 40.23406 24.10588 4.149178 4.309998 3.126093
xbest 50.86252 413.2630 0.4185669 16.30129 284.9242 40.23441 24.09903 4.148177 4.341395 3.129831
xbest 50.85558 414.4255 0.4171046 16.30435 284.9236 40.23620 24.09971 4.148123 4.309839 3.128492
xbest 50.85615 411.6264 0.4194888 16.27191 284.9240 40.23610 24.08635 4.148158 4.422082 3.129393
xbest 50.21325 420.1923 0.4208407 16.50952 284.9228 40.23946 24.09618 4.149882 4.275693 3.111164
xbest 50.18550 420.5224 0.4226929 16.51315 284.9230 40.23993 24.09564 4.149766 4.266927 3.110710
xbest 50.13767 421.9567 0.4221071 16.51315 284.9229 40.24027 24.09472 4.149853 4.264948 3.110335
xbest 50.13767 421.9567 0.4221071 16.51315 284.9229 40.24027 24.09472 4.149853 4.268073 3.110335
xbest 50.10784 422.6810 0.4236938 16.57562 284.9218 40.23629 24.11899 4.150869 4.273653 3.115084
xbest 50.25105 421.4496 0.4190688 16.61955 284.9242 40.23656 24.09592 4.148673 4.219288 3.116966
xbest 50.24664 421.0442 0.4171676 16.60093 284.9232 40.23649 24.09619 4.148766 4.241938 3.117547
xbest 50.25021 421.4025 0.4200795 16.61859 284.9238 40.23656 24.09608 4.148675 4.223161 3.116935
xbest 50.01467 420.8264 0.4235996 16.60575 284.9232 40.23458 24.11871 4.150779 4.382488 3.114388
xbest 50.01467 420.8264 0.4235996 16.60575 284.9232 40.23458 24.11871 4.150779 4.382488 3.115130
xbest 49.99575 419.2237 0.4236756 16.70320 284.9223 40.23489 24.09632 4.150773 4.362290 3.117101
xbest 49.99463 419.3276 0.4237404 16.70058 284.9224 40.23497 24.09623 4.150777 4.363662 3.117116
xbest 49.99537 419.0367 0.4237880 16.69966 284.9223 40.23497 24.09601 4.150774 4.371386 3.117041
xbest 49.99537 419.0367 0.4237880 16.69966 284.9223 40.23497 24.09601 4.150774 4.371386 3.116299
xbest 49.99537 419.0367 0.4237880 16.69966 284.9223 40.23497 24.09601 4.150774 4.371386 3.116299

$time
elapsed elapsed elapsed elapsed elapsed elapsed elapsed elapsed elapsed elapsed elapsed elapsed elapsed elapsed elapsed elapsed elapsed elapsed elapsed elapsed elapsed elapsed elapsed elapsed elapsed 
   2.00    5.17   10.06   18.91   21.84   24.80   27.83   33.73   41.89   58.37   65.06   76.59   96.70  107.94  202.39  205.70  270.80  272.25  310.42  312.14  339.11  358.89  367.87  374.34  393.75 
elapsed elapsed elapsed elapsed elapsed elapsed elapsed elapsed elapsed elapsed elapsed elapsed elapsed elapsed 
 400.00  402.98  408.23  423.70  432.67  435.73  438.84  502.75  504.26  528.78  541.89  560.08  567.33  665.66 

$neval
 [1]   106   256   449   870  1009  1147  1284  1558  1932  2615  2888  3383  4317  4861  9198  9331 12174 12248 14166 14249 15467 16353 16762 17030 17910 18188 18325 18538 19216 19626 19766 19904
[33] 22691 22764 23841 24458 25269 25616 30002

$fbest
[1] 233.1267

$xbest
 [1]  49.995375 419.036690   0.423788  16.699658 284.922275  40.234967  24.096014   4.150774   4.371386   3.116299

$numeval
[1] 30002

$end_crit
[1] 1

$cpu_time
elapsed 
 665.66 

$Refset
$Refset$x
          [,1]     [,2]      [,3]     [,4]     [,5]     [,6]     [,7]     [,8]     [,9]    [,10]
 [1,] 49.96323 419.3418 0.4239979 16.71532 284.9217 40.23486 24.07197 4.150791 4.369619 3.119251
 [2,] 49.97006 419.3317 0.4240363 16.71091 284.9217 40.23481 24.07541 4.150811 4.369300 3.118359
 [3,] 49.99122 419.3086 0.4240197 16.70455 284.9220 40.23477 24.08634 4.150783 4.362675 3.116968
 [4,] 50.10530 418.6860 0.4245121 16.65788 284.9226 40.23664 24.09722 4.148881 4.356263 3.116779
 [5,] 50.01558 418.8423 0.4238856 16.68720 284.9222 40.23360 24.11009 4.150838 4.365962 3.115489
 [6,] 49.97932 419.3111 0.4240135 16.71169 284.9217 40.23479 24.07452 4.150901 4.366151 3.118513
 [7,] 49.95598 419.2750 0.4231705 16.65826 284.9219 40.23537 24.09432 4.150400 4.485336 3.119443
 [8,] 49.74281 419.0305 0.4242981 16.69075 284.9216 40.23829 24.08579 4.150519 4.503614 3.119149
 [9,] 49.96180 419.2399 0.4253977 16.79459 284.9224 40.23512 24.06495 4.150890 4.369917 3.118333
[10,] 50.10648 423.4696 0.4164607 16.78558 284.9197 40.25111 24.08649 4.149983 4.397859 3.125634
[11,] 52.75223 398.1702 0.3908980 16.84504 284.8869 38.01902 24.78940 4.054163 4.747844 3.155466
[12,] 50.03105 413.5900 0.4576636 17.11788 284.9891 37.69581 25.68559 5.014623 4.523714 2.542441

$Refset$f
 [1] 233.1267 233.1267 233.1319 233.2153 233.7674 233.6406 236.1441 237.2656 237.8750 257.4479 331.6285 373.1215

$Refset$fpen
 [1] 233.1267 233.1267 233.1319 233.2153 233.7674 233.6406 236.1441 237.2656 237.8750 257.4479 331.6285 373.1215

$Refset$const
          [,1]     [,2]     [,3]     [,4]     [,5]
 [1,] 12.34570 31.63038 19.28468 1.676625 2.120358
 [2,] 12.34161 31.63070 19.28909 1.676653 2.120547
 [3,] 12.34187 31.63733 19.29545 1.676724 2.121174
 [4,] 12.30162 31.64374 19.34212 1.676756 2.121782
 [5,] 12.32123 31.63404 19.31280 1.676913 2.122524
 [6,] 12.34554 31.63385 19.28831 1.676646 2.120499
 [7,] 12.17292 31.51466 19.34174 1.676795 2.121575
 [8,] 12.18714 31.49639 19.30925 1.676731 2.120984
 [9,] 12.42468 31.63008 19.20541 1.676509 2.120058
[10,] 12.38772 31.60214 19.21442 1.676829 2.120360
[11,] 12.09719 31.25216 19.15496 1.696391 2.237673
[12,] 12.59416 31.47629 18.88212 1.693092 2.323820

$Refset$penalty
 [1] 0 0 0 0 0 0 0 0 0 0 0 0


