$f
 [1] 965.8524 759.4618 549.4115 544.0712 540.1181 519.6076 509.9670 472.3420 469.0538 438.8628 435.1493 422.3733 422.1997 421.1042 421.0278 420.9427 420.7951 420.4427 420.4392 419.8125 418.4566
[22] 418.4566

$x
          [,1]     [,2]      [,3]     [,4]     [,5]     [,6]     [,7]     [,8]     [,9]    [,10]
xbest 45.80999 300.8555 0.2041744 21.41626 285.0830 45.41002 26.72883 3.087044 2.455368 1.878885
xbest 50.86544 291.9474 0.1105471 20.70638 284.5649 46.68106 25.02360 2.000000 2.000000 2.096030
xbest 50.49283 282.2021 0.1241532 20.71593 284.5274 46.68106 25.00245 2.050000 2.200000 2.452280
xbest 50.57718 289.2522 0.1617202 18.88490 284.4348 46.70605 24.69624 2.326828 2.965107 3.372734
xbest 50.57718 289.2522 0.1392202 18.88490 284.4349 46.70605 24.69624 2.326828 2.965107 3.372734
xbest 50.81288 284.3353 0.1568740 18.85502 284.3820 46.56729 24.68212 2.316133 3.088049 3.368342
xbest 50.27487 282.2931 0.1890896 19.72780 284.4177 46.84196 24.76082 2.132574 2.982620 3.418302
xbest 50.29831 282.2931 0.2105350 19.72780 284.4177 46.83884 24.76082 2.132574 2.983401 3.404200
xbest 50.61937 268.9346 0.1622802 19.73208 284.3055 46.70759 24.45293 2.328731 3.026988 4.068183
xbest 50.61937 268.6002 0.1622802 19.92837 284.3125 46.69509 24.39199 2.328731 3.028551 4.068183
xbest 50.92619 268.3267 0.1767119 20.16576 284.3104 46.69956 24.45062 2.327439 3.004748 4.087020
xbest 51.01994 268.3267 0.1779795 20.16576 284.3104 46.69956 24.45062 2.327439 2.982169 4.087020
xbest 51.08203 271.2949 0.1781806 19.96447 284.3093 46.70173 24.42113 2.327436 3.009361 4.091250
xbest 51.07031 271.2949 0.1781806 19.96447 284.3093 46.70173 24.42113 2.327436 3.009361 4.091250
xbest 51.07684 270.4335 0.1768945 20.00268 284.3064 46.70331 24.42442 2.327926 3.005852 4.091674
xbest 51.07760 271.2687 0.1783933 19.95979 284.3074 46.70269 24.38739 2.327678 3.013203 4.095788
xbest 51.09097 270.6329 0.1782045 19.98903 284.3073 46.70259 24.43209 2.326979 3.013713 4.096645
xbest 51.09097 270.6134 0.1782045 19.98903 284.3073 46.70259 24.43209 2.326979 3.013713 4.096645
xbest 51.07666 270.1966 0.1789570 20.00841 284.3084 46.70206 24.42893 2.327532 3.018633 4.092118
xbest 51.06732 270.2149 0.1797426 20.00465 284.3071 46.70290 24.43039 2.327782 3.018845 4.091552
xbest 51.09076 270.2149 0.1807973 20.00465 284.3071 46.70290 24.43039 2.327782 3.022361 4.091552
xbest 51.09076 270.2149 0.1807973 20.00465 284.3071 46.70290 24.43039 2.327782 3.022361 4.091552

$time
elapsed elapsed elapsed elapsed elapsed elapsed elapsed elapsed elapsed elapsed elapsed elapsed elapsed elapsed elapsed elapsed elapsed elapsed elapsed elapsed elapsed elapsed 
   3.95   11.52   19.69   90.34   94.37  108.31  161.77  167.30  414.27  421.08  526.53  531.42  802.62  806.48  863.11  870.08  914.83  952.09 1010.42 1062.67 1101.89 1509.14 

$neval
 [1]   106   256   416  1812  1891  2164  3243  3364  8230  8365 10401 10503 16202 16281 17357 17495 18372 19129 20214 21244 22014 30033

$fbest
[1] 418.4566

$xbest
 [1]  51.0907610 270.2148847   0.1807973  20.0046536 284.3071261  46.7029030  24.4303890   2.3277819   3.0223605   4.0915517

$numeval
[1] 30033

$end_crit
[1] 1

$cpu_time
elapsed 
1509.14 

$Refset
$Refset$x
          [,1]     [,2]      [,3]     [,4]     [,5]     [,6]     [,7]     [,8]     [,9]    [,10]
 [1,] 64.05614 468.3112 0.5445270 26.21369 284.2301 21.31402 27.76504 4.627048 3.887253 2.932994
 [2,] 51.06796 270.2753 0.1789756 20.00378 284.3069 46.69760 24.42572 2.327862 3.019462 4.090175
 [3,] 51.06747 270.2687 0.1789690 20.00401 284.3069 46.69795 24.42517 2.327861 3.019591 4.090071
 [4,] 51.06716 270.2905 0.1789680 20.00335 284.3070 46.69784 24.42524 2.327878 3.019414 4.090124
 [5,] 51.06749 270.2546 0.1789396 20.00347 284.3065 46.69769 24.42547 2.327886 3.019932 4.090244
 [6,] 51.06719 270.2688 0.1789702 20.00369 284.3069 46.69792 24.42551 2.327865 3.019734 4.090035
 [7,] 51.06733 270.2511 0.1790323 20.00479 284.3068 46.69791 24.42600 2.327863 3.019902 4.090195
 [8,] 51.06689 270.2713 0.1789464 20.00364 284.3067 46.69784 24.42515 2.327870 3.019635 4.090130
 [9,] 51.07341 266.9021 0.1824333 19.99238 284.3082 46.28503 25.84773 2.338268 3.095508 4.092421
[10,] 51.19635 268.6716 0.1927174 20.47687 284.2561 43.29352 37.83883 2.071488 3.097381 4.116745
[11,] 47.00032 268.9736 0.2017679 20.92289 284.3366 46.98411 35.29746 3.266340 3.013079 4.588053
[12,] 50.93176 226.7050 0.1700560 20.49355 284.3817 43.16114 24.00000 2.126132 4.199297 3.752930

$Refset$f
 [1] 27810.9635   418.5191   418.5191   418.5191   418.5191   418.5191   418.5191   418.5191   519.7795   543.0573   650.0226  1628.0469

$Refset$fpen
 [1] 3632860.8627     418.5191     418.5191     418.5191     418.5191     418.5191     418.5191     418.5191     519.7795     543.0573     650.0226    1628.0469

$Refset$const
          [,1]     [,2]      [,3]     [,4]     [,5]
 [1,] 22.32643 32.11275  9.786314 1.722739 7.105050
 [2,] 16.98432 32.98054 15.996220 1.681762 1.907287
 [3,] 16.98442 32.98041 15.995993 1.681751 1.907259
 [4,] 16.98394 32.98059 15.996647 1.681752 1.907265
 [5,] 16.98353 32.98007 15.996533 1.681780 1.907247
 [6,] 16.98396 32.98027 15.996310 1.681758 1.907271
 [7,] 16.98489 32.98010 15.995208 1.681769 1.907285
 [8,] 16.98401 32.98037 15.996355 1.681764 1.907244
 [9,] 16.89687 32.90449 16.007620 1.704040 1.975860
[10,] 17.37948 32.90262 15.523134 1.832282 2.819808
[11,] 17.90981 32.98692 15.077115 1.789735 2.430401
[12,] 16.29425 31.80070 15.506454 1.697577 1.976831

$Refset$penalty
 [1] 3.60505 0.00000 0.00000 0.00000 0.00000 0.00000 0.00000 0.00000 0.00000 0.00000 0.00000 0.00000


