$f
 [1] 349.54861 166.53993 140.15451 135.35764 122.10069 117.77431 116.53299 106.39931 105.83507 105.34375 104.51389 104.05903 103.93403 103.54687 101.98958 101.89583 101.03646  98.41319  98.40104
[20]  98.02778  97.50868  96.66667  95.79861  95.76042  95.45833  95.37153  95.32986  95.08333  94.09722  93.06597  91.36458  91.15625  91.10069  91.08681  90.87847  90.84896  90.48785  90.15972
[39]  89.64583  89.38368  89.18229  89.18229

$x
          [,1]     [,2]      [,3]     [,4]     [,5]     [,6]     [,7]     [,8]     [,9]    [,10]
xbest 20.86243 243.8064 0.7552131 23.54121 284.4944 43.59908 33.50328 4.968895 9.036854 4.415099
xbest 36.43416 500.0000 0.7234551 22.15115 284.3982 40.31899 30.19034 5.994745 2.000000 4.525260
xbest 36.43416 499.3750 0.6784551 23.04178 284.6982 40.31899 30.14972 5.994745 2.187500 4.525260
xbest 36.17417 493.6680 0.6836913 21.99481 284.3271 41.46441 30.02770 5.996603 2.447881 4.713327
xbest 36.28290 498.4844 0.6791372 22.79868 284.4699 40.56532 30.10846 5.994736 2.119508 4.614492
xbest 35.72253 423.6420 0.6814768 22.64854 284.3100 39.71559 29.87589 5.962969 3.966151 4.337916
xbest 36.75828 429.2598 0.7035698 22.24919 284.3594 40.13583 30.00416 5.983704 3.713372 4.164673
xbest 36.75828 429.2598 0.5320073 22.24919 284.3594 40.13583 30.00416 5.983704 3.688372 4.188423
xbest 36.48004 445.7374 0.7088463 21.23617 284.2881 39.73058 30.35031 5.992893 4.160010 3.956137
xbest 36.48004 445.7374 0.6638463 21.23617 284.2881 39.73058 30.35031 5.992893 4.153760 3.956137
xbest 36.51063 445.3586 0.7036769 21.26564 284.2936 39.73819 30.33783 5.992809 4.162197 3.936448
xbest 36.47469 445.5133 0.7075858 21.24387 284.2918 39.73346 30.31973 5.992918 4.170321 3.943102
xbest 36.52222 445.3590 0.7034926 21.25833 284.2939 39.73567 30.32769 5.992792 4.160666 3.935325
xbest 37.21024 444.9995 0.6976762 21.13505 284.2800 39.84006 30.62637 5.992232 3.895689 3.969101
xbest 36.58109 445.8325 0.7045969 21.50633 284.3363 39.73709 30.33353 5.986212 4.037071 3.937493
xbest 36.58109 445.8325 0.7045969 21.50633 284.3363 39.73709 30.33353 5.986212 4.033946 3.937493
xbest 36.55564 445.8754 0.7070284 21.37040 284.3357 39.73409 30.32177 5.986676 4.101407 3.933792
xbest 37.36037 445.2936 0.7057593 22.05903 284.3124 39.73914 30.33168 5.992744 3.406294 3.932917
xbest 37.35531 445.2932 0.7060654 22.05845 284.3124 39.73936 30.33279 5.992693 3.415305 3.934388
xbest 37.44416 445.2935 0.7049405 22.05532 284.3131 39.73854 30.33149 5.993039 3.421354 3.929714
xbest 36.50135 444.7592 0.7089263 22.71807 284.3078 39.75521 30.36018 5.992702 3.199460 3.942489
xbest 36.80875 445.1396 0.7082832 22.57548 284.3101 39.74764 30.34722 5.992730 3.248120 3.942011
xbest 36.78378 445.6607 0.7070968 22.71751 284.3028 39.74132 30.32812 5.992772 3.134470 3.944070
xbest 36.54329 444.8984 0.7108859 23.15774 284.3118 39.74993 30.34309 5.992507 2.889706 3.940886
xbest 36.43251 444.8477 0.7109280 23.25135 284.3130 39.75176 30.34225 5.992478 2.865352 3.940145
xbest 36.43251 444.8477 0.7109280 23.25135 284.3130 39.75176 30.34225 5.992478 2.868477 3.940145
xbest 36.79513 444.2255 0.7057588 23.04906 284.3171 39.73842 30.35236 5.991722 2.941500 3.940682
xbest 36.78341 444.3818 0.7057588 23.04906 284.3171 39.73842 30.35236 5.991722 2.941500 3.940682
xbest 36.79134 445.0028 0.7085784 22.74029 284.3069 39.73917 30.95348 5.988177 3.127288 3.932019
xbest 36.79134 445.0028 0.7985784 22.74322 284.3069 39.73917 30.95348 5.988177 3.127288 3.929050
xbest 36.82098 444.7876 0.7137439 22.75456 284.3069 39.73897 30.88972 5.987257 3.131307 3.932981
xbest 36.82098 444.7485 0.7137439 22.75456 284.3068 39.73897 30.88972 5.987257 3.131307 3.933723
xbest 36.82098 444.7948 0.7179635 22.76365 284.3072 39.73888 30.88945 5.987284 3.127416 3.931653
xbest 36.82099 444.8374 0.7232493 22.77637 284.3073 39.73885 30.88926 5.987285 3.125837 3.931659
xbest 36.82098 444.7368 0.7102448 22.72568 284.3065 39.73872 30.88839 5.987240 3.128104 3.931627
xbest 36.82099 444.7611 0.7289124 22.73565 284.3071 39.73887 30.88865 5.987243 3.125223 3.931657
xbest 36.82098 444.7798 0.7285182 22.74389 284.3067 39.73874 30.88819 5.987244 3.125866 3.931609
xbest 36.43719 444.2149 0.7251902 23.14160 284.3102 39.75132 30.94792 5.986879 2.910024 3.934783
xbest 36.43719 444.2149 0.7251902 23.14160 284.3102 39.75132 30.94792 5.986879 2.919399 3.934783
xbest 36.68654 444.6751 0.7280884 22.86946 284.3068 39.73948 30.89413 5.988007 3.055139 3.909752
xbest 36.68654 444.6361 0.7280884 22.86946 284.3068 39.73948 30.89413 5.988007 3.058264 3.909752
xbest 36.68654 444.6361 0.7280884 22.86946 284.3068 39.73948 30.89413 5.988007 3.058264 3.909752

$time
elapsed elapsed elapsed elapsed elapsed elapsed elapsed elapsed elapsed elapsed elapsed elapsed elapsed elapsed elapsed elapsed elapsed elapsed elapsed elapsed elapsed elapsed elapsed elapsed elapsed 
   1.61    4.56    7.11   19.59   22.53   25.58   34.98   40.12  164.95  167.25  170.33  176.50  182.67  186.20  195.23  199.84  224.59  253.01  259.56  262.76  267.47  270.56  282.98  289.09  294.95 
elapsed elapsed elapsed elapsed elapsed elapsed elapsed elapsed elapsed elapsed elapsed elapsed elapsed elapsed elapsed elapsed elapsed 
 296.45  361.84  363.65  399.84  401.72  433.19  435.62  444.76  447.92  457.12  460.11  463.23  515.33  517.04  633.64  635.39  687.81 

$neval
 [1]   106   251   369   934  1072  1210  1621  1856  7369  7448  7583  7854  8126  8260  8663  8872  9951 11245 11518 11656 11867 12006 12547 12817 13087 13160 16014 16093 17609 17695 19053 19137
[33] 19547 19682 20085 20220 20359 22626 22702 27790 27868 30056

$fbest
[1] 89.18229

$xbest
 [1]  36.6865361 444.6360859   0.7280884  22.8694602 284.3067910  39.7394850  30.8941325   5.9880067   3.0582635   3.9097518

$numeval
[1] 30056

$end_crit
[1] 1

$cpu_time
elapsed 
 687.81 

$Refset
$Refset$x
           [,1]        [,2]        [,3]      [,4]       [,5]      [,6]       [,7]       [,8]      [,9]    [,10]
 [1,]  36.68654   0.7280884 284.3067910 30.894133   3.058264  36.68654  0.7280884 284.306791 30.894133 3.058264
 [2,] 444.63609  22.8694602  39.7394850  5.988007   3.909752 444.63609 22.8694602  39.739485  5.988007 3.909752
 [3,]  36.68631 444.6943287   0.7281135 22.868791 284.306629  39.73946 30.8930005   5.987997  3.055496 3.912796
 [4,]  36.71820 444.8650991   0.7278203 22.872208 284.306868  39.73930 30.8921230   5.987511  3.048152 3.926128
 [5,]  36.65922 444.6247211   0.7272636 22.910359 284.308622  39.73998 30.9057619   5.986951  3.038372 3.925008
 [6,]  36.71920 444.8410769   0.7276666 22.879144 284.308372  39.73930 30.8890360   5.987234  3.043395 3.933143
 [7,]  36.73192 445.0971780   0.7274502 22.905238 284.309546  39.73999 30.8936598   5.987209  3.017783 3.930857
 [8,]  36.73839 444.8867780   0.7273626 22.909945 284.309488  39.73913 30.8908233   5.987094  3.042278 3.934111
 [9,]  36.73024 444.4817417   0.7276310 22.886805 284.306261  39.73839 30.8898552   5.987346  3.043484 3.926502
[10,]  36.82685 444.6921705   0.7284213 22.780224 284.307155  39.73855 30.8999257   5.987199  3.091446 3.932211
[11,]  36.72824 444.0648012   0.7281389 22.893285 284.315891  39.68392 31.1351438   6.004437  3.043312 3.876367
[12,]  36.79457 444.9077839   0.7276970 22.876239 284.308643  39.74909 30.7980006   5.929840  3.047799 3.927348

$Refset$f
 [1]  89.18229  89.18229  89.18750  89.47743  89.51215  89.75521  89.77951  89.83681  89.38194  90.23958 101.00521 114.55035

$Refset$fpen
 [1]  89.18229  89.18229  89.18750  89.47743  89.51215  89.75521  89.77951  89.83681  89.38194  90.23958 101.00521 114.55035

$Refset$const
          [,1]      [,2]     [,3]      [,4]     [,5]
 [1,] 19.81120 13.130540  2.50308 32.941736 1.801905
 [2,] 32.94174  1.801905 19.81120 13.130540 2.503080
 [3,] 19.81330 32.944504 13.13121  1.801920 2.502983
 [4,] 19.82406 32.951848 13.12779  1.801880 2.502947
 [5,] 19.87199 32.961628 13.08964  1.801719 2.504075
 [6,] 19.83575 32.956605 13.12086  1.801638 2.502847
 [7,] 19.88746 32.982217 13.09476  1.801496 2.503252
 [8,] 19.86767 32.957722 13.09005  1.801489 2.503085
 [9,] 19.84332 32.956516 13.11320  1.801957 2.502779
[10,] 19.68878 32.908554 13.21978  1.801899 2.503597
[11,] 19.84997 32.956688 13.10672  1.802599 2.525238
[12,] 19.82844 32.952201 13.12376  1.800874 2.495545

$Refset$penalty
 [1] 0 0 0 0 0 0 0 0 0 0 0 0


