$f
 [1] 387.7899 281.0747 260.7153 231.0434 214.9514 207.3142 161.9497 157.3160 156.3958 142.9913 141.9479 136.7969 127.2361 127.0347 123.4740 119.1910 118.2917 117.3872 117.2656 117.0712 116.8941
[22] 116.6476 116.6076 115.9774 115.6944 114.9219 114.2361 113.9757 113.7500 113.6701 113.6563 113.3142 113.1024 113.0486 113.0243 112.9601 112.9149 112.8750 112.8750

$x
          [,1]     [,2]      [,3]     [,4]     [,5]     [,6]     [,7]     [,8]     [,9]    [,10]
xbest 41.52923 321.9878 0.5469424 22.79510 285.0603 34.67437 25.98051 5.072275 5.382866 2.217826
xbest 40.26556 391.3320 0.2953737 21.49937 285.2591 35.12248 24.00000 3.808687 5.380689 2.539557
xbest 40.21869 391.3320 0.2412331 21.49937 285.2404 35.12248 24.00000 3.758687 5.380689 2.613776
xbest 67.83103 235.8451 0.6055619 28.71801 286.2806 29.05458 25.27977 2.479748 4.326406 3.143476
xbest 45.59636 388.6136 0.5474216 19.34246 285.6617 34.80714 24.19547 4.730795 6.579650 2.604867
xbest 39.62578 428.5259 0.2266678 16.35334 284.5933 42.81682 24.01874 2.000000 6.716298 3.911529
xbest 45.96696 300.4916 0.4271421 26.89798 285.1198 40.30148 34.54114 4.072071 2.688290 3.079410
xbest 46.58912 299.9600 0.4696916 27.21159 285.1139 39.74418 34.77553 4.129248 2.725518 3.069149
xbest 46.58912 299.9600 0.4921916 27.21159 285.1139 39.74418 34.77553 4.129248 2.725518 3.069149
xbest 46.19530 295.2174 0.4097005 28.72886 285.4233 40.14872 33.94183 3.991373 2.010687 3.677178
xbest 46.86577 322.5339 0.1551682 23.75303 284.9200 42.01389 24.87293 2.000000 3.194170 3.444083
xbest 47.51787 322.0356 0.1407049 23.85898 284.9368 41.25664 24.86298 2.005305 3.145695 3.511712
xbest 47.70537 323.4331 0.1632049 23.83277 284.9368 41.25664 24.86298 2.005305 3.145695 3.518064
xbest 47.26373 336.3983 0.1609845 19.99863 284.8005 41.04605 24.08601 2.083900 5.418460 4.199380
xbest 47.26373 336.3983 0.1616877 19.99863 284.8181 41.04605 24.08601 2.083900 5.455960 4.199380
xbest 47.07866 338.5627 0.1787057 20.55408 284.8177 41.01973 24.25410 2.045722 5.158144 4.692082
xbest 47.41445 339.0642 0.1772147 20.65604 284.7930 41.00835 24.23220 2.052920 4.980949 4.845075
xbest 47.63738 333.1478 0.1721302 20.47933 284.7852 40.99527 24.16014 2.049286 5.247828 4.815170
xbest 47.61928 333.1971 0.1717976 20.52471 284.7852 40.99520 24.15965 2.048903 5.243435 4.815837
xbest 47.61342 333.1971 0.1717976 20.52471 284.7852 40.99520 24.15965 2.048903 5.243435 4.815837
xbest 47.62555 334.5151 0.1710975 20.58258 284.7856 40.99640 24.14004 2.049222 5.154900 4.827420
xbest 49.11950 334.5637 0.1707859 20.68203 284.8630 39.19228 24.05054 2.000000 5.260423 4.795522
xbest 48.04978 333.4468 0.1757004 20.51135 284.7818 40.95886 24.10877 2.049121 5.193469 4.803095
xbest 48.04978 333.4468 0.1757004 20.51135 284.7818 40.95886 24.14940 2.049121 5.193469 4.803095
xbest 47.86108 334.5864 0.1877165 20.51447 284.7855 40.97300 24.13242 2.050750 5.180034 4.836955
xbest 47.86108 334.5864 0.1877165 20.51447 284.7855 40.96988 24.17304 2.050750 5.192534 4.848830
xbest 47.91037 335.9288 0.1896939 20.48626 284.7836 40.94613 24.16255 2.048509 5.180764 4.825089
xbest 48.25616 334.8969 0.1977599 20.50848 284.7849 40.98334 24.13722 2.049124 5.165834 4.808149
xbest 48.15774 334.6149 0.1968881 20.51169 284.7844 40.98419 24.13185 2.049498 5.182380 4.809038
xbest 48.23793 334.7619 0.1968471 20.50867 284.7836 40.98226 24.16220 2.048961 5.166005 4.808104
xbest 48.29515 334.1571 0.2010012 20.53046 284.7850 40.98552 24.13584 2.049511 5.182840 4.801086
xbest 48.43017 333.8256 0.2001119 20.52098 284.7837 40.98246 24.17150 2.049138 5.161335 4.799773
xbest 48.43017 333.7865 0.2001119 20.52098 284.7837 40.98246 24.17150 2.049138 5.161335 4.799773
xbest 48.19208 335.5943 0.2047858 20.56468 284.7848 40.95018 24.14397 2.048753 5.170832 4.804696
xbest 48.19208 335.6139 0.2047858 20.56468 284.7848 40.95018 24.14397 2.048753 5.170832 4.804696
xbest 48.15609 335.7467 0.2036722 20.55783 284.7843 40.95029 24.13758 2.048604 5.171902 4.808223
xbest 48.34407 335.6225 0.2085525 20.54819 284.7851 40.95160 24.14846 2.049001 5.171425 4.801960
xbest 48.27815 335.6700 0.2072213 20.55435 284.7849 40.95107 24.14306 2.046553 5.169461 4.805699
xbest 48.27815 335.6700 0.2072213 20.55435 284.7849 40.95107 24.14306 2.046553 5.169461 4.805699

$time
elapsed elapsed elapsed elapsed elapsed elapsed elapsed elapsed elapsed elapsed elapsed elapsed elapsed elapsed elapsed elapsed elapsed elapsed elapsed elapsed elapsed elapsed elapsed elapsed elapsed 
   1.73    4.50    6.95   12.19   14.72   17.38   22.69   25.44   34.63   39.42   47.03   54.63   62.20  139.58  141.36  149.44  157.91  169.50  211.70  213.03  260.05  264.03  280.45  290.31  327.97 
elapsed elapsed elapsed elapsed elapsed elapsed elapsed elapsed elapsed elapsed elapsed elapsed elapsed elapsed 
 329.66  343.86  349.48  354.77  369.45  388.52  396.47  414.33  478.80  480.11  502.66  523.30  597.11  600.08 

$neval
 [1]   106   258   381   662   798   938  1216  1356  1841  2115  2525  2932  3301  7225  7318  7721  8131  8681 10769 10843 13131 13332 14149 14626 16388 16478 17170 17446 17716 18452 19458 19868
[33] 20756 24001 24074 25153 26166 29940 30009

$fbest
[1] 112.875

$xbest
 [1]  48.2781453 335.6700374   0.2072213  20.5543477 284.7848703  40.9510655  24.1430621   2.0465530   5.1694610   4.8056993

$numeval
[1] 30009

$end_crit
[1] 1

$cpu_time
elapsed 
 600.08 

$Refset
$Refset$x
           [,1]        [,2]        [,3]      [,4]       [,5]      [,6]       [,7]       [,8]      [,9]    [,10]
 [1,]  48.27815   0.2072213 284.7848703 24.143062   5.169461  48.27815  0.2072213 284.784870 24.143062 5.169461
 [2,] 335.67004  20.5543477  40.9510655  2.046553   4.805699 335.67004 20.5543477  40.951065  2.046553 4.805699
 [3,]  48.32244 335.6183785   0.2080414 20.549374 284.784932  40.95000 24.1471395   2.048884  5.170944 4.804534
 [4,]  48.29115 335.6837009   0.2075823 20.552650 284.784591  40.95141 24.1463066   2.048902  5.171452 4.805596
 [5,]  48.32778 335.6247470   0.2082702 20.548594 284.784983  40.94972 24.1479313   2.048879  5.171143 4.804760
 [6,]  48.32540 335.4497614   0.2083833 20.555968 284.785050  40.95012 24.1465651   2.048909  5.171413 4.805650
 [7,]  48.27815 335.6700374   0.2072213 20.554348 284.784870  40.95107 24.1430621   2.046553  5.169461 4.805699
 [8,]  48.28496 335.5118080   0.2085760 20.645047 284.784877  40.99083 24.1351423   2.012957  5.171014 4.806983
 [9,]  48.33627 341.6055443   0.2074136 20.542351 284.784721  40.95241 24.1352011   2.048882  5.104241 4.799635
[10,]  48.29487 329.7455151   0.2043191 20.567620 284.781142  40.94993 24.1262871   2.053286  5.347008 4.803005
[11,]  48.29566 301.5476038   0.1876867 20.344333 284.761662  40.88947 24.2965917   2.043098  5.925130 3.355516
[12,]  47.96316 335.1599775   0.2101130 19.023288 284.798968  41.88604 30.1886156   2.813088  5.219011 4.306052

$Refset$f
 [1] 112.8750 112.8750 112.9149 112.9149 112.9149 112.9392 112.8750 115.8403 115.9306 117.1354 151.5799 236.2222

$Refset$fpen
 [1] 112.8750 112.8750 112.9149 112.9149 112.9149 112.9392 112.8750 115.8403 115.9306 117.1354 151.5799 236.2222

$Refset$const
          [,1]      [,2]      [,3]      [,4]     [,5]
 [1,] 15.38489 15.445652  2.084855 30.830539 1.684381
 [2,] 30.83054  1.684381 15.384887 15.445652 2.084855
 [3,] 15.37843 30.829056 15.450626  1.684422 2.085107
 [4,] 15.38120 30.828548 15.447350  1.684433 2.084981
 [5,] 15.37745 30.828857 15.451406  1.684427 2.085162
 [6,] 15.38455 30.828587 15.444032  1.684407 2.085087
 [7,] 15.38489 30.830539 15.445652  1.684381 2.084855
 [8,] 15.47403 30.828986 15.354953  1.684077 2.083231
 [9,] 15.43811 30.895759 15.457649  1.684309 2.084389
[10,] 15.22061 30.652992 15.432380  1.684518 2.083589
[11,] 14.41920 30.074870 15.655667  1.688068 2.092078
[12,] 13.80428 30.780989 16.976712  1.722860 2.398707

$Refset$penalty
 [1] 0 0 0 0 0 0 0 0 0 0 0 0


