$f
 [1] 69295.76 68879.44 68767.10 68716.69 68643.85 68633.06 68601.85 68556.99 68542.33 68529.48 68509.35 68500.66 68495.75 68485.68 68468.84 68440.16 68412.17 68409.26 68395.75 68393.85 68391.15
[22] 68389.94 68384.02 68383.89 68383.01 68383.01

$x
          [,1]     [,2]      [,3]     [,4]     [,5]     [,6]     [,7]     [,8]     [,9]    [,10]
xbest 65.35923 132.9821 0.1009416 29.75954 286.4281 37.22771 30.77714 5.942012 2.918527 3.246485
xbest 67.89339 137.9729 0.1055999 30.00000 286.4276 37.57494 28.09194 6.353242 2.277712 3.168807
xbest 67.90690 142.2085 0.1032412 29.67902 286.4276 37.57494 28.45530 6.303242 2.377712 3.141826
xbest 65.78904 157.6849 0.1000000 28.22099 286.5917 37.41549 28.79345 6.121005 3.210210 3.113067
xbest 67.64064 155.2963 0.1000000 29.36111 286.5703 36.04515 28.96436 5.429694 3.215924 2.491139
xbest 69.11535 146.2623 0.1117082 29.95517 286.5678 35.67607 28.58169 5.588453 3.180233 2.102903
xbest 69.11872 143.8831 0.1115934 29.85051 286.5557 35.65161 28.64812 5.561503 3.192840 1.941987
xbest 65.17318 194.3916 0.2014544 28.34179 286.5468 37.12382 28.28360 5.079339 3.120522 2.327511
xbest 65.17318 194.3916 0.2014544 28.34179 286.5447 37.12392 28.12110 5.079339 3.108803 2.327511
xbest 68.55173 173.9683 0.1320375 28.66039 286.4232 35.55002 28.78164 5.329449 3.171976 2.417441
xbest 68.55173 173.9683 0.1327407 28.67797 286.4232 35.56877 28.82226 5.329231 3.161475 2.423379
xbest 66.54107 199.5903 0.1598512 28.17613 286.5767 38.24128 28.05579 2.000000 3.019049 2.421943
xbest 66.37589 202.4310 0.1554966 28.06567 286.5761 38.19645 28.13681 2.224789 3.030785 2.419842
xbest 67.28422 195.4924 0.1767757 28.16079 286.5408 38.12384 28.19533 2.886234 3.070584 2.612085
xbest 67.32881 185.3465 0.1469243 28.75169 286.5875 38.44664 28.05043 3.074258 3.123382 2.615712
xbest 67.29393 193.1418 0.1605894 28.45032 286.5751 38.16040 28.26219 3.069120 3.056908 2.640132
xbest 67.29393 193.1418 0.1605894 28.22767 286.5751 38.16040 28.44500 3.069120 3.031908 2.663140
xbest 67.47475 186.3467 0.1256930 28.29259 286.5772 38.29822 28.41062 3.208468 3.145997 2.554186
xbest 67.29897 186.3467 0.1242867 28.10802 286.5772 38.29822 28.41062 3.208468 3.158025 2.554186
xbest 67.59406 183.0019 0.1376873 28.51351 286.6056 38.26377 28.47480 2.958798 3.178301 2.592275
xbest 67.59406 183.0019 0.1369842 28.51351 286.6056 38.26064 28.43417 2.958798 3.177910 2.589306
xbest 68.01932 183.8014 0.1329626 28.25695 286.5787 38.16741 28.25879 3.240091 3.202377 2.583356
xbest 67.92557 183.7945 0.1343688 28.25695 286.5787 38.16741 28.29941 3.239539 3.214877 2.583356
xbest 68.00404 183.7781 0.1352861 28.25836 286.5774 38.16835 28.26536 3.239722 3.214808 2.582514
xbest 68.02748 183.7781 0.1356377 28.25836 286.5774 38.16835 28.26536 3.239722 3.211683 2.582514
xbest 68.02748 183.7781 0.1356377 28.25836 286.5774 38.16835 28.26536 3.239722 3.211683 2.582514

$time
elapsed elapsed elapsed elapsed elapsed elapsed elapsed elapsed elapsed elapsed elapsed elapsed elapsed elapsed elapsed elapsed elapsed elapsed elapsed elapsed elapsed elapsed elapsed elapsed elapsed 
   2.52    6.85   10.89   14.97   27.94   36.11   40.89   49.08   56.91   91.85  105.11  122.35  135.66  139.75  144.25  148.97  152.04  199.57  203.22  253.80  256.82  316.32  319.36  541.27  543.58 
elapsed 
 943.07 

$neval
 [1]   106   257   394   544   968  1243  1386  1662  1906  2990  3413  3951  4355  4489  4627  4765  4872  6377  6498  8266  8365 10249 10354 17375 17460 30130

$fbest
[1] 68383.01

$xbest
 [1]  68.0274802 183.7781494   0.1356377  28.2583579 286.5773780  38.1683450  28.2653641   3.2397219   3.2116826   2.5825143

$numeval
[1] 30130

$end_crit
[1] 1

$cpu_time
elapsed 
 943.07 

$Refset
$Refset$x
          [,1]     [,2]      [,3]     [,4]     [,5]     [,6]     [,7]     [,8]     [,9]    [,10]
 [1,] 61.82404 428.0943 0.7951628 19.53109 285.8282 32.01318 46.65988 5.041540 8.953999 4.981265
 [2,] 67.32560 185.7967 0.1385471 28.52497 286.5787 38.16915 28.31552 3.090410 3.080658 2.591508
 [3,] 67.32400 185.7759 0.1385010 28.52679 286.5787 38.16930 28.31552 3.090501 3.080796 2.591142
 [4,] 67.32418 185.7705 0.1385507 28.52785 286.5787 38.16939 28.31968 3.090515 3.080675 2.591243
 [5,] 67.32194 185.7921 0.1385464 28.52644 286.5791 38.16927 28.31552 3.090438 3.080740 2.591245
 [6,] 67.32334 185.7466 0.1385403 28.52756 286.5787 38.17013 28.31636 3.090427 3.081713 2.591310
 [7,] 67.32370 185.7394 0.1385488 28.52764 286.5788 38.16958 28.31728 3.090546 3.081913 2.591126
 [8,] 67.32349 185.7305 0.1385401 28.52762 286.5787 38.16990 28.31834 3.090623 3.082147 2.591218
 [9,] 67.32303 185.7752 0.1385389 28.52533 286.5789 38.16938 28.31622 3.090500 3.081534 2.591318
[10,] 67.32062 186.4400 0.1385798 28.43134 286.5767 38.16235 28.29213 3.089180 3.097353 2.597110
[11,] 67.32624 186.1058 0.1402292 28.53009 286.5843 38.19813 28.31741 3.099682 3.081415 2.539189
[12,] 67.40311 179.0543 0.1419160 28.24820 286.5119 39.37878 28.34478 3.165831 3.082686 2.738585

$Refset$f
 [1] 85263.30 68384.97 68384.97 68384.97 68384.97 68384.97 68384.97 68384.97 68384.97 68385.44 68395.43 68606.93

$Refset$fpen
 [1] 26556287.19    68384.97    68384.97    68384.97    68384.97    68384.97    68384.97    68384.97    68384.97    68385.44    68395.43    68606.93

$Refset$const
          [,1]     [,2]      [,3]     [,4]      [,5]
 [1,] 10.57709 27.04600 16.468911 1.196190 29.971024
 [2,] 25.44431 32.91934  7.475029 1.512287  2.921471
 [3,] 25.44599 32.91920  7.473214 1.512288  2.921459
 [4,] 25.44717 32.91933  7.472154 1.512273  2.921818
 [5,] 25.44570 32.91926  7.473555 1.512242  2.921622
 [6,] 25.44585 32.91829  7.472440 1.512285  2.921488
 [7,] 25.44573 32.91809  7.472362 1.512271  2.921635
 [8,] 25.44548 32.91785  7.472377 1.512276  2.921681
 [9,] 25.44379 32.91847  7.474673 1.512264  2.921592
[10,] 25.33399 32.90265  7.568659 1.512610  2.918988
[11,] 25.44868 32.91858  7.469909 1.511696  2.922054
[12,] 25.16551 32.91731  7.751801 1.523665  2.821131

$Refset$penalty
 [1] 26.47102  0.00000  0.00000  0.00000  0.00000  0.00000  0.00000  0.00000  0.00000  0.00000  0.00000  0.00000


