$f
 [1] 381.8594 312.9583 285.5035 282.0226 275.6997 253.8594 227.6042 224.3715 218.9184 216.4497 215.9097 215.7483 214.5729 214.4392 213.6059 213.2083 213.0885 212.8976 212.8507 212.5312 212.5087
[22] 212.4601 211.5816 211.5764 211.5625 211.5122 211.4740 211.4375 211.4045 211.3958 211.3958

$x
          [,1]     [,2]      [,3]     [,4]     [,5]     [,6]     [,7]     [,8]     [,9]    [,10]
xbest 35.04155 472.0840 0.6480728 17.24481 286.1146 43.42023 39.35587 7.106314 6.315730 1.491597
xbest 51.82060 390.4880 0.4734938 22.00983 286.2655 37.43352 28.36208 3.731827 4.828698 1.596510
xbest 51.39542 389.9529 0.3437529 22.00983 286.3405 37.43352 28.59413 3.731827 4.978698 1.603302
xbest 52.18282 356.3473 0.4935235 27.85725 286.1935 36.23676 24.03316 2.000000 2.703040 1.853504
xbest 52.62875 339.6914 0.4637600 29.51088 286.1681 35.88043 24.16578 2.362289 2.000000 2.035926
xbest 52.86086 325.9468 0.4771692 29.91065 286.1526 36.75855 24.00000 2.000000 2.000000 2.119109
xbest 54.89119 325.9468 0.4996692 29.73483 286.0057 35.95855 24.00000 2.000000 2.000000 2.159653
xbest 46.58328 358.0130 0.5635113 28.08026 285.9683 41.52758 30.63357 2.412419 2.000000 1.997144
xbest 46.67703 358.0130 0.6535113 28.09198 285.9683 41.52758 30.47107 2.411638 2.000000 1.997144
xbest 47.39849 357.1735 0.5779809 27.88901 285.9587 41.51615 30.43139 2.438646 2.000000 2.116398
xbest 47.39849 357.2516 0.5783324 27.88901 285.9587 41.51615 30.51264 2.438646 2.000000 2.116398
xbest 47.41818 356.8826 0.5768243 27.88487 285.9629 41.51891 30.45366 2.436416 2.002056 2.096475
xbest 47.60156 356.2688 0.5803006 27.86414 285.9553 41.52005 30.40183 2.438453 2.000000 2.094792
xbest 47.58833 356.4450 0.5796849 27.87959 285.9552 41.52009 30.39559 2.439231 2.000324 2.076732
xbest 47.58833 356.4450 0.6471849 27.87959 285.9552 41.52009 30.39559 2.439231 2.000324 2.067826
xbest 47.50148 356.7928 0.5768647 27.91293 285.9436 41.50308 30.40388 2.438818 2.000410 2.110426
xbest 47.47238 356.8357 0.5789550 27.91081 285.9446 41.47550 30.40324 2.438781 2.001987 2.087505
xbest 47.50556 356.9476 0.5780074 27.89131 285.9435 41.48110 30.38620 2.438513 2.007868 2.086202
xbest 47.50430 356.9635 0.5779386 27.88533 285.9442 41.47745 30.38055 2.437986 2.014104 2.086748
xbest 47.55699 356.6231 0.5781790 27.88941 285.9442 41.48209 30.38158 2.438658 2.007548 2.084857
xbest 47.56068 356.8199 0.5780549 27.88917 285.9442 41.48057 30.38149 2.438391 2.002432 2.085287
xbest 47.58331 356.7474 0.5782024 27.88815 285.9616 41.48048 30.57420 2.430030 2.000000 2.106373
xbest 47.58331 356.7474 0.5782024 27.88815 285.9616 41.48048 30.57420 2.430030 2.006250 2.103404
xbest 47.58497 356.8413 0.5956478 27.89476 285.9491 41.46283 30.45369 2.429455 2.010469 2.118089
xbest 47.59032 356.8415 0.5999729 27.88964 285.9468 41.46281 30.40432 2.430558 2.011578 2.116301
xbest 47.63554 356.7256 0.5987226 27.89351 285.9563 41.46995 30.52108 2.429479 2.003651 2.117831
xbest 47.64660 356.6775 0.6008000 27.89348 285.9557 41.46997 30.52099 2.429326 2.003909 2.115784
xbest 47.64895 356.8753 0.6028711 27.88725 285.9473 41.46322 30.48262 2.428621 2.003238 2.125393
xbest 47.65786 356.8848 0.6041666 27.88358 285.9439 41.46087 30.48900 2.428590 2.002342 2.125560
xbest 47.64732 356.8998 0.6034725 27.88322 285.9456 41.46234 30.49452 2.428383 2.003895 2.125134
xbest 47.64732 356.8998 0.6034725 27.88322 285.9456 41.46234 30.49452 2.428383 2.003895 2.125134

$time
elapsed elapsed elapsed elapsed elapsed elapsed elapsed elapsed elapsed elapsed elapsed elapsed elapsed elapsed elapsed elapsed elapsed elapsed elapsed elapsed elapsed elapsed elapsed elapsed elapsed 
   1.82    4.70    8.48   20.21   25.92   29.39   40.71   85.89   88.14  184.40  186.23  195.25  201.28  216.59  218.39  292.56  312.87  316.32  319.54  325.71  381.53  459.23  461.00  516.18  520.71 
elapsed elapsed elapsed elapsed elapsed elapsed 
 529.62  533.07  535.90  555.12  636.42  676.50 

$neval
 [1]   106   254   411   974  1244  1379  1918  3942  4039  8121  8206  8616  8894  9568  9652 12916 13668 13805 13944 14219 16744 20142 20226 22704 22910 23317 23452 23587 24468 28333 30061

$fbest
[1] 211.3958

$xbest
 [1]  47.6473197 356.8998475   0.6034725  27.8832205 285.9456200  41.4623376  30.4945179   2.4283832   2.0038952   2.1251341

$numeval
[1] 30061

$end_crit
[1] 1

$cpu_time
elapsed 
  676.5 

$Refset
$Refset$x
           [,1]        [,2]        [,3]      [,4]       [,5]      [,6]       [,7]       [,8]      [,9]    [,10]
 [1,]  47.64732   0.6034725 285.9456200 30.494518   2.003895  47.64732  0.6034725 285.945620 30.494518 2.003895
 [2,] 356.89985  27.8832205  41.4623376  2.428383   2.125134 356.89985 27.8832205  41.462338  2.428383 2.125134
 [3,]  47.64732 356.8998475   0.6034725 27.883220 285.945620  41.46234 30.4945179   2.428383  2.003895 2.125134
 [4,]  47.63547 356.9002439   0.6028522 27.885593 285.946352  41.46209 30.4958278   2.428306  2.006980 2.125466
 [5,]  47.62540 356.9119325   0.6039570 27.887873 285.946275  41.46230 30.4657137   2.428181  2.006251 2.120722
 [6,]  47.63423 355.9470552   0.5999203 27.889335 285.945978  41.46568 30.4952153   2.428705  2.009288 2.121239
 [7,]  47.44313 356.9303783   0.6044443 27.943007 285.945660  41.46068 30.4786781   2.431460  2.014040 2.124972
 [8,]  47.41834 357.0153966   0.6033979 27.928276 285.949284  41.46798 30.4925838   2.442500  2.005446 2.108445
 [9,]  48.11504 353.5732086   0.6005815 27.949069 285.986966  41.39668 30.7788820   2.056641  2.000000 3.730842
[10,]  47.58598 356.6456206   0.6039012 27.875899 285.945677  41.48699 30.4946061   2.423689  2.005977 2.084299
[11,]  47.70321 356.9228778   0.6517789 27.880491 285.947892  41.49665 30.4498262   2.441283  2.007916 2.114419
[12,]  47.35238 363.5395208   0.4735498 26.465888 285.555435  41.62097 33.0445775   2.323794  2.115508 4.274660

$Refset$f
 [1] 211.3958 211.3958 211.3958 211.4288 211.4288 212.6667 212.9063 214.3750 226.0694 226.1528 218.9097 311.7639

$Refset$fpen
 [1] 211.3958 211.3958 211.3958 211.4288 211.4288 212.6667 212.9063 214.3750 226.0694 226.1528 218.9097 311.7639

$Refset$const
          [,1]      [,2]      [,3]      [,4]     [,5]
 [1,] 25.87933  8.116780  2.679152 33.996105 1.588629
 [2,] 33.99610  1.588629 25.879325  8.116780 2.679152
 [3,] 25.87933 33.996105  8.116780  1.588629 2.679152
 [4,] 25.87861 33.993020  8.114407  1.588540 2.679477
 [5,] 25.88162 33.993749  8.112127  1.588600 2.677212
 [6,] 25.88005 33.990712  8.110665  1.588590 2.679126
 [7,] 25.92897 33.985960  8.056993  1.588649 2.678081
 [8,] 25.92283 33.994554  8.071724  1.588206 2.679771
 [9,] 25.94907 34.000000  8.050931  1.583080 2.716377
[10,] 25.86992 33.994023  8.124101  1.588653 2.677833
[11,] 25.87258 33.992084  8.119509  1.588478 2.674644
[12,] 24.35038 33.884492  9.534112  1.633415 2.759419

$Refset$penalty
 [1] 0 0 0 0 0 0 0 0 0 0 0 0


