$f
 [1] 453.47569 203.13368 159.20486 157.97917 154.62674 140.25347 128.44618 122.14931 110.06771 104.11285 103.53472 101.78993 101.47569  95.90278  94.91146  90.83507  87.87326  87.40104  87.35590
[20]  86.95139  85.57813  83.56597  82.64583  82.49653  81.64062  80.58507  80.52778  80.34722  80.05382  79.69271  79.55729  79.54514  79.45313  79.14931  79.07812  78.72743  78.64063  77.92188
[39]  77.92188

$x
          [,1]     [,2]      [,3]     [,4]     [,5]     [,6]     [,7]     [,8]     [,9]    [,10]
xbest 26.28012 428.2072 0.7835986 19.15144 285.2071 46.38059 39.89249 2.397010 7.798044 1.267862
xbest 36.46882 434.1822 0.5131072 23.10683 285.6272 43.04192 31.15023 4.866944 4.173708 3.240009
xbest 36.46882 414.1822 0.3399924 23.10683 285.6272 42.99038 32.45023 4.866944 4.173708 3.235419
xbest 36.46882 409.6708 0.3369260 23.10683 285.6272 42.97962 32.45327 4.866944 4.173708 3.233057
xbest 34.73669 400.4295 0.4571727 23.87328 285.0756 44.76054 31.85452 4.762879 3.885625 3.013043
xbest 42.54375 368.9043 0.5462189 23.89467 285.2786 37.42203 35.33651 5.609594 4.145121 2.669088
xbest 38.63069 398.8068 0.4011318 23.92728 285.3113 42.03776 32.46128 4.835888 3.585875 3.206552
xbest 39.26859 384.7648 0.4023469 23.88819 285.3028 39.34866 35.73165 5.818765 3.819897 2.793413
xbest 38.96397 403.1773 0.4010437 23.91360 285.3070 40.58153 33.88732 5.379756 3.585421 3.006274
xbest 38.78569 387.7128 0.3933869 23.86935 285.3091 39.41830 35.23152 6.041927 3.921264 2.548061
xbest 38.78569 387.4003 0.3933869 23.86935 285.3091 39.41830 35.19089 6.041927 3.921264 2.553999
xbest 40.46983 383.5387 0.4209970 24.07607 285.3153 39.26208 36.09853 5.925939 3.798433 2.991704
xbest 40.48579 387.4227 0.4172151 24.08159 285.3910 39.24764 35.65430 5.994155 3.658645 2.983345
xbest 40.48579 387.4618 0.3940120 24.08159 285.3933 39.24764 35.51211 5.994155 3.708645 2.983345
xbest 41.90925 381.2021 0.4282559 23.38598 285.2467 39.41508 36.08232 6.005752 3.825535 2.859061
xbest 41.90925 381.2021 0.4057559 23.38598 285.2467 39.41508 36.08232 6.005752 3.838035 2.870936
xbest 41.87044 381.9335 0.4375928 23.51955 285.2412 39.40437 36.05434 6.005395 3.836172 2.865468
xbest 41.84987 382.4134 0.4334757 23.52644 285.2397 39.40430 36.05435 6.005970 3.830562 2.860779
xbest 41.87335 382.1472 0.4363132 23.52019 285.2406 39.40433 36.05434 6.005768 3.837720 2.866769
xbest 41.87335 382.1472 0.4363132 23.52347 285.2406 39.40433 36.05434 6.005768 3.831470 2.860831
xbest 41.49804 382.0389 0.4187479 23.58661 285.2702 39.40089 36.28904 6.002713 3.844730 2.853730
xbest 41.49103 381.9571 0.4189948 23.59250 285.2700 39.40136 36.28878 6.002797 3.845457 2.853411
xbest 41.45937 382.3385 0.4191114 23.60570 285.2704 39.40147 36.29199 6.002522 3.843902 2.847534
xbest 41.45937 382.3385 0.4191114 23.60570 285.2704 39.40147 36.29199 6.002522 3.847027 2.847534
xbest 41.61952 373.2263 0.4388176 23.88975 285.2728 39.50463 36.26055 6.004874 3.835145 2.854358
xbest 41.61952 373.2263 0.4163176 23.88682 285.2728 39.50463 36.26055 6.004874 3.835145 2.851389
xbest 41.42103 374.8380 0.4402247 23.88626 285.2732 39.50470 36.26157 6.004913 3.835237 2.853128
xbest 41.43860 374.8380 0.4402247 23.88626 285.2732 39.50470 36.26157 6.004913 3.835237 2.853128
xbest 41.39878 376.4914 0.4338814 23.80210 285.2726 39.49685 36.25736 6.004724 3.853660 2.854475
xbest 41.39121 372.8795 0.4336928 23.92292 285.2732 39.50234 36.25497 6.004817 3.864885 2.854303
xbest 41.43797 373.2380 0.4365028 23.91837 285.2733 39.50222 36.25498 6.004795 3.854913 2.853447
xbest 41.39998 373.4513 0.4340542 23.92106 285.2728 39.50031 36.25055 6.004894 3.850259 2.854273
xbest 41.42051 370.2861 0.4571459 23.96396 285.2726 39.49028 36.27276 6.005669 3.958693 2.842925
xbest 41.42051 370.2080 0.4571459 23.96396 285.2726 39.49028 36.23213 6.005669 3.958693 2.842925
xbest 41.40707 370.6697 0.4570604 23.96053 285.2730 39.47906 36.29609 6.005712 3.952679 2.842893
xbest 41.40121 370.6697 0.4572362 23.96053 285.2730 39.47906 36.29609 6.005712 3.952679 2.842893
xbest 41.41291 370.5497 0.4625572 23.98604 285.2754 39.47791 36.30162 6.005388 3.947037 2.845193
xbest 41.41291 370.5497 0.4622057 23.98604 285.2754 39.47791 36.30416 6.005388 3.944693 2.842225
xbest 41.41291 370.5497 0.4622057 23.98604 285.2754 39.47791 36.30416 6.005388 3.944693 2.842225

$time
elapsed elapsed elapsed elapsed elapsed elapsed elapsed elapsed elapsed elapsed elapsed elapsed elapsed elapsed elapsed elapsed elapsed elapsed elapsed elapsed elapsed elapsed elapsed elapsed elapsed 
   1.65    4.64    7.23   10.95   17.03   20.06   22.97   26.01   32.64   38.67   40.65   62.82   68.78   74.15  108.86  110.36  130.15  135.51  138.09  139.97  162.90  165.75  168.75  170.37  275.72 
elapsed elapsed elapsed elapsed elapsed elapsed elapsed elapsed elapsed elapsed elapsed elapsed elapsed elapsed 
 277.42  323.73  325.56  344.56  364.47  385.15  419.03  490.39  492.22  561.43  563.06  658.79  660.81  676.75 

$neval
 [1]   106   256   373   520   800   940  1078  1219  1494  1767  1855  2820  3095  3337  4823  4908  5862  6137  6271  6357  7433  7569  7710  7783 12423 12509 14530 14606 15417 16293 17242 18789
[33] 21873 21953 24952 25035 29235 29332 30020

$fbest
[1] 77.92188

$xbest
 [1]  41.4129137 370.5497036   0.4622057  23.9860398 285.2753929  39.4779121  36.3041557   6.0053876   3.9446928   2.8422247

$numeval
[1] 30020

$end_crit
[1] 1

$cpu_time
elapsed 
 676.75 

$Refset
$Refset$x
            [,1]      [,2]       [,3]       [,4]       [,5]       [,6]     [,7]       [,8]       [,9]     [,10]
 [1,] 370.549704  23.98604 39.4779121   6.005388   2.842225 370.549704 23.98604 39.4779121   6.005388  2.842225
 [2,]   3.944693  41.41291  0.4622057 285.275393  36.304156   3.944693 41.41291  0.4622057 285.275393 36.304156
 [3,]  41.588703 369.12797  0.4592494  23.983161 285.274526  39.472229 36.30432  6.0054956   3.951791  2.842997
 [4,]  76.331355 489.36956  0.9773197  24.544876 285.453266  38.564536 28.71036  3.5605053   5.104313  4.306918
 [5,]  41.344576 369.29422  0.4582586  24.022642 285.274788  39.484805 36.26894  6.0051674   3.954916  2.842971
 [6,]  41.469124 370.39570  0.4597344  23.979240 285.272858  39.475739 36.30145  6.0055000   3.943437  2.845534
 [7,]  41.366405 337.74562  0.4396690  25.132625 285.238637  39.493156 36.02968  6.0094332   3.985064  2.856358
 [8,]  40.825676 378.22914  0.4155599  23.832929 285.221634  39.503286 35.65323  6.0008446   3.827623  2.887614
 [9,]  41.423610 366.84902  0.4477936  24.022009 285.320121  40.035190 36.20175  6.0014069   4.008466  2.943441
[10,]  40.025757 372.02316  0.4423467  23.900872 285.203156  38.450561 35.41394  5.9736770   4.466459  2.991182
[11,]  41.295162 369.06286  0.4614755  24.003932 285.273322  39.775525 36.25236  6.0543577   3.803708  2.931483
[12,]  41.837285 320.30861  0.2737317  22.618978 285.240971  36.471063 27.80063  7.1953653   5.453776  3.393921

$Refset$f
 [1]     77.92188     77.92188     78.70139 502025.77951     79.11285     79.11806     83.23090     86.03125    101.06597    125.45833    105.95313    282.60938

$Refset$fpen
 [1]     77.92188     77.92188     78.70139 502025.77951     79.11285     79.11806     83.23090     86.03125    101.06597    125.45833    105.95313    282.60938

$Refset$const
           [,1]      [,2]     [,3]      [,4]      [,5]
 [1,] 32.055307  1.661752 20.04135 12.013960  3.168560
 [2,]  1.661752 20.041347 12.01396  3.168560 32.055307
 [3,] 20.031370 32.048209 12.01684  1.661869  3.168948
 [4,] 19.440562 30.895687 11.45512  1.647177  2.580614
 [5,] 20.067726 32.045084 11.97736  1.661993  3.163757
 [6,] 20.035803 32.056563 12.02076  1.662153  3.167848
 [7,] 21.147561 32.014936 10.86738  1.668495  3.127599
 [8,] 20.005306 32.172377 12.16707  1.672300  3.081948
 [9,] 20.013543 31.991534 11.97799  1.656861  3.113116
[10,] 19.434413 31.533541 12.09913  1.673001  3.157264
[11,] 20.200224 32.196292 11.99607  1.663179  3.132242
[12,] 17.165202 30.546224 13.38102  1.673940  2.589247

$Refset$penalty
 [1] 0 0 0 0 0 0 0 0 0 0 0 0


