$f
 [1] 69193.16 69153.47 69059.41 69044.82 69044.26 69044.20 69023.92 69021.18 69006.33 68994.88 68967.35 68926.99 68918.95 68899.56 68896.86

$x
          [,1]     [,2]      [,3]     [,4]     [,5]     [,6]     [,7]     [,8]     [,9]    [,10]
xbest 74.31389 287.3693 0.3080844 17.17810 285.2279 41.26251 39.61358 2.775072 5.169928 3.006833
xbest 53.22849 260.2487 0.9116529 20.47661 284.7048 48.00000 36.99289 2.318552 5.064190 4.777475
xbest 54.15823 260.2487 0.8130990 20.47661 284.8548 48.00000 32.84578 2.774759 5.064190 4.777475
xbest 60.45668 240.7806 0.9170003 20.74798 284.6703 45.09042 40.15627 2.000000 5.235050 5.000000
xbest 57.20080 253.8589 0.8734028 20.32157 284.6865 47.46700 35.64213 2.481840 5.102687 4.920175
xbest 58.43149 248.8995 0.8286626 20.41895 284.7794 45.73091 35.65302 2.414304 5.178077 4.809719
xbest 57.22049 249.6840 0.8737476 20.16039 284.7245 48.00000 32.80352 2.546088 5.068747 4.917789
xbest 59.64747 260.5319 0.6707266 21.09562 284.7147 44.93970 34.77161 2.076227 4.405237 4.929973
xbest 60.06673 260.5319 0.9996069 21.10872 284.7147 44.93970 34.60911 2.076227 4.405237 4.941848
xbest 68.73694 240.3748 0.7839908 19.79326 285.9395 46.10203 37.99520 2.335615 5.444398 4.365945
xbest 76.68085 229.9381 0.7412232 19.55700 286.3417 45.03521 40.04224 2.208829 5.418868 4.356864
xbest 76.49335 231.1881 0.7580982 19.55700 286.4167 44.93521 40.36724 2.208829 5.406368 4.356864
xbest 67.07747 222.1354 0.8049102 20.95580 285.7715 46.65810 33.42948 2.774292 4.999224 1.200000
xbest 67.05331 221.8229 0.4406915 20.95580 285.7715 46.65810 33.45994 2.774292 4.999224 1.200000
xbest 67.05331 221.8229 0.4410430 20.76830 285.7715 46.65810 33.45994 2.774292 5.011724 1.200046

$time
elapsed elapsed elapsed elapsed elapsed elapsed elapsed elapsed elapsed elapsed elapsed elapsed elapsed elapsed elapsed 
   2.45    6.42   10.20   25.11   32.51   36.16   39.84   47.17   54.06   79.89   83.61   94.34  507.44  510.51  822.78 

$neval
 [1]   106   258   390   821  1100  1238  1377  1656  1913  2857  2994  3381 18820 18934 30100

$fbest
[1] 68896.86

$xbest
 [1]  67.053308 221.822887   0.441043  20.768301 285.771540  46.658098  33.459945   2.774292   5.011724   1.200046

$numeval
[1] 30100

$end_crit
[1] 1

$cpu_time
elapsed 
 822.78 

$Refset
$Refset$x
          [,1]     [,2]      [,3]     [,4]     [,5]     [,6]     [,7]     [,8]     [,9]    [,10]
 [1,] 53.50711 229.0311 0.2370502 21.21760 284.0000 47.85938 48.58659 2.440385 4.762977 3.804482
 [2,] 56.91005 251.1846 0.9071579 20.22490 284.8478 47.94137 32.73229 2.548253 5.092455 4.574737
 [3,] 56.89768 251.1952 0.9066571 20.22872 284.8483 47.94231 32.73103 2.548107 5.090349 4.576136
 [4,] 56.89302 251.1964 0.9046517 20.22922 284.8482 47.94215 32.73241 2.548178 5.090186 4.576578
 [5,] 56.89482 251.2736 0.9075980 20.22801 284.8483 47.94225 32.73142 2.548043 5.088754 4.575951
 [6,] 56.89585 251.2114 0.9064412 20.22865 284.8482 47.94225 32.73055 2.548112 5.090024 4.576076
 [7,] 56.89320 251.2198 0.9047711 20.22852 284.8482 47.94202 32.73049 2.548216 5.089772 4.575552
 [8,] 56.89439 251.2645 0.9013021 20.22804 284.8482 47.94202 32.73106 2.548212 5.088785 4.575332
 [9,] 56.90918 251.2604 0.9074035 20.30955 284.8476 47.94180 32.73188 2.548159 5.036235 4.576670
[10,] 56.84960 251.4847 0.9045804 20.22839 284.8483 47.94229 32.73088 2.548131 5.088826 4.574689
[11,] 56.37128 244.5606 0.9187982 20.99248 284.8768 47.86447 33.78378 2.575250 4.873388 4.534009
[12,] 55.00976 231.7316 0.4334443 21.15078 284.0013 47.90062 44.02924 2.442227 4.994469 3.792504

$Refset$f
 [1] 68973.01 68986.65 68986.71 68986.71 68986.71 68986.71 68986.71 68986.82 68986.38 68988.48 68995.73 69008.43

$Refset$fpen
 [1] 68973.01 68986.65 68986.71 68986.71 68986.71 68986.71 68986.71 68986.82 68986.38 68988.48 68995.73 69008.43

$Refset$const
          [,1]     [,2]     [,3]     [,4]     [,5]
 [1,] 16.45463 31.23702 14.78240 1.898303 3.461013
 [2,] 15.13244 30.90755 15.77510 1.708521 2.307161
 [3,] 15.13837 30.90965 15.77128 1.708461 2.307125
 [4,] 15.13903 30.90981 15.77078 1.708478 2.307191
 [5,] 15.13925 30.91125 15.77199 1.708463 2.307149
 [6,] 15.13862 30.90998 15.77135 1.708461 2.307099
 [7,] 15.13875 30.91023 15.77148 1.708469 2.307095
 [8,] 15.13926 30.91122 15.77196 1.708472 2.307125
 [9,] 15.27331 30.96377 15.69045 1.708544 2.307091
[10,] 15.13956 30.91117 15.77161 1.708461 2.307117
[11,] 16.11909 31.12661 15.00752 1.710620 2.370062
[12,] 16.15631 31.00553 14.84922 1.889209 2.984003

$Refset$penalty
 [1] 0 0 0 0 0 0 0 0 0 0 0 0


