$f
[1] 210.88542 133.43576 121.52778 116.13542  69.23264  64.01910  62.63021  48.67361  48.67361

$x
          [,1]     [,2]      [,3]     [,4]     [,5]     [,6]     [,7]     [,8]     [,9]    [,10]
xbest 28.29040 445.7660 0.5971361 21.61523 285.7730 39.22549 32.39974 8.248562 5.783739 1.858463
xbest 28.93354 405.6066 0.3002128 24.04290 285.4071 42.23767 32.63094 6.099307 4.684256 1.695578
xbest 28.93354 405.6066 0.2787675 24.04290 285.4071 42.23767 32.46844 6.100479 4.684256 1.694083
xbest 49.63517 363.0293 0.7119155 22.58651 285.3231 37.55570 30.84151 3.459319 6.014824 2.377457
xbest 43.26448 401.0758 0.8113681 22.69852 285.8938 43.30134 24.95031 4.422721 4.944683 1.979533
xbest 44.49793 390.0605 0.8375074 22.39286 286.2136 44.05910 27.33335 4.498731 5.194003 1.995086
xbest 42.79440 391.8691 0.7997592 22.39667 286.3547 44.59204 27.19924 4.943225 5.195268 1.216507
xbest 42.63390 394.6642 0.7997592 22.02167 286.2152 44.59204 26.79046 4.943661 5.307071 1.219722
xbest 42.63390 394.6642 0.7997592 22.02167 286.2152 44.59204 26.79046 4.943661 5.307071 1.219722

$time
elapsed elapsed elapsed elapsed elapsed elapsed elapsed elapsed elapsed 
   1.60    4.81    7.12   10.37   13.25   29.26   35.29   40.98   40.98 

$neval
[1]  106  257  361  506  645 1350 1624 1895 1895

$fbest
[1] 48.67361

$xbest
 [1]  42.6339018 394.6641669   0.7997592  22.0216650 286.2151863  44.5920387  26.7904612   4.9436614   5.3070713   1.2197221

$numeval
[1] 1895

$end_crit
[1] 3

$cpu_time
elapsed 
  40.98 

$Refset
$Refset$x
           [,1]        [,2]        [,3]      [,4]       [,5]      [,6]       [,7]       [,8]      [,9]    [,10]
 [1,]  42.63390   0.7997592 286.2151863 26.790461   5.307071  42.63390  0.7997592 286.215186 26.790461 5.307071
 [2,] 394.66417  22.0216650  44.5920387  4.943661   1.219722 394.66417 22.0216650  44.592039  4.943661 1.219722
 [3,]  43.75414 414.1977563   1.0000000 22.369624 285.966400  44.29371 24.0000000   4.456455  4.729889 2.202406
 [4,]  44.65531 387.5705766   0.8709060 22.544490 285.918393  42.30331 26.5667453   4.339046  5.342300 2.070966
 [5,]  44.03740 406.1237544   0.9033094 22.968470 285.722256  42.38651 27.7129399   4.044893  4.774352 3.027671
 [6,]  47.09519 386.4417493   0.9162570 22.419767 285.690389  41.11084 27.8582158   3.612325  5.521277 4.288024
 [7,]  40.91369 389.9835984   0.6939577 22.980155 285.141835  42.37925 33.4667452   4.766185  4.949428 2.103335
 [8,]  48.14810 370.6203538   0.9001416 22.736894 285.850897  40.66649 29.6924267   3.851561  5.328024 1.300544
 [9,]  43.35102 404.9301962   0.9042330 22.817496 285.861609  43.37923 24.1802439   4.550539  4.675353 2.104406
[10,]  43.17334 390.0974968   0.8005898 22.477496 286.330501  44.25501 27.2200676   4.635453  5.242827 1.655346
[11,]  37.73734 359.6452926   0.5312591 27.646853 285.464547  43.49008 32.1935722   5.387724  3.146651 3.928881
[12,]  39.24586 337.9055379   0.6405095 26.661791 285.287041  41.91895 31.9619313   4.515884  4.221157 2.294013

$Refset$f
 [1] 48.67361 48.67361 66.90625 69.60417 70.93576 74.30035 79.15799 79.26042 82.07986 64.33160 92.05556 97.96875

$Refset$fpen
 [1] 48.67361 48.67361 66.90625 69.60417 70.93576 74.30035 79.15799 79.26042 82.07986 64.33160 92.05556 97.96875

$Refset$const
          [,1]      [,2]      [,3]      [,4]     [,5]
 [1,] 16.71459 13.978335  2.382737 30.692929 1.564614
 [2,] 30.69293  1.564614 16.714594 13.978335 2.382737
 [3,] 17.63974 31.270111 13.630376  1.582669 2.180260
 [4,] 17.20219 30.657700 13.455510  1.593494 2.372989
 [5,] 18.19412 31.225648 13.031530  1.614058 2.391927
 [6,] 16.89849 30.478723 13.580233  1.618444 2.446953
 [7,] 18.03073 31.050572 13.019845  1.687971 2.654539
 [8,] 17.40887 30.671976 13.263106  1.600116 2.636172
 [9,] 18.14214 31.324647 13.182504  1.592769 2.191829
[10,] 17.23467 30.757173 13.522504  1.553173 2.453214
[11,] 24.50020 32.853349  8.353147  1.645737 2.570674
[12,] 22.44063 31.778843  9.338209  1.668148 2.599079

$Refset$penalty
 [1] 0 0 0 0 0 0 0 0 0 0 0 0


