$f
 [1] 1073.7309  857.1563  722.1094  694.1163  639.8490  461.3681  449.9444  442.8212  363.9323  321.3507  296.3854  292.7743  283.3368

$x
          [,1]     [,2]      [,3]     [,4]     [,5]     [,6]     [,7]     [,8]     [,9]    [,10]
xbest 33.91111 451.0319 0.1067309 19.16582 286.3817 32.12175 25.78439 6.244619 5.598267 2.172990
xbest 43.51374 496.6134 0.1000000 15.91437 286.5137 41.80333 30.73596 7.232696 2.440495 5.000000
xbest 43.51374 500.0000 0.1421875 16.66437 286.3637 41.80333 33.33596 7.232696 2.402976 5.000000
xbest 43.40150 482.9166 0.5771156 16.14906 286.0722 45.17394 32.78866 6.709472 3.193922 4.599057
xbest 43.86890 434.8257 0.3105890 18.08426 285.6093 41.86326 32.72802 6.861219 3.966001 4.496164
xbest 44.34358 393.6234 0.5328592 19.03797 285.3368 41.90442 32.92799 6.830612 3.734929 4.537625
xbest 43.95603 378.6496 0.5393128 19.06505 285.1953 41.76757 32.78534 6.836363 3.773102 4.437240
xbest 43.75653 405.6349 0.5450306 17.88910 285.2475 41.88049 32.69605 6.797021 3.704966 4.307029
xbest 44.91830 303.3007 0.4190323 21.48589 285.3809 42.52673 33.25393 6.807161 3.624728 4.108735
xbest 44.73080 302.6602 0.4786838 21.56001 285.3621 42.52673 33.25393 6.832161 3.674728 4.108735
xbest 40.46635 366.7730 0.3126570 22.22161 284.3862 39.53569 28.82057 6.869697 2.000000 4.548387
xbest 40.46635 366.7730 0.3576570 22.22161 284.3862 39.53569 28.82057 6.869697 2.012500 4.542449
xbest 40.46635 365.5230 0.3576570 22.40911 284.3862 39.53584 28.83663 6.869697 2.000000 4.542449

$time
elapsed elapsed elapsed elapsed elapsed elapsed elapsed elapsed elapsed elapsed elapsed elapsed elapsed 
   1.91    5.06    7.30   10.31   13.19   16.26   31.12   34.33   37.20   40.14  108.59  110.30  662.23 

$neval
 [1]   106   254   366   510   651   790  1479  1616  1754  1891  4859  4943 30033

$fbest
[1] 283.3368

$xbest
 [1]  40.466349 365.522956   0.357657  22.409110 284.386178  39.535844  28.836632   6.869697   2.000000   4.542449

$numeval
[1] 30033

$end_crit
[1] 1

$cpu_time
elapsed 
 662.23 

$Refset
$Refset$x
          [,1]     [,2]      [,3]     [,4]     [,5]     [,6]     [,7]     [,8]     [,9]    [,10]
 [1,] 43.23108 456.7625 0.4594818 18.29464 285.5040 42.26515 33.86065 6.776887 2.517749 4.214178
 [2,] 43.24022 456.6514 0.4595280 18.29605 285.5040 42.26653 33.88714 6.776846 2.515418 4.213766
 [3,] 43.24086 456.6526 0.4605977 18.29538 285.5040 42.26432 33.87320 6.776857 2.517882 4.213842
 [4,] 43.23852 456.6763 0.4594700 18.29598 285.5040 42.26647 33.86935 6.776851 2.514501 4.213895
 [5,] 43.23769 456.6800 0.4596325 18.29919 285.5039 42.26549 33.88008 6.776839 2.515407 4.213858
 [6,] 43.24063 456.6666 0.4595044 18.29621 285.5041 42.26527 33.87937 6.776778 2.516276 4.213736
 [7,] 43.24086 456.6798 0.4590324 18.29608 285.5041 42.26643 33.88224 6.776852 2.514716 4.213840
 [8,] 43.23443 456.7247 0.4595586 18.29490 285.5040 42.26505 33.86133 6.776842 2.516729 4.213887
 [9,] 43.23247 456.5117 0.4596467 18.32287 285.5039 42.26509 33.88272 6.776718 2.514723 4.214431
[10,] 43.36221 444.9145 0.4581979 18.23877 285.5049 42.26350 33.85056 6.776678 2.801337 4.216322
[11,] 43.23877 456.7123 0.4596074 18.29486 285.5035 42.26414 33.87681 6.776867 2.513983 4.214206
[12,] 43.30476 436.1412 0.4594979 18.31935 285.5068 42.26736 33.88433 6.776826 3.110137 4.213637

$Refset$f
 [1] 312.8351 312.9028 312.9028 312.9028 312.9028 312.9028 312.9722 312.9028 313.3663 313.3750 313.1910 314.9931

$Refset$fpen
 [1] 312.8351 312.9028 312.9028 312.9028 312.9028 312.9028 312.9722 312.9028 313.3663 313.3750 313.1910 314.9931

$Refset$const
          [,1]     [,2]     [,3]     [,4]     [,5]
 [1,] 15.77689 33.48225 17.70536 1.639786 2.770627
 [2,] 15.78063 33.48458 17.70395 1.639757 2.772636
 [3,] 15.77750 33.48212 17.70462 1.639774 2.771667
 [4,] 15.78148 33.48550 17.70402 1.639780 2.771227
 [5,] 15.78378 33.48459 17.70081 1.639774 2.772125
 [6,] 15.77993 33.48372 17.70379 1.639744 2.772138
 [7,] 15.78136 33.48528 17.70392 1.639743 2.772290
 [8,] 15.77817 33.48327 17.70510 1.639789 2.770680
 [9,] 15.80815 33.48528 17.67713 1.639771 2.772358
[10,] 15.43744 33.19866 17.76123 1.639682 2.770146
[11,] 15.78088 33.48602 17.70514 1.639833 2.771845
[12,] 15.20921 32.88986 17.68065 1.639392 2.773048

$Refset$penalty
 [1] 0 0 0 0 0 0 0 0 0 0 0 0


