$f
 [1] 368.98437 238.47917 103.87847 103.18056  94.01389  92.64583  88.13715  76.85417  76.75521  74.96875  73.02778  72.58854  71.48437  67.64583  66.41840  64.08160  64.03125  63.98785  63.92535
[20]  62.87326  62.51389  62.16493  62.09896  61.56250  61.26215  61.09028  58.80035  58.43403  58.33507  58.17535  54.91319  54.26215  54.18229  54.16493  53.85069  53.24653  53.22743  53.02257

$x
          [,1]     [,2]      [,3]     [,4]     [,5]     [,6]     [,7]     [,8]     [,9]    [,10]
xbest 44.52859 200.9632 0.5903408 20.25861 285.4754 45.21468 29.52820 4.374877 9.730382 4.092960
xbest 51.98884 373.4534 0.5079958 18.48779 285.2155 38.04817 32.48521 2.506412 6.356359 1.968115
xbest 52.46108 341.7404 0.2096617 18.48779 285.2138 38.04817 24.00000 2.506412 6.388565 1.744881
xbest 47.88853 386.7998 0.4087962 15.70521 285.1715 42.83491 24.18768 2.555076 7.565924 2.092716
xbest 47.49310 391.8720 0.4078669 15.10111 285.1647 42.66771 24.17044 2.614085 7.800320 1.994341
xbest 47.51653 391.8720 0.3853669 15.10404 285.1658 42.66771 24.17044 2.614085 7.800320 1.994341
xbest 50.83604 345.0999 0.2166198 18.21562 285.2711 38.62583 25.50982 2.906144 6.528859 2.008730
xbest 50.83457 344.4749 0.1948229 18.21562 285.2383 38.62583 25.67232 2.906144 6.466359 2.008730
xbest 50.95467 363.9675 0.2100942 15.89177 284.9470 37.97509 25.45442 2.637478 7.524353 1.710024
xbest 50.95467 363.9675 0.2099184 15.89763 284.9271 37.97509 25.45442 2.637478 7.536853 1.710024
xbest 51.71038 358.5953 0.2374363 17.71069 285.0608 38.25443 26.35793 3.305275 6.254995 1.940817
xbest 51.71038 358.5953 0.2374363 17.71069 285.0608 38.25443 26.35793 3.305275 6.258120 1.940817
xbest 51.84036 358.5016 0.2394880 17.70716 285.0688 38.21032 26.45771 3.295938 6.251536 1.937933
xbest 51.71797 358.7556 0.2343353 17.69577 285.0635 38.35133 25.94260 3.306641 6.213348 1.938045
xbest 51.71797 358.7556 0.2341595 17.69577 285.0635 38.35133 25.94260 3.300391 6.225848 1.938045
xbest 51.76267 357.7083 0.2301231 17.69112 285.0713 38.28913 26.59767 3.293573 6.223590 1.936501
xbest 51.76853 357.7083 0.2301231 17.69112 285.0713 38.28913 26.59767 3.293573 6.223590 1.936501
xbest 50.68347 367.1418 0.2044320 15.44624 284.9559 38.06400 25.46925 2.632492 7.719345 1.702839
xbest 51.55003 360.8366 0.2170134 17.51003 285.0735 38.28815 26.57485 3.293230 6.226116 1.935798
xbest 51.55003 360.8366 0.2170134 17.51003 285.0735 38.28815 26.61547 3.293230 6.226116 1.935798
xbest 51.70772 356.0600 0.2106618 17.57078 285.0707 38.29089 26.62093 3.292953 6.231216 1.935321
xbest 51.70772 356.0600 0.2106618 17.57078 285.0707 38.29089 26.62093 3.292953 6.240591 1.935321
xbest 51.70456 356.1328 0.2069561 17.54970 285.0718 38.28933 26.62332 3.293249 6.232546 1.936519
xbest 51.70437 356.1233 0.2076444 17.53398 285.0718 38.28800 26.62761 3.293152 6.236017 1.936507
xbest 51.71403 356.4786 0.2035881 17.61855 285.0722 38.29463 26.59143 3.295325 6.197141 1.925653
xbest 51.70555 371.0349 0.2006752 16.81610 285.0723 38.28509 26.58658 3.293815 6.203450 1.928636
xbest 51.70583 377.5440 0.1994622 16.41529 285.0723 38.28448 26.59064 3.293915 6.191145 1.926876
xbest 51.70583 377.5440 0.1994622 16.41529 285.0723 38.28487 26.59064 3.293915 6.191145 1.926133
xbest 51.68533 355.6640 0.1787513 17.20465 285.0694 38.28629 26.64378 3.291574 6.236549 1.937709
xbest 51.70031 355.9600 0.1719682 17.04049 285.0705 38.29428 26.60900 3.292760 6.229247 1.937982
xbest 51.70031 356.9072 0.1719229 17.03898 285.0705 38.29428 26.60900 3.291979 6.232372 1.933528
xbest 51.74017 356.4561 0.1700744 17.00038 285.0719 38.28586 26.57698 3.292793 6.236579 1.935018
xbest 51.75023 355.3642 0.1710193 17.04875 285.0712 38.28417 26.56949 3.293569 6.236853 1.936654
xbest 51.74554 356.2947 0.1686014 16.99573 285.0710 38.28647 26.56925 3.292120 6.229838 1.934130
xbest 51.74662 356.2059 0.1682683 17.00037 285.0710 38.28666 26.57016 3.292159 6.222148 1.933102
xbest 51.74633 356.1756 0.1681928 16.99954 285.0710 38.28777 26.57017 3.292234 6.221608 1.931316
xbest 51.75075 356.1017 0.1683650 17.00467 285.0709 38.28791 26.57428 3.292459 6.220543 1.931156
xbest 51.75075 356.1017 0.1682771 17.00467 285.0709 38.28791 26.57428 3.292459 6.220543 1.930414

$time
elapsed elapsed elapsed elapsed elapsed elapsed elapsed elapsed elapsed elapsed elapsed elapsed elapsed elapsed elapsed elapsed elapsed elapsed elapsed elapsed elapsed elapsed elapsed elapsed elapsed 
   1.78    5.03    8.20   29.82   32.82   40.73   63.57   75.54  157.03  158.81  195.84  197.46  200.59  204.31  230.06  296.28  297.65  366.04  393.37  397.70  471.03  472.48  481.78  488.71  518.67 
elapsed elapsed elapsed elapsed elapsed elapsed elapsed elapsed elapsed elapsed elapsed elapsed elapsed 
 530.71  533.76  539.29  549.23  571.67  574.21  628.76  636.71  649.37  652.50  658.54  678.75  680.76 

$neval
 [1]   106   259   427  1417  1554  1922  2866  3398  6912  7006  8627  8700  8842  8983 10148 12989 13062 16313 17603 17811 21098 21174 21591 21870 23162 23704 23839 24056 24474 25426 25540 27855
[33] 28198 28743 28882 29152 30036 30037

$fbest
[1] 53.02257

$xbest
 [1]  51.7507463 356.1017052   0.1682771  17.0046706 285.0709126  38.2879103  26.5742760   3.2924585   6.2205435   1.9304138

$numeval
[1] 30037

$end_crit
[1] 1

$cpu_time
elapsed 
 680.76 

$Refset
$Refset$x
           [,1]        [,2]        [,3]      [,4]       [,5]      [,6]       [,7]       [,8]      [,9]    [,10]
 [1,]  51.74633 356.1756132   0.1681928 16.999535 285.071006  38.28777 26.5701719   3.292234  6.221608 1.931316
 [2,]  51.75075 356.1017052   0.1683650 17.004671 285.070913  38.28791 26.5742760   3.292459  6.220543 1.931156
 [3,]  51.72554 356.0796737   0.1705501 17.035702 285.071172  38.28672 26.5856561   3.291573  6.232200 1.931724
 [4,]  51.74173 356.3373921   0.1685280 16.977972 285.070866  38.28290 26.5687531   3.292674  6.236850 1.937296
 [5,]  51.74382 356.3304749   0.1686731 16.978112 285.071402  38.28328 26.5716132   3.293373  6.237396 1.936652
 [6,]  51.74312 356.3196284   0.1685881 16.978535 285.070949  38.28308 26.5698378   3.293155  6.237088 1.936852
 [7,]  51.75023 355.3642246   0.1710193 17.048752 285.071178  38.28417 26.5694925   3.293569  6.236853 1.936654
 [8,]  51.74628 356.2143344   0.1682561 16.996926 285.070914  38.28758 26.5703133   3.292864  6.222312 1.932583
 [9,]  51.74017   0.1700744 285.0719089 26.576978   6.236579  51.74017  0.1700744 285.071909 26.576978 6.236579
[10,] 356.45605  17.0003849  38.2858568  3.292793   1.935018 356.45605 17.0003849  38.285857  3.292793 1.935018
[11,]  51.74326 355.7860072   0.1693827 17.006461 285.070953  38.28378 26.5701339   3.293453  6.236801 1.936672
[12,]  51.74873 356.2011949   0.1682292 16.991172 285.070998  38.28669 26.5698059   3.292765  6.227080 1.933701

$Refset$f
 [1] 53.24653 53.22743 53.70833 54.12674 54.15278 54.15278 54.18229 54.16319 54.26215 54.26215 54.27083 54.14757

$Refset$fpen
 [1] 53.24653 53.22743 53.70833 54.12674 54.15278 54.15278 54.18229 54.16319 54.26215 54.26215 54.27083 54.14757

$Refset$const
          [,1]      [,2]      [,3]      [,4]     [,5]
 [1,] 10.77793 29.778392 19.000465  1.686641 2.368582
 [2,] 10.78413 29.779457 18.995329  1.686669 2.368838
 [3,] 10.80350 29.767800 18.964298  1.686695 2.369706
 [4,] 10.74112 29.763150 19.022028  1.686665 2.368693
 [5,] 10.74072 29.762604 19.021888  1.686618 2.368954
 [6,] 10.74145 29.762912 19.021465  1.686660 2.368771
 [7,] 10.81190 29.763147 18.951248  1.686630 2.368733
 [8,] 10.77461 29.777688 19.003074  1.686652 2.368586
 [9,] 10.76381 18.999615  2.369278 29.763421 1.686578
[10,] 29.76342  1.686578 10.763806 18.999615 2.369278
[11,] 10.76966 29.763199 18.993539  1.686659 2.368759
[12,] 10.76409 29.772920 19.008828  1.686643 2.368607

$Refset$penalty
 [1] 0 0 0 0 0 0 0 0 0 0 0 0


