$f
 [1] 300.85417 195.97222 106.02083 100.92882  87.78299  85.52604  79.61979  66.52778  66.04167  63.90625  63.23090  62.59028  62.05556  61.92014  61.71875  61.55382  61.49132  61.15278  60.73264
[20]  60.71875  60.61632  60.44271  60.35069  60.07118  59.90278  59.88021  59.79514  59.77951  59.77951

$x
          [,1]     [,2]      [,3]     [,4]     [,5]     [,6]     [,7]     [,8]     [,9]    [,10]
xbest 31.86946 467.8837 0.9420003 23.97919 284.2441 47.17549 27.53053 5.580928 2.657770 3.668156
xbest 60.10471 301.4611 0.1000000 15.28013 286.1227 39.15812 25.20840 2.921888 8.427675 2.702848
xbest 60.10471 280.0636 0.1000000 16.44759 286.6808 39.15812 24.36336 2.921888 8.542973 1.959355
xbest 56.22201 268.6945 0.1065971 17.01315 285.8287 39.56108 25.80542 4.466651 7.838476 2.367760
xbest 56.28831 268.6945 0.1000000 17.01315 285.8366 39.56108 25.92729 4.466651 7.825976 2.391510
xbest 54.56861 283.4164 0.1306410 17.84673 285.9019 39.37604 26.62770 3.937252 8.227054 2.620285
xbest 54.56861 283.4164 0.1302894 18.03423 285.9019 39.37604 26.62770 3.937252 8.227054 2.615832
xbest 55.56898 266.8513 0.1055245 19.05983 285.8033 39.57840 26.29267 4.005480 7.252982 2.561041
xbest 55.52211 266.8513 0.1055245 19.05983 285.8033 39.57840 26.33330 4.005480 7.265482 2.561041
xbest 55.39976 267.5027 0.1075331 19.05916 285.8019 39.55586 26.29894 4.005786 7.313736 2.558339
xbest 55.39976 267.5027 0.1074452 19.05916 285.8019 39.55586 26.29894 4.005786 7.301236 2.558339
xbest 55.35375 267.5435 0.1071858 19.04898 285.8125 39.55785 26.30113 4.004749 7.326150 2.557060
xbest 55.35375 267.5435 0.1071858 19.04898 285.8125 39.55785 26.30113 4.004749 7.310525 2.557060
xbest 55.41160 267.0484 0.1071777 19.03556 285.8108 39.55626 26.29936 4.004466 7.325560 2.558697
xbest 55.38534 267.4281 0.1073594 19.04300 285.8109 39.55752 26.29846 4.005040 7.313625 2.558585
xbest 55.38534 267.4476 0.1073594 19.04300 285.8109 39.55752 26.29846 4.005040 7.313625 2.558585
xbest 55.39824 267.2355 0.1072213 19.03266 285.8114 39.55641 26.30047 4.004541 7.321141 2.558718
xbest 55.38831 266.6134 0.1071383 19.04288 285.8121 39.55577 26.30294 4.004685 7.296525 2.558624
xbest 55.38831 266.6134 0.1071383 19.04361 285.8121 39.55577 26.30294 4.004685 7.293400 2.558624
xbest 55.38236 267.1263 0.1086923 19.04137 285.8116 39.55494 26.30535 4.004765 7.304759 2.558566
xbest 55.38241 267.1755 0.1088630 19.04135 285.8117 39.55500 26.30621 4.004759 7.306025 2.558399
xbest 55.38260 267.4767 0.1094612 19.04161 285.8117 39.55497 26.30553 4.004786 7.305633 2.558024
xbest 55.38328 268.3173 0.1122089 19.03285 285.8115 39.55497 26.30730 4.004780 7.320334 2.557951
xbest 55.38314 267.7910 0.1100238 19.03731 285.8118 39.55486 26.30730 4.004776 7.308315 2.558787
xbest 55.38357 267.9062 0.1116334 19.03320 285.8116 39.55488 26.30826 4.004775 7.329646 2.558395
xbest 55.38026 267.8183 0.1115558 19.03745 285.8118 39.55478 26.30895 4.004763 7.329696 2.558156
xbest 55.38143 267.9205 0.1115994 19.03237 285.8117 39.55487 26.30825 4.004776 7.329669 2.558259
xbest 55.39042 268.0721 0.1113269 19.04206 285.8116 39.55504 26.30751 4.004807 7.311449 2.558649
xbest 55.39042 268.0721 0.1113269 19.04206 285.8116 39.55504 26.30751 4.004807 7.311449 2.558649

$time
elapsed elapsed elapsed elapsed elapsed elapsed elapsed elapsed elapsed elapsed elapsed elapsed elapsed elapsed elapsed elapsed elapsed elapsed elapsed elapsed elapsed elapsed elapsed elapsed elapsed 
   1.62    4.26    6.70   28.04   36.26   58.70   65.62  156.06  157.81  186.25  187.89  225.48  227.17  245.01  247.67  254.20  262.89  338.61  340.22  360.15  388.75  402.00  404.79  413.20  436.29 
elapsed elapsed elapsed elapsed 
 466.04  468.72  476.95  607.47 

$neval
 [1]   106   256   392  1500  1887  2966  3320  7642  7726  9091  9175 10945 11026 11983 12125 12478 12890 16668 16747 17706 19136 19759 19898 20316 21494 22942 23082 23504 30062

$fbest
[1] 59.77951

$xbest
 [1]  55.3904165 268.0720758   0.1113269  19.0420553 285.8115596  39.5550422  26.3075089   4.0048075   7.3114486   2.5586494

$numeval
[1] 30062

$end_crit
[1] 1

$cpu_time
elapsed 
 607.47 

$Refset
$Refset$x
          [,1]     [,2]      [,3]     [,4]     [,5]     [,6]     [,7]     [,8]     [,9]    [,10]
 [1,] 50.31311 352.8893 0.6524835 26.15151 284.1604 32.73235 30.40089 3.674014 9.160294 2.156671
 [2,] 55.39064 268.0085 0.1114180 19.03568 285.8117 39.55505 26.30744 4.004748 7.319205 2.558370
 [3,] 55.39058 268.0109 0.1114158 19.03629 285.8116 39.55506 26.30758 4.004751 7.319008 2.558376
 [4,] 55.33631 268.1068 0.1105293 19.04982 285.8113 39.55735 26.30840 4.004804 7.305898 2.558912
 [5,] 55.35507 268.2382 0.1114283 19.04774 285.8111 39.55776 26.30064 4.004764 7.310414 2.560214
 [6,] 55.41121 267.9773 0.1096889 19.04646 285.8117 39.55540 26.30178 4.004601 7.304073 2.558812
 [7,] 55.55241 268.0674 0.1117151 19.03988 285.8110 39.54806 26.30113 4.004892 7.271870 2.556684
 [8,] 55.33853 269.3122 0.1123715 19.03334 285.8126 39.56682 26.31561 4.005130 7.298584 2.558009
 [9,] 55.39796 272.0236 0.1130851 19.03844 285.7996 39.55511 26.30226 4.005944 7.307114 2.559287
[10,] 55.39107 267.9698 0.1102771 19.08678 285.8105 39.55614 26.29614 4.003521 7.339660 2.597473
[11,] 55.20954 269.8036 0.1097476 18.86393 285.8139 39.65881 25.65125 4.380946 7.344431 2.659379
[12,] 55.24434 268.0653 0.1112312 19.03384 285.8115 39.59072 26.30745 4.006141 7.313095 2.557401

$Refset$f
 [1] 12011.83507    59.77951    59.77951    60.31944    60.39757    61.52778    62.68576    62.28646    65.97222    67.35243    87.00174    73.84896

$Refset$fpen
 [1] 12011.83507    59.77951    59.77951    60.31944    60.39757    61.52778    62.68576    62.28646    65.97222    67.35243    87.00174    73.84896

$Refset$const
          [,1]     [,2]      [,3]     [,4]     [,5]
 [1,] 16.99121 26.83971  9.848492 1.858032 3.033936
 [2,] 11.71648 28.68080 16.964317 1.605327 2.442537
 [3,] 11.71728 28.68099 16.963712 1.605328 2.442541
 [4,] 11.74393 28.69410 16.950176 1.605366 2.442404
 [5,] 11.73733 28.68959 16.952261 1.605377 2.441829
 [6,] 11.74238 28.69593 16.953542 1.605321 2.442148
 [7,] 11.76801 28.72813 16.960121 1.605397 2.442256
 [8,] 11.73476 28.70142 16.966656 1.605229 2.442790
 [9,] 11.73132 28.69289 16.961565 1.606578 2.439241
[10,] 11.74712 28.66034 16.913223 1.605439 2.441450
[11,] 11.51950 28.65557 17.136072 1.604512 2.395384
[12,] 11.72074 28.68691 16.966163 1.605331 2.440907

$Refset$penalty
 [1] 0 0 0 0 0 0 0 0 0 0 0 0


