$f
 [1] 629.56771 174.81076 122.67882 108.78299 108.35590  96.20312  93.47222  88.54687  84.52083  83.46007  82.64757  82.24479  81.83160  81.79688  81.67188  81.63194  81.43750  81.41840  80.87500
[20]  80.64931  80.54167  80.53299  80.51389  80.50521  80.44271  80.44271

$x
          [,1]     [,2]      [,3]     [,4]     [,5]     [,6]     [,7]     [,8]     [,9]    [,10]
xbest 25.26490 382.6341 0.2192012 23.15104 285.8803 46.31063 25.73352 3.974259 6.139432 4.296023
xbest 39.58109 277.4607 0.1770185 26.54615 286.6037 48.00000 32.84823 6.250246 3.511795 3.784217
xbest 39.58109 277.4607 0.2220185 26.52272 286.4912 48.00000 33.51854 6.050246 3.518045 3.781248
xbest 40.29683 278.5957 0.2754324 26.06704 286.1710 45.55239 33.22243 5.884150 4.224661 3.800754
xbest 42.31882 271.2623 0.5312309 28.17869 286.3686 41.93034 34.70923 5.601532 4.240749 3.792725
xbest 42.30054 281.9800 0.5707832 27.54330 286.3576 42.05030 34.70506 5.609861 4.198619 4.257251
xbest 42.30054 281.9800 0.5721894 27.35580 286.3576 42.05030 34.69998 5.609861 4.234556 4.245376
xbest 42.71761 275.4242 0.4744960 27.98781 286.3474 41.99127 32.56699 5.611031 4.034034 4.198888
xbest 43.46761 275.4946 0.4694257 27.98781 286.3474 41.89127 32.60360 5.611031 3.884034 4.198888
xbest 43.89374 285.4050 0.4630566 26.63819 286.3664 42.33651 32.62142 5.618739 4.233430 4.260028
xbest 43.89374 285.4050 0.4630566 26.63819 286.3664 42.33807 32.62142 5.612489 4.245930 4.260028
xbest 44.40501 282.4961 0.4656952 27.04251 286.3705 42.15734 32.52260 5.623606 4.028999 4.173202
xbest 44.40501 282.4961 0.4431952 27.04251 286.3705 42.15734 32.52260 5.623606 4.028999 4.173202
xbest 43.67023 277.8820 0.4453230 27.02907 286.3291 42.31323 31.97723 5.609202 4.236081 4.225222
xbest 43.69686 277.8763 0.4451835 27.03199 286.3291 42.31340 31.93530 5.609190 4.232637 4.225950
xbest 43.69589 277.8754 0.4438100 27.03244 286.3290 42.31444 31.90374 5.609206 4.230609 4.226691
xbest 43.66116 277.8764 0.4410985 27.03564 286.3229 42.31490 31.90111 5.609635 4.248290 4.222860
xbest 43.90238 284.5074 0.4585887 26.59502 286.3235 42.27495 32.10173 5.605656 4.245327 4.217608
xbest 43.76175 284.5074 0.4135887 26.59502 286.3235 42.27495 32.10173 5.605656 4.258022 4.217608
xbest 43.79425 278.4912 0.4469097 26.98578 286.3264 42.28536 31.88290 5.606767 4.219433 4.220702
xbest 43.78636 278.4199 0.4436578 27.00001 286.3264 42.28588 31.89721 5.606678 4.214963 4.221406
xbest 43.80317 278.4892 0.4442704 26.98681 286.3262 42.28564 31.88296 5.606735 4.217884 4.221300
xbest 43.79013 278.4892 0.4429409 26.98605 286.3259 42.28332 31.88175 5.606604 4.219342 4.220636
xbest 43.78975 278.4864 0.4425611 26.98659 286.3259 42.28284 31.88141 5.606581 4.219369 4.220750
xbest 43.78484 279.2750 0.4395330 27.24727 286.3250 42.28540 31.87801 5.606842 4.058481 4.220477
xbest 43.78484 279.2750 0.4395330 27.24727 286.3250 42.28540 31.87801 5.606842 4.058481 4.220477

$time
elapsed elapsed elapsed elapsed elapsed elapsed elapsed elapsed elapsed elapsed elapsed elapsed elapsed elapsed elapsed elapsed elapsed elapsed elapsed elapsed elapsed elapsed elapsed elapsed elapsed 
   1.72    4.91    7.56   14.20   27.91   31.24   42.88   77.86   80.35  143.60  145.52  176.10  180.89  244.17  252.27  261.80  303.53  324.19  349.33  491.97  516.25  543.78  556.06  559.33  707.31 
elapsed 
 713.97 

$neval
 [1]   106   252   365   650  1208  1348  1858  3469  3578  6125  6210  7439  7647 10202 10540 10946 12637 13537 14593 20599 21615 22757 23289 23428 29827 30031

$fbest
[1] 80.44271

$xbest
 [1]  43.784844 279.275015   0.439533  27.247266 286.324982  42.285399  31.878013   5.606842   4.058481   4.220477

$numeval
[1] 30031

$end_crit
[1] 1

$cpu_time
elapsed 
 713.97 

$Refset
$Refset$x
           [,1]       [,2]        [,3]      [,4]       [,5]      [,6]      [,7]       [,8]      [,9]    [,10]
 [1,]  43.78484   0.439533 286.3249819 31.878013   4.058481  43.78484  0.439533 286.324982 31.878013 4.058481
 [2,] 279.27502  27.247266  42.2853992  5.606842   4.220477 279.27502 27.247266  42.285399  5.606842 4.220477
 [3,]  43.78484 279.275015   0.4395330 27.247266 286.324982  42.28540 31.878013   5.606842  4.058481 4.220477
 [4,]  43.78845 278.449520   0.4424954 26.987833 286.326608  42.28391 31.901113   5.606587  4.220429 4.220714
 [5,]  43.78981 278.480802   0.4425828 26.987553 286.326088  42.28364 31.883704   5.606592  4.218892 4.220372
 [6,]  43.79444 278.455182   0.4426391 26.987399 286.326608  42.28310 31.883565   5.606595  4.219106 4.220531
 [7,]  43.79080 278.468275   0.4429263 26.988734 286.326001  42.28364 31.882847   5.606642  4.218640 4.220828
 [8,]  43.79060 278.470316   0.4427875 26.988564 286.325994  42.28367 31.883092   5.606646  4.218506 4.220877
 [9,]  43.79455 281.144847   0.4505805 26.292177 286.319728  42.27730 31.898754   5.608948  4.553129 4.220550
[10,]  43.89236 278.455170   0.4423217 27.005380 286.322939  42.21848 31.993702   5.604761  4.217560 4.220588
[11,]  43.69523 278.494007   0.4428183 27.030580 286.328248  42.27711 31.884389   5.608029  4.209052 4.221244
[12,]  44.03271 347.910035   0.5550278 24.399309 285.774959  37.98821 32.557685   3.928611  4.438940 4.486438

$Refset$f
 [1]  80.44271  80.44271  80.44271  80.50521  80.50521  80.50521  80.50521  80.50521  82.07639  82.46875  82.41319 108.39410

$Refset$fpen
 [1]  80.44271  80.44271  80.44271  80.50521  80.50521  80.50521  80.50521  80.50521  82.07639  82.46875  82.41319 108.39410

$Refset$const
          [,1]      [,2]      [,3]      [,4]     [,5]
 [1,] 23.18878  8.752734  2.863066 31.941519 1.541071
 [2,] 31.94152  1.541071 23.188785  8.752734 2.863066
 [3,] 23.18878 31.941519  8.752734  1.541071 2.863066
 [4,] 22.76740 31.779571  9.012167  1.540791 2.865597
 [5,] 22.76866 31.781108  9.012447  1.540913 2.864033
 [6,] 22.76829 31.780894  9.012601  1.540849 2.864246
 [7,] 22.77009 31.781360  9.011266  1.540926 2.863932
 [8,] 22.77006 31.781494  9.011436  1.540926 2.863947
 [9,] 21.73905 31.446871  9.707823  1.541619 2.863271
[10,] 22.78782 31.782440  8.994620  1.540748 2.875620
[11,] 22.82153 31.790948  8.969420  1.540631 2.865278
[12,] 19.96037 31.561060 11.600691  1.597182 3.049189

$Refset$penalty
 [1] 0 0 0 0 0 0 0 0 0 0 0 0


