$f
[1] 366.97396 114.72396  68.62326  61.73785  57.26042  55.33854  51.05729  49.70833  49.70833

$x
          [,1]     [,2]      [,3]     [,4]     [,5]     [,6]     [,7]     [,8]     [,9]    [,10]
xbest 28.55613 212.4595 0.6490532 26.67525 284.7544 43.92448 31.06800 8.477254 6.667608 4.972070
xbest 37.65365 390.3324 0.8608674 21.67592 285.7476 41.31679 31.25640 6.882225 3.712426 3.367416
xbest 38.31656 392.3856 1.0000000 21.67592 285.7495 41.31679 30.33060 6.682225 3.592788 3.367416
xbest 36.59646 229.2021 0.5011710 24.37753 284.8202 42.34571 31.43721 5.643105 6.208846 2.032824
xbest 36.54958 229.2021 0.4561710 24.37753 284.8202 42.34571 31.43721 5.643105 6.202596 2.032824
xbest 39.95585 377.4703 0.8149299 22.58608 285.7598 42.09497 30.15752 5.084097 3.530661 3.160176
xbest 39.95585 377.3140 0.8149299 22.58608 285.7598 42.19497 30.15752 5.084097 3.543161 3.160176
xbest 38.89711 391.4002 0.9906054 21.72763 285.7920 41.03380 30.33971 7.079146 3.346541 3.127669
xbest 38.89711 391.4002 0.9906054 21.72763 285.7920 41.03380 30.33971 7.079146 3.346541 3.127669

$time
elapsed elapsed elapsed elapsed elapsed elapsed elapsed elapsed elapsed 
   1.12    3.08    5.75   18.79   28.42   44.14   51.61   67.34   67.34 

$neval
[1]  106  254  433 1280 1904 2843 3324 4264 4264

$fbest
[1] 49.70833

$xbest
 [1]  38.8971061 391.4001930   0.9906054  21.7276325 285.7920259  41.0338036  30.3397084   7.0791459   3.3465412   3.1276689

$numeval
[1] 4264

$end_crit
[1] 3

$cpu_time
elapsed 
  67.34 

$Refset
$Refset$x
           [,1]        [,2]        [,3]      [,4]       [,5]      [,6]       [,7]       [,8]      [,9]    [,10]
 [1,]  39.95585   0.8149299 285.7598388 30.157515   3.543161  39.95585  0.8149299 285.759839 30.157515 3.543161
 [2,] 377.31405  22.5860835  42.1949747  5.084097   3.160176 377.31405 22.5860835  42.194975  5.084097 3.160176
 [3,]  38.43259 393.2186847   0.9986362 21.724700 285.779449  41.03513 30.3623957   7.078437  3.346537 3.120958
 [4,] 229.20215  24.3775341  42.3457108  5.643105   2.032824 229.20215 24.3775341  42.345711  5.643105 2.032824
 [5,]  45.94282 327.6255371   0.6590847 22.718647 286.562420  42.02387 30.2093207   5.042288  4.334568 3.481379
 [6,]  38.64681 367.9644387   0.9755220 23.368508 285.707938  41.50437 29.1703373   6.950553  2.960478 3.963605
 [7,]  38.72491 375.3099598   0.9744417 23.117277 285.728136  40.94128 29.4287671   6.946482  3.026643 3.957260
 [8,]  38.94997 423.3683972   1.0000000 21.588742 285.776704  39.79567 30.4587112   6.997035  3.030383 3.970750
 [9,]  41.69489 405.7815378   0.8178968 20.425481 285.754185  42.41426 30.2500675   4.269816  4.018081 3.301507
[10,]  37.09587 313.9141635   0.6368006 23.653582 285.182259  42.39611 30.3931240   5.781468  4.028178 2.466011
[11,]  38.89711 391.4001930   0.9906054 21.727632 285.792026  41.03380 30.3397084   7.079146  3.346541 3.127669
[12,]  37.36032 391.7499334   0.4174827 18.992784 285.991291  47.16512 29.7127632   7.007274  4.668430 3.843486

$Refset$f
 [1]  51.05729  51.05729  54.00694  57.26042  57.53299  62.08507  58.15972  65.38368  65.53125  68.14583  49.70833 132.79861

$Refset$fpen
 [1]  51.05729  51.05729  54.00694  57.26042  57.53299  62.08507  58.15972  65.38368  65.53125  68.14583  49.70833 132.79861

$Refset$const
          [,1]      [,2]      [,3]      [,4]     [,5]
 [1,] 19.04292 13.413916  2.566708 32.456839 1.611161
 [2,] 32.45684  1.611161 19.042923 13.413916 2.566708
 [3,] 18.37816 32.653463 14.275300  1.608119 2.646336
 [4,] 29.79740  1.724531 18.174938 11.622466 2.460919
 [5,] 18.38408 31.665432 13.281353  1.517876 2.837922
 [6,] 20.40803 33.039522 12.631492  1.617079 2.519997
 [7,] 20.09063 32.973357 12.882723  1.614737 2.570485
 [8,] 18.55836 32.969617 14.411258  1.607035 2.724895
 [9,] 16.40740 31.981919 15.574519  1.611828 2.560918
[10,] 19.62540 31.971822 12.346418  1.677391 2.448361
[11,] 18.38109 32.653459 14.272368  1.606644 2.648096
[12,] 14.32435 31.331570 17.007216  1.586446 2.396426

$Refset$penalty
 [1] 0 0 0 0 0 0 0 0 0 0 0 0


