$f
 [1] 218.01736 166.55382 154.61111 151.45486 139.49479 137.45313 125.46007 125.22569 121.66667 101.30729  91.39236  90.88194  90.23958  90.03819  87.77431  87.17535  86.34722  86.17708  85.59201
[20]  85.51215  85.46181  85.44618  85.44444  85.42708  85.32986  85.29687  85.26215  85.24306  85.16319  85.08507  85.06771  84.86285  84.79340  84.79340

$x
          [,1]     [,2]      [,3]     [,4]     [,5]     [,6]     [,7]     [,8]     [,9]    [,10]
xbest 42.52944 371.0945 0.8419337 26.53112 286.5811 43.45594 30.08826 4.457310 3.878432 2.722444
xbest 44.17758 338.0974 0.8198959 26.70189 286.5424 42.11793 31.11359 5.512412 3.789425 2.921642
xbest 44.74008 338.0974 0.8198959 26.75169 286.5330 42.11793 31.11359 5.505771 3.808175 2.921642
xbest 45.59332 341.1390 0.8201707 26.60545 286.6154 42.81477 30.15278 4.726784 3.782332 2.852306
xbest 48.62254 359.1427 0.7581951 26.51974 286.6647 42.80180 30.40285 3.944826 2.969123 2.926692
xbest 44.83405 341.1693 0.7590988 26.75840 286.4434 43.09325 31.10922 5.506834 3.662272 3.516161
xbest 47.18936 360.5145 0.7382479 26.52077 286.6649 42.76053 30.42491 4.000658 3.076493 2.946665
xbest 47.14833 360.3267 0.7407779 26.52057 286.6650 42.74503 30.42313 3.995975 3.089843 2.948080
xbest 47.21595 352.5344 0.8003322 26.51497 286.4290 42.37044 30.64601 4.148855 3.360181 2.964484
xbest 48.85048 424.1824 0.7026967 22.84347 285.8168 42.02839 27.79448 2.135024 3.834040 4.978346
xbest 48.85048 424.9877 0.7585681 22.89588 285.7418 42.02839 27.98175 2.135024 3.777278 4.920340
xbest 47.78119 397.6482 0.8854737 26.61428 286.2680 42.39301 30.04936 2.107985 2.258380 4.995756
xbest 47.78119 397.6482 0.9079737 26.61428 286.2680 42.39301 30.04936 2.107985 2.258380 4.995756
xbest 48.71762 398.2738 0.7669245 26.72891 286.4962 42.64369 29.86455 2.391080 2.000000 3.850499
xbest 48.71762 398.2738 0.7669245 26.55313 286.4962 42.63119 29.85320 2.391080 2.037500 3.850499
xbest 48.55283 395.1271 0.7748786 26.69777 286.4854 42.63505 29.86289 2.396898 2.066526 4.224819
xbest 48.69239 393.9409 0.7560430 26.79955 286.4984 42.60157 30.00490 2.385931 2.000000 4.013598
xbest 48.61990 396.8198 0.7760405 26.64293 286.4866 42.63344 29.88168 2.402450 2.072176 4.306749
xbest 48.68246 393.9465 0.7513558 26.82072 286.4869 42.58798 30.00838 2.385681 2.001214 4.013202
xbest 48.58387 397.0905 0.7743754 26.65461 286.4798 42.63324 29.86619 2.400439 2.064120 4.233029
xbest 48.57972 397.0941 0.7740952 26.65475 286.4797 42.63322 29.86083 2.399758 2.067430 4.223116
xbest 48.58158 397.0948 0.7746507 26.65532 286.4799 42.63325 29.86143 2.400024 2.067888 4.223334
xbest 48.60509 397.6914 0.7745678 26.62371 286.4799 42.63414 29.85918 2.400095 2.068373 4.222491
xbest 48.60295 396.7985 0.7764826 26.66604 286.4852 42.63171 29.88345 2.400395 2.062397 4.226621
xbest 48.61074 394.6256 0.7469555 26.79299 286.4874 42.60953 29.97725 2.384427 2.049050 3.942808
xbest 48.58772 398.0358 0.7745616 26.64974 286.4799 42.63440 29.84640 2.399837 2.069278 4.223358
xbest 48.67962 393.9169 0.7540228 26.85954 286.4888 42.58954 29.99824 2.385691 2.010032 4.006091
xbest 48.67962 393.8974 0.7540228 26.85954 286.4888 42.58954 29.99824 2.385691 2.010032 4.006091
xbest 48.61094 398.3892 0.7765604 26.62465 286.4786 42.63370 29.87961 2.400211 2.065381 4.224917
xbest 48.61510 398.3862 0.7765084 26.62478 286.4866 42.63492 29.88005 2.399678 2.064538 4.221168
xbest 48.65689 398.2011 0.7749009 26.69654 286.4838 42.59927 29.91953 2.384505 2.025380 3.947907
xbest 48.61355 398.3664 0.7707953 26.62488 286.4864 42.63198 29.87932 2.399678 2.064110 4.222247
xbest 48.55388 400.9137 0.7746875 26.52303 286.4877 42.63204 29.92012 2.399332 2.077466 4.225034
xbest 48.55388 400.9137 0.7746875 26.52303 286.4877 42.63204 29.92012 2.399332 2.077466 4.225034

$time
elapsed elapsed elapsed elapsed elapsed elapsed elapsed elapsed elapsed elapsed elapsed elapsed elapsed elapsed elapsed elapsed elapsed elapsed elapsed elapsed elapsed elapsed elapsed elapsed elapsed 
   1.64    8.25   11.12   14.29   17.37   23.51   26.87   30.15   33.78   36.97   46.25  124.76  126.42  181.59  183.72  192.36  195.12  204.18  207.26  218.29  221.39  229.62  232.65  235.40  238.23 
elapsed elapsed elapsed elapsed elapsed elapsed elapsed elapsed elapsed 
 244.56  267.92  279.50  282.87  342.08  411.42  416.17  679.25  695.64 

$neval
 [1]   106   406   533   673   814  1096  1236  1375  1514  1652  2056  5458  5531  7818  7918  8334  8475  8890  9029  9509  9648 10055 10194 10330 10467 10737 11748 12227 12361 14867 17839 18042
[33] 29484 30096

$fbest
[1] 84.7934

$xbest
 [1]  48.5538760 400.9136525   0.7746875  26.5230267 286.4876892  42.6320395  29.9201166   2.3993324   2.0774659   4.2250340

$numeval
[1] 30096

$end_crit
[1] 1

$cpu_time
elapsed 
 695.64 

$Refset
$Refset$x
           [,1]        [,2]        [,3]      [,4]       [,5]      [,6]       [,7]       [,8]      [,9]    [,10]
 [1,] 400.91365  26.5230267  42.6320395  2.399332   4.225034 400.91365 26.5230267  42.632039  2.399332 4.225034
 [2,]  48.55388   0.7746875 286.4876892 29.920117   2.077466  48.55388  0.7746875 286.487689 29.920117 2.077466
 [3,]  48.55388 400.9136525   0.7746875 26.523027 286.487689  42.63204 29.9201166   2.399332  2.077466 4.225034
 [4,]  48.59703 399.9899847   0.7728355 26.544534 286.486730  42.63120 29.9031209   2.399475  2.078747 4.225578
 [5,]  48.61656 402.7724313   0.7723153 26.460727 286.487857  42.62893 29.9352671   2.399447  2.070317 4.224064
 [6,]  48.66211 399.1325985   0.7722976 26.556129 286.487544  42.63114 29.9071814   2.400050  2.074506 4.240337
 [7,]  48.58955 397.8205073   0.7755400 26.646504 286.486933  42.63282 29.9037420   2.399532  2.077471 4.226157
 [8,]  48.67035 396.2883330   0.7617750 26.686002 286.488826  42.62564 29.9059760   2.402076  2.063583 4.278035
 [9,]  48.60998 398.3432557   0.7632840 26.590505 286.486158  42.61636 29.9208744   2.401190  2.070300 4.261816
[10,]  48.85695 396.7410485   0.7712514 26.500238 286.483671  42.62296 29.9241661   2.402133  2.084961 4.220667
[11,]  49.01770 389.2818210   0.8307685 26.797829 286.083486  42.08279 30.0375779   2.617526  2.116538 4.226625
[12,]  48.80261 393.1804797   0.7724120 26.513520 286.487760  42.51814 29.8865543   2.408592  2.309381 4.242022

$Refset$f
 [1] 84.79340 84.79340 84.79340 84.89236 84.90625 85.09028 85.21875 85.30729 85.34896 86.50521 94.83333 96.08160

$Refset$fpen
 [1] 84.79340 84.79340 84.79340 84.89236 84.90625 85.09028 85.21875 85.30729 85.34896 86.50521 94.83333 96.08160

$Refset$const
          [,1]      [,2]      [,3]      [,4]     [,5]
 [1,] 33.92253  1.528945 24.445561  9.476973 2.754627
 [2,] 24.44556  9.476973  2.754627 33.922534 1.528945
 [3,] 24.44556 33.922534  9.476973  1.528945 2.754627
 [4,] 24.46579 33.921253  9.455466  1.529105 2.753066
 [5,] 24.39041 33.929683  9.539273  1.528873 2.755961
 [6,] 24.48162 33.925494  9.443871  1.528999 2.753671
 [7,] 24.56903 33.922529  9.353496  1.529083 2.753104
 [8,] 24.62242 33.936417  9.313998  1.528844 2.754344
 [9,] 24.52020 33.929700  9.409495  1.529085 2.754917
[10,] 24.41528 33.915039  9.499762  1.529375 2.753891
[11,] 24.68129 33.883462  9.202171  1.574126 2.654378
[12,] 24.20414 33.690619  9.486480  1.528796 2.758066

$Refset$penalty
 [1] 0 0 0 0 0 0 0 0 0 0 0 0


