$f
 [1] 742.68229 170.09028 123.87674 122.58160 110.25174 107.67708 105.24653 101.53125  93.02083  88.93056  83.00174  78.63194  76.87674  75.99826  75.47569  74.17187  74.01215  73.05382  72.86806
[20]  72.74826  72.67882  72.56424  72.53819  72.48438  72.46354  72.35243  72.35243

$x
          [,1]     [,2]      [,3]     [,4]     [,5]     [,6]     [,7]     [,8]     [,9]    [,10]
xbest 31.01677 170.6388 0.7245574 24.96704 285.4643 44.05988 25.21645 4.316940 8.985513 1.379780
xbest 43.91239 350.5166 0.6151716 18.87872 285.4415 48.00000 24.00000 2.000000 6.091885 4.402406
xbest 43.91239 370.5166 0.7637123 18.87872 285.4415 48.00000 24.00000 2.000000 5.891885 4.402406
xbest 42.87741 451.7609 0.2464521 17.33858 285.7245 46.04895 24.00000 2.468616 4.975049 4.606673
xbest 43.55342 404.2533 0.2639041 17.65034 285.7075 46.29348 24.66139 2.117658 5.871673 4.081764
xbest 43.50902 338.4558 0.1587575 18.36964 285.6308 46.89541 24.33073 2.935873 5.902163 4.166157
xbest 43.26590 424.0368 0.5546363 18.47983 285.6235 46.27162 24.21286 2.462288 5.370027 4.785659
xbest 44.46190 386.8826 0.3093431 17.94766 285.7774 44.93842 25.21235 3.644256 5.958966 3.864009
xbest 43.44634 338.7702 0.1725844 18.24946 285.5918 46.95914 24.33013 2.951686 5.948090 4.174565
xbest 43.44048 338.7702 0.1725844 18.24946 285.5942 46.95914 24.45201 2.951686 5.972309 4.198315
xbest 43.98066 392.9562 0.3595329 17.86739 285.7339 44.97258 25.77518 3.550153 6.018634 3.967884
xbest 43.98066 392.9562 0.3595329 17.86739 285.7152 44.97258 25.77518 3.550153 5.993634 3.967884
xbest 44.32334 387.7981 0.3697544 17.76149 285.7357 45.03118 25.71954 3.561427 6.121917 3.996058
xbest 44.32334 387.7981 0.3697544 17.76442 285.7357 45.02805 25.76016 3.561427 6.122308 3.999026
xbest 43.96474 382.4616 0.3704087 18.08276 285.6264 46.63524 25.28535 3.057620 5.787099 4.242793
xbest 43.96474 382.5397 0.3698814 18.08276 285.6264 46.63524 25.28535 3.057620 5.793349 4.242793
xbest 43.95349 382.5238 0.3699438 18.14673 285.6263 46.46421 25.29546 3.048136 5.766225 4.245088
xbest 43.95349 382.5238 0.3474438 18.14673 285.6263 46.46421 25.29546 3.048136 5.766225 4.245088
xbest 43.94861 382.8673 0.3743854 18.14438 285.6196 46.66623 25.24765 3.059125 5.762536 4.244034
xbest 43.94363 382.4758 0.3734305 18.13704 285.6140 46.67043 25.22609 3.060185 5.765547 4.244386
xbest 43.94006 382.4384 0.3706522 18.13114 285.6165 46.67034 25.22541 3.059805 5.756649 4.244785
xbest 43.94020 382.3470 0.3708195 18.13281 285.6171 46.66844 25.22820 3.059708 5.756935 4.244737
xbest 43.94019 382.3666 0.3708037 18.13335 285.6173 46.66771 25.22944 3.059730 5.756967 4.244738
xbest 43.94398 382.4932 0.3707019 18.14409 285.6163 46.66927 25.22269 3.059664 5.743140 4.244489
xbest 43.97918 383.6313 0.3681259 18.05731 285.6160 46.66896 25.23136 3.059923 5.749318 4.243764
xbest 43.97977 382.7631 0.3714560 18.11216 285.6157 46.67055 25.22727 3.059857 5.755842 4.239890
xbest 43.97977 382.7631 0.3714560 18.11216 285.6157 46.67055 25.22727 3.059857 5.755842 4.239890

$time
elapsed elapsed elapsed elapsed elapsed elapsed elapsed elapsed elapsed elapsed elapsed elapsed elapsed elapsed elapsed elapsed elapsed elapsed elapsed elapsed elapsed elapsed elapsed elapsed elapsed 
   1.72    4.81    7.16   13.16   19.27   25.47   28.55   31.28   34.94   39.92   85.94   87.88  111.69  119.80  189.41  191.16  247.19  248.66  365.59  382.83  411.63  417.92  420.72  478.66  583.30 
elapsed elapsed 
 606.44  670.20 

$neval
 [1]   106   258   368   656   933  1208  1344  1485  1625  1869  3886  3970  5044  5407  8399  8486 10926 11000 16321 17075 18365 18637 18773 21433 26204 27213 30040

$fbest
[1] 72.35243

$xbest
 [1]  43.979773 382.763099   0.371456  18.112163 285.615673  46.670549  25.227266   3.059857   5.755842   4.239890

$numeval
[1] 30040

$end_crit
[1] 1

$cpu_time
elapsed 
  670.2 

$Refset
$Refset$x
          [,1]     [,2]      [,3]     [,4]     [,5]     [,6]     [,7]     [,8]     [,9]    [,10]
 [1,] 70.89336 197.4672 0.2766979 26.22095 284.3893 16.92881 33.00140 8.741886 3.089501 3.694856
 [2,] 43.97055 382.7413 0.3710824 18.11312 285.6157 46.67122 25.22529 3.059863 5.756855 4.239449
 [3,] 43.97005 382.7421 0.3710073 18.11290 285.6157 46.67105 25.22653 3.059887 5.756967 4.240688
 [4,] 43.96786 382.7332 0.3708050 18.11308 285.6157 46.67018 25.22585 3.059857 5.757514 4.239688
 [5,] 43.97142 382.7504 0.3711552 18.11307 285.6157 46.67105 25.22598 3.059861 5.756763 4.239719
 [6,] 43.96997 382.8283 0.3674537 18.10810 285.6158 46.66932 25.23493 3.059836 5.752275 4.241247
 [7,] 43.97905 382.7083 0.3688732 18.09976 285.6155 46.66970 25.22853 3.061073 5.758829 4.226670
 [8,] 43.96314 382.2408 0.3700761 18.13069 285.6149 46.66873 25.23073 3.059825 5.751208 4.240283
 [9,] 43.91577 381.7511 0.3704998 18.13407 285.6142 46.72710 25.20112 3.059754 5.777186 4.238899
[10,] 43.82010 382.7643 0.3595117 18.11309 285.6003 46.61523 25.07725 3.062874 5.755786 4.239941
[11,] 43.89909 382.7003 0.3722429 18.23001 285.5895 46.44948 25.21368 3.053395 5.757572 4.249773
[12,] 44.57323 374.5660 0.3713120 18.48018 285.5955 45.87417 25.21424 3.144526 5.778493 4.241762

$Refset$f
 [1] 1.000000e+06 7.235243e+01 7.235243e+01 7.235243e+01 7.235243e+01 7.254514e+01 7.283854e+01 7.284896e+01 8.164063e+01 8.026910e+01 8.121701e+01 1.340069e+02

$Refset$fpen
 [1] 9.999975e+11 7.235243e+01 7.235243e+01 7.235243e+01 7.235243e+01 7.254514e+01 7.283854e+01 7.284896e+01 8.164063e+01 8.026910e+01 8.121701e+01 1.340069e+02

$Refset$const
              [,1]         [,2]         [,3]         [,4]         [,5]
 [1,] 1.000000e+06 1.000000e+06 1.000000e+06 1.000000e+06 1.000000e+06
 [2,] 1.235626e+01 3.024314e+01 1.788688e+01 1.608337e+00 2.105333e+00
 [3,] 1.235593e+01 3.024303e+01 1.788710e+01 1.608343e+00 2.105394e+00
 [4,] 1.235556e+01 3.024249e+01 1.788692e+01 1.608339e+00 2.105390e+00
 [5,] 1.235630e+01 3.024324e+01 1.788693e+01 1.608343e+00 2.105363e+00
 [6,] 1.235583e+01 3.024773e+01 1.789190e+01 1.608380e+00 2.105834e+00
 [7,] 1.234093e+01 3.024117e+01 1.790024e+01 1.608369e+00 2.105484e+00
 [8,] 1.237949e+01 3.024879e+01 1.786931e+01 1.608425e+00 2.105494e+00
 [9,] 1.235689e+01 3.022281e+01 1.786593e+01 1.608192e+00 2.102581e+00
[10,] 1.235731e+01 3.024421e+01 1.788691e+01 1.608865e+00 2.097145e+00
[11,] 1.247244e+01 3.024243e+01 1.776999e+01 1.610699e+00 2.105468e+00
[12,] 1.270168e+01 3.022151e+01 1.751982e+01 1.611721e+00 2.121163e+00

$Refset$penalty
 [1] 999996.5      0.0      0.0      0.0      0.0      0.0      0.0      0.0      0.0      0.0      0.0      0.0


