$f
 [1] 280.25174 274.13715 141.54688 129.39236 128.89583 114.88715 102.15104  99.29861  99.17535  98.23958  97.66840  97.50694  97.07292  96.75000  95.20660  95.09201  92.22396  91.26389  90.92361
[20]  90.74826  90.51736  89.98437  89.36979  89.17535  89.14236  89.12153  89.12153  88.97917  88.55556  88.48611  88.04688  87.97396  87.94618  87.92535  87.91319  87.91319

$x
          [,1]     [,2]      [,3]     [,4]     [,5]     [,6]     [,7]     [,8]     [,9]    [,10]
xbest 42.01046 328.3516 0.3858949 24.57110 285.9820 42.09090 29.14570 5.425081 4.208035 2.844531
xbest 49.90176 267.0901 0.3400598 22.21317 285.8557 40.15930 30.91470 3.623384 6.423015 1.861740
xbest 50.96242 267.0901 0.2558811 22.21317 286.0057 39.02793 31.02960 3.340541 6.423015 1.861740
xbest 45.08567 328.6079 0.1951374 23.23302 285.4987 42.66105 35.02478 2.000000 3.826074 2.549231
xbest 49.25880 347.0965 0.4215940 22.76098 286.0579 41.11049 30.36356 2.656640 4.270901 2.404348
xbest 49.18843 344.5894 0.4629190 22.90311 286.0615 41.65619 30.33886 2.634841 4.139196 2.493212
xbest 49.28291 344.5894 0.3883331 22.90311 286.0851 41.65619 30.17636 2.433285 4.139196 2.394480
xbest 53.44180 314.7364 0.1914050 21.62726 286.0977 38.38427 31.08398 3.085396 5.016581 2.070660
xbest 53.44180 314.7364 0.1914050 21.62726 286.0977 38.38427 31.12460 3.085396 5.016581 2.070660
xbest 53.51619 312.1892 0.1959494 21.92813 286.1704 38.36961 31.32699 3.006492 4.912600 2.031557
xbest 53.51619 312.2673 0.1959494 21.92813 286.1704 38.36961 31.36761 3.006492 4.912600 2.031557
xbest 54.14182 351.3193 0.2389477 21.05675 286.1333 37.26296 31.76244 2.111230 4.845926 1.200000
xbest 54.14182 351.3193 0.2389477 21.05528 286.1333 37.26296 31.76244 2.111230 4.849051 1.202969
xbest 53.59836 310.4069 0.2259194 22.35292 286.1348 38.34799 31.37826 3.007404 4.835855 2.330800
xbest 53.59836 310.0944 0.2259194 22.35292 286.1360 38.34799 31.33763 3.007404 4.823355 2.330800
xbest 53.98073 332.8122 0.2207962 21.81372 286.0950 37.91049 31.01404 2.633503 4.552781 2.491038
xbest 53.98073 331.5622 0.2176517 21.81536 286.0867 37.91049 31.01404 2.633503 4.572269 2.514788
xbest 53.97836 333.3533 0.2089046 21.82431 286.0805 37.90378 31.05342 2.631027 4.494244 2.504038
xbest 53.97836 333.3533 0.2089046 21.82431 286.0805 37.90378 30.93154 2.631027 4.494244 2.504038
xbest 53.94768 328.3525 0.1927133 21.86282 286.0914 37.90350 30.97167 2.630998 4.505416 2.496336
xbest 53.93737 324.5329 0.1813843 21.88218 286.0914 37.90332 30.95467 2.630943 4.506783 2.495785
xbest 54.02530 324.1673 0.1860114 21.90751 286.0886 37.90516 30.95924 2.631736 4.508701 2.501718
xbest 54.02530 324.1673 0.1860114 21.90751 286.0886 37.90516 30.99987 2.631736 4.502451 2.495781
xbest 54.14281 325.4678 0.1874216 21.84542 286.0922 37.90261 31.03858 2.631642 4.506999 2.498057
xbest 54.11475 325.4673 0.1868398 21.84813 286.0918 37.90348 31.03837 2.631417 4.507133 2.499357
xbest 54.11980 325.6178 0.1871464 21.84148 286.0918 37.90365 31.06461 2.632736 4.515503 2.506401
xbest 54.08388 325.1740 0.1850591 21.85269 286.0944 37.90307 31.03891 2.631392 4.503448 2.498660
xbest 54.08681 325.1495 0.1839971 21.85079 286.0952 37.90295 31.03982 2.631347 4.500484 2.498631
xbest 54.11657 324.7322 0.1825000 21.85361 286.0958 37.90229 31.04591 2.631644 4.484776 2.498411
xbest 54.38498 325.4479 0.1870459 21.75443 286.0932 37.90586 31.03877 2.631464 4.511158 2.497911
xbest 54.31451 325.4408 0.1838319 21.79443 286.0935 37.90458 31.04503 2.631690 4.474558 2.498451
xbest 54.31181 325.9486 0.1836487 21.76986 286.0940 37.90532 31.04444 2.631724 4.470149 2.498477
xbest 54.31243 326.1667 0.1833103 21.76421 286.0940 37.90627 31.04479 2.631869 4.465357 2.498419
xbest 54.33402 325.5586 0.1828711 21.77351 286.0933 37.90431 31.04503 2.631704 4.474926 2.498555
xbest 54.33286 325.9129 0.1831294 21.77740 286.0944 37.90910 31.04335 2.631704 4.466485 2.498357
xbest 54.33286 325.9129 0.1831294 21.77740 286.0944 37.90910 31.04335 2.631704 4.466485 2.498357

$time
elapsed elapsed elapsed elapsed elapsed elapsed elapsed elapsed elapsed elapsed elapsed elapsed elapsed elapsed elapsed elapsed elapsed elapsed elapsed elapsed elapsed elapsed elapsed elapsed elapsed 
   1.94    6.46    9.49   30.69   37.44   40.85   48.24  177.13  179.10  238.39  240.52  345.53  347.99  428.02  430.71  471.99  475.36  577.82  580.18  598.39  602.88  619.91  626.52  710.18  731.52 
elapsed elapsed elapsed elapsed elapsed elapsed elapsed elapsed elapsed elapsed elapsed 
 739.16  751.94  757.63  776.96  817.27  820.99  824.41  848.41  856.58  870.80  874.71 

$neval
 [1]   106   253   371  1219  1488  1622  1895  6480  6553  8705  8784 12324 12408 14950 15041 16393 16507 19906 19983 20538 20674 21228 21452 24339 25097 25371 25783 25987 26661 28094 28230 28366
[33] 29258 29537 30088 30157

$fbest
[1] 87.91319

$xbest
 [1]  54.3328560 325.9128783   0.1831294  21.7773960 286.0943795  37.9091000  31.0433521   2.6317043   4.4664848   2.4983575

$numeval
[1] 30157

$end_crit
[1] 1

$cpu_time
elapsed 
 874.71 

$Refset
$Refset$x
           [,1]       [,2]       [,3]       [,4]       [,5]      [,6]      [,7]      [,8]       [,9]     [,10]
 [1,] 325.91288  21.777396 37.9091000   2.631704   2.498357 325.91288 21.777396 37.909100   2.631704  2.498357
 [2,]  37.90910   2.631704  2.4983575 325.912878  21.777396  37.90910  2.631704  2.498357 325.912878 21.777396
 [3,]  54.26028 325.835663  0.1828133  21.778259 286.096225  37.90632 31.049752  2.631797   4.479232  2.498888
 [4,]  54.33286 325.912878  0.1831294  21.777396 286.094380  37.90910 31.043352  2.631704   4.466485  2.498357
 [5,]  54.35689 325.594352  0.1830510  21.765726 286.093618  37.90399 31.044835  2.631687   4.476241  2.498544
 [6,]  54.34129 325.727484  0.1832517  21.781595 286.094802  37.90696 31.046469  2.631785   4.467333  2.498622
 [7,]  54.30516 325.673332  0.1827118  21.776855 286.093915  37.90291 31.045080  2.631649   4.474402  2.498375
 [8,]  54.31565 325.727531  0.1831980  21.779476 286.093742  37.90292 31.043831  2.631655   4.474637  2.498182
 [9,]  54.35084 325.526030  0.1842706  21.787351 286.093118  37.90239 31.042128  2.631655   4.474065  2.498063
[10,]  54.29472 325.642626  0.1828470  21.785374 286.093886  37.90423 31.045013  2.631641   4.474625  2.498484
[11,]  54.34327 325.694033  0.1829035  21.774181 286.096106  37.91240 31.041860  2.631692   4.468366  2.498401
[12,]  54.24603 325.991701  0.1829672  21.801862 286.092575  37.89913 31.045711  2.631590   4.461280  2.515150

$Refset$f
 [1] 87.91319 87.91319 87.95139 87.91319 87.96875 87.96875 87.97743 88.01736 88.01910 87.97743 87.96875 88.11979

$Refset$fpen
 [1] 87.91319 87.91319 87.95139 87.91319 87.96875 87.96875 87.97743 88.01736 88.01910 87.97743 87.96875 88.11979

$Refset$const
          [,1]      [,2]      [,3]      [,4]     [,5]
 [1,] 31.53352  1.560189 17.310911 14.222604 3.010058
 [2,] 17.31091 14.222604  3.010058 31.533515 1.560189
 [3,] 17.29903 31.520768 14.221741  1.559910 3.011576
 [4,] 17.31091 31.533515 14.222604  1.560189 3.010058
 [5,] 17.28949 31.523759 14.234274  1.560264 3.010347
 [6,] 17.31426 31.532667 14.218405  1.560112 3.010690
 [7,] 17.30245 31.525598 14.223145  1.560220 3.010564
 [8,] 17.30484 31.525363 14.220524  1.560248 3.010377
 [9,] 17.31329 31.525935 14.212649  1.560335 3.010029
[10,] 17.31075 31.525375 14.214626  1.560229 3.010440
[11,] 17.30581 31.531634 14.225819  1.559981 3.010260
[12,] 17.34058 31.538720 14.198138  1.560380 3.010454

$Refset$penalty
 [1] 0 0 0 0 0 0 0 0 0 0 0 0


