$f
 [1] 472.50000 339.23958 302.07465 197.95139 197.43403 178.06597 149.47743 142.04167 132.83507 125.05382 120.70312 120.55208 117.43403 112.40972 107.44792 105.59896  97.63715  97.51389  96.39236
[20]  96.39236

$x
          [,1]     [,2]      [,3]     [,4]     [,5]     [,6]     [,7]     [,8]     [,9]    [,10]
xbest 45.70705 192.7877 0.1004579 27.66474 285.3183 44.54639 33.73088 4.807031 3.140334 1.941336
xbest 32.84625 425.5366 0.2152757 21.22764 285.6224 44.01669 24.56283 5.128055 5.518681 5.000000
xbest 32.84625 425.5366 0.2377757 21.23179 285.5474 43.95482 25.15538 5.128055 5.518681 4.987405
xbest 46.55476 272.2067 0.1448056 22.82218 286.1934 43.84519 35.59087 3.635856 5.688160 2.885072
xbest 40.63870 365.8532 0.5565699 21.99210 285.7972 43.80202 33.16981 5.184222 5.629697 3.488856
xbest 43.88985 395.5195 0.4306055 22.61575 285.4193 40.69395 35.99850 3.314647 4.747821 3.289623
xbest 46.28045 299.5934 0.9739691 25.26018 286.0349 43.75835 25.57060 3.075087 5.124526 3.076675
xbest 44.65306 290.6603 0.7991497 23.34195 285.8873 45.10145 39.06327 3.793660 6.149122 3.971648
xbest 41.40968 352.5783 0.5733222 22.90516 285.4233 46.16504 37.20163 2.036318 5.198058 4.152100
xbest 42.76310 341.5412 0.4428230 23.04554 285.8262 44.21185 38.67137 3.564097 5.251770 3.945615
xbest 42.76310 341.2287 0.4363241 23.04554 285.8449 44.14670 38.50887 3.564097 5.269495 3.933648
xbest 43.98259 357.6205 0.5742938 22.85850 285.7631 45.73904 29.03085 3.612125 4.723848 3.789012
xbest 43.86540 357.6205 0.5939813 22.85850 285.7631 45.73904 29.03085 3.615250 4.736348 3.800145
xbest 45.69898 346.8609 0.8731400 22.04619 285.7991 45.00354 25.14706 4.053688 5.442474 4.989618
xbest 45.69898 346.8609 1.0000000 22.04619 285.7968 45.00354 25.16738 4.053688 5.392474 4.989618
xbest 45.22820 335.4029 0.6459992 22.56513 285.6602 44.54822 28.60621 3.605841 5.329631 4.097634
xbest 45.28680 335.4029 0.6684992 22.57099 285.6227 44.54197 28.60621 3.605841 5.331194 4.097634
xbest 45.69589 363.4566 0.8275485 21.53515 285.7176 45.09038 25.34555 4.020940 5.338194 4.703976
xbest 45.69589 364.0816 1.0000000 21.53515 285.7176 45.09038 25.34555 4.021025 5.338194 4.703976
xbest 45.69589 364.0816 1.0000000 21.53515 285.7176 45.09038 25.34555 4.021025 5.338194 4.703976

$time
elapsed elapsed elapsed elapsed elapsed elapsed elapsed elapsed elapsed elapsed elapsed elapsed elapsed elapsed elapsed elapsed elapsed elapsed elapsed elapsed 
   1.67    4.75    7.28   10.55   13.96   17.80   20.71   24.02   30.19   65.41   74.64  165.17  167.64  209.03  211.21  303.47  305.58  539.31  542.14  693.75 

$neval
 [1]   106   253   370   516   664   806   949  1088  1365  2911  3315  7221  7335  9106  9207 13125 13230 23565 23672 30118

$fbest
[1] 96.39236

$xbest
 [1]  45.695886 364.081628   1.000000  21.535149 285.717573  45.090377  25.345551   4.021025   5.338194   4.703976

$numeval
[1] 30118

$end_crit
[1] 1

$cpu_time
elapsed 
 693.75 

$Refset
$Refset$x
          [,1]     [,2]      [,3]     [,4]     [,5]     [,6]     [,7]     [,8]     [,9]    [,10]
 [1,] 45.76827 364.4598 0.8251944 21.52733 285.7181 45.08319 25.55269 4.022735 5.303493 4.704123
 [2,] 45.76644 364.4553 0.8251862 21.52735 285.7179 45.08343 25.53494 4.022755 5.303922 4.706328
 [3,] 45.76759 364.4550 0.8251882 21.52730 285.7179 45.08381 25.53277 4.022744 5.303748 4.708160
 [4,] 45.75296 364.1207 0.8242399 21.52750 285.7099 45.08465 25.52384 4.023304 5.315045 4.713973
 [5,] 45.74596 363.8273 0.8239909 21.53448 285.7073 45.08763 25.48842 4.023376 5.318083 4.715741
 [6,] 45.74985 363.3060 0.8240279 21.53577 285.7101 45.08937 25.48310 4.024386 5.330482 4.709133
 [7,] 45.74558 363.2872 0.8237542 21.53662 285.7085 45.08550 25.44901 4.024596 5.330631 4.714212
 [8,] 45.74769 364.0750 0.8261857 21.53554 285.7161 45.08393 25.53099 4.024149 5.313918 4.707056
 [9,] 45.76539 364.4566 0.8251942 21.52701 285.7174 45.08048 25.55264 4.022749 5.303116 4.703746
[10,] 45.74703 363.4932 0.8240252 21.52774 285.7120 45.08864 25.48728 4.024029 5.330289 4.708861
[11,] 45.69853 362.8662 0.8239074 21.47882 285.7112 45.06201 25.45226 4.023622 5.357836 4.686740
[12,] 47.55082 345.6825 0.8663837 23.16875 285.6949 41.18327 27.10587 3.843034 5.522230 4.320197

$Refset$f
 [1]  97.56771  97.69965  97.70139  97.93229  97.93229  98.00694  98.00694  98.01910  97.89410  98.21875 106.79861 179.21701

$Refset$fpen
 [1]  97.56771  97.69965  97.70139  97.93229  97.93229  98.00694  98.00694  98.01910  97.89410  98.21875 106.79861 179.21701

$Refset$const
          [,1]     [,2]     [,3]     [,4]     [,5]
 [1,] 16.22384 30.69651 14.47267 1.605467 2.182597
 [2,] 16.22343 30.69608 14.47265 1.605419 2.181677
 [3,] 16.22355 30.69625 14.47270 1.605410 2.181560
 [4,] 16.21245 30.68495 14.47250 1.606019 2.179452
 [5,] 16.21640 30.68192 14.46552 1.606088 2.177108
 [6,] 16.20528 30.66952 14.46423 1.605846 2.177360
 [7,] 16.20599 30.66937 14.46338 1.605864 2.175451
 [8,] 16.22162 30.68608 14.46446 1.605551 2.181091
 [9,] 16.22390 30.69688 14.47299 1.605527 2.182531
[10,] 16.19745 30.66971 14.47226 1.605711 2.177973
[11,] 16.12098 30.64216 14.52118 1.605707 2.176820
[12,] 17.64652 30.47777 12.83125 1.617072 2.396918

$Refset$penalty
 [1] 0 0 0 0 0 0 0 0 0 0 0 0


