$f
 [1] 946.34549 302.32986 193.25521 161.33333 153.14583 137.52951 136.11632 118.15104 115.77431 114.97222 108.91493 108.26042 106.14931 105.67188 100.06597  96.20833  83.76215  81.27257  78.28819
[20]  77.10069  75.70139  74.22917  73.07812  72.39410  71.72917  71.27083  71.12674  71.12500  70.99826  70.94792  70.15799  69.60243  69.12153  69.11979  69.04167  69.01215  68.97396  68.84375
[39]  68.34896  68.19271  67.97049  64.22396  63.90625

$x
          [,1]     [,2]      [,3]     [,4]     [,5]     [,6]     [,7]     [,8]     [,9]    [,10]
xbest 26.15229 241.1959 0.7087771 19.94262 285.7644 46.68971 41.46639 3.130420 9.020268 2.615049
xbest 37.17761 241.1647 0.7565812 28.46689 285.2363 46.29125 33.95894 2.679489 4.036854 2.911487
xbest 37.31019 240.2808 0.3528290 28.46689 284.8303 48.00000 24.00000 2.679489 4.032435 3.453087
xbest 39.78252 404.5779 0.2646434 19.51620 285.2466 48.00000 24.00000 2.000000 4.583113 4.445903
xbest 42.29842 445.1024 0.3980721 17.06702 285.3689 44.59963 24.09100 4.204798 5.206037 4.100535
xbest 41.18178 371.2658 0.3562665 20.64699 284.9840 44.91173 24.02451 3.213714 4.818794 3.718398
xbest 39.91672 411.0298 0.3562646 18.93889 285.6102 46.85786 24.81243 3.079040 5.102529 3.834620
xbest 40.49653 411.0298 0.3547505 18.93889 285.6199 46.85786 24.48743 3.079040 5.096087 3.828500
xbest 39.13511 409.2386 0.5505583 17.33421 285.4988 48.00000 28.42305 2.064389 6.572816 3.969673
xbest 39.13511 409.0823 0.5055583 17.33421 285.5738 48.00000 28.42305 2.064389 6.572816 3.969673
xbest 42.36338 407.6647 0.4558354 19.08799 285.7426 47.15994 28.76937 2.093732 5.062324 4.195192
xbest 42.36338 407.6647 0.4558354 19.08799 285.7238 47.15994 28.76937 2.093732 5.062324 4.195192
xbest 39.26856 422.9936 0.5436645 16.61496 285.6144 47.86144 29.68560 2.415933 6.637920 3.805792
xbest 39.26856 422.9936 0.6111645 16.61496 285.6144 47.86144 29.68560 2.415933 6.637920 3.805792
xbest 42.16435 404.7043 0.5394067 15.52042 285.7771 47.98822 27.40226 2.081548 7.504328 4.085116
xbest 42.15751 404.5834 0.4742490 16.42410 285.6462 48.00000 27.47827 3.094783 6.392173 4.086079
xbest 42.20439 404.5834 0.4714365 16.42410 285.6462 48.00000 27.64077 3.094979 6.448423 4.062329
xbest 46.10500 389.0532 0.5234259 16.45279 285.4012 43.06126 26.93037 2.350977 7.306687 4.701118
xbest 46.10500 389.0532 0.5462775 16.45279 285.4012 43.06126 27.09287 2.350977 7.306687 4.701118
xbest 46.80053 377.3554 0.6186260 16.46162 285.3955 42.74873 27.60354 2.332616 7.366314 4.623105
xbest 46.80053 377.3554 0.5286260 16.46162 285.3955 42.74873 27.60354 2.332616 7.366314 4.623105
xbest 46.81376 379.4189 0.6185717 16.44351 285.3973 42.73894 27.60895 2.332981 7.366043 4.617886
xbest 46.81376 379.4189 0.6185717 16.44351 285.3973 42.73582 27.32457 2.332981 7.366043 4.629761
xbest 47.07659 386.9055 0.6319467 16.31061 285.4178 42.70576 27.33451 2.136766 7.282048 4.663699
xbest 47.07659 386.9055 0.6317709 16.31061 285.4178 42.70576 27.33451 2.136766 7.285173 4.662215
xbest 47.11430 386.2444 0.6344311 16.30970 285.4168 42.70077 27.29666 2.134979 7.274724 4.624440
xbest 47.10820 386.1641 0.6350350 16.30971 285.4165 42.69771 27.30241 2.134800 7.276377 4.615389
xbest 47.11406 386.1641 0.6350350 16.30971 285.4165 42.69771 27.30241 2.134800 7.276377 4.615389
xbest 47.10971 386.7615 0.6323941 16.31304 285.4098 42.71253 27.14174 2.137823 7.271376 4.677238
xbest 47.10989 386.6681 0.6325445 16.31898 285.3994 42.68380 27.23741 2.137656 7.270329 4.665691
xbest 47.18358 386.5520 0.6197559 16.27572 285.3990 42.67446 27.22425 2.328038 7.260516 4.565232
xbest 47.07470 386.5451 0.6275528 16.26805 285.4022 42.68075 27.22478 2.333436 7.274652 4.630317
xbest 47.09289 382.0122 0.6319724 16.42295 285.4009 42.68223 27.21254 2.135266 7.343817 4.708075
xbest 47.09875 382.0122 0.6319724 16.42295 285.4009 42.68223 27.21254 2.135266 7.343817 4.708075
xbest 47.18381 382.5211 0.6308933 16.47480 285.4055 42.68615 27.18132 2.137355 7.285706 4.665708
xbest 47.18381 382.5211 0.6308933 16.47480 285.4055 42.68615 27.18132 2.137355 7.282581 4.665708
xbest 47.12144 383.0935 0.6324736 16.41929 285.4055 42.68194 27.18778 2.136357 7.319637 4.683881
xbest 47.11187 382.8595 0.6334395 16.40817 285.4055 42.68167 27.18846 2.136366 7.330645 4.682301
xbest 47.11187 382.8595 0.6559395 16.41037 285.4055 42.68011 27.18846 2.136366 7.330645 4.682301
xbest 47.55912 380.9533 0.6329219 16.40395 285.4056 42.68754 27.19077 2.136943 7.317745 4.684045
xbest 47.45981 381.1306 0.6312830 16.39843 285.4125 42.70656 27.23987 2.142974 7.330045 4.687403
xbest 47.64731 381.1306 1.0000000 16.42778 285.4125 42.70656 27.23987 2.142974 7.352041 4.687403
xbest 47.64731 381.0915 1.0000000 16.42778 285.4125 42.70656 27.23987 2.142974 7.355166 4.687403

$time
elapsed elapsed elapsed elapsed elapsed elapsed elapsed elapsed elapsed elapsed elapsed elapsed elapsed elapsed elapsed elapsed elapsed elapsed elapsed elapsed elapsed elapsed elapsed elapsed elapsed 
   1.74    4.94    7.99   13.74   28.53   31.59   37.47   40.25   72.75   74.58  113.09  114.67  126.64  145.94  170.38  173.52  179.05  248.03  249.84  292.86  294.56  314.94  325.50  389.33  390.89 
elapsed elapsed elapsed elapsed elapsed elapsed elapsed elapsed elapsed elapsed elapsed elapsed elapsed elapsed elapsed elapsed elapsed elapsed 
 396.84  399.77  422.03  477.81  482.33  485.58  494.67  506.33  510.67  529.11  542.30  561.64  570.53  575.16  596.38  605.36  608.14  679.63 

$neval
 [1]   106   259   404   686  1382  1522  1796  1926  3285  3370  5103  5177  5710  6581  7646  7779  8032 10909 10994 12897 12974 13917 14411 17096 17180 17453 17589 18605 21050 21259 21402 21813
[33] 22356 22568 23375 23990 24803 25205 25427 26383 26795 26930 30065

$fbest
[1] 63.90625

$xbest
 [1]  47.647308 381.091512   1.000000  16.427785 285.412451  42.706562  27.239874   2.142974   7.355166   4.687403

$numeval
[1] 30065

$end_crit
[1] 1

$cpu_time
elapsed 
 679.63 

$Refset
$Refset$x
          [,1]     [,2]      [,3]     [,4]     [,5]     [,6]     [,7]     [,8]     [,9]    [,10]
 [1,] 47.55762 380.6169 0.6357483 16.40793 285.4065 42.67071 27.22546 2.140490 7.330631 4.685769
 [2,] 47.49696 380.7264 0.6303658 16.38151 285.4100 42.69435 27.24661 2.142698 7.342636 4.698170
 [3,] 47.49713 380.9164 0.6364175 16.38410 285.4103 42.71956 27.24618 2.143125 7.343101 4.698220
 [4,] 47.56420 379.0399 0.6344936 16.41382 285.4098 42.67810 27.20430 2.135569 7.343231 4.688127
 [5,] 47.58605 381.0566 0.6327928 16.38844 285.4018 42.69638 27.19207 2.137006 7.313537 4.687434
 [6,] 47.46912 380.6350 0.6293284 16.37734 285.4161 42.71998 27.27266 2.142433 7.346976 4.702083
 [7,] 47.56268 381.2789 0.6326314 16.39562 285.4032 42.69792 27.19028 2.136930 7.307377 4.678770
 [8,] 47.53372 380.3417 0.6203405 16.40008 285.4065 42.66681 27.27919 2.137965 7.346700 4.648547
 [9,] 47.49800 380.8770 0.6339457 16.37379 285.4141 42.73477 27.25377 2.140215 7.339788 4.698057
[10,] 47.35760 397.9598 0.6374053 16.13824 285.4615 42.41640 27.09847 2.566872 7.370617 4.726614
[11,] 47.58566 361.3928 0.6207220 16.96719 285.4920 42.85464 27.92135 2.144480 7.448516 3.849776
[12,] 48.27832 354.7619 0.6585373 17.36151 285.4004 42.42355 32.10362 2.206523 7.184310 4.609717

$Refset$f
 [1]  66.55556  66.71181  66.88194  67.66840  67.86285  67.92014  67.92361  67.27778  70.44097 122.95660 101.40625 167.72396

$Refset$fpen
 [1]  66.55556  66.71181  66.88194  67.66840  67.86285  67.92014  67.92361  67.27778  70.44097 122.95660 101.40625 167.72396

$Refset$const
           [,1]     [,2]     [,3]     [,4]     [,5]
 [1,]  9.077294 28.66937 19.59207 1.643414 2.287183
 [2,]  9.038875 28.65736 19.61849 1.643098 2.288188
 [3,]  9.040998 28.65690 19.61590 1.643011 2.287311
 [4,]  9.070589 28.65677 19.58618 1.643004 2.286344
 [5,]  9.074904 28.68646 19.61156 1.643682 2.283501
 [6,]  9.030365 28.65302 19.62266 1.642557 2.289865
 [7,]  9.088243 28.69262 19.60438 1.643542 2.283598
 [8,]  9.053385 28.65330 19.59992 1.643614 2.290364
 [9,]  9.034001 28.66021 19.62621 1.642650 2.287886
[10,]  8.767624 28.62938 19.86176 1.638287 2.299624
[11,]  9.518669 28.55148 19.03281 1.636878 2.336824
[12,] 10.177202 28.81569 18.63849 1.653860 2.605619

$Refset$penalty
 [1] 0 0 0 0 0 0 0 0 0 0 0 0


