$f
 [1] 630.6389 431.5712 371.0955 351.9115 351.3802 329.8108 310.3542 277.4948 267.4444 256.6927 256.0417 254.5677 235.2639 233.1510 230.4705 229.9826 229.6215 229.5799 229.5799

$x
          [,1]     [,2]      [,3]     [,4]     [,5]     [,6]     [,7]     [,8]     [,9]    [,10]
xbest 25.93082 359.2806 0.6017818 19.68524 286.1385 31.02933 28.59796 6.194890 9.214440 2.562485
xbest 41.79298 343.5196 0.5622318 21.61444 284.1151 27.57641 27.75040 4.376863 7.518753 4.262132
xbest 47.97640 343.5196 0.4020760 21.61444 284.1151 27.57641 27.75040 4.176863 7.118753 3.412427
xbest 63.02631 368.4800 0.4911212 16.02783 286.1340 26.53928 24.00000 6.050217 9.896174 2.036082
xbest 65.28928 372.5046 0.5595027 17.89859 284.9805 26.46304 24.48059 4.218199 8.414402 1.935258
xbest 43.36282 404.1873 0.9946735 18.32696 284.4359 37.02024 32.44081 4.403582 7.429086 3.455803
xbest 41.67238 393.9013 0.9164053 18.75223 284.3928 37.12215 29.93407 4.372487 7.494560 3.559417
xbest 41.59826 393.9013 1.0000000 18.73370 284.0000 37.08262 29.93407 4.372487 7.529147 3.559417
xbest 42.55813 396.0983 0.8716760 18.54229 284.0319 36.94218 29.68859 4.384850 7.433429 3.457906
xbest 42.55813 396.0983 0.9409281 18.54229 284.0319 36.94218 29.68859 4.384850 7.383429 3.463102
xbest 42.56893 395.6995 0.9179236 18.53043 284.0431 36.94730 29.69186 4.384475 7.405776 3.469280
xbest 42.56893 395.6604 0.9629236 18.53043 284.0431 36.94730 29.69186 4.384475 7.405776 3.469280
xbest 43.43644 399.7372 0.9418369 18.63511 284.0521 36.76197 29.79294 4.015514 7.307937 3.479578
xbest 43.43644 400.0497 0.9193369 18.63511 284.0521 36.76197 29.79294 4.015905 7.307937 3.482547
xbest 43.57439 399.8807 1.0000000 17.72412 284.0560 36.72118 29.83646 4.375806 7.617115 3.315086
xbest 43.57439 399.8026 1.0000000 17.72412 284.0560 36.72118 29.79583 4.375806 7.617115 3.315086
xbest 43.53685 398.9450 0.9063026 17.66629 284.0449 36.71783 29.79025 4.377312 7.670343 3.315578
xbest 43.54271 398.9450 0.9063026 17.66629 284.0449 36.71783 29.79025 4.377336 7.670343 3.315578
xbest 43.54271 398.9450 0.9063026 17.66629 284.0449 36.71783 29.79025 4.377336 7.670343 3.315578

$time
elapsed elapsed elapsed elapsed elapsed elapsed elapsed elapsed elapsed elapsed elapsed elapsed elapsed elapsed elapsed elapsed elapsed elapsed elapsed 
   1.97    5.27    7.83   10.85   16.55   31.38   36.88   39.24   69.66   71.94  112.16  113.85  135.56  146.60  508.08  509.77  594.20  595.86  667.36 

$neval
 [1]   106   256   377   521   803  1483  1757  1873  3232  3341  5114  5192  6140  6640 23510 23590 26883 26962 30094

$fbest
[1] 229.5799

$xbest
 [1]  43.5427087 398.9449694   0.9063026  17.6662924 284.0449288  36.7178297  29.7902526   4.3773361   7.6703432   3.3155775

$numeval
[1] 30094

$end_crit
[1] 1

$cpu_time
elapsed 
 667.36 

$Refset
$Refset$x
          [,1]     [,2]      [,3]     [,4]     [,5]     [,6]     [,7]     [,8]     [,9]    [,10]
 [1,] 43.53346 399.6938 0.9186569 17.71346 284.0371 36.71288 29.80365 4.377068 7.620362 3.314726
 [2,] 43.53076 399.8693 0.9209263 17.71513 284.0369 36.71274 29.80305 4.376987 7.615671 3.315496
 [3,] 43.53098 399.6380 0.9204940 17.71336 284.0402 36.71568 29.80188 4.377130 7.622323 3.315501
 [4,] 43.52578 399.7108 0.9207956 17.71404 284.0372 36.71342 29.80142 4.377011 7.621062 3.315395
 [5,] 43.52765 399.9152 0.9202051 17.71530 284.0380 36.71269 29.80329 4.376994 7.614534 3.315464
 [6,] 43.53059 399.6925 0.9186989 17.71347 284.0374 36.71291 29.80100 4.377063 7.621001 3.314974
 [7,] 43.53182 399.6540 0.9200270 17.71442 284.0380 36.71204 29.80113 4.377004 7.621512 3.315031
 [8,] 43.52774 399.7711 0.9228504 17.71254 284.0372 36.71275 29.79792 4.376945 7.620529 3.315728
 [9,] 43.53166 399.7346 0.9204330 17.71411 284.0370 36.71229 29.80334 4.376997 7.619839 3.315354
[10,] 43.52626 399.6771 0.9207824 17.71264 284.0391 36.71321 29.80144 4.377109 7.622747 3.315268
[11,] 32.94176 416.3361 0.6336984 22.85312 284.0532 41.07263 29.34311 5.227796 4.369823 3.303060
[12,] 39.17394 312.4622 0.6145354 25.67997 284.8722 41.63342 29.34429 3.451731 5.257415 2.501616

$Refset$f
 [1] 229.6771 229.6771 229.6771 229.6771 229.6771 229.6771 229.6771 229.6771 229.6771 229.6771 409.8785 409.2483

$Refset$fpen
 [1] 229.6771 229.6771 229.6771 229.6771 229.6771 229.6771 229.6771 229.6771 229.6771 229.6771 409.8785 409.2483

$Refset$const
          [,1]     [,2]     [,3]     [,4]     [,5]
 [1,] 10.09309 28.37964 18.28654 1.854836 2.589960
 [2,] 10.09946 28.38433 18.28487 1.854858 2.589909
 [3,] 10.09104 28.37768 18.28664 1.854276 2.589775
 [4,] 10.09298 28.37894 18.28596 1.854788 2.589735
 [5,] 10.10076 28.38547 18.28470 1.854690 2.589987
 [6,] 10.09247 28.37900 18.28653 1.854760 2.589743
 [7,] 10.09290 28.37849 18.28558 1.854661 2.589850
 [8,] 10.09201 28.37947 18.28746 1.854760 2.589477
 [9,] 10.09427 28.38016 18.28589 1.854855 2.589970
[10,] 10.08989 28.37725 18.28736 1.854483 2.589850
[11,] 18.48330 31.63018 13.14688 1.813127 2.310766
[12,] 20.42256 30.74258 10.32003 1.710931 2.366814

$Refset$penalty
 [1] 0 0 0 0 0 0 0 0 0 0 0 0


