$f
 [1] 679.6111 440.8802 411.5434 374.0312 354.1944 325.2188 318.4253 303.5174 291.5972 285.2448 279.9792 252.8247 251.1458 234.3316 233.9010 232.8455 230.8108 230.5712 230.0035 228.2309 223.6354
[22] 223.1632 223.1337 223.0851 223.0069 223.0052 221.3507 219.9063 219.0156 218.5799 216.0642 215.5590 212.9653 212.9323 212.5920 212.5729 212.3594 211.8073 211.0434 210.7465 210.4236 210.4236
[43] 210.2309

$x
          [,1]     [,2]      [,3]     [,4]     [,5]     [,6]     [,7]     [,8]     [,9]    [,10]
xbest 42.23839 382.3030 0.3794132 18.16138 284.3596 42.87788 37.55275 4.323957 5.861558 3.226664
xbest 42.68804 446.9068 0.7327205 19.44695 284.1934 33.32386 28.55372 4.745524 5.275470 1.320525
xbest 42.59429 446.9458 0.8227205 19.47039 284.1934 33.32386 28.39122 4.748649 5.275470 1.320525
xbest 48.97068 500.0000 0.3325514 20.65912 284.0020 33.56541 24.21646 2.026760 3.330295 1.947560
xbest 41.18887 495.2915 0.5828644 17.58947 284.0000 35.79881 30.05327 3.252074 5.995447 1.282123
xbest 39.66026 495.8719 0.5720487 17.27053 284.0034 36.59423 30.26775 3.448042 5.964863 1.200000
xbest 43.54497 488.2736 0.9440291 17.93383 284.1980 36.76271 32.45939 2.799544 5.506664 1.200000
xbest 43.54497 488.2736 0.9440291 17.74633 284.1980 36.76271 32.45939 2.799544 5.594164 1.200000
xbest 46.82750 488.3653 0.4974882 16.75517 284.1723 35.71525 29.71764 2.201828 6.217678 1.421156
xbest 46.94211 487.8340 0.4944354 16.61372 284.2227 35.80232 29.74889 2.204477 6.311361 1.397439
xbest 45.08571 480.7196 0.4626824 15.12323 284.0614 35.60177 29.71684 2.856636 7.364209 1.315131
xbest 45.29535 481.3778 0.5553873 15.12323 284.0003 35.56618 29.71684 2.856636 7.358886 1.315131
xbest 44.75764 495.5554 0.4717292 15.21448 284.1274 37.37847 26.13531 2.009960 7.315640 1.218665
xbest 44.75764 495.8679 0.4815730 15.22691 284.1649 37.36963 26.29781 2.009960 7.303140 1.214467
xbest 45.27188 495.6727 0.5743786 15.48274 284.1276 37.39105 26.09036 2.019225 7.259391 1.251187
xbest 45.27188 495.6727 0.6643786 15.48274 284.1276 37.39105 26.09036 2.019225 7.259391 1.251187
xbest 44.89007 495.1747 0.7468621 15.49783 284.1281 37.42383 26.36401 2.029873 7.268527 1.266393
xbest 44.90996 495.1244 0.8397404 15.55308 284.1281 37.44529 26.50420 2.029045 7.268298 1.262816
xbest 44.90996 495.1244 0.7947404 15.55308 284.1281 37.44529 26.50420 2.029045 7.268298 1.262816
xbest 45.58747 497.1074 0.6165164 15.23271 284.1230 37.60980 25.95346 2.028069 7.266836 1.260197
xbest 45.58747 497.7324 0.7065164 15.23271 284.1230 37.60980 25.95346 2.028069 7.241836 1.260197
xbest 45.74340 496.3484 0.6391709 15.26256 284.1295 37.65925 25.96962 2.028407 7.214772 1.259203
xbest 45.73754 496.3484 0.6391709 15.26256 284.1295 37.65925 25.96962 2.028407 7.214772 1.259203
xbest 45.65879 496.6070 0.6362118 15.24109 284.1246 37.65797 25.90583 2.028515 7.227331 1.259895
xbest 45.63988 496.7526 0.6343725 15.23923 284.1222 37.65703 25.87749 2.028541 7.226898 1.259889
xbest 45.70743 496.7651 0.6398527 15.24114 284.1249 37.64941 25.91652 2.028668 7.220301 1.259612
xbest 45.86057 488.2881 0.6127226 15.49384 284.1911 37.42084 26.37075 2.082138 7.307514 2.908230
xbest 45.92442 483.3628 0.6090907 15.64599 284.1911 37.41722 26.53778 2.079896 7.366078 2.922934
xbest 45.90414 482.9856 0.6105727 15.65401 284.1931 37.42729 26.55756 2.083593 7.362097 2.913874
xbest 45.89349 482.8682 0.6102816 15.65243 284.1925 37.42981 26.56598 2.084319 7.359778 2.916638
xbest 45.92206 483.2248 0.6039419 15.62525 284.1872 37.42618 26.39185 2.084177 7.355237 2.954302
xbest 45.92656 483.1240 0.6111295 15.64778 284.1901 37.42081 26.43408 2.081645 7.364496 2.936796
xbest 45.92296 483.8148 0.6082463 15.61680 284.1877 37.43027 26.39376 2.083844 7.336593 2.945534
xbest 45.92355 483.7709 0.6053319 15.61635 284.1888 37.42924 26.39816 2.083815 7.336929 2.944419
xbest 45.96673 483.6191 0.6129143 15.62104 284.1884 37.43039 26.40199 2.083576 7.333062 2.946778
xbest 45.96673 483.6191 0.6129143 15.62104 284.1884 37.43039 26.40199 2.083576 7.333062 2.946036
xbest 46.07258 482.6387 0.6147245 15.62312 284.1872 37.41515 26.48270 2.080083 7.344688 2.950826
xbest 46.20746 482.5216 0.6129045 15.59573 284.1887 37.42472 26.40917 2.082731 7.337904 2.939419
xbest 46.20746 482.5216 0.6129045 15.59573 284.1887 37.42472 26.40917 2.082731 7.344154 2.939419
xbest 46.23681 482.6411 0.6139590 15.57551 284.1881 37.41827 26.45503 2.080690 7.347583 2.942455
xbest 46.25608 482.8727 0.6138314 15.59723 284.1863 37.42966 26.38675 2.082699 7.329688 2.939340
xbest 46.19747 482.8538 0.6164018 15.49876 284.1894 37.42958 26.42878 2.083038 7.397120 2.940138
xbest 46.19747 482.7756 0.6164018 15.49876 284.1894 37.42958 26.38816 2.083038 7.397120 2.940138

$time
elapsed elapsed elapsed elapsed elapsed elapsed elapsed elapsed elapsed elapsed elapsed elapsed elapsed elapsed elapsed elapsed elapsed elapsed elapsed elapsed elapsed elapsed elapsed elapsed elapsed 
   1.61    4.42    6.66   15.33   23.39   29.01   35.06   36.64   56.72   59.31   62.12   66.97  104.19  106.48  159.92  161.45  189.06  209.50  219.12  264.45  266.22  301.72  303.01  326.09  346.17 
elapsed elapsed elapsed elapsed elapsed elapsed elapsed elapsed elapsed elapsed elapsed elapsed elapsed elapsed elapsed elapsed elapsed elapsed 
 351.75  449.17  459.03  464.45  467.72  470.58  473.47  475.95  515.72  531.28  546.05  572.23  575.17  576.56  597.31  600.20  610.00  611.67 

$neval
 [1]   106   255   363   793  1213  1488  1764  1849  2813  2950  3091  3362  5132  5258  7839  7915  9249 10249 10729 12890 12978 14732 14806 15886 16905 17177 22184 22663 22937 23074 23216 23354
[33] 23490 25460 26210 26957 28214 28352 28425 29400 29536 30019 30020

$fbest
[1] 210.2309

$xbest
 [1]  46.1974657 482.7756498   0.6164018  15.4987641 284.1893583  37.4295777  26.3881566   2.0830385   7.3971196   2.9401381

$numeval
[1] 30020

$end_crit
[1] 1

$cpu_time
elapsed 
 611.67 

$Refset
$Refset$x
           [,1]        [,2]        [,3]      [,4]       [,5]      [,6]       [,7]       [,8]      [,9]    [,10]
 [1,]  46.25608 482.8727210   0.6138314 15.597227 284.186298  37.42966 26.3867514   2.082699  7.329688 2.939340
 [2,]  46.14798 483.2171290   0.6177096 15.521920 284.188670  37.42176 26.4626639   2.083085  7.386268 2.940337
 [3,]  46.23427 482.7663288   0.6138708 15.577459 284.187162  37.42418 26.4590193   2.080824  7.349509 2.942580
 [4,]  46.24548 482.5623356   0.6139204 15.603143 284.186914  37.42967 26.3699884   2.082761  7.331679 2.939654
 [5,]  46.32114 482.0409639   0.6135423 15.595831 284.185318  37.42855 26.3774868   2.082830  7.336312 2.939442
 [6,]  46.21224 482.4510294   0.6126415 15.593757 284.187999  37.41920 26.4448406   2.080673  7.351112 2.942448
 [7,]  46.20746   0.6129045 284.1887003 26.409167   7.344154  46.20746  0.6129045 284.188700 26.409167 7.344154
 [8,] 482.52157  15.5957320  37.4247165  2.082731   2.939419 482.52157 15.5957320  37.424716  2.082731 2.939419
 [9,]  46.28341 482.2515711   0.6139736 15.606114 284.187507  37.42826 26.4183568   2.083714  7.328663 2.939291
[10,]  46.19747 482.8537748   0.6164018 15.498764 284.189358  37.42958 26.4287816   2.083038  7.397120 2.940138
[11,]  46.20463 482.8575097   0.6159386 15.553112 284.188529  37.42013 26.4575073   2.081857  7.358368 2.941500
[12,]  55.01321 500.0000000   0.5010673 16.073577 284.000000  31.18704 29.6096320   2.251115  5.723941 2.244043

$Refset$f
 [1] 210.4236 210.6476 210.6510 210.6059 211.0104 210.8333 211.0434 211.0434 210.9010 210.4236 211.1493 455.4063

$Refset$fpen
 [1] 210.4236 210.6476 210.6510 210.6059 211.0104 210.8333 211.0434 211.0434 210.9010 210.4236 211.1493 455.4063

$Refset$const
           [,1]      [,2]      [,3]      [,4]     [,5]
 [1,]  8.267539 28.670312 20.402773  1.791900 2.295042
 [2,]  8.135651 28.613732 20.478080  1.792550 2.300759
 [3,]  8.227950 28.650491 20.422541  1.792676 2.300287
 [4,]  8.271464 28.668321 20.396857  1.791628 2.293946
 [5,]  8.259519 28.663688 20.404169  1.791922 2.294396
 [6,]  8.242645 28.648888 20.406243  1.792449 2.299619
 [7,]  8.251578 20.404268  2.296973 28.655846 1.791903
 [8,] 28.655846  1.791903  8.251578 20.404268 2.296973
 [9,]  8.277451 28.671337 20.393886  1.792129 2.297344
[10,]  8.101645 28.602880 20.501236  1.792009 2.298121
[11,]  8.194744 28.641632 20.446888  1.792522 2.300475
[12,] 10.349636 30.276059 19.926423  1.894057 3.118676

$Refset$penalty
 [1] 0 0 0 0 0 0 0 0 0 0 0 0


