$f
 [1] 455.3090 324.1337 249.2187 247.9948 233.7240 226.0312 222.0712 188.8750 180.4462 179.2743 178.2396 177.3976 173.7118 173.5660 170.1493 169.2483 168.7569 168.7344 168.7240 168.3750 168.2899
[22] 167.4306 162.9444 159.7188 159.7188

$x
          [,1]     [,2]      [,3]     [,4]     [,5]     [,6]     [,7]     [,8]     [,9]    [,10]
xbest 50.38955 204.4450 0.7222361 28.15766 284.6088 36.93125 27.39752 4.649603 4.507117 4.420534
xbest 44.24703 333.9770 0.6523173 25.13428 285.4772 39.72037 29.42008 4.391448 3.375684 4.234291
xbest 45.34046 333.9770 0.6019114 25.11012 284.9499 39.72037 31.43001 4.391448 2.769503 4.234291
xbest 45.01520 333.0832 0.6020198 25.13542 284.9384 39.58806 31.72122 4.386707 2.770713 4.156182
xbest 43.98484 316.6473 0.5686935 25.96559 286.3149 47.97648 32.15044 2.000000 2.379217 4.394590
xbest 43.98484 316.6473 0.4786935 25.96559 286.3149 47.97648 31.98794 2.000000 2.379217 4.394590
xbest 43.98242 317.0578 0.5642796 25.41265 286.4234 46.29474 29.51284 3.903003 3.013050 3.846676
xbest 43.78839 315.5857 0.5721342 25.62607 286.2867 46.61602 31.44227 4.199538 2.570683 3.112802
xbest 43.78839 315.5857 0.6621342 25.62607 286.2867 46.61602 31.76727 4.199538 2.570683 3.112802
xbest 43.94021 315.0459 0.4507591 25.67200 286.3118 46.60874 31.25359 4.254835 2.504232 3.294708
xbest 43.94021 315.2022 0.4507591 25.67200 286.3118 46.60699 31.25359 4.254835 2.494857 3.294708
xbest 43.86146 316.4833 0.5614693 25.64240 286.3183 46.69255 31.36770 4.078438 2.568287 3.367520
xbest 43.86146 316.4833 0.5164693 25.64314 286.3183 46.69255 31.36770 4.078438 2.568287 3.367520
xbest 43.88250 317.2012 0.5676119 25.63813 286.3237 46.70886 31.28650 4.078295 2.560429 3.375901
xbest 43.88250 317.1426 0.4326119 25.63813 286.3237 46.70886 31.28650 4.078295 2.506911 3.375901
xbest 43.88934 317.1428 0.5112776 25.64409 286.3236 46.70336 31.34432 4.078368 2.557849 3.383546
xbest 43.88934 317.1428 0.5112776 25.64409 286.3236 46.70336 31.30369 4.078368 2.557849 3.386515
xbest 43.88953 317.0730 0.5137730 25.64457 286.3236 46.70428 31.33492 4.078333 2.556338 3.383117
xbest 43.88966 317.0837 0.5134552 25.64636 286.3237 46.70322 31.33682 4.078331 2.557509 3.382579
xbest 43.88778 317.1071 0.5138768 25.65081 286.3238 46.70271 31.33745 4.078221 2.553898 3.386963
xbest 43.88778 317.1071 0.5138768 25.65081 286.3238 46.70271 31.33745 4.078221 2.553898 3.386220
xbest 43.87858 316.7626 0.5076493 25.64033 286.3231 46.69895 31.33724 4.078475 2.568559 3.381039
xbest 43.86003 316.9577 0.5288306 25.66822 286.3322 47.03498 31.30620 4.062756 2.517027 3.401916
xbest 43.86003 316.9577 0.7088306 25.66822 286.3322 47.03498 31.30620 4.062756 2.617027 3.401916
xbest 43.86003 316.9577 0.7088306 25.66822 286.3322 47.03498 31.30620 4.062756 2.617027 3.401916

$time
elapsed elapsed elapsed elapsed elapsed elapsed elapsed elapsed elapsed elapsed elapsed elapsed elapsed elapsed elapsed elapsed elapsed elapsed elapsed elapsed elapsed elapsed elapsed elapsed elapsed 
   1.74    4.91    8.57   35.41   38.66   43.74   56.44   75.64   77.22  195.52  197.24  235.42  237.27  338.05  340.24  375.05  376.92  395.97  405.16  408.36  409.97  481.58  512.16  517.32  710.57 

$neval
 [1]   106   251   411  1531  1669  1888  2430  3241  3323  8232  8319  9935 10015 14368 14473 15948 16027 16839 17245 17382 17456 20451 21739 21967 30024

$fbest
[1] 159.7188

$xbest
 [1]  43.8600252 316.9577054   0.7088306  25.6682184 286.3321935  47.0349780  31.3062007   4.0627558   2.6170267   3.4019158

$numeval
[1] 30024

$end_crit
[1] 1

$cpu_time
elapsed 
 710.57 

$Refset
$Refset$x
          [,1]     [,2]      [,3]     [,4]     [,5]     [,6]     [,7]     [,8]     [,9]    [,10]
 [1,] 43.89754 316.4576 0.4162305 25.61562 286.3338 46.70892 31.33587 4.077159 2.550942 3.403156
 [2,] 43.92665 316.5539 0.4396213 25.62797 286.3342 46.70613 31.33387 4.077185 2.551210 3.404096
 [3,] 43.91570 316.5699 0.4394024 25.63001 286.3336 46.70665 31.33281 4.077203 2.551527 3.406224
 [4,] 43.92252 316.5571 0.4395279 25.62915 286.3345 46.70729 31.33481 4.077064 2.551359 3.403991
 [5,] 43.92463 316.5795 0.4390210 25.62767 286.3341 46.70733 31.33582 4.077174 2.551258 3.403217
 [6,] 43.91830 316.5371 0.4380260 25.62949 286.3346 46.70802 31.33519 4.077076 2.551758 3.405458
 [7,] 43.95000 316.5362 0.4508410 25.61769 286.3328 46.70421 31.33520 4.077292 2.551177 3.404774
 [8,] 43.92659 316.5431 0.4543347 25.62560 286.3338 46.70694 31.33430 4.077189 2.551484 3.404079
 [9,] 43.90166 316.5163 0.4227610 25.62304 286.3341 46.70827 31.33585 4.077159 2.550837 3.403309
[10,] 43.89788 316.4455 0.4171262 25.61696 286.3344 46.70697 31.33588 4.076982 2.550942 3.403361
[11,] 43.89541 316.1497 0.4445669 25.64957 286.3258 46.70121 31.33379 4.078171 2.556732 3.391411
[12,] 43.91723 316.3909 0.4395681 25.63019 286.3340 46.70557 31.33400 4.077203 2.551494 3.395830

$Refset$f
 [1] 163.8906 164.0469 164.0660 164.0660 164.0469 164.0660 164.2153 164.1007 164.2708 164.0208 165.4271 165.0920

$Refset$fpen
 [1] 163.8906 164.0469 164.0660 164.0660 164.0469 164.0660 164.2153 164.1007 164.2708 164.0208 165.4271 165.0920

$Refset$const
          [,1]     [,2]     [,3]     [,4]     [,5]
 [1,] 23.06468 33.44906 10.38438 1.549500 2.607674
 [2,] 23.07676 33.44879 10.37203 1.549457 2.607797
 [3,] 23.07848 33.44847 10.36999 1.549520 2.607526
 [4,] 23.07779 33.44864 10.37085 1.549420 2.607918
 [5,] 23.07641 33.44874 10.37233 1.549461 2.607847
 [6,] 23.07773 33.44824 10.37051 1.549412 2.607935
 [7,] 23.06651 33.44882 10.38231 1.549595 2.607526
 [8,] 23.07412 33.44852 10.37440 1.549498 2.607667
 [9,] 23.07220 33.44916 10.37696 1.549466 2.607800
[10,] 23.06602 33.44906 10.38304 1.549430 2.607958
[11,] 23.09284 33.44327 10.35043 1.550364 2.605245
[12,] 23.07869 33.44851 10.36981 1.549474 2.607775

$Refset$penalty
 [1] 0 0 0 0 0 0 0 0 0 0 0 0


