$f
 [1] 1071.0000  638.3229  519.9965  453.4028  416.8490  395.5833  363.7639  284.4792  271.0868  257.1198  251.8160  245.6424  241.6024  234.6128  228.9236  225.7118  208.7483  207.7274  207.1840
[20]  204.9479  201.4983  198.9774  197.0885  197.0017  194.4688  194.1059  193.7170  190.5833  189.5122  188.9045  188.8698  187.0330  186.9566  185.9063  185.5226  185.2500  185.1597  185.1215
[39]  184.9635  184.9566  184.9132  184.8038  184.7847  184.5851  184.4965  184.4809  184.4306  184.3872  184.3872

$x
          [,1]     [,2]      [,3]     [,4]     [,5]     [,6]     [,7]     [,8]     [,9]    [,10]
xbest 34.51275 180.5787 0.2913073 19.46130 284.4466 42.96744 24.03722 5.428036 7.766197 1.613860
xbest 34.72861 180.5284 0.2740270 19.48906 284.2130 44.99250 24.00000 5.438599 7.680363 1.274047
xbest 34.79892 180.5284 0.2290270 19.48906 284.2136 44.99250 24.00000 5.438599 7.680168 1.274047
xbest 53.04781 225.1589 0.4933222 22.07287 285.6371 42.41492 33.27363 6.059745 4.658894 4.010840
xbest 62.61899 296.3536 0.4979528 21.83342 285.7783 43.37947 37.63581 4.253426 2.421954 3.766042
xbest 80.00000 201.4312 0.1000000 19.91340 285.0531 32.79149 24.00000 2.594487 5.814656 4.850800
xbest 80.00000 136.6377 0.1000000 18.03305 285.4456 37.00719 24.00000 2.575163 8.507027 1.200000
xbest 71.19358 294.8361 0.3731414 21.19291 285.7827 42.78795 40.08642 2.965226 2.315794 3.638153
xbest 62.12369 203.7653 0.2203822 20.61988 284.3455 41.95994 26.40062 2.732396 5.314994 1.468967
xbest 62.12369 203.7653 0.2660853 20.61988 284.3455 41.95994 26.40570 2.732396 5.302494 1.468967
xbest 69.71005 282.0243 0.5133198 22.08955 286.0043 41.57417 37.25884 2.946350 2.963190 4.160088
xbest 69.71005 281.3993 0.5358198 22.08955 286.0043 41.57417 37.42134 2.946350 2.963190 4.154150
xbest 69.62897 246.9534 0.3403902 23.07125 285.8387 41.80157 34.63540 2.998778 3.057988 4.237453
xbest 69.03708 282.0934 0.5744064 23.55882 286.0135 41.35780 36.61008 3.005531 2.101282 4.160228
xbest 69.81972 261.0208 0.3691928 22.32238 285.8396 40.50530 35.52000 3.001864 3.356677 4.180681
xbest 70.19477 256.4364 0.4687929 23.10200 285.9515 41.05052 36.12897 3.009246 2.993651 4.118429
xbest 70.13909 256.4364 0.5145791 23.10200 285.8739 41.05052 36.12897 3.009246 2.993651 4.118429
xbest 71.15855 258.8779 0.3480290 22.43216 285.8507 40.38896 36.69780 2.989996 3.203281 4.224571
xbest 71.18975 244.2051 0.3533405 23.18570 285.8229 40.37694 36.39540 3.005003 3.126918 4.217717
xbest 71.18975 244.2051 0.3533405 23.18570 285.8417 40.37694 36.39540 3.005003 3.126918 4.217717
xbest 70.63631 254.8113 0.4616751 23.15550 285.9390 40.47306 37.44064 3.013482 3.055256 4.109904
xbest 71.07641 255.0062 0.4707124 22.97588 285.9114 40.46629 37.54605 3.012373 3.067497 4.110220
xbest 70.89202 254.9243 0.4724913 23.14423 285.9362 40.46910 37.49534 3.013251 3.074021 4.110022
xbest 71.04057 254.9535 0.4702327 23.01914 285.9227 40.46792 37.56143 3.012863 3.067540 4.110282
xbest 71.08338 255.7242 0.4719376 23.04870 285.9111 40.46170 37.57752 3.014224 3.067665 4.095850
xbest 71.07167 255.7242 0.4719376 23.04870 285.9111 40.46170 37.57752 3.014224 3.067665 4.095850
xbest 70.89637 254.9668 0.5168502 23.12393 285.9027 40.39038 37.36210 3.015160 3.055773 4.081289
xbest 70.89637 254.9668 0.5210690 23.12393 285.8840 40.39038 37.36210 3.015160 3.055773 4.078320
xbest 71.01691 255.0316 0.5262882 23.17412 285.8977 40.38731 37.31669 3.014999 3.048532 4.076472
xbest 71.01691 255.0316 0.5262882 23.17559 285.8977 40.38731 37.35731 3.014999 3.042282 4.076472
xbest 71.01190 252.4675 0.5155310 23.18885 285.8838 40.36538 37.29286 3.015232 3.092945 4.098859
xbest 71.06464 252.4675 0.5155310 23.18885 285.8838 40.36538 37.37348 3.015232 3.092945 4.098859
xbest 70.96472 251.2487 0.5266410 23.29118 285.8826 40.38945 37.34414 3.014814 3.088127 4.102831
xbest 70.96472 251.2487 0.5716410 23.30299 285.8755 40.38945 37.18164 3.014814 3.088127 4.102831
xbest 70.93445 251.3505 0.5261899 23.27984 285.8829 40.38529 37.35039 3.013994 3.100031 4.100385
xbest 70.97539 251.5251 0.5263680 23.28369 285.8834 40.37913 37.34618 3.013854 3.086657 4.103093
xbest 70.95174 251.4602 0.5268863 23.28916 285.8829 40.38088 37.33998 3.013814 3.087010 4.105709
xbest 70.97574 251.5256 0.5264201 23.28394 285.8833 40.37798 37.34596 3.013982 3.086716 4.102652
xbest 70.95484 251.4071 0.5269181 23.28937 285.8829 40.38181 37.33823 3.013851 3.087205 4.104644
xbest 70.94873 251.4389 0.5267658 23.28584 285.8829 40.38266 37.34311 3.013873 3.089846 4.102888
xbest 70.93944 251.5525 0.5267951 23.28332 285.8828 40.38171 37.34728 3.014339 3.088950 4.096721
xbest 70.94665 251.4674 0.5266746 23.28630 285.8830 40.38455 37.34333 3.014112 3.088445 4.101512
xbest 70.94645 251.5095 0.5267209 23.28846 285.8830 40.38283 37.34161 3.014205 3.085549 4.096787
xbest 70.95485 251.5139 0.5292689 23.28680 285.8830 40.38247 37.34354 3.014228 3.085427 4.098979
xbest 70.97619 251.5107 0.5269293 23.27362 285.8830 40.36947 37.34376 3.014186 3.091000 4.089924
xbest 70.97619 251.5107 0.5269293 23.27362 285.8830 40.36947 37.30313 3.014186 3.091000 4.089924
xbest 70.97635 251.5333 0.5270388 23.27469 285.8829 40.36555 37.34378 3.014187 3.091482 4.092838
xbest 70.97050 251.5333 0.5270388 23.27469 285.8829 40.36555 37.34378 3.014187 3.091482 4.092838
xbest 70.97050 251.5333 0.5270388 23.27469 285.8829 40.36555 37.34378 3.014187 3.091482 4.092838

$time
elapsed elapsed elapsed elapsed elapsed elapsed elapsed elapsed elapsed elapsed elapsed elapsed elapsed elapsed elapsed elapsed elapsed elapsed elapsed elapsed elapsed elapsed elapsed elapsed elapsed 
   2.96    6.64    9.32   17.36   21.95   26.01   34.40   38.42   42.37   52.78   97.14   99.70  111.48  115.92  123.71  138.98  142.14  171.03  177.82  180.07  191.54  206.93  210.54  213.93  217.59 
elapsed elapsed elapsed elapsed elapsed elapsed elapsed elapsed elapsed elapsed elapsed elapsed elapsed elapsed elapsed elapsed elapsed elapsed elapsed elapsed elapsed elapsed elapsed elapsed 
 219.82  291.09  294.00  322.28  337.21  357.61  381.01  443.75  446.61  509.50  519.43  523.50  531.42  539.89  557.87  565.67  574.20  607.51  628.03  681.53  684.07  696.76  726.62  887.68 

$neval
 [1]   106   253   347   631   770   911  1200  1342  1479  1842  3344  3434  3837  3970  4238  4778  4887  5968  6242  6315  6729  7280  7417  7551  7687  7763 10087 10182 11132 11621 12293 13061
[33] 15114 15212 17262 17598 17733 18003 18273 18889 19161 19435 20608 21304 23148 23222 23630 24652 30065

$fbest
[1] 184.3872

$xbest
 [1]  70.9704955 251.5333449   0.5270388  23.2746872 285.8828531  40.3655517  37.3437773   3.0141873   3.0914824   4.0928383

$numeval
[1] 30065

$end_crit
[1] 1

$cpu_time
elapsed 
 887.68 

$Refset
$Refset$x
          [,1]     [,2]      [,3]     [,4]     [,5]     [,6]     [,7]     [,8]     [,9]    [,10]
 [1,] 70.95174 251.5165 0.5296405 23.28424 285.8828 40.38179 37.33701 3.014686 3.086346 4.093063
 [2,] 70.95594 251.5093 0.5300692 23.28623 285.8830 40.38184 37.35260 3.013996 3.086529 4.096838
 [3,] 70.95153 251.5046 0.5303508 23.28648 285.8829 40.38310 37.34399 3.014364 3.086328 4.099276
 [4,] 70.95270 251.5162 0.5299637 23.28546 285.8828 40.38234 37.34108 3.014570 3.086309 4.092731
 [5,] 70.95297 251.5156 0.5297628 23.28511 285.8828 40.38179 37.33938 3.014672 3.086382 4.093316
 [6,] 70.94996 251.5024 0.5296594 23.28624 285.8827 40.38281 37.33849 3.014388 3.086187 4.096649
 [7,] 70.95438 251.5114 0.5299475 23.28641 285.8828 40.38040 37.35366 3.014267 3.086395 4.095688
 [8,] 70.95488 251.5039 0.5291978 23.28613 285.8824 40.38239 37.38911 3.014144 3.086402 4.096379
 [9,] 70.95393 251.5137 0.5297380 23.28606 285.8830 40.38098 37.34980 3.014446 3.086440 4.097769
[10,] 70.95270 251.5016 0.5294141 23.34598 285.8817 40.39006 37.36198 3.014211 3.051611 4.095749
[11,] 70.95359 252.1690 0.5324901 23.24857 285.8834 40.38372 37.31040 3.014136 3.083845 4.101821
[12,] 70.89511 251.5160 0.5295217 23.34656 285.8813 40.38666 37.32046 3.014536 3.065897 4.094012

$Refset$f
 [1] 184.5851 184.5851 184.5851 184.5851 184.5851 184.5851 184.5851 184.7500 184.5851 184.7830 184.8976 188.5642

$Refset$fpen
 [1] 184.5851 184.5851 184.5851 184.5851 184.5851 184.5851 184.5851 184.7500 184.5851 184.7830 184.8976 188.5642

$Refset$const
          [,1]     [,2]     [,3]     [,4]     [,5]
 [1,] 20.19789 32.91365 12.71576 1.568941 3.378912
 [2,] 20.19970 32.91347 12.71377 1.568827 3.380822
 [3,] 20.20015 32.91367 12.71352 1.568886 3.379653
 [4,] 20.19915 32.91369 12.71454 1.568915 3.379351
 [5,] 20.19873 32.91362 12.71489 1.568920 3.379215
 [6,] 20.20005 32.91381 12.71376 1.568943 3.378966
 [7,] 20.20002 32.91360 12.71359 1.568840 3.381036
 [8,] 20.19973 32.91360 12.71387 1.568701 3.384890
 [9,] 20.19962 32.91356 12.71394 1.568837 3.380587
[10,] 20.29437 32.94839 12.65402 1.568993 3.380581
[11,] 20.16473 32.91616 12.75143 1.569005 3.375805
[12,] 20.28066 32.93410 12.65344 1.569277 3.375872

$Refset$penalty
 [1] 0 0 0 0 0 0 0 0 0 0 0 0


