$f
 [1] 255.21354 208.16319 144.12847 129.94271 106.36111  99.41493  98.28472  84.92014  83.31944  78.17708  76.45486  75.48785  74.87153  73.78819  73.52951  73.37326  72.18576  71.60937  71.39410
[20]  71.34201  70.67882  69.45660  69.36979  69.13715  69.13715

$x
          [,1]     [,2]      [,3]     [,4]     [,5]     [,6]     [,7]     [,8]     [,9]    [,10]
xbest 39.21959 307.2132 0.4173290 22.55812 285.8173 43.45419 40.74057 6.767112 5.397846 4.178632
xbest 31.41488 275.6785 1.0000000 30.00000 284.0482 44.90752 31.75026 5.454667 2.000000 2.480713
xbest 29.49040 275.6785 0.9694559 29.56447 284.0577 44.90752 31.91906 5.404667 2.496494 2.480713
xbest 44.98015 364.5447 0.9764830 26.27319 285.4703 38.37580 30.89643 3.510894 2.079653 2.739158
xbest 44.63665 380.5542 0.9900930 25.93313 285.8434 38.80000 30.74267 2.930062 2.004558 2.748548
xbest 47.21784 361.2340 0.8205003 26.15330 286.0796 38.09048 32.18026 2.308812 2.296544 2.817911
xbest 47.21264 364.8174 0.8394268 26.47408 286.1981 38.03275 32.35769 2.252395 2.000000 2.816499
xbest 47.14665 375.7828 0.9933402 25.92897 286.1855 38.30099 30.76452 2.623800 2.004239 2.748259
xbest 47.13493 375.7828 0.9933402 25.92897 286.2230 38.30099 30.76452 2.623800 2.004239 2.748259
xbest 47.69296 404.2265 0.9566099 24.40768 286.2689 38.73688 31.41760 2.419799 2.167737 2.724009
xbest 47.68124 404.2265 0.9566099 24.40621 286.2877 38.73375 31.41760 2.419799 2.167347 2.724009
xbest 45.40323 357.2361 0.9428943 26.22430 286.3199 41.60082 31.47103 2.300349 2.185692 2.839031
xbest 45.40323 357.2361 0.9428943 26.22430 286.3199 41.60082 31.47103 2.300349 2.179442 2.839031
xbest 45.59563 358.0659 0.9425933 26.10291 286.3300 41.59051 31.55502 2.298659 2.163245 2.841946
xbest 45.76575 357.8935 0.9424002 26.07923 286.3311 41.58981 31.62898 2.297887 2.156575 2.844679
xbest 44.81779 351.0070 0.9334411 26.34510 286.2421 42.57649 29.79840 2.216870 2.105396 2.700542
xbest 44.81779 351.0070 0.9559411 26.34510 286.2421 42.57649 29.71715 2.216870 2.105396 2.700542
xbest 44.38772 354.1087 0.9122964 26.58108 286.3000 42.39262 30.57828 2.326596 2.035420 2.850418
xbest 44.30639 353.9168 0.9136782 26.61841 286.3007 42.36909 30.62798 2.325764 2.036138 2.849270
xbest 44.34078 354.1048 0.9134314 26.60751 286.3005 42.37675 30.58998 2.326213 2.035360 2.850269
xbest 44.50809 354.3640 0.9105004 26.56753 286.3061 42.37673 30.86166 2.381127 2.034316 2.796539
xbest 44.50809 354.6765 0.9105004 26.56753 286.3248 42.37673 30.86166 2.381127 2.034316 2.792086
xbest 44.38160 354.3471 0.9218613 26.55663 286.3308 42.34505 31.08398 2.378474 2.055245 2.783433
xbest 44.38160 354.3471 0.8993613 26.55589 286.3308 42.34505 31.08398 2.378474 2.055245 2.783433
xbest 44.38160 354.3471 0.8993613 26.55589 286.3308 42.34505 31.08398 2.378474 2.055245 2.783433

$time
elapsed elapsed elapsed elapsed elapsed elapsed elapsed elapsed elapsed elapsed elapsed elapsed elapsed elapsed elapsed elapsed elapsed elapsed elapsed elapsed elapsed elapsed elapsed elapsed elapsed 
   1.36    3.89    6.34   11.46   13.73   20.82   23.15   30.53   31.78   46.37   54.31   86.57   88.45   93.37   95.82   98.15  113.09  198.56  212.51  236.73  272.75  274.14  441.95  443.25  506.61 

$neval
 [1]   106   259   399   688   831  1259  1396  1808  1886  2835  3337  5235  5309  5582  5717  5853  6729 11639 12507 14068 16247 16333 26403 26483 30080

$fbest
[1] 69.13715

$xbest
 [1]  44.3816016 354.3470784   0.8993613  26.5558935 286.3307565  42.3450525  31.0839752   2.3784744   2.0552447   2.7834332

$numeval
[1] 30080

$end_crit
[1] 1

$cpu_time
elapsed 
 506.61 

$Refset
$Refset$x
          [,1]     [,2]      [,3]     [,4]     [,5]     [,6]     [,7]     [,8]     [,9]    [,10]
 [1,] 44.95481 355.8045 0.9100619 26.43633 286.3113 42.37337 30.72158 2.381148 2.042935 2.858271
 [2,] 44.95481 355.8041 0.9100619 26.43634 286.3113 42.37337 30.72158 2.381148 2.042935 2.858271
 [3,] 44.95659 355.9667 0.9089754 26.43828 286.3140 42.38161 30.67070 2.382011 2.036398 2.860373
 [4,] 44.93843 354.7245 0.9107933 26.55208 286.3106 42.39558 30.70245 2.381948 2.004677 2.855780
 [5,] 44.96292 355.2156 0.9122484 26.46702 286.3111 42.36987 30.74126 2.381100 2.040331 2.859874
 [6,] 44.97548 354.3485 0.9121789 26.49579 286.3164 42.37052 30.84757 2.381446 2.043074 2.855597
 [7,] 44.94544 355.7068 0.9100451 26.46224 286.3106 42.38717 30.72716 2.381459 2.028166 2.855379
 [8,] 44.92430 353.0329 0.9123087 26.22233 286.2584 42.37755 30.11551 2.448724 2.264484 3.497210
 [9,] 44.95474 355.1542 0.9126702 26.43636 286.2991 42.15521 30.75494 2.453690 2.105493 3.070911
[10,] 44.91655 355.8023 0.9087148 26.31424 286.3074 42.32094 30.69998 2.309047 2.158160 3.202707
[11,] 44.65214 355.2108 0.9224812 26.28625 286.3309 42.36551 30.67125 2.663631 2.175107 2.823733
[12,] 44.81823 360.5039 0.8867718 24.62835 286.2688 41.31083 31.54461 2.805121 2.955482 2.858498

$Refset$f
 [1] 70.02257 70.06597 70.08333 70.28125 70.31424 70.38715 70.53819 78.12326 78.37500 82.65104 88.64931 93.63889

$Refset$fpen
 [1] 70.02257 70.06597 70.08333 70.28125 70.31424 70.38715 70.53819 78.12326 78.37500 82.65104 88.64931 93.63889

$Refset$const
          [,1]     [,2]      [,3]     [,4]     [,5]
 [1,] 24.39339 33.95707  9.563671 1.546533 2.763770
 [2,] 24.39340 33.95707  9.563662 1.546533 2.763770
 [3,] 24.40188 33.96360  9.561722 1.546372 2.760480
 [4,] 24.54741 33.99532  9.447916 1.546711 2.760903
 [5,] 24.42669 33.95967  9.532981 1.546492 2.765369
 [6,] 24.45272 33.95693  9.504206 1.545556 2.775217
 [7,] 24.43407 33.97183  9.537760 1.546628 2.763192
 [8,] 23.95784 33.73552  9.777675 1.554289 2.700807
 [9,] 24.33087 33.89451  9.563636 1.547417 2.773961
[10,] 24.15608 33.84184  9.685755 1.546945 2.763632
[11,] 24.11114 33.82489  9.713752 1.544355 2.767352
[12,] 21.67287 33.04452 11.371651 1.546539 2.875436

$Refset$penalty
 [1] 0 0 0 0 0 0 0 0 0 0 0 0


