$f
 [1] 456.32812 216.22917 134.29340 125.43576 113.50868 103.04861  76.69792  75.31597  75.18056  72.97396  72.80035  71.55382  70.61979  70.49306  70.43924  69.85243  69.79167  69.38368  69.31597
[20]  69.31597

$x
          [,1]     [,2]      [,3]     [,4]     [,5]     [,6]     [,7]     [,8]     [,9]    [,10]
xbest 34.34262 358.8137 0.5296278 18.69601 284.0304 29.55940 28.67335 8.675975 6.914568 4.224075
xbest 43.03582 285.8559 0.2014881 19.16269 286.0691 42.19565 29.73679 3.914095 7.782821 2.263580
xbest 46.19344 305.8559 0.2380506 18.21048 286.1254 42.19565 30.06179 4.114095 7.807821 2.263580
xbest 46.26800 434.4314 0.6038410 17.75984 286.1002 43.91420 27.55865 3.226625 5.021615 2.946312
xbest 46.56982 434.9564 0.6067810 17.65137 286.1523 43.95774 27.59168 3.751336 5.027650 2.782728
xbest 45.06190 489.8517 0.5966842 17.38611 285.6658 45.23261 25.03820 2.123810 4.256748 2.314699
xbest 45.06190 500.0000 0.8666842 17.39344 285.6658 44.80918 24.00000 2.119904 4.280186 2.354777
xbest 44.52935 473.6325 0.7024897 17.29133 285.7942 43.85738 28.14010 3.640551 4.958268 3.484992
xbest 44.52935 473.6325 0.6799897 17.29133 285.7942 43.85738 28.14010 3.640551 4.958268 3.484992
xbest 44.51378 473.7025 0.7024920 17.27777 285.7861 43.86187 28.13312 3.643149 4.973747 3.465171
xbest 44.51963 473.7025 0.7024920 17.27777 285.7861 43.86187 28.13312 3.643149 4.973747 3.465171
xbest 44.48992 473.3619 0.7008411 17.26661 285.7898 43.85934 28.14755 3.645012 4.973952 3.467233
xbest 44.58367 473.3619 0.7468355 17.26661 285.7898 43.85934 28.14755 3.645012 4.961452 3.467233
xbest 44.56324 473.5568 0.7006731 17.23523 285.7862 43.85496 28.15081 3.645137 4.974689 3.466200
xbest 44.57108 473.6201 0.7007824 17.22935 285.7862 43.85542 28.15088 3.645130 4.974834 3.465152
xbest 44.61507 473.4389 0.6976864 17.24648 285.7873 43.83631 28.14193 3.645293 4.972225 3.457373
xbest 44.62121 473.2696 0.6976647 17.24698 285.7872 43.83632 28.14194 3.645318 4.974088 3.457188
xbest 44.62121 473.3477 0.6976647 17.24698 285.7872 43.83632 28.14194 3.645318 4.977213 3.457188
xbest 44.59875 474.1828 0.6995151 17.22584 285.7846 43.83019 28.14614 3.645399 4.976825 3.455986
xbest 44.59875 474.1828 0.6995151 17.22584 285.7846 43.83019 28.14614 3.645399 4.976825 3.455986

$time
elapsed elapsed elapsed elapsed elapsed elapsed elapsed elapsed elapsed elapsed elapsed elapsed elapsed elapsed elapsed elapsed elapsed elapsed elapsed elapsed 
   1.80    4.81    8.24   10.97   25.88   29.00   41.06  377.56  379.08  437.75  439.30  495.42  497.49  538.09  560.61  590.08  602.22  603.94  663.74  666.81 

$neval
 [1]   106   260   404   546  1251  1390  1948 17531 17605 20186 20259 22696 22785 24559 25569 26862 27413 27492 30107 30176

$fbest
[1] 69.31597

$xbest
 [1]  44.5987490 474.1827565   0.6995151  17.2258408 285.7845784  43.8301896  28.1461442   3.6453991   4.9768253   3.4559856

$numeval
[1] 30176

$end_crit
[1] 1

$cpu_time
elapsed 
 666.81 

$Refset
$Refset$x
            [,1]      [,2]       [,3]      [,4]       [,5]       [,6]      [,7]      [,8]      [,9]    [,10]
 [1,] 474.182757  17.22584 43.8301896  3.645399   3.455986 474.182757  17.22584 43.830190  3.645399 3.455986
 [2,]   3.455986 474.18276 17.2258408 43.830190   3.645399   3.455986 474.18276 17.225841 43.830190 3.645399
 [3,]  44.592391 474.36115  0.6939981 17.228758 285.784113  43.829082  28.16384  3.645156  4.972386 3.457243
 [4,]  44.598749 474.18276  0.6995151 17.225841 285.784578  43.830190  28.14614  3.645399  4.976825 3.455986
 [5,]  44.595092 474.33652  0.6945012 17.229838 285.783963  43.831586  28.14748  3.645342  4.979561 3.458749
 [6,]  44.562347 473.72288  0.7005351 17.252146 285.787668  43.848333  28.14605  3.645116  4.973933 3.467028
 [7,]  44.598582 474.00870  0.7008412 17.221634 285.785277  43.835465  28.13649  3.645375  4.983516 3.461885
 [8,]  45.444515 476.76246  0.6961979 17.520848 285.985159  43.542545  28.43932  3.617723  4.650959 3.691324
 [9,]  44.716233 473.69454  0.7002452 17.274760 285.816803  43.574288  28.31045  3.637457  4.987480 3.481604
[10,]  44.598154 474.34064  0.6981322 17.239091 285.783851  43.831022  28.14690  3.642149  4.979806 3.457708
[11,]  44.542319 474.39555  0.6941948 17.613095 285.780816  43.794351  28.08529  3.651195  4.741308 3.460630
[12,]  39.444995 443.96424  0.6272257 20.262798 286.383734  38.242821  30.66134  4.165930  2.467090 3.368260

$Refset$f
 [1]   69.31597   69.31597   69.57118   69.31597   69.92187   70.82639   70.96528   80.61111   80.79861   72.42014   86.76215 3026.67361

$Refset$fpen
 [1]   69.31597   69.31597   69.57118   69.31597   69.92187   70.82639   70.96528   80.61111   80.79861   72.42014   86.76215 3026.67361

$Refset$const
           [,1]      [,2]      [,3]      [,4]      [,5]
 [1,] 31.023175  1.607212 12.249016 18.774159  2.376604
 [2,]  2.376604 31.023175  1.607212 12.249016 18.774159
 [3,] 12.256372 31.027614 18.771242  1.607280  2.377562
 [4,] 12.249016 31.023175 18.774159  1.607212  2.376604
 [5,] 12.250278 31.020439 18.770162  1.607273  2.376485
 [6,] 12.278213 31.026067 18.747854  1.606892  2.376648
 [7,] 12.238118 31.016484 18.778366  1.607127  2.376012
 [8,] 12.869889 31.349041 18.479152  1.587257  2.455174
 [9,] 12.287281 31.012520 18.725240  1.604336  2.403564
[10,] 12.259285 31.020194 18.760909  1.607284  2.376447
[11,] 12.871787 31.258692 18.386905  1.607537  2.373534
[12,] 17.795708 33.532910 15.737202  1.525867  3.056319

$Refset$penalty
 [1] 0 0 0 0 0 0 0 0 0 0 0 0


