$f
 [1] 206.38194 198.86111 194.61458 184.94097 154.82292 140.78472 135.39757 132.59896 122.37326 117.11806 116.54514 114.41319 111.99479 106.82812  99.71528  99.68056  99.38194  97.07292  96.59028
[20]  96.54340  96.36458  96.15451  95.86458  95.55035  95.45313  95.38542  95.03125  94.76736  94.64757  94.16840  94.03125  93.91840  93.86458  93.81424  93.75174  93.75174

$x
          [,1]     [,2]      [,3]     [,4]     [,5]     [,6]     [,7]     [,8]     [,9]    [,10]
xbest 52.78161 453.4881 0.7237464 15.89646 285.8945 33.66418 30.47216 4.661222 6.766712 1.639806
xbest 40.09513 358.2711 0.4663049 15.54065 285.3467 39.14190 35.76346 6.858468 9.449856 4.115653
xbest 40.09513 358.2711 0.5113049 15.54065 285.3467 38.94190 35.76346 6.858468 9.449856 4.115653
xbest 45.13253 389.6984 0.3483761 16.15766 285.9932 39.95112 32.97229 2.191114 8.260017 2.125537
xbest 47.54238 348.3730 0.6503198 15.26266 286.2692 39.52446 31.92709 3.710704 9.647331 2.332625
xbest 49.50088 349.2555 0.6372245 15.02465 286.3613 39.59689 33.35016 2.000000 9.710544 1.860083
xbest 49.94327 347.3529 0.6445918 15.00000 286.3798 39.96553 33.46951 2.243095 9.671378 1.895217
xbest 50.80398 354.0086 0.6264229 15.28023 286.3203 39.03588 31.72368 2.000000 9.295828 2.543180
xbest 50.56373 353.9479 0.8708421 15.09381 286.4734 39.49325 33.52091 2.000000 9.714334 2.502534
xbest 51.37021 353.9152 0.8645955 15.03424 286.4738 39.49349 33.52138 2.030621 9.688609 2.701610
xbest 50.32990 369.1252 0.7444353 15.44060 286.2502 39.85197 32.04670 2.368194 9.016467 2.006514
xbest 50.32990 369.1252 0.7669353 15.43914 286.2502 39.84260 32.20920 2.368194 9.016467 2.006514
xbest 51.01710 359.2823 0.9488807 15.20907 286.2967 40.06582 32.13933 2.428103 9.184394 2.147446
xbest 51.12522 359.9050 0.9524037 15.12725 286.2906 40.06188 32.16637 2.429210 9.188016 2.004026
xbest 50.75331 354.6347 0.7843393 15.15353 286.3152 39.78965 32.66364 2.311678 9.515651 2.210668
xbest 50.92007 354.2788 0.9162368 15.03968 286.3180 39.92120 32.38229 2.063865 9.536692 2.352615
xbest 50.96694 354.2788 0.9837368 15.03968 286.3180 39.92120 32.38229 2.063865 9.536692 2.352615
xbest 51.04147 358.6825 0.8721317 15.14663 286.2974 39.89668 31.98185 2.304633 9.381502 2.134188
xbest 51.04199 358.7762 0.8795740 15.14764 286.2969 39.89686 32.01014 2.304474 9.381526 2.127412
xbest 51.04199 358.7567 0.8795740 15.14764 286.2969 39.89686 32.01014 2.304474 9.381526 2.127412
xbest 51.05528 358.9110 0.8895411 15.13504 286.2915 39.91636 31.80763 2.302269 9.378762 2.148385
xbest 51.05528 358.9110 0.8670411 15.13431 286.2915 39.91636 31.80763 2.302269 9.378762 2.148385
xbest 51.06579 359.3074 0.8896504 15.11280 286.2922 39.91580 31.89432 2.303571 9.388418 2.148076
xbest 51.08923 359.3074 0.9121504 15.11280 286.2922 39.91580 31.89432 2.303571 9.388418 2.148076
xbest 50.94599 359.3953 0.8837491 15.10099 286.2915 39.90574 31.92088 2.315912 9.371757 2.093583
xbest 50.99352 359.6298 0.8824667 15.07680 286.2895 39.90313 31.91781 2.315847 9.368304 2.095247
xbest 50.99352 359.7080 0.8828183 15.07680 286.2895 39.90313 31.91781 2.315847 9.368304 2.094505
xbest 50.89087 359.1982 0.8839221 15.09957 286.2865 39.88868 31.93679 2.312815 9.371355 2.013064
xbest 51.28253 359.5914 0.8823232 15.11458 286.2922 39.91319 31.85950 2.316432 9.312297 2.092786
xbest 51.28253 359.5914 0.9048232 15.11312 286.2922 39.91007 31.85950 2.316432 9.324797 2.092786
xbest 51.25156 359.4199 0.8876219 15.09280 286.2958 39.91382 31.92085 2.315644 9.346898 2.092965
xbest 51.25156 359.4199 0.8876219 15.09280 286.2958 39.91382 31.92085 2.315644 9.346898 2.093707
xbest 51.26701 359.2367 0.8771912 15.10584 286.2946 39.91340 31.93790 2.316182 9.337261 2.089118
xbest 51.26539 359.3465 0.8799862 15.10334 286.2945 39.91254 31.93557 2.316128 9.337502 2.092087
xbest 51.26420 359.2885 0.8787924 15.10419 286.2945 39.91292 31.93352 2.316161 9.338148 2.092177
xbest 51.26420 359.2885 0.8787924 15.10419 286.2945 39.91292 31.93352 2.316161 9.338148 2.092177

$time
elapsed elapsed elapsed elapsed elapsed elapsed elapsed elapsed elapsed elapsed elapsed elapsed elapsed elapsed elapsed elapsed elapsed elapsed elapsed elapsed elapsed elapsed elapsed elapsed elapsed 
   2.32   11.71   13.35   16.47   19.74   22.75   25.97   31.83   35.41   38.41   41.39   46.38   49.21   55.36   60.82   69.19   76.66   91.22  100.58  108.02  139.91  142.11  195.54  197.21  222.27 
elapsed elapsed elapsed elapsed elapsed elapsed elapsed elapsed elapsed elapsed elapsed 
 280.86  282.61  385.27  440.22  442.08  477.16  478.61  484.75  494.21  503.44  668.44 

$neval
 [1]   106   551   629   768   914  1056  1199  1478  1623  1764  1903  2132  2270  2548  2825  3233  3594  4264  4671  5016  6364  6444  8750  8829  9927 12588 12673 17238 19795 19885 21390 21463
[33] 21738 22147 22554 30068

$fbest
[1] 93.75174

$xbest
 [1]  51.2641980 359.2884672   0.8787924  15.1041867 286.2945239  39.9129238  31.9335174   2.3161613   9.3381483   2.0921766

$numeval
[1] 30068

$end_crit
[1] 1

$cpu_time
elapsed 
 668.44 

$Refset
$Refset$x
          [,1]     [,2]      [,3]     [,4]     [,5]     [,6]     [,7]     [,8]     [,9]    [,10]
 [1,] 51.26459 359.3334 0.8801527 15.10070 286.2946 39.91317 31.93420 2.316152 9.339440 2.092131
 [2,] 51.26448 359.3220 0.8800902 15.10047 286.2945 39.91279 31.93523 2.316068 9.339708 2.092088
 [3,] 51.26407 359.3325 0.8801415 15.10071 286.2946 39.91319 31.93460 2.316173 9.339464 2.092146
 [4,] 51.26653 359.2946 0.8796443 15.10085 286.2947 39.91312 31.93419 2.316164 9.339644 2.092347
 [5,] 51.26525 359.2903 0.8798607 15.10078 286.2944 39.91285 31.93462 2.316061 9.340374 2.091980
 [6,] 51.26056 359.3768 0.8783614 15.10016 286.2942 39.91332 31.93478 2.316174 9.338934 2.092184
 [7,] 51.26340 359.3544 0.8796503 15.10070 286.2946 39.91268 31.93186 2.316162 9.339270 2.092132
 [8,] 51.26444 359.3343 0.8800460 15.10065 286.2945 39.91314 31.93446 2.316119 9.339440 2.092153
 [9,] 51.26705 359.3166 0.8809659 15.07230 286.2944 39.91346 31.88826 2.315553 9.340213 2.092103
[10,] 51.26378 359.3530 0.8797520 15.10286 286.2946 39.91194 31.93479 2.316140 9.338685 2.092136
[11,] 51.27716 359.2761 0.8796929 15.10031 286.2951 39.91309 31.91509 2.316114 9.339516 2.093226
[12,] 51.13446 358.9619 0.8796481 15.10448 286.2772 39.87247 31.72097 2.321453 9.339959 2.042693

$Refset$f
 [1] 93.75174 93.75174 93.75174 93.75174 93.75174 93.75174 93.75174 93.75174 94.34028 94.39931 93.99653 94.67708

$Refset$fpen
 [1] 93.75174 93.75174 93.75174 93.75174 93.75174 93.75174 93.75174 93.75174 94.34028 94.39931 93.99653 94.67708

$Refset$const
          [,1]     [,2]     [,3]     [,4]     [,5]
 [1,] 5.761262 26.66056 20.89930 1.537513 3.014668
 [2,] 5.760758 26.66029 20.89953 1.537528 3.014728
 [3,] 5.761247 26.66054 20.89929 1.537518 3.014685
 [4,] 5.761207 26.66036 20.89915 1.537507 3.014688
 [5,] 5.760405 26.65963 20.89922 1.537531 3.014667
 [6,] 5.761228 26.66107 20.89984 1.537563 3.014553
 [7,] 5.761432 26.66073 20.89930 1.537527 3.014471
 [8,] 5.761206 26.66056 20.89935 1.537532 3.014635
 [9,] 5.732089 26.65979 20.92770 1.537740 3.010314
[10,] 5.764174 26.66132 20.89714 1.537507 3.014812
[11,] 5.760790 26.66048 20.89969 1.537535 3.013090
[12,] 5.764518 26.66004 20.89552 1.540503 2.991315

$Refset$penalty
 [1] 0 0 0 0 0 0 0 0 0 0 0 0


