$f
 [1] 297.09201 252.00000 168.25000 147.38542 128.50174 121.67014 121.64236 105.32118 100.61111  99.09549  96.56597  95.78125  91.58333  91.23264  90.25174  87.85938  87.29167  86.40799  84.42882
[20]  83.35417  82.12500  81.49653  81.49653

$x
          [,1]     [,2]      [,3]     [,4]     [,5]     [,6]     [,7]     [,8]     [,9]    [,10]
xbest 28.53925 299.3940 0.7214060 29.87080 284.2555 45.64491 38.16082 5.222512 2.283570 4.107707
xbest 31.08537 297.3947 0.5952896 30.00000 284.0906 45.11809 40.37894 5.251007 2.000000 4.348888
xbest 31.08537 297.3947 0.6416958 30.00000 284.1500 46.71809 40.38910 5.242022 2.087500 4.348888
xbest 40.66766 430.4446 0.7435653 16.70688 284.9987 41.69349 29.92054 5.029121 6.374159 3.446004
xbest 37.02247 468.0021 0.7106953 15.00000 285.6766 45.51326 37.54952 6.045590 6.756773 4.275227
xbest 37.70978 466.0809 0.7182464 15.10835 285.7109 44.45447 42.07200 5.771472 7.005773 4.492598
xbest 40.62436 424.9646 0.7459821 16.86878 284.9834 41.39129 30.09646 5.025500 6.577088 3.818224
xbest 40.99936 418.7146 0.6970047 16.86826 284.9838 41.40013 30.26699 4.978625 6.720838 3.818286
xbest 42.19141 471.4014 0.7905105 16.91506 285.2530 40.29500 32.74171 5.250216 5.506017 3.236976
xbest 39.20028 398.6471 0.6916778 17.89403 285.3565 42.58156 35.92866 5.861727 6.485394 3.632912
xbest 39.20028 398.4909 0.7141778 17.89403 285.3565 42.58156 35.84741 5.861727 6.485394 3.632912
xbest 41.57656 491.8778 0.6099722 15.66502 285.3707 40.99106 32.30958 5.425441 5.733715 3.308864
xbest 41.67031 491.8778 0.5199722 15.66502 285.3707 40.99106 32.14708 5.425441 5.733910 3.308864
xbest 41.65107 491.8174 0.6194541 15.46607 285.4760 40.67543 34.16481 5.221389 6.119951 3.243774
xbest 41.60419 491.8174 0.6194541 15.46021 285.4760 40.67543 34.20543 5.221389 6.119951 3.242289
xbest 41.93073 494.6735 0.6238190 15.95018 285.5258 40.59068 33.24959 5.223104 5.806290 3.206798
xbest 41.93073 494.6735 0.6238190 15.95018 285.5258 40.59068 33.24959 5.223299 5.796915 3.200861
xbest 41.65232 492.3989 0.6161072 15.50540 285.4765 40.66485 33.92908 5.217819 6.119682 3.269477
xbest 41.65232 492.3989 0.6161072 15.50868 285.4765 40.67184 33.81856 5.217819 6.107182 3.269477
xbest 41.61025 492.7906 0.6156386 15.59193 285.4861 40.63934 33.47541 5.221588 6.044270 3.280563
xbest 41.61025 492.7906 0.6381386 15.59193 285.4861 40.63934 33.47541 5.221588 6.044270 3.280563
xbest 41.57711 492.8814 0.6152199 15.58767 285.4810 40.63143 33.47628 5.221773 6.045358 3.284997
xbest 41.57711 492.8814 0.6152199 15.58767 285.4810 40.63143 33.47628 5.221773 6.045358 3.284997

$time
elapsed elapsed elapsed elapsed elapsed elapsed elapsed elapsed elapsed elapsed elapsed elapsed elapsed elapsed elapsed elapsed elapsed elapsed elapsed elapsed elapsed elapsed elapsed 
   2.14    5.95    9.20   12.88   19.56   23.05   29.56   48.42  170.16  202.83  212.42  308.73  311.31  366.77  369.13  399.75  409.89  421.14  448.75  516.47  518.38  627.41  842.13 

$neval
 [1]   106   256   381   525   805   948  1221  1925  6509  7646  7996 10840 10933 13219 13309 14393 14752 15156 16192 18644 18717 22525 30123

$fbest
[1] 81.49653

$xbest
 [1]  41.5771082 492.8814473   0.6152199  15.5876706 285.4810460  40.6314313  33.4762818   5.2217729   6.0453577   3.2849970

$numeval
[1] 30123

$end_crit
[1] 1

$cpu_time
elapsed 
 842.13 

$Refset
$Refset$x
          [,1]     [,2]      [,3]     [,4]     [,5]     [,6]     [,7]     [,8]     [,9]    [,10]
 [1,] 41.58450 492.8545 0.6104555 15.57162 285.4873 40.64518 33.42460 5.221095 6.055131 3.290226
 [2,] 44.46426 340.3132 0.1359186 21.84908 286.6632 24.82527 30.89778 8.461801 6.124359 2.373874
 [3,] 41.58167 492.7141 0.6128802 15.57908 285.4859 40.63961 33.41987 5.221118 6.054244 3.291039
 [4,] 41.57948 492.7585 0.6130556 15.57664 285.4863 40.63979 33.40735 5.221054 6.055187 3.291369
 [5,] 41.57937 492.6923 0.6128814 15.57843 285.4853 40.63993 33.42566 5.221144 6.055132 3.291202
 [6,] 41.58425 492.8106 0.6116728 15.57436 285.4877 40.64337 33.43027 5.220996 6.055050 3.290207
 [7,] 41.58283 492.7837 0.6122525 15.57866 285.4859 40.63924 33.40368 5.221056 6.053892 3.291444
 [8,] 41.67236 491.3282 0.6165785 15.31840 285.4784 40.74166 33.56642 5.221824 6.205966 3.259019
 [9,] 41.67209 491.3305 0.6165949 15.31840 285.4785 40.74167 33.56695 5.221824 6.205981 3.259018
[10,] 42.15189 436.0792 0.6289057 17.44607 285.5029 40.70634 33.49260 5.265339 6.102501 3.302315
[11,] 41.48948 432.5932 0.5671401 15.06234 285.5003 41.45090 35.94360 6.953570 6.042829 4.102496
[12,] 47.68257 436.2780 0.6581058 15.00000 285.4785 33.85408 32.84700 3.984683 6.269823 3.281577

$Refset$f
 [1]   81.60417  471.94618   81.64410   81.64410   81.64410   81.68403   81.87847   83.64236   83.64236  131.59028  314.08681 1368.93403

$Refset$fpen
 [1] 8.160417e+01 3.714126e+06 8.164410e+01 8.164410e+01 8.164410e+01 8.168403e+01 8.187847e+01 8.364236e+01 8.364236e+01 1.315903e+02 3.140868e+02 1.368934e+03

$Refset$const
           [,1]     [,2]     [,3]     [,4]     [,5]
 [1,]  9.516486 29.94487 20.42838 1.640733 2.839168
 [2,] 15.724726 29.87564 14.15092 1.327984 7.213655
 [3,]  9.524834 29.94576 20.42092 1.640923 2.838807
 [4,]  9.521449 29.94481 20.42336 1.640890 2.837813
 [5,]  9.523299 29.94487 20.42157 1.640991 2.839140
 [6,]  9.519309 29.94495 20.42564 1.640665 2.839889
 [7,]  9.524769 29.94611 20.42134 1.640950 2.837436
 [8,]  9.112432 29.79403 20.68160 1.641837 2.842335
 [9,]  9.112417 29.79402 20.68160 1.641831 2.842389
[10,] 11.343569 29.89750 18.55393 1.638568 2.844643
[11,]  9.019513 29.95717 20.93766 1.634652 3.008633
[12,]  8.730177 29.73018 21.00000 1.620139 3.469196

$Refset$penalty
 [1] 0.000000 3.713655 0.000000 0.000000 0.000000 0.000000 0.000000 0.000000 0.000000 0.000000 0.000000 0.000000


