$f
 [1] 617.9670 415.9844 298.9913 240.9306 237.3646 235.0694 234.0052 162.4045 154.8924 154.8837

$x
          [,1]     [,2]      [,3]     [,4]     [,5]     [,6]     [,7]     [,8]     [,9]    [,10]
xbest 39.00256 358.0274 0.6909042 27.94611 286.7043 34.33886 24.76455 9.277605 3.575864 4.360485
xbest 27.52335 467.6411 1.0000000 21.17131 285.7944 44.02447 25.26578 8.042664 4.945530 1.694486
xbest 28.24992 447.4849 0.6400000 21.21818 285.8038 44.02447 26.52516 8.042664 4.934592 1.789486
xbest 20.00000 477.9151 1.0000000 18.50810 285.0919 42.89060 24.80658 9.211474 5.182395 1.287172
xbest 39.62138 400.3353 0.3570076 25.49478 285.7739 48.00000 29.96557 2.000000 2.447618 1.726270
xbest 38.94317 394.4371 0.3540759 25.20762 285.8110 47.95047 29.62858 2.000000 2.928127 1.748252
xbest 38.96661 394.4371 0.3314001 25.20762 285.8110 47.95047 29.62858 2.000000 2.928127 1.748252
xbest 20.00000 478.1128 1.0000000 18.45707 284.9664 42.38520 24.73234 9.248365 5.232087 1.236005
xbest 20.00000 478.1128 0.9325000 18.45707 284.9664 42.38520 24.65109 9.248365 5.157087 1.236005
xbest 20.00000 478.0933 0.9325000 18.45707 284.9664 42.38520 24.65109 9.248365 5.157087 1.236005

$time
elapsed elapsed elapsed elapsed elapsed elapsed elapsed elapsed elapsed elapsed 
   1.55    4.11    7.22   10.30   26.94   29.81   36.98   42.83   67.42  615.45 

$neval
 [1]   106   261   406   552  1388  1528  1879  2146  3295 30001

$fbest
[1] 154.8837

$xbest
 [1]  20.000000 478.093297   0.932500  18.457073 284.966377  42.385200  24.651087   9.248365   5.157087   1.236005

$numeval
[1] 30001

$end_crit
[1] 1

$cpu_time
elapsed 
 615.45 

$Refset
$Refset$x
          [,1]     [,2]      [,3]     [,4]     [,5]     [,6]     [,7]     [,8]     [,9]    [,10]
 [1,] 40.75638 480.7219 0.3736240 23.39085 286.1968 47.44844 30.97814 2.390465 2.060685 2.467103
 [2,] 40.74627 480.5131 0.3743074 23.43045 286.2084 47.45469 30.95035 2.390627 2.044298 2.465421
 [3,] 40.74976 480.5436 0.3743726 23.42325 286.2059 47.45350 30.95560 2.390638 2.047920 2.466138
 [4,] 40.75065 480.5055 0.3752579 23.43897 286.2077 47.45378 30.89952 2.390638 2.039256 2.465033
 [5,] 40.75073 480.3930 0.3750490 23.43047 286.2048 47.44060 30.93729 2.389790 2.047710 2.467167
 [6,] 40.68533 480.5372 0.3743178 23.42651 286.1997 47.45143 30.94871 2.391270 2.049697 2.464279
 [7,] 40.75161 481.1171 0.3744254 23.40236 286.2095 47.45080 30.90565 2.390322 2.048297 2.466216
 [8,] 40.71898 480.5516 0.3732653 23.34726 286.1059 47.47774 30.95055 2.405352 2.036765 2.458557
 [9,] 40.75440 481.3458 0.4067224 23.41489 286.2009 47.45417 31.13547 2.392481 2.037632 2.460702
[10,] 40.61957 479.0863 0.3751650 23.34427 285.9977 47.50105 30.92909 2.420626 2.041428 2.487077
[11,] 51.45308 478.6514 0.4254101 23.20170 286.2210 38.00083 31.16249 2.643324 2.162742 2.988713
[12,] 37.83429 484.7302 0.4864732 23.35300 286.3104 46.61301 26.30590 4.775544 2.828700 2.590503

$Refset$f
 [1] 179.4826 179.6719 179.6719 179.7205 180.0260 180.3281 179.5885 186.4931 184.8385 191.0503 210.0069 416.8750

$Refset$fpen
 [1] 179.4826 179.6719 179.6719 179.7205 180.0260 180.3281 179.5885 186.4931 184.8385 191.0503 210.0069 416.8750

$Refset$const
          [,1]     [,2]     [,3]     [,4]     [,5]
 [1,] 21.33016 33.93931 12.60915 1.565295 2.514150
 [2,] 21.38615 33.95570 12.56955 1.564107 2.515793
 [3,] 21.37533 33.95208 12.57675 1.564365 2.515384
 [4,] 21.39972 33.96074 12.56103 1.564232 2.512674
 [5,] 21.38276 33.95229 12.56953 1.564494 2.514470
 [6,] 21.37681 33.95030 12.57349 1.565021 2.513205
 [7,] 21.35406 33.95170 12.59764 1.564038 2.513674
 [8,] 21.31049 33.96323 12.65274 1.574802 2.485023
 [9,] 21.37726 33.96237 12.58511 1.564715 2.524269
[10,] 21.30284 33.95857 12.65573 1.585969 2.453183
[11,] 21.03896 33.83726 12.79830 1.543464 3.061351
[12,] 20.52430 33.17130 12.64700 1.555640 2.319539

$Refset$penalty
 [1] 0 0 0 0 0 0 0 0 0 0 0 0


