$f
 [1] 894.7813 458.0174 403.8316 377.5417 361.0660 348.2795 331.8229 331.5937 329.3941 318.7500 308.2031 304.8733 294.4184 292.6181 279.7917 276.7326 273.1719 272.8455 271.5139 269.2344 269.1076
[22] 268.8663 268.7066 268.4757 267.9184 267.7344 265.2500 259.4757 257.2326 256.1128 255.8646 255.0851 254.0625 252.6875

$x
          [,1]     [,2]      [,3]     [,4]     [,5]     [,6]     [,7]     [,8]     [,9]    [,10]
xbest 21.40341 227.6773 0.2915472 21.80824 284.8167 41.61043 34.93854 9.724791 8.879356 3.210144
xbest 38.41875 355.9558 0.9063357 24.83148 285.7458 38.63113 32.48972 4.828841 5.118177 1.998415
xbest 38.41875 355.2929 0.3768826 24.85491 285.7458 38.63113 37.02957 4.041341 5.118453 2.004353
xbest 39.93724 320.1151 0.6192681 30.00000 286.0611 48.00000 24.00000 2.713071 2.000000 1.645238
xbest 45.39472 331.0816 0.5866506 24.71132 285.8410 39.68835 29.94912 4.467337 5.044283 2.010263
xbest 39.00799 364.1797 1.0000000 28.20864 285.9446 47.93803 32.61750 2.283505 2.000000 1.509500
xbest 39.35364 341.8878 0.5740727 28.97733 286.1282 48.00000 29.41217 3.017683 2.151161 1.529330
xbest 39.35364 341.8878 0.5740727 28.97733 286.1282 48.00000 29.41217 3.017683 2.148036 1.529330
xbest 41.15538 325.1899 0.6252660 29.67604 285.8924 47.82247 26.64257 2.000000 2.038659 1.536443
xbest 41.14585 328.1056 0.6732859 29.58369 285.8803 47.74979 27.26744 2.000000 2.041939 1.542943
xbest 41.19272 328.7306 1.0000000 29.58369 285.8873 47.75292 27.30807 2.000781 2.035689 1.542943
xbest 38.91626 462.2739 0.9993671 24.27150 285.6328 47.12172 28.49764 2.033344 2.398238 1.493121
xbest 39.10376 462.9037 0.9550000 24.27150 285.6355 47.13422 28.49764 2.070941 2.373043 1.493121
xbest 40.98740 496.7374 0.9378195 22.53757 286.1786 47.71800 28.77311 2.002432 2.335193 1.591146
xbest 40.98740 496.7374 0.8703195 22.54344 286.1693 47.71800 28.77311 2.002432 2.341055 1.608961
xbest 40.35577 474.8713 0.8703493 23.13872 285.6089 47.33154 28.30804 2.063074 2.374845 1.555326
xbest 40.44952 474.8713 1.0000000 23.13286 285.6089 47.33154 28.30804 2.063074 2.374454 1.555326
xbest 40.38239 474.8600 0.9417917 23.13879 285.6087 47.28359 28.28292 2.063106 2.354082 1.543107
xbest 40.38182 474.8473 0.9410915 23.13873 285.6088 47.29341 28.28243 2.063096 2.366833 1.546632
xbest 40.38182 474.8864 0.9860915 23.11525 285.6088 47.29341 28.30278 2.063096 2.391833 1.546632
xbest 40.49817 475.6018 0.9874338 22.94303 285.5320 47.37294 27.83495 2.067695 2.393829 1.568860
xbest 40.49817 475.6018 1.0000000 22.94303 285.5320 47.37294 27.83495 2.067695 2.406329 1.568860
xbest 40.50224 475.9359 0.9875069 22.94548 285.5318 47.37296 27.82723 2.067437 2.396552 1.568896
xbest 40.57029 474.4216 0.9768477 23.03291 285.5324 47.39054 27.80980 2.063777 2.389889 1.575896
xbest 40.59671 473.6182 0.9728493 23.06714 285.5330 47.39660 27.81099 2.063428 2.388178 1.580449
xbest 40.59658 473.4477 0.9861888 23.07463 285.5334 47.38060 27.82448 2.063099 2.391279 1.580757
xbest 41.55098 469.3874 0.9726648 23.22120 285.5498 46.96400 27.92454 2.125888 2.394320 4.309113
xbest 41.65058 468.7316 0.9707938 23.26256 285.5585 46.96329 27.93405 2.088135 2.432263 4.411232
xbest 41.56115 472.6386 0.9727547 23.22027 285.5441 47.07177 27.80150 2.091608 2.388831 4.468935
xbest 41.65784 467.9736 0.9705207 23.27065 285.5586 46.99438 27.96396 2.088899 2.435236 4.446284
xbest 41.66370 467.9736 0.9705207 23.27065 285.5586 46.99438 27.96396 2.088899 2.435236 4.446284
xbest 40.20068 474.3250 0.9780935 23.08636 285.5317 47.66407 27.80148 2.080581 2.439772 2.149760
xbest 40.20068 474.3250 1.0000000 23.08636 285.5317 47.66407 27.80148 2.080581 2.452272 2.149760
xbest 40.20068 474.3250 1.0000000 23.08636 285.5317 47.66407 27.80148 2.080581 2.452272 2.150502

$time
elapsed elapsed elapsed elapsed elapsed elapsed elapsed elapsed elapsed elapsed elapsed elapsed elapsed elapsed elapsed elapsed elapsed elapsed elapsed elapsed elapsed elapsed elapsed elapsed elapsed 
   1.89    4.67    7.99   14.22   20.64   23.55   29.55   40.61   52.77   65.92   74.97  126.30  129.09  180.47  183.24  220.45  223.22  244.74  251.13  256.53  312.38  314.16  327.47  339.92  343.28 
elapsed elapsed elapsed elapsed elapsed elapsed elapsed elapsed elapsed 
 353.99  357.03  401.50  404.66  407.52  412.25  591.94  593.58  698.09 

$neval
 [1]   106   256   412   697   983  1121  1393  1877  2417  2951  3343  5507  5628  7790  7916  9531  9631 10569 10840 11079 13396 13475 14022 14569 14706 15184 15319 17311 17448 17582 17789 25596
[33] 25675 30066

$fbest
[1] 252.6875

$xbest
 [1]  40.200681 474.325003   1.000000  23.086360 285.531694  47.664068  27.801479   2.080581   2.452272   2.150502

$numeval
[1] 30066

$end_crit
[1] 1

$cpu_time
elapsed 
 698.09 

$Refset
$Refset$x
          [,1]     [,2]      [,3]     [,4]     [,5]     [,6]     [,7]     [,8]     [,9]    [,10]
 [1,] 40.45098 474.4683 0.9776695 23.07814 285.5318 47.64940 27.81162 2.076974 2.384073 2.155916
 [2,] 40.45099 474.3835 0.9780152 23.07639 285.5319 47.65735 27.81141 2.077337 2.382836 2.144844
 [3,] 40.45087 474.3596 0.9778887 23.07644 285.5294 47.65250 27.80161 2.077532 2.383334 2.155045
 [4,] 40.56700 474.5487 0.9960884 23.06070 285.5330 47.38449 27.82265 2.063424 2.396999 1.578069
 [5,] 40.56856 474.5894 0.9960505 23.05745 285.5330 47.38415 27.82334 2.063474 2.397750 1.578097
 [6,] 40.56546 474.2720 0.9972914 23.07065 285.5329 47.38438 27.82286 2.063496 2.396862 1.578084
 [7,] 40.57261 474.2709 0.9984668 23.06273 285.5333 47.38525 27.82241 2.063568 2.401322 1.578126
 [8,] 40.56434 474.3536 0.9971167 23.07113 285.5330 47.38447 27.82267 2.063460 2.396802 1.578074
 [9,] 40.56693 475.5739 0.9966305 23.02966 285.5328 47.38458 27.82167 2.063449 2.397219 1.578056
[10,] 40.58168 474.2762 0.9960669 23.05067 285.5285 47.37177 27.82503 2.072775 2.412954 1.580017
[11,] 40.47159 471.8994 0.9816763 23.08541 285.5368 47.65034 27.80390 2.077754 2.407111 2.152729
[12,] 50.39523 399.2718 0.8747021 18.09817 285.5433 31.15629 26.46818 6.665842 7.784361 3.133210

$Refset$f
 [1] 255.4288 260.2066 256.3889 264.0729 264.0729 264.0729 264.0729 264.8125 264.2031 267.4878 258.9705 545.1059

$Refset$fpen
 [1] 255.4288 260.2066 256.3889 264.0729 264.0729 264.0729 264.0729 264.8125 264.2031 267.4878 258.9705 545.1059

$Refset$const
          [,1]     [,2]     [,3]     [,4]     [,5]
 [1,] 20.69406 33.61593 12.92186 1.623301 2.184050
 [2,] 20.69355 33.61716 12.92361 1.623276 2.183837
 [3,] 20.69310 33.61667 12.92356 1.623456 2.183035
 [4,] 20.66371 33.60300 12.93930 1.623838 2.192133
 [5,] 20.65970 33.60225 12.94255 1.623839 2.192180
 [6,] 20.67378 33.60314 12.92935 1.623843 2.192137
 [7,] 20.66141 33.59868 12.93727 1.623804 2.192170
 [8,] 20.67433 33.60320 12.92887 1.623839 2.192132
 [9,] 20.63245 33.60278 12.97034 1.623848 2.192052
[10,] 20.63771 33.58705 12.94933 1.624246 2.191758
[11,] 20.67830 33.59289 12.91459 1.622864 2.184589
[12,] 10.31381 28.21564 17.90183 1.630530 2.952589

$Refset$penalty
 [1] 0 0 0 0 0 0 0 0 0 0 0 0


