$f
 [1] 316.7569 265.5747 168.2587 166.3351 165.5642 153.2517 151.0625 142.9878 136.2344 135.5799 127.3142 127.0417 125.7587 125.6198 124.5382 124.1389 123.4340 123.3490 123.3229 123.3142 123.2951
[22] 122.7847 122.5885 122.3368 122.1042 121.9983 121.9896 121.9462 121.9132 121.6649 121.2778 121.2778

$x
          [,1]     [,2]      [,3]     [,4]     [,5]     [,6]     [,7]     [,8]     [,9]    [,10]
xbest 50.76678 239.4924 0.2102752 19.56144 286.4444 38.92317 29.66295 2.561114 7.944504 4.436708
xbest 39.70381 315.5416 0.2615691 24.78228 285.3653 46.40072 29.10271 2.732264 3.634688 2.520111
xbest 39.70381 295.5416 0.2390691 24.78228 285.4403 46.00072 29.10271 2.532264 3.634688 2.330111
xbest 36.41747 316.6711 1.0000000 25.53371 285.1424 48.00000 28.71250 2.000000 3.666549 3.177516
xbest 40.80679 278.8838 0.5865523 25.48401 284.6219 40.34395 28.31023 3.523161 4.580459 2.480215
xbest 36.27703 318.5955 0.8584984 25.55127 285.0702 47.52388 28.52776 2.171333 3.663109 3.056788
xbest 35.67790 333.8974 0.9117242 27.95619 285.0325 47.70267 29.41474 2.301226 2.000000 3.177293
xbest 40.58698 296.7639 1.0000000 25.87212 284.2376 39.93347 29.29493 4.158492 3.614104 2.802955
xbest 40.58698 296.7639 1.0000000 25.88384 284.2751 39.73347 29.29493 4.158492 3.664104 2.802955
xbest 36.97492 323.4750 0.8545850 26.23220 285.1796 47.96860 36.38374 3.118317 2.549051 3.507640
xbest 36.92804 323.4750 0.8995850 26.22634 285.1796 48.00000 36.38374 3.118317 2.549051 3.507640
xbest 40.78675 322.8881 0.9226452 27.01110 285.0317 42.20014 31.07386 2.116562 2.457908 2.924427
xbest 40.78675 322.8881 0.9001452 27.01110 285.0317 42.20014 30.91136 2.116562 2.457908 2.936302
xbest 40.23447 324.0323 0.5573609 26.82490 285.0205 42.19825 31.06102 2.106790 2.614718 2.936896
xbest 40.28135 323.7198 0.5123609 26.82490 285.0205 42.19825 31.06102 2.106790 2.608468 2.936896
xbest 40.69578 328.2261 0.6857294 26.95124 285.0017 42.13792 30.95997 2.107083 2.469628 2.935820
xbest 40.69578 328.2261 0.6857294 26.95124 285.0017 42.13792 30.95997 2.107083 2.466503 2.935820
xbest 40.39491 326.2262 0.5519877 26.88777 285.0077 42.13469 30.94275 2.106990 2.523149 2.938236
xbest 40.38905 326.2262 0.5519877 26.88777 285.0077 42.13469 30.94275 2.106990 2.523149 2.938236
xbest 40.45424 327.1686 0.5719484 26.88461 285.0098 42.13132 30.85630 2.107578 2.504785 2.938196
xbest 40.53853 329.0467 0.6042566 26.88252 285.0053 42.12764 30.77303 2.108762 2.446021 2.938171
xbest 40.51510 329.0467 0.5817566 26.89131 285.0053 42.12764 30.77303 2.108762 2.446411 2.938171
xbest 40.32190 329.8282 0.5358401 26.98113 285.0115 42.13394 30.90497 2.106710 2.366057 2.938621
xbest 40.23498 330.4463 0.5218675 26.98392 285.0120 42.12957 30.91111 2.106677 2.361155 2.940829
xbest 40.25256 330.4463 0.5218675 26.98392 285.0120 42.12957 30.91111 2.106677 2.361155 2.940829
xbest 40.21117 327.6215 0.5661463 27.17471 285.0097 42.12902 30.92828 2.106696 2.374346 2.940797
xbest 40.24252 328.0109 0.5308206 27.05952 285.0115 42.13419 31.00076 2.106341 2.400962 2.940369
xbest 40.25687 328.0460 0.5435151 27.07748 285.0119 42.13391 30.92445 2.106513 2.390692 2.940503
xbest 40.24477 328.0704 0.5330344 27.06754 285.0113 42.13422 30.99266 2.106396 2.394208 2.940291
xbest 41.01418 327.8712 0.5435719 26.72163 285.0107 42.13210 30.97533 2.106266 2.414349 2.941372
xbest 40.99074 327.8712 0.5207204 26.72163 285.0107 42.13210 30.97533 2.106266 2.414349 2.941372
xbest 40.99074 327.8712 0.5207204 26.72163 285.0107 42.13210 30.97533 2.106266 2.414349 2.941372

$time
elapsed elapsed elapsed elapsed elapsed elapsed elapsed elapsed elapsed elapsed elapsed elapsed elapsed elapsed elapsed elapsed elapsed elapsed elapsed elapsed elapsed elapsed elapsed elapsed elapsed 
   1.34    3.67    5.65   12.47   14.67   16.89   19.14   21.51   30.34   69.87   71.36  128.25  129.69  167.62  169.00  204.65  205.87  260.22  261.42  263.81  270.89  287.22  299.45  301.90  312.72 
elapsed elapsed elapsed elapsed elapsed elapsed elapsed 
 341.67  350.26  352.64  357.42  360.26  368.48  523.65 

$neval
 [1]   106   254   365   787   925  1065  1202  1342  1842  4120  4210  7468  7553  9733  9822 11844 11918 15027 15101 15235 15645 16555 17234 17369 17986 19612 20092 20231 20504 20637 21120 30117

$fbest
[1] 121.2778

$xbest
 [1]  40.9907431 327.8712047   0.5207204  26.7216265 285.0107427  42.1321018  30.9753304   2.1062661   2.4143486   2.9413723

$numeval
[1] 30117

$end_crit
[1] 1

$cpu_time
elapsed 
 523.65 

$Refset
$Refset$x
          [,1]     [,2]      [,3]     [,4]     [,5]     [,6]     [,7]     [,8]     [,9]    [,10]
 [1,] 40.22634 328.1239 0.5446192 27.12234 285.0115 42.13387 30.92663 2.106368 2.367502 2.940972
 [2,] 40.24413 328.1886 0.5477366 27.10729 285.0106 42.13430 30.93071 2.106273 2.372191 2.941073
 [3,] 40.25250 328.1363 0.5510621 27.11817 285.0103 42.13373 30.93542 2.106313 2.365617 2.940518
 [4,] 40.24446 328.1468 0.5524349 27.12146 285.0102 42.13351 30.94961 2.106245 2.365862 2.940457
 [5,] 40.24838 328.1376 0.5450395 27.11008 285.0109 42.13018 30.96448 2.106490 2.369642 2.939701
 [6,] 40.25324 328.1312 0.5490466 27.12199 285.0101 42.13333 30.93659 2.106266 2.362892 2.940413
 [7,] 40.23894 328.4618 0.5502510 27.10491 285.0109 42.13140 30.94882 2.106593 2.367416 2.938969
 [8,] 40.24530 328.1016 0.5478150 27.12005 285.0104 42.13358 30.94267 2.106468 2.366226 2.940213
 [9,] 40.24115 328.2853 0.5472281 27.06946 285.0102 42.13326 30.92587 2.106458 2.390829 2.939222
[10,] 40.22490 328.3502 0.5454305 27.11195 285.0114 42.13198 30.95580 2.105995 2.368576 2.943569
[11,] 39.11226 320.4986 0.6213552 26.91062 285.1744 44.71378 30.92880 2.216954 2.601253 2.793490
[12,] 43.55639 348.7608 0.5586941 23.78846 285.0492 41.48995 30.35075 2.246103 4.057317 3.222140

$Refset$f
 [1] 121.7708 121.8437 121.8437 121.8437 121.8437 121.8437 121.8437 121.8437 121.9392 121.9566 145.0955 258.8698

$Refset$fpen
 [1] 121.7708 121.8437 121.8437 121.8437 121.8437 121.8437 121.8437 121.8437 121.9392 121.9566 145.0955 258.8698

$Refset$const
          [,1]     [,2]      [,3]     [,4]     [,5]
 [1,] 24.75484 33.63250  8.877655 1.699694 2.466478
 [2,] 24.73510 33.62781  8.892711 1.699816 2.466580
 [3,] 24.75255 33.63438  8.881830 1.699876 2.466861
 [4,] 24.75560 33.63414  8.878540 1.699932 2.467797
 [5,] 24.74043 33.63036  8.889924 1.699898 2.469065
 [6,] 24.75910 33.63711  8.878009 1.699895 2.466938
 [7,] 24.73750 33.63258  8.895086 1.699844 2.467970
 [8,] 24.75382 33.63377  8.879953 1.699879 2.467376
 [9,] 24.67863 33.60917  8.930543 1.699854 2.466241
[10,] 24.74337 33.63142  8.888049 1.699809 2.468478
[11,] 24.30936 33.39875  9.089383 1.674995 2.379939
[12,] 19.73114 31.94268 12.211540 1.694827 2.465727

$Refset$penalty
 [1] 0 0 0 0 0 0 0 0 0 0 0 0


