$f
 [1] 2994.2969 2063.4878 1255.2830 1150.5191  971.8958  879.4844  801.8038  786.3385  750.8021  668.9670  668.2083  666.1632  625.5781  569.8576  569.3837  565.6042  557.8524  549.3455  537.4757
[20]  537.3611  526.6285  525.3056  516.0174  514.2882  513.8229  512.6615  512.3542  506.5382  505.8160  505.0538  503.8906  502.8646

$x
          [,1]     [,2]      [,3]     [,4]     [,5]     [,6]     [,7]     [,8]     [,9]    [,10]
xbest 42.63585 198.4362 0.1551912 21.65178 285.0207 45.31899 42.68079 2.630664 6.408139 2.338238
xbest 42.17580 210.9529 0.1805110 20.78780 285.0223 48.00000 46.87113 2.000000 5.585265 2.478767
xbest 42.90624 210.9529 0.1355110 19.05196 284.0000 48.00000 46.87113 2.000000 5.571290 2.160127
xbest 46.72943 300.8054 0.2761814 21.19950 285.4629 46.35928 41.96444 2.857896 3.059985 4.440374
xbest 51.27857 204.9705 0.1232530 21.28031 285.7546 46.35114 28.49803 5.005237 3.608073 4.208960
xbest 54.99819 261.3660 0.1496892 22.19411 286.4877 45.37383 30.55797 4.232473 2.264527 4.341751
xbest 51.51116 200.5245 0.1185961 23.62003 285.3968 46.98648 24.27684 4.484339 2.352890 3.951400
xbest 52.34397 201.0695 0.1076878 22.43951 285.4927 47.20630 24.67431 3.807002 3.430547 4.244094
xbest 51.89327 242.6531 0.1326861 22.74845 285.7879 45.87573 30.66390 4.311040 2.306283 4.066407
xbest 51.89180 242.6531 0.1326861 22.55509 285.7902 46.27573 30.66390 4.311040 2.281283 4.066407
xbest 52.27448 258.5349 0.1103128 22.58257 285.9277 45.68769 30.69526 3.510209 2.082982 4.351981
xbest 52.27615 258.5348 0.1114436 22.57829 285.9267 45.66662 30.66679 3.561700 2.032984 4.364879
xbest 52.00574 269.1602 0.1114389 22.59573 285.9183 45.83713 30.59726 3.558937 2.020049 4.456075
xbest 52.56824 266.0352 0.1339389 22.59573 285.9059 45.83713 30.59726 3.558937 2.025573 4.482794
xbest 53.26865 252.4055 0.1059494 22.33967 285.8815 46.70553 30.22022 3.077852 2.154039 4.441173
xbest 53.26865 252.4055 0.1061252 22.33967 285.8815 46.70866 30.22022 3.077852 2.141539 4.441173
xbest 53.33233 251.8936 0.1048024 22.35613 285.9468 46.70319 30.18966 3.077582 2.075537 4.360732
xbest 53.38726 252.1193 0.1052276 22.35522 285.9592 46.70319 30.39414 3.071359 2.034638 4.361573
xbest 53.48101 252.1193 0.1000000 22.35522 285.9592 46.70319 30.39414 3.071359 2.031513 4.361573
xbest 54.24748 247.7316 0.1057117 22.61486 285.9474 46.12006 31.12415 3.549108 2.064152 4.704530
xbest 54.25041 247.7316 0.1050086 22.61486 285.9310 46.12006 31.12415 3.549108 2.051652 4.716405
xbest 53.79095 252.1646 0.1065188 22.51290 285.9188 46.16381 30.96700 3.556691 2.054485 4.734623
xbest 53.79095 252.1646 0.1068704 22.51290 285.9188 46.16381 30.96573 3.556691 2.067376 4.731655
xbest 53.94316 251.1967 0.1062822 22.51019 285.9188 46.16064 30.96295 3.556142 2.076979 4.735313
xbest 54.16972 251.2265 0.1062484 22.49116 285.9186 46.16017 30.97637 3.555541 2.057783 4.734749
xbest 54.25966 251.2234 0.1062494 22.48726 285.9185 46.15998 30.97938 3.555415 2.049698 4.734689
xbest 54.23250 251.2640 0.1062081 22.47696 285.9184 46.15976 30.97713 3.555047 2.045100 4.734862
xbest 54.27869 251.1852 0.1062106 22.48438 285.9183 46.15991 30.97780 3.554730 2.050282 4.734900
xbest 54.26697 251.1852 0.1062106 22.48438 285.9183 46.15991 30.97780 3.554730 2.050282 4.734900
xbest 54.23612 251.1216 0.1063156 22.48395 285.9183 46.15896 30.97883 3.554572 2.053143 4.734972
xbest 54.23612 251.1216 0.1062717 22.48395 285.9183 46.15896 30.97883 3.554572 2.046893 4.734972
xbest 54.24198 251.1216 0.1062717 22.48285 285.9183 46.15896 30.97883 3.554572 2.046942 4.734972

$time
elapsed elapsed elapsed elapsed elapsed elapsed elapsed elapsed elapsed elapsed elapsed elapsed elapsed elapsed elapsed elapsed elapsed elapsed elapsed elapsed elapsed elapsed elapsed elapsed elapsed 
   3.48   10.06   17.03   30.89   45.14   52.25   73.28   79.67   87.31   91.98  127.28  156.58  163.40  169.44  337.26  341.83  348.12  398.03  409.94  573.20  578.20  740.37  745.61  857.48  881.75 
elapsed elapsed elapsed elapsed elapsed elapsed elapsed 
 888.65  923.42  931.36  934.92 1100.56 1104.87 1528.69 

$neval
 [1]   106   257   393   684   969  1109  1532  1671  1812  1912  2597  3143  3282  3390  6625  6714  6849  7922  8155 11414 11515 14935 15031 17181 17653 17789 18475 18615 18691 21845 21926 30039

$fbest
[1] 502.8646

$xbest
 [1]  54.2419799 251.1215922   0.1062717  22.4828480 285.9182856  46.1589582  30.9788270   3.5545716   2.0469420   4.7349719

$numeval
[1] 30039

$end_crit
[1] 1

$cpu_time
elapsed 
1528.69 

$Refset
$Refset$x
          [,1]     [,2]      [,3]     [,4]     [,5]     [,6]     [,7]     [,8]     [,9]    [,10]
 [1,] 54.34442 251.3236 0.1064588 22.48569 285.9188 46.14791 30.97661 3.554506 2.044268 4.735865
 [2,] 54.34420 251.4095 0.1064902 22.47531 285.9188 46.14694 30.97676 3.554391 2.047853 4.735372
 [3,] 54.34259 251.4134 0.1064868 22.47571 285.9188 46.14695 30.97656 3.554409 2.047857 4.735318
 [4,] 54.34457 251.3965 0.1064913 22.47592 285.9188 46.14699 30.97661 3.554395 2.047762 4.735374
 [5,] 54.34299 251.4117 0.1064796 22.47534 285.9188 46.14695 30.97666 3.554403 2.047853 4.735373
 [6,] 54.34332 251.3588 0.1064903 22.47846 285.9188 46.14764 30.97657 3.554407 2.047676 4.735341
 [7,] 54.34534 251.1519 0.1065530 22.49321 285.9188 46.14650 30.97641 3.554500 2.045569 4.735976
 [8,] 54.33934 251.3251 0.1064206 22.48520 285.9189 46.14872 30.97618 3.554520 2.045725 4.735542
 [9,] 54.33974 251.4392 0.1064856 22.47589 285.9188 46.14651 30.97656 3.554479 2.048101 4.735768
[10,] 54.34083 251.2844 0.1064829 22.48485 285.9190 46.14879 30.97610 3.554515 2.046986 4.735106
[11,] 54.34152 251.3241 0.1064330 22.48514 285.9188 46.14852 30.97620 3.554513 2.045668 4.735730
[12,] 54.34443 251.3095 0.1064564 22.48581 285.9188 46.14793 30.97655 3.554503 2.045020 4.735837

$Refset$f
 [1] 506.6076 506.6441 506.6441 506.6441 506.6441 506.6441 506.7083 506.8229 506.8229 506.8229 506.8229 507.2240

$Refset$fpen
 [1] 506.6076 506.6441 506.6441 506.6441 506.6441 506.6441 506.7083 506.8229 506.8229 506.8229 506.8229 507.2240

$Refset$const
          [,1]     [,2]     [,3]     [,4]     [,5]
 [1,] 20.44142 33.95573 13.51431 1.594115 2.486270
 [2,] 20.42746 33.95215 13.52469 1.594114 2.486318
 [3,] 20.42785 33.95214 13.52429 1.594115 2.486305
 [4,] 20.42815 33.95224 13.52408 1.594115 2.486305
 [5,] 20.42749 33.95215 13.52466 1.594114 2.486313
 [6,] 20.43079 33.95232 13.52154 1.594115 2.486278
 [7,] 20.44764 33.95443 13.50679 1.594118 2.486307
 [8,] 20.43948 33.95428 13.51480 1.594110 2.486224
 [9,] 20.42779 33.95190 13.52411 1.594114 2.486323
[10,] 20.43786 33.95301 13.51515 1.594097 2.486250
[11,] 20.43947 33.95433 13.51486 1.594116 2.486220
[12,] 20.44079 33.95498 13.51419 1.594116 2.486264

$Refset$penalty
 [1] 0 0 0 0 0 0 0 0 0 0 0 0


