$f
 [1] 936.6875 441.5226 317.0156 297.4253 283.2951 274.1146 264.7222 264.4861 262.6181 239.6979 225.1806 217.0208 199.1701 199.0382 198.9219 198.7865 198.6858 198.5122 198.3819 198.2778 198.1632
[22] 198.1510 198.0365 198.0035 197.7361 197.2587 197.0278 196.9583 196.9288 196.8455 196.7795 196.4844 196.3889 196.3715 195.6528 194.7899 194.4965 193.6441 192.9323 192.5590 192.2812 192.1597
[43] 192.0208 191.9149 191.8125 191.8125

$x
          [,1]     [,2]      [,3]     [,4]     [,5]     [,6]     [,7]     [,8]     [,9]    [,10]
xbest 37.12139 206.7311 0.2099749 24.10237 285.7517 37.70617 32.24120 6.946956 8.273361 3.306864
xbest 61.36904 442.3238 0.5309851 18.01850 285.0298 26.94815 26.60563 3.528618 7.112280 3.556197
xbest 67.36904 442.3238 0.3423169 18.02216 285.0298 26.94815 25.61032 2.952225 7.112280 4.209983
xbest 41.35596 443.5396 0.5560933 15.23868 284.4274 41.38833 27.09720 3.126153 8.968626 4.220443
xbest 41.35596 442.8409 0.5764262 15.23868 284.3524 41.38833 27.09720 3.126153 8.940675 4.220443
xbest 43.26810 416.2941 0.2786711 15.22281 284.4008 39.28408 28.92672 2.065310 9.326480 3.407915
xbest 44.71020 407.8879 0.3675072 15.16436 284.3607 39.74841 29.24440 2.000000 9.444586 3.327795
xbest 45.51542 403.4871 0.4096762 15.17744 284.3647 39.67278 29.28154 2.010110 9.471010 3.348546
xbest 46.47901 400.2527 0.4030696 15.18694 284.3675 39.64560 29.21120 2.000000 9.432779 3.304040
xbest 45.58492 436.4177 0.3885939 15.17063 284.4773 39.36488 27.43213 2.240075 8.795142 3.543316
xbest 45.58492 436.5740 0.3675002 15.14720 284.4773 39.36488 27.41182 2.215075 8.795142 3.547769
xbest 46.23496 432.1305 0.3541461 15.04727 284.3752 38.90369 27.07270 2.111448 8.844311 4.032796
xbest 46.65423 433.1187 0.3541461 15.04727 284.3567 38.90369 27.07270 2.130198 8.823291 4.042184
xbest 46.24970 428.2021 0.3657766 15.12058 284.3985 38.99701 27.13487 2.132054 8.893027 4.288708
xbest 46.24970 428.2021 0.3657766 15.12058 284.3985 38.99701 27.13487 2.132054 8.896152 4.288708
xbest 46.24913 427.9563 0.3655048 15.11922 284.3981 38.99972 27.13811 2.132189 8.901387 4.300084
xbest 46.25074 427.8870 0.3610479 15.11972 284.3984 39.00145 27.14225 2.132150 8.896161 4.291822
xbest 46.25977 427.7833 0.3657091 15.12739 284.4005 39.00069 27.14046 2.132822 8.899880 4.317975
xbest 46.34571 427.7857 0.3635090 15.09472 284.4016 38.99679 27.14610 2.135085 8.896409 4.290175
xbest 46.25752 427.7790 0.3670041 15.13267 284.4012 39.00031 27.14061 2.133088 8.900631 4.322657
xbest 46.29282 427.7774 0.3630399 15.10975 284.4015 38.99893 27.14585 2.135587 8.895902 4.286203
xbest 46.25330 428.0319 0.3631879 15.12513 284.4031 39.00124 27.15806 2.137014 8.887295 4.300764
xbest 46.28947 427.8925 0.3631859 15.11841 284.4016 38.99967 27.13010 2.132258 8.891492 4.296528
xbest 46.28031 427.9363 0.3651419 15.12663 284.4012 39.00063 27.12998 2.135931 8.889980 4.293856
xbest 46.28933 427.9555 0.3675261 15.12959 284.4013 39.00065 27.11084 2.135863 8.890668 4.291306
xbest 46.28421 427.2462 0.3696435 15.10313 284.3927 39.01932 27.00768 2.138588 8.927505 4.301113
xbest 46.28421 427.3244 0.3696435 15.10313 284.3927 39.01932 27.00768 2.138588 8.924380 4.301113
xbest 46.28145 426.8288 0.3712611 15.10480 284.3917 39.03785 26.95467 2.139457 8.936900 4.299484
xbest 46.28165 427.1072 0.3709111 15.11501 284.3970 39.02631 26.99066 2.138117 8.922533 4.290430
xbest 46.29547 426.6200 0.3692975 15.11841 284.3964 39.02450 26.99896 2.138748 8.927784 4.301170
xbest 46.30210 426.4937 0.3682223 15.11831 284.3994 39.02427 26.98541 2.138743 8.925176 4.301560
xbest 47.04457 427.1963 0.3694650 15.12520 284.3951 39.01176 27.06198 2.133273 8.833257 4.288072
xbest 46.30132 427.6816 0.3677813 15.12544 284.4016 39.02111 26.99710 2.136874 8.896062 4.297096
xbest 46.30861 426.5156 0.3682842 15.11778 284.3996 39.02433 26.98353 2.138925 8.924612 4.299554
xbest 47.34992 427.1999 0.3696180 15.12466 284.3949 39.00707 27.09042 2.133788 8.801150 4.282505
xbest 47.33289 427.1558 0.3706592 15.10594 284.3995 39.02990 27.00478 2.136073 8.813607 4.294756
xbest 47.33289 427.1558 0.3706592 15.10594 284.3995 39.02990 27.00478 2.136073 8.810482 4.294756
xbest 47.59503 426.9070 0.3706185 15.10552 284.3911 39.02310 26.98486 2.134633 8.776674 4.289650
xbest 47.67579 426.8557 0.3705969 15.10547 284.3915 39.02307 26.97154 2.134005 8.756295 4.286563
xbest 47.72858 426.6865 0.3701526 15.10374 284.3928 39.02529 26.97537 2.133834 8.754250 4.283672
xbest 47.72858 426.7646 0.3701526 15.10374 284.3928 39.02529 26.93475 2.133834 8.754250 4.283672
xbest 47.60706 427.0191 0.3754044 15.11018 284.3989 39.02215 26.97187 2.134248 8.785930 4.285717
xbest 47.70041 427.1023 0.3734450 15.09165 284.3919 39.02357 26.98320 2.134160 8.763291 4.284305
xbest 47.70655 426.8575 0.3711946 15.08977 284.3916 39.02901 26.98143 2.134440 8.764558 4.284516
xbest 47.70487 426.8241 0.3712191 15.08918 284.3915 39.02987 26.98236 2.134473 8.765185 4.284493
xbest 47.70487 426.8241 0.3712191 15.08918 284.3915 39.02987 26.98236 2.134473 8.765185 4.284493

$time
elapsed elapsed elapsed elapsed elapsed elapsed elapsed elapsed elapsed elapsed elapsed elapsed elapsed elapsed elapsed elapsed elapsed elapsed elapsed elapsed elapsed elapsed elapsed elapsed elapsed 
   1.55    4.83    7.83   37.43   39.66   45.71   48.38   56.49   64.55   67.38   69.94  154.85  157.21  212.82  214.35  220.54  236.68  256.35  259.54  262.46  271.19  274.46  304.27  328.86  353.32 
elapsed elapsed elapsed elapsed elapsed elapsed elapsed elapsed elapsed elapsed elapsed elapsed elapsed elapsed elapsed elapsed elapsed elapsed elapsed elapsed elapsed 
 421.65  423.35  432.77  448.04  451.11  459.15  464.83  470.77  473.61  476.44  484.68  486.16  501.27  504.27  513.32  517.85  559.30  584.75  613.83  630.85  647.29 

$neval
 [1]   106   257   403  1798  1904  2186  2321  2722  3129  3265  3380  7597  7717 10145 10218 10488 11177 12072 12210 12347 12761 12897 14335 15481 16635 19858 19937 20348 21025 21159 21497 21768
[33] 22035 22170 22307 22717 22791 23479 23616 24040 24257 26173 27308 28598 29362 30054

$fbest
[1] 191.8125

$xbest
 [1]  47.7048737 426.8240634   0.3712191  15.0891791 284.3915262  39.0298716  26.9823603   2.1344734   8.7651852   4.2844930

$numeval
[1] 30054

$end_crit
[1] 1

$cpu_time
elapsed 
 647.29 

$Refset
$Refset$x
          [,1]     [,2]      [,3]     [,4]     [,5]     [,6]     [,7]     [,8]     [,9]    [,10]
 [1,] 47.70487 426.8241 0.3712191 15.08918 284.3915 39.02987 26.98236 2.134473 8.765185 4.284493
 [2,] 47.70544 426.9029 0.3720120 15.09053 284.3916 39.02904 26.97972 2.134580 8.764733 4.284649
 [3,] 47.70671 426.9388 0.3716758 15.08892 284.3916 39.02911 26.98425 2.134388 8.762750 4.284463
 [4,] 47.70041 427.1023 0.3734450 15.09165 284.3919 39.02357 26.98320 2.134160 8.763291 4.284305
 [5,] 47.70022 427.1026 0.3734608 15.09166 284.3919 39.02357 26.98318 2.134160 8.763311 4.284182
 [6,] 47.71072 427.1031 0.3744098 15.08709 284.3921 39.02339 26.96786 2.134052 8.764778 4.283228
 [7,] 47.70594 426.8912 0.3714788 15.08920 284.3916 39.02822 26.98242 2.134344 8.764223 4.284441
 [8,] 47.57675 427.2926 0.3799572 15.10774 284.4031 39.02171 26.97296 2.133772 8.795705 4.288935
 [9,] 47.70462 426.9223 0.3720057 15.08964 284.3918 39.02537 26.97712 2.134442 8.765142 4.284490
[10,] 47.42470 426.8613 0.3818034 15.18495 284.3920 39.03342 27.00120 2.138692 8.763630 4.284028
[11,] 47.72849 428.1016 0.3802737 15.08691 284.3964 39.02688 26.98967 2.130660 8.766789 4.283622
[12,] 48.39251 422.5046 0.3669914 15.08922 284.4140 39.07287 27.69835 2.135237 8.603651 4.421181

$Refset$f
 [1] 191.8125 191.8125 191.8125 192.0208 192.0208 192.0208 191.8125 192.2083 192.3073 195.3021 204.5868 226.0799

$Refset$fpen
 [1] 191.8125 191.8125 191.8125 192.0208 192.0208 192.0208 191.8125 192.2083 192.3073 195.3021 204.5868 226.0799

$Refset$const
          [,1]     [,2]     [,3]     [,4]     [,5]
 [1,] 6.323994 27.23481 20.91082 1.761822 2.277253
 [2,] 6.325800 27.23527 20.90947 1.761792 2.277128
 [3,] 6.326169 27.23725 20.91108 1.761839 2.277413
 [4,] 6.328361 27.23671 20.90835 1.761825 2.277622
 [5,] 6.328344 27.23669 20.90834 1.761825 2.277620
 [6,] 6.322315 27.23522 20.91291 1.761661 2.276664
 [7,] 6.324979 27.23578 20.91080 1.761830 2.277333
 [8,] 6.312039 27.20429 20.89226 1.760459 2.278059
 [9,] 6.324502 27.23486 20.91036 1.761775 2.277138
[10,] 6.421317 27.23637 20.81505 1.761926 2.278342
[11,] 6.320124 27.23321 20.91309 1.761350 2.278294
[12,] 6.485574 27.39635 20.91078 1.765626 2.323740

$Refset$penalty
 [1] 0 0 0 0 0 0 0 0 0 0 0 0


