$f
 [1] 454.6354 430.1736 368.4427 365.9375 360.5573 337.4948 337.0208 336.7847 336.7743 336.4826 335.7934 335.6389 335.3576 331.7101 331.7101

$x
          [,1]     [,2]      [,3]     [,4]     [,5]     [,6]     [,7]     [,8]     [,9]    [,10]
xbest 53.07638 364.0742 0.8898405 15.90706 285.7024 38.04146 27.18040 3.188770 8.432428 2.544786
xbest 64.04142 388.3734 0.9505235 15.92589 285.8017 30.40303 24.00000 3.360894 8.683710 2.608910
xbest 64.04142 386.3269 0.9136858 15.36339 285.2413 30.40303 24.00000 3.360894 8.622314 2.608910
xbest 51.07211 395.5465 0.4281096 17.31194 285.0250 35.56339 29.55176 3.488278 7.446420 3.572171
xbest 54.25129 416.7540 0.6639319 15.77875 284.8251 34.65771 24.41338 3.414656 7.630765 3.758134
xbest 54.62629 414.2540 0.6487044 15.77875 284.9376 34.65771 25.06338 3.414656 7.593265 3.900634
xbest 59.07773 384.8953 0.8971397 15.33685 285.2183 32.40971 28.05378 3.362982 8.431929 2.536824
xbest 59.07773 384.8953 0.9871397 15.33685 285.2183 32.40971 28.05378 3.362982 8.431929 2.536824
xbest 46.39315 414.8301 0.5308791 17.45009 285.0970 40.35940 32.25562 3.442360 6.474342 3.499072
xbest 46.39315 414.7911 0.5308791 17.45009 285.0970 40.35940 32.25562 3.442360 6.468092 3.499072
xbest 46.64301 420.3469 0.5998169 17.48049 285.1005 40.36556 32.28157 3.442074 6.316270 3.503686
xbest 46.63129 420.3469 0.5998169 17.48049 285.1005 40.36556 32.28157 3.442074 6.319395 3.503686
xbest 46.60337 413.4659 0.6382054 17.51347 285.0913 40.33841 32.27681 3.440726 6.499215 3.444290
xbest 46.61510 413.4659 0.5875886 17.51347 285.0913 40.33841 32.27681 3.440726 6.486715 3.444290
xbest 46.61510 413.4659 0.5875886 17.51347 285.0913 40.33841 32.27681 3.440726 6.486715 3.444290

$time
elapsed elapsed elapsed elapsed elapsed elapsed elapsed elapsed elapsed elapsed elapsed elapsed elapsed elapsed elapsed 
   1.84    5.24    7.67   26.28   31.34   36.66  237.95  239.11  287.14  288.44  356.74  358.13  456.14  458.59  592.97 

$neval
 [1]   106   259   377  1347  1617  1881 12142 12218 14923 15002 18248 18326 23531 23638 30067

$fbest
[1] 331.7101

$xbest
 [1]  46.6150974 413.4658655   0.5875886  17.5134689 285.0913031  40.3384057  32.2768144   3.4407260   6.4867147   3.4442898

$numeval
[1] 30067

$end_crit
[1] 1

$cpu_time
elapsed 
 592.97 

$Refset
$Refset$x
          [,1]     [,2]      [,3]     [,4]     [,5]     [,6]     [,7]     [,8]     [,9]    [,10]
 [1,] 46.70399 412.1724 0.6361369 17.49779 285.0920 40.34176 32.30716 3.439888 6.492288 3.464148
 [2,] 46.70441 412.2387 0.6363669 17.49468 285.0920 40.34124 32.30784 3.439875 6.492850 3.463926
 [3,] 46.70215 412.3496 0.6401630 17.49288 285.0916 40.34089 32.29831 3.440114 6.492144 3.466540
 [4,] 46.70312 412.2352 0.6372516 17.49542 285.0920 40.34126 32.31470 3.439934 6.491870 3.463497
 [5,] 46.70208 412.4206 0.6406785 17.49222 285.0913 40.34110 32.32188 3.439947 6.491710 3.466823
 [6,] 46.70839 411.9770 0.6380584 17.49953 285.0916 40.34120 32.30820 3.440020 6.495953 3.465472
 [7,] 46.70525 412.1772 0.6363645 17.49777 285.0922 40.34223 32.30683 3.439816 6.492006 3.462836
 [8,] 46.61389 412.2026 0.6406803 17.49352 285.0932 40.43284 32.38381 3.503910 6.503746 3.465806
 [9,] 46.70882 410.9490 0.6435731 17.55651 285.3273 40.60250 32.72176 3.426917 6.490886 3.426561
[10,] 46.71655 412.4404 0.6358811 17.51451 285.0920 40.31585 32.30751 3.450413 6.478828 3.464338
[11,] 47.03097 413.3804 0.6363337 17.53231 285.1168 40.32082 32.34677 3.419656 6.500946 3.126399
[12,] 45.47643 447.6075 0.6612293 16.52106 285.2358 39.82886 35.79673 4.793015 6.487183 3.407296

$Refset$f
 [1] 335.7205 335.7205 335.7413 335.7517 335.7569 335.7691 336.0903 348.5694 361.8854 354.8299 363.5503 379.4878

$Refset$fpen
 [1] 335.7205 335.7205 335.7413 335.7517 335.7569 335.7691 336.0903 348.5694 361.8854 354.8299 363.5503 379.4878

$Refset$const
          [,1]     [,2]     [,3]     [,4]     [,5]
 [1,] 11.00550 29.50771 18.50221 1.695117 2.680738
 [2,] 11.00183 29.50715 18.50532 1.695123 2.680818
 [3,] 11.00074 29.50786 18.50712 1.695166 2.680009
 [4,] 11.00355 29.50813 18.50458 1.695133 2.681363
 [5,] 11.00051 29.50829 18.50778 1.695234 2.681818
 [6,] 11.00357 29.50405 18.50047 1.695178 2.680777
 [7,] 11.00577 29.50799 18.50223 1.695091 2.680716
 [8,] 10.98977 29.49625 18.50648 1.694958 2.681256
 [9,] 11.06563 29.50911 18.44349 1.663210 2.745228
[10,] 11.03568 29.52117 18.48549 1.695137 2.682427
[11,] 11.03136 29.49905 18.46769 1.691771 2.689935
[12,] 10.03387 29.51282 19.47894 1.670514 3.069488

$Refset$penalty
 [1] 0 0 0 0 0 0 0 0 0 0 0 0


