$f
 [1] 980.6007 381.8125 303.2622 299.7413 286.0104 271.6007 242.1441 239.0885 229.4132 227.5278 215.8715 211.0764 182.7500 180.8247 180.2552 180.0538 179.1510 172.9149 172.8090 172.3333 172.1580
[22] 171.8750 171.8646 170.0226 169.5642 169.4670 169.4514 169.4514

$x
          [,1]     [,2]      [,3]     [,4]     [,5]     [,6]     [,7]     [,8]     [,9]    [,10]
xbest 65.26748 425.5656 0.2454287 20.08530 284.9213 26.16567 26.20074 5.517220 3.697933 4.451046
xbest 43.56370 273.6667 0.3645449 28.93922 285.2260 31.38446 28.85365 6.423505 4.570468 1.774546
xbest 43.56370 274.1086 0.2520449 28.97237 285.5393 31.38446 28.79620 6.706348 4.552791 1.774546
xbest 43.29464 281.3663 0.3808045 28.89561 285.3973 30.47750 28.95570 6.507517 4.586858 1.767298
xbest 43.25002 285.9478 0.5435415 28.89954 285.4183 30.73016 29.54363 6.504342 4.587087 1.747066
xbest 43.45773 258.2465 0.3298322 28.73118 285.2729 30.92327 27.10708 7.401738 4.585361 1.801701
xbest 44.01730 258.2465 0.2454572 28.73118 285.2729 30.92327 27.43208 7.401738 4.585361 1.801701
xbest 43.54806 256.8867 0.2914243 28.73811 285.2293 31.04647 27.00645 7.429037 4.559060 1.818708
xbest 43.50118 256.8867 0.2907212 28.73811 285.2269 31.04647 26.68145 7.429037 4.559060 1.819079
xbest 44.23385 253.1690 0.2738952 28.73797 285.2288 31.04627 26.95845 7.427937 4.551459 1.810208
xbest 44.23385 253.1690 0.2506920 28.73797 285.2288 31.04627 27.13111 7.427937 4.551459 1.803899
xbest 41.34875 405.1173 0.9974252 21.68920 285.6624 44.05774 28.83876 5.650890 4.923162 4.496981
xbest 41.34875 405.1173 0.9748442 21.68920 285.6624 44.05774 29.25460 5.850890 4.923162 4.394087
xbest 41.75422 423.5029 0.9998783 21.68644 285.7877 42.67830 29.37377 5.656224 4.654686 4.424099
xbest 41.86322 423.5032 0.9998643 21.66345 285.7873 42.67657 29.37106 5.656208 4.650895 4.421268
xbest 41.96252 424.0783 0.9989464 21.67720 285.7945 42.67938 29.37044 5.655566 4.649599 4.421442
xbest 41.96252 424.0783 0.9989464 21.67720 285.7945 42.67938 29.32982 5.655566 4.649599 4.421442
xbest 42.40546 423.9874 0.9980618 21.57349 285.8007 42.67836 29.38637 5.655461 4.652480 4.422481
xbest 42.29430 423.8345 0.9980903 21.59840 285.7988 42.70769 29.37785 5.656107 4.653879 4.420952
xbest 42.40523 423.9556 0.9982428 21.57308 285.8007 42.67638 29.38593 5.655507 4.653201 4.415456
xbest 42.40506 423.9142 0.9983999 21.57284 285.8007 42.67719 29.38611 5.655505 4.653922 4.415464
xbest 42.30390 423.8711 0.9982892 21.58279 285.8000 42.67715 29.38443 5.655717 4.663234 4.415126
xbest 42.35132 423.8534 0.9982880 21.57143 285.8000 42.67478 29.38560 5.655742 4.663245 4.415464
xbest 42.23046 423.7277 0.9982590 21.58824 285.7998 42.67764 29.38520 5.656207 4.675312 4.409962
xbest 42.23046 423.6887 0.9982590 21.58824 285.7998 42.67764 29.38520 5.656207 4.678437 4.409962
xbest 42.31307 423.8684 0.9980899 21.59382 285.8005 42.68227 29.37637 5.656226 4.653876 4.411552
xbest 42.31667 423.8580 0.9984140 21.57064 285.7997 42.67703 29.37984 5.656217 4.670348 4.410557
xbest 42.31667 423.8580 0.9984140 21.57064 285.7997 42.67703 29.37984 5.656217 4.670348 4.410557

$time
elapsed elapsed elapsed elapsed elapsed elapsed elapsed elapsed elapsed elapsed elapsed elapsed elapsed elapsed elapsed elapsed elapsed elapsed elapsed elapsed elapsed elapsed elapsed elapsed elapsed 
   2.01    5.25    7.90   14.04   30.22   39.32   41.61   88.45   90.90  137.93  140.23  178.29  180.87  458.95  482.68  492.61  494.32  503.84  552.72  563.79  566.82  575.87  581.84  591.72  593.42 
elapsed elapsed elapsed 
 616.20  633.93  679.45 

$neval
 [1]   106   261   380   665  1355  1764  1867  4025  4127  6147  6251  7879  7997 20566 21576 21987 22065 22473 24594 25076 25215 25630 25906 26330 26408 27382 28138 30115

$fbest
[1] 169.4514

$xbest
 [1]  42.316671 423.858015   0.998414  21.570642 285.799704  42.677027  29.379836   5.656217   4.670348   4.410557

$numeval
[1] 30115

$end_crit
[1] 1

$cpu_time
elapsed 
 679.45 

$Refset
$Refset$x
          [,1]     [,2]      [,3]     [,4]     [,5]     [,6]     [,7]     [,8]     [,9]    [,10]
 [1,] 42.31667 423.8580 0.9984140 21.57064 285.7997 42.67703 29.37984 5.656217 4.670348 4.410557
 [2,] 42.31307 423.8684 0.9980899 21.59382 285.8005 42.68227 29.37637 5.656226 4.653876 4.411552
 [3,] 42.30666 423.9064 0.9984046 21.58897 285.7999 42.68070 29.37512 5.656214 4.656988 4.411374
 [4,] 42.30482 423.8474 0.9981598 21.58974 285.8000 42.67928 29.37507 5.656212 4.659278 4.411280
 [5,] 42.30553 424.0640 0.9982935 21.58085 285.7997 42.67905 29.37427 5.656210 4.660699 4.411305
 [6,] 42.23723 424.1578 0.9981139 21.59956 285.7996 42.67964 29.37501 5.656238 4.659557 4.411776
 [7,] 42.26780 423.6224 0.9982275 21.58465 285.7998 42.67720 29.38910 5.656211 4.676084 4.408679
 [8,] 42.27712 423.7515 0.9983293 21.58064 285.7999 42.67763 29.38777 5.656244 4.673896 4.409454
 [9,] 42.28562 423.8255 0.9981493 21.58079 285.7998 42.67878 29.37717 5.656257 4.670235 4.409601
[10,] 42.26774 423.7948 0.9982030 21.58262 285.7997 42.67753 29.38238 5.656204 4.670962 4.409822
[11,] 42.11952 420.3091 0.9980971 21.59437 285.7861 42.66366 29.45449 5.656174 4.710542 4.410465
[12,] 42.30472 409.3054 0.9901108 21.59391 285.8000 42.68733 29.37715 5.657546 5.003347 4.407093

$Refset$f
 [1] 169.4514 169.4670 169.4688 169.5052 169.5052 169.5069 169.5295 169.5434 169.5434 169.8368 180.2361 182.9167

$Refset$fpen
 [1] 169.4514 169.4670 169.4688 169.5052 169.5052 169.5069 169.5295 169.5434 169.5434 169.8368 180.2361 182.9167

$Refset$const
          [,1]     [,2]     [,3]     [,4]     [,5]
 [1,] 16.90029 31.32965 14.42936 1.606890 2.502659
 [2,] 16.93995 31.34612 14.40618 1.606806 2.502393
 [3,] 16.93198 31.34301 14.41103 1.606872 2.502230
 [4,] 16.93046 31.34072 14.41026 1.606856 2.502327
 [5,] 16.92015 31.33930 14.41915 1.606891 2.502206
 [6,] 16.94000 31.34044 14.40044 1.606901 2.502203
 [7,] 16.90856 31.32392 14.41535 1.606881 2.503272
 [8,] 16.90674 31.32610 14.41936 1.606868 2.503195
 [9,] 16.91056 31.32976 14.41921 1.606882 2.502426
[10,] 16.91166 31.32904 14.41738 1.606890 2.502799
[11,] 16.88383 31.28946 14.40563 1.608375 2.504686
[12,] 16.59056 30.99665 14.40609 1.606859 2.502096

$Refset$penalty
 [1] 0 0 0 0 0 0 0 0 0 0 0 0


