$f
 [1] 526.1267 367.4809 322.6597 312.9688 311.9531 305.2743 289.0816 278.7535 275.5069 266.7951 264.6128 253.0260 249.4653 245.4358 243.2448 242.5313 235.8333 234.3490 233.7344 232.9444 232.9080
[22] 232.2240 231.8125 231.8090 231.1389 230.9375 230.7830 230.7413 230.6840 230.5260 230.5226 230.2187 227.9931 227.5503 226.7031 226.6337 226.4253 226.1806 225.3194 225.2396 225.0937 225.0503
[43] 225.0503

$x
          [,1]     [,2]      [,3]     [,4]     [,5]     [,6]     [,7]     [,8]     [,9]    [,10]
xbest 43.90556 258.7674 0.3459438 19.56389 285.1669 39.20817 36.70104 6.991946 8.642395 2.875492
xbest 45.05962 397.4984 0.5074908 19.36290 285.2641 37.77198 32.83209 6.438470 5.675879 2.639318
xbest 45.05962 377.4984 0.4118658 19.36290 285.2453 37.77198 32.83209 6.438470 5.625879 2.686818
xbest 37.15372 385.8377 0.4616102 19.72638 285.3602 42.44043 33.26581 6.955648 5.218105 1.674900
xbest 41.07296 380.4258 0.4315140 19.59491 285.3254 40.51525 33.19293 6.511807 5.509008 2.471230
xbest 41.07296 379.8008 0.3865140 19.59491 285.3254 40.51525 33.11168 6.511807 5.484008 2.471230
xbest 32.64618 288.3098 0.3389523 19.78738 285.2215 48.00000 35.58119 6.916665 7.392194 2.905318
xbest 32.64237 288.9951 0.3383366 19.90832 285.2238 48.00000 35.58450 6.917120 7.373498 2.915857
xbest 32.64237 288.9951 0.3383366 19.90832 285.2238 48.00000 35.54388 6.917120 7.360998 2.915857
xbest 38.84192 377.2274 0.5633660 19.46746 285.4590 42.37169 30.25366 7.086786 5.521887 2.717638
xbest 38.84192 377.3055 0.5406902 19.46746 285.4590 42.37169 30.25239 7.086786 5.521887 2.717638
xbest 38.11052 373.9153 0.5732091 19.44348 285.5565 43.75988 30.78993 7.127151 5.555610 2.669772
xbest 38.08708 373.9153 0.6632091 19.44641 285.5565 43.75988 30.78993 7.127151 5.555610 2.669772
xbest 37.90653 373.8609 0.5979050 19.41152 285.5689 43.79367 30.75882 7.128395 5.545343 2.663972
xbest 37.90653 373.8609 0.5979050 19.41152 285.5689 43.79367 30.75882 7.128395 5.535968 2.663972
xbest 38.12207 372.8283 0.5668182 19.45212 285.5596 43.74930 30.77521 7.125096 5.555554 2.682119
xbest 38.12207 372.9064 0.5668182 19.26755 285.5596 43.74930 30.77521 7.125096 5.555554 2.682119
xbest 38.11195 371.4585 0.5594478 19.37358 285.5629 43.75535 30.79084 7.123499 5.570301 2.684382
xbest 38.11195 371.3804 0.5594478 19.18315 285.5629 43.75535 30.79084 7.123499 5.570301 2.684382
xbest 38.14718 371.4803 0.5598195 19.30941 285.5665 43.77279 30.70858 7.124999 5.586766 2.684944
xbest 38.10975 369.9515 0.5593166 19.32061 285.5639 43.74832 30.78993 7.122898 5.566618 2.684931
xbest 38.11633 369.0738 0.5600615 19.31661 285.5640 43.74711 30.81901 7.122589 5.567953 2.686219
xbest 38.11633 369.0738 0.5600615 19.31661 285.5640 43.74711 30.81901 7.122589 5.571078 2.686219
xbest 38.24751 370.7752 0.5598193 19.31896 285.5624 43.73451 30.78728 7.122738 5.550156 2.685191
xbest 38.24695 370.2612 0.5595482 19.34833 285.5644 43.74638 30.79027 7.122915 5.575520 2.685989
xbest 38.24109 370.2612 0.5595482 19.34980 285.5644 43.74638 30.79027 7.122915 5.575520 2.685989
xbest 38.22264 370.3444 0.5602038 19.35031 285.5641 43.74556 30.78191 7.123069 5.576961 2.685975
xbest 38.28542 370.1454 0.5597543 19.32363 285.5627 43.73524 30.79165 7.122724 5.574420 2.686014
xbest 38.29128 370.1454 0.5597543 19.32363 285.5627 43.73524 30.79165 7.122724 5.574420 2.686014
xbest 38.28755 370.1493 0.5597668 19.32538 285.5625 43.73517 30.79260 7.122641 5.574413 2.686008
xbest 38.26885 369.7343 0.6007664 19.31505 285.5622 43.73469 30.78741 7.122619 5.574824 2.686072
xbest 38.26885 369.7343 0.6008543 19.31505 285.5622 43.73469 30.78741 7.122619 5.574824 2.686814
xbest 38.64062 359.1731 0.5697661 19.28241 285.5622 43.72980 30.78010 7.122568 5.573207 2.686106
xbest 38.81853 357.0766 0.5691903 19.27500 285.5622 43.72828 30.77945 7.122560 5.572564 2.685954
xbest 38.85500 355.5609 0.5716670 19.34045 285.5623 43.72975 30.77871 7.122625 5.572892 2.685563
xbest 38.86292 355.0177 0.5715839 19.33265 285.5623 43.72976 30.77849 7.122662 5.573038 2.685535
xbest 38.86878 355.0177 0.5715839 19.33265 285.5623 43.72976 30.77849 7.122662 5.573038 2.685535
xbest 38.83074 355.4964 0.5663960 19.33414 285.5623 43.72973 30.77896 7.122558 5.565732 2.685991
xbest 38.80855 355.9369 0.5759695 19.32053 285.5622 43.73214 30.78574 7.122637 5.572902 2.685917
xbest 38.86046 355.4892 0.5746662 19.34505 285.5621 43.73048 30.78721 7.122640 5.573992 2.685769
xbest 38.85460 355.4892 0.5746662 19.34505 285.5621 43.73048 30.78721 7.122640 5.573992 2.685769
xbest 38.85373 355.4573 0.5759427 19.34570 285.5621 43.73065 30.78767 7.122641 5.574849 2.685773
xbest 38.85373 355.4573 0.5759427 19.34570 285.5621 43.73065 30.78767 7.122641 5.574849 2.685773

$time
elapsed elapsed elapsed elapsed elapsed elapsed elapsed elapsed elapsed elapsed elapsed elapsed elapsed elapsed elapsed elapsed elapsed elapsed elapsed elapsed elapsed elapsed elapsed elapsed elapsed 
   1.62    4.62    6.47   25.48   29.97   34.98   43.00   60.16   64.62  134.81  136.56  185.67  187.20  222.97  224.20  260.89  262.70  314.36  315.95  324.62  327.33  339.09  346.53  372.64  375.72 
elapsed elapsed elapsed elapsed elapsed elapsed elapsed elapsed elapsed elapsed elapsed elapsed elapsed elapsed elapsed elapsed elapsed elapsed 
 377.47  417.36  450.41  451.92  471.80  518.20  519.87  522.73  530.87  539.41  542.17  549.16  552.12  557.78  606.56  607.97  616.55  621.03 

$neval
 [1]   106   254   356  1325  1599  1826  2234  3040  3252  6620  6710  9124  9210 10972 11049 12796 12881 15308 15394 15799 15937 16482 16827 18048 18185 18268 20331 21892 21965 22912 25196 25275
[33] 25413 25824 26227 26366 26709 26844 27113 29473 29547 29959 30095

$fbest
[1] 225.0503

$xbest
 [1]  38.8537255 355.4573171   0.5759427  19.3457030 285.5621495  43.7306522  30.7876734   7.1226406   5.5748487   2.6857730

$numeval
[1] 30095

$end_crit
[1] 1

$cpu_time
elapsed 
 621.03 

$Refset
$Refset$x
           [,1]        [,2]        [,3]     [,4]       [,5]      [,6]       [,7]       [,8]      [,9]    [,10]
 [1,]  38.85373 355.4573171   0.5759427 19.34570 285.562150  43.73065 30.7876734   7.122641  5.574849 2.685773
 [2,]  38.85460   0.5746662 285.5621381 30.78721   5.573992  38.85460  0.5746662 285.562138 30.787209 5.573992
 [3,] 355.48920  19.3450493  43.7304791  7.12264   2.685769 355.48920 19.3450493  43.730479  7.122640 2.685769
 [4,]  38.77093 355.7569561   0.5666979 19.35568 285.562227  43.73043 30.7856114   7.122594  5.573564 2.685997
 [5,]  38.89041 355.2375188   0.5702518 19.31692 285.562227  43.73006 30.7846511   7.122605  5.569202 2.685881
 [6,]  38.77048 356.4584870   0.5709844 19.33786 285.562204  43.73237 30.7867338   7.122598  5.571180 2.686047
 [7,]  38.86574 355.5868284   0.5711917 19.31364 285.561964  43.73060 30.7841413   7.122674  5.571761 2.685890
 [8,]  38.79410 356.2425098   0.5698777 19.32766 285.562137  43.73039 30.7848449   7.122661  5.572011 2.685885
 [9,]  38.79824 355.8063863   0.5770490 19.37013 285.561020  43.73333 30.7891688   7.123446  5.574460 2.686288
[10,]  57.55451 273.0286360   0.2973959 19.77789 285.050015  32.72702 27.7598666   5.430983  7.811705 2.858148
[11,]  50.71111 323.4078705   0.5635098 16.71775 285.320432  36.75037 31.0756028   6.643433  7.429631 3.232757
[12,]  33.75034 305.6805451   0.5821153 23.34897 285.122454  41.98719 30.2846481   7.154710  5.780869 3.347696

$Refset$f
 [1] 225.0503 225.0937 225.0937 225.3194 225.3715 225.4184 225.4601 225.5191 232.5729 357.4358 473.5694 446.2778

$Refset$fpen
 [1] 225.0503 225.0937 225.0937 225.3194 225.3715 225.4184 225.4601 225.5191 232.5729 357.4358 473.5694 446.2778

$Refset$const
           [,1]      [,2]      [,3]      [,4]     [,5]
 [1,] 13.770854 30.425151 16.654297  1.633387 2.489345
 [2,] 13.771058 16.654951  2.489321 30.426008 1.633388
 [3,] 30.426008  1.633388 13.771058 16.654951 2.489321
 [4,] 13.782119 30.426436 16.644317  1.633377 2.489242
 [5,] 13.747714 30.430798 16.683084  1.633376 2.489198
 [6,] 13.766683 30.428820 16.662137  1.633379 2.489222
 [7,] 13.741877 30.428239 16.686362  1.633405 2.489083
 [8,] 13.755649 30.427989 16.672340  1.633386 2.489175
 [9,] 13.795666 30.425540 16.629874  1.633513 2.489068
[10,] 11.966190 28.188295 16.222105  1.701738 2.834314
[11,]  9.288116 28.570369 19.282253  1.662474 2.882022
[12,] 17.568098 30.219131 12.651033  1.684853 2.449885

$Refset$penalty
 [1] 0 0 0 0 0 0 0 0 0 0 0 0


