$f
 [1] 462.8785 283.4340 245.9861 216.6667 212.3681 201.0694 190.7760 163.4566 144.7969 144.1823 134.5174 131.7361 123.9844 121.3594 117.5243 116.9462 116.7326 115.8038 115.2882 114.8212 114.1458
[22] 114.1024 113.9931 113.9792 113.9497 113.8073 113.3524 113.2135 113.0243 112.9080 112.9080

$x
          [,1]     [,2]      [,3]     [,4]     [,5]     [,6]     [,7]     [,8]     [,9]    [,10]
xbest 47.67966 170.4794 0.9481631 28.11142 284.4316 38.11585 29.88339 3.826369 5.845453 2.313118
xbest 47.19701 249.1951 0.8240300 28.01209 285.7166 40.54504 35.91881 4.005596 3.274254 3.456126
xbest 47.19701 249.2260 0.4708199 28.01209 285.7053 40.54504 35.91881 3.999346 3.299254 3.468001
xbest 51.35067 266.2221 0.4670851 25.83920 285.4720 36.01500 30.26236 3.220693 4.328758 3.378471
xbest 46.40112 275.9216 0.1000000 26.37256 284.9522 40.86500 30.40312 2.000000 2.000000 3.204418
xbest 44.53539 266.4991 0.1000000 26.58134 284.2660 40.55410 27.04634 2.025718 2.354423 2.801021
xbest 45.58789 281.0753 0.1000000 25.95270 284.4469 40.93611 26.91817 2.010126 2.118025 2.976321
xbest 47.69584 295.9628 0.1936014 24.73686 285.0164 39.22301 24.00000 2.058141 3.776640 3.285017
xbest 47.69584 295.9628 0.2386014 24.73686 285.0164 39.22301 24.16250 2.058141 3.776640 3.285017
xbest 45.25903 293.4503 0.1881100 27.94400 285.1361 39.23676 24.00000 2.010360 2.332940 4.107673
xbest 45.45861 293.4503 0.1881100 27.73234 285.1264 39.23676 24.32500 2.010360 2.332940 4.107673
xbest 48.81960 296.6267 1.0000000 28.38550 285.6061 39.02116 28.37438 2.016372 2.244645 4.373016
xbest 48.83122 296.6546 1.0000000 28.38472 285.5654 38.84538 28.61838 2.002719 2.239769 4.352279
xbest 48.83122 296.6109 1.0000000 28.39783 285.5665 38.87333 28.61838 2.000000 2.214769 4.328114
xbest 48.79114 292.2329 0.8824512 28.62070 285.6216 39.42250 28.43810 2.038285 2.212250 4.292099
xbest 48.79114 292.2329 0.9049512 28.62144 285.6216 39.42250 28.43810 2.038285 2.212250 4.292099
xbest 48.79521 293.7036 0.8816099 28.51875 285.6239 39.43223 28.40752 2.038294 2.217203 4.293066
xbest 48.76676 294.1178 0.8752814 28.48783 285.6232 39.42914 28.44365 2.041858 2.227558 4.293408
xbest 48.76676 294.1178 0.9427814 28.48783 285.6232 39.42914 28.44365 2.041858 2.227558 4.293408
xbest 48.80275 293.3061 0.8435350 28.50600 285.6143 39.43789 28.26066 2.044051 2.227922 4.293384
xbest 48.79862 294.5297 0.8970734 28.46906 285.6173 39.43446 28.41983 2.043126 2.216206 4.293491
xbest 48.79862 294.5297 0.8970734 28.46906 285.6173 39.43446 28.37920 2.043126 2.216206 4.293491
xbest 48.79512 294.2940 0.8597689 28.49705 285.6225 39.44336 28.33044 2.043405 2.201443 4.294178
xbest 48.79512 294.2745 0.8597689 28.49705 285.6225 39.44336 28.33044 2.043405 2.201443 4.294178
xbest 48.75031 294.3576 0.8624018 28.51193 285.6143 39.44826 28.29940 2.044067 2.200824 4.304208
xbest 48.78182 294.1872 0.8641756 28.50340 285.6155 39.45726 28.25870 2.044084 2.202539 4.304007
xbest 48.75785 302.9087 0.8637764 28.05067 285.6154 39.45734 28.26518 2.043864 2.202189 4.304005
xbest 48.76371 302.9087 0.8637764 28.05067 285.6154 39.45734 28.26518 2.043864 2.202189 4.304005
xbest 48.75623 308.1747 0.8636286 27.75346 285.6146 39.45733 28.25969 2.043869 2.202780 4.304802
xbest 48.75623 308.1747 0.8636286 27.75328 285.6146 39.45733 28.25969 2.043869 2.202780 4.304802
xbest 48.75623 308.1747 0.8636286 27.75328 285.6146 39.45733 28.25969 2.043869 2.202780 4.304802

$time
elapsed elapsed elapsed elapsed elapsed elapsed elapsed elapsed elapsed elapsed elapsed elapsed elapsed elapsed elapsed elapsed elapsed elapsed elapsed elapsed elapsed elapsed elapsed elapsed elapsed 
   1.65    5.06    8.07   16.75   19.51   28.39   31.87   37.54   39.21  125.07  127.43  152.87  155.86  161.36  191.86  193.45  227.17  257.61  259.28  265.34  274.93  291.12  312.31  323.62  361.31 
elapsed elapsed elapsed elapsed elapsed elapsed 
 369.50  523.84  525.45  552.14  556.64  664.20 

$neval
 [1]   106   262   400   827   968  1380  1517  1790  1869  5660  5765  6860  6997  7254  8611  8690 10196 11610 11686 11956 12365 13107 14052 14536 16199 16542 23780 23853 25072 25286 30066

$fbest
[1] 112.908

$xbest
 [1]  48.7562348 308.1747200   0.8636286  27.7532784 285.6145523  39.4573271  28.2596852   2.0438689   2.2027802   4.3048017

$numeval
[1] 30066

$end_crit
[1] 1

$cpu_time
elapsed 
  664.2 

$Refset
$Refset$x
          [,1]     [,2]      [,3]     [,4]     [,5]     [,6]     [,7]     [,8]     [,9]    [,10]
 [1,] 48.82106 300.5070 0.8626141 28.29736 285.6118 39.47519 28.18940 2.063091 2.119979 4.236025
 [2,] 48.79346 305.6036 0.8706210 27.93371 285.5960 38.71103 28.99553 2.057691 2.271591 4.148798
 [3,] 48.81401 305.4465 0.8742187 27.94104 285.5956 38.71090 28.99317 2.058864 2.270970 4.163003
 [4,] 48.83253 305.3176 0.8726741 27.93287 285.5925 38.71044 29.01363 2.060022 2.274564 4.155275
 [5,] 75.92742 153.1761 0.3061028 17.21205 286.9415 34.11777 39.16044 7.191653 2.765094 2.909158
 [6,] 48.86354 305.4714 0.8760189 27.93035 285.5953 38.71126 29.01889 2.058899 2.266268 4.149888
 [7,] 48.86914 305.1821 0.8684917 27.93713 285.5891 38.70920 28.96714 2.058612 2.260094 4.225997
 [8,] 48.85055 305.3394 0.8673210 27.93997 285.5942 38.71087 28.96248 2.058778 2.261584 4.179904
 [9,] 48.82477 301.6650 0.8623910 28.20501 285.6117 39.47443 28.18958 2.063325 2.119908 4.236492
[10,] 48.98799 307.4356 0.8236420 27.92705 285.4714 38.82350 28.07683 2.063854 2.014007 4.283853
[11,] 48.79718 305.3594 0.8705719 27.93442 285.6006 38.71521 28.96769 2.056863 2.273722 4.174368
[12,] 48.76261 297.9376 0.8622505 27.81121 285.6107 39.45754 28.25190 2.005955 2.338907 3.929739

$Refset$f
 [1]  114.2882  115.2778  115.6910  115.9080 2481.4878  116.0660  116.2674  116.3524  115.2309  117.4635  116.7691  119.2812

$Refset$fpen
 [1]     114.2882     115.2778     115.6910     115.9080 2328579.3000     116.0660     116.2674     116.3524     115.2309     117.4635     116.7691     119.2812

$Refset$const
          [,1]     [,2]      [,3]     [,4]     [,5]
 [1,] 26.17738 33.88002  7.702643 1.628053 2.528843
 [2,] 25.66212 33.72841  8.066291 1.629894 2.627265
 [3,] 25.67007 33.72903  8.058961 1.629949 2.626981
 [4,] 25.65830 33.72544  8.067131 1.630311 2.627866
 [5,] 14.44695 33.23491 18.787951 1.342992 5.826098
 [6,] 25.66408 33.73373  8.069654 1.629972 2.628903
 [7,] 25.67704 33.73991  8.062866 1.630745 2.623479
 [8,] 25.67838 33.73842  8.060031 1.630134 2.624242
 [9,] 26.08510 33.88009  7.794989 1.628062 2.528879
[10,] 25.91305 33.98599  8.072948 1.644440 2.522973
[11,] 25.66070 33.72628  8.065576 1.629354 2.625954
[12,] 25.47231 33.66109  8.188786 1.628209 2.533980

$Refset$penalty
 [1] 0.000000 0.000000 0.000000 0.000000 2.326098 0.000000 0.000000 0.000000 0.000000 0.000000 0.000000 0.000000


