$f
 [1] 111.91493 102.85764  79.93750  61.06076  60.90799  59.39757  51.67188  39.03299  31.31076  31.31076

$x
          [,1]     [,2]      [,3]     [,4]     [,5]     [,6]     [,7]     [,8]     [,9]    [,10]
xbest 44.09293 395.3260 0.4918079 18.07638 286.6596 41.05849 30.63378 7.082919 7.465724 2.565311
xbest 54.97734 201.4519 0.3511756 22.20691 285.6476 38.72667 25.71398 4.818784 8.938409 3.920753
xbest 54.99045 201.4519 0.2618787 22.20691 285.6476 38.73917 25.73669 4.818784 8.938409 3.917784
xbest 38.58855 313.4311 0.3889271 22.42342 286.3713 45.45198 31.82225 7.288355 6.466393 3.455914
xbest 46.45414 340.7058 0.4551452 19.71977 285.5563 41.18525 27.11979 3.166668 7.718115 3.310526
xbest 49.30720 355.1971 0.4624122 18.65983 285.5448 41.08724 26.74002 2.850061 7.931400 3.267451
xbest 43.51866 305.0895 0.4473480 23.51955 286.0983 42.55529 30.17331 5.705781 6.139079 2.571483
xbest 45.30763 301.7104 0.4965992 25.44575 286.0563 41.67203 31.80960 5.678029 4.736784 2.133347
xbest 45.30763 301.3241 0.4740992 25.42232 285.9719 41.67203 31.80960 5.678029 4.674284 2.133347
xbest 45.30763 301.3241 0.4740992 25.42232 285.9719 41.67203 31.80960 5.678029 4.674284 2.133347

$time
elapsed elapsed elapsed elapsed elapsed elapsed elapsed elapsed elapsed elapsed 
   1.72    7.36    9.39   15.23   20.23   26.20   31.72   37.03   39.66   39.66 

$neval
 [1]  106  405  512  795 1068 1342 1612 1885 2005 2005

$fbest
[1] 31.31076

$xbest
 [1]  45.3076277 301.3241431   0.4740992  25.4223172 285.9719498  41.6720283  31.8096026   5.6780289   4.6742835   2.1333473

$numeval
[1] 2005

$end_crit
[1] 3

$cpu_time
elapsed 
  39.66 

$Refset
$Refset$x
            [,1]      [,2]       [,3]      [,4]       [,5]       [,6]      [,7]      [,8]      [,9]    [,10]
 [1,] 301.324143  25.42232 41.6720283  5.678029   2.133347 301.324143  25.42232 41.672028  5.678029 2.133347
 [2,]   2.133347 301.32414 25.4223172 41.672028   5.678029   2.133347 301.32414 25.422317 41.672028 5.678029
 [3,]  45.790750 305.86013  0.4634969 22.180651 286.114005  43.368387  27.88356  4.774875  6.608803 2.281300
 [4,]  41.627948 342.04439  0.6050838 25.666749 285.654139  44.919532  24.18721  5.229840  3.478753 2.860542
 [5,]  49.307200 355.19715  0.4624122 18.659825 285.544761  41.087238  26.74002  2.850061  7.931400 3.267451
 [6,]  43.750656 302.82638  0.4467115 23.106948 285.927655  42.520981  28.22290  4.660452  6.694022 3.108102
 [7,]  37.180014 314.68831  0.3867027 22.749099 286.381455  47.153398  31.41246  7.367589  6.087636 3.474609
 [8,]  42.298739 308.15039  0.3932357 21.369127 286.306229  42.241603  30.30763  7.111547  7.351678 3.426926
 [9,]  49.452173 255.12230  0.4111597 23.263970 285.790535  40.557140  29.39708  5.326433  7.089615 3.781353
[10,]  44.490511 303.26761  0.5642880 22.840091 286.086305  41.462162  32.26863  4.954111  6.574735 2.279103
[11,]  50.583120 225.49435  0.4111844 23.288696 285.725604  39.405654  27.02566  5.264996  8.143867 3.907039
[12,]  46.007252 308.82118  0.3107946 22.540020 285.688229  38.659499  25.62588  4.635466  6.681653 2.680355

$Refset$f
 [1] 31.31076 31.31076 57.52431 59.37153 59.39757 59.86285 60.26389 62.03993 68.42188 63.31424 79.56597 73.85069

$Refset$fpen
 [1] 31.31076 31.31076 57.52431 59.37153 59.39757 59.86285 60.26389 62.03993 68.42188 63.31424 79.56597 73.85069

$Refset$const
           [,1]      [,2]      [,3]      [,4]      [,5]
 [1,] 31.325716  1.583084 20.748034 10.577683  2.775243
 [2,]  2.775243 31.325716  1.583084 20.748034 10.577683
 [3,] 15.571848 29.391197 13.819349  1.574166  2.463357
 [4,] 22.187997 32.521247 10.333251  1.605185  2.108202
 [5,] 10.728425 28.068600 17.340175  1.631579  2.345702
 [6,] 16.412925 29.305978 12.893052  1.593209  2.468318
 [7,] 16.661462 29.912364 13.250901  1.544702  2.610001
 [8,] 14.017450 28.648322 14.630873  1.548009  2.738262
 [9,] 16.174355 28.910385 12.736030  1.607383  2.604144
[10,] 16.265356 29.425265 13.159909  1.567166  2.861873
[11,] 15.144830 27.856133 12.711304  1.614904  2.477358
[12,] 15.858367 29.318347 13.459980  1.618010  2.407533

$Refset$penalty
 [1] 0 0 0 0 0 0 0 0 0 0 0 0


