$f
 [1] 611.13889 240.47049 120.11632 107.28646  98.57118  97.11979  91.67708  91.14410  89.42014  88.46181  88.38368  88.38368  88.37674  88.22049  88.17708  88.07812  88.01562  87.93924  87.84028
[20]  87.66840  87.57465  87.56944  87.54340  87.41667  87.41667

$x
          [,1]     [,2]      [,3]     [,4]     [,5]     [,6]     [,7]     [,8]     [,9]    [,10]
xbest 30.75696 281.8081 0.1787675 25.05702 285.8004 39.90397 31.45280 5.282664 7.437773 3.278817
xbest 33.87199 486.1436 0.5968385 22.18193 284.5058 45.86614 25.27707 2.952379 3.952573 1.212764
xbest 37.64866 466.2041 1.0000000 22.19513 284.0000 45.79572 24.91371 2.000000 3.790605 2.062470
xbest 42.02132 401.0463 0.9084713 23.76322 285.7906 45.74366 29.69636 2.668219 4.030812 2.744828
xbest 41.64632 401.0463 0.9984713 23.76322 285.7906 45.74366 29.53386 2.669781 3.980812 2.744828
xbest 41.62965 402.0356 0.9815993 23.21892 285.5883 47.13602 27.49866 2.370094 4.024114 2.579253
xbest 41.44215 402.0747 0.7975000 23.24236 285.5883 47.13602 27.49866 2.370094 4.075676 2.579253
xbest 41.79502 401.3715 0.8945088 23.80181 285.7911 45.83494 29.40329 2.721671 3.914298 2.957953
xbest 41.74814 401.3715 0.9395088 23.80181 285.7911 45.83182 29.56579 2.721671 3.914298 2.957953
xbest 42.00858 399.5527 0.8912707 23.77458 285.8113 45.83049 29.46214 2.720325 3.914531 2.960759
xbest 41.97672 399.5393 0.8892926 23.77389 285.8116 45.82681 29.45961 2.719977 3.911041 2.964006
xbest 41.94854 399.6562 0.8891947 23.77285 285.8118 45.82811 29.46259 2.720044 3.914903 2.963262
xbest 41.97370 399.4956 0.8911256 23.77413 285.8053 45.82473 29.55626 2.720016 3.913192 2.964129
xbest 41.97876 399.4095 0.8905563 23.77516 285.8024 45.82278 29.58508 2.720006 3.911954 2.964256
xbest 41.98778 399.4813 0.8910968 23.77423 285.8025 45.82352 29.55324 2.719952 3.909927 2.965310
xbest 42.01502 399.4070 0.8908324 23.76737 285.8059 45.82117 29.56133 2.719460 3.912151 2.963781
xbest 42.05961 398.3205 0.8905052 23.77838 285.8055 45.82422 29.59085 2.720010 3.923750 2.965028
xbest 42.07967 398.5436 0.8907563 23.77436 285.8043 45.82372 29.59314 2.719921 3.915497 2.963832
xbest 42.05773 398.0196 0.8905575 23.77523 285.8050 45.82362 29.57110 2.719678 3.933690 2.961999
xbest 42.03561 398.7048 0.8905093 23.77692 285.8055 45.82345 29.58143 2.719961 3.930306 2.963228
xbest 42.03804 398.6091 0.8907072 23.77863 285.8043 45.82341 29.58438 2.719672 3.930895 2.962271
xbest 42.04367 398.6658 0.8906700 23.77169 285.8053 45.82335 29.57172 2.719824 3.933081 2.962002
xbest 42.04120 398.5932 0.8904993 23.77545 285.8050 45.82383 29.56760 2.719875 3.932498 2.961931
xbest 42.03954 398.6174 0.8907126 23.77610 285.8043 45.82344 29.58457 2.719781 3.932019 2.962175
xbest 42.03954 398.6174 0.8907126 23.77610 285.8043 45.82344 29.58457 2.719781 3.932019 2.962175

$time
elapsed elapsed elapsed elapsed elapsed elapsed elapsed elapsed elapsed elapsed elapsed elapsed elapsed elapsed elapsed elapsed elapsed elapsed elapsed elapsed elapsed elapsed elapsed elapsed elapsed 
   1.81    5.38    9.97   57.64   59.92  121.47  123.91  244.89  247.00  292.13  405.39  441.25  458.88  469.13  495.69  534.35  545.22  570.80  587.52  596.72  620.22  632.19  635.38  657.83  697.35 

$neval
 [1]   106   257   454  2497  2595  5156  5266 10542 10632 12514 17359 18932 19680 20085 21235 22941 23424 24534 25287 25701 26716 27258 27393 28401 30102

$fbest
[1] 87.41667

$xbest
 [1]  42.0395439 398.6174407   0.8907126  23.7761026 285.8043406  45.8234424  29.5845653   2.7197809   3.9320189   2.9621755

$numeval
[1] 30102

$end_crit
[1] 1

$cpu_time
elapsed 
 697.35 

$Refset
$Refset$x
          [,1]     [,2]      [,3]     [,4]     [,5]     [,6]     [,7]     [,8]     [,9]    [,10]
 [1,] 42.03954 398.6174 0.8907126 23.77610 285.8043 45.82344 29.58457 2.719781 3.932019 2.962175
 [2,] 42.03764 398.5935 0.8904492 23.77654 285.8050 45.82375 29.56919 2.719873 3.932556 2.961930
 [3,] 42.03807 398.5984 0.8906327 23.77656 285.8047 45.82449 29.58085 2.719821 3.932202 2.962046
 [4,] 42.03912 398.6234 0.8906093 23.77446 285.8052 45.82362 29.57172 2.719840 3.932941 2.961952
 [5,] 42.04388 398.3083 0.8905089 23.77531 285.8044 45.82475 29.56018 2.719985 3.928490 2.962128
 [6,] 42.04726 398.2938 0.8905204 23.77519 285.8045 45.82391 29.55826 2.719959 3.928043 2.962132
 [7,] 42.04368 398.1741 0.8905452 23.77349 285.8051 45.82395 29.57767 2.719774 3.932635 2.962248
 [8,] 42.04388 398.3086 0.8905261 23.77520 285.8045 45.82475 29.56132 2.719977 3.928578 2.962134
 [9,] 42.04056 398.6104 0.8906260 23.77504 285.8050 45.82382 29.57667 2.719818 3.932737 2.961987
[10,] 42.04915 398.6573 0.8906729 23.77216 285.8051 45.82352 29.57629 2.719754 3.932439 2.962208
[11,] 42.03734 398.3085 0.8904976 23.77682 285.8045 45.82492 29.56174 2.719884 3.928469 2.962256
[12,] 43.82961 398.5185 0.9076671 23.58986 285.9673 45.75818 30.44156 2.709052 3.601559 2.976411

$Refset$f
 [1]  87.41667  87.41667  87.41667  87.41667  87.53819  87.53819  87.53819  87.53819  87.54340  87.56944  87.72049 154.66319

$Refset$fpen
 [1]  87.41667  87.41667  87.41667  87.41667  87.53819  87.53819  87.53819  87.53819  87.54340  87.56944  87.72049 154.66319

$Refset$const
          [,1]     [,2]     [,3]     [,4]     [,5]
 [1,] 19.84408 32.06798 12.22390 1.605418 2.390080
 [2,] 19.84399 32.06744 12.22346 1.605334 2.389373
 [3,] 19.84436 32.06780 12.22344 1.605374 2.389928
 [4,] 19.84152 32.06706 12.22554 1.605323 2.389553
 [5,] 19.84682 32.07151 12.22469 1.605386 2.388687
 [6,] 19.84715 32.07196 12.22481 1.605371 2.388644
 [7,] 19.84085 32.06737 12.22651 1.605336 2.389856
 [8,] 19.84662 32.07142 12.22480 1.605375 2.388781
 [9,] 19.84231 32.06726 12.22496 1.605348 2.389774
[10,] 19.83972 32.06756 12.22784 1.605332 2.389800
[11,] 19.84835 32.07153 12.22318 1.605380 2.388786
[12,] 19.98830 32.39844 12.41014 1.589043 2.482920

$Refset$penalty
 [1] 0 0 0 0 0 0 0 0 0 0 0 0


