$f
 [1] 485.0087 207.4306 167.8750 141.0851 137.0764 130.3872 126.6389 122.9965 122.7969 122.5937 122.2969 122.2483 122.0556 121.7830 121.5503 121.2604 121.2483 121.1337 120.8628 120.8056 120.7812
[22] 120.7378 120.7101 120.6979 120.6667 120.6441 120.6441

$x
          [,1]     [,2]      [,3]     [,4]     [,5]     [,6]     [,7]     [,8]     [,9]    [,10]
xbest 41.83529 114.1923 0.4582016 24.95280 286.4801 47.39327 35.00225 8.898838 8.192930 3.056112
xbest 45.82379 500.0000 0.1745039 17.93632 285.4525 42.20062 25.11173 3.283719 2.399086 3.465179
xbest 45.82379 500.0000 0.1957363 18.07695 285.5046 42.02035 27.04878 3.283719 2.466690 3.465179
xbest 45.26856 500.0000 0.3158575 15.62193 285.2354 42.22780 25.74249 2.000000 5.299453 3.998335
xbest 45.25744 500.0000 0.3980998 15.74873 285.2162 42.26921 26.01524 2.001122 5.249062 3.999740
xbest 45.25744 500.0000 0.4880998 15.74873 285.2151 42.26921 26.01524 2.000000 5.249062 4.023490
xbest 45.58448 449.5725 0.2341287 16.87928 285.3144 40.49390 26.52969 2.399448 5.412960 2.336451
xbest 45.35246 449.5725 0.2337318 16.87928 285.3144 40.50170 26.52969 2.399448 5.447368 2.324576
xbest 44.37457 474.3613 0.2799674 16.87241 285.3112 40.51952 26.49741 2.400489 5.207225 2.378096
xbest 45.58552 449.8558 0.2490205 16.82449 285.3128 40.50366 26.52401 2.399917 5.464289 2.325905
xbest 45.58720 449.9162 0.2426015 16.84068 285.3128 40.50426 26.52275 2.400318 5.442572 2.326744
xbest 45.67362 448.0911 0.2500167 16.83407 285.3121 40.50609 26.52368 2.400149 5.490060 2.324908
xbest 45.67362 448.0911 0.2500167 16.83407 285.3121 40.50609 26.56431 2.400149 5.490060 2.324908
xbest 45.66294 448.6994 0.2503033 16.84327 285.3063 40.51148 26.50497 2.400611 5.477039 2.327631
xbest 45.66294 448.6994 0.2503033 16.84327 285.3063 40.51148 26.50497 2.400611 5.480164 2.327631
xbest 45.70128 448.6237 0.2495472 16.84320 285.3078 40.51107 26.52715 2.400963 5.487601 2.328814
xbest 45.74071 448.8492 0.2495458 16.84345 285.3054 40.51139 26.52918 2.401305 5.487277 2.328344
xbest 45.51709 449.1462 0.2485019 16.84498 285.3074 40.51102 26.52447 2.400581 5.483378 2.328217
xbest 45.54494 448.9980 0.2486822 16.85077 285.3083 40.51099 26.52783 2.400457 5.480742 2.328556
xbest 45.54494 449.0175 0.2486822 16.85077 285.3083 40.51099 26.52783 2.400457 5.480742 2.328556
xbest 45.59216 448.9978 0.2497932 16.84380 285.3064 40.51134 26.51519 2.400893 5.476250 2.327658
xbest 45.60469 448.9357 0.2496499 16.83818 285.3062 40.51021 26.54213 2.400931 5.500560 2.328452
xbest 45.83220 445.9182 0.2492624 16.83991 285.3054 40.51007 26.53191 2.400747 5.492444 2.328230
xbest 45.87713 445.6350 0.2507064 16.84219 285.3047 40.51109 26.52876 2.400799 5.491663 2.328260
xbest 45.88299 445.6350 0.2507064 16.84219 285.3047 40.51109 26.52876 2.400799 5.491663 2.328260
xbest 45.86730 445.7969 0.2503874 16.84033 285.3051 40.50996 26.53553 2.400772 5.490730 2.328181
xbest 45.86730 445.7969 0.2503874 16.84033 285.3051 40.50996 26.53553 2.400772 5.490730 2.328181

$time
elapsed elapsed elapsed elapsed elapsed elapsed elapsed elapsed elapsed elapsed elapsed elapsed elapsed elapsed elapsed elapsed elapsed elapsed elapsed elapsed elapsed elapsed elapsed elapsed elapsed 
   1.95    5.25    8.13   17.20   26.30   40.97   99.66  102.36  154.66  175.49  181.45  187.44  189.02  247.63  249.20  252.00  258.06  270.86  276.94  281.56  326.66  361.20  506.24  623.88  625.44 
elapsed elapsed 
 631.59  681.50 

$neval
 [1]   106   252   385   812  1231  1876  4417  4541  6845  7728  8003  8273  8346 10908 10981 11114 11382 11926 12199 12407 14325 15768 22304 27629 27702 27974 30059

$fbest
[1] 120.6441

$xbest
 [1]  45.8673003 445.7968846   0.2503874  16.8403330 285.3050507  40.5099586  26.5355308   2.4007723   5.4907299   2.3281806

$numeval
[1] 30059

$end_crit
[1] 1

$cpu_time
elapsed 
  681.5 

$Refset
$Refset$x
           [,1]        [,2]        [,3]      [,4]       [,5]      [,6]       [,7]       [,8]      [,9]    [,10]
 [1,]  45.86730 445.7968846   0.2503874 16.840333 285.305051  40.50996 26.5355308   2.400772  5.490730 2.328181
 [2,]  45.88299   0.2507064 285.3047470 26.528763   5.491663  45.88299  0.2507064 285.304747 26.528763 5.491663
 [3,] 445.63498  16.8421901  40.5110882  2.400799   2.328260 445.63498 16.8421901  40.511088  2.400799 2.328260
 [4,]  45.87403 445.4801217   0.2530656 16.839986 285.304748  40.51022 26.5367750   2.400292  5.490816 2.327661
 [5,]  45.85233 445.9253647   0.2490813 16.834881 285.305301  40.51079 26.5350284   2.400859  5.490823 2.329162
 [6,]  45.85915 445.8437490   0.2503443 16.840255 285.305065  40.51008 26.5354102   2.400773  5.490904 2.328187
 [7,]  45.77842 446.2481173   0.2492556 16.844323 285.306163  40.50958 26.5282116   2.400746  5.492607 2.328666
 [8,]  45.85553 446.2944789   0.2461654 16.842739 285.306727  40.50917 26.5375192   2.401350  5.491132 2.329750
 [9,]  45.75738 445.0289684   0.2503030 17.054667 285.308963  40.53381 26.5276981   2.419920  5.489194 2.327873
[10,]  45.86197 444.1061001   0.2491436 16.846271 285.305191  40.50985 26.6184335   2.401915  5.566797 2.328013
[11,]  45.83666 447.0179894   0.2488919 16.833342 285.308997  40.52561 26.5462337   2.388169  5.489937 2.407838
[12,]  63.65299 441.3243649   0.5830127 16.376702 285.374316  33.76015 26.7974336   2.000000  5.995736 1.902586

$Refset$f
 [1]  120.6441  120.6667  120.6667  120.8212  120.8924  120.9531  120.9115  121.1372  126.7795  128.8316  134.8559 1173.9462

$Refset$fpen
 [1]  120.6441  120.6667  120.6667  120.8212  120.8924  120.9531  120.9115  121.1372  126.7795  128.8316  134.8559 1173.9462

$Refset$const
          [,1]      [,2]      [,3]      [,4]     [,5]
 [1,] 11.34960 30.509270 19.159667  1.655865 2.310133
 [2,] 11.35053 19.157810  2.309623 30.508337 1.655866
 [3,] 30.50834  1.655866 11.350527 19.157810 2.309623
 [4,] 11.34917 30.509184 19.160014  1.655899 2.310144
 [5,] 11.34406 30.509177 19.165119  1.655836 2.310114
 [6,] 11.34935 30.509096 19.159745  1.655863 2.310123
 [7,] 11.35172 30.507393 19.155677  1.655728 2.309902
 [8,] 11.35161 30.508868 19.157261  1.655708 2.310586
 [9,] 11.56547 30.510806 18.945333  1.655387 2.309409
[10,] 11.27947 30.433203 19.153729  1.656169 2.315211
[11,] 11.34340 30.510063 19.166658  1.655475 2.310867
[12,] 10.38097 30.004264 19.623298  1.657172 2.715739

$Refset$penalty
 [1] 0 0 0 0 0 0 0 0 0 0 0 0


