$f
 [1] 262.9149 202.4878 171.5486 165.7604 154.1163 142.2656 140.0556 128.0451 127.0712 125.7465 122.4861 121.3889 115.4479 113.1719 112.1649 112.0972 111.7969 111.5642 111.0816 111.0712 111.0625
[22] 111.0191 110.8455 110.5226 110.4201 110.3177 110.3003 110.2969 110.0434 109.9219 109.8299 109.8090 109.7899 109.7813 109.7813

$x
          [,1]     [,2]      [,3]     [,4]     [,5]     [,6]     [,7]     [,8]     [,9]    [,10]
xbest 41.28223 351.3758 0.7243482 19.38317 285.8084 43.46222 28.01097 5.455252 7.512541 4.540808
xbest 45.55975 279.8440 0.2420379 22.69196 286.7429 44.17828 25.60102 2.000000 6.758202 2.479726
xbest 45.57733 279.8440 0.3320379 22.69196 286.7429 44.16578 25.43852 2.001562 6.758202 2.491601
xbest 45.59456 302.5463 0.3647370 21.84320 285.0568 39.03248 26.11216 2.508493 6.935412 3.095584
xbest 45.51033 300.9013 0.3135760 22.03709 285.0303 39.66463 26.14922 2.488540 6.515529 2.622767
xbest 48.26145 364.6988 0.3364630 22.41860 285.9741 42.68004 26.05574 2.000647 4.046071 2.347704
xbest 47.91739 383.1821 0.3742579 22.41749 285.2633 38.67628 26.09265 3.420378 3.623784 2.855496
xbest 47.91739 383.1821 0.3742579 22.60499 285.2622 38.70128 26.58015 3.417253 3.617534 2.855496
xbest 47.90199 398.5961 0.3911349 21.51246 285.8197 41.14044 27.73361 2.550281 4.082456 2.277094
xbest 47.90199 398.4399 0.3911349 21.51246 285.8572 41.13731 27.73361 2.550281 4.094956 2.277094
xbest 47.50681 378.5608 0.3558289 22.06645 285.6942 41.34877 26.97496 2.000000 3.951980 1.247192
xbest 47.55368 378.5608 0.3558289 22.07853 285.6942 41.34877 27.05621 2.000000 3.951980 1.247192
xbest 47.75342 375.7383 0.4731988 21.48129 285.7553 41.43923 29.35360 2.593428 4.440538 2.064411
xbest 47.75342 376.0508 0.4605426 21.48129 285.7553 41.43923 29.49578 2.593428 4.446788 2.064411
xbest 47.46794 386.5392 0.4524780 21.57234 285.7732 41.28231 29.69275 2.519907 4.330843 2.215036
xbest 47.46794 386.5392 0.4524780 21.57234 285.7732 41.28231 29.69275 2.519907 4.327718 2.215036
xbest 47.38296 385.7763 0.4262289 21.59030 285.7751 41.26320 29.72045 2.519680 4.325493 2.205079
xbest 47.35197 385.7722 0.4259418 21.59021 285.7755 41.26321 29.72181 2.519648 4.325374 2.205333
xbest 47.39473 385.7497 0.4253025 21.59098 285.7762 41.26140 29.72033 2.520110 4.327197 2.205783
xbest 47.39053 385.7839 0.4230965 21.59112 285.7761 41.26134 29.71771 2.519492 4.325100 2.206047
xbest 47.39678 385.9698 0.4454591 21.59121 285.7758 41.25777 29.72163 2.519602 4.329824 2.204981
xbest 47.38765 385.9148 0.4299201 21.59099 285.7759 41.25889 29.72181 2.519828 4.327301 2.205357
xbest 47.39512 386.0898 0.4569922 21.80435 285.7743 41.25745 29.72803 2.519590 4.195812 2.206929
xbest 47.39512 386.0898 0.4569922 21.80435 285.7743 41.25745 29.72803 2.519590 4.192687 2.206929
xbest 47.36222 386.1347 0.4371950 21.86802 285.7735 41.25554 29.73011 2.518992 4.129294 2.208547
xbest 47.36807 386.1347 0.4371950 21.86802 285.7735 41.25554 29.73011 2.518992 4.129294 2.208547
xbest 47.36034 386.4941 0.4373202 21.85423 285.7742 41.25581 29.71881 2.518863 4.130480 2.203159
xbest 47.37345 386.5444 0.4371742 21.85530 285.7734 41.25560 29.72255 2.518898 4.126915 2.206913
xbest 47.34403 388.6106 0.4643317 21.66460 285.7719 41.04670 29.66832 2.571042 4.183218 2.230562
xbest 47.31821 387.0854 0.4265863 21.82197 285.7681 41.24105 29.74700 2.519673 4.135401 2.204757
xbest 47.36089 386.5871 0.4372542 21.85108 285.7739 41.25351 29.72361 2.518893 4.130149 2.203888
xbest 47.35671 386.8428 0.4376410 21.84069 285.7738 41.25203 29.72645 2.518795 4.131647 2.202797
xbest 47.36099 388.8498 0.4642849 21.66329 285.7719 41.04525 29.66796 2.571674 4.183233 2.233939
xbest 47.36099 388.8498 0.4642849 21.66329 285.7719 41.04525 29.66796 2.571674 4.183233 2.233197
xbest 47.36099 388.8498 0.4642849 21.66329 285.7719 41.04525 29.66796 2.571674 4.183233 2.233197

$time
elapsed elapsed elapsed elapsed elapsed elapsed elapsed elapsed elapsed elapsed elapsed elapsed elapsed elapsed elapsed elapsed elapsed elapsed elapsed elapsed elapsed elapsed elapsed elapsed elapsed 
   2.19    6.81    9.66   17.33   25.06   40.56   48.46   51.94  111.55  114.00  121.92  153.91  238.49  241.97  316.81  318.72  322.71  330.74  346.42  363.71  411.44  419.00  437.27  439.46  572.33 
elapsed elapsed elapsed elapsed elapsed elapsed elapsed elapsed elapsed elapsed 
 574.33  578.28  661.78  671.58  682.25  690.05  693.52  700.64  702.66  844.83 

$neval
 [1]   106   262   377   667   950  1497  1767  1881  3905  3995  4264  5421  8285  8392 11380 11454 11592 11866 12420 13019 14720 14990 15669 15743 20368 20441 20579 23455 23797 24211 24491 24630
[33] 24907 24981 30028

$fbest
[1] 109.7813

$xbest
 [1]  47.3609908 388.8497961   0.4642849  21.6632880 285.7719261  41.0452499  29.6679611   2.5716739   4.1832332   2.2331969

$numeval
[1] 30028

$end_crit
[1] 1

$cpu_time
elapsed 
 844.83 

$Refset
$Refset$x
          [,1]     [,2]      [,3]     [,4]     [,5]     [,6]     [,7]     [,8]     [,9]    [,10]
 [1,] 47.36166 388.8510 0.4642840 21.66245 285.7719 41.04529 29.66818 2.571801 4.183787 2.233854
 [2,] 47.36700 388.8558 0.4626573 21.65581 285.7721 41.04529 29.67694 2.571866 4.184208 2.233884
 [3,] 47.36148 386.6976 0.4391826 21.83204 285.7643 41.23588 29.71275 2.519247 4.142924 2.207765
 [4,] 74.03298 479.7860 0.4173595 20.59055 286.9986 21.39372 49.12497 7.706011 7.816604 1.876459
 [5,] 47.36337 386.5079 0.4347177 21.85762 285.7722 41.24820 29.72117 2.518852 4.126324 2.204145
 [6,] 47.36900 387.4525 0.4738384 21.83083 285.7720 40.99104 29.74467 2.513690 4.144803 2.207835
 [7,] 47.20418 386.1128 0.4513613 21.95183 285.7744 41.05445 29.69657 2.512035 4.104139 2.211516
 [8,] 47.23996 387.1970 0.4597002 21.90326 285.7755 40.98797 29.74334 2.513999 4.103877 2.206370
 [9,] 47.32765 386.7202 0.4391700 21.84860 285.7730 41.02578 29.72545 2.522003 4.122192 2.176403
[10,] 47.34825 386.3887 0.4598623 21.78895 285.7737 41.30109 29.77928 2.523402 4.141702 2.207971
[11,] 47.39426 388.1949 0.4539514 21.69822 285.7028 40.90283 29.56826 2.601462 4.154723 2.227048
[12,] 46.91002 384.8826 0.4394770 21.81771 285.7450 41.20441 29.72345 2.921721 4.137324 2.205215

$Refset$f
 [1]     109.7813     109.8559     109.9444 1000000.0000     110.2309     112.6892     112.8698     112.9809     113.6094     119.8333     121.3142     132.4653

$Refset$fpen
 [1] 1.097813e+02 1.098559e+02 1.099444e+02 9.999975e+11 1.102309e+02 1.126892e+02 1.128698e+02 1.129809e+02 1.136094e+02 1.198333e+02 1.213142e+02 1.324653e+02

$Refset$const
              [,1]         [,2]         [,3]         [,4]         [,5]
 [1,] 1.747866e+01 3.181621e+01 1.433755e+01 1.609602e+00 2.593356e+00
 [2,] 1.747160e+01 3.181579e+01 1.434419e+01 1.609572e+00 2.594036e+00
 [3,] 1.768912e+01 3.185708e+01 1.416796e+01 1.610544e+00 2.584764e+00
 [4,] 1.000000e+06 1.000000e+06 1.000000e+06 1.000000e+06 1.000000e+06
 [5,] 1.773130e+01 3.187368e+01 1.414238e+01 1.609628e+00 2.586780e+00
 [6,] 1.768602e+01 3.185520e+01 1.416917e+01 1.609513e+00 2.601680e+00
 [7,] 1.784769e+01 3.189586e+01 1.404817e+01 1.609299e+00 2.595559e+00
 [8,] 1.779938e+01 3.189612e+01 1.409674e+01 1.609111e+00 2.602644e+00
 [9,] 1.772641e+01 3.187781e+01 1.415140e+01 1.609431e+00 2.598743e+00
[10,] 1.764725e+01 3.185830e+01 1.421105e+01 1.609445e+00 2.588578e+00
[11,] 1.754350e+01 3.184528e+01 1.430178e+01 1.617607e+00 2.576005e+00
[12,] 1.768038e+01 3.186268e+01 1.418229e+01 1.612754e+00 2.582187e+00

$Refset$penalty
 [1]      0.0      0.0      0.0 999996.5      0.0      0.0      0.0      0.0      0.0      0.0      0.0      0.0


