$f
 [1] 581.0833 367.1840 248.5139 241.3247 228.6910 221.5747 215.0000 214.2014 212.5903 209.1476 204.9531 204.6441 201.9757 201.0017 200.0903 196.3542 195.3264 194.4306 193.6007 193.1042 193.0608
[22] 192.7187 192.4271 192.3160 192.2344 192.2153 191.5781 191.0417 191.0417

$x
          [,1]     [,2]      [,3]     [,4]     [,5]     [,6]     [,7]     [,8]     [,9]    [,10]
xbest 28.82966 374.9232 0.6037937 26.63434 285.1311 43.18468 34.94689 5.940508 2.982285 3.195115
xbest 53.77675 482.2340 1.0000000 23.48996 285.6640 35.21267 24.59261 3.486396 2.000000 1.200000
xbest 53.77675 457.5000 0.8425000 23.48996 285.9265 35.21267 25.30000 3.886396 2.000000 1.200000
xbest 57.65173 477.6689 0.8043327 22.26669 286.5535 35.40450 24.93286 3.047016 2.136607 1.654022
xbest 57.59932 477.6689 0.8043327 22.45419 286.5160 35.41700 24.56724 3.047016 2.236607 1.651053
xbest 56.14820 465.8977 0.7425490 23.43148 286.0298 34.82938 25.22391 2.532564 2.104287 1.299603
xbest 56.13462 466.3726 0.7504477 23.25703 286.0577 34.72196 25.67316 2.589289 2.172074 1.317468
xbest 56.13462 466.3726 0.7279477 23.25777 286.0577 34.72196 25.67316 2.589289 2.172074 1.317468
xbest 56.12463 464.8808 0.7762325 23.44896 286.0233 34.77543 25.33686 2.550608 2.114959 1.324990
xbest 56.12292 465.8314 0.7754400 23.49236 285.9846 34.72824 25.18398 2.523146 2.000000 1.313474
xbest 56.19323 465.8314 0.7529400 23.50408 285.9775 34.72824 25.18398 2.523146 2.003125 1.316443
xbest 56.40349 466.6677 0.8312151 23.19287 286.0065 34.74295 25.32983 2.568184 2.081850 1.317782
xbest 56.40349 466.8240 0.7869183 23.19287 286.0065 34.74295 25.24858 2.568184 2.081850 1.317782
xbest 48.11384 475.5939 0.7452875 22.52242 285.2553 39.53374 27.44118 2.484547 2.337698 1.620034
xbest 48.11384 475.5939 0.7902875 22.52242 285.2553 39.53374 27.44118 2.484547 2.362698 1.620034
xbest 47.73162 473.8044 0.7819913 22.52688 285.2476 39.53259 27.44394 2.480076 2.376667 1.619245
xbest 47.73162 473.8044 0.7819913 22.52688 285.2476 39.53259 27.40332 2.480076 2.376667 1.619245
xbest 47.88385 474.4075 0.7875970 22.52446 285.2506 39.53431 27.42985 2.479583 2.342782 1.619331
xbest 47.88385 474.4075 0.8325970 22.52446 285.2506 39.53431 27.42985 2.479583 2.342782 1.617846
xbest 47.96463 474.6389 0.7944307 22.52669 285.2522 39.52308 27.42861 2.478527 2.335080 1.619056
xbest 47.96463 474.6389 0.8169307 22.52669 285.2522 39.52308 27.42861 2.478527 2.335080 1.619056
xbest 47.96511 474.6264 0.7868511 22.52658 285.2521 39.52668 27.43042 2.478876 2.330915 1.619057
xbest 47.96503 474.6312 0.7941427 22.52670 285.2521 39.52259 27.42836 2.478732 2.332402 1.619056
xbest 47.96501 474.6302 0.7978819 22.52679 285.2521 39.52238 27.42800 2.478687 2.332360 1.619056
xbest 47.95966 474.6753 0.7953858 22.52662 285.2522 39.52247 27.42796 2.478575 2.331662 1.619458
xbest 47.97342 474.6420 0.7959234 22.52660 285.2522 39.52273 27.42812 2.478590 2.330414 1.619352
xbest 47.97269 474.8946 0.7983096 22.52824 285.2518 39.51764 27.42849 2.481194 2.330423 1.638815
xbest 47.97269 474.8946 0.8433096 22.52824 285.2518 39.51764 27.42849 2.481194 2.330423 1.638815
xbest 47.97269 474.8946 0.8433096 22.52824 285.2518 39.51764 27.42849 2.481194 2.330423 1.638815

$time
elapsed elapsed elapsed elapsed elapsed elapsed elapsed elapsed elapsed elapsed elapsed elapsed elapsed elapsed elapsed elapsed elapsed elapsed elapsed elapsed elapsed elapsed elapsed elapsed elapsed 
   1.74    5.18    7.53   35.58   41.05   62.83   69.07   73.80   83.69   86.75  108.89  226.55  228.35  373.14  375.94  422.99  424.78  457.13  459.13  492.52  494.19  529.82  541.43  544.63  577.69 
elapsed elapsed elapsed elapsed 
 586.60  630.18  631.82  674.00 

$neval
 [1]   106   257   365  1620  1872  2813  3083  3298  3708  3843  4777 10359 10449 17378 17465 19344 19418 20759 20837 22191 22264 24042 24517 24654 26067 26469 28320 28393 30026

$fbest
[1] 191.0417

$xbest
 [1]  47.9726938 474.8946120   0.8433096  22.5282447 285.2517791  39.5176446  27.4284866   2.4811942   2.3304228   1.6388154

$numeval
[1] 30026

$end_crit
[1] 1

$cpu_time
elapsed 
    674 

$Refset
$Refset$x
           [,1]        [,2]        [,3]      [,4]       [,5]      [,6]       [,7]       [,8]      [,9]    [,10]
 [1,]  47.97269   0.8433096 285.2517791 27.428487   2.330423  47.97269  0.8433096 285.251779 27.428487 2.330423
 [2,] 474.89461  22.5282447  39.5176446  2.481194   1.638815 474.89461 22.5282447  39.517645  2.481194 1.638815
 [3,]  47.97269 474.8946120   0.7983096 22.528245 285.251779  39.51764 27.4284866   2.481194  2.330423 1.638815
 [4,]  47.97336 474.6418018   0.7953062 22.526624 285.252148  39.52238 27.4282480   2.478582  2.330388 1.619351
 [5,]  47.97200 474.6361540   0.7945167 22.527025 285.252138  39.52258 27.4284039   2.478614  2.330248 1.619265
 [6,]  47.97161 474.6686201   0.7929515 22.527517 285.252111  39.52261 27.4283657   2.478575  2.329528 1.619555
 [7,]  47.97303 474.6418252   0.7954341 22.526624 285.252148  39.52238 27.4282438   2.478582  2.330417 1.619353
 [8,]  47.97062 474.6389963   0.7954404 22.528144 285.252116  39.52250 27.4283311   2.478584  2.330204 1.619388
 [9,]  47.98315 474.7427980   0.7885782 22.520839 285.252532  39.52298 27.4411621   2.478291  2.329360 1.619146
[10,]  48.16065 474.6775821   0.8175416 22.180760 285.248009  39.54465 27.5316147   2.407146  2.663396 2.667587
[11,]  48.04753 469.7086016   0.8175700 22.576888 285.249277  39.54209 27.4022919   2.504189  2.334747 1.815441
[12,]  48.41448 475.2841806   0.8038844 22.338941 285.238050  39.62731 27.4720881   2.467006  2.170380 1.651772

$Refset$f
 [1] 191.0417 191.0417 191.5781 192.2153 192.2153 192.2153 192.2153 192.2344 192.9878 194.8837 208.1510 214.6441

$Refset$fpen
 [1] 191.0417 191.0417 191.5781 192.2153 192.2153 192.2153 192.2153 192.2344 192.9878 194.8837 208.1510 214.6441

$Refset$const
          [,1]      [,2]      [,3]      [,4]     [,5]
 [1,] 20.19782 13.471755  2.399838 33.669577 1.666876
 [2,] 33.66958  1.666876 20.197822 13.471755 2.399838
 [3,] 20.19782 33.669577 13.471755  1.666876 2.399838
 [4,] 20.19624 33.669612 13.473376  1.666825 2.399671
 [5,] 20.19678 33.669752 13.472975  1.666826 2.399670
 [6,] 20.19799 33.670472 13.472483  1.666829 2.399661
 [7,] 20.19621 33.669583 13.473376  1.666825 2.399670
 [8,] 20.19794 33.669796 13.471856  1.666828 2.399665
 [9,] 20.19148 33.670640 13.479161  1.666822 2.400572
[10,] 19.51736 33.336604 13.819240  1.667551 2.404772
[11,] 20.24214 33.665253 13.423112  1.667013 2.396519
[12,] 20.16856 33.829620 13.661059  1.668272 2.395203

$Refset$penalty
 [1] 0 0 0 0 0 0 0 0 0 0 0 0


