$f
 [1] 709.24479 213.64931 172.42882 138.33160 129.09549 103.52083 103.39931 102.90799 100.95660  96.63021  95.60590  95.31076  94.91493  92.85417  92.00868  91.55035  91.05382  90.98611  90.95139
[20]  90.78993  90.74132  90.63715  90.44271  89.62847  89.55035  89.44618  89.36111  88.12326  88.11111

$x
          [,1]     [,2]      [,3]     [,4]     [,5]     [,6]     [,7]     [,8]     [,9]    [,10]
xbest 20.26606 180.5554 0.8926471 28.40123 284.1312 36.36831 31.56742 7.927982 7.335302 4.404055
xbest 31.34228 361.9494 0.9751594 17.32408 284.0000 46.74936 32.20404 5.109628 8.334768 4.100459
xbest 32.85735 352.0672 0.9410590 17.32817 284.1500 48.00000 31.84068 5.109356 8.134768 3.910330
xbest 44.13393 412.9487 0.7786006 18.14112 285.2715 40.89885 33.92947 4.002372 6.413303 4.326863
xbest 46.45170 389.9836 0.7082583 18.69342 285.2829 41.67776 34.89954 3.997542 5.951918 4.206231
xbest 46.45170 389.9836 0.9472583 18.69342 285.4236 41.67776 36.04227 3.997542 5.851918 4.161694
xbest 45.60853 401.1312 0.7795181 18.16835 285.1238 41.53545 32.85955 4.017315 5.933183 3.966392
xbest 45.63196 401.1312 0.7793423 18.16835 285.1238 41.53545 32.90017 4.017315 5.933183 3.966392
xbest 45.59090 401.1069 0.7948516 18.03837 285.1352 41.51289 32.93184 4.058094 6.163568 3.971847
xbest 45.62605 400.4623 0.9748516 18.02372 285.1352 41.51289 32.95215 4.057704 6.212786 3.971847
xbest 46.18090 403.6572 0.8103923 17.93523 285.1761 41.51267 33.17703 4.060228 5.860648 3.883704
xbest 46.20433 403.5010 0.8328923 17.93523 285.1767 41.51267 33.17703 4.060228 5.860648 3.883704
xbest 45.81614 405.0361 0.8071199 18.01108 285.1392 41.46061 33.02396 4.028566 5.849506 3.903825
xbest 46.37318 404.0077 0.8059302 18.14455 285.1791 41.39992 33.25723 4.027594 5.739968 3.891991
xbest 46.37318 404.0077 1.0000000 18.14455 285.1791 41.39992 33.25723 4.027594 5.739968 3.891991
xbest 46.20357 403.6313 0.7972181 17.88715 285.1721 41.48514 33.15430 4.058930 5.845787 3.766933
xbest 46.21161 403.2074 0.8177679 17.94829 285.1787 41.47860 33.16798 4.058421 5.845487 3.764899
xbest 46.21708 402.9055 0.8288569 17.98258 285.1795 41.47611 33.17951 4.058203 5.842005 3.764811
xbest 46.21624 402.7579 0.8127586 17.96815 285.1846 41.47875 33.17504 4.058211 5.846075 3.763219
xbest 46.21624 402.7579 0.8127586 17.96815 285.1846 41.47875 33.17504 4.058211 5.846075 3.763961
xbest 46.21394 402.7231 0.8035045 17.96609 285.1875 41.48187 33.16439 4.058346 5.847071 3.763573
xbest 46.18904 408.9787 0.8098000 17.68071 285.1808 41.48358 33.19247 4.058609 5.830546 3.768610
xbest 46.18017 412.6524 0.8032668 17.57874 285.1807 41.47836 33.19263 4.058035 5.823143 3.769306
xbest 46.19367 411.7361 0.8041808 17.59159 285.1800 41.47929 33.16650 4.058233 5.836945 3.767551
xbest 46.19269 411.7380 0.8037630 17.59279 285.1800 41.47999 33.16819 4.058147 5.836004 3.767565
xbest 46.18263 411.7623 0.8050729 17.59493 285.1802 41.47992 33.16854 4.058180 5.838298 3.767621
xbest 46.18197 411.7527 0.8049493 17.59558 285.1802 41.47970 33.21062 4.058389 5.833351 3.766670
xbest 46.18197 412.3777 1.0000000 17.59558 285.1802 41.47970 33.21062 4.058389 5.833351 3.766670
xbest 46.17611 412.3777 1.0000000 17.59558 285.1802 41.47970 33.21062 4.058389 5.833351 3.766670

$time
elapsed elapsed elapsed elapsed elapsed elapsed elapsed elapsed elapsed elapsed elapsed elapsed elapsed elapsed elapsed elapsed elapsed elapsed elapsed elapsed elapsed elapsed elapsed elapsed elapsed 
   1.83    4.80    8.70   20.87   29.59   41.75  151.30  153.09  180.44  186.11  267.05  268.87  281.27  297.33  301.89  384.36  401.67  408.11  414.58  418.89  421.64  424.39  427.14  434.91  472.45 
elapsed elapsed elapsed elapsed 
 501.22  579.95  581.95  664.70 

$neval
 [1]   106   254   413   973  1382  1919  6903  6987  8192  8461 12026 12115 12669 13355 13571 17242 17993 18271 18551 18759 18893 19030 19164 19565 21416 22731 26386 26474 30068

$fbest
[1] 88.11111

$xbest
 [1]  46.176111 412.377702   1.000000  17.595579 285.180215  41.479702  33.210620   4.058389   5.833351   3.766670

$numeval
[1] 30068

$end_crit
[1] 1

$cpu_time
elapsed 
  664.7 

$Refset
$Refset$x
          [,1]     [,2]      [,3]     [,4]     [,5]     [,6]     [,7]     [,8]     [,9]    [,10]
 [1,] 46.17460 411.8697 0.8067241 17.60033 285.1796 41.47786 33.22263 4.058464 5.834883 3.765226
 [2,] 46.17587 411.8656 0.8066183 17.60281 285.1795 41.47632 33.22612 4.058384 5.833274 3.765684
 [3,] 46.17451 411.8274 0.8067117 17.60435 285.1795 41.47820 33.22058 4.058394 5.833146 3.765880
 [4,] 46.17623 411.8705 0.8062078 17.60106 285.1796 41.47869 33.21874 4.058403 5.833799 3.765933
 [5,] 46.17688 411.9059 0.8064976 17.60034 285.1808 41.47812 33.22299 4.058381 5.832823 3.765542
 [6,] 46.17876 411.8875 0.8057230 17.59636 285.1798 41.47924 33.21475 4.058518 5.834192 3.766322
 [7,] 46.18100 411.8966 0.8059779 17.59627 285.1796 41.47934 33.21610 4.058469 5.833809 3.766137
 [8,] 46.16992 411.9367 0.8071362 17.61198 285.1859 41.52201 33.24850 4.048598 5.829351 3.765426
 [9,] 46.20674 407.7328 0.7489839 17.77372 285.2140 41.57787 33.49555 4.058586 5.832576 3.763524
[10,] 46.63140 452.3155 0.9730774 18.08236 285.1145 39.07065 33.22590 4.038950 5.017985 3.792397
[11,] 46.25400 413.3010 0.8053220 17.38382 285.1978 41.47984 33.39998 4.088230 5.830568 3.767948
[12,] 48.00449 395.0716 0.5791541 19.09631 285.1082 38.87935 32.97990 4.024377 6.583975 4.269915

$Refset$f
 [1]  88.81076  88.81076  88.81076  88.91667  89.12153  89.14931  89.14931  92.86458  99.12674 127.60243 111.40278 440.78646

$Refset$fpen
 [1]  88.81076  88.81076  88.81076  88.91667  89.12153  89.14931  89.14931  92.86458  99.12674 127.60243 111.40278 440.78646

$Refset$const
          [,1]     [,2]     [,3]     [,4]     [,5]
 [1,] 11.76545 30.16512 18.39967 1.683193 2.698040
 [2,] 11.76954 30.16673 18.39719 1.683209 2.698389
 [3,] 11.77120 30.16685 18.39565 1.683203 2.697841
 [4,] 11.76726 30.16620 18.39894 1.683198 2.697672
 [5,] 11.76751 30.16718 18.39966 1.683039 2.698276
 [6,] 11.76217 30.16581 18.40364 1.683171 2.697362
 [7,] 11.76246 30.16619 18.40373 1.683195 2.697426
 [8,] 11.78263 30.17065 18.38802 1.682344 2.698536
 [9,] 11.94114 30.16742 18.22628 1.678562 2.720152
[10,] 13.06438 30.98202 17.91764 1.692160 2.854897
[11,] 11.55326 30.16943 18.61618 1.680773 2.715532
[12,] 12.51233 29.41602 16.90369 1.693145 2.845854

$Refset$penalty
 [1] 0 0 0 0 0 0 0 0 0 0 0 0


