$f
 [1] 71308.26 69158.46 68786.11 68733.89 68653.85 68645.13 68634.65 68634.43 68633.67 68625.90 68608.93 68607.11 68581.94 68581.83 68556.64 68556.21 68552.82 68551.73 68551.68 68544.19 68534.67
[22] 68534.64 68534.46 68534.33 68534.29 68533.58 68533.48 68533.35 68533.26 68533.18 68533.18

$x
          [,1]     [,2]      [,3]     [,4]     [,5]     [,6]     [,7]     [,8]     [,9]    [,10]
xbest 40.63936 387.8184 0.4406078 18.93905 285.1450 37.60065 35.85536 5.416096 5.334726 3.802224
xbest 55.85646 397.4374 0.7940271 15.66865 285.5130 37.86512 32.43536 6.339340 5.453793 3.289046
xbest 55.48146 362.6121 1.0000000 16.23115 285.6817 37.86512 33.65411 6.339340 5.553793 3.241546
xbest 56.57076 334.8648 0.9803276 17.64969 285.6723 39.37272 35.20828 6.031911 5.163126 3.180425
xbest 56.19576 334.7866 0.6424761 17.46219 285.6723 39.37272 35.36824 6.031911 5.135001 3.180054
xbest 53.47923 370.9303 0.8347533 21.45938 285.5965 41.26744 35.27581 5.719665 2.197628 4.275897
xbest 53.47923 370.9303 1.0000000 21.46524 285.5965 41.26744 35.27581 5.719665 2.172628 4.275897
xbest 54.01643 358.8185 0.8428131 22.00382 285.6647 40.39846 35.36985 5.949858 2.114836 3.385997
xbest 53.91280 358.0332 0.8443575 22.10380 285.6564 40.39712 35.37653 5.941683 2.134027 3.394934
xbest 54.01118 359.6682 0.8503362 22.10821 285.6623 40.45530 35.45544 5.957573 2.133576 3.401787
xbest 53.97327 358.6757 0.8431504 22.10579 285.6593 40.38748 35.38840 5.951459 2.133937 3.392419
xbest 53.95353 358.1582 0.8423714 22.10598 285.6599 40.36838 35.40949 5.950175 2.134112 3.389825
xbest 54.14140 358.1582 0.6176348 22.09423 285.6599 40.36838 35.39900 5.950175 2.003227 3.389825
xbest 53.84353 367.4065 0.8518021 21.64299 285.6305 40.58584 35.47171 5.821545 2.165547 3.629173
xbest 53.78201 366.8596 1.0000000 21.65837 285.6244 40.67335 35.40062 5.821545 2.165547 3.617298
xbest 53.83407 366.5887 0.8441809 21.65175 285.6330 40.65073 35.48117 5.823573 2.161923 3.584085
xbest 53.80269 366.8188 0.8427317 21.63828 285.6237 40.59895 35.51579 5.823877 2.159894 3.581008
xbest 53.85632 367.2544 0.8462738 21.67451 285.6284 40.64897 35.43113 5.821634 2.156515 3.585635
xbest 53.83891 364.2160 0.8444014 21.73051 285.6286 40.64889 35.45229 5.821677 2.156719 3.595556
xbest 53.88019 366.7092 0.8414571 21.65099 285.6325 40.64448 35.48236 5.820384 2.162693 3.582190
xbest 53.88019 366.7092 0.9314571 21.65392 285.6325 40.64448 35.48236 5.820384 2.162693 3.579221
xbest 53.87434 367.0072 0.8849808 21.66475 285.6301 40.64724 35.46677 5.820884 2.136041 3.577496
xbest 53.89778 367.0072 0.8849808 21.66475 285.6301 40.64724 35.46677 5.820884 2.136041 3.576754
xbest 53.87902 365.5865 0.9041698 21.70685 285.6291 40.64954 35.47241 5.820776 2.145748 3.578171
xbest 53.87601 365.9227 0.9466660 21.69712 285.6295 40.64824 35.47433 5.820769 2.145605 3.577575
xbest 53.90726 366.2867 0.9144479 21.67944 285.6310 40.64807 35.46980 5.820832 2.143880 3.575486
xbest 53.90190 366.3470 0.9148057 21.67922 285.6303 40.64798 35.46818 5.820821 2.142544 3.576794
xbest 53.88849 365.9876 0.9196718 21.69612 285.6303 40.64971 35.47193 5.820815 2.143107 3.576683
xbest 53.89103 365.8074 0.9211580 21.69991 285.6308 40.65029 35.46983 5.820889 2.145309 3.577522
xbest 53.89103 365.8074 0.9211580 21.69991 285.6308 40.65029 35.46983 5.820889 2.145309 3.576780
xbest 53.89103 365.8074 0.9211580 21.69991 285.6308 40.65029 35.46983 5.820889 2.145309 3.576780

$time
elapsed elapsed elapsed elapsed elapsed elapsed elapsed elapsed elapsed elapsed elapsed elapsed elapsed elapsed elapsed elapsed elapsed elapsed elapsed elapsed elapsed elapsed elapsed elapsed elapsed 
   2.50    7.47   11.64   32.74   58.30  138.24  140.96  158.08  162.21  166.39  170.88  179.52  187.57  254.29  258.69  275.75  288.63  292.66  296.57  300.82  303.46  591.50  593.86  659.44  683.36 
elapsed elapsed elapsed elapsed elapsed elapsed 
 687.58  710.14  734.77  901.97  904.66  936.97 

$neval
 [1]   106   267   413  1131  1979  4525  4614  5150  5286  5422  5561  5831  6100  8152  8300  8851  9267  9405  9545  9686  9772 19003 19082 21126 21880 22016 22763 23577 29021 29095 30059

$fbest
[1] 68533.18

$xbest
 [1]  53.891026 365.807364   0.921158  21.699913 285.630755  40.650294  35.469828   5.820889   2.145309   3.576780

$numeval
[1] 30059

$end_crit
[1] 1

$cpu_time
elapsed 
 936.97 

$Refset
$Refset$x
           [,1]       [,2]        [,3]      [,4]       [,5]      [,6]      [,7]       [,8]      [,9]    [,10]
 [1,]  53.89103   0.921158 285.6307549 35.469828   2.145309  53.89103  0.921158 285.630755 35.469828 2.145309
 [2,] 365.80736  21.699913  40.6502941  5.820889   3.576780 365.80736 21.699913  40.650294  5.820889 3.576780
 [3,]  53.89103 365.807364   0.9211580 21.699913 285.630755  40.65029 35.469828   5.820889  2.145309 3.577522
 [4,]  53.88796 366.015045   0.9191393 21.694713 285.630360  40.64849 35.470071   5.820820  2.143259 3.576733
 [5,]  53.88871 366.053373   0.9194301 21.691966 285.630390  40.64928 35.470544   5.820867  2.143513 3.576949
 [6,]  53.88850 366.045517   0.9198447 21.692938 285.630820  40.64970 35.470219   5.820853  2.143249 3.577163
 [7,]  53.89023 366.036914   0.9194099 21.689932 285.630411  40.64734 35.473909   5.820832  2.145044 3.576726
 [8,]  53.88812 366.005617   0.9195722 21.694061 285.630288  40.64879 35.469906   5.820854  2.143428 3.577070
 [9,]  53.89231 363.834644   0.9082184 21.695753 285.631476  40.65179 35.604554   5.808146  2.164635 3.500176
[10,]  53.62237 371.744570   0.9271818 21.694155 285.697373  40.63356 35.580771   5.790902  2.129365 3.687468
[11,]  54.10784 376.533353   0.8990179 21.756421 285.634285  40.85616 35.408707   4.705198  2.160956 3.017570
[12,]  54.11258 365.017154   0.9529283 21.601738 285.641954  40.50261 35.536611   5.806677  2.147416 3.569619

$Refset$f
 [1] 68533.18 68533.18 68533.26 68533.35 68533.35 68533.35 68533.35 68533.35 68574.06 68588.49 68594.40 68580.77

$Refset$fpen
 [1] 68533.18 68533.18 68533.26 68533.35 68533.35 68533.35 68533.35 68533.35 68574.06 68588.49 68594.40 68580.77

$Refset$const
          [,1]      [,2]      [,3]      [,4]     [,5]
 [1,] 19.55460 14.300087  3.067004 33.854691 1.615194
 [2,] 33.85469  1.615194 19.554604 14.300087 3.067004
 [3,] 19.55460 33.854691 14.300087  1.615194 3.067004
 [4,] 19.55145 33.856741 14.305287  1.615244 3.067067
 [5,] 19.54845 33.856487 14.308034  1.615240 3.067055
 [6,] 19.54969 33.856751 14.307062  1.615181 3.067112
 [7,] 19.54489 33.854956 14.310068  1.615219 3.067562
 [8,] 19.55063 33.856572 14.305939  1.615256 3.067003
 [9,] 19.53112 33.835365 14.304247  1.614606 3.080498
[10,] 19.56479 33.870635 14.305845  1.605208 3.099658
[11,] 19.59546 33.839044 14.243579  1.615534 3.044474
[12,] 19.45432 33.852584 14.398262  1.612868 3.089928

$Refset$penalty
 [1] 0 0 0 0 0 0 0 0 0 0 0 0


