$f
 [1] 479.3247 390.5764 383.8854 360.8906 335.7309 330.1736 319.7240 312.5451 296.6806 290.8576 278.0000 271.3472 262.2569 258.3247 255.8576 253.2083 251.6580 251.1736 248.3490 246.9149 246.2865
[22] 245.9375 245.8507 245.7847 245.7691 245.7691

$x
          [,1]     [,2]      [,3]     [,4]     [,5]     [,6]     [,7]     [,8]     [,9]    [,10]
xbest 33.02688 498.0133 0.5981295 17.85063 284.1117 43.03310 39.47017 4.653684 5.826445 3.864644
xbest 32.31584 492.7224 0.6713116 21.30326 284.2562 42.73058 38.59107 3.781244 4.688388 3.956844
xbest 32.31584 492.7224 1.0000000 21.30912 284.2562 42.73058 38.59107 3.781244 4.689560 3.956844
xbest 28.55064 381.5966 0.6680598 20.83457 285.0562 44.68360 25.00228 6.026452 7.105703 2.436137
xbest 27.40585 500.0000 0.8745685 15.63503 285.0658 46.72748 24.95180 7.071850 6.852365 1.200000
xbest 31.53788 498.4102 0.9849832 22.34789 284.2701 46.94398 43.50687 3.718665 3.414227 4.226486
xbest 40.81034 355.9906 0.3567781 21.90058 284.4652 38.35511 29.05770 4.509387 6.346983 3.744459
xbest 42.33927 429.1112 0.7963019 22.51320 284.2657 40.48443 24.60855 2.062199 4.753795 4.794614
xbest 27.28261 306.4501 0.7763182 19.89828 284.6006 44.24416 26.87722 6.823197 8.966338 1.785763
xbest 41.67119 449.7747 0.7691650 21.65469 284.2667 39.91968 27.86074 3.063983 4.687798 4.874850
xbest 41.67119 449.7747 0.7466650 21.70156 284.3940 39.91968 27.97564 3.063983 4.537798 4.870651
xbest 41.42253 434.7262 0.8392069 21.71861 284.2865 38.91033 28.08419 4.136380 4.800213 4.541957
xbest 41.61003 435.3524 0.8040479 21.71861 284.3615 38.93538 28.08419 4.130130 4.803344 4.536020
xbest 42.74713 435.9770 0.8122100 21.48648 284.2353 38.94750 28.03345 4.075167 4.696107 4.570629
xbest 42.74713 435.9770 0.8122100 21.48648 284.2353 38.94750 28.11470 4.075167 4.696107 4.570629
xbest 42.28405 426.4306 0.8358899 21.88186 284.2333 39.11988 27.94171 4.002947 4.761133 4.545322
xbest 42.31921 426.4306 0.9540112 21.87967 284.2333 39.11988 27.93975 4.002947 4.761133 4.557197
xbest 42.06854 459.3082 0.8689704 22.39529 284.2551 39.10955 27.82381 4.005429 3.734672 4.522023
xbest 42.06854 459.3082 0.8689704 22.39529 284.2176 39.10955 27.98631 4.006015 3.709672 4.522023
xbest 42.08417 435.9693 0.9674972 21.88792 284.1832 39.06451 27.81699 4.002034 4.615343 4.570045
xbest 42.08417 435.9693 0.9449972 21.88865 284.1832 39.06451 27.81699 4.002034 4.615343 4.570045
xbest 42.03770 442.0701 0.9241244 21.91499 284.2316 39.13565 27.82168 4.110714 4.409472 4.558267
xbest 42.04065 442.8275 0.9221342 21.88169 284.2280 39.14874 27.81965 4.111140 4.429923 4.560455
xbest 42.04204 442.8731 0.9212151 21.86170 284.2262 39.14794 27.82001 4.111111 4.442954 4.561607
xbest 42.04131 442.7449 0.9214339 21.87424 284.2271 39.15129 27.81912 4.111159 4.436361 4.561206
xbest 42.04131 442.7449 0.9214339 21.87424 284.2271 39.15129 27.81912 4.111159 4.436361 4.561206

$time
elapsed elapsed elapsed elapsed elapsed elapsed elapsed elapsed elapsed elapsed elapsed elapsed elapsed elapsed elapsed elapsed elapsed elapsed elapsed elapsed elapsed elapsed elapsed elapsed elapsed 
   1.83    4.72    6.89   10.15   13.89   17.25   20.37   26.87   29.97   39.75   42.31  167.45  170.23  195.40  203.61  219.43  238.95  297.00  299.08  382.68  384.40  467.51  510.70  564.28  620.03 
elapsed 
 704.53 

$neval
 [1]   106   254   351   495   636   776   917  1191  1327  1735  1851  7381  7515  8610  8956  9627 10417 12876 12969 16617 16696 20349 22201 24189 26429 30057

$fbest
[1] 245.7691

$xbest
 [1]  42.0413075 442.7449418   0.9214339  21.8742448 284.2271213  39.1512859  27.8191235   4.1111585   4.4363615   4.5612055

$numeval
[1] 30057

$end_crit
[1] 1

$cpu_time
elapsed 
 704.53 

$Refset
$Refset$x
          [,1]     [,2]      [,3]     [,4]     [,5]     [,6]     [,7]     [,8]     [,9]    [,10]
 [1,] 42.64332 475.4906 0.1361401 22.12695 286.7031 19.91496 29.57892 3.368237 3.208151 3.368074
 [2,] 42.03689 442.8157 0.9216049 21.87952 284.2271 39.14792 27.81741 4.111097 4.432266 4.561015
 [3,] 42.03923 442.7802 0.9217117 21.87798 284.2271 39.14910 27.81865 4.111125 4.433562 4.561205
 [4,] 42.03959 442.7933 0.9214694 21.87572 284.2270 39.14835 27.81920 4.111139 4.434621 4.561228
 [5,] 42.03860 442.7756 0.9216130 21.87709 284.2271 39.14934 27.81891 4.111133 4.433886 4.561214
 [6,] 42.05077 442.6727 0.9156542 21.85741 284.2295 39.16947 27.91361 4.121950 4.431513 4.468501
 [7,] 41.99976 442.4212 0.9232121 21.92675 284.2177 39.16133 27.82988 4.125908 4.397241 4.426392
 [8,] 42.04127 442.7267 0.9208156 21.87869 284.2255 39.14068 27.80901 4.110935 4.433043 4.564229
 [9,] 42.06854 440.3267 0.9212461 21.88548 284.2441 39.19630 27.85239 4.110028 4.449085 4.576084
[10,] 41.98691 443.0945 0.9213173 21.88272 284.2269 39.14917 27.82349 4.111880 4.426772 4.554666
[11,] 42.03977 442.5430 0.9216348 21.88361 284.2316 39.13691 27.83497 4.111209 4.434332 4.557980
[12,] 42.19093 437.4410 0.8211105 25.24378 284.8712 30.45173 24.00000 3.821317 3.329997 4.128558

$Refset$f
 [1] 4307.8368  245.7691  245.7691  245.7691  245.8646  247.3490  249.3212  246.0903  252.5885  246.4375  249.0503  544.7483

$Refset$fpen
 [1] 1.021950e+08 2.457691e+02 2.457691e+02 2.457691e+02 2.458646e+02 2.473490e+02 2.493212e+02 2.460903e+02 2.525885e+02 2.464375e+02 2.490503e+02 5.447483e+02

$Refset$const
          [,1]     [,2]     [,3]     [,4]       [,5]
 [1,] 18.91880 32.79185 13.87305 1.061626 105.690725
 [2,] 17.44725 31.56773 14.12048 1.789207   2.312337
 [3,] 17.44442 31.56644 14.12202 1.789202   2.312368
 [4,] 17.44110 31.56538 14.12428 1.789225   2.312433
 [5,] 17.44320 31.56611 14.12291 1.789207   2.312372
 [6,] 17.42590 31.56849 14.14259 1.789749   2.317844
 [7,] 17.52951 31.60276 14.07325 1.790409   2.311834
 [8,] 17.44564 31.56696 14.12131 1.789365   2.312008
 [9,] 17.43640 31.55091 14.11452 1.787083   2.313668
[10,] 17.45594 31.57323 14.11728 1.789280   2.312666
[11,] 17.44928 31.56567 14.11639 1.788907   2.314347
[12,] 21.91378 32.67000 10.75622 1.724426   2.602971

$Refset$penalty
 [1] 102.1907   0.0000   0.0000   0.0000   0.0000   0.0000   0.0000   0.0000   0.0000   0.0000   0.0000   0.0000


