$f
 [1] 552.09375 368.14931 324.49826 241.08333 165.27083 154.74479 145.76042 133.29167 121.00868 120.63542 120.20312 118.93750  95.81424  95.81424

$x
          [,1]     [,2]      [,3]     [,4]     [,5]     [,6]     [,7]     [,8]     [,9]    [,10]
xbest 48.04369 150.4702 0.5469197 24.24167 285.6113 39.03508 35.79096 8.580088 8.302763 4.878981
xbest 26.64211 312.4789 0.2531373 20.77615 285.5307 48.00000 24.36526 5.657063 7.422075 2.880513
xbest 26.64211 312.4789 0.2770436 20.77615 285.5307 47.80000 24.36526 5.657063 7.422075 2.862701
xbest 55.14138 398.3541 0.5590249 17.02304 284.5809 28.07442 26.55235 6.589865 5.576628 2.208305
xbest 36.93441 486.0359 0.6769336 19.60727 286.0844 48.00000 44.15704 5.069131 3.196597 4.246053
xbest 38.09193 336.8783 0.3646681 19.26652 286.2934 46.66616 35.54011 6.226854 6.492696 2.792908
xbest 40.89956 371.1174 0.6466041 17.94888 286.3741 46.66564 36.92487 6.130410 6.267182 2.451187
xbest 40.51114 419.2184 0.7194041 19.25225 286.2447 45.49112 40.64671 4.779981 4.990927 3.419779
xbest 40.51114 419.2184 0.5394041 19.30562 286.2447 45.69267 40.40110 4.779981 4.951542 3.443332
xbest 39.23846 346.7446 0.7814938 19.95614 286.0636 43.25154 32.53617 6.714516 6.237518 2.724958
xbest 39.23846 346.8227 0.8039938 19.95614 286.0636 43.25154 32.53617 6.714516 6.237518 2.724958
xbest 34.29323 351.7672 0.6402817 20.85003 284.6494 45.89830 35.25634 6.275846 4.574546 2.934469
xbest 34.29323 352.2363 0.4827817 20.87642 284.6589 45.89830 35.16486 6.275846 4.652695 2.934469
xbest 34.29323 352.2363 0.4827817 20.87642 284.6589 45.89830 35.16486 6.275846 4.652695 2.934469

$time
elapsed elapsed elapsed elapsed elapsed elapsed elapsed elapsed elapsed elapsed elapsed elapsed elapsed elapsed 
   1.76    5.20    7.03   10.23   13.51   20.20   25.98   34.92   42.14  166.14  167.98  182.86  202.69  682.50 

$neval
 [1]   106   255   347   494   637   920  1197  1607  1899  7283  7362  8030  8853 30002

$fbest
[1] 95.81424

$xbest
 [1]  34.2932262 352.2363241   0.4827817  20.8764248 284.6589374  45.8982988  35.1648571   6.2758464   4.6526955   2.9344695

$numeval
[1] 30002

$end_crit
[1] 1

$cpu_time
elapsed 
  682.5 

$Refset
$Refset$x
          [,1]     [,2]      [,3]     [,4]     [,5]     [,6]     [,7]     [,8]     [,9]    [,10]
 [1,] 39.01058 346.3885 0.7766660 20.04649 286.0795 43.20991 32.48299 6.721593 6.289840 2.671512
 [2,] 39.01576 346.3579 0.7770796 20.04664 286.0795 43.20936 32.48720 6.721521 6.290309 2.671713
 [3,] 39.01121 346.3742 0.7771401 20.04752 286.0796 43.20912 32.48393 6.721550 6.289751 2.671595
 [4,] 39.01134 346.3748 0.7767494 20.04708 286.0795 43.20965 32.48586 6.721555 6.290017 2.671535
 [5,] 39.01998 346.6510 0.7765419 20.04645 286.0794 43.20969 32.48923 6.721584 6.282573 2.671544
 [6,] 39.01283 346.3684 0.7851835 20.04865 286.0798 43.21127 32.52105 6.721412 6.289550 2.670922
 [7,] 39.00809 346.4837 0.7772843 20.04161 286.0809 43.20667 32.53336 6.720880 6.290232 2.672254
 [8,] 38.94972 348.1526 0.7750941 19.99048 286.0864 43.24808 32.55361 6.725637 6.291377 2.656917
 [9,] 39.01953 346.2736 0.7757923 20.05442 286.0796 43.20856 32.47757 6.721648 6.288251 2.672729
[10,] 39.00657 346.5755 0.7818582 20.04642 286.0797 43.10701 32.74571 6.715568 6.301334 2.679251
[11,] 39.00279 346.4028 0.7768912 20.04623 286.0795 43.20102 32.48405 6.721215 6.289776 2.671953
[12,] 38.87665 356.6233 0.7743394 20.02131 286.0922 47.61712 31.87454 4.781458 5.807511 2.552257

$Refset$f
 [1] 111.9201 111.9201 111.9201 111.9201 112.0625 112.3073 113.8316 115.4306 113.8785 119.9063 118.4236 137.5156

$Refset$fpen
 [1] 111.9201 111.9201 111.9201 111.9201 112.0625 112.3073 113.8316 115.4306 113.8785 119.9063 118.4236 137.5156

$Refset$const
          [,1]     [,2]     [,3]     [,4]     [,5]
 [1,] 13.75665 29.71016 15.95351 1.571130 2.771465
 [2,] 13.75633 29.70969 15.95336 1.571128 2.771787
 [3,] 13.75777 29.71025 15.95248 1.571122 2.771593
 [4,] 13.75706 29.70998 15.95292 1.571131 2.771673
 [5,] 13.76388 29.71743 15.95355 1.571128 2.771908
 [6,] 13.75910 29.71045 15.95135 1.571005 2.774328
 [7,] 13.75138 29.70977 15.95839 1.570840 2.775846
 [8,] 13.69910 29.70862 16.00952 1.570200 2.776801
 [9,] 13.76617 29.71175 15.94558 1.571136 2.771150
[10,] 13.74509 29.69867 15.95358 1.570242 2.797241
[11,] 13.75646 29.71022 15.95377 1.571111 2.772046
[12,] 14.21380 30.19249 15.97869 1.575692 2.528922

$Refset$penalty
 [1] 0 0 0 0 0 0 0 0 0 0 0 0


