$f
 [1] 737.6927 441.5885 348.7448 307.1024 279.4253 268.7708 266.3247 260.7205 255.4375 251.9358 238.9878 211.9271 206.6667 190.3698 189.7951 189.7951

$x
          [,1]     [,2]      [,3]     [,4]     [,5]     [,6]     [,7]     [,8]     [,9]    [,10]
xbest 48.73894 425.2178 0.1711498 19.28384 285.1981 31.74162 25.95939 3.790376 5.875714 4.469114
xbest 42.20377 269.6414 0.9077081 22.82345 285.1171 34.02687 24.00000 7.323643 8.322709 4.839746
xbest 44.45377 249.6414 0.7783440 22.82345 285.1359 34.02687 24.00000 7.623643 8.297709 4.839746
xbest 37.87776 298.8215 0.2398689 21.77492 285.9290 41.54024 28.69495 7.878927 6.644801 2.871291
xbest 47.83053 261.0041 1.0000000 21.90920 285.1954 34.19373 24.00000 7.757080 8.020113 4.333342
xbest 47.84712 258.0140 0.9133850 22.16572 285.2387 34.09982 24.00000 7.779871 8.023043 4.683200
xbest 47.84712 258.0140 0.9133850 21.97822 285.2387 34.09982 24.00000 7.779871 8.060543 4.683200
xbest 44.53192 271.6021 0.4092957 23.17265 285.9382 38.79452 29.00782 7.765116 7.209185 3.921429
xbest 40.87406 281.8959 0.1821810 21.81129 285.9989 39.41449 33.08224 7.905737 6.914939 2.831538
xbest 41.63548 270.8932 0.3359906 22.83022 285.8694 39.24723 30.54268 7.878549 7.009676 2.781240
xbest 42.30761 269.0093 0.5796475 23.38261 285.9218 38.44693 30.98459 7.923067 7.124309 2.936940
xbest 41.49775 263.4872 0.3514480 22.89102 286.1161 39.89780 31.00653 7.978515 7.067826 2.319994
xbest 41.49775 263.4872 0.2850026 22.89102 286.1161 39.89780 31.00653 7.979296 7.067826 2.319994
xbest 43.23587 254.6375 0.3149473 23.97976 286.2270 40.78172 31.70954 7.875830 6.198425 2.026059
xbest 43.23587 254.7156 0.3152988 23.97976 286.2270 40.78172 31.70954 7.875830 6.195300 2.026059
xbest 43.23587 254.7156 0.3152988 23.97976 286.2270 40.78172 31.70954 7.875830 6.195300 2.026059

$time
elapsed elapsed elapsed elapsed elapsed elapsed elapsed elapsed elapsed elapsed elapsed elapsed elapsed elapsed elapsed elapsed 
   1.59    4.00    6.41   14.73   19.61   25.02   34.91   40.94   46.75   49.33   52.72   63.05   64.80   76.59   94.95  601.25 

$neval
 [1]   106   258   389   816  1098  1375  1868  2137  2410  2544  2680  3229  3326  3872  4761 30032

$fbest
[1] 189.7951

$xbest
 [1]  43.2358723 254.7156153   0.3152988  23.9797601 286.2270408  40.7817183  31.7095397   7.8758299   6.1953001   2.0260591

$numeval
[1] 30032

$end_crit
[1] 1

$cpu_time
elapsed 
 601.25 

$Refset
$Refset$x
          [,1]     [,2]      [,3]     [,4]     [,5]     [,6]     [,7]     [,8]     [,9]    [,10]
 [1,] 41.76438 263.9200 0.2971972 22.94231 286.1621 39.57759 30.84184 7.973757 6.989038 2.215399
 [2,] 41.76477 263.5352 0.2968818 22.95989 286.1622 39.57588 30.84140 7.973746 6.988466 2.215310
 [3,] 41.75648 263.9113 0.2971408 22.94393 286.1622 39.57701 30.84128 7.973740 6.989424 2.215278
 [4,] 41.76471 263.8982 0.2970835 22.94339 286.1622 39.57412 30.84146 7.973733 6.989385 2.215211
 [5,] 41.74532 263.9375 0.2967892 22.94379 286.1620 39.58049 30.83360 7.973936 6.987339 2.215317
 [6,] 41.76501 263.7880 0.2972901 22.94674 286.1622 39.57832 30.85453 7.973740 6.988660 2.215368
 [7,] 41.75798 263.6138 0.2972054 22.95041 286.1625 39.57427 30.84052 7.973452 6.990958 2.215311
 [8,] 41.81650 263.4594 0.2970188 22.94789 286.1622 39.57591 30.84013 7.973753 6.978996 2.215280
 [9,] 41.76116 263.8817 0.2979956 22.94876 286.1622 39.57782 30.84139 7.973742 6.988812 2.215399
[10,] 41.73740 264.6773 0.2958029 22.89927 286.1621 39.58567 30.90662 7.972276 6.978968 2.208921
[11,] 42.09865 255.7431 0.2910485 23.42533 286.1621 40.13975 30.70009 7.966193 6.998801 2.428611
[12,] 41.18320 260.5704 0.2948805 22.96499 286.0026 39.39742 31.69035 7.973750 7.013477 2.207123

$Refset$f
 [1] 191.1858 191.1858 191.1858 191.1858 191.1910 191.3524 191.7639 192.0347 191.1910 210.4184 251.8177 244.8819

$Refset$fpen
 [1] 191.1858 191.1858 191.1858 191.1858 191.1910 191.3524 191.7639 192.0347 191.1910 210.4184 251.8177 244.8819

$Refset$const
          [,1]     [,2]     [,3]     [,4]     [,5]
 [1,] 15.95327 29.01096 13.05769 1.557534 2.891320
 [2,] 15.97142 29.01153 13.04011 1.557524 2.891419
 [3,] 15.95451 29.01058 13.05607 1.557530 2.891324
 [4,] 15.95401 29.01062 13.05661 1.557514 2.891555
 [5,] 15.95645 29.01266 13.05621 1.557584 2.890364
 [6,] 15.95808 29.01134 13.05326 1.557483 2.892404
 [7,] 15.95945 29.00904 13.04959 1.557481 2.891565
 [8,] 15.96890 29.02100 13.05211 1.557531 2.891297
 [9,] 15.95994 29.01119 13.05124 1.557534 2.891272
[10,] 15.92030 29.02103 13.10073 1.557327 2.896442
[11,] 16.42653 29.00120 12.57467 1.559491 2.842012
[12,] 15.95151 28.98652 13.03501 1.574328 2.925275

$Refset$penalty
 [1] 0 0 0 0 0 0 0 0 0 0 0 0


