$f
[1] 181.04167  71.70139  66.91667  57.03299  48.77083  48.77083

$x
          [,1]     [,2]      [,3]     [,4]     [,5]     [,6]     [,7]     [,8]     [,9]    [,10]
xbest 46.10548 334.7488 0.3945584 23.80704 285.1937 36.10052 30.78299 3.453130 3.587017 2.281358
xbest 38.30727 366.9044 0.1391106 24.39305 284.9998 39.15463 24.15436 2.376995 2.782342 1.319412
xbest 38.30800 366.9044 0.1391106 24.58055 284.9998 39.15463 24.15436 2.376995 2.738592 1.295662
xbest 39.42893 342.7355 0.1131086 23.56672 284.6282 39.00732 24.34257 2.106970 3.433142 2.857801
xbest 41.09377 338.5617 0.1186639 23.03629 284.5719 39.05088 25.12690 2.000000 3.762114 4.292719
xbest 41.09377 338.5617 0.1186639 23.03629 284.5719 39.05088 25.12690 2.000000 3.762114 4.292719

$time
elapsed elapsed elapsed elapsed elapsed elapsed 
   2.48    5.56    7.87   17.15   33.29   33.29 

$neval
[1]  106  251  346  780 1469 1469

$fbest
[1] 48.77083

$xbest
 [1]  41.0937670 338.5617272   0.1186639  23.0362905 284.5718594  39.0508833  25.1269046   2.0000000   3.7621142   4.2927191

$numeval
[1] 1469

$end_crit
[1] 3

$cpu_time
elapsed 
  33.29 

$Refset
$Refset$x
          [,1]     [,2]      [,3]     [,4]     [,5]     [,6]     [,7]     [,8]     [,9]    [,10]
 [1,] 39.42893 342.7355 0.1131086 23.56672 284.6282 39.00732 24.34257 2.106970 3.433142 2.857801
 [2,] 44.64938 346.8623 0.1279151 22.79067 284.6245 37.24029 27.32582 2.069449 3.690075 2.907253
 [3,] 39.88930 351.0219 0.1482355 23.54761 284.6987 38.34177 27.65388 2.211886 3.663088 2.665886
 [4,] 41.09377 338.5617 0.1186639 23.03629 284.5719 39.05088 25.12690 2.000000 3.762114 4.292719
 [5,] 42.86136 297.7575 0.2456830 18.02711 284.9666 41.28685 24.00000 4.815688 8.056794 5.000000
 [6,] 39.23590 347.3416 0.1467795 23.57288 284.6368 38.90883 24.74161 2.111840 3.692802 2.780178
 [7,] 38.30800 366.9044 0.1391106 24.58055 284.9998 39.15463 24.15436 2.376995 2.738592 1.295662
 [8,] 42.74432 348.5483 0.2319539 21.88460 284.6741 44.37532 24.16399 2.000000 4.054257 2.925641
 [9,] 44.98577 331.7023 0.1742082 22.78414 284.9412 37.53449 31.92092 2.576561 4.139845 2.769904
[10,] 33.52818 336.2754 0.5698890 19.93559 284.8493 41.94549 27.55108 6.763198 6.474653 4.007098
[11,] 34.36385 326.7723 0.4292506 20.42011 284.8002 42.82422 28.15879 6.436476 6.130756 3.365246
[12,] 43.99410 347.6113 0.2876872 23.89875 284.6780 38.82907 25.76152 2.634146 3.500983 2.585621

$Refset$f
 [1] 57.03299 55.89410 57.11458 48.77083 60.96528 57.16840 66.91667 60.15625 65.43403 82.69444 82.75694 63.94271

$Refset$fpen
 [1] 57.03299 55.89410 57.11458 48.77083 60.96528 57.16840 66.91667 60.15625 65.43403 82.69444 82.75694 63.94271

$Refset$const
           [,1]     [,2]     [,3]     [,4]     [,5]
 [1,] 20.133576 32.56686 12.43328 1.711309 2.142456
 [2,] 19.100597 32.30992 13.20933 1.747181 2.411800
 [3,] 19.884525 32.33691 12.45239 1.734987 2.387057
 [4,] 19.274176 32.23789 12.96371 1.724226 2.180388
 [5,]  9.970314 27.94321 17.97289 1.667204 2.089691
 [6,] 19.880080 32.30720 12.42712 1.715124 2.169996
 [7,] 21.841954 33.26141 11.41945 1.675895 2.172008
 [8,] 17.830339 31.94574 14.11540 1.672139 1.980640
 [9,] 18.644292 31.86016 13.21586 1.718031 2.822266
[10,] 13.460935 29.52535 16.06441 1.701458 2.244112
[11,] 14.289358 29.86924 15.57989 1.706572 2.239491
[12,] 20.397769 32.49902 12.10125 1.720803 2.238845

$Refset$penalty
 [1] 0 0 0 0 0 0 0 0 0 0 0 0


