$f
 [1] 536.6771 256.0625 236.8403 196.6007 181.4792 173.5920 146.7917 145.8056 141.1684 140.5712 139.1493 137.9740 134.9427 134.8403 131.8490 131.2986 129.4375 128.8351 128.8247 128.5833 128.3194
[22] 128.1580 128.0434 127.9497 127.7847 127.7708 127.6545 127.5017 127.4983 127.3420 126.5191 124.9670 124.9358 124.8247 124.6632 124.2361 118.9271 118.9271

$x
          [,1]     [,2]      [,3]     [,4]     [,5]     [,6]     [,7]     [,8]     [,9]    [,10]
xbest 28.58813 296.7912 0.7519127 21.41741 284.6928 45.30027 45.68080 3.844102 7.606015 2.580731
xbest 31.61166 340.1522 0.8037475 21.01501 284.6393 47.91266 46.57355 3.593719 6.419629 2.434084
xbest 31.61166 340.1522 0.8037475 21.01082 284.6367 48.00000 47.22355 3.590225 6.419629 2.435939
xbest 32.51531 374.3194 0.8238703 20.68489 284.6259 47.72062 46.78063 3.463225 5.766996 2.378026
xbest 33.33813 388.7125 0.8188909 20.35595 284.6229 47.68963 46.21404 3.452783 5.459482 2.356024
xbest 33.28275 421.2861 0.8097210 19.79090 284.6153 47.60050 47.39777 3.540655 5.323709 2.313399
xbest 33.28568 425.0361 0.9784710 19.60340 284.6147 47.20000 47.39270 3.440655 5.323709 2.307462
xbest 31.76122 378.3176 0.8400762 20.45554 284.0047 47.40262 41.38688 4.145060 5.830988 2.856512
xbest 31.76122 378.3176 0.8400762 20.26804 284.0047 47.40262 41.38688 4.145060 5.830988 2.856512
xbest 31.72562 378.0580 0.8335853 20.26493 284.0057 47.43755 41.39189 4.144910 5.948483 2.847400
xbest 31.77249 378.0580 0.7660853 20.26493 284.0057 47.43755 41.39189 4.144910 5.948483 2.847400
xbest 31.93423 379.0170 0.8191407 20.07092 284.0031 47.42914 41.38875 4.144066 5.933642 2.848946
xbest 32.12173 378.1332 0.7291407 20.07092 284.0031 47.42914 41.38875 4.145171 5.915271 2.848946
xbest 32.04617 383.4643 0.8180748 19.93477 284.0022 47.42765 41.35758 4.144473 5.938140 2.850994
xbest 32.13817 388.4352 0.8152079 19.79561 284.0012 47.42562 41.32897 4.144353 5.934922 2.852298
xbest 31.96371 391.5303 0.8325875 19.71066 284.0012 47.43128 41.42341 4.146679 5.923501 2.847081
xbest 31.93237 395.3067 0.8282612 19.60244 284.0021 47.43194 41.40854 4.144919 5.926233 2.849119
xbest 32.05640 390.5541 0.8188707 19.71595 284.0011 47.42661 41.39910 4.144746 5.935502 2.850095
xbest 32.05640 390.5541 0.8413707 19.71595 284.0011 47.42661 41.39910 4.144746 5.935502 2.850095
xbest 32.04626 391.4339 0.8212047 19.66871 284.0009 47.42556 41.40493 4.144725 5.936041 2.850112
xbest 32.03594 392.4532 0.8280565 19.65781 284.0013 47.42638 41.39887 4.144821 5.924962 2.846684
xbest 32.06265 394.0330 0.8236402 19.61100 284.0012 47.42050 41.39906 4.144587 5.921028 2.848787
xbest 32.06585 394.6031 0.8259733 19.58873 284.0012 47.42523 41.39010 4.144682 5.934291 2.849430
xbest 32.05790 394.3977 0.8238422 19.60387 284.0011 47.42124 41.39908 4.144563 5.913894 2.849879
xbest 32.06888 394.3866 0.8276048 19.56701 284.0012 47.42527 41.38989 4.144709 5.934325 2.849437
xbest 32.08937 394.4390 0.8222773 19.56924 284.0010 47.42407 41.39837 4.144206 5.925260 2.848973
xbest 32.07350 394.5851 0.8269747 19.55601 284.0012 47.42526 41.38635 4.144702 5.938939 2.850683
xbest 32.06178 394.5851 0.8494747 19.55454 284.0012 47.42526 41.38635 4.144702 5.938939 2.850683
xbest 32.10870 394.1575 0.8261298 19.57373 284.0007 47.42750 41.39408 4.144801 5.931206 2.846159
xbest 32.10870 394.0794 0.8261298 19.57373 284.0007 47.42750 41.39408 4.144801 5.931206 2.845417
xbest 32.74670 391.3481 0.8314252 19.28366 284.0144 47.70933 40.62654 4.189655 5.939744 2.923073
xbest 32.74670 391.3481 0.9214252 19.28293 284.0144 47.70933 40.62654 4.189655 5.939744 2.923073
xbest 32.91314 390.9567 1.0000000 19.21172 284.0147 47.70988 40.66937 4.189905 5.947986 2.918822
xbest 32.88281 391.0597 0.9782965 19.24446 284.0150 47.71005 40.66834 4.190014 5.939231 2.918051
xbest 32.59779 390.1066 0.8376644 19.39826 284.0137 47.70995 40.64902 4.190115 5.937408 2.919120
xbest 32.65036 396.3477 0.8094996 19.35874 284.0128 47.71026 40.62763 4.190046 5.938896 2.924327
xbest 32.65036 396.3477 1.0000000 19.35874 284.0128 47.71964 40.62763 4.190046 5.938896 2.924327
xbest 32.65036 396.3477 1.0000000 19.35874 284.0128 47.71964 40.62763 4.190046 5.938896 2.924327

$time
elapsed elapsed elapsed elapsed elapsed elapsed elapsed elapsed elapsed elapsed elapsed elapsed elapsed elapsed elapsed elapsed elapsed elapsed elapsed elapsed elapsed elapsed elapsed elapsed elapsed 
   1.45    4.33    6.09    8.89   24.97   33.50   35.97  123.89  125.87  216.09  217.61  247.14  249.20  263.50  269.03  271.87  274.50  277.17  278.48  281.19  284.08  286.78  289.37  292.08  294.26 
elapsed elapsed elapsed elapsed elapsed elapsed elapsed elapsed elapsed elapsed elapsed elapsed elapsed 
 299.31  302.37  306.42  365.89  367.36  458.31  459.78  491.98  514.19  520.08  582.72  584.78  589.41 

$neval
 [1]   106   252   364   517  1365  1781  1912  6377  6451 11045 11127 12631 12737 13430 13711 13853 13999 14142 14215 14355 14493 14634 14771 14908 15046 15318 15455 15677 18713 18793 23496 23577
[33] 25201 26342 26610 29793 29884 30023

$fbest
[1] 118.9271

$xbest
 [1]  32.650361 396.347691   1.000000  19.358740 284.012754  47.719638  40.627625   4.190046   5.938896   2.924327

$numeval
[1] 30023

$end_crit
[1] 1

$cpu_time
elapsed 
 589.41 

$Refset
$Refset$x
           [,1]      [,2]        [,3]      [,4]       [,5]      [,6]     [,7]       [,8]      [,9]    [,10]
 [1,]  32.65036   1.00000 284.0127540 40.627625   5.938896  32.65036  1.00000 284.012754 40.627625 5.938896
 [2,] 396.34769  19.35874  47.7196384  4.190046   2.924327 396.34769 19.35874  47.719638  4.190046 2.924327
 [3,]  32.59834 392.68533   0.7978858 19.287177 284.010512  47.70808 40.65034   4.190148  5.966876 2.922243
 [4,]  32.61453 391.62820   0.8344922 19.378733 284.012317  47.71476 40.64808   4.190270  5.930310 2.921480
 [5,]  32.58834 390.21067   0.8351435 19.394181 284.013206  47.71323 40.63068   4.189986  5.937597 2.923126
 [6,]  32.63982 382.77303   0.8618671 19.515048 284.012926  47.73899 40.55539   4.190472  5.983090 2.926441
 [7,]  32.66443 389.14407   0.8076980 19.463729 284.012991  47.50988 40.63724   4.186223  5.980494 2.914533
 [8,]  32.88990 393.80241   0.8323416 19.487781 284.247834  45.84697 39.27888   4.874894  5.927555 3.837529
 [9,]  32.59366 383.47928   0.9119569 19.366545 284.012871  47.45055 40.68177   4.115202  6.128115 3.342973
[10,]  32.73057 391.09301   0.8389595 19.347435 284.190872  47.30188 40.85182   4.573283  5.989242 3.093032
[11,]  34.35463 386.51438   0.6857235 19.176588 284.188151  46.78895 39.93513   4.411518  5.795741 3.253259
[12,]  43.44691 336.37420   0.3551769 20.488230 285.080659  41.01732 38.91967   3.304936  5.249792 2.341465

$Refset$f
 [1] 118.9271 118.9271 124.9253 124.9410 125.1406 134.4670 135.4358 176.3715 167.6007 179.4670 210.0694 375.4792

$Refset$fpen
 [1] 118.9271 118.9271 124.9253 124.9410 125.1406 134.4670 135.4358 176.3715 167.6007 179.4670 210.0694 375.4792

$Refset$const
          [,1]     [,2]      [,3]      [,4]     [,5]
 [1,] 13.41984 16.64126  2.721804 30.061104 1.871330
 [2,] 30.06110  1.87133 13.419844 16.641260 2.721804
 [3,] 13.32030 30.03312 16.712823  1.871934 2.724109
 [4,] 13.44842 30.06969 16.621267  1.871556 2.723606
 [5,] 13.45658 30.06240 16.605819  1.871298 2.722456
 [6,] 13.53196 30.01691 16.484952  1.870771 2.715264
 [7,] 13.48323 30.01951 16.536271  1.872395 2.735880
 [8,] 13.56023 30.07244 16.512219  1.830628 2.755984
 [9,] 13.23843 29.87188 16.633455  1.872969 2.743060
[10,] 13.35819 30.01076 16.652565  1.842056 2.776521
[11,] 13.38085 30.20426 16.823412  1.840406 2.739949
[12,] 15.23844 30.75021 15.511770  1.689262 3.256654

$Refset$penalty
 [1] 0 0 0 0 0 0 0 0 0 0 0 0


