$f
 [1] 620.6736 453.8837 425.3594 422.8021 415.2031 368.5833 341.8455 328.3819 323.5851 318.0833 310.6493 261.4948 249.6580 246.8611 236.2622 236.2205 231.4826 228.3056 222.1979 220.6736 216.7396
[22] 200.5642 177.4722 177.2778 176.8750 176.0017 175.3941 174.4514 174.2778 172.0712 170.3472 170.2760 170.2760

$x
          [,1]     [,2]      [,3]     [,4]     [,5]     [,6]     [,7]     [,8]     [,9]    [,10]
xbest 61.77743 141.1303 0.1260997 19.94019 285.1253 45.73710 44.51120 2.882788 7.371264 4.448518
xbest 62.92216 243.9206 0.6674587 17.73157 286.4279 40.95595 24.75017 5.209046 6.684036 1.559044
xbest 62.92216 243.9206 0.5774587 17.73157 286.4279 40.95595 24.75017 5.208948 6.684036 1.556075
xbest 62.86198 203.9884 0.2669370 17.85650 286.1113 39.09191 26.63613 5.783542 7.430490 1.726099
xbest 66.16165 246.5772 0.5751729 17.04448 286.8408 48.00000 24.71461 3.626801 6.775591 1.241685
xbest 59.77260 209.7171 0.3640504 18.04411 285.9772 37.25672 26.76899 6.738083 6.817872 1.669787
xbest 62.31045 205.4823 0.4937850 18.23718 286.1458 42.12036 25.27104 5.204825 7.134543 2.247130
xbest 64.81781 234.1927 0.2109083 15.42718 285.9219 45.33303 24.22019 2.421980 7.954839 1.313448
xbest 64.36702 258.4841 0.5366469 16.70044 286.3704 43.63773 24.82314 4.481912 6.677982 1.236353
xbest 64.51781 232.0557 0.2579427 15.73271 285.7738 44.69851 24.12491 2.801805 7.889002 1.273269
xbest 64.37796 255.0603 0.3595112 16.26642 285.7759 45.73150 26.90721 2.696015 6.762239 1.200000
xbest 64.41633 258.2046 0.3818177 16.21079 285.5206 44.99598 26.91782 2.846140 6.771427 1.202867
xbest 64.41633 258.2046 0.3818177 16.21079 285.5393 44.99598 27.08032 2.846140 6.821427 1.202867
xbest 64.58062 271.1813 0.3863816 16.04093 285.6303 44.77022 26.95354 2.846848 6.680597 1.206253
xbest 65.07948 251.2677 0.3549207 16.13879 285.5170 45.47781 26.43925 2.806260 6.798078 1.266104
xbest 64.56822 243.2189 0.3659166 16.50302 285.5007 45.53805 26.75165 2.863998 6.706385 1.279894
xbest 64.56682 244.6768 0.3414787 16.40917 285.4368 45.21828 26.60011 2.831321 6.800229 1.236946
xbest 65.11316 250.5563 0.3522981 16.14088 285.5182 45.47054 26.41244 2.806272 6.819061 1.270824
xbest 65.08972 250.5563 0.4197981 16.14088 285.5182 45.47522 26.41244 2.806272 6.819061 1.270777
xbest 64.56732 238.4637 0.3159833 16.60941 285.4194 45.15800 26.49757 2.827202 6.804418 1.242275
xbest 64.56732 238.7762 0.3159833 16.60941 285.4194 45.15800 26.54074 2.827202 6.785668 1.242460
xbest 64.29004 251.1851 0.3797160 19.95474 285.4331 45.19484 26.91836 2.869712 4.454659 1.278088
xbest 64.29004 251.4976 0.3565128 19.95474 285.4331 45.19484 26.74062 2.869712 4.454659 1.278088
xbest 64.92334 243.4164 0.3600697 20.37848 285.4996 45.21576 26.90333 2.856070 4.379046 1.274871
xbest 64.92334 243.4164 0.3600697 20.37921 285.4999 45.21576 26.90333 2.856070 4.385296 1.274871
xbest 64.63267 239.8218 0.3598224 21.00056 285.4901 45.22666 26.93517 2.857943 4.167614 1.274908
xbest 64.52584 241.5618 0.3610865 21.02788 285.4876 45.20254 26.90513 2.858544 4.120288 1.274859
xbest 64.65028 240.1362 0.3594836 21.01357 285.4895 45.21662 26.94006 2.858017 4.160634 1.274901
xbest 64.85044 244.4985 0.3606077 20.34215 285.4885 45.18377 26.85807 2.857517 4.401205 1.276622
xbest 64.83873 244.4985 0.3831077 20.34361 285.4885 45.18377 26.85807 2.857517 4.401205 1.276622
xbest 64.55911 242.3594 0.3654445 20.97028 285.4944 45.20841 26.85472 2.856643 4.139053 1.276460
xbest 64.56497 242.3594 0.3654445 20.97028 285.4944 45.20841 26.85472 2.856643 4.139053 1.276460
xbest 64.56497 242.3594 0.3654445 20.97028 285.4944 45.20841 26.85472 2.856643 4.139053 1.276460

$time
elapsed elapsed elapsed elapsed elapsed elapsed elapsed elapsed elapsed elapsed elapsed elapsed elapsed elapsed elapsed elapsed elapsed elapsed elapsed elapsed elapsed elapsed elapsed elapsed elapsed 
   2.52    6.94    9.48   13.70   17.91   22.73   26.81   35.33   39.50   43.73   47.95   52.05   54.72  109.91  116.12  129.12  141.52  149.53  156.91  177.50  201.98  321.97  325.27  596.23  599.02 
elapsed elapsed elapsed elapsed elapsed elapsed elapsed elapsed 
 603.33  637.23  641.80  773.23  775.83  833.81  836.03  939.03 

$neval
 [1]   106   258   346   490   630   772   912  1192  1328  1465  1603  1742  1827  3588  3793  4197  4599  4868  5097  5761  6523 10384 10483 19310 19395 19530 20597 20733 24859 24942 26954 27027
[33] 30130

$fbest
[1] 170.276

$xbest
 [1]  64.5649731 242.3594256   0.3654445  20.9702776 285.4943846  45.2084119  26.8547159   2.8566427   4.1390530   1.2764602

$numeval
[1] 30130

$end_crit
[1] 1

$cpu_time
elapsed 
 939.03 

$Refset
$Refset$x
          [,1]     [,2]      [,3]     [,4]     [,5]     [,6]     [,7]     [,8]     [,9]    [,10]
 [1,] 64.59127 242.9729 0.3519234 20.63297 285.4874 45.20209 26.89812 2.856631 4.276570 1.276847
 [2,] 64.68221 247.8388 0.3518252 20.44351 285.4873 45.18593 26.88007 2.857091 4.277833 1.277316
 [3,] 64.69099 245.1318 0.3592951 20.58446 285.4870 45.18663 26.87657 2.858743 4.276437 1.274833
 [4,] 64.68702 243.9833 0.3614401 20.62765 285.4906 45.11547 26.88707 2.862604 4.298692 1.286219
 [5,] 64.55545 246.3988 0.3619514 20.36284 285.4886 45.16458 27.23817 2.871220 4.411506 1.276070
 [6,] 65.30039 258.4575 0.4427592 20.61243 285.2523 42.52415 24.50204 2.999785 4.141580 1.238333
 [7,] 64.62070 243.3905 0.3673728 20.73697 285.4340 44.65156 26.75516 3.003875 4.328337 1.204646
 [8,] 68.55114 235.9325 0.3962603 20.56010 285.3183 44.38385 27.26459 2.220882 4.403834 1.359773
 [9,] 72.57213 244.2187 0.3932077 22.14163 286.0207 40.61593 32.99824 3.299126 3.699868 1.409022
[10,] 60.98619 255.0252 0.3724639 20.87853 285.4838 43.56703 26.36078 3.898954 4.267018 1.349913
[11,] 64.47958 253.5754 0.3862526 20.43100 285.3723 45.24256 30.05666 2.494482 4.259379 1.869930
[12,] 64.22902 253.5284 0.3511962 20.32972 285.4976 44.10069 27.03585 3.183060 4.287319 1.378640

$Refset$f
 [1] 170.3594 172.2309 172.8559 182.0156 186.6649 194.7569 194.7726 231.5903 259.9479 262.5243 222.2951 247.7361

$Refset$fpen
 [1] 170.3594 172.2309 172.8559 182.0156 186.6649 194.7569 194.7726 231.5903 259.9479 262.5243 222.2951 247.7361

$Refset$const
          [,1]     [,2]     [,3]     [,4]     [,5]
 [1,] 16.35640 31.72343 15.36703 1.629054 2.201527
 [2,] 16.16567 31.72217 15.55649 1.629032 2.201077
 [3,] 16.30802 31.72356 15.41554 1.629038 2.200833
 [4,] 16.32896 31.70131 15.37235 1.628948 2.204156
 [5,] 15.95133 31.58849 15.63716 1.630358 2.220110
 [6,] 16.47086 31.85842 15.38757 1.643738 2.119706
 [7,] 16.40864 31.67166 15.26303 1.634337 2.201190
 [8,] 16.15627 31.59617 15.43990 1.647312 2.215424
 [9,] 18.44176 32.30013 13.85837 1.570813 2.960556
[10,] 16.61152 31.73298 15.12147 1.631118 2.223750
[11,] 16.17162 31.74062 15.56900 1.650432 2.345665
[12,] 16.04240 31.71268 15.67028 1.631199 2.244925

$Refset$penalty
 [1] 0 0 0 0 0 0 0 0 0 0 0 0


