$f
 [1] 268.22049 127.18924  83.50521  83.18576  67.32639  66.55208  63.41667  61.96007  60.79340  55.66667  50.24306  47.46875  47.46875

$x
          [,1]     [,2]      [,3]     [,4]     [,5]     [,6]     [,7]     [,8]     [,9]    [,10]
xbest 39.35279 417.5298 0.8220412 21.22084 285.3578 34.23341 30.65351 5.908686 4.365795 4.019223
xbest 51.11580 401.8923 0.8240254 18.33954 285.3671 33.27504 26.06585 5.192388 5.710838 5.000000
xbest 51.30330 421.8923 0.8240254 18.33954 285.3319 33.27504 26.06585 5.192388 5.687400 5.000000
xbest 54.75947 469.6030 0.9554655 18.95446 285.9414 33.93675 24.00000 2.955561 4.196235 3.599451
xbest 58.84377 424.2040 0.9675799 18.42002 285.3202 31.35285 24.00000 4.503650 5.108357 4.832281
xbest 59.57615 414.7556 0.9436842 18.05313 285.0232 30.67005 24.60711 4.130621 5.632407 4.954920
xbest 59.57615 413.5056 1.0000000 18.05313 284.9482 30.67005 24.60711 4.130621 5.582407 4.954920
xbest 41.52796 410.3521 0.7639917 15.48810 285.3602 45.12377 32.28804 2.000742 7.562003 4.462902
xbest 59.76399 495.4636 0.9322507 19.87850 285.2743 32.66255 24.22524 2.000000 2.389755 4.093292
xbest 59.76399 490.4636 0.9550000 19.87850 285.4243 32.66255 24.22524 2.000000 2.402255 4.259542
xbest 60.34749 499.9509 0.9434490 19.82350 284.9778 32.03862 24.00000 2.000000 2.095066 4.499595
xbest 60.34749 498.7009 1.0000000 19.83521 284.9731 32.06362 24.04062 2.050000 2.095066 4.511470
xbest 60.34749 498.7009 1.0000000 19.83521 284.9731 32.06362 24.04062 2.050000 2.095066 4.511470

$time
elapsed elapsed elapsed elapsed elapsed elapsed elapsed elapsed elapsed elapsed elapsed elapsed elapsed 
   1.81    4.71    6.73   13.59   17.03   36.09   41.03   44.04   71.12   73.36  109.36  112.00  112.00 

$neval
 [1]  106  254  355  641  780 1597 1824 1960 3158 3268 4881 5014 5014

$fbest
[1] 47.46875

$xbest
 [1]  60.347492 498.700873   1.000000  19.835214 284.973103  32.063623  24.040625   2.050000   2.095066   4.511470

$numeval
[1] 5014

$end_crit
[1] 3

$cpu_time
elapsed 
    112 

$Refset
$Refset$x
           [,1]      [,2]        [,3]     [,4]       [,5]      [,6]     [,7]       [,8]      [,9]    [,10]
 [1,]  60.34749   1.00000 284.9731027 24.04062   2.095066  60.34749  1.00000 284.973103 24.040625 2.095066
 [2,] 498.70087  19.83521  32.0636231  2.05000   4.511470 498.70087 19.83521  32.063623  2.050000 4.511470
 [3,]  59.26263 499.71927   0.9297081 19.87632 285.450053  32.57882 24.29785   2.000000  2.485519 4.085968
 [4,]  58.81434 492.28908   0.9387888 20.21574 285.396579  32.49811 24.23947   2.991649  2.293139 4.153747
 [5,]  60.34749 499.95087   0.9434490 19.82350 284.977790  32.03862 24.00000   2.000000  2.095066 4.499595
 [6,]  60.26187 477.18451   0.9320096 19.30235 285.451392  32.58659 24.22848   3.016583  3.193251 4.366714
 [7,]  48.70411 449.37209   0.9207117 19.98152 285.005249  36.80867 28.03708   3.140088  3.769843 4.342569
 [8,]  59.17068 484.49189   0.9967540 18.96899 286.585823  34.78368 24.00000   2.000000  3.540902 4.370720
 [9,]  58.07460 497.08820   0.9377608 19.97976 285.281696  32.69848 24.98862   2.500196  2.464576 4.017182
[10,]  50.03255 445.64140   0.9190815 19.25835 285.217869  35.09231 26.75508   2.548274  4.711442 3.821702
[11,]  35.15321 440.55573   0.8449226 18.53372 284.765919  35.92128 30.68888   6.875801  5.205755 1.845062
[12,]  63.07085 197.76117   0.9570599 20.83537 284.245540  32.85295 25.17464   3.974663  5.085289 3.106952

$Refset$f
 [1]   47.46875   47.46875   55.76042   56.26389   50.24306   63.51562   63.55903   66.69097   74.57812   78.94792   83.87674 1269.06424

$Refset$fpen
 [1]   47.46875   47.46875   55.76042   56.26389   50.24306   63.51562   63.55903   66.69097   74.57812   78.94792   83.87674 1269.06424

$Refset$const
          [,1]      [,2]     [,3]      [,4]     [,5]
 [1,] 17.74015 16.164786  2.50485 33.904934 1.706526
 [2,] 33.90493  1.706526 17.74015 16.164786 2.504850
 [3,] 17.39080 33.514481 16.12368  1.647589 2.583872
 [4,] 17.92260 33.706861 15.78426  1.654074 2.572431
 [5,] 17.72843 33.904934 16.17650  1.705851 2.503645
 [6,] 16.10910 32.806749 16.69765  1.647384 2.577353
 [7,] 16.21168 32.230157 16.01848  1.703846 2.544747
 [8,] 15.42809 32.459098 17.03101  1.519288 2.755024
 [9,] 17.51518 33.535424 16.02024  1.668883 2.603264
[10,] 14.54691 31.288558 16.74165  1.676863 2.585195
[11,] 13.32797 30.794245 17.46628  1.745071 2.807514
[12,] 15.75009 30.914711 15.16463  1.807353 2.465505

$Refset$penalty
 [1] 0 0 0 0 0 0 0 0 0 0 0 0


