$f
 [1] 1435.0382 1111.7587 1032.5712 1013.1753 1007.1788  995.8559  995.3594  993.1875  982.6771  975.9861  975.7795  974.3108  969.4653  963.7812  953.4514  951.5486  947.6528  927.6337  925.6389
[20]  919.0903  918.4913  905.9045  904.6788  900.9774  897.1719  895.2500  893.8299  893.8142  893.5417  892.8646  891.8316  887.0868  886.3681  886.2882  884.6858  884.5312  883.8802  883.6024
[39]  883.5851  883.5851

$x
          [,1]     [,2]      [,3]     [,4]     [,5]     [,6]     [,7]     [,8]     [,9]    [,10]
xbest 23.73469 377.2947 0.7637971 27.78970 285.7506 44.45815 37.24792 3.932655 3.433920 1.661971
xbest 50.73905 335.2511 0.8735222 24.88516 284.7177 41.06865 25.48540 2.085984 3.023544 5.000000
xbest 50.73905 334.5960 0.8735222 25.44766 284.8677 41.06865 25.12771 2.089478 3.023544 5.000000
xbest 50.55374 349.2256 0.9500548 24.83757 285.2130 40.56323 25.69290 2.180660 3.659926 4.030828
xbest 50.58544 335.4203 0.8761945 25.36760 285.1904 40.49731 25.29184 2.183583 3.552152 4.067343
xbest 50.58544 335.4203 0.9665460 25.36760 285.1916 40.49731 25.12934 2.183583 3.552152 4.067343
xbest 50.55176 336.5977 1.0000000 25.47679 285.2896 40.59838 26.42740 2.129564 3.272296 4.101485
xbest 50.57519 336.5977 0.9550000 25.47972 285.2896 40.59838 26.42740 2.129369 3.272296 4.101485
xbest 51.40334 327.8610 0.8233577 25.42750 285.2416 40.35829 25.79903 2.159999 3.615168 4.317022
xbest 51.59084 326.6110 0.8233577 25.42750 285.2416 40.35829 25.92091 2.159999 3.602668 4.317022
xbest 48.45486 185.7129 0.8330213 28.46536 286.6624 47.94901 25.05059 2.243455 5.963736 3.898213
xbest 48.45486 185.7129 0.8555213 28.46536 286.6624 47.94901 25.05059 2.243455 5.963736 3.898213
xbest 51.54810 335.1228 0.9280669 25.30072 285.2624 40.34763 25.94542 2.137457 3.472501 4.202768
xbest 51.19770 329.2122 0.9396853 25.28502 286.6881 45.71709 26.79708 2.161741 3.419044 4.525701
xbest 51.14952 331.5952 0.9374237 25.05797 286.6834 45.71828 26.79084 2.161053 3.419422 4.539744
xbest 51.14952 331.5952 0.8924237 25.05797 286.6834 45.71828 26.70959 2.161053 3.419422 4.539744
xbest 50.53271 320.3580 0.9904277 25.24184 286.6502 45.52926 25.97231 2.877989 3.464688 4.412720
xbest 50.53271 320.3580 0.7975000 25.25941 286.6502 45.52926 25.64731 2.877989 3.465470 4.412720
xbest 49.92530 332.3581 0.8968951 23.97911 286.6785 47.15081 26.53094 2.958690 3.609052 4.135278
xbest 49.92530 332.3581 0.8518951 23.97911 286.6785 47.15081 26.85594 2.958690 3.505974 4.135278
xbest 50.87164 310.2131 0.8614796 25.22963 286.6421 46.07556 27.13394 2.944687 3.561647 4.327962
xbest 51.03571 310.2131 0.8413991 25.22377 286.6444 46.07556 27.12378 2.946434 3.572129 4.327921
xbest 50.85955 309.2784 0.8657039 25.24339 286.6436 46.08863 26.91364 2.948175 3.608836 4.325496
xbest 50.80984 308.8507 0.8410838 25.02505 286.6465 46.57038 26.92291 3.001574 3.703385 4.310100
xbest 50.80421 308.8523 0.8548496 25.02842 286.6464 46.57453 26.92139 3.002043 3.712113 4.307036
xbest 50.80421 308.8523 0.8548496 25.02988 286.6652 46.57765 26.84014 3.002043 3.712113 4.307036
xbest 50.76247 309.4471 0.8242963 24.99578 286.6470 46.49346 26.94485 3.015866 3.676405 4.150610
xbest 50.76448 309.4184 0.8187078 24.99381 286.6472 46.48606 26.96285 3.015133 3.678243 4.158496
xbest 50.82881 309.2866 0.8301765 24.98496 286.6532 46.52821 26.93291 3.002641 3.711090 4.288720
xbest 50.66782 309.4148 0.8087950 25.00416 286.6477 46.48657 26.95527 3.015132 3.698456 4.153790
xbest 50.59452 309.4830 0.7967038 25.01204 286.6449 46.49799 26.95859 3.020172 3.693364 4.121886
xbest 51.04864 309.7141 0.8247100 24.96080 286.6437 46.48421 26.98150 3.017953 3.634315 4.141042
xbest 50.80504 309.6247 0.7939222 25.00385 286.6447 46.49872 26.96786 3.020295 3.657672 4.130083
xbest 51.00964 309.6826 0.8094745 24.97183 286.6440 46.48683 26.98481 3.017480 3.637971 4.144417
xbest 50.85181 309.3927 0.8137306 24.99637 286.6476 46.48773 26.94253 3.016869 3.668577 4.143386
xbest 50.82710 309.1355 0.8034704 24.98479 286.6484 46.49242 26.90882 3.016596 3.678270 4.143298
xbest 51.00954 309.6823 0.7973971 24.96398 286.6434 46.48970 26.98837 3.017211 3.641067 4.143865
xbest 51.00954 309.6433 0.7973971 24.96398 286.6434 46.48970 27.02900 3.017211 3.641067 4.143865
xbest 50.68079 309.2150 0.8068660 25.01864 286.6450 46.48192 26.90707 3.016687 3.673025 4.143569
xbest 50.68079 309.2150 0.8068660 25.01864 286.6450 46.48192 26.90707 3.016687 3.673025 4.143569

$time
elapsed elapsed elapsed elapsed elapsed elapsed elapsed elapsed elapsed elapsed elapsed elapsed elapsed elapsed elapsed elapsed elapsed elapsed elapsed elapsed elapsed elapsed elapsed elapsed elapsed 
   1.86    5.25    7.58   28.38   41.24   43.47  102.58  104.50  126.81  138.86  145.89  174.06  192.10  198.25  208.58  210.55  261.36  263.31  333.22  335.19  375.67  379.74  429.27  438.03  447.44 
elapsed elapsed elapsed elapsed elapsed elapsed elapsed elapsed elapsed elapsed elapsed elapsed elapsed elapsed elapsed 
 464.52  577.25  588.64  605.49  616.39  619.46  629.56  641.61  649.97  652.86  667.80  670.60  678.77  703.85  709.52 

$neval
 [1]   106   262   369  1214  1763  1855  4263  4353  5304  5803  6073  7210  7894  8164  8566  8645 10670 10769 13599 13687 15586 15735 18021 18357 18765 19529 24446 24920 25599 26073 26209 26616
[33] 27156 27499 27637 28312 28448 28796 29866 30002

$fbest
[1] 883.5851

$xbest
 [1]  50.680794 309.215024   0.806866  25.018640 286.644996  46.481922  26.907071   3.016687   3.673025   4.143569

$numeval
[1] 30002

$end_crit
[1] 1

$cpu_time
elapsed 
 709.52 

$Refset
$Refset$x
           [,1]        [,2]        [,3]      [,4]       [,5]      [,6]       [,7]       [,8]      [,9]    [,10]
 [1,]  50.68079 309.2150238   0.8068660 25.018640 286.644996  46.48192 26.9070710   3.016687  3.673025 4.143569
 [2,]  51.00954   0.7973971 286.6433887 27.028996   3.641067  51.00954  0.7973971 286.643389 27.028996 3.641067
 [3,] 309.64328  24.9639794  46.4897008  3.017211   4.143865 309.64328 24.9639794  46.489701  3.017211 4.143865
 [4,]  50.69372 309.0329143   0.8087498 25.014654 286.643269  46.47918 26.8984476   3.016692  3.677888 4.143790
 [5,]  50.87282 309.2903412   0.8094994 24.994686 286.645563  46.48397 26.9285407   3.016767  3.669472 4.144299
 [6,]  50.62755 309.2139235   0.8091562 25.044365 286.645359  46.48866 26.8974839   3.016897  3.696949 4.141898
 [7,]  50.78188 309.3254067   0.8062518 25.001999 286.645788  46.49367 26.8970160   3.017462  3.673068 4.144831
 [8,]  50.47243 309.4283181   0.8107887 25.020018 286.644274  46.48676 26.9629852   3.017437  3.708197 4.135110
 [9,]  77.73265 412.1587533   0.3913490 25.097617 286.239347  35.62176 29.9745667   2.448584  9.335814 2.331936
[10,]  72.23319 103.5849323   0.3278061 29.171120 286.129077  37.41876 26.8148162   3.403295  7.649227 3.394778
[11,]  50.82762 309.2931362   0.8299608 24.968276 286.653088  46.52936 26.9391669   3.002618  3.724118 4.284802
[12,]  50.96450 309.5271688   0.8305369 25.019577 286.645776  46.50723 26.9604387   3.004061  3.668954 4.259366

$Refset$f
 [1]    883.5851    883.6024    883.6024    883.6944    884.4479    884.8472    884.5000    885.6997 121234.1910   4282.1128    892.5191    892.6302

$Refset$fpen
 [1]    883.5851    883.6024    883.6024    883.6944    884.4479    884.8472    884.5000    885.6997 121234.1910   4282.1128    892.5191    892.6302

$Refset$const
          [,1]      [,2]      [,3]      [,4]     [,5]
 [1,] 21.34562 32.326975 10.981360  1.524168 2.460286
 [2,] 21.32291 11.036021  2.466349 32.358933 1.524159
 [3,] 32.35893  1.524159 21.322912 11.036021 2.466349
 [4,] 21.33677 32.322112 10.985346  1.524345 2.459297
 [5,] 21.32521 32.330528 11.005314  1.524084 2.461622
 [6,] 21.34742 32.303051 10.955635  1.524151 2.459652
 [7,] 21.32893 32.326932 10.998001  1.524114 2.459610
 [8,] 21.31182 32.291803 10.979982  1.524164 2.463027
 [9,] 15.76180 26.664186 10.902383  1.537019 3.152687
[10,] 21.52189 28.350773  6.828880  1.568641 2.677085
[11,] 21.24416 32.275882 11.031724  1.523374 2.463332
[12,] 21.35062 32.331046 10.980423  1.524038 2.462732

$Refset$penalty
 [1] 0 0 0 0 0 0 0 0 0 0 0 0


