$f
 [1] 497.7361 221.1163 186.3490 180.4340 170.4705 169.0156 168.5017 168.2083 165.2604 160.1198 158.9358 158.5729 156.0139 154.9097 153.6806 150.9340 150.3403 150.0243 149.9462 149.7361 149.1528
[22] 146.4531 143.5278 142.2587 141.2934 138.0625 134.9080 131.0816 123.5538

$x
          [,1]     [,2]      [,3]     [,4]     [,5]     [,6]     [,7]     [,8]     [,9]    [,10]
xbest 36.16259 291.0940 0.8290460 24.63625 285.7069 45.91033 39.01277 3.596974 6.856662 3.810759
xbest 48.86939 315.3471 1.0000000 20.73880 284.0000 41.05957 24.27838 2.092454 6.978319 4.698015
xbest 48.86939 315.3471 0.8675594 20.73880 284.0000 41.05957 24.92838 2.092454 7.023820 4.978387
xbest 47.77279 331.4211 0.9529561 19.76364 284.1519 41.40105 24.81408 2.085652 7.399624 3.356466
xbest 47.78955 336.7133 0.9296496 19.75810 284.0466 41.40199 24.97413 2.086729 7.235527 3.227030
xbest 47.76011 336.7407 0.9429863 19.76036 284.0646 41.40134 24.88453 2.086398 7.299671 3.400223
xbest 47.76011 336.8970 0.8754863 19.76036 284.0646 41.40134 24.88453 2.086398 7.299671 3.400223
xbest 48.95372 337.3140 0.9942625 19.84673 284.0086 41.10057 24.64650 2.120778 7.095257 4.999066
xbest 48.95372 337.1577 0.9942625 19.84673 284.0086 41.10057 24.97150 2.120778 7.095257 4.999066
xbest 50.95146 336.8687 0.9774560 19.73629 285.4103 42.72034 24.75996 2.050177 7.243712 4.794131
xbest 51.84185 338.1480 0.9780024 19.77963 285.4428 42.79601 24.82527 2.052688 6.964497 4.845238
xbest 51.84185 338.1480 1.0000000 19.77963 285.4428 42.79601 24.82527 2.052688 6.964497 4.845238
xbest 52.01188 339.7775 0.8993640 19.76793 285.4256 42.72740 24.86986 2.059469 6.866180 4.663432
xbest 51.98844 339.7775 0.8993640 19.76793 285.4256 42.72740 24.86986 2.053219 6.866180 4.663432
xbest 51.73319 338.7498 0.9743444 19.80268 285.5192 43.12445 24.26453 2.037031 6.946431 4.791138
xbest 51.73319 338.7498 0.9293444 19.80268 285.5192 43.16398 24.00000 2.037031 6.946431 4.838638
xbest 51.79294 338.0178 0.9784212 19.72633 285.7878 43.19590 25.93328 2.157468 6.980499 4.834388
xbest 51.79082 337.7859 0.9806416 19.73395 285.7913 43.19789 25.93963 2.157482 6.983537 4.834703
xbest 51.79082 337.7859 0.9550000 19.73395 285.7913 43.19789 25.93963 2.157482 6.983537 4.834703
xbest 51.51650 344.3790 0.9708136 19.61881 285.8753 43.26716 25.69291 2.161364 6.946277 4.854842
xbest 51.53994 344.3790 0.9709893 19.61881 285.8753 43.27028 25.69291 2.161364 6.946277 4.854842
xbest 50.56374 389.5196 0.9900099 20.26586 285.7643 43.10227 26.46156 2.000000 5.475075 4.898177
xbest 52.16405 425.4746 0.9038874 22.14255 285.8235 42.98047 26.98994 2.040361 2.937882 4.859917
xbest 52.25949 430.5835 0.9017625 21.91986 285.8151 42.98925 26.93748 2.032184 2.683203 4.724436
xbest 52.24777 430.7397 0.8567625 21.91986 285.8151 42.98925 26.93748 2.032184 2.683203 4.724436
xbest 50.66647 386.6802 0.9818324 21.87376 285.6846 42.89445 27.25987 2.020997 4.355036 4.893576
xbest 50.51510 406.2131 0.9891521 22.74301 285.6873 42.74825 28.08413 2.024160 3.259985 4.892382
xbest 50.51510 406.2131 0.9891521 22.55551 285.6873 42.74825 28.08413 2.024160 3.259985 4.892382
xbest 50.29725 409.0082 0.9970133 22.55551 285.6873 42.74825 28.08413 2.024160 3.331181 4.892382

$time
elapsed elapsed elapsed elapsed elapsed elapsed elapsed elapsed elapsed elapsed elapsed elapsed elapsed elapsed elapsed elapsed elapsed elapsed elapsed elapsed elapsed elapsed elapsed elapsed elapsed 
   1.91    5.25    7.92   26.27   29.31   35.06   40.08  167.16  168.89  222.71  258.96  260.63  282.60  290.64  337.38  339.60  364.41  370.81  372.33  423.85  425.67  428.77  431.81  456.78  458.75 
elapsed elapsed elapsed elapsed 
 462.02  473.66  490.38  676.53 

$neval
 [1]   106   255   378  1223  1361  1638  1860  7489  7573  9865 11414 11487 12575 12930 15239 15339 16426 16694 16768 18936 19024 19161 19301 20394 20478 20617 21154 21899 30082

$fbest
[1] 123.5538

$xbest
 [1]  50.2972504 409.0081576   0.9970133  22.5555149 285.6873119  42.7482529  28.0841301   2.0241602   3.3311809   4.8923818

$numeval
[1] 30082

$end_crit
[1] 1

$cpu_time
elapsed 
 676.53 

$Refset
$Refset$x
          [,1]     [,2]      [,3]     [,4]     [,5]     [,6]     [,7]     [,8]     [,9]    [,10]
 [1,] 51.54432 358.8029 0.9216220 19.64851 285.8437 43.24455 25.83946 2.162375 6.573721 4.850762
 [2,] 51.53484 358.6358 0.9209278 19.64394 285.8448 43.24655 25.82118 2.162371 6.581157 4.851128
 [3,] 51.55200 358.3504 0.9136145 19.63668 285.8449 43.24677 25.82052 2.162490 6.591430 4.848663
 [4,] 51.55156 358.3559 0.9182268 19.63826 285.8451 43.24669 25.81937 2.162454 6.590126 4.849431
 [5,] 51.55129 358.4218 0.9212571 19.63753 285.8449 43.24679 25.81975 2.162437 6.589033 4.849124
 [6,] 51.54741 358.3914 0.9201386 19.63861 285.8449 43.24599 25.82083 2.162360 6.590223 4.852530
 [7,] 51.53892 358.6143 0.9219518 19.64394 285.8446 43.24539 25.83079 2.162369 6.581510 4.851283
 [8,] 51.55013 358.3409 0.9142024 19.63801 285.8450 43.24558 25.81467 2.162465 6.591038 4.849055
 [9,] 51.53835 358.3607 0.9194658 19.58743 285.8447 43.24649 25.82813 2.162296 6.632906 4.850208
[10,] 51.52146 358.4404 0.8822732 19.54485 285.8352 43.23694 25.82067 2.156348 6.698081 4.816749
[11,] 62.05290 218.0059 0.8517062 19.56282 285.8365 35.12852 26.82007 4.228186 8.960394 4.355870
[12,] 49.27271 320.6409 0.4749240 19.57116 285.7517 44.06468 31.90317 3.232345 6.789269 4.862523

$Refset$f
 [1] 142.2622 142.2674 142.2899 142.2899 142.2899 142.2899 142.2917 142.5521 143.1944 148.6823 792.7587 299.6441

$Refset$fpen
 [1] 142.2622 142.2674 142.2899 142.2899 142.2899 142.2899 142.2917 142.5521 143.1944 148.6823 792.7587 299.6441

$Refset$const
          [,1]     [,2]     [,3]     [,4]     [,5]
 [1,] 13.07479 29.42628 16.35149 1.598564 2.280538
 [2,] 13.06279 29.41884 16.35606 1.598424 2.279725
 [3,] 13.04525 29.40857 16.36332 1.598416 2.279697
 [4,] 13.04814 29.40987 16.36174 1.598398 2.279678
 [5,] 13.04850 29.41097 16.36247 1.598415 2.279652
 [6,] 13.04839 29.40978 16.36139 1.598418 2.279738
 [7,] 13.06243 29.41849 16.35606 1.598461 2.280248
 [8,] 13.04697 29.40896 16.36199 1.598394 2.279445
 [9,] 12.95452 29.36709 16.41257 1.598449 2.280081
[10,] 12.84677 29.30192 16.45515 1.599291 2.277821
[11,] 10.60243 27.03961 16.43718 1.599771 2.735610
[12,] 12.78189 29.21073 16.42884 1.611924 2.591620

$Refset$penalty
 [1] 0 0 0 0 0 0 0 0 0 0 0 0


